日期,开盘,收盘,最高,最低,交易量(手),交易金额(元),涨跌额,涨跌幅(%),振幅(%),换手率(%)
2014-11-06,7.62,7.62,7.62,7.62,644,490000,2.33,44.05,0.00,0.09
2014-11-07,8.38,8.38,8.38,8.38,107,90000,0.76,9.97,0.00,0.01
2014-11-10,9.22,9.22,9.22,9.22,156,140000,0.84,10.02,0.00,0.02
2014-11-11,10.14,10.14,10.14,10.14,205,210000,0.92,9.98,0.00,0.03
2014-11-12,11.15,11.15,11.15,11.15,219,240000,1.01,9.96,0.00,0.03
2014-11-13,12.27,12.27,12.27,12.27,353,430000,1.12,10.04,0.00,0.05
2014-11-14,13.50,13.50,13.50,13.50,426,580000,1.23,10.02,0.00,0.06
2014-11-17,14.85,14.85,14.85,14.85,814,1210000,1.35,10.00,0.00,0.11
2014-11-18,16.34,16.34,16.34,16.34,1535,2510000,1.49,10.03,0.00,0.20
2014-11-19,17.97,17.97,17.97,17.97,1911,3430000,1.63,9.98,0.00,0.25
2014-11-20,19.77,19.77,19.77,19.77,1819,3600000,1.80,10.02,0.00,0.24
2014-11-21,21.75,21.75,21.75,21.75,2494,5430000,1.98,10.02,0.00,0.33
2014-11-24,23.93,23.93,23.93,23.93,2139,5120000,2.18,10.02,0.00,0.29
2014-11-25,26.32,26.32,26.32,26.32,3468,9130000,2.39,9.99,0.00,0.46
2014-11-26,28.95,28.95,28.95,28.95,3252,9420000,2.63,9.99,0.00,0.43
2014-11-27,31.85,31.85,31.85,31.85,2236,7120000,2.90,10.02,0.00,0.30
2014-11-28,35.04,35.04,35.04,35.04,4671,16370000,3.19,10.02,0.00,0.62
2014-12-01,38.54,38.54,38.54,38.54,3109,11980000,3.50,9.99,0.00,0.41
2014-12-02,42.39,42.39,42.39,42.39,3423,14510000,3.85,9.99,0.00,0.46
2014-12-03,46.63,46.63,46.63,46.63,2542,11850000,4.24,10.00,0.00,0.34
2014-12-05,51.29,51.29,51.29,51.29,37276,191190000,4.66,9.99,0.00,4.97
2014-12-08,56.42,56.42,56.42,56.42,89854,506960000,5.13,10.00,0.00,11.98
2014-12-09,53.21,51.08,59.00,50.78,412076,2198130000,-5.34,-9.46,14.57,54.94
2014-12-10,50.81,52.26,54.99,48.02,223294,1162970000,1.18,2.31,13.65,29.77
2014-12-11,52.90,57.49,57.49,52.28,156625,869560000,5.23,10.01,9.97,20.88
2014-12-12,61.50,53.32,62.99,52.00,282278,1632090000,-4.17,-7.25,19.12,37.64
2014-12-15,50.90,52.91,53.60,48.88,148233,757640000,-0.41,-0.77,8.85,19.76
2014-12-16,51.90,50.18,52.60,50.00,104584,532570000,-2.73,-5.16,4.91,13.94
2014-12-17,48.80,50.00,51.88,48.50,101913,512170000,-0.18,-0.36,6.74,13.59
2014-12-18,49.65,51.22,53.90,49.50,124934,648180000,1.22,2.44,8.80,16.66
2014-12-19,50.11,46.10,50.60,46.10,138795,660480000,-5.12,-10.00,8.79,18.51
2014-12-22,45.23,41.49,45.99,41.49,89300,378910000,-4.61,-10.00,9.76,11.91
2014-12-23,39.82,40.20,43.50,39.28,95817,396110000,-1.29,-3.11,10.17,12.78
2014-12-24,41.07,40.97,42.09,40.11,73004,299840000,0.77,1.92,4.93,9.73
2014-12-25,41.20,43.64,45.07,39.99,115357,493290000,2.67,6.52,12.40,15.38
2014-12-26,42.50,43.74,45.00,42.30,82958,363550000,0.10,0.23,6.19,11.06
2014-12-29,43.00,43.42,44.00,40.72,107593,455280000,-0.32,-0.73,7.50,14.35
2014-12-30,42.87,43.91,44.55,42.00,90948,397620000,0.49,1.13,5.87,12.13
2014-12-31,43.60,42.53,44.60,42.39,73488,318460000,-1.38,-3.14,5.03,9.80
2015-01-05,41.19,39.74,41.29,39.00,91675,366570000,-2.79,-6.56,5.38,12.22
2015-01-06,39.10,40.86,41.49,38.80,73974,298770000,1.12,2.82,6.77,9.86
2015-01-07,40.59,40.13,41.20,39.80,45086,180920000,-0.73,-1.79,3.43,6.01
2015-01-08,40.19,40.91,42.88,39.90,77441,322570000,0.78,1.94,7.43,10.33
2015-01-09,40.25,45.00,45.00,40.15,95656,416590000,4.09,10.00,11.86,12.75
2015-01-12,46.00,47.80,49.40,45.51,187220,888100000,2.80,6.22,8.64,24.96
2015-01-13,47.50,47.82,50.64,46.50,139579,679100000,0.02,0.04,8.66,18.61
2015-01-14,47.38,45.59,47.66,45.50,85593,397280000,-2.23,-4.66,4.52,11.41
2015-01-15,45.16,45.45,47.18,44.68,73607,336220000,-0.14,-0.31,5.48,9.81
2015-01-16,45.20,48.24,49.01,44.87,101699,481420000,2.79,6.14,9.11,13.56
2015-01-19,47.00,48.84,52.98,46.70,134619,673850000,0.60,1.24,13.02,17.95
2015-01-20,49.49,51.85,52.48,48.79,104122,528460000,3.01,6.16,7.56,13.88
2015-01-21,51.60,51.26,51.69,50.41,73817,376370000,-0.59,-1.14,2.47,9.84
2015-01-22,51.98,56.39,56.39,51.51,99684,545530000,5.13,10.01,9.52,13.29
2015-01-23,58.00,53.71,58.20,53.66,99698,546900000,-2.68,-4.75,8.05,13.29
2015-01-26,54.49,54.69,57.99,53.90,94749,527480000,0.98,1.82,7.62,12.63
2015-01-27,54.00,54.27,54.50,52.18,77641,414470000,-0.42,-0.77,4.24,10.35
2015-01-28,53.67,54.00,56.70,53.60,67880,373400000,-0.27,-0.50,5.71,9.05
2015-01-29,52.70,51.33,53.96,50.68,81117,425850000,-2.67,-4.94,6.07,10.82
2015-01-30,51.61,49.51,52.66,49.40,69717,353400000,-1.82,-3.55,6.35,9.30
2015-02-02,49.00,50.19,51.09,48.30,45717,230090000,0.68,1.37,5.64,6.10
2015-02-03,49.90,51.69,53.36,49.81,83666,434940000,1.50,2.99,7.07,11.16
2015-02-04,51.42,51.67,53.10,51.06,54340,282000000,-0.02,-0.04,3.95,7.25
2015-02-05,51.96,50.93,53.00,50.33,65657,339240000,-0.74,-1.43,5.17,8.75
2015-02-06,51.00,49.16,52.40,48.70,51505,258010000,-1.77,-3.48,7.26,6.87
2015-02-09,48.73,46.79,49.20,46.35,46893,223500000,-2.37,-4.82,5.80,6.25
2015-02-10,46.70,47.57,47.65,45.62,35722,166390000,0.78,1.67,4.34,4.76
2015-02-11,47.39,50.74,51.50,47.05,59253,295520000,3.17,6.66,9.35,7.90
2015-02-12,50.05,50.78,52.48,50.01,53940,277470000,0.04,0.08,4.87,7.19
2015-02-13,51.25,51.61,52.02,50.38,42573,217920000,0.83,1.63,3.23,5.68
2015-02-16,51.65,53.27,53.85,51.65,52108,276810000,1.66,3.22,4.26,6.95
2015-02-17,53.29,53.95,55.00,51.82,65009,346960000,0.68,1.28,5.97,8.67
2015-02-25,53.70,57.96,59.35,53.53,123116,703940000,4.01,7.43,10.79,16.42
2015-02-26,57.89,56.79,59.30,55.00,76562,439780000,-1.17,-2.02,7.42,10.21
2015-02-27,56.88,58.94,59.15,56.56,65202,377620000,2.15,3.79,4.56,8.69
2015-03-02,59.28,61.36,62.20,58.22,75279,457440000,2.42,4.11,6.75,10.04
2015-03-03,60.80,57.91,62.50,57.60,81029,485540000,-3.45,-5.62,7.99,10.80
2015-03-04,58.05,57.91,59.02,57.19,44435,257610000,0.00,0.00,3.16,5.92
2015-03-05,58.70,59.93,61.88,57.50,63724,381750000,2.02,3.49,7.56,8.50
2015-03-06,60.00,56.82,60.70,56.68,54059,312770000,-3.11,-5.19,6.71,7.21
2015-03-09,55.80,56.97,57.32,55.00,34254,192590000,0.15,0.26,4.08,4.57
2015-03-10,57.00,56.75,58.10,56.61,30526,174750000,-0.22,-0.39,2.62,4.07
2015-03-11,56.30,55.92,57.35,55.31,37569,211530000,-0.83,-1.46,3.59,5.01
2015-03-12,56.10,57.35,57.88,55.55,35260,199210000,1.43,2.56,4.17,4.70
2015-03-13,57.20,60.45,61.50,57.20,58723,350790000,3.10,5.41,7.50,7.83
2015-03-16,62.00,64.00,65.20,60.31,79998,502820000,3.55,5.87,8.09,10.67
2015-03-17,64.00,63.07,64.20,62.53,54785,346480000,-0.93,-1.45,2.61,7.30
2015-03-18,63.00,64.47,65.50,62.61,53126,343200000,1.40,2.22,4.58,7.08
2015-03-19,64.51,62.92,65.40,62.00,62652,396850000,-1.55,-2.40,5.27,8.35
2015-03-20,62.60,64.48,67.58,62.20,65337,424350000,1.56,2.48,8.55,8.71
2015-03-23,64.52,66.13,66.66,63.76,52724,343150000,1.65,2.56,4.50,7.03
2015-03-24,67.30,71.49,71.59,66.10,112078,769010000,5.36,8.11,8.30,14.94
2015-03-25,71.40,78.64,78.64,70.77,107453,819020000,7.15,10.00,11.01,14.33
2015-03-27,71.00,70.89,74.72,70.78,115956,835020000,-7.75,-9.86,5.01,15.46
2015-03-30,71.08,69.99,72.49,68.80,69599,486950000,-0.90,-1.27,5.21,9.28
2015-03-31,69.98,69.97,72.09,69.01,43379,306790000,-0.02,-0.03,4.40,5.78
2015-04-01,69.90,76.97,76.97,69.65,83113,620390000,7.00,10.00,10.46,11.08
2015-04-02,76.97,78.20,78.50,74.60,59774,459350000,1.23,1.60,5.07,7.97
2015-04-03,77.08,82.52,84.70,76.35,59803,479350000,4.32,5.52,10.68,7.97
2015-04-07,82.35,84.59,87.47,82.00,59050,500530000,2.07,2.51,6.63,7.87
2015-04-08,85.10,81.97,86.97,78.81,58283,481570000,-2.62,-3.10,9.65,7.77
2015-04-09,81.01,90.17,90.17,81.00,89411,773010000,8.20,10.00,11.19,11.92
2015-04-10,92.00,99.13,99.19,90.37,62913,598580000,8.96,9.94,9.78,8.39
2015-04-27,109.04,109.04,109.04,109.04,1064,11600000,9.91,10.00,0.00,0.14
2015-04-28,119.00,114.91,119.00,105.00,114321,1295520000,5.87,5.38,12.84,15.24
2015-04-29,111.00,126.40,126.40,111.00,57294,695520000,11.49,10.00,13.40,7.64
2015-04-30,132.00,135.11,139.04,132.00,38832,529200000,8.71,6.89,5.57,5.18
2015-05-04,139.69,132.64,139.90,122.00,52630,695650000,-2.47,-1.83,13.25,7.02
2015-05-05,130.90,121.61,132.00,119.68,45834,577260000,-11.03,-8.32,9.29,6.11
2015-05-06,123.00,125.57,132.17,123.00,44265,563150000,3.96,3.26,7.54,5.90
2015-05-07,123.01,122.30,127.60,120.10,32277,399970000,-3.27,-2.60,5.97,4.30
2015-05-08,125.90,129.84,131.99,123.50,43182,552410000,7.54,6.17,6.94,5.76
2015-05-11,131.00,136.03,139.89,127.00,47834,647890000,6.19,4.77,9.93,6.38
2015-05-12,135.99,134.10,142.30,133.00,50342,685400000,-1.93,-1.42,6.84,6.71
2015-05-13,132.93,144.62,147.51,129.45,66129,908250000,10.52,7.84,13.47,8.82
2015-05-14,145.14,141.84,151.10,140.00,41674,609100000,-2.78,-1.92,7.68,5.56
2015-05-15,138.77,138.27,142.53,135.20,30250,421600000,-3.57,-2.52,5.17,4.03
2015-05-18,137.00,138.63,143.48,135.33,36440,508280000,0.36,0.26,5.89,4.86
2015-05-19,145.00,152.49,152.49,143.62,35061,522200000,13.86,10.00,6.40,4.67
2015-05-20,159.89,153.89,167.74,153.00,66935,1083050000,1.40,0.92,9.67,8.92
2015-05-21,154.50,154.43,159.81,149.00,47389,724130000,0.54,0.35,7.02,6.32
2015-05-22,157.62,148.20,157.99,140.00,61881,913680000,-6.23,-4.03,11.65,8.25
2015-05-25,142.00,144.84,148.00,139.88,44606,637830000,-3.36,-2.27,5.48,5.95
2015-05-26,144.99,149.50,154.99,144.85,38733,576650000,4.66,3.22,7.00,5.16
2015-05-27,150.20,163.04,164.38,147.51,57545,897060000,13.54,9.06,11.28,7.67
2015-05-28,164.39,146.74,169.99,146.74,61377,977920000,-16.30,-10.00,14.26,8.18
2015-05-29,142.25,146.05,152.79,138.00,48268,700940000,-0.69,-0.47,10.08,6.44
2015-06-01,143.60,146.87,149.49,142.85,32451,475340000,0.82,0.56,4.55,4.33
2015-06-02,145.00,138.93,148.50,134.00,65529,919670000,-7.94,-5.41,9.87,8.74
2015-06-03,142.80,146.63,147.83,137.51,51584,736430000,7.70,5.54,7.43,6.88
2015-06-04,145.11,135.62,145.20,131.97,49328,671310000,-11.01,-7.51,9.02,6.58
2015-06-05,139.00,130.95,141.00,127.40,56968,760090000,-4.67,-3.44,10.03,7.60
2015-06-08,128.50,122.41,128.50,119.91,59095,728230000,-8.54,-6.52,6.56,7.88
2015-06-09,124.35,125.80,126.62,119.05,33483,418140000,3.47,2.84,6.19,4.46
2015-06-10,125.67,132.49,134.43,122.69,38997,507370000,6.69,5.32,9.33,5.20
2015-06-11,132.12,126.83,134.71,126.50,49819,641980000,-5.66,-4.27,6.20,6.64
2015-06-12,126.85,121.14,128.00,119.78,57388,700910000,-5.69,-4.49,6.48,7.65
2015-06-15,121.26,110.84,121.85,109.62,62200,711370000,-10.30,-8.50,10.10,8.29
2015-06-16,108.30,112.75,115.50,106.00,45635,511450000,1.91,1.72,8.57,6.08
2015-06-17,112.85,116.20,116.50,108.10,40245,455940000,3.45,3.06,7.45,5.37
2015-06-18,118.46,114.30,122.80,113.00,52891,635290000,-1.90,-1.64,8.43,7.05
2015-06-19,112.20,102.87,112.45,102.87,33376,357400000,-11.43,-10.00,8.38,4.45
2015-06-23,100.00,105.16,105.99,92.66,51425,513830000,2.29,2.23,12.96,6.86
2015-06-24,106.98,103.48,107.56,99.51,41977,434650000,-1.68,-1.60,7.66,5.60
2015-06-25,106.40,103.63,111.90,102.00,46557,495680000,0.15,0.15,9.57,6.21
2015-06-26,99.25,93.27,103.25,93.27,46747,452150000,-10.36,-10.00,9.63,6.23
2015-06-29,96.00,83.94,96.80,83.94,49554,427080000,-9.33,-10.00,13.79,6.61
2015-06-30,80.77,86.59,89.14,75.55,61445,499090000,2.65,3.16,16.19,8.19
2015-07-01,85.03,77.93,88.48,77.93,47058,396630000,-8.66,-10.00,12.18,6.27
2015-07-02,77.45,70.14,77.50,70.14,53161,386400000,-7.79,-10.00,9.44,7.09
2015-07-03,64.50,63.13,72.00,63.13,59173,385320000,-7.01,-9.99,12.65,7.89
2015-07-06,69.44,57.96,69.44,56.82,83646,511520000,-5.17,-8.19,19.99,11.15
2015-07-07,57.90,52.17,61.76,52.16,88860,493660000,-5.79,-9.99,16.56,11.85
2015-07-10,57.39,57.39,57.39,57.39,4761,27320000,5.22,10.01,0.00,0.63
2015-07-13,63.13,63.13,63.13,63.13,708,4470000,5.74,10.00,0.00,0.09
2015-07-14,69.44,69.44,69.44,69.44,969,6730000,6.31,10.00,0.00,0.13
2015-07-15,76.38,71.51,76.38,68.83,152405,1135810000,2.07,2.98,10.87,20.32
2015-07-16,71.51,78.66,78.66,68.88,101148,771740000,7.15,10.00,13.68,13.49
2015-07-17,81.00,86.52,86.53,79.00,91159,764500000,7.86,9.99,9.57,12.15
2015-07-20,84.00,88.75,92.80,83.80,89613,787210000,2.23,2.58,10.40,11.95
2015-07-21,87.00,87.51,88.88,85.26,49224,429850000,-1.24,-1.40,4.08,6.56
2015-07-22,86.07,95.28,96.26,86.02,86362,802300000,7.77,8.88,11.70,11.52
2015-07-23,95.70,96.47,97.99,93.00,60583,577650000,1.19,1.25,5.24,8.08
2015-07-24,96.90,92.11,98.80,91.45,64814,615960000,-4.36,-4.52,7.62,8.64
2015-07-27,88.78,82.90,91.55,82.90,74976,649550000,-9.21,-10.00,9.39,10.00
2015-07-28,77.00,75.04,82.90,74.61,74581,575050000,-7.86,-9.48,10.00,9.94
2015-07-29,78.00,81.13,81.87,74.26,67791,522730000,6.09,8.12,10.14,9.04
2015-07-30,81.70,80.31,86.26,78.50,65308,543420000,-0.82,-1.01,9.56,8.71
2015-07-31,77.00,74.29,79.80,73.00,55438,425490000,-6.02,-7.50,8.47,7.39
2015-08-03,72.38,66.92,73.50,66.86,46856,325350000,-7.37,-9.92,8.94,6.25
2015-08-04,68.00,73.61,73.61,67.99,51623,369360000,6.69,10.00,8.40,6.88
2015-08-05,75.17,74.73,77.88,73.10,63587,480060000,1.12,1.52,6.49,8.48
2015-08-06,71.70,74.60,76.50,71.00,42343,316290000,-0.13,-0.17,7.36,5.65
2015-08-07,76.40,78.68,80.59,75.30,65143,509350000,4.08,5.47,7.09,8.69
2015-08-10,80.00,86.28,86.55,79.00,61030,509090000,7.60,9.66,9.60,8.14
2015-08-11,85.82,84.39,87.00,83.22,58910,502100000,-1.89,-2.19,4.38,7.85
2015-08-12,83.58,82.24,85.30,82.00,43340,362540000,-2.15,-2.55,3.91,5.78
2015-08-13,82.00,83.63,84.30,78.74,50862,415180000,1.39,1.69,6.76,6.78
2015-08-14,84.26,85.51,87.40,82.40,69031,590170000,1.88,2.25,5.98,9.20
2015-08-17,83.61,83.09,84.90,82.15,36475,303460000,-2.42,-2.83,3.22,4.86
2015-08-18,83.00,74.78,84.90,74.78,63592,507000000,-8.31,-10.00,12.18,8.48
2015-08-19,73.00,77.31,77.99,69.08,50242,368690000,2.53,3.38,11.92,6.70
2015-08-20,77.00,75.34,80.58,74.10,44807,347270000,-1.97,-2.55,8.38,5.97
2015-08-21,73.00,69.08,74.38,68.99,40987,293090000,-6.26,-8.31,7.15,5.46
2015-08-24,64.51,62.17,66.00,62.17,41019,258140000,-6.91,-10.00,5.54,5.47
2015-08-25,56.30,55.95,58.09,55.95,42378,239150000,-6.22,-10.00,3.44,5.65
2015-08-26,55.60,54.94,60.00,50.50,92835,511270000,-1.01,-1.81,16.98,12.38
2015-08-27,56.71,56.05,59.49,52.40,83507,469790000,1.11,2.02,12.91,11.13
2015-08-28,57.00,61.06,61.20,55.80,69071,399060000,5.01,8.94,9.63,9.21
2015-08-31,59.50,55.07,59.96,55.03,51735,296660000,-5.99,-9.81,8.07,6.90
2015-09-01,54.00,49.56,54.01,49.56,51920,264800000,-5.51,-10.01,8.08,6.92
2015-09-02,46.01,45.85,51.97,45.80,44560,213930000,-3.71,-7.49,12.45,5.94
2015-09-07,48.37,50.43,50.44,47.63,63954,319410000,4.58,9.99,6.13,8.53
2015-09-08,49.44,53.76,54.60,48.71,51300,262290000,3.33,6.60,11.68,6.84
2015-09-09,53.76,57.17,58.10,53.01,62429,350380000,3.41,6.34,9.47,8.32
2015-09-10,55.00,55.37,57.35,54.90,34332,193060000,-1.80,-3.15,4.29,4.58
2015-09-11,55.88,56.91,58.97,55.05,48103,274910000,1.54,2.78,7.08,6.41
2015-09-14,57.35,51.22,57.98,51.22,42800,231830000,-5.69,-10.00,11.88,5.71
2015-09-15,49.50,46.43,50.75,46.20,40546,196560000,-4.79,-9.35,8.88,5.41
2015-09-16,47.10,51.07,51.07,47.00,44405,217060000,4.64,9.99,8.77,5.92
2015-09-17,51.30,55.37,56.18,50.11,83662,458940000,4.30,8.42,11.89,11.15
2015-09-18,55.01,56.10,56.50,53.45,54666,300510000,0.73,1.32,5.51,7.29
2015-09-21,54.68,59.64,60.20,54.20,45453,262430000,3.54,6.31,10.70,6.06
2015-09-22,59.59,58.55,60.58,57.74,35753,210330000,-1.09,-1.83,4.76,4.77
2015-09-23,57.80,60.54,63.26,57.40,58096,354290000,1.99,3.40,10.01,7.75
2015-09-24,60.77,61.25,61.91,59.81,37755,229550000,0.71,1.17,3.47,5.03
2015-09-25,61.00,57.20,61.25,56.50,37875,222600000,-4.05,-6.61,7.76,5.05
2015-09-28,56.85,60.32,60.40,55.45,34209,200200000,3.12,5.45,8.65,4.56
2015-09-29,58.98,59.76,61.80,58.01,33869,203690000,-0.56,-0.93,6.28,4.52
2015-09-30,60.50,58.97,60.88,58.60,21385,127520000,-0.79,-1.32,3.82,2.85
2015-10-08,62.02,64.87,64.87,60.90,33080,208560000,5.90,10.01,6.73,4.41
2015-10-09,65.20,65.93,68.70,65.20,44190,295670000,1.06,1.63,5.40,5.89
2015-10-12,66.48,67.72,71.28,65.62,72280,495070000,1.79,2.72,8.58,9.64
2015-10-13,69.68,71.05,73.20,67.80,59926,424780000,3.33,4.92,7.97,7.99
2015-10-14,70.27,68.66,71.10,68.10,43546,303410000,-2.39,-3.36,4.22,5.81
2015-10-15,68.08,72.71,74.11,67.70,53182,381860000,4.05,5.90,9.34,7.09
2015-10-16,73.06,72.89,75.33,71.43,45357,332640000,0.18,0.25,5.36,6.05
2015-10-19,72.51,70.94,75.07,69.58,57701,416960000,-1.95,-2.68,7.53,7.69
2015-10-20,70.20,72.94,73.37,69.80,48723,349250000,2.00,2.82,5.03,6.50
2015-10-21,73.10,67.82,75.50,66.50,57369,409020000,-5.12,-7.02,12.34,7.65
2015-10-22,67.52,70.52,71.22,67.51,41236,285460000,2.70,3.98,5.47,5.50
2015-10-23,70.30,74.00,76.48,69.82,57586,423430000,3.48,4.93,9.44,7.68
2015-10-26,75.10,78.26,79.89,74.00,65652,505590000,4.26,5.76,7.96,8.75
2015-10-27,77.18,78.19,78.50,73.50,44199,336580000,-0.07,-0.09,6.39,5.89
2015-10-28,77.58,75.67,80.50,74.90,54491,424210000,-2.52,-3.22,7.16,7.27
2015-10-29,77.00,76.41,78.00,74.45,35969,274370000,0.74,0.98,4.69,4.80
2015-10-30,75.00,84.05,84.05,74.50,68808,559090000,7.64,10.00,12.50,9.17
2015-11-02,80.00,89.17,92.46,79.30,104922,933850000,5.12,6.09,15.66,13.99
2015-11-03,88.99,89.09,91.24,84.62,70016,615970000,-0.08,-0.09,7.42,9.34
2015-11-04,89.55,91.82,93.49,88.60,50015,453140000,2.73,3.06,5.49,6.67
2015-11-05,90.00,88.29,91.66,88.18,51746,462940000,-3.53,-3.84,3.79,6.90
2015-11-06,85.00,92.00,93.99,85.00,106986,971240000,3.71,4.20,10.18,5.96
2015-11-09,93.00,99.81,101.00,91.07,93995,909240000,7.81,8.49,10.79,5.24
2015-11-10,99.80,99.06,101.95,95.75,62636,620570000,-0.75,-0.75,6.21,3.49
2015-11-11,99.30,105.99,108.11,98.10,72426,753120000,6.93,7.00,10.11,4.04
2015-11-12,105.78,110.14,112.25,104.00,68906,755240000,4.15,3.92,7.78,3.84
2015-11-13,108.00,99.72,110.00,99.68,70062,729990000,-10.42,-9.46,9.37,3.91
2015-11-16,97.03,102.50,103.60,97.00,51171,519770000,2.78,2.79,6.62,2.85
2015-11-17,103.50,96.62,105.38,96.30,48508,485540000,-5.88,-5.74,8.86,2.70
2015-11-18,97.66,92.02,98.50,91.00,47310,445580000,-4.60,-4.76,7.76,2.64
2015-11-19,92.99,96.48,96.60,92.10,50122,470800000,4.46,4.85,4.89,2.79
2015-11-20,96.31,102.00,103.55,96.28,58944,586760000,5.52,5.72,7.54,3.29
2015-11-23,100.01,96.52,101.88,95.84,38677,380430000,-5.48,-5.37,5.92,2.16
2015-11-24,96.55,99.24,99.46,95.00,34036,332270000,2.72,2.82,4.62,1.90
2015-11-25,99.00,101.70,102.71,98.60,43782,442790000,2.46,2.48,4.14,2.44
2015-11-26,101.19,98.07,101.19,97.31,34451,340330000,-3.63,-3.57,3.82,1.92
2015-11-27,96.09,89.71,97.00,88.28,56304,522340000,-8.36,-8.52,8.89,3.14
2015-11-30,89.70,91.05,91.38,83.70,51015,447150000,1.34,1.49,8.56,2.84
2015-12-01,89.18,88.17,90.90,87.30,37304,332740000,-2.88,-3.16,3.95,2.08
2015-12-02,88.21,84.66,89.00,81.06,38300,322940000,-3.51,-3.98,9.01,2.14
2015-12-03,84.62,87.00,88.99,84.60,38998,339810000,2.34,2.76,5.19,2.17
2015-12-04,87.15,87.18,90.00,86.60,37141,327960000,0.18,0.21,3.91,2.07
2015-12-07,87.99,90.75,91.50,86.35,41592,373570000,3.57,4.10,5.91,2.32
2015-12-08,89.99,88.23,91.96,87.91,40871,368800000,-2.52,-2.78,4.46,2.28
2015-12-09,88.00,89.43,91.30,85.71,39882,354360000,1.20,1.36,6.34,2.22
2015-12-10,88.80,87.21,90.99,85.00,42786,377940000,-2.22,-2.48,6.70,2.39
2015-12-11,86.12,87.43,88.78,86.12,24668,215810000,0.22,0.25,3.05,1.38
2015-12-14,86.99,89.24,89.40,86.23,29725,262520000,1.81,2.07,3.63,1.66
2015-12-15,89.40,90.83,92.39,89.40,29462,268670000,1.59,1.78,3.35,1.64
2015-12-16,91.79,90.59,92.87,90.45,26486,243440000,-0.24,-0.26,2.66,1.48
2015-12-17,91.80,92.99,93.06,90.84,41417,382520000,2.40,2.65,2.45,2.31
2015-12-18,93.48,94.01,97.88,93.48,59019,562880000,1.02,1.10,4.73,3.29
2015-12-21,95.00,98.93,103.00,94.20,92075,911760000,4.92,5.23,9.36,5.13
2015-12-22,98.10,98.33,102.50,96.80,73098,726650000,-0.60,-0.61,5.76,4.08
2015-12-23,98.50,93.70,98.50,93.00,52679,502810000,-4.63,-4.71,5.59,2.94
2015-12-24,93.67,94.11,94.33,91.38,33596,312420000,0.41,0.44,3.15,1.87
2015-12-25,94.30,92.37,94.49,91.30,22739,211870000,-1.74,-1.85,3.39,1.27
2015-12-28,92.70,88.33,93.50,87.90,49510,449510000,-4.04,-4.37,6.06,2.76
2015-12-29,87.52,88.38,88.78,87.17,29995,264040000,0.05,0.06,1.82,1.67
2015-12-30,88.30,89.24,90.48,87.71,36064,320980000,0.86,0.97,3.13,2.01
2015-12-31,89.31,91.17,92.69,88.01,48431,440300000,1.93,2.16,5.24,2.70
2016-01-04,91.19,82.05,91.19,82.05,41965,355910000,-9.12,-10.00,10.03,2.34
2016-01-05,74.83,75.05,80.87,73.85,105885,799170000,-7.00,-8.53,8.56,5.90
2016-01-06,75.60,74.58,76.37,70.22,78240,576410000,-0.47,-0.63,8.19,4.36
2016-01-07,72.50,67.12,72.78,67.12,13229,92010000,-7.46,-10.00,7.59,0.74
2016-01-08,68.40,66.54,69.70,62.00,65106,434450000,-0.58,-0.86,11.47,3.63
2016-01-11,64.50,60.25,64.94,59.89,79686,491460000,-6.29,-9.45,7.59,4.44
2016-01-12,60.96,61.33,61.97,58.62,50211,303930000,1.08,1.79,5.56,2.80
2016-01-13,61.85,57.00,62.97,56.86,42610,257440000,-4.33,-7.06,9.96,2.38
2016-01-14,54.98,60.28,60.95,54.21,54144,314020000,3.28,5.75,11.82,3.02
2016-01-15,59.70,58.73,61.59,58.01,42801,256820000,-1.55,-2.57,5.94,2.39
2016-01-18,57.33,61.17,61.55,57.20,44090,265170000,2.44,4.15,7.41,2.46
2016-01-19,60.56,67.29,67.29,59.52,74388,469190000,6.12,10.00,12.70,4.15
2016-01-20,66.66,67.26,71.55,66.18,76954,529340000,-0.03,-0.04,7.98,4.29
2016-01-21,66.11,63.43,68.50,63.22,59078,388690000,-3.83,-5.69,7.85,3.29
2016-01-22,64.10,64.99,65.39,62.00,41598,267150000,1.56,2.46,5.34,2.32
2016-01-25,65.31,66.48,67.69,64.52,39867,263900000,1.49,2.29,4.88,2.22
2016-01-26,65.50,60.35,65.88,60.02,48844,309820000,-6.13,-9.22,8.81,2.72
2016-01-27,60.99,62.85,63.10,56.85,59450,355990000,2.50,4.14,10.36,3.31
2016-01-28,61.85,58.66,62.50,58.50,40048,243980000,-4.19,-6.67,6.36,2.23
2016-01-29,58.11,62.52,64.00,58.11,46302,285680000,3.86,6.58,10.04,2.58
2016-02-01,62.20,62.91,64.00,61.43,41881,262190000,0.39,0.62,4.11,2.34
2016-02-02,62.91,65.55,67.00,62.91,41530,272260000,2.64,4.20,6.50,2.32
2016-02-03,64.50,65.25,65.74,63.83,33206,214710000,-0.30,-0.46,2.91,1.85
2016-02-04,66.10,66.46,68.50,66.10,40672,273760000,1.21,1.85,3.68,2.27
2016-02-05,66.58,66.02,67.50,65.71,18915,125510000,-0.44,-0.66,2.69,1.05
2016-02-15,63.57,64.91,65.52,62.99,25912,166350000,-1.11,-1.68,3.83,1.44
2016-02-16,65.30,68.60,69.19,65.20,41036,277370000,3.69,5.68,6.15,2.29
2016-02-17,68.29,69.04,69.17,66.81,43307,294540000,0.44,0.64,3.44,2.41
2016-02-18,69.89,68.05,70.49,67.80,35275,243720000,-0.99,-1.43,3.90,1.97
2016-02-19,68.04,68.50,68.91,67.10,31067,211700000,0.45,0.66,2.66,1.73
2016-02-22,69.60,68.29,70.28,67.70,48077,328740000,-0.21,-0.31,3.77,2.68
2016-02-23,68.20,66.31,68.49,65.13,43829,292640000,-1.98,-2.90,4.92,2.44
2016-02-24,66.31,65.19,67.40,63.64,56466,368220000,-1.12,-1.69,5.67,3.15
2016-02-25,65.19,58.67,65.20,58.67,69338,422940000,-6.52,-10.00,10.02,3.87
2016-02-26,59.41,58.20,59.43,56.11,47584,274900000,-0.47,-0.80,5.66,2.65
2016-02-29,58.05,52.39,59.66,52.38,62906,343930000,-5.81,-9.98,12.51,3.51
2016-03-01,52.18,53.92,54.98,51.21,48591,256490000,1.53,2.92,7.20,2.71
2016-03-02,53.30,56.16,56.55,52.68,54711,299280000,2.24,4.15,7.18,3.05
2016-03-03,56.00,56.19,58.80,55.56,51157,292190000,0.03,0.05,5.77,2.85
2016-03-04,56.00,52.90,56.49,51.50,47545,258150000,-3.29,-5.86,8.88,2.65
2016-03-07,53.90,54.57,56.14,53.50,34303,188260000,1.67,3.16,4.99,1.91
2016-03-08,54.02,55.62,55.74,51.50,44007,236800000,1.05,1.92,7.77,2.45
2016-03-09,55.00,55.94,57.30,54.00,44267,246790000,0.32,0.58,5.93,2.47
2016-03-10,56.99,54.74,58.26,54.45,42467,240660000,-1.20,-2.15,6.81,2.37
2016-03-11,53.86,54.89,55.83,53.86,30107,164930000,0.15,0.27,3.60,1.68
2016-03-14,56.10,57.54,58.46,55.50,53655,308430000,2.65,4.83,5.39,2.99
2016-03-15,57.20,56.74,58.35,56.66,38575,221580000,-0.80,-1.39,2.94,2.15
2016-03-16,57.37,55.69,57.78,55.00,32142,180810000,-1.05,-1.85,4.90,1.79
2016-03-17,56.04,59.07,59.15,55.45,68917,398110000,3.38,6.07,6.64,3.84
2016-03-18,60.00,63.00,64.10,59.68,81870,507550000,3.93,6.65,7.48,4.56
2016-03-21,64.02,67.51,67.59,64.02,82742,546490000,4.51,7.16,5.67,4.61
2016-03-22,66.80,68.51,69.90,66.01,84074,572640000,1.00,1.48,5.76,4.69
2016-03-23,66.77,68.09,68.89,66.26,72070,486450000,-0.42,-0.61,3.84,4.02
2016-03-24,67.60,68.19,70.66,67.11,78365,541910000,0.10,0.15,5.21,4.37
2016-03-25,67.58,70.05,70.51,67.58,66892,464490000,1.86,2.73,4.30,3.73
2016-03-28,70.80,67.20,71.77,67.00,61154,422820000,-2.85,-4.07,6.81,3.41
2016-03-29,66.80,64.45,67.46,63.81,52713,344360000,-2.75,-4.09,5.43,2.94
2016-03-30,65.75,68.48,68.49,65.20,54900,368110000,4.03,6.25,5.10,3.06
2016-03-31,69.39,69.14,70.66,68.51,55998,389450000,0.66,0.96,3.14,3.12
2016-04-01,68.70,68.51,68.70,66.89,40519,274160000,-0.63,-0.91,2.62,2.26
2016-04-05,69.15,70.52,70.88,68.40,46734,326360000,2.01,2.93,3.62,2.61
2016-04-06,70.00,70.07,71.12,69.60,43463,305740000,-0.45,-0.64,2.16,2.42
2016-04-07,70.97,70.40,72.78,70.34,65005,464050000,0.33,0.47,3.48,3.62
2016-04-08,69.70,68.18,69.86,67.03,53736,367410000,-2.22,-3.15,4.02,3.00
2016-04-11,69.00,69.98,71.34,69.00,45901,322300000,1.80,2.64,3.43,2.56
2016-04-12,69.90,68.53,70.98,67.71,46623,321810000,-1.45,-2.07,4.67,2.60
2016-04-13,69.03,69.98,72.00,69.03,65238,461050000,1.45,2.12,4.33,3.64
2016-04-14,71.28,71.44,72.30,70.00,42024,298110000,1.46,2.09,3.29,2.34
2016-04-15,71.70,71.12,72.68,70.70,40924,292430000,-0.32,-0.45,2.77,2.28
2016-04-18,70.50,69.45,70.87,68.83,36446,252890000,-1.67,-2.35,2.87,2.03
2016-04-19,71.20,70.04,71.84,69.70,39419,278450000,0.59,0.85,3.08,2.20
2016-04-20,70.80,68.75,72.71,66.67,76655,536940000,-1.29,-1.84,8.62,4.27
2016-04-21,68.77,69.17,70.68,68.07,48484,336050000,0.42,0.61,3.80,2.70
2016-04-22,69.00,68.28,69.39,67.05,43941,300510000,-0.89,-1.29,3.38,2.45
2016-04-25,35.25,36.13,37.48,34.60,120892,438840000,2.06,6.05,8.45,3.37
2016-04-26,35.01,34.39,35.35,33.80,143736,495770000,-1.74,-4.82,4.29,4.01
2016-04-27,34.77,34.70,34.99,33.73,102060,351720000,0.31,0.90,3.66,2.85
2016-04-28,35.30,35.52,35.78,34.45,142464,501380000,0.82,2.36,3.83,3.97
2016-04-29,35.02,35.02,35.50,34.74,85741,300880000,-0.50,-1.41,2.14,2.39
2016-05-03,35.11,36.46,36.95,34.60,162106,583400000,1.44,4.11,6.71,4.52
2016-05-04,36.20,38.96,39.93,35.96,213455,823190000,2.50,6.86,10.89,5.95
2016-05-05,38.91,39.13,39.55,38.50,134962,526370000,0.17,0.44,2.70,3.76
2016-05-06,39.60,37.26,40.68,37.00,204645,791090000,-1.87,-4.78,9.40,5.70
2016-05-09,36.88,34.96,36.90,34.55,129940,465350000,-2.30,-6.17,6.31,3.62
2016-05-10,35.10,35.35,35.71,34.78,86939,306160000,0.39,1.12,2.66,2.42
2016-05-11,35.67,33.94,35.80,33.85,93940,326430000,-1.41,-3.99,5.52,2.62
2016-05-12,33.22,34.12,34.18,32.65,75669,253400000,0.18,0.53,4.51,2.11
2016-05-13,34.00,33.12,34.69,32.84,75337,253700000,-1.00,-2.93,5.42,2.10
2016-05-16,33.10,33.98,34.00,32.82,63207,210770000,0.86,2.60,3.56,1.76
2016-05-17,34.10,33.82,34.50,33.30,74601,253360000,-0.16,-0.47,3.53,2.08
2016-05-18,33.50,32.32,33.50,31.50,79312,258300000,-1.50,-4.44,5.91,2.21
2016-05-19,32.33,32.64,33.50,32.33,67934,223930000,0.32,0.99,3.62,1.89
2016-05-20,32.40,33.22,33.29,32.14,58112,190680000,0.58,1.78,3.52,1.62
2016-05-23,33.35,34.34,34.64,33.31,86760,296980000,1.12,3.37,4.00,2.42
2016-05-24,34.82,33.95,34.99,33.64,66230,226070000,-0.39,-1.14,3.93,1.85
2016-05-25,34.20,33.98,34.81,33.68,63714,218360000,0.03,0.09,3.33,1.78
2016-05-26,33.82,34.05,34.11,32.86,72664,242730000,0.07,0.21,3.68,2.03
2016-05-27,34.20,34.42,34.95,34.20,84500,292670000,0.37,1.09,2.20,2.36
2016-05-30,33.80,34.11,34.74,33.61,60619,207360000,-0.31,-0.90,3.28,1.69
2016-05-31,34.44,37.03,37.16,34.30,153376,550580000,2.92,8.56,8.38,4.28
2016-06-01,37.10,36.77,37.77,36.50,136823,506910000,-0.26,-0.70,3.43,3.81
2016-06-02,36.50,37.33,37.50,36.50,102429,379780000,0.56,1.52,2.72,2.86
2016-06-03,37.55,37.14,37.90,36.94,102679,384030000,-0.19,-0.51,2.57,2.86
2016-06-06,37.43,37.41,38.50,37.03,91228,344410000,0.27,0.73,3.96,2.54
2016-06-07,37.46,36.94,37.56,36.46,73226,269430000,-0.47,-1.26,2.94,2.04
2016-06-08,36.99,36.89,37.19,36.30,63737,233880000,-0.05,-0.14,2.41,1.78
2016-06-13,36.06,33.87,36.59,33.81,103035,366420000,-3.02,-8.19,7.54,2.87
2016-06-14,33.85,33.84,34.50,33.40,67136,228150000,-0.03,-0.09,3.25,1.87
2016-06-15,33.53,34.89,35.50,33.31,82559,287190000,1.05,3.10,6.47,2.30
2016-06-16,34.83,34.08,35.10,33.88,88464,303780000,-0.81,-2.32,3.50,2.47
2016-06-17,34.12,34.68,35.19,34.11,65234,226340000,0.60,1.76,3.17,1.82
2016-06-20,34.75,37.49,37.77,33.91,132310,473920000,2.81,8.10,11.13,3.69
2016-06-21,39.00,36.39,39.56,36.00,190268,721520000,-1.10,-2.93,9.50,5.30
2016-06-22,36.00,37.96,38.17,35.85,129453,482130000,1.57,4.31,6.38,3.61
2016-06-23,37.53,38.80,39.19,37.35,183564,706470000,0.84,2.21,4.85,5.12
2016-06-24,39.00,39.86,40.46,37.99,287866,1142090000,1.06,2.73,6.37,8.02
2016-06-27,39.28,40.43,40.78,38.76,205282,815410000,0.57,1.43,5.07,5.72
2016-06-28,39.95,39.64,40.15,39.15,144074,571770000,-0.79,-1.95,2.47,4.02
2016-06-29,39.85,39.34,40.40,39.20,112380,446220000,-0.30,-0.76,3.03,3.13
2016-06-30,39.49,39.82,40.48,39.26,101499,405440000,0.48,1.22,3.10,2.83
2016-07-01,39.46,38.49,39.88,38.45,106481,415680000,-1.33,-3.34,3.59,2.97
2016-07-04,38.70,39.49,39.81,38.60,82136,323400000,1.00,2.60,3.14,2.29
2016-07-05,39.81,39.94,41.13,39.81,132535,535410000,0.45,1.14,3.34,3.69
2016-07-06,40.35,40.47,41.50,40.14,137306,558920000,0.53,1.33,3.41,3.83
2016-07-07,39.95,39.78,40.15,38.88,134901,533280000,-0.69,-1.71,3.14,3.76
2016-07-08,39.80,39.68,40.33,39.38,89165,355130000,-0.10,-0.25,2.39,2.49
2016-07-11,39.70,39.11,40.48,39.01,95235,379510000,-0.57,-1.44,3.70,2.65
2016-07-12,39.00,39.85,40.12,38.85,113977,448010000,0.74,1.89,3.25,3.18
2016-07-13,39.88,39.65,40.08,39.00,105164,415040000,-0.20,-0.50,2.71,2.93
2016-07-14,39.44,39.39,39.59,39.00,69873,274390000,-0.26,-0.66,1.49,1.95
2016-07-15,39.50,38.49,39.59,38.45,109978,426040000,-0.90,-2.28,2.89,3.07
2016-07-18,38.49,37.43,38.51,37.25,103496,390370000,-1.06,-2.75,3.27,2.89
2016-07-19,37.49,38.23,38.30,37.10,89854,339050000,0.80,2.14,3.21,2.50
2016-07-20,38.00,38.02,38.42,37.69,70165,267280000,-0.21,-0.55,1.91,1.96
2016-07-21,38.00,38.38,38.65,37.85,78448,300520000,0.36,0.95,2.10,2.19
2016-07-22,38.40,38.77,38.94,38.06,96009,370580000,0.39,1.02,2.29,2.68
2016-07-25,38.88,38.10,38.88,37.96,75438,289150000,-0.67,-1.73,2.37,2.10
2016-07-26,38.10,38.25,38.45,37.92,53787,205400000,0.15,0.39,1.39,1.50
2016-07-27,38.56,37.75,39.70,36.67,194323,751110000,-0.50,-1.31,7.92,5.42
2016-07-28,37.42,36.72,37.65,36.10,113725,419520000,-1.03,-2.73,4.11,3.17
2016-07-29,36.75,36.00,37.13,35.90,61475,224230000,-0.72,-1.96,3.35,1.71
2016-08-01,35.54,35.05,35.88,34.61,70406,246680000,-0.95,-2.64,3.53,1.96
2016-08-02,35.23,35.60,35.66,35.00,45632,161230000,0.55,1.57,1.88,1.27
2016-08-03,35.26,35.38,35.75,35.20,45282,160390000,-0.22,-0.62,1.54,1.26
2016-08-04,35.40,35.50,35.69,35.00,46221,163470000,0.12,0.34,1.95,1.29
2016-08-05,35.50,35.44,35.98,35.40,45543,162520000,-0.06,-0.17,1.63,1.27
2016-08-08,35.20,35.61,35.70,34.51,50534,176950000,0.17,0.48,3.36,1.41
2016-08-09,35.58,36.08,36.13,35.58,42953,154280000,0.47,1.32,1.54,1.20
2016-08-10,36.09,35.69,36.27,35.58,37731,135410000,-0.39,-1.08,1.91,1.05
2016-08-11,35.68,35.17,35.75,35.07,32136,113720000,-0.52,-1.46,1.91,0.90
2016-08-12,35.02,35.63,35.75,35.02,31924,112870000,0.46,1.31,2.08,0.89
2016-08-15,35.74,36.78,37.00,35.21,88895,322860000,1.15,3.23,5.02,2.48
2016-08-16,37.00,36.99,37.48,36.71,78633,292010000,0.21,0.57,2.09,2.19
2016-08-17,36.81,36.91,37.35,36.72,52249,193260000,-0.08,-0.22,1.70,1.46
2016-08-18,36.80,36.24,36.99,36.02,64731,236440000,-0.67,-1.82,2.63,1.80
2016-08-19,36.28,36.30,36.50,36.14,36187,131350000,0.06,0.17,0.99,1.01
2016-08-22,36.39,36.29,36.81,36.09,50264,183310000,-0.01,-0.03,1.98,1.40
2016-08-23,36.30,35.33,36.30,35.03,78359,278890000,-0.96,-2.65,3.50,2.18
2016-08-24,35.20,35.44,35.65,35.20,32882,116540000,0.11,0.31,1.27,0.92
2016-08-25,35.48,35.63,35.98,35.23,40584,144290000,0.19,0.54,2.12,1.13
2016-08-26,35.79,35.58,36.00,35.48,40324,144200000,-0.05,-0.14,1.46,1.12
2016-08-29,35.52,35.23,35.55,35.07,34616,122080000,-0.35,-0.98,1.35,0.97
2016-08-30,35.35,35.24,35.47,35.17,26853,94870000,0.01,0.03,0.85,0.75
2016-08-31,35.20,35.39,35.43,35.01,26305,92710000,0.15,0.43,1.19,0.73
2016-09-01,35.49,35.07,35.49,35.06,32015,112840000,-0.32,-0.90,1.22,0.89
2016-09-02,34.90,34.69,35.20,34.57,40535,141110000,-0.38,-1.08,1.80,1.13
2016-09-05,34.79,34.52,34.98,34.40,38168,132170000,-0.17,-0.49,1.67,1.06
2016-09-06,34.55,35.03,35.06,33.91,59378,204880000,0.51,1.48,3.33,1.66
2016-09-07,35.00,34.61,35.06,34.45,45782,159370000,-0.42,-1.20,1.74,1.28
2016-09-08,34.50,34.62,34.83,34.45,34653,120070000,0.01,0.03,1.10,0.97
2016-09-09,34.72,33.96,34.72,33.93,49437,169230000,-0.66,-1.91,2.28,1.38
2016-09-12,33.33,32.40,33.49,32.30,69975,230690000,-1.56,-4.59,3.50,1.95
2016-09-13,32.50,32.58,32.79,32.45,27548,89880000,0.18,0.56,1.05,0.77
2016-09-14,32.50,32.65,32.82,32.24,28757,93840000,0.07,0.21,1.78,0.80
2016-09-19,33.00,33.50,33.97,32.80,45492,152940000,0.85,2.60,3.58,1.27
2016-09-20,33.50,33.37,33.87,33.32,26241,87910000,-0.13,-0.39,1.64,0.73
2016-09-21,33.32,32.95,33.36,32.83,38039,125630000,-0.42,-1.26,1.59,1.06
2016-09-22,33.10,32.68,33.31,32.60,57841,189640000,-0.27,-0.82,2.15,1.61
2016-09-23,32.67,32.79,33.05,32.63,30724,100960000,0.11,0.34,1.29,0.86
2016-09-26,32.60,31.97,32.63,31.91,46573,150230000,-0.82,-2.50,2.20,1.30
2016-09-27,31.80,32.09,32.24,31.48,42346,134750000,0.12,0.38,2.38,1.18
2016-09-28,32.19,31.86,32.20,31.81,20465,65360000,-0.23,-0.72,1.22,0.57
2016-09-29,31.86,31.96,32.11,31.78,20629,65880000,0.10,0.31,1.04,0.58
2016-09-30,31.99,32.19,32.20,31.85,22829,73180000,0.23,0.72,1.10,0.64
2016-10-10,32.58,33.51,33.84,32.55,83918,280130000,1.32,4.10,4.01,2.34
2016-10-11,33.52,33.60,33.96,33.50,48977,165040000,0.09,0.27,1.37,1.37
2016-10-12,33.51,33.70,33.87,33.29,39294,132170000,0.10,0.30,1.73,1.10
2016-10-13,33.68,33.55,33.75,33.40,27428,92020000,-0.15,-0.45,1.04,0.76
2016-10-14,33.54,33.19,33.54,32.97,29198,96780000,-0.36,-1.07,1.70,0.81
2016-10-17,33.25,32.88,33.37,32.82,29357,97240000,-0.31,-0.93,1.66,0.82
2016-10-18,32.91,33.30,33.36,32.81,34574,114500000,0.42,1.28,1.67,0.96
2016-10-19,33.48,33.20,33.53,33.07,23601,78470000,-0.10,-0.30,1.38,0.66
2016-10-20,33.20,33.19,33.30,33.00,24285,80550000,-0.01,-0.03,0.90,0.68
2016-10-21,33.52,33.22,33.59,32.88,30232,100440000,0.03,0.09,2.14,0.84
2016-10-24,33.16,33.32,33.59,33.10,40341,134660000,0.10,0.30,1.48,1.12
2016-10-25,33.45,33.59,33.60,33.28,41674,139450000,0.27,0.81,0.96,1.16
2016-10-26,33.47,33.40,33.56,33.16,36482,121660000,-0.19,-0.57,1.19,1.02
2016-10-27,33.36,33.12,33.36,33.00,28861,95570000,-0.28,-0.84,1.08,0.80
2016-10-28,33.07,32.98,33.30,32.95,29404,97300000,-0.14,-0.42,1.06,0.82
2016-10-31,32.81,32.39,32.88,32.21,31726,102980000,-0.59,-1.79,2.03,0.88
2016-11-01,32.24,32.59,32.60,32.24,27894,90550000,0.20,0.62,1.11,0.78
2016-11-02,32.46,32.17,32.46,32.06,34821,112410000,-0.42,-1.29,1.23,0.97
2016-11-03,32.12,32.26,32.46,31.93,46618,149690000,0.09,0.28,1.65,1.30
2016-11-04,32.23,32.58,32.59,32.17,38516,124830000,0.32,0.99,1.30,1.07
2016-11-07,32.51,32.27,32.77,32.15,26837,86650000,-0.31,-0.95,1.90,0.75
2016-11-08,32.72,32.54,32.91,32.50,33061,107890000,0.27,0.84,1.27,0.92
2016-11-09,32.55,31.90,32.70,31.75,47737,153260000,-0.64,-1.97,2.92,1.33
2016-11-10,32.19,32.16,32.30,32.07,40655,130860000,0.26,0.82,0.72,1.13
2016-11-11,32.10,31.81,32.10,31.55,74171,235420000,-0.35,-1.09,1.71,2.07
2016-11-14,31.60,32.12,32.16,31.60,65504,209260000,0.31,0.97,1.76,1.83
2016-11-15,32.18,32.24,32.25,31.81,51958,166340000,0.12,0.37,1.37,1.45
2016-11-16,32.48,32.84,33.35,32.34,93205,307340000,0.60,1.86,3.13,2.60
2016-11-17,32.87,31.48,32.87,31.38,188208,600280000,-1.36,-4.14,4.54,5.25
2016-11-18,31.48,31.64,31.75,31.43,65094,205610000,0.16,0.51,1.02,1.81
2016-11-21,31.70,31.59,31.88,31.54,44678,141510000,-0.05,-0.16,1.07,1.25
2016-11-22,31.58,31.78,31.80,31.38,61543,194160000,0.19,0.60,1.33,1.72
2016-11-23,31.80,31.74,31.97,31.53,67500,214450000,-0.04,-0.13,1.38,1.88
2016-11-24,31.74,31.42,31.75,31.40,44634,140830000,-0.32,-1.01,1.10,1.24
2016-11-25,31.28,31.27,31.35,30.57,63879,197970000,-0.15,-0.48,2.48,1.78
2016-11-28,31.30,31.12,31.37,30.91,42031,130670000,-0.15,-0.48,1.47,1.17
2016-11-29,31.00,30.69,31.00,30.64,51999,160030000,-0.43,-1.38,1.16,1.45
2016-11-30,30.88,30.96,31.25,30.75,51814,160730000,0.27,0.88,1.63,1.44
2016-12-01,31.10,30.95,31.11,30.81,36191,111810000,-0.01,-0.03,0.97,1.01
2016-12-02,30.96,30.11,31.00,30.10,50789,154910000,-0.84,-2.71,2.91,1.42
2016-12-05,30.00,29.94,30.07,29.73,34395,102870000,-0.17,-0.56,1.13,0.96
2016-12-06,29.95,30.08,30.16,29.88,25152,75460000,0.14,0.47,0.94,0.70
2016-12-07,30.02,30.01,30.03,29.76,36246,108360000,-0.07,-0.23,0.90,1.01
2016-12-08,30.20,30.09,30.30,29.99,39902,120150000,0.08,0.27,1.03,1.11
2016-12-09,29.99,29.79,30.00,29.75,27093,80900000,-0.30,-1.00,0.83,0.76
2016-12-12,29.80,28.09,29.86,28.01,66667,191880000,-1.70,-5.71,6.21,1.86
2016-12-13,28.00,27.91,28.10,27.33,43823,121630000,-0.18,-0.64,2.74,1.22
2016-12-14,27.98,27.57,27.98,27.51,25435,70480000,-0.34,-1.22,1.68,0.71
2016-12-15,27.61,27.86,28.07,27.57,27950,77790000,0.29,1.05,1.81,0.78
2016-12-16,27.73,28.10,28.28,27.56,35116,98330000,0.24,0.86,2.58,0.98
2016-12-19,28.02,27.50,28.08,27.40,42315,116800000,-0.60,-2.14,2.42,1.18
2016-12-20,27.53,27.40,27.66,27.10,29004,79270000,-0.10,-0.36,2.04,0.81
2016-12-21,27.40,27.63,27.78,27.40,28012,77440000,0.23,0.84,1.39,0.78
2016-12-22,27.63,27.92,27.94,27.54,27890,77540000,0.29,1.05,1.45,0.78
2016-12-23,27.94,27.88,28.28,27.74,40860,114420000,-0.04,-0.14,1.93,1.14
2016-12-26,27.68,27.56,27.69,27.10,36892,100790000,-0.32,-1.15,2.12,1.03
2016-12-27,27.40,27.52,27.76,27.40,21141,58420000,-0.04,-0.15,1.31,0.59
2016-12-28,27.53,27.58,27.86,27.34,25843,71370000,0.06,0.22,1.89,0.72
2016-12-29,27.60,27.79,28.05,27.48,29336,81740000,0.21,0.76,2.07,0.82
2016-12-30,27.82,27.82,27.98,27.55,25495,70670000,0.03,0.11,1.55,0.71
2017-01-03,27.86,27.97,28.12,27.85,26123,73050000,0.15,0.54,0.97,0.73
2017-01-04,27.98,27.64,27.98,27.10,76571,210210000,-0.33,-1.18,3.15,2.13
2017-01-05,27.66,27.46,27.89,27.42,41272,113780000,-0.18,-0.65,1.70,1.15
2017-01-06,27.46,26.90,27.52,26.88,53952,146700000,-0.56,-2.04,2.33,1.50
2017-01-09,26.88,26.70,26.88,26.30,53673,142600000,-0.20,-0.74,2.16,1.50
2017-01-10,26.46,25.92,26.55,25.81,162483,424790000,-0.78,-2.92,2.77,4.53
2017-01-11,25.90,24.87,25.92,24.84,132508,335200000,-1.05,-4.05,4.17,3.69
2017-01-12,24.80,24.97,25.07,24.80,58673,146420000,0.10,0.40,1.09,1.64
2017-01-13,25.00,24.27,25.07,24.25,62497,152990000,-0.70,-2.80,3.28,1.74
2017-01-16,24.10,23.14,24.15,22.33,98301,229270000,-1.13,-4.66,7.50,2.74
2017-01-17,22.99,23.70,23.85,22.70,68686,160190000,0.56,2.42,4.97,1.91
2017-01-18,23.56,23.61,23.84,23.40,36100,85380000,-0.09,-0.38,1.86,1.01
2017-01-19,23.48,23.75,24.07,23.30,52208,123880000,0.14,0.59,3.26,1.46
2017-01-20,23.65,24.27,24.50,23.62,67007,162200000,0.52,2.19,3.71,1.87
2017-01-23,24.21,24.60,24.76,24.15,47743,117120000,0.33,1.36,2.51,1.33
2017-01-24,24.65,24.93,25.70,24.65,90387,228190000,0.33,1.34,4.27,2.52
2017-01-25,24.80,24.74,24.98,24.51,29881,73940000,-0.19,-0.76,1.89,0.83
2017-01-26,24.81,24.94,25.15,24.76,25614,63810000,0.20,0.81,1.58,0.71
2017-02-03,24.90,25.02,25.28,24.83,29581,74310000,0.08,0.32,1.80,0.82
2017-02-06,24.96,25.08,25.22,24.72,31992,79910000,0.06,0.24,2.00,0.89
2017-02-07,25.06,24.89,25.18,24.78,28578,71352000,-0.19,-0.76,1.595,0.80
2017-02-08,24.90,24.93,25.02,24.45,33204,82067700,0.04,0.16,2.29,0.93
2017-02-09,25.05,25.35,25.49,24.92,54320,137155000,0.42,1.68,2.286,1.51
2017-02-10,25.40,24.95,25.40,24.91,45524,114248300,-0.40,-1.58,1.933,1.27
2017-02-13,24.94,24.91,25.26,24.78,40251,100382900,-0.04,-0.16,1.924,1.12
2017-02-14,24.84,24.82,25.09,24.78,29216,72698100,-0.09,-0.36,1.244,0.81
2017-02-15,24.90,24.31,24.91,24.30,43049,106193300,-0.51,-2.05,2.458,1.20
2017-02-16,24.20,24.38,24.42,23.91,52481,126962400,0.07,0.29,2.098,1.46
2017-02-17,24.26,24.01,24.40,23.90,33914,81873700,-0.37,-1.52,2.051,0.95
2017-02-20,24.05,24.96,25.68,24.02,107425,268373200,0.95,3.96,6.914,2.99
2017-02-21,24.91,25.18,25.30,24.82,66998,168171100,0.22,0.88,1.92,1.87
2017-02-22,25.12,25.69,25.76,25.11,84086,214165500,0.51,2.03,2.58,2.34
2017-02-23,25.69,25.47,25.97,25.38,60300,154279700,-0.22,-0.86,2.30,1.68
2017-02-24,25.47,25.52,25.80,25.43,44024,112546000,0.05,0.20,1.45,1.23
2017-02-27,25.61,25.27,26.14,25.16,63421,163004400,-0.25,-0.98,3.84,1.77
2017-02-28,25.29,25.34,25.57,25.11,34818,88215100,0.07,0.28,1.82,0.97
2017-03-01,25.33,25.41,25.52,25.20,33532,85206200,0.07,0.28,1.26,0.93
2017-03-02,25.57,25.12,25.70,25.00,48777,123421200,-0.29,-1.14,2.75,1.36
2017-03-03,25.12,25.65,25.66,25.01,65553,166773900,0.53,2.11,2.59,1.83
2017-03-06,25.85,26.57,26.66,25.84,114362,300780300,0.92,3.59,3.20,3.19
2017-03-07,26.61,27.22,27.29,26.50,135140,362385200,0.65,2.45,2.97,3.77
2017-03-08,27.21,26.78,27.21,26.60,80886,217444300,-0.44,-1.62,2.24,2.25
2017-03-09,26.78,27.40,27.45,26.28,106354,285999000,0.62,2.32,4.37,2.96
2017-03-10,27.43,27.01,28.20,27.00,136135,374513900,-0.39,-1.42,4.38,3.79
2017-03-13,26.64,27.44,27.69,26.63,98298,268271400,0.43,1.59,3.92,2.74
2017-03-14,27.64,28.03,28.18,27.45,143846,402009300,0.59,2.15,2.66,4.01
2017-03-15,27.80,27.59,27.94,27.45,83326,230680700,-0.44,-1.57,1.75,2.32
2017-03-16,27.65,27.89,28.18,27.60,73856,206206655,0.30,1.09,2.10,2.06
2017-03-17,27.86,27.92,28.45,27.80,108260,304737807,0.03,0.11,2.33,3.02
2017-03-20,27.88,27.46,28.07,27.16,87493,240913123,-0.46,-1.65,3.26,2.44
2017-03-21,27.30,27.14,27.44,27.06,57533,156511333,-0.32,-1.17,1.38,1.60
2017-03-22,26.90,27.03,27.39,26.81,54887,148380736,-0.11,-0.41,2.14,1.53
2017-03-23,27.04,27.73,28.12,27.00,126957,351250415,0.70,2.59,4.14,3.54
2017-03-24,27.76,27.62,27.85,27.25,50289,138544992,-0.11,-0.40,2.16,1.40
2017-03-27,27.90,27.70,28.13,27.58,51313,142684010,0.08,0.29,1.99,1.43
2017-03-28,27.62,27.90,28.09,27.43,64502,179458532,0.20,0.72,2.38,1.80
2017-03-29,27.91,27.30,27.99,27.28,55819,154040461,-0.60,-2.15,2.54,1.56
2017-03-30,27.21,26.20,27.29,26.00,81720,216845438,-1.10,-4.03,4.73,2.28
2017-03-31,26.20,26.31,26.61,26.10,39267,103460650,0.11,0.42,1.95,1.10
2017-04-05,26.18,28.94,28.94,26.18,230800,657024731,2.63,10.00,10.49,6.43
2017-04-06,30.19,28.43,30.19,28.34,270214,789023966,-0.51,-1.76,6.39,7.53
2017-04-07,28.76,30.09,30.47,28.30,279289,828577693,1.66,5.84,7.63,7.79
2017-04-10,29.70,30.82,31.46,29.30,318079,964099716,0.73,2.43,7.18,8.87
2017-04-11,30.48,31.23,33.30,30.26,338832,1074926916,0.41,1.33,9.86,9.45
2017-04-12,30.49,29.25,30.58,29.10,231083,686920103,-1.98,-6.34,4.74,6.44
2017-04-13,28.96,29.40,29.98,28.95,110528,327505348,0.15,0.51,3.52,3.08
2017-04-14,29.58,30.17,30.23,29.07,157037,468658858,0.77,2.62,3.95,4.38
2017-04-17,29.80,29.57,30.49,29.20,114593,340979733,-0.60,-1.99,4.28,3.19
2017-04-18,29.38,28.59,29.98,28.46,113557,331821010,-0.98,-3.31,5.14,3.17
2017-04-19,28.22,27.48,28.46,27.02,132293,365527258,-1.11,-3.88,5.04,3.69
2017-04-20,27.48,27.63,27.75,27.11,73274,201322611,0.15,0.55,2.33,2.04
2017-04-21,27.68,27.16,27.87,27.12,57366,157388907,-0.47,-1.70,2.71,1.60
2017-04-24,26.84,25.67,26.92,25.00,85481,221973281,-1.49,-5.49,7.07,2.38
2017-04-25,25.60,25.61,26.29,25.12,83651,214866591,-0.06,-0.23,4.56,2.33
2017-04-26,25.88,26.16,26.37,25.66,68591,178671268,0.55,2.15,2.77,1.91
2017-04-27,26.06,26.97,27.05,25.20,102481,266677548,0.81,3.10,7.07,2.86
2017-04-28,26.40,26.77,27.00,26.40,57923,154676691,-0.20,-0.74,2.22,1.62
2017-05-02,26.76,26.92,27.03,26.41,52512,140598202,0.15,0.56,2.32,1.46
2017-05-03,26.92,28.65,29.61,26.42,214142,613154858,1.73,6.43,11.85,5.97
2017-05-04,28.00,28.18,28.70,27.75,132619,374030564,-0.47,-1.64,3.32,3.70
2017-05-05,27.88,26.26,28.00,26.18,127283,345695586,-1.92,-6.81,6.46,3.55
2017-05-08,26.26,25.60,26.26,25.40,73570,190139022,-0.66,-2.51,3.27,2.05
2017-05-09,25.41,26.15,26.37,25.30,58250,151226745,0.55,2.15,4.18,1.62
2017-05-10,26.18,24.98,26.35,24.90,71059,182512211,-1.17,-4.47,5.54,1.98
2017-05-11,24.60,24.23,24.61,23.23,99975,239845561,-0.67,-2.69,5.54,2.79
2017-05-12,24.29,24.24,24.65,24.11,51070,124204690,0.01,0.04,2.23,1.42
2017-05-15,24.88,25.43,25.80,24.70,104427,264273770,1.19,4.91,4.54,2.91
2017-05-16,25.20,25.97,26.03,25.02,92371,235666095,0.54,2.12,3.97,2.58
2017-05-17,26.05,26.95,27.46,25.97,145220,388543546,0.98,3.77,5.74,4.05
2017-05-18,26.55,26.73,27.78,26.41,134672,364715567,-0.22,-0.82,5.08,3.75
2017-05-19,27.05,28.18,28.35,26.63,209996,580928420,1.45,5.42,6.43,5.85
2017-05-22,27.79,26.49,28.11,26.35,171644,468339782,-1.69,-6.00,6.25,4.79
2017-05-23,26.18,24.98,26.41,24.87,124732,320430826,-1.51,-5.70,5.81,3.48
2017-05-24,24.75,25.88,25.90,24.24,93018,235184943,0.90,3.60,6.65,2.59
2017-05-25,25.80,26.84,26.96,25.63,131075,346810703,0.96,3.71,5.14,3.65
2017-05-26,26.72,29.52,29.52,26.52,253950,727230016,2.68,9.99,11.18,7.08
2017-05-31,31.00,29.07,31.44,28.80,517362,1566460318,-0.45,-1.52,8.94,14.42
2017-06-01,29.24,29.27,30.30,28.31,333146,981074514,0.20,0.69,6.85,9.29
2017-06-02,28.45,29.61,29.87,27.57,295272,849489982,0.34,1.16,7.86,8.23
2017-06-05,29.60,28.86,30.55,28.75,271683,802826563,-0.75,-2.53,6.08,7.57
2017-06-06,28.30,28.06,28.58,27.60,197607,555752524,-0.80,-2.77,3.40,5.51
2017-06-07,28.09,29.19,29.45,28.09,238801,688590836,1.13,4.03,4.85,6.66
2017-06-08,29.16,29.19,30.16,28.67,265141,781293828,0.00,0.00,5.10,7.39
2017-06-09,29.21,28.82,29.28,28.20,162672,466147435,-0.37,-1.27,3.70,4.54
2017-06-12,28.60,28.08,28.78,28.04,111765,316961146,-0.74,-2.57,2.57,3.12
2017-06-13,28.14,28.72,28.98,28.14,141072,405031785,0.64,2.28,2.99,3.93
