日期,开盘,收盘,最高,最低,交易量(手),交易金额(元),涨跌额,涨跌幅(%),振幅(%),换手率(%)
2016-04-06,20.64,20.64,20.64,20.64,123,250000,6.31,44.03,0.00,0.05
2016-04-07,22.70,22.70,22.70,22.70,49,110000,2.06,9.98,0.00,0.02
2016-04-08,24.97,24.97,24.97,24.97,131,330000,2.27,10.00,0.00,0.05
2016-04-11,27.47,27.47,27.47,27.47,65,180000,2.50,10.01,0.00,0.03
2016-04-12,30.22,30.22,30.22,30.22,242,730000,2.75,10.01,0.00,0.10
2016-04-13,33.24,33.24,33.24,33.24,255,850000,3.02,9.99,0.00,0.10
2016-04-14,36.56,36.56,36.56,36.56,411,1500000,3.32,9.99,0.00,0.16
2016-04-15,40.22,40.22,40.22,40.22,995,4000000,3.66,10.01,0.00,0.40
2016-04-18,44.24,44.24,44.24,44.24,1804,7980000,4.02,10.00,0.00,0.72
2016-04-19,48.66,48.66,48.66,48.66,1509,7340000,4.42,9.99,0.00,0.60
2016-04-20,53.53,53.53,53.53,53.53,2169,11610000,4.87,10.01,0.00,0.87
2016-04-21,58.88,58.88,58.88,58.88,2319,13650000,5.35,9.99,0.00,0.93
2016-04-22,64.77,64.77,64.77,62.03,166483,1065610000,5.89,10.00,4.65,66.59
2016-04-25,61.00,60.15,63.99,58.47,93520,567440000,-4.62,-7.13,8.52,37.41
2016-04-26,59.55,61.95,63.36,59.00,80919,498050000,1.80,2.99,7.25,32.37
2016-04-27,61.24,63.00,67.60,61.01,119500,770490000,1.05,1.69,10.64,47.80
2016-04-28,61.00,59.55,61.50,58.08,78872,471090000,-3.45,-5.48,5.43,31.55
2016-04-29,58.50,57.23,59.55,57.10,55849,323100000,-2.32,-3.90,4.11,22.34
2016-05-03,56.44,57.74,58.18,55.00,57768,328020000,0.51,0.89,5.56,23.11
2016-05-04,57.20,57.36,58.10,56.80,45897,263160000,-0.38,-0.66,2.25,18.36
2016-05-05,57.10,57.80,57.99,56.56,43778,251560000,0.44,0.77,2.49,17.51
2016-05-06,58.45,55.01,58.50,55.00,54114,306850000,-2.79,-4.83,6.06,21.65
2016-05-09,53.98,50.94,53.98,50.80,38794,201320000,-4.07,-7.40,5.78,15.52
2016-05-10,50.02,52.01,52.49,50.02,30829,159520000,1.07,2.10,4.85,12.33
2016-05-11,52.40,49.61,52.44,49.50,29952,152080000,-2.40,-4.61,5.65,11.98
2016-05-12,48.50,47.89,48.50,46.00,28072,132940000,-1.72,-3.47,5.04,11.23
2016-05-13,47.50,48.38,49.41,47.20,28195,136530000,0.49,1.02,4.61,11.28
2016-05-16,48.30,48.99,49.00,47.20,21790,104930000,0.61,1.26,3.72,8.72
2016-05-17,49.06,49.52,50.90,49.04,29827,149350000,0.53,1.08,3.80,11.93
2016-05-18,48.27,45.86,48.30,45.10,31085,145410000,-3.66,-7.39,6.46,12.43
2016-05-19,45.63,45.95,47.00,45.63,19185,89010000,0.09,0.20,2.99,7.67
2016-05-20,45.00,47.42,47.48,44.51,24964,115590000,1.47,3.20,6.46,9.99
2016-05-23,48.77,49.50,50.30,47.98,37548,185160000,2.08,4.39,4.89,15.02
2016-05-24,49.00,48.18,49.09,47.66,23836,114990000,-1.32,-2.67,2.89,9.53
2016-05-25,48.88,50.34,50.56,48.70,40978,202850000,2.16,4.48,3.86,16.39
2016-05-26,49.60,51.13,51.50,48.00,41837,208380000,0.79,1.57,6.95,16.73
2016-05-27,50.75,51.18,53.23,50.57,46589,242570000,0.05,0.10,5.20,18.64
2016-05-30,50.17,51.49,52.27,49.01,32556,166050000,0.31,0.61,6.37,13.02
2016-05-31,51.16,54.20,55.00,51.16,47198,252640000,2.71,5.26,7.46,18.88
2016-06-01,54.20,54.26,55.99,54.00,49315,270770000,0.06,0.11,3.67,19.73
2016-06-02,54.26,59.69,59.69,54.20,96479,559510000,5.43,10.01,10.12,38.59
2016-06-03,60.50,59.99,60.99,58.30,85919,513430000,0.30,0.50,4.51,34.37
2016-06-06,60.90,61.80,62.60,59.50,66753,407320000,1.81,3.02,5.17,26.70
2016-06-07,61.80,64.82,66.98,60.80,75053,474350000,3.02,4.89,10.00,30.02
2016-06-08,63.50,60.11,63.50,59.80,73956,453830000,-4.71,-7.27,5.71,29.58
2016-06-13,57.50,54.10,58.10,54.10,55462,310940000,-6.01,-10.00,6.65,22.18
2016-06-14,53.46,54.75,55.50,52.40,38160,207500000,0.65,1.20,5.73,15.26
2016-06-15,53.50,57.05,58.40,53.17,46198,262320000,2.30,4.20,9.55,18.48
2016-06-16,56.62,56.46,58.28,55.68,35804,203840000,-0.59,-1.03,4.56,14.32
2016-06-17,56.85,59.41,59.90,56.85,48491,282030000,2.95,5.22,5.40,19.40
2016-06-20,60.38,61.63,63.19,59.00,60816,374270000,2.22,3.74,7.05,24.33
2016-06-21,61.98,61.12,64.45,60.33,65133,407200000,-0.51,-0.83,6.69,26.05
2016-06-22,61.00,63.75,64.32,60.10,61458,387490000,2.63,4.30,6.90,24.58
2016-06-23,63.20,62.73,64.00,61.50,47706,299430000,-1.02,-1.60,3.92,19.08
2016-06-24,62.15,61.57,63.34,58.00,54356,332390000,-1.16,-1.85,8.51,21.74
2016-06-27,60.69,66.07,67.39,60.55,64305,415870000,4.50,7.31,11.11,25.72
2016-06-28,65.36,67.80,70.08,65.02,74189,501080000,1.73,2.62,7.66,29.68
2016-06-29,68.00,70.26,70.77,65.87,77788,533570000,2.46,3.63,7.23,31.12
2016-06-30,67.20,63.89,68.60,63.50,67187,444310000,-6.37,-9.07,7.26,26.87
2016-07-01,65.00,65.68,66.99,64.43,41263,271920000,1.79,2.80,4.01,16.51
2016-07-04,66.01,72.25,72.25,65.21,73375,516600000,6.57,10.00,10.72,29.35
2016-07-05,73.99,74.46,76.00,72.20,85969,637010000,2.21,3.06,5.26,34.39
2016-07-06,73.70,73.91,73.99,70.00,56509,411370000,-0.55,-0.74,5.36,22.60
2016-07-07,74.00,75.10,76.00,71.80,53360,393310000,1.19,1.61,5.68,21.34
2016-07-08,75.10,71.96,75.20,71.85,45892,338020000,-3.14,-4.18,4.46,18.36
2016-07-11,71.98,67.27,72.50,66.10,50554,346300000,-4.69,-6.52,8.89,20.22
2016-07-12,67.06,70.84,70.96,66.10,38786,266370000,3.57,5.31,7.22,15.51
2016-07-13,71.05,70.08,73.69,69.80,39731,283630000,-0.76,-1.07,5.49,15.89
2016-07-14,69.51,71.81,72.04,69.01,31150,220430000,1.73,2.47,4.32,12.46
2016-07-15,72.65,73.37,75.00,71.86,49003,361500000,1.56,2.17,4.37,19.60
2016-07-18,72.40,70.35,72.77,70.03,32467,232000000,-3.02,-4.12,3.73,12.99
2016-07-19,70.00,72.41,72.49,69.60,28319,202130000,2.06,2.93,4.11,11.33
2016-07-20,72.47,71.26,73.43,71.21,22339,160720000,-1.15,-1.59,3.07,8.94
2016-07-21,71.30,68.10,71.79,67.77,37740,260940000,-3.16,-4.43,5.64,15.10
2016-07-22,67.94,65.85,68.53,65.01,26006,172950000,-2.25,-3.30,5.17,10.40
2016-07-25,65.11,65.84,66.76,64.30,18544,121400000,-0.01,-0.02,3.74,7.42
2016-07-26,65.50,67.28,67.50,65.26,16501,110450000,1.44,2.19,3.40,6.60
2016-07-27,67.24,61.58,67.66,61.09,31994,203420000,-5.70,-8.47,9.77,12.80
2016-07-28,61.60,62.25,62.50,60.05,20830,128070000,0.67,1.09,3.98,8.33
2016-07-29,62.25,62.56,63.67,61.20,18662,116720000,0.31,0.50,3.97,7.46
2016-08-01,61.82,60.01,61.82,57.00,16157,95880000,-2.55,-4.08,7.70,6.46
2016-08-02,59.77,65.27,65.92,59.77,26965,169790000,5.26,8.77,10.25,10.79
2016-08-03,63.00,65.80,66.93,62.08,44767,289010000,0.53,0.81,7.43,17.91
2016-08-04,65.70,64.39,65.70,63.60,25848,166500000,-1.41,-2.14,3.19,10.34
2016-08-05,64.20,63.13,65.80,63.10,21764,140150000,-1.26,-1.96,4.19,8.71
2016-08-08,62.50,63.04,63.10,60.28,16172,100010000,-0.09,-0.14,4.47,6.47
2016-08-09,63.00,63.49,63.85,62.66,16126,102200000,0.45,0.71,1.89,6.45
2016-08-10,63.29,64.47,65.66,63.00,24243,156510000,0.98,1.54,4.19,9.70
2016-08-11,64.10,62.03,64.98,61.81,17949,113660000,-2.44,-3.78,4.92,7.18
2016-08-12,62.00,62.90,63.40,61.80,14535,91110000,0.87,1.40,2.58,5.81
2016-08-15,62.91,64.80,65.60,62.52,26582,171300000,1.90,3.02,4.90,10.63
2016-08-16,65.29,65.51,66.88,64.88,29179,192900000,0.71,1.10,3.09,11.67
2016-08-17,65.47,67.41,67.99,64.71,35675,238200000,1.90,2.90,5.01,14.27
2016-08-18,68.20,66.35,68.98,66.06,32604,219210000,-1.06,-1.57,4.33,13.04
2016-08-19,66.20,66.00,66.63,65.46,18300,120840000,-0.35,-0.53,1.76,7.32
2016-08-22,66.60,64.39,66.85,64.30,17131,111650000,-1.61,-2.44,3.86,6.85
2016-08-23,64.40,64.98,65.80,64.01,13562,88170000,0.59,0.92,2.78,5.43
2016-08-24,64.76,64.78,65.67,64.60,11723,76190000,-0.20,-0.31,1.65,4.69
2016-08-25,64.15,63.61,64.15,62.58,17859,112810000,-1.17,-1.81,2.42,7.14
2016-08-26,63.35,63.17,63.90,63.00,13604,86350000,-0.44,-0.69,1.41,5.44
2016-08-29,63.05,63.15,63.44,62.57,8673,54670000,-0.02,-0.03,1.38,3.47
2016-08-30,63.50,62.74,63.70,62.66,8260,52080000,-0.41,-0.65,1.65,3.30
2016-08-31,62.96,62.49,62.96,60.07,11787,73240000,-0.25,-0.40,4.61,4.72
2016-09-01,62.50,61.56,62.97,61.52,10095,62980000,-0.93,-1.49,2.32,4.04
2016-09-02,61.35,60.89,61.99,60.51,10900,66590000,-0.67,-1.09,2.40,4.36
2016-09-05,61.33,60.95,61.80,60.71,6463,39610000,0.06,0.10,1.79,2.59
2016-09-06,61.01,62.00,62.01,59.60,13508,82260000,1.05,1.72,3.95,5.40
2016-09-07,62.00,61.34,62.44,61.13,9190,56840000,-0.66,-1.06,2.11,3.68
2016-09-08,61.34,61.23,61.49,60.68,6699,40860000,-0.11,-0.18,1.32,2.68
2016-09-09,61.20,60.55,61.30,60.15,8766,53320000,-0.68,-1.11,1.88,3.51
2016-09-12,59.45,57.95,59.45,57.85,11207,65780000,-2.60,-4.29,2.64,4.48
2016-09-13,58.18,58.37,58.75,57.97,5010,29180000,0.42,0.72,1.35,2.00
2016-09-14,58.06,58.57,59.50,57.80,5546,32570000,0.20,0.34,2.91,2.22
2016-09-19,58.81,59.22,59.49,58.60,6217,36760000,0.65,1.11,1.52,2.49
2016-09-20,59.39,58.99,59.45,58.80,5299,31290000,-0.23,-0.39,1.10,2.12
2016-09-21,58.99,59.44,59.98,58.77,7508,44690000,0.45,0.76,2.05,3.00
2016-09-22,59.69,59.22,60.20,59.20,7173,42880000,-0.22,-0.37,1.68,2.87
2016-09-23,59.31,59.19,60.30,59.10,7764,46370000,-0.03,-0.05,2.03,3.11
2016-09-26,59.00,55.65,59.00,55.08,14866,84480000,-3.54,-5.98,6.62,5.95
2016-09-27,55.60,56.12,56.18,54.73,9347,51750000,0.47,0.84,2.61,3.74
2016-09-28,56.01,55.89,56.50,55.58,5490,30740000,-0.23,-0.41,1.64,2.20
2016-09-29,56.04,55.98,56.45,55.87,5562,31210000,0.09,0.16,1.04,2.22
2016-09-30,55.77,56.09,56.27,55.63,4742,26580000,0.11,0.20,1.14,1.90
2016-10-10,56.58,58.79,58.97,56.21,12882,74530000,2.70,4.81,4.92,5.15
2016-10-11,58.80,59.29,59.37,58.50,9680,57150000,0.50,0.85,1.48,3.87
2016-10-12,58.99,60.67,61.90,58.82,17553,106780000,1.38,2.33,5.19,7.02
2016-10-13,60.35,60.36,61.00,60.05,8258,49900000,-0.31,-0.51,1.57,3.30
2016-10-14,60.39,60.79,61.39,60.20,9623,58550000,0.43,0.71,1.97,3.85
2016-10-17,61.28,59.19,61.28,58.90,10421,62520000,-1.60,-2.63,3.92,4.17
2016-10-18,59.15,61.62,61.67,59.15,18102,110150000,2.43,4.11,4.26,7.24
2016-10-19,61.60,62.88,63.28,61.60,20913,130700000,1.26,2.04,2.73,8.37
2016-10-20,62.75,62.64,63.00,61.90,13419,83790000,-0.24,-0.38,1.75,5.37
2016-10-21,62.64,65.60,65.63,62.26,28693,184130000,2.96,4.73,5.38,11.48
2016-10-24,65.76,66.10,66.29,65.00,25945,170760000,0.50,0.76,1.97,10.38
2016-10-25,65.91,65.35,66.98,65.05,20481,135280000,-0.75,-1.13,2.92,8.19
2016-10-26,67.38,66.89,68.83,66.01,32083,215270000,1.54,2.36,4.32,12.83
2016-10-27,66.56,67.12,68.50,66.48,19151,129340000,0.23,0.34,3.02,7.66
2016-10-28,67.20,68.90,70.38,66.38,37735,258710000,1.78,2.65,5.96,15.09
2016-10-31,68.50,68.90,69.50,68.06,19391,133270000,0.00,0.00,2.09,7.76
2016-11-01,68.90,71.35,72.58,68.40,35661,250790000,2.45,3.56,6.07,14.26
2016-11-02,71.54,70.49,71.77,70.20,22986,163040000,-0.86,-1.21,2.20,9.19
2016-11-03,70.49,68.80,72.50,68.50,35591,251560000,-1.69,-2.40,5.67,14.24
2016-11-04,68.89,69.32,70.30,68.20,24305,168620000,0.52,0.76,3.05,9.72
2016-11-07,69.58,70.11,71.25,69.13,23445,165150000,0.79,1.14,3.06,9.38
2016-11-08,70.25,69.53,70.36,68.52,19644,136400000,-0.58,-0.83,2.62,7.86
2016-11-09,69.78,69.72,70.50,68.16,23058,160160000,0.19,0.27,3.37,9.22
2016-11-10,70.70,72.67,74.18,70.09,35310,254420000,2.95,4.23,5.87,14.12
2016-11-11,72.66,71.97,74.49,70.94,26133,189440000,-0.70,-0.96,4.89,10.45
2016-11-14,72.00,72.28,73.38,71.21,17962,129360000,0.31,0.43,3.02,7.19
2016-11-15,72.44,70.09,72.44,69.65,20429,144120000,-2.19,-3.03,3.86,8.17
2016-11-16,70.05,68.92,70.35,68.79,15367,106890000,-1.17,-1.67,2.23,6.15
2016-11-17,68.24,67.20,68.28,66.66,18597,125080000,-1.72,-2.50,2.35,7.44
2016-11-18,68.87,70.46,72.58,68.51,32523,230270000,3.26,4.85,6.06,13.01
2016-11-21,71.00,75.04,76.60,70.60,48068,353440000,4.58,6.50,8.52,19.23
2016-11-22,76.00,74.84,76.88,73.98,42532,320490000,-0.20,-0.27,3.86,17.01
2016-11-23,74.90,75.44,76.33,74.12,32197,242850000,0.60,0.80,2.95,12.88
2016-11-24,75.15,73.93,76.27,73.77,24870,185990000,-1.51,-2.00,3.31,9.95
2016-11-25,73.66,73.69,73.95,70.00,23368,168580000,-0.24,-0.32,5.34,9.35
2016-11-28,73.00,70.17,73.38,69.80,22792,162460000,-3.52,-4.78,4.86,9.12
2016-11-29,70.60,68.81,70.97,68.69,13904,97480000,-1.36,-1.94,3.25,5.56
2016-11-30,68.83,69.07,69.51,67.90,13386,92200000,0.26,0.38,2.34,5.35
2016-12-01,69.50,69.42,70.94,68.50,17224,120060000,0.35,0.51,3.53,6.89
2016-12-02,69.38,66.29,69.38,65.72,20732,139500000,-3.13,-4.51,5.27,8.29
2016-12-05,65.40,66.68,67.17,65.16,10118,67150000,0.39,0.59,3.03,4.05
2016-12-06,66.77,66.21,67.50,66.17,9035,60440000,-0.47,-0.70,1.99,3.61
2016-12-07,66.00,67.80,67.85,66.00,10159,68080000,1.59,2.40,2.79,4.06
2016-12-08,67.80,66.18,67.90,66.10,9633,64350000,-1.62,-2.39,2.65,3.85
2016-12-09,66.10,64.83,66.40,64.62,9958,65090000,-1.35,-2.04,2.69,3.98
2016-12-12,64.60,59.99,64.89,59.86,18374,113350000,-4.84,-7.47,7.76,7.35
2016-12-13,60.25,60.67,61.45,59.50,10974,66480000,0.68,1.13,3.25,4.39
2016-12-14,60.15,60.34,61.29,59.50,7375,44620000,-0.33,-0.54,2.95,2.95
2016-12-15,60.35,62.06,62.98,60.03,12780,79010000,1.72,2.85,4.89,5.11
2016-12-16,62.20,62.65,62.70,61.87,8214,51160000,0.59,0.95,1.34,3.29
2016-12-19,62.57,61.64,62.60,61.07,5770,35630000,-1.01,-1.61,2.44,2.31
2016-12-20,61.55,62.29,62.50,61.50,7274,45240000,0.65,1.05,1.62,2.91
2016-12-21,62.59,63.24,63.43,62.02,7193,45040000,0.95,1.53,2.26,2.88
2016-12-22,63.16,62.64,63.16,62.02,6197,38680000,-0.60,-0.95,1.80,2.48
2016-12-23,62.42,61.04,62.42,60.34,13164,80260000,-1.60,-2.55,3.32,5.27
2016-12-26,60.21,61.92,62.00,59.62,6642,40390000,0.88,1.44,3.90,2.66
2016-12-27,61.90,62.14,62.40,61.55,6486,40240000,0.22,0.36,1.37,2.59
2016-12-28,62.30,62.79,63.36,62.05,8267,51630000,0.65,1.05,2.11,3.31
2016-12-29,63.30,63.61,65.00,62.16,6908,43430000,0.82,1.31,4.52,2.76
2016-12-30,64.00,63.85,64.28,63.40,5562,35470000,0.24,0.38,1.38,2.22
2017-01-03,63.50,63.21,63.85,62.58,9537,60200000,-0.64,-1.00,1.99,3.81
2017-01-04,63.88,63.67,63.88,62.81,9395,59410000,0.46,0.73,1.69,3.76
2017-01-05,63.70,62.86,63.70,62.69,5582,35140000,-0.81,-1.27,1.59,2.23
2017-01-06,62.80,61.44,63.27,60.52,10624,65290000,-1.42,-2.26,4.37,4.25
2017-01-09,62.60,60.61,62.98,60.48,7216,43830000,-0.83,-1.35,4.07,2.89
2017-01-10,61.30,58.71,61.30,58.58,11170,66880000,-1.90,-3.13,4.49,4.47
2017-01-11,58.94,55.65,58.94,55.55,17116,97130000,-3.06,-5.21,5.77,6.85
2017-01-12,55.65,55.95,56.45,55.50,8136,45580000,0.30,0.54,1.71,3.25
2017-01-13,56.10,52.63,56.10,52.56,10131,54880000,-3.32,-5.93,6.33,4.05
2017-01-16,52.00,49.73,52.00,47.48,15421,77030000,-2.90,-5.51,8.59,6.17
2017-01-17,49.08,51.89,53.00,47.90,12674,63660000,2.16,4.34,10.26,5.07
2017-01-18,51.80,51.50,51.87,50.62,7089,36200000,-0.39,-0.75,2.41,2.84
2017-01-19,51.49,50.73,51.99,49.70,8244,42040000,-0.77,-1.50,4.45,3.30
2017-01-20,50.23,51.59,52.15,49.94,8765,45210000,0.86,1.70,4.36,3.51
2017-01-23,51.70,51.97,52.29,50.68,8245,42680000,0.38,0.74,3.12,3.30
2017-01-24,51.58,51.05,51.85,50.98,4495,23050000,-0.92,-1.77,1.67,1.80
2017-01-25,50.89,51.63,51.76,50.46,5735,29440000,0.58,1.14,2.55,2.29
2017-01-26,51.80,51.84,52.25,51.08,5399,27930000,0.21,0.41,2.27,2.16
2017-02-03,51.69,50.67,51.70,50.60,5885,30010000,-1.17,-2.26,2.12,2.35
2017-02-06,50.60,52.07,52.38,50.60,8338,42940000,1.40,2.76,3.51,3.34
2017-02-07,51.97,51.23,51.98,50.90,6432,33049100,-0.84,-1.61,2.074,2.57
2017-02-08,51.01,51.91,51.96,51.01,6528,33626000,0.68,1.33,1.854,2.61
2017-02-09,51.95,53.52,53.88,51.70,14626,77517100,1.61,3.10,4.2,5.85
2017-02-10,53.49,52.72,53.49,52.42,8567,45206100,-0.80,-1.49,1.999,3.43
2017-02-13,52.50,53.21,53.65,52.20,7553,40111800,0.49,0.93,2.75,3.02
2017-02-14,53.20,53.06,53.30,52.72,5083,26917100,-0.15,-0.28,1.09,2.03
2017-02-15,53.38,52.98,53.82,52.90,8438,45010900,-0.08,-0.15,1.734,3.38
2017-02-16,52.88,52.42,52.89,52.15,5756,30159000,-0.56,-1.06,1.397,2.30
2017-02-17,52.42,50.91,52.63,50.73,7942,40864100,-1.51,-2.88,3.625,3.18
2017-02-20,50.94,50.27,51.23,49.68,7204,36151000,-0.64,-1.26,3.045,2.88
2017-02-21,50.85,50.86,51.34,50.43,8806,44876800,0.59,1.17,1.81,3.52
2017-02-22,51.00,51.11,51.30,50.72,6247,31855700,0.25,0.49,1.14,2.50
2017-02-23,51.10,51.60,51.87,50.84,6285,32261800,0.49,0.96,2.02,2.51
2017-02-24,51.42,52.28,52.30,51.31,8158,42464400,0.68,1.32,1.92,3.26
2017-02-27,52.55,53.18,53.65,52.17,14326,76003200,0.90,1.72,2.83,5.73
2017-02-28,53.45,53.44,54.06,52.80,13306,71013600,0.26,0.49,2.37,5.32
2017-03-01,53.43,53.81,54.15,52.86,9815,52651000,0.37,0.69,2.41,3.93
2017-03-02,53.90,54.47,55.01,52.50,14572,78206700,0.66,1.23,4.67,5.83
2017-03-03,54.00,54.73,55.18,53.61,11363,61934600,0.26,0.48,2.88,4.55
2017-03-06,54.73,55.45,55.66,54.47,9026,49907900,0.72,1.32,2.17,3.61
2017-03-07,55.45,56.82,58.59,55.45,20618,117983500,1.37,2.47,5.66,8.25
2017-03-08,56.83,56.51,57.45,56.30,9246,52476700,-0.31,-0.55,2.02,3.70
2017-03-09,56.42,55.01,56.51,54.55,12504,68792200,-1.50,-2.65,3.47,5.00
2017-03-10,55.01,55.57,55.68,54.60,8370,46187600,0.56,1.02,1.96,3.35
2017-03-13,55.58,59.48,60.66,55.58,27921,163388000,3.91,7.04,9.14,11.17
2017-03-14,59.61,58.85,59.80,58.14,15280,89709200,-0.63,-1.06,2.79,6.11
2017-03-15,58.41,58.84,60.50,57.80,12502,73863300,-0.01,-0.02,4.59,5.00
2017-03-16,58.48,59.34,59.79,58.48,10946,64831262,0.50,0.85,2.23,4.38
2017-03-17,59.07,57.63,59.38,57.54,12632,73777048,-1.71,-2.88,3.10,5.05
2017-03-20,57.30,58.06,58.33,57.00,7764,44610915,0.43,0.75,2.31,3.11
2017-03-21,57.88,58.16,58.70,57.76,6790,39479017,0.10,0.17,1.62,2.72
2017-03-22,57.98,58.05,58.50,56.80,8922,51187729,-0.11,-0.19,2.92,3.57
2017-03-23,58.00,59.33,60.68,57.61,23956,142159405,1.28,2.20,5.29,9.58
2017-03-24,59.32,59.33,60.00,58.21,9211,54305543,0.00,0.00,3.02,3.69
2017-03-27,59.08,59.05,59.39,58.48,8074,47587786,-0.28,-0.47,1.53,3.23
2017-03-28,59.05,58.73,59.70,57.50,9389,54856489,-0.32,-0.54,3.73,3.76
2017-03-29,58.20,54.72,58.52,54.24,19430,108932726,-4.01,-6.83,7.29,7.77
2017-03-30,54.98,53.00,54.98,52.92,10543,56432360,-1.72,-3.14,3.76,4.22
2017-03-31,53.48,52.90,53.87,52.54,6176,32898863,-0.10,-0.19,2.51,2.47
2017-04-05,52.59,53.15,53.50,50.70,11753,61580283,0.25,0.47,5.29,4.70
2017-04-06,53.15,53.65,54.28,52.62,6594,35419467,0.50,0.94,3.12,2.64
2017-04-07,54.00,53.11,54.17,52.88,7959,42520538,-0.54,-1.01,2.40,3.18
2017-04-10,53.02,50.81,53.10,49.00,10875,55469938,-2.30,-4.33,7.72,4.35
2017-04-11,50.51,51.54,51.60,50.00,8583,43614246,0.73,1.44,3.15,3.43
2017-04-12,51.30,50.18,51.30,50.03,6329,31950540,-1.36,-2.64,2.46,2.53
2017-04-13,50.10,50.31,50.95,50.00,3621,18284831,0.13,0.26,1.89,1.45
2017-04-14,50.31,50.55,50.86,50.06,3645,18402074,0.24,0.48,1.59,1.46
2017-04-17,50.37,49.16,50.37,49.01,5433,26882927,-1.39,-2.75,2.69,1.27
2017-04-18,49.24,49.75,50.40,49.24,4288,21421998,0.59,1.20,2.36,1.00
2017-04-19,49.82,50.47,50.49,49.50,5386,26963455,0.72,1.45,1.99,1.26
2017-04-20,50.59,50.01,50.78,49.25,3614,18058572,-0.46,-0.91,3.03,0.85
2017-04-21,50.08,50.50,50.89,49.80,3402,17173893,0.49,0.98,2.18,0.80
2017-04-24,50.34,49.87,50.68,49.50,3958,19773950,-0.63,-1.25,2.34,0.93
2017-04-25,50.37,50.09,50.50,49.50,3850,19292463,0.22,0.44,2.01,0.90
2017-04-26,50.20,50.12,50.24,49.09,5715,28441812,0.03,0.06,2.30,1.34
2017-04-28,55.01,55.13,55.13,54.08,16239,89251034,5.01,10.00,2.09,3.80
2017-05-02,56.00,56.75,57.61,55.30,23245,131749610,1.62,2.94,4.19,5.44
2017-05-03,56.21,56.48,57.26,55.74,13942,78659494,-0.27,-0.48,2.68,3.27
2017-05-04,56.02,54.94,56.40,54.77,10676,59546453,-1.54,-2.73,2.89,2.50
2017-05-05,54.95,55.87,56.74,54.87,11728,65578619,0.93,1.69,3.40,2.75
2017-05-08,55.62,54.89,56.15,54.80,7750,43014595,-0.98,-1.75,2.42,1.81
2017-05-09,54.70,55.80,55.85,54.00,8675,47951076,0.91,1.66,3.37,2.03
2017-05-10,56.00,55.17,56.38,55.10,9251,51588512,-0.63,-1.13,2.29,2.17
2017-05-11,54.50,55.93,55.95,53.70,8564,46892972,0.76,1.38,4.08,2.01
2017-05-12,55.94,56.28,56.31,55.50,8123,45444694,0.35,0.63,1.45,1.90
2017-05-15,56.32,56.26,56.90,55.89,6293,35416151,-0.02,-0.04,1.79,1.47
2017-05-16,56.00,57.19,57.30,55.18,9727,54926043,0.93,1.65,3.77,2.28
2017-05-17,57.18,55.73,57.56,53.00,11795,66792182,-1.46,-2.55,7.97,2.76
2017-05-18,54.62,56.12,56.29,54.50,6089,33940767,0.39,0.70,3.21,1.43
2017-05-19,56.11,56.90,57.54,55.80,10546,60221445,0.78,1.39,3.10,2.47
2017-05-22,57.38,54.67,57.38,54.60,9705,54254301,-2.23,-3.92,4.89,2.27
2017-05-23,54.55,52.66,55.45,52.39,7383,39815792,-2.01,-3.68,5.60,1.73
2017-05-24,52.00,53.38,53.44,51.92,5945,31438360,0.72,1.37,2.89,1.39
2017-05-25,53.39,53.43,53.90,52.01,5695,30317210,0.05,0.09,3.54,1.33
2017-05-26,53.45,53.95,54.37,53.40,4066,21880080,0.52,0.97,1.82,0.95
2017-05-31,55.40,56.67,59.35,55.40,17002,97321606,2.72,5.04,7.32,3.98
2017-06-01,56.12,54.68,57.15,54.45,9415,52629488,-1.99,-3.51,4.76,2.21
2017-06-02,54.08,55.82,56.13,53.01,8291,45282911,1.14,2.08,5.71,1.94
2017-06-05,56.20,57.11,57.30,56.02,8683,49325312,1.29,2.31,2.29,2.03
2017-06-06,57.00,57.16,57.19,56.30,5341,30326201,0.05,0.09,1.56,1.25
2017-06-07,56.99,58.75,58.97,56.99,17363,101252931,1.59,2.78,3.46,4.07
2017-06-08,60.00,59.44,61.70,59.34,20562,124437786,0.69,1.17,4.02,4.82
2017-06-09,59.30,59.75,60.20,58.50,11288,66899152,0.31,0.52,2.86,2.64
2017-06-12,58.80,58.43,59.40,58.05,8710,51087490,-1.32,-2.21,2.26,2.04
2017-06-13,58.25,60.24,60.71,58.21,11076,66341699,1.81,3.10,4.28,2.59
