日期,开盘,收盘,最高,最低,交易量(手),交易金额(元),涨跌额,涨跌幅(%),振幅(%),换手率(%)
2017-02-03,19.17,18.79,19.17,18.72,4682,8843900,-0.11,-0.58,,0.30
2017-02-06,18.67,18.75,18.89,18.60,8311,15552300,-0.04,-0.21,1.543,0.53
2017-02-07,18.78,18.84,19.00,18.78,6387,12067700,0.09,0.48,1.173,0.41
2017-02-08,18.78,18.91,19.00,18.71,8008,15146200,0.07,0.37,1.539,0.51
2017-02-09,18.88,19.09,19.12,18.85,9061,17215300,0.18,0.95,1.428,0.58
2017-02-10,19.10,19.10,19.48,19.08,17473,33743800,0.01,0.05,2.095,1.12
2017-02-13,18.95,18.60,18.95,18.40,19265,35818700,-0.50,-2.62,2.88,1.24
2017-02-14,18.64,18.59,18.83,18.51,14415,26940700,-0.01,-0.05,1.72,0.93
2017-02-15,18.59,18.57,18.77,18.45,9420,17507400,-0.02,-0.11,1.721,0.61
2017-02-16,18.58,18.57,18.64,18.40,6249,11606600,0.00,0.00,1.292,0.40
2017-02-17,18.13,17.84,18.35,17.78,18692,33711400,-0.73,-3.93,3.069,1.20
2017-02-20,17.68,16.95,17.70,16.95,32864,56007000,-0.89,-4.99,4.204,2.11
2017-02-21,16.70,17.17,17.38,16.70,11965,20484900,0.22,1.30,4.01,0.77
2017-02-22,17.10,17.43,17.54,17.00,15652,27042900,0.26,1.51,3.15,1.01
2017-02-23,17.41,17.55,17.78,17.33,11711,20555700,0.12,0.69,2.58,0.75
2017-02-24,17.55,17.36,17.68,17.32,16432,28581600,-0.19,-1.08,2.05,1.06
2017-02-27,17.15,17.14,17.40,17.10,17178,29580800,-0.22,-1.27,1.73,1.10
2017-02-28,17.25,17.10,17.27,17.01,18176,31061800,-0.04,-0.23,1.52,1.17
2017-03-01,17.09,17.46,17.62,17.04,16028,27875100,0.36,2.11,3.39,1.03
2017-03-02,17.46,17.90,17.97,17.46,23863,42535900,0.44,2.52,2.92,1.53
2017-03-03,17.94,17.55,18.00,17.54,18433,32664900,-0.35,-1.96,2.57,1.18
2017-03-06,17.46,17.64,17.75,17.46,18446,32525400,0.09,0.51,1.65,1.18
2017-03-07,17.60,18.16,18.33,17.56,22291,40107400,0.52,2.95,4.37,1.43
2017-03-08,18.01,18.09,18.20,17.93,10538,19010500,-0.07,-0.39,1.49,0.68
2017-03-09,18.02,18.16,18.25,18.00,12527,22738800,0.07,0.39,1.38,0.80
2017-03-10,18.15,18.79,18.83,18.13,20953,39031400,0.63,3.47,3.86,1.35
2017-03-13,18.70,18.69,19.29,18.53,17027,32247600,-0.10,-0.53,4.04,1.09
2017-03-14,18.60,18.66,18.94,18.56,13485,25248700,-0.03,-0.16,2.03,0.87
2017-03-15,18.66,18.64,18.85,18.62,7857,14692600,-0.02,-0.11,1.23,0.50
2017-03-16,18.61,18.58,18.80,18.52,15685,29218317,-0.06,-0.32,1.50,1.01
2017-03-17,18.70,18.75,18.92,18.60,13353,25100847,0.17,0.91,1.72,0.86
2017-03-20,18.60,18.67,18.90,18.60,9293,17394886,-0.08,-0.43,1.60,0.60
2017-03-21,18.62,18.77,18.83,18.60,8547,15988876,0.10,0.54,1.23,0.55
2017-03-22,18.75,18.47,18.75,18.44,13598,25291993,-0.30,-1.60,1.65,0.87
2017-03-23,18.42,18.74,18.85,18.29,16384,30477583,0.27,1.46,3.03,1.05
2017-03-24,18.70,18.67,18.80,18.64,4362,8167273,-0.07,-0.37,0.85,0.28
2017-03-27,18.60,18.66,18.72,18.49,6367,11831331,-0.01,-0.05,1.23,0.41
2017-03-28,18.66,18.53,18.66,18.10,16388,29995184,-0.13,-0.70,3.00,1.05
2017-03-29,18.41,18.37,18.49,18.19,10615,19507949,-0.16,-0.86,1.62,0.68
2017-03-30,18.34,17.87,18.60,17.61,19932,36260851,-0.50,-2.72,5.39,1.28
2017-03-31,17.89,17.77,18.09,17.65,8663,15481225,-0.10,-0.56,2.46,0.56
2017-04-05,18.66,18.31,18.66,18.22,38251,71091711,0.54,3.04,2.48,2.46
2017-04-06,18.44,18.14,18.45,18.06,17766,32306956,-0.17,-0.93,2.13,1.14
2017-04-07,18.29,18.59,18.73,18.14,22226,41186964,0.45,2.48,3.25,1.43
2017-04-10,18.77,18.87,19.18,18.30,31976,60422271,0.28,1.51,4.73,2.05
2017-04-11,18.72,18.71,18.94,18.40,17933,33420308,-0.16,-0.85,2.86,1.15
2017-04-12,19.38,18.35,19.38,18.21,26016,48348168,-0.36,-1.92,6.25,1.67
2017-04-13,18.21,18.24,18.57,18.00,14338,26180264,-0.11,-0.60,3.11,0.92
2017-04-14,18.42,18.15,18.42,18.05,8213,14902532,-0.09,-0.49,2.03,0.53
2017-04-17,18.15,17.78,18.18,17.70,16681,29845652,-0.37,-2.04,2.64,1.07
2017-04-18,17.89,17.51,17.95,17.51,11104,19698597,-0.27,-1.52,2.47,0.71
2017-04-19,17.20,17.10,17.46,16.82,17492,29856468,-0.41,-2.34,3.66,1.12
2017-04-20,17.11,16.96,17.23,16.81,5138,8717210,-0.14,-0.82,2.46,0.33
2017-04-21,16.99,17.14,17.27,16.84,3223,5516624,0.18,1.06,2.54,0.21
2017-04-24,17.00,16.38,17.12,16.28,10325,17217924,-0.76,-4.43,4.90,0.66
2017-04-25,16.31,16.57,16.60,16.30,5246,8632030,0.19,1.16,1.83,0.34
2017-04-26,16.57,16.69,16.72,16.41,3030,5042427,0.12,0.72,1.87,0.20
2017-04-27,16.61,16.68,16.78,16.15,8232,13566090,-0.01,-0.06,3.77,0.53
2017-04-28,16.70,17.09,17.18,16.56,4365,7353759,0.41,2.46,3.72,0.28
2017-05-02,17.08,17.42,17.69,16.93,7680,13356302,0.33,1.93,4.45,0.49
2017-05-03,17.21,17.30,17.55,17.11,3962,6833226,-0.12,-0.69,2.53,0.26
2017-05-04,17.20,17.33,17.42,17.14,3938,6818781,0.03,0.17,1.62,0.25
2017-05-05,17.22,17.01,17.31,16.97,4773,8170902,-0.32,-1.85,1.96,0.31
2017-05-08,16.96,16.49,17.01,16.36,6057,10143098,-0.52,-3.06,3.82,0.39
2017-05-09,16.57,15.67,16.57,15.67,14878,23501211,-0.82,-4.97,5.46,0.96
2017-05-10,15.66,15.17,15.79,15.08,10524,16165024,-0.50,-3.19,4.53,0.68
2017-05-11,15.04,14.41,15.17,14.41,21786,31652021,-0.76,-5.01,5.01,1.40
2017-05-12,14.40,14.38,14.53,13.90,11889,16884105,-0.03,-0.21,4.37,0.76
2017-05-15,14.25,14.77,14.89,14.25,8186,12031172,0.39,2.71,4.45,0.53
2017-05-16,14.56,15.00,15.05,14.56,4753,7053962,0.23,1.56,3.32,0.30
2017-05-17,15.10,15.11,15.39,14.95,6947,10535137,0.11,0.73,2.93,0.45
2017-05-18,15.00,14.93,15.16,14.80,11441,17112514,-0.18,-1.19,2.38,0.73
2017-05-19,14.76,14.82,15.08,14.76,4484,6683627,-0.11,-0.74,2.14,0.29
2017-05-22,14.70,14.13,14.96,14.08,10642,15363510,-0.69,-4.66,5.94,0.68
2017-05-23,14.17,13.43,14.17,13.42,7706,10571491,-0.70,-4.95,5.31,0.50
2017-05-24,13.25,13.51,13.57,12.77,14993,19735448,0.08,0.60,5.96,0.96
2017-05-25,13.29,13.31,13.59,12.83,11664,15273879,-0.20,-1.48,5.63,0.75
2017-05-26,13.10,13.30,13.45,13.06,4656,6191824,-0.01,-0.08,2.93,0.30
2017-05-31,13.35,13.20,13.53,13.20,5329,7106157,-0.10,-0.75,2.48,0.34
2017-06-01,13.20,12.54,13.20,12.54,9709,12428563,-0.66,-5.00,5.00,0.62
2017-06-02,12.40,12.32,12.48,11.91,8846,10758915,-0.22,-1.75,4.55,0.57
2017-06-05,12.32,12.76,12.90,12.25,6530,8252578,0.44,3.57,5.28,0.42
2017-06-06,12.76,12.89,13.10,12.58,7643,9831107,0.13,1.02,4.08,0.49
2017-06-07,12.94,13.53,13.53,12.81,8998,11974717,0.64,4.97,5.59,0.58
2017-06-08,13.64,13.61,14.05,13.44,9849,13577247,0.08,0.59,4.51,0.63
2017-06-09,13.52,13.66,13.71,13.42,4162,5663398,0.05,0.37,2.13,0.27
2017-06-12,13.35,13.18,13.63,13.15,12697,16995092,-0.48,-3.51,3.51,0.82
2017-06-13,13.20,13.43,13.46,13.02,3473,4614519,0.25,1.90,3.34,0.22
2017-06-14,13.40,13.30,13.55,13.20,4921,6554788,-0.13,-0.97,2.61,0.32
2017-06-15,13.28,13.61,13.71,13.28,6664,9021695,0.31,2.33,3.23,0.43
2017-06-16,13.61,13.54,13.70,13.35,7026,9496812,-0.07,-0.51,2.57,0.45
