日期,开盘,收盘,最高,最低,交易量(手),交易金额(元),涨跌额,涨跌幅(%),振幅(%),换手率(%)
2017-02-10,35.76,35.76,35.76,35.76,162,579300,10.93,44.02,,0.08
2017-02-13,39.34,39.34,39.34,39.34,30,118000,3.58,10.01,0,0.01
2017-02-14,43.27,43.27,43.27,43.27,95,411100,3.93,9.99,0,0.05
2017-02-15,47.60,47.60,47.60,47.60,82,390800,4.33,10.01,0,0.04
2017-02-16,52.36,52.36,52.36,52.36,300,1570400,4.76,10.00,0,0.15
2017-02-17,57.60,57.60,57.60,57.60,798,4598800,5.24,10.01,0,0.40
2017-02-20,58.80,63.36,63.36,57.78,120117,724507800,5.76,10.00,9.688,59.43
2017-02-21,60.09,63.90,68.80,60.01,104276,664792200,0.54,0.85,13.87,51.60
2017-02-22,63.90,63.98,66.00,61.37,69439,442447100,0.08,0.13,7.25,34.36
2017-02-23,63.00,66.92,68.50,62.60,88872,588705900,2.94,4.60,9.22,43.97
2017-02-24,65.82,63.53,66.50,63.40,66508,429707700,-3.39,-5.07,4.63,32.91
2017-02-27,62.00,62.06,63.59,61.20,41657,259503600,-1.47,-2.31,3.76,20.61
2017-02-28,62.45,63.39,63.52,61.61,39493,247376900,1.33,2.14,3.08,19.54
2017-03-01,63.45,62.14,64.65,62.00,42660,268524100,-1.25,-1.97,4.18,21.11
2017-03-02,61.44,62.19,62.97,61.09,37343,232293800,0.05,0.08,3.02,18.48
2017-03-03,61.56,61.41,61.61,60.57,30226,184642500,-0.78,-1.25,1.67,14.96
2017-03-06,61.47,63.83,63.88,61.32,40542,254683100,2.42,3.94,4.17,20.06
2017-03-07,63.86,65.52,66.40,63.41,55495,359635500,1.69,2.65,4.68,27.46
2017-03-08,65.51,64.99,65.55,64.11,34800,225312300,-0.53,-0.81,2.20,17.22
2017-03-09,66.41,64.50,68.00,64.41,56033,371458000,-0.49,-0.75,5.52,27.73
2017-03-10,63.78,63.05,64.39,62.52,35670,225833600,-1.45,-2.25,2.90,17.65
2017-03-13,62.03,65.74,65.99,61.72,35694,228055000,2.69,4.27,6.77,17.66
2017-03-14,65.22,65.41,67.70,64.88,41042,271225400,-0.33,-0.50,4.29,20.31
2017-03-15,65.35,68.13,68.37,64.18,51355,342501400,2.72,4.16,6.41,25.41
2017-03-16,68.08,69.32,70.80,67.46,75106,519520088,1.19,1.75,4.90,37.16
2017-03-17,68.05,66.80,69.49,66.21,50690,344060207,-2.52,-3.64,4.73,25.08
2017-03-20,66.09,68.33,68.45,66.02,32314,218288344,1.53,2.29,3.64,15.99
2017-03-21,68.45,68.99,69.39,68.06,35221,241973208,0.66,0.97,1.95,17.43
2017-03-22,68.00,69.42,70.18,67.21,43438,298079607,0.43,0.62,4.30,21.49
2017-03-23,69.20,68.41,71.90,66.00,55169,384821144,-1.01,-1.45,8.50,27.30
2017-03-24,67.73,69.91,70.44,67.31,41685,287905922,1.50,2.19,4.58,20.63
2017-03-27,69.80,70.73,71.12,68.68,39545,276212039,0.82,1.17,3.49,19.57
2017-03-28,70.25,68.04,72.13,67.22,39457,276341294,-2.69,-3.80,6.94,19.52
2017-03-29,67.60,63.03,67.92,63.00,40993,267481364,-5.01,-7.36,7.23,20.28
2017-03-30,63.00,61.63,64.30,61.05,24414,151583925,-1.40,-2.22,5.16,12.08
2017-03-31,62.00,61.81,63.00,60.68,17114,106129598,0.18,0.29,3.76,8.47
2017-04-05,60.43,61.87,62.22,58.08,21283,128986211,0.06,0.10,6.70,10.53
2017-04-06,61.24,61.64,63.08,61.04,19083,118303318,-0.23,-0.37,3.30,9.44
2017-04-07,61.65,60.16,62.00,59.92,17977,108956860,-1.48,-2.40,3.37,8.90
2017-04-10,59.15,55.05,59.85,54.51,27569,156225680,-5.11,-8.49,8.88,13.64
2017-04-11,54.79,56.15,56.23,53.53,21435,117940799,1.10,2.00,4.90,10.61
2017-04-12,55.87,54.01,55.87,53.83,16463,90192715,-2.14,-3.81,3.63,8.15
2017-04-13,53.74,54.32,55.17,53.68,10617,58005635,0.31,0.57,2.76,5.25
2017-04-14,54.39,53.21,54.39,53.13,8925,47714649,-1.11,-2.04,2.32,4.42
2017-04-17,51.73,50.08,51.73,49.72,14742,74643641,-3.13,-5.88,3.78,7.29
2017-04-18,50.30,50.36,51.18,50.11,10449,53019119,0.28,0.56,2.14,5.17
2017-04-19,50.40,51.97,52.06,49.77,15387,78893019,1.61,3.20,4.55,7.61
2017-04-20,52.00,51.68,52.36,50.58,10508,54283040,-0.29,-0.56,3.43,5.20
2017-04-21,51.68,51.74,52.50,51.51,7197,37413281,0.06,0.12,1.92,3.56
2017-04-24,51.51,52.64,53.00,50.30,14592,75920253,0.90,1.74,5.22,7.22
2017-04-25,52.65,52.44,53.90,52.15,11139,58956258,-0.20,-0.38,3.32,5.51
2017-04-26,52.10,52.24,52.98,52.00,8562,44902521,-0.20,-0.38,1.87,4.24
2017-04-27,51.88,53.52,53.80,50.00,17323,90313483,1.28,2.45,7.27,8.57
2017-04-28,54.80,56.16,58.56,54.50,30677,173704933,2.64,4.93,7.59,15.18
2017-05-02,56.30,56.25,57.05,54.53,17497,97473652,0.09,0.16,4.49,8.66
2017-05-03,55.90,56.34,56.80,55.27,11377,63747060,0.09,0.16,2.72,5.63
2017-05-04,56.24,54.96,56.41,54.55,8599,47758563,-1.38,-2.45,3.30,4.25
2017-05-05,54.78,54.28,55.38,54.18,9074,49746955,-0.68,-1.24,2.18,4.49
2017-05-08,54.31,51.16,54.41,51.10,13011,68593585,-3.12,-5.75,6.10,6.44
2017-05-09,51.27,52.20,52.30,50.53,7734,39809462,1.04,2.03,3.46,3.83
2017-05-10,52.23,50.82,52.57,50.71,7769,40241890,-1.38,-2.64,3.56,3.84
2017-05-11,50.04,51.77,51.89,49.90,8586,43571545,0.95,1.87,3.92,4.25
2017-05-12,51.90,51.84,52.07,50.90,5419,27948427,0.07,0.14,2.26,2.68
2017-05-15,51.98,51.74,52.50,51.56,5608,29104419,-0.10,-0.19,1.81,2.77
2017-05-16,51.45,53.37,53.50,51.02,8557,44600803,1.63,3.15,4.79,4.23
2017-05-17,53.28,53.43,54.47,52.97,8268,44400738,0.06,0.11,2.81,4.09
2017-05-18,52.95,52.98,53.95,52.57,6521,34652798,-0.45,-0.84,2.58,3.23
2017-05-19,53.00,52.07,53.92,51.77,8191,42978091,-0.91,-1.72,4.06,4.05
2017-05-22,51.55,48.68,51.55,48.00,10141,50993968,-2.98,-5.77,6.87,5.02
2017-05-23,48.83,45.71,48.83,45.53,11554,54155291,-2.97,-6.10,6.78,5.72
2017-05-24,45.39,46.20,46.49,44.62,5926,27148689,0.49,1.07,4.09,2.93
2017-05-25,46.10,45.95,46.46,44.70,7239,33032687,-0.25,-0.54,3.81,3.58
2017-05-26,46.00,46.38,47.18,45.80,6654,30803401,0.43,0.94,3.00,3.29
2017-05-31,48.80,46.27,48.80,45.90,9851,47057655,-0.11,-0.24,6.25,4.88
2017-06-01,46.34,43.80,46.34,43.47,8742,39291844,-2.47,-5.34,6.20,4.33
2017-06-02,43.30,44.88,45.35,43.24,7133,31683815,1.08,2.47,4.82,3.53
2017-06-05,45.90,46.19,46.75,45.50,9285,42907959,1.31,2.92,2.79,4.59
2017-06-06,46.19,46.65,46.87,45.70,4960,23024359,0.46,1.00,2.53,2.46
2017-06-07,46.80,50.18,50.20,46.50,15239,74466716,3.53,7.57,7.93,7.54
2017-06-08,50.18,49.97,50.40,49.30,10573,52583937,-0.21,-0.42,2.19,5.23
2017-06-09,49.75,49.78,50.20,49.16,4145,20627074,-0.19,-0.38,2.08,2.05
2017-06-12,48.52,48.59,49.19,47.89,8876,42883348,-1.19,-2.39,2.61,4.39
2017-06-13,48.50,50.44,50.96,48.50,7460,37375178,1.85,3.81,5.06,3.69
2017-06-14,50.14,50.46,50.80,49.94,6765,34073479,0.02,0.04,1.70,3.35
2017-06-15,50.03,51.53,51.80,50.03,7520,38611857,1.07,2.12,3.51,3.72
