日期,开盘,收盘,最高,最低,交易量(手),交易金额(元),涨跌额,涨跌幅(%),振幅(%),换手率(%)
2016-02-05,19.68,23.62,23.62,19.68,1317,3100000,7.22,44.02,24.02,0.26
2016-02-15,25.98,25.98,25.98,25.98,846,2200000,2.36,9.99,0.00,0.17
2016-02-16,28.58,28.58,28.58,28.58,283,810000,2.60,10.01,0.00,0.06
2016-02-17,31.44,31.44,31.44,31.44,606,1910000,2.86,10.01,0.00,0.12
2016-02-18,34.58,34.58,34.58,34.58,2379,8230000,3.14,9.99,0.00,0.48
2016-02-19,38.04,38.04,38.04,38.04,6833,25990000,3.46,10.01,0.00,1.37
2016-02-22,41.84,41.84,41.84,41.84,3889,16270000,3.80,9.99,0.00,0.78
2016-02-23,46.02,46.02,46.02,46.02,7741,35620000,4.18,9.99,0.00,1.55
2016-02-24,50.62,50.62,50.62,47.57,307453,1523750000,4.60,10.00,6.63,61.49
2016-02-25,52.50,55.68,55.68,50.80,316878,1705220000,5.06,10.00,9.64,63.38
2016-02-26,52.33,50.11,53.20,50.11,165739,840520000,-5.57,-10.00,5.55,33.15
2016-02-29,45.10,45.10,45.10,45.10,13508,60920000,-5.01,-10.00,0.00,2.70
2016-03-01,40.59,42.21,44.66,40.59,220849,916120000,-2.89,-6.41,9.02,44.17
2016-03-02,42.50,44.28,45.98,40.33,184715,800350000,2.07,4.90,13.39,36.94
2016-03-03,43.40,41.31,45.50,41.00,182243,788760000,-2.97,-6.71,10.16,36.45
2016-03-04,39.09,37.58,40.00,37.23,139488,540580000,-3.73,-9.03,6.71,27.90
2016-03-07,39.08,38.84,40.50,38.37,95112,373700000,1.26,3.35,5.67,19.02
2016-03-08,37.50,38.28,38.48,36.06,90375,337730000,-0.56,-1.44,6.23,18.08
2016-03-09,37.32,38.19,39.42,36.20,97704,374520000,-0.09,-0.24,8.41,19.54
2016-03-10,38.19,38.10,39.50,37.51,88507,342670000,-0.09,-0.24,5.21,17.70
2016-03-11,37.50,37.41,38.31,36.37,65380,244230000,-0.69,-1.81,5.09,13.08
2016-03-14,37.93,41.15,41.15,37.93,68676,274320000,3.74,10.00,8.61,13.74
2016-03-15,41.00,39.40,41.69,39.10,103017,415250000,-1.75,-4.25,6.29,20.60
2016-03-16,40.07,38.59,41.09,38.50,75714,300540000,-0.81,-2.06,6.57,15.14
2016-03-17,38.51,39.94,41.13,37.92,103936,410170000,1.35,3.50,8.32,20.79
2016-03-18,39.82,42.19,43.62,39.80,128850,538940000,2.25,5.63,9.56,25.77
2016-03-21,43.50,43.22,45.60,42.80,119980,526360000,1.03,2.44,6.64,24.00
2016-03-22,42.40,41.61,42.69,41.50,88036,370050000,-1.61,-3.73,2.75,17.61
2016-03-23,41.64,42.10,42.58,41.05,76687,321470000,0.49,1.18,3.68,15.34
2016-03-24,41.21,40.90,41.92,40.50,80137,328930000,-1.20,-2.85,3.37,16.03
2016-03-25,40.60,39.35,41.27,38.34,75538,299670000,-1.55,-3.79,7.16,15.11
2016-03-28,39.48,38.86,40.40,38.45,52302,206890000,-0.49,-1.25,4.96,10.46
2016-03-29,39.18,37.80,39.35,37.22,46889,178170000,-1.06,-2.73,5.48,9.38
2016-03-30,38.08,39.45,39.48,38.08,60187,233270000,1.65,4.37,3.70,12.04
2016-03-31,39.46,40.00,40.46,39.15,72113,286570000,0.55,1.39,3.32,14.42
2016-04-01,39.52,38.93,39.70,38.30,49102,191650000,-1.07,-2.68,3.50,9.82
2016-04-05,38.78,39.75,39.93,38.05,61503,239850000,0.82,2.11,4.83,12.30
2016-04-06,39.50,38.99,39.50,38.70,45436,177800000,-0.76,-1.91,2.01,9.09
2016-04-07,39.01,38.43,39.57,38.38,47392,185160000,-0.56,-1.44,3.05,9.48
2016-04-08,37.89,37.92,37.99,37.10,42027,157740000,-0.51,-1.33,2.32,8.41
2016-04-11,38.19,39.24,39.31,38.19,47482,184730000,1.32,3.48,2.95,9.50
2016-04-12,39.44,40.22,41.22,39.18,91284,368130000,0.98,2.50,5.20,18.26
2016-04-13,40.30,40.63,40.78,39.38,75390,302820000,0.41,1.02,3.48,15.08
2016-04-14,40.77,43.50,44.44,40.50,128512,541970000,2.87,7.06,9.70,25.70
2016-04-15,42.75,41.90,42.98,41.47,94540,398870000,-1.60,-3.68,3.47,18.91
2016-04-18,41.10,39.84,41.40,39.57,53429,215030000,-2.06,-4.92,4.37,10.69
2016-04-19,40.50,40.26,40.95,39.60,43376,174380000,0.42,1.05,3.39,8.68
2016-04-20,40.30,37.35,40.61,36.80,75057,286310000,-2.91,-7.23,9.46,15.01
2016-04-21,37.31,36.29,37.70,36.16,50517,187030000,-1.06,-2.84,4.12,10.10
2016-04-22,36.09,37.29,37.31,36.08,33723,123520000,1.00,2.76,3.39,6.74
2016-04-25,37.00,38.47,38.87,36.58,59188,223310000,1.18,3.16,6.14,11.84
2016-04-26,38.00,38.31,38.66,37.75,31383,119710000,-0.16,-0.42,2.37,6.28
2016-04-27,38.31,37.32,38.50,37.08,30822,116400000,-0.99,-2.58,3.71,6.16
2016-04-28,37.34,36.91,37.61,36.01,33248,121740000,-0.41,-1.10,4.29,6.65
2016-04-29,36.11,36.42,36.90,36.11,25084,91290000,-0.49,-1.33,2.14,5.02
2016-05-03,36.88,37.49,37.50,36.31,39169,144910000,1.07,2.94,3.27,7.83
2016-05-04,37.49,37.50,37.85,37.18,33542,125530000,0.01,0.03,1.79,6.71
2016-05-05,37.76,37.36,37.76,36.70,34500,128160000,-0.14,-0.37,2.83,6.90
2016-05-06,37.36,36.71,38.58,36.63,64973,244280000,-0.65,-1.74,5.22,12.99
2016-05-09,36.10,33.37,36.16,33.04,49149,168690000,-3.34,-9.10,8.50,9.83
2016-05-10,33.51,34.04,34.25,33.10,35772,120460000,0.67,2.01,3.45,7.15
2016-05-11,34.19,33.77,35.09,33.56,39705,136310000,0.03,0.09,4.53,7.94
2016-05-12,33.00,34.68,34.99,32.56,46759,159740000,0.91,2.69,7.20,9.35
2016-05-13,34.50,33.97,34.88,33.61,30308,103550000,-0.71,-2.05,3.66,6.06
2016-05-16,34.15,34.80,34.84,33.40,36044,124140000,0.83,2.44,4.24,7.21
2016-05-17,34.90,34.58,34.90,34.30,24525,84840000,-0.22,-0.63,1.72,4.91
2016-05-18,34.01,36.37,36.88,34.01,85978,304800000,1.79,5.18,8.30,17.20
2016-05-19,35.80,37.10,37.97,35.51,80424,296260000,0.73,2.01,6.76,16.08
2016-05-20,36.60,37.84,37.98,36.36,65107,243790000,0.74,1.99,4.37,13.02
2016-05-23,38.25,37.84,38.70,37.54,69765,266100000,0.00,0.00,3.07,13.95
2016-05-24,37.59,37.88,38.99,37.58,45578,174170000,0.04,0.11,3.73,9.12
2016-05-25,38.77,38.39,39.33,38.05,62426,241570000,0.51,1.35,3.38,12.49
2016-05-26,37.90,38.56,38.78,36.50,48746,184460000,0.17,0.44,5.94,9.75
2016-05-27,38.21,38.52,39.39,38.03,53544,207160000,-0.04,-0.10,3.53,10.71
2016-05-30,37.89,37.77,38.28,37.19,21790,82330000,-0.75,-1.95,2.83,4.36
2016-05-31,37.68,39.77,39.99,37.65,69838,272950000,2.00,5.30,6.20,13.97
2016-06-01,39.95,41.33,42.98,39.52,83592,347160000,1.56,3.92,8.70,16.72
2016-06-02,41.33,42.96,43.56,40.89,59299,252570000,1.63,3.94,6.46,11.86
2016-06-03,42.60,42.84,43.49,41.03,64683,274960000,-0.12,-0.28,5.73,12.94
2016-06-06,43.30,42.41,43.30,41.45,39381,167280000,-0.43,-1.00,4.32,7.88
2016-06-07,42.26,44.78,45.96,42.20,65827,289240000,2.37,5.59,8.87,13.17
2016-06-08,44.10,43.15,44.68,42.41,40509,175830000,-1.63,-3.64,5.07,8.10
2016-06-13,41.72,40.82,43.99,40.55,46909,198300000,-2.33,-5.40,7.97,9.38
2016-06-14,40.56,43.65,44.87,40.55,45186,194460000,2.83,6.93,10.58,9.04
2016-06-15,42.43,46.15,47.50,42.43,48787,221220000,2.50,5.73,11.62,9.76
2016-06-16,46.37,45.91,48.86,45.41,55420,261850000,-0.24,-0.52,7.48,11.08
2016-06-17,46.30,47.19,47.70,45.50,32193,150070000,1.28,2.79,4.79,6.44
2016-06-20,47.17,47.24,48.50,46.01,36839,174380000,0.05,0.11,5.28,7.37
2016-06-21,47.00,45.29,47.27,44.96,38014,175090000,-1.95,-4.13,4.89,7.60
2016-06-22,45.29,46.29,46.70,45.00,20819,96090000,1.00,2.21,3.75,4.16
2016-06-23,46.29,45.36,47.27,45.10,21075,96510000,-0.93,-2.01,4.69,4.22
2016-06-24,45.32,44.07,45.95,41.66,30482,134830000,-1.29,-2.84,9.46,6.10
2016-06-27,43.98,46.71,47.60,43.65,30214,138290000,2.64,5.99,8.96,6.04
2016-06-28,46.60,46.12,47.00,45.50,19114,88440000,-0.59,-1.26,3.21,3.82
2016-06-29,46.40,47.20,47.50,45.08,37373,173420000,1.08,2.34,5.25,7.47
2016-06-30,46.00,45.49,46.58,43.00,38709,175200000,-1.71,-3.62,7.58,7.74
2016-07-01,44.88,43.52,45.98,43.05,37442,165650000,-1.97,-4.33,6.44,7.49
2016-07-04,43.38,43.67,44.25,42.02,37573,161670000,0.15,0.34,5.12,7.51
2016-07-05,43.43,45.86,45.89,43.42,47751,214130000,2.19,5.01,5.66,9.55
2016-07-06,45.70,49.03,50.45,44.50,105372,508560000,3.17,6.91,12.97,21.07
2016-07-07,48.10,47.30,48.73,46.42,65700,312090000,-1.73,-3.53,4.71,13.14
2016-07-08,47.60,48.28,49.68,47.01,56228,272950000,0.98,2.07,5.64,11.25
2016-07-11,48.05,47.26,49.60,46.60,51862,248760000,-1.02,-2.11,6.21,10.37
2016-07-12,47.27,47.36,47.50,44.80,36777,170670000,0.10,0.21,5.71,7.36
2016-07-13,47.40,47.08,49.69,45.81,24032,113000000,-0.28,-0.59,8.19,4.81
2016-07-14,46.90,47.07,47.50,46.50,19517,91740000,-0.01,-0.02,2.12,3.90
2016-07-15,47.22,47.04,47.76,46.74,19969,94370000,-0.03,-0.06,2.17,3.99
2016-07-18,46.80,45.15,46.80,45.10,27687,126600000,-1.89,-4.02,3.61,5.54
2016-07-19,44.80,44.50,44.94,43.22,32097,141080000,-0.65,-1.44,3.81,6.42
2016-07-20,43.35,44.01,44.44,43.35,22736,99640000,-0.49,-1.10,2.45,4.55
2016-07-21,44.09,43.62,44.80,43.41,23515,103330000,-0.39,-0.89,3.16,4.70
2016-07-22,43.70,42.75,43.70,42.00,20828,89140000,-0.87,-1.99,3.90,4.17
2016-07-25,42.90,42.80,43.47,42.60,12359,53090000,0.05,0.12,2.04,2.47
2016-07-26,42.74,43.65,43.80,42.20,15488,67280000,0.85,1.99,3.74,3.10
2016-07-27,43.70,40.88,43.70,39.51,35295,146550000,-2.77,-6.35,9.60,7.06
2016-07-28,40.94,39.59,40.95,38.70,38109,150420000,-1.29,-3.16,5.50,7.62
2016-07-29,39.85,39.56,39.90,39.17,15867,62790000,-0.03,-0.08,1.84,3.17
2016-08-01,39.58,40.02,40.57,38.00,19207,75680000,0.46,1.16,6.50,3.84
2016-08-02,39.84,40.20,40.49,39.64,9388,37710000,0.18,0.45,2.12,1.88
2016-08-03,40.22,40.61,41.18,39.82,13933,56580000,0.41,1.02,3.38,2.79
2016-08-04,40.70,40.22,40.77,40.16,8026,32360000,-0.39,-0.96,1.50,1.61
2016-08-05,40.22,39.84,40.40,39.12,10927,43410000,-0.38,-0.94,3.18,2.19
2016-08-08,39.11,40.19,40.29,38.88,9823,38890000,0.35,0.88,3.54,1.96
2016-08-09,40.19,40.50,40.64,39.88,11414,46000000,0.31,0.77,1.89,2.28
2016-08-10,40.51,40.52,40.86,40.00,9632,38930000,0.02,0.05,2.12,1.93
2016-08-11,40.20,39.47,40.50,39.41,13201,52550000,-1.05,-2.59,2.69,2.64
2016-08-12,39.41,40.35,40.36,39.01,10952,43840000,0.88,2.23,3.42,2.19
2016-08-15,40.53,42.32,42.51,40.45,29634,123810000,1.97,4.88,5.11,5.93
2016-08-16,42.32,42.15,42.70,41.83,14356,60610000,-0.17,-0.40,2.06,2.87
2016-08-17,42.20,42.04,42.32,41.80,10537,44310000,-0.11,-0.26,1.23,2.11
2016-08-18,42.16,41.61,42.46,41.50,9495,39840000,-0.43,-1.02,2.28,1.90
2016-08-19,41.43,41.87,42.00,41.01,6844,28550000,0.26,0.62,2.38,1.37
2016-08-22,41.78,40.02,41.78,40.00,12540,51010000,-1.85,-4.42,4.25,2.51
2016-08-23,39.95,40.16,40.42,39.60,6199,24830000,0.14,0.35,2.05,1.24
2016-08-24,40.02,40.14,40.40,39.89,9573,38370000,-0.02,-0.05,1.27,1.91
2016-08-25,40.00,40.03,40.10,39.19,7620,30160000,-0.11,-0.27,2.27,1.52
2016-08-26,40.40,40.44,40.58,39.90,8758,35270000,0.41,1.02,1.70,1.75
2016-08-29,40.21,40.03,40.55,39.81,7152,28670000,-0.41,-1.01,1.83,1.43
2016-08-30,40.23,40.30,40.33,39.62,8803,35190000,0.27,0.67,1.77,1.76
2016-08-31,40.14,40.49,40.81,40.14,9351,37860000,0.19,0.47,1.66,1.87
2016-09-01,40.64,39.71,40.77,39.69,9059,36280000,-0.78,-1.93,2.67,1.81
2016-09-02,39.50,40.25,40.27,39.50,8283,33140000,0.54,1.36,1.94,1.66
2016-09-05,40.28,40.22,40.60,40.15,6444,26030000,-0.03,-0.07,1.12,1.29
2016-09-06,40.21,41.07,41.14,39.70,12205,49520000,0.85,2.11,3.58,2.44
2016-09-07,41.50,40.64,41.60,40.51,10896,44640000,-0.43,-1.05,2.65,2.18
2016-09-08,40.40,40.96,41.05,40.21,9394,38210000,0.32,0.79,2.07,1.88
2016-09-09,40.85,40.77,41.35,40.50,8878,36480000,-0.19,-0.46,2.08,1.78
2016-09-12,40.00,39.88,40.31,38.90,15994,63190000,-0.89,-2.18,3.46,3.20
2016-09-13,39.88,40.07,40.29,38.95,12191,48350000,0.19,0.48,3.36,2.44
2016-09-14,39.60,40.68,41.00,39.50,11714,47410000,0.61,1.52,3.74,2.34
2016-09-19,40.96,40.88,41.10,40.51,9273,37860000,0.20,0.49,1.45,1.85
2016-09-20,41.70,41.03,41.70,40.55,9636,39630000,0.15,0.37,2.81,1.93
2016-09-21,41.06,42.68,43.98,40.80,26919,113990000,1.65,4.02,7.75,5.38
2016-09-22,43.10,42.96,43.35,42.20,17194,73520000,0.28,0.66,2.69,3.44
2016-09-23,42.87,42.92,43.20,42.22,11121,47490000,-0.04,-0.09,2.28,2.22
2016-09-26,42.73,42.36,42.90,41.26,9210,38870000,-0.56,-1.30,3.82,1.84
2016-09-27,42.05,42.64,42.68,42.00,9492,40260000,0.28,0.66,1.61,1.90
2016-09-28,42.65,42.50,42.65,42.00,5657,23980000,-0.14,-0.33,1.52,1.13
2016-09-29,42.50,42.31,42.93,42.10,4799,20400000,-0.19,-0.45,1.95,0.96
2016-09-30,42.35,42.17,42.59,41.60,8359,35080000,-0.14,-0.33,2.34,1.67
2016-10-10,42.35,43.03,43.26,41.74,10431,44270000,0.86,2.04,3.60,2.09
2016-10-11,43.03,43.04,43.48,42.66,10616,45660000,0.01,0.02,1.91,2.12
2016-10-12,42.98,42.97,43.62,42.78,6802,29320000,-0.07,-0.16,1.95,1.36
2016-10-13,42.90,42.58,42.90,42.06,7562,32070000,-0.39,-0.91,1.95,1.51
2016-10-14,42.20,42.31,42.52,42.00,3817,16110000,-0.27,-0.63,1.22,0.76
2016-10-17,42.25,41.05,42.48,41.00,8358,34810000,-1.26,-2.98,3.50,1.67
2016-10-18,41.07,41.28,41.40,40.70,9453,38790000,0.23,0.56,1.71,1.89
2016-10-19,41.58,40.89,41.58,40.80,6349,26010000,-0.39,-0.94,1.89,1.27
2016-10-20,40.77,40.93,41.14,40.70,5487,22480000,0.04,0.10,1.08,1.10
2016-10-21,41.15,40.91,41.15,40.11,10097,40940000,-0.02,-0.05,2.54,2.02
2016-10-24,41.20,41.10,41.35,40.73,10817,44390000,0.19,0.46,1.52,2.16
2016-10-25,41.16,40.94,41.39,40.61,11395,46680000,-0.16,-0.39,1.90,2.28
2016-10-26,40.94,40.62,40.94,40.11,16627,67110000,-0.32,-0.78,2.03,3.33
2016-10-27,40.60,40.38,40.60,40.21,7194,29050000,-0.24,-0.59,0.96,1.44
2016-10-28,40.38,40.49,40.69,40.13,8943,36170000,0.11,0.27,1.39,1.79
2016-10-31,40.50,40.87,41.15,40.49,15950,65130000,0.38,0.94,1.63,3.19
2016-11-01,40.72,41.64,41.98,40.72,18541,76820000,0.77,1.88,3.08,3.71
2016-11-02,41.65,40.66,41.95,40.50,17027,69770000,-0.98,-2.35,3.48,3.41
2016-11-03,40.65,40.58,41.30,40.30,14386,58600000,-0.08,-0.20,2.46,2.88
2016-11-04,40.59,41.88,42.07,40.48,24911,103280000,1.30,3.20,3.92,4.98
2016-11-07,42.30,41.86,43.20,41.45,25003,105840000,-0.02,-0.05,4.18,5.00
2016-11-08,41.87,42.54,42.80,41.50,19345,81560000,0.68,1.62,3.11,3.87
2016-11-09,42.32,41.72,42.60,41.00,19864,82950000,-0.82,-1.93,3.76,3.97
2016-11-10,42.06,43.43,44.00,41.75,37267,160490000,1.71,4.10,5.39,7.45
2016-11-11,43.23,43.20,43.94,42.67,25699,111210000,-0.23,-0.53,2.92,5.14
2016-11-14,42.90,42.92,43.58,42.28,18905,80780000,-0.28,-0.65,3.01,3.78
2016-11-15,42.91,42.47,42.91,42.16,15382,65160000,-0.45,-1.05,1.75,3.08
2016-11-16,42.73,42.21,42.95,42.00,18291,77550000,-0.26,-0.61,2.24,3.66
2016-11-17,42.00,41.54,42.28,41.36,12650,52630000,-0.67,-1.59,2.18,2.53
2016-11-18,41.64,41.90,42.38,41.58,12044,50490000,0.36,0.87,1.93,2.41
2016-11-21,41.92,43.49,45.00,41.90,46886,204420000,1.59,3.79,7.40,9.38
2016-11-22,44.13,45.74,46.60,43.13,70994,318510000,2.25,5.17,7.98,14.20
2016-11-23,45.00,43.87,45.00,43.54,45754,203060000,-1.87,-4.09,3.19,9.15
2016-11-24,43.55,43.88,44.80,43.40,24699,109100000,0.01,0.02,3.19,4.94
2016-11-25,43.88,43.24,43.88,42.16,20844,89530000,-0.64,-1.46,3.92,4.17
2016-11-28,43.32,43.45,43.94,42.52,18256,78850000,0.21,0.49,3.28,3.65
2016-11-29,43.02,42.59,43.87,42.40,16250,69830000,-0.86,-1.98,3.38,3.25
2016-11-30,42.17,42.21,42.62,41.83,15509,65360000,-0.38,-0.89,1.85,3.10
2016-12-01,42.15,42.52,42.77,41.98,9814,41490000,0.31,0.73,1.87,1.96
2016-12-02,42.60,39.79,42.86,39.71,28899,118190000,-2.73,-6.42,7.41,5.78
2016-12-05,38.70,39.84,40.20,38.62,15822,62530000,0.05,0.13,3.97,3.16
2016-12-06,40.15,40.01,40.45,39.80,7438,29770000,0.17,0.43,1.63,1.49
2016-12-07,40.01,40.05,40.23,39.42,6424,25580000,0.04,0.10,2.02,1.28
2016-12-08,40.19,40.00,40.43,39.98,7572,30410000,-0.05,-0.12,1.12,1.51
2016-12-09,40.01,39.86,40.22,39.47,9167,36410000,-0.14,-0.35,1.88,1.83
2016-12-12,39.86,38.20,39.86,37.12,15550,59570000,-1.66,-4.16,6.87,3.11
2016-12-13,37.98,38.04,38.40,37.12,6847,25770000,-0.16,-0.42,3.35,1.37
2016-12-14,37.86,37.49,38.22,37.38,4836,18290000,-0.55,-1.45,2.21,0.97
2016-12-15,37.48,37.76,38.20,37.31,9342,35270000,0.27,0.72,2.37,1.87
2016-12-16,37.61,38.10,38.18,37.40,6623,25090000,0.34,0.90,2.07,1.32
2016-12-19,38.00,37.94,38.08,37.50,5225,19750000,-0.16,-0.42,1.52,1.04
2016-12-20,37.71,38.20,38.42,37.71,4771,18190000,0.26,0.69,1.87,0.95
2016-12-21,38.38,38.40,38.50,37.85,7328,28010000,0.20,0.52,1.70,1.47
2016-12-22,38.10,38.47,38.60,37.88,7570,28960000,0.07,0.18,1.88,1.51
2016-12-23,38.45,38.64,39.30,38.20,12575,48870000,0.17,0.44,2.86,2.52
2016-12-26,38.59,39.75,39.86,38.16,9763,38320000,1.11,2.87,4.40,1.95
2016-12-27,39.50,40.23,40.28,39.49,10092,40230000,0.48,1.21,1.99,2.02
2016-12-28,40.05,40.52,41.06,39.65,14102,56960000,0.29,0.72,3.50,2.82
2016-12-29,40.60,40.06,40.60,39.83,6348,25510000,-0.46,-1.14,1.90,1.27
2016-12-30,39.92,40.37,40.53,39.80,8432,33930000,0.31,0.77,1.82,1.69
2017-01-03,40.19,39.92,40.25,39.43,4449,17750000,-0.45,-1.11,2.03,0.89
2017-01-04,39.68,40.10,40.22,39.65,9586,38370000,0.18,0.45,1.43,1.92
2017-01-05,40.09,40.33,40.53,39.72,7840,31460000,0.23,0.57,2.02,1.57
2017-01-06,40.36,41.51,41.77,40.36,18232,75140000,1.18,2.93,3.50,3.65
2017-01-09,41.40,41.74,42.22,41.00,10965,45730000,0.23,0.55,2.94,2.19
2017-01-10,41.41,41.97,42.14,41.04,9923,41550000,0.23,0.55,2.64,1.98
2017-01-11,41.80,40.81,42.10,40.80,6855,28510000,-1.16,-2.76,3.10,1.37
2017-01-12,41.41,40.56,41.41,40.22,5927,24190000,-0.25,-0.61,2.92,1.19
2017-01-13,40.49,40.62,41.75,40.43,8291,34090000,0.06,0.15,3.25,1.66
2017-01-16,40.60,40.26,40.99,38.01,10422,41040000,-0.36,-0.89,7.34,2.08
2017-01-17,40.26,39.97,40.49,39.51,7230,28850000,-0.29,-0.72,2.43,1.45
2017-01-18,39.90,40.00,40.15,39.66,3010,12010000,0.03,0.08,1.23,0.60
2017-01-19,40.00,39.28,40.11,39.20,2777,11020000,-0.72,-1.80,2.28,0.56
2017-01-20,39.55,40.77,40.98,39.31,6973,28370000,1.49,3.79,4.25,1.39
2017-01-23,40.20,40.73,40.80,40.20,5320,21610000,-0.04,-0.10,1.47,1.06
2017-01-24,40.73,40.40,41.35,40.20,4314,17530000,-0.33,-0.81,2.82,0.86
2017-01-25,40.03,39.81,40.35,39.70,6306,25190000,-0.59,-1.46,1.61,1.26
2017-01-26,39.60,40.47,40.51,39.57,7513,30100000,0.66,1.66,2.36,1.50
2017-02-03,40.10,39.61,40.90,39.50,3682,14780000,-0.86,-2.13,3.46,0.74
2017-02-06,39.60,38.66,39.97,38.50,13275,51580000,-0.95,-2.40,3.71,1.13
2017-02-07,38.65,36.37,38.65,36.09,70684,261113400,-2.29,-5.92,6.622,6.00
2017-02-08,36.16,35.90,36.31,35.50,34629,124134400,-0.47,-1.29,2.227,2.94
2017-02-09,35.83,35.93,36.10,35.51,28979,104064200,0.03,0.08,1.643,2.46
2017-02-10,35.93,35.86,36.12,35.81,27021,97197600,-0.07,-0.19,0.863,2.29
2017-02-13,35.78,35.84,35.93,35.52,18402,65694800,-0.02,-0.06,1.143,1.56
2017-02-14,35.85,35.92,36.23,35.67,26417,94975700,0.08,0.22,1.562,2.24
2017-02-15,35.92,35.31,36.00,35.15,23564,83915900,-0.61,-1.70,2.366,2.00
2017-02-16,35.29,35.36,35.45,35.04,12996,45826800,0.05,0.14,1.161,1.10
2017-02-17,35.30,35.02,35.45,34.94,25877,91110800,-0.34,-0.96,1.442,2.20
2017-02-20,34.85,35.03,35.21,34.75,19437,68148100,0.01,0.03,1.314,1.65
2017-02-21,34.98,34.83,35.15,34.70,35421,123731200,-0.20,-0.57,1.28,3.01
2017-02-22,34.89,34.87,35.10,34.66,24675,86006400,0.04,0.11,1.26,2.10
2017-02-23,34.82,35.07,35.16,34.81,22870,79976900,0.20,0.57,1.00,1.94
2017-02-24,34.96,35.67,35.77,34.96,51608,182794600,0.60,1.71,2.31,4.38
2017-02-27,35.65,35.44,35.95,35.40,37835,134807700,-0.23,-0.64,1.54,3.21
2017-02-28,35.43,35.41,35.59,35.28,19158,67848400,-0.03,-0.08,0.88,1.63
2017-03-01,35.40,35.34,35.50,35.21,28623,101237600,-0.07,-0.20,0.82,2.43
2017-03-02,35.23,35.34,35.47,35.23,16916,59807300,0.00,0.00,0.68,1.44
2017-03-03,35.41,35.96,36.19,35.30,52417,187613100,0.62,1.75,2.52,4.45
2017-03-06,35.95,36.67,36.78,35.62,40533,146791900,0.71,1.97,3.23,3.44
2017-03-07,36.52,36.65,36.77,36.10,25566,93155800,-0.02,-0.05,1.83,2.17
2017-03-08,36.63,36.88,37.50,36.36,26611,98527000,0.23,0.63,3.11,2.26
2017-03-09,36.80,37.00,37.10,36.07,18383,67470700,0.12,0.33,2.79,1.56
2017-03-10,36.96,36.69,37.01,36.25,19219,70278500,-0.31,-0.84,2.05,1.63
2017-03-13,36.40,36.78,36.87,36.12,16542,60460300,0.09,0.25,2.04,1.40
2017-03-14,36.78,36.80,37.10,36.38,13878,50941300,0.02,0.05,1.96,1.18
2017-03-15,36.70,36.43,36.79,36.40,14644,53478900,-0.37,-1.01,1.06,1.24
2017-03-16,36.44,36.82,37.10,36.44,19414,71533406,0.39,1.07,1.81,1.65
2017-03-17,36.78,36.90,37.30,36.60,17723,65728143,0.08,0.22,1.90,1.50
2017-03-20,36.97,38.15,38.80,36.83,35369,134456939,1.25,3.39,5.34,3.00
2017-03-21,38.16,38.00,39.08,37.80,33428,127487957,-0.15,-0.39,3.36,2.84
2017-03-22,37.79,37.93,38.38,37.70,11790,44700628,-0.07,-0.18,1.79,1.00
2017-03-23,38.05,38.96,39.11,37.96,31281,120643259,1.03,2.72,3.03,2.66
2017-03-24,38.96,39.17,39.48,38.67,20752,81371043,0.21,0.54,2.08,1.76
2017-03-27,38.80,38.61,38.90,37.80,34202,131353072,-0.56,-1.43,2.81,2.90
2017-03-28,38.38,37.28,38.40,37.20,44864,169016100,-1.33,-3.44,3.11,3.81
2017-03-29,36.95,36.13,36.95,36.02,66302,241660159,-1.15,-3.08,2.49,5.63
2017-03-30,36.77,37.40,37.79,35.67,63381,233614953,1.27,3.52,5.87,5.38
2017-03-31,37.30,38.96,39.18,37.25,87626,339855713,1.56,4.17,5.16,7.44
2017-04-05,38.90,39.53,40.10,38.08,56592,223143054,0.57,1.46,5.18,4.81
2017-04-06,39.55,39.31,39.90,39.00,34532,135893065,-0.22,-0.56,2.28,2.93
2017-04-07,39.30,39.01,39.33,38.65,23382,91038671,-0.30,-0.76,1.73,1.99
2017-04-10,38.80,38.68,39.35,37.90,26351,101637767,-0.33,-0.85,3.72,2.24
2017-04-11,38.57,38.00,38.69,37.61,30853,117519632,-0.68,-1.76,2.79,2.62
2017-04-12,38.07,37.73,38.55,37.27,20928,78886400,-0.27,-0.71,3.37,1.78
2017-04-13,37.44,37.74,38.38,37.41,13254,50212351,0.01,0.03,2.57,1.13
2017-04-14,37.50,37.10,37.73,36.61,12682,47010588,-0.64,-1.70,2.97,1.08
2017-04-17,37.08,36.90,37.88,36.34,16647,61485718,-0.20,-0.54,4.15,1.41
2017-04-18,37.47,38.09,38.93,37.11,21458,82164879,1.19,3.22,4.93,1.82
2017-04-19,38.12,37.68,38.15,37.56,9814,37082356,-0.41,-1.08,1.55,0.83
2017-04-20,37.50,37.31,37.97,36.10,16309,60125419,-0.37,-0.98,4.96,1.39
2017-04-21,37.31,36.09,37.31,35.90,19318,70341718,-1.22,-3.27,3.78,1.64
2017-04-24,36.29,36.04,36.29,35.12,16968,60961589,-0.05,-0.14,3.24,1.44
2017-04-25,36.04,36.16,36.50,35.60,10396,37666232,0.12,0.33,2.50,0.88
2017-04-26,35.83,36.10,36.28,35.61,7067,25406328,-0.06,-0.17,1.85,0.60
2017-04-27,36.00,36.19,36.37,35.80,38551,139321181,0.09,0.25,1.58,3.27
2017-04-28,36.51,37.52,37.57,36.01,18342,67997276,1.33,3.68,4.31,1.56
2017-05-02,37.44,37.10,37.88,37.07,12599,47375845,-0.42,-1.12,2.16,1.07
2017-05-03,37.02,37.30,37.48,36.75,7147,26484831,0.20,0.54,1.97,0.61
2017-05-04,37.32,37.17,37.55,36.88,11623,43268908,-0.13,-0.35,1.80,0.99
2017-05-05,36.92,37.01,37.19,36.60,6172,22805220,-0.16,-0.43,1.59,0.52
2017-05-08,36.89,36.27,37.23,36.22,8127,29878815,-0.74,-2.00,2.73,0.69
2017-05-09,36.38,36.48,36.50,35.80,12628,45643965,0.21,0.58,1.93,1.07
2017-05-10,36.48,36.36,36.66,36.23,3271,11920677,-0.12,-0.33,1.18,0.28
2017-05-11,35.80,36.43,36.48,35.30,8197,29372421,0.07,0.19,3.25,0.70
2017-05-12,36.47,36.27,36.47,35.82,5719,20615905,-0.16,-0.44,1.78,0.49
2017-05-15,35.92,36.72,37.00,35.92,8546,31315040,0.45,1.24,2.98,0.73
2017-05-16,36.73,36.70,36.73,36.01,7859,28620392,-0.02,-0.05,1.96,0.67
2017-05-17,36.70,36.60,36.96,36.40,6107,22419850,-0.10,-0.27,1.53,0.52
2017-05-18,36.36,36.79,36.96,36.03,6415,23595571,0.19,0.52,2.54,0.55
2017-05-19,36.78,36.79,36.95,36.44,5865,21555894,0.00,0.00,1.39,0.50
2017-05-22,36.60,35.85,36.60,35.35,17251,61773572,-0.94,-2.56,3.40,1.47
2017-05-23,35.68,35.35,35.78,34.90,12429,43712659,-0.50,-1.39,2.45,1.06
2017-05-24,35.50,35.97,36.37,35.01,21746,77573320,0.62,1.75,3.85,1.85
2017-05-25,35.61,35.68,36.00,35.44,7037,25204171,-0.29,-0.81,1.56,0.60
2017-05-26,35.54,36.38,36.47,35.10,15039,53152332,0.70,1.96,3.84,1.28
2017-05-31,36.30,36.38,36.65,35.56,30640,110138555,0.00,0.00,3.00,2.60
2017-06-01,36.16,36.19,36.32,35.55,10445,37522989,-0.19,-0.52,2.12,0.89
2017-06-02,35.96,36.51,36.77,35.41,28588,102854710,0.32,0.88,3.76,2.43
2017-06-05,36.50,36.30,36.97,36.13,12070,44352418,-0.21,-0.58,2.30,1.02
2017-06-06,36.30,36.31,36.70,36.00,5676,20584350,0.01,0.03,1.93,0.48
2017-06-07,36.28,36.62,36.75,36.05,7896,28901605,0.31,0.85,1.93,0.67
2017-06-08,36.62,36.33,36.71,36.11,6105,22247477,-0.29,-0.79,1.64,0.52
2017-06-09,36.30,36.33,36.47,36.02,5362,19425992,0.00,0.00,1.24,0.46
2017-06-12,36.30,36.33,36.70,35.84,12569,45718291,0.00,0.00,2.37,1.07
2017-06-13,36.07,36.69,36.81,36.07,15414,56391264,0.36,0.99,2.04,1.31
2017-06-14,36.41,36.68,36.82,36.41,5251,19267974,-0.01,-0.03,1.12,0.45
2017-06-15,36.66,36.51,36.78,36.18,6516,23805976,-0.17,-0.46,1.64,0.55
