日期,开盘,收盘,最高,最低,交易量(手),交易金额(元),涨跌额,涨跌幅(%),振幅(%),换手率(%)
2012-05-03,11.50,14.08,14.15,11.50,528361,649300000,5.08,56.44,29.44,85.77
2012-05-04,13.01,12.67,13.25,12.67,363208,465250000,-1.41,-10.01,4.12,58.96
2012-05-07,12.10,12.39,12.52,12.03,231117,282410000,-0.28,-2.21,3.87,37.52
2012-05-08,12.26,12.63,12.65,12.08,192465,237860000,0.24,1.94,4.60,31.24
2012-05-09,12.39,12.08,12.46,12.05,124854,152800000,-0.55,-4.35,3.25,20.27
2012-05-10,11.91,11.91,12.15,11.72,110444,131650000,-0.17,-1.41,3.56,17.93
2012-05-11,11.82,11.85,11.95,11.71,69420,82100000,-0.06,-0.50,2.02,11.27
2012-05-14,11.89,11.95,12.19,11.74,101724,122080000,0.10,0.84,3.80,16.51
2012-05-15,11.80,11.83,11.89,11.51,85382,99510000,-0.12,-1.00,3.18,13.86
2012-05-16,11.80,12.31,12.57,11.70,189992,232300000,0.48,4.06,7.35,30.84
2012-05-17,12.24,12.37,12.38,12.07,126157,154600000,0.06,0.49,2.52,20.48
2012-05-18,12.20,11.73,12.30,11.69,104937,125300000,-0.64,-5.17,4.93,17.04
2012-05-21,11.61,11.17,11.73,11.12,86496,98490000,-0.56,-4.77,5.20,14.04
2012-05-22,11.25,11.36,11.37,11.18,48520,54720000,0.19,1.70,1.70,7.88
2012-05-23,11.27,11.11,11.34,10.99,74662,83020000,-0.25,-2.20,3.08,12.12
2012-05-24,11.06,11.09,11.17,11.01,43300,48050000,-0.02,-0.18,1.44,7.03
2012-05-25,11.09,10.71,11.12,10.63,73051,78830000,-0.38,-3.43,4.42,11.86
2012-05-28,10.68,10.67,10.68,10.33,57033,59870000,-0.04,-0.37,3.27,9.26
2012-05-29,10.60,10.89,10.92,10.53,77568,83400000,0.22,2.06,3.66,12.59
2012-05-30,10.79,10.68,10.82,10.63,47785,51260000,-0.21,-1.93,1.74,7.76
2012-05-31,10.63,11.11,11.47,10.53,109972,120990000,0.43,4.03,8.80,17.85
2012-06-01,11.00,10.92,11.06,10.88,50230,55080000,-0.19,-1.71,1.62,8.15
2012-06-04,10.66,10.49,10.77,10.49,39691,42160000,-0.43,-3.94,2.56,6.44
2012-06-05,10.57,10.55,10.68,10.48,27619,29180000,0.06,0.57,1.91,4.48
2012-06-06,10.52,10.48,10.68,10.43,26415,27870000,-0.07,-0.66,2.37,4.29
2012-06-07,10.61,10.29,10.66,10.27,30910,32340000,-0.19,-1.81,3.72,5.02
2012-06-08,10.44,10.26,10.47,10.21,28352,29320000,-0.03,-0.29,2.53,4.60
2012-06-11,10.32,10.46,10.55,10.23,25761,26770000,0.20,1.95,3.12,4.18
2012-06-12,10.32,10.24,10.36,10.20,24602,25270000,-0.22,-2.10,1.53,3.99
2012-06-13,10.30,10.45,10.49,10.22,30565,31760000,0.21,2.05,2.64,4.96
2012-06-14,10.39,10.41,10.58,10.37,34686,36390000,-0.04,-0.38,2.01,5.63
2012-06-15,10.44,10.39,10.51,10.20,26024,27020000,-0.02,-0.19,2.98,4.22
2012-06-18,10.41,10.57,10.58,10.41,31240,32820000,0.18,1.73,1.64,5.07
2012-06-19,10.57,10.47,10.57,10.41,25144,26280000,-0.10,-0.95,1.51,4.08
2012-06-21,10.44,10.88,11.28,10.39,134627,147450000,0.41,3.92,8.50,21.86
2012-06-25,10.79,10.74,11.03,10.63,62423,67670000,-0.14,-1.29,3.68,10.13
2012-06-26,10.60,10.21,10.60,10.08,49251,50460000,-0.53,-4.93,4.84,8.00
2012-06-27,10.20,10.19,10.41,10.11,35896,36790000,-0.02,-0.20,2.94,5.83
2012-06-28,10.21,10.02,10.32,10.01,33607,34180000,-0.17,-1.67,3.04,5.46
2012-06-29,9.97,10.01,10.01,9.62,31423,31040000,-0.01,-0.10,3.89,5.10
2012-07-02,10.02,10.08,10.23,9.93,40682,41130000,0.07,0.70,3.00,6.60
2012-07-03,10.00,10.28,10.30,9.93,48344,49230000,0.20,1.98,3.67,7.85
2012-07-04,10.24,10.21,10.45,10.15,31511,32360000,-0.07,-0.68,2.92,5.12
2012-07-05,10.16,9.94,10.18,9.81,26909,26810000,-0.27,-2.64,3.62,4.37
2012-07-06,9.99,10.18,10.23,9.85,25457,25560000,0.24,2.41,3.82,4.13
2012-07-09,10.10,9.96,10.24,9.94,24127,24260000,-0.22,-2.16,2.95,3.92
2012-07-10,9.91,9.86,10.01,9.84,14644,14480000,-0.10,-1.00,1.71,2.38
2012-07-11,9.86,9.99,10.00,9.76,15751,15630000,0.13,1.32,2.43,2.56
2012-07-12,9.98,10.10,10.16,9.83,29793,29850000,0.11,1.10,3.30,4.84
2012-07-13,10.17,9.94,10.17,9.92,17797,17850000,-0.16,-1.58,2.48,2.89
2012-07-16,9.94,9.53,9.94,9.49,27179,26220000,-0.41,-4.12,4.53,4.41
2012-07-17,9.53,9.58,9.63,9.46,12817,12240000,0.05,0.52,1.78,2.08
2012-07-18,9.58,9.31,9.58,9.12,32091,29850000,-0.27,-2.82,4.80,5.21
2012-07-19,9.20,9.35,9.50,9.15,21574,20140000,0.13,1.41,3.80,3.50
2012-07-20,9.46,10.04,10.29,9.45,114243,115450000,0.69,7.38,8.98,18.55
2012-07-23,9.72,9.55,9.84,9.49,53561,51720000,-0.49,-4.88,3.49,8.70
2012-07-24,9.44,9.54,9.65,9.32,30519,29070000,-0.01,-0.10,3.46,4.95
2012-07-25,9.47,9.60,9.83,9.42,33106,31930000,0.06,0.63,4.30,5.37
2012-07-26,9.56,9.40,9.63,9.38,21721,20630000,-0.20,-2.08,2.60,3.53
2012-07-27,9.47,9.42,9.53,9.39,14770,13970000,0.02,0.21,1.49,2.40
2012-07-30,9.40,9.27,9.50,9.25,14047,13140000,-0.15,-1.59,2.65,2.28
2012-07-31,9.23,8.93,9.30,8.90,16727,15230000,-0.34,-3.67,4.32,2.72
2012-08-01,9.04,9.17,9.27,8.96,20465,18700000,0.24,2.69,3.47,3.32
2012-08-02,9.11,9.08,9.27,9.05,15615,14250000,-0.09,-0.98,2.40,2.53
2012-08-03,9.08,9.18,9.29,8.70,92822,82900000,0.10,1.10,6.50,12.05
2012-08-06,9.01,9.31,9.33,8.96,96840,88590000,0.13,1.42,4.03,12.58
2012-08-07,9.24,9.36,9.52,9.22,86571,81130000,0.05,0.54,3.22,11.24
2012-08-08,9.36,9.39,9.50,9.29,53560,50340000,0.03,0.32,2.24,6.96
2012-08-09,9.40,9.45,9.49,9.30,45988,43280000,0.06,0.64,2.02,5.97
2012-08-10,9.46,9.37,9.48,9.29,45458,42630000,-0.08,-0.85,2.01,5.90
2012-08-13,9.33,9.02,9.33,8.99,45558,41800000,-0.35,-3.74,3.63,5.92
2012-08-14,8.99,9.10,9.11,8.83,34135,30620000,0.08,0.89,3.10,4.43
2012-08-15,9.07,8.89,9.07,8.88,26299,23530000,-0.21,-2.31,2.09,3.42
2012-08-16,8.89,9.00,9.06,8.86,21248,19040000,0.11,1.24,2.25,2.76
2012-08-17,9.01,8.95,9.03,8.85,17815,15910000,-0.05,-0.56,2.00,2.31
2012-08-20,8.90,9.05,9.09,8.82,17364,15560000,0.10,1.12,3.02,2.26
2012-08-21,9.02,9.21,9.32,8.98,44145,40480000,0.16,1.77,3.76,5.73
2012-08-22,9.18,9.23,9.36,9.11,49298,45710000,0.02,0.22,2.71,6.40
2012-08-23,9.22,9.46,9.68,9.17,98823,93810000,0.23,2.49,5.53,12.83
2012-08-24,9.35,9.19,9.52,9.13,47458,44330000,-0.27,-2.85,4.12,6.16
2012-08-27,9.16,8.91,9.18,8.89,25977,23390000,-0.28,-3.05,3.16,3.37
2012-08-28,8.91,9.05,9.17,8.88,24102,21750000,0.14,1.57,3.25,3.13
2012-08-29,9.01,9.06,9.19,9.00,25031,22790000,0.01,0.11,2.10,3.25
2012-08-30,9.04,9.14,9.25,8.90,36511,33180000,0.08,0.88,3.86,4.74
2012-08-31,9.13,9.35,9.43,9.11,51652,48110000,0.21,2.30,3.50,6.71
2012-09-03,9.30,9.38,9.58,9.27,62448,58920000,0.03,0.32,3.32,8.11
2012-09-04,9.44,9.46,9.57,9.32,54526,51420000,0.08,0.85,2.67,7.08
2012-09-05,9.43,9.58,9.62,9.37,51270,48810000,0.12,1.27,2.64,6.66
2012-09-06,9.55,9.55,9.65,9.43,53282,50720000,-0.03,-0.31,2.30,6.92
2012-09-07,9.60,9.73,9.92,9.50,107749,104680000,0.18,1.88,4.40,13.99
2012-09-10,9.64,9.73,9.79,9.61,59218,57490000,0.00,0.00,1.85,7.69
2012-09-11,9.68,9.58,9.73,9.50,45018,43160000,-0.15,-1.54,2.36,5.85
2012-09-12,9.62,9.90,9.97,9.56,88308,86500000,0.32,3.34,4.28,11.47
2012-09-13,9.85,9.65,9.94,9.64,54788,53640000,-0.25,-2.53,3.03,7.12
2012-09-14,9.69,9.67,9.82,9.58,35922,34790000,0.02,0.21,2.49,4.67
2012-09-17,9.62,9.40,9.73,9.40,28493,27220000,-0.27,-2.79,3.41,3.70
2012-09-18,9.37,9.34,9.45,9.30,22711,21320000,-0.06,-0.64,1.60,2.95
2012-09-19,9.36,9.53,9.55,9.36,19207,18160000,0.19,2.03,2.03,2.49
2012-09-20,9.49,9.06,9.50,9.05,33351,30970000,-0.47,-4.93,4.72,4.33
2012-09-21,9.05,8.92,9.15,8.86,28857,26050000,-0.14,-1.55,3.20,3.75
2012-09-24,8.93,8.99,9.06,8.80,13585,12170000,0.07,0.78,2.91,1.76
2012-09-25,9.03,8.85,9.07,8.80,15636,13940000,-0.14,-1.56,3.00,2.03
2012-09-26,8.86,8.56,8.90,8.50,28369,24510000,-0.29,-3.28,4.52,3.68
2012-09-27,8.57,8.73,8.79,8.48,27133,23470000,0.17,1.99,3.62,3.52
2012-09-28,8.64,8.86,8.87,8.61,20021,17610000,0.13,1.49,2.98,2.60
2012-10-08,8.88,8.68,8.89,8.59,23435,20430000,-0.18,-2.03,3.39,3.04
2012-10-09,8.74,8.98,9.02,8.68,31158,27740000,0.30,3.46,3.92,4.05
2012-10-10,8.91,9.03,9.10,8.88,22192,19940000,0.05,0.56,2.45,2.88
2012-10-11,9.04,8.80,9.05,8.78,28937,25700000,-0.23,-2.55,2.99,3.76
2012-10-12,8.86,8.78,8.91,8.72,16666,14680000,-0.02,-0.23,2.16,2.16
2012-10-15,8.75,8.65,8.77,8.52,19731,17000000,-0.13,-1.48,2.85,2.56
2012-10-16,8.64,8.69,8.77,8.60,15377,13380000,0.04,0.46,1.97,2.00
2012-10-17,8.71,8.73,8.74,8.56,16463,14260000,0.04,0.46,2.07,2.14
2012-10-18,8.72,8.90,8.95,8.69,28581,25250000,0.17,1.95,2.98,3.71
2012-10-19,8.89,8.85,8.91,8.82,15516,13740000,-0.05,-0.56,1.01,2.02
2012-10-22,8.80,9.00,9.06,8.80,28058,25080000,0.15,1.69,2.94,3.64
2012-10-23,9.00,8.95,9.14,8.93,30888,27930000,-0.05,-0.56,2.33,4.01
2012-10-24,8.95,8.96,9.05,8.88,18224,16350000,0.01,0.11,1.90,2.37
2012-10-25,8.94,8.70,9.03,8.68,19682,17440000,-0.26,-2.90,3.91,2.56
2012-10-26,8.70,8.35,8.77,8.32,38573,32670000,-0.35,-4.02,5.17,5.01
2012-10-29,8.33,8.36,8.43,8.25,11663,9730000,0.01,0.12,2.16,1.51
2012-10-30,8.35,8.34,8.42,8.29,11591,9680000,-0.02,-0.24,1.56,1.51
2012-10-31,8.37,8.33,8.37,8.23,11328,9380000,-0.01,-0.12,1.68,1.47
2012-11-01,8.35,8.45,8.51,8.31,19892,16780000,0.12,1.44,2.40,2.58
2012-11-02,8.45,8.47,8.49,8.39,13468,11360000,0.02,0.24,1.18,1.75
2012-11-05,8.46,8.40,8.49,8.37,11448,9630000,-0.07,-0.83,1.42,1.49
2012-11-06,8.41,8.34,8.41,8.25,13110,10900000,-0.06,-0.71,1.90,1.70
2012-11-07,8.34,8.37,8.40,8.27,10928,9110000,0.03,0.36,1.56,1.42
2012-11-08,8.33,8.09,8.34,8.08,21612,17740000,-0.28,-3.35,3.11,2.81
2012-11-09,8.04,8.00,8.11,7.96,15937,12770000,-0.09,-1.11,1.85,2.07
2012-11-12,8.03,8.04,8.07,7.99,7907,6350000,0.04,0.50,1.00,1.03
2012-11-13,8.05,7.91,8.07,7.90,10718,8530000,-0.13,-1.62,2.11,1.39
2012-11-14,7.87,7.98,8.00,7.87,9043,7190000,0.07,0.89,1.64,1.17
2012-11-15,7.98,7.72,7.98,7.69,12259,9620000,-0.26,-3.26,3.63,1.59
2012-11-16,7.70,7.65,7.72,7.58,13426,10260000,-0.07,-0.91,1.81,1.74
2012-11-19,7.66,7.75,7.78,7.63,8852,6810000,0.10,1.31,1.96,1.15
2012-11-20,7.78,7.69,7.78,7.65,8437,6510000,-0.06,-0.77,1.68,1.10
2012-11-21,7.71,7.82,7.82,7.65,11603,9000000,0.13,1.69,2.21,1.51
2012-11-22,7.77,7.74,7.83,7.68,10686,8290000,-0.08,-1.02,1.92,1.39
2012-11-23,7.76,7.73,7.80,7.67,8266,6410000,-0.01,-0.13,1.68,1.07
2012-11-26,7.73,7.60,7.74,7.59,8883,6810000,-0.13,-1.68,1.94,1.15
2012-11-27,7.58,7.14,7.59,7.13,22204,16190000,-0.46,-6.05,6.05,2.88
2012-11-28,7.14,6.88,7.15,6.85,26668,18550000,-0.26,-3.64,4.20,3.46
2012-11-29,6.91,6.78,6.93,6.76,14397,9860000,-0.10,-1.45,2.47,1.87
2012-11-30,6.79,6.83,6.87,6.67,12621,8580000,0.05,0.74,2.95,1.64
2012-12-03,6.86,6.62,6.86,6.60,11089,7460000,-0.21,-3.07,3.81,1.44
2012-12-04,6.62,6.79,6.84,6.54,18222,12170000,0.17,2.57,4.53,2.37
2012-12-05,6.75,7.05,7.17,6.71,34031,23820000,0.26,3.83,6.77,4.42
2012-12-06,7.04,6.96,7.07,6.91,17406,12180000,-0.09,-1.28,2.27,2.26
2012-12-07,6.98,7.15,7.25,6.96,27651,19800000,0.19,2.73,4.17,3.59
2012-12-10,7.15,7.31,7.35,7.11,38694,28150000,0.16,2.24,3.36,5.03
2012-12-11,7.29,7.18,7.32,7.17,27585,19940000,-0.13,-1.78,2.05,3.58
2012-12-12,7.16,7.15,7.22,7.04,24192,17250000,-0.03,-0.42,2.51,3.14
2012-12-13,7.12,7.02,7.15,7.00,17001,12020000,-0.13,-1.82,2.10,2.21
2012-12-14,7.02,7.45,7.57,7.02,54532,39990000,0.43,6.13,7.83,7.08
2012-12-17,7.68,7.57,7.68,7.40,52579,39660000,0.12,1.61,3.76,6.83
2012-12-18,7.55,7.46,7.61,7.44,30662,23100000,-0.11,-1.45,2.25,3.98
2012-12-19,7.46,7.62,7.65,7.44,30455,23100000,0.16,2.14,2.82,3.96
2012-12-20,7.56,7.70,7.74,7.52,38806,29640000,0.08,1.05,2.89,5.04
2012-12-21,7.70,7.76,7.86,7.55,53430,41290000,0.06,0.78,4.03,6.94
2012-12-24,7.71,7.69,7.79,7.66,27533,21240000,-0.07,-0.90,1.68,3.58
2012-12-25,7.67,8.20,8.41,7.63,86465,69480000,0.51,6.63,10.14,11.23
2012-12-26,8.14,8.72,8.84,8.11,116494,98820000,0.52,6.34,8.90,15.13
2012-12-27,8.70,8.31,8.76,8.29,84093,71240000,-0.41,-4.70,5.39,10.92
2012-12-28,8.29,8.36,8.44,8.11,60930,50510000,0.05,0.60,3.97,7.91
2012-12-31,8.35,8.36,8.40,8.17,43985,36490000,0.00,0.00,2.75,5.71
2013-01-04,8.42,8.31,8.45,8.18,35482,29470000,-0.05,-0.60,3.23,4.61
2013-01-07,8.25,8.33,8.40,8.00,28999,24030000,0.02,0.24,4.81,3.77
2013-01-08,8.33,8.46,8.50,8.25,46474,39130000,0.13,1.56,3.00,6.04
2013-01-09,8.45,8.43,8.58,8.33,43438,36820000,-0.03,-0.35,2.96,5.64
2013-01-10,8.38,8.39,8.51,8.33,28887,24280000,-0.04,-0.47,2.14,3.75
2013-01-11,8.40,8.08,8.48,8.01,44006,36280000,-0.31,-3.69,5.60,5.72
2013-01-14,8.00,8.34,8.35,7.99,46949,38610000,0.26,3.22,4.46,6.10
2013-01-15,8.34,8.49,8.55,8.33,52300,44230000,0.15,1.80,2.64,6.79
2013-01-16,8.47,8.60,8.67,8.38,70443,60020000,0.11,1.30,3.42,9.15
2013-01-17,8.60,8.38,8.60,8.33,44338,37390000,-0.22,-2.56,3.14,5.76
2013-01-18,8.37,8.50,8.51,8.29,39855,33590000,0.12,1.43,2.63,5.18
2013-01-21,8.50,8.88,8.94,8.45,95131,82870000,0.38,4.47,5.76,12.35
2013-01-22,8.88,8.68,8.88,8.56,54365,47340000,-0.20,-2.25,3.60,7.06
2013-01-23,8.61,8.66,8.76,8.40,40725,34970000,-0.02,-0.23,4.15,5.29
2013-01-24,8.60,8.25,8.73,8.18,61077,51680000,-0.41,-4.73,6.35,7.93
2013-01-25,8.20,8.19,8.29,8.14,21958,18030000,-0.06,-0.73,1.82,2.85
2013-01-28,8.19,8.38,8.41,8.19,26851,22380000,0.19,2.32,2.69,3.49
2013-01-29,8.38,8.42,8.47,8.33,30800,25850000,0.04,0.48,1.67,4.00
2013-01-30,8.43,8.41,8.45,8.30,25858,21620000,-0.01,-0.12,1.78,3.36
2013-01-31,8.41,8.42,8.44,8.33,20533,17220000,0.01,0.12,1.31,2.67
2013-02-01,8.40,8.55,8.62,8.36,37140,31590000,0.13,1.54,3.09,4.82
2013-02-04,8.57,8.65,8.85,8.57,62106,54020000,0.10,1.17,3.27,8.07
2013-02-05,8.59,8.74,8.75,8.53,45205,39160000,0.09,1.04,2.54,5.87
2013-02-06,8.77,8.79,8.95,8.73,41454,36580000,0.05,0.57,2.52,5.38
2013-02-07,8.75,8.75,8.84,8.60,30484,26570000,-0.04,-0.46,2.73,3.96
2013-02-08,8.73,9.00,9.06,8.73,55585,49620000,0.25,2.86,3.77,7.22
2013-02-18,9.02,8.81,9.02,8.77,43845,38820000,-0.19,-2.11,2.78,5.69
2013-02-19,8.80,8.62,8.82,8.60,31577,27350000,-0.19,-2.16,2.50,4.10
2013-02-20,8.68,8.80,8.86,8.68,37625,33010000,0.18,2.09,2.09,4.89
2013-02-21,8.75,8.55,8.76,8.45,37635,32420000,-0.25,-2.84,3.52,4.89
2013-02-22,8.48,8.51,8.60,8.45,20752,17720000,-0.04,-0.47,1.75,2.70
2013-02-25,8.54,8.62,8.65,8.47,21873,18670000,0.11,1.29,2.12,2.84
2013-02-26,8.58,8.54,8.71,8.50,26360,22710000,-0.08,-0.93,2.44,3.42
2013-02-27,8.54,8.52,8.67,8.47,16554,14170000,-0.02,-0.23,2.34,2.15
2013-02-28,8.55,8.67,8.68,8.48,23712,20390000,0.15,1.76,2.35,3.08
2013-03-01,8.68,8.76,8.78,8.64,39522,34410000,0.09,1.04,1.61,5.13
2013-03-04,8.68,8.39,8.70,8.21,33511,28380000,-0.37,-4.22,5.59,4.35
2013-03-05,8.41,8.51,8.54,8.31,21351,18050000,0.12,1.43,2.74,2.77
2013-03-06,8.52,8.71,8.72,8.48,38133,32880000,0.20,2.35,2.82,4.95
2013-03-07,8.72,8.60,8.75,8.55,37510,32500000,-0.11,-1.26,2.30,4.87
2013-03-08,8.56,8.51,8.64,8.46,23191,19830000,-0.09,-1.05,2.09,3.01
2013-03-11,8.52,8.50,8.56,8.43,13692,11650000,-0.01,-0.12,1.53,1.78
2013-03-12,8.50,8.46,8.61,8.30,41074,34820000,-0.04,-0.47,3.65,5.33
2013-03-13,8.44,8.88,9.00,8.40,127517,112230000,0.42,4.96,7.09,16.56
2013-03-14,8.78,9.05,9.25,8.74,123950,111100000,0.17,1.91,5.74,16.10
2013-03-15,9.00,8.91,9.12,8.85,96071,85850000,-0.14,-1.55,2.98,12.48
2013-03-18,8.92,8.43,8.95,8.30,76554,65260000,-0.48,-5.39,7.30,9.94
2013-03-19,8.43,8.22,8.45,8.04,40789,33450000,-0.21,-2.49,4.86,5.30
2013-03-20,8.18,8.36,8.36,8.15,37725,31260000,0.14,1.70,2.55,4.90
2013-03-21,8.36,8.39,8.42,8.25,39744,33200000,0.03,0.36,2.03,5.16
2013-03-22,8.40,8.41,8.44,8.32,25505,21380000,0.02,0.24,1.43,3.31
2013-03-25,8.41,8.44,8.47,8.38,20888,17590000,0.03,0.36,1.07,2.71
2013-03-26,8.42,8.20,8.43,8.13,27353,22490000,-0.24,-2.84,3.55,3.55
2013-03-27,8.21,8.22,8.29,8.13,20564,16880000,0.02,0.24,1.95,2.67
2013-03-28,8.18,7.98,8.18,7.92,25595,20540000,-0.24,-2.92,3.16,3.32
2013-03-29,8.06,7.90,8.06,7.87,14854,11820000,-0.08,-1.00,2.38,1.93
2013-04-01,7.78,7.87,7.94,7.78,13334,10500000,-0.03,-0.38,2.03,1.73
2013-04-02,7.87,7.73,7.94,7.69,16454,12830000,-0.14,-1.78,3.18,2.14
2013-04-03,7.74,7.61,7.77,7.55,14989,11420000,-0.12,-1.55,2.85,1.95
2013-04-08,7.53,7.64,7.65,7.10,13326,9960000,0.03,0.39,7.23,1.73
2013-04-09,7.66,7.73,7.78,7.62,11471,8840000,0.09,1.18,2.09,1.49
2013-04-10,7.74,7.68,7.74,7.60,8832,6780000,-0.05,-0.65,1.81,1.15
2013-04-11,7.70,7.56,7.76,7.55,8661,6610000,-0.12,-1.56,2.73,1.12
2013-04-12,7.51,7.57,7.61,7.51,8903,6740000,0.01,0.13,1.32,1.16
2013-04-15,7.50,7.72,7.86,7.50,21550,16560000,0.15,1.98,4.76,2.80
2013-04-16,7.72,7.79,7.83,7.58,18236,14100000,0.07,0.91,3.24,2.37
2013-04-17,7.76,7.77,7.82,7.69,10837,8390000,-0.02,-0.26,1.67,1.41
2013-04-18,7.72,7.75,7.79,7.61,6842,5290000,-0.02,-0.26,2.32,0.89
2013-04-19,7.74,7.86,7.89,7.71,15138,11860000,0.11,1.42,2.32,1.97
2013-04-22,7.77,7.84,7.89,7.75,11779,9230000,-0.02,-0.25,1.78,1.53
2013-04-23,7.85,7.52,7.87,7.49,14868,11370000,-0.32,-4.08,4.85,1.93
2013-04-24,7.56,7.60,7.63,7.48,11647,8800000,0.08,1.06,1.99,1.51
2013-04-25,7.58,7.29,7.61,7.26,14147,10600000,-0.31,-4.08,4.61,1.84
2013-04-26,7.32,7.24,7.38,7.23,11113,8120000,-0.05,-0.69,2.06,1.44
2013-05-02,7.30,7.44,7.59,7.26,13194,9780000,0.20,2.76,4.56,1.71
2013-05-03,7.46,7.54,7.59,7.45,12068,9100000,0.10,1.34,1.88,1.07
2013-05-06,7.54,7.77,7.82,7.50,19789,15220000,0.23,3.05,4.24,1.76
2013-05-07,7.77,7.78,7.81,7.68,15425,11950000,0.01,0.13,1.67,1.37
2013-05-08,7.82,7.81,7.87,7.72,15805,12310000,0.03,0.39,1.93,1.41
2013-05-09,7.76,7.79,7.80,7.66,15602,12080000,-0.02,-0.26,1.79,1.39
2013-05-10,7.73,7.83,7.84,7.73,16880,13160000,0.04,0.51,1.41,1.50
2013-05-13,7.83,7.96,7.99,7.83,23078,18320000,0.13,1.66,2.04,2.05
2013-05-14,7.96,7.80,7.96,7.76,11280,8830000,-0.16,-2.01,2.51,1.00
2013-05-15,7.80,7.89,7.90,7.80,8137,6390000,0.09,1.15,1.28,0.72
2013-05-16,7.88,7.97,7.99,7.83,23627,18750000,0.08,1.01,2.03,2.10
2013-05-17,7.80,7.85,7.86,7.75,16493,12870000,0.08,1.03,1.42,1.47
2013-05-20,7.85,8.00,8.07,7.82,25497,20360000,0.15,1.91,3.18,2.27
2013-05-21,7.98,8.13,8.14,7.97,26506,21310000,0.13,1.63,2.13,2.36
2013-05-22,8.12,8.05,8.20,7.99,25338,20480000,-0.08,-0.98,2.58,2.25
2013-05-23,8.01,8.04,8.15,7.98,19399,15670000,-0.01,-0.12,2.11,1.73
2013-05-24,8.04,8.05,8.12,7.93,24002,19260000,0.01,0.12,2.36,2.13
2013-05-27,8.07,8.06,8.11,7.98,20036,16120000,0.01,0.12,1.61,1.78
2013-05-28,8.09,8.12,8.12,7.95,28812,23220000,0.06,0.74,2.11,2.56
2013-05-29,8.16,8.27,8.34,8.10,39434,32400000,0.15,1.85,2.96,3.51
2013-05-30,8.21,8.22,8.26,8.15,27308,22380000,-0.05,-0.60,1.33,2.43
2013-05-31,8.26,8.24,8.43,8.23,43994,36580000,0.02,0.24,2.43,3.91
2013-06-03,8.20,8.06,8.28,8.03,29945,24400000,-0.18,-2.18,3.03,2.66
2013-06-04,8.06,7.96,8.11,7.88,20318,16220000,-0.10,-1.24,2.85,1.81
2013-06-05,7.96,7.94,7.98,7.84,13566,10730000,-0.02,-0.25,1.76,1.21
2013-06-06,7.93,7.83,7.98,7.79,12145,9580000,-0.11,-1.39,2.39,1.08
2013-06-07,7.83,7.71,7.87,7.68,13072,10160000,-0.12,-1.53,2.43,1.16
2013-06-13,7.65,7.40,7.65,7.36,11529,8570000,-0.31,-4.02,3.76,1.03
2013-06-14,7.39,7.48,7.52,7.39,9267,6910000,0.08,1.08,1.76,0.82
2013-06-17,7.48,7.44,7.54,7.41,8352,6220000,-0.04,-0.53,1.74,0.74
2013-06-18,7.49,7.48,7.50,7.40,7397,5510000,0.04,0.54,1.34,0.66
2013-06-19,7.46,7.36,7.46,7.20,11375,8280000,-0.12,-1.60,3.48,1.01
2013-06-20,7.31,7.09,7.32,7.07,10526,7560000,-0.27,-3.67,3.40,0.94
2013-06-21,7.05,7.08,7.10,6.91,9547,6690000,-0.01,-0.14,2.68,0.85
2013-06-24,7.07,6.63,7.07,6.60,16133,10970000,-0.45,-6.36,6.64,1.43
2013-06-25,6.54,6.61,6.73,6.19,18349,11920000,-0.02,-0.30,8.14,1.63
2013-06-26,6.54,6.67,6.72,6.54,11821,7850000,0.06,0.91,2.72,1.05
2013-06-27,6.66,6.60,6.75,6.51,12255,8160000,-0.07,-1.05,3.60,1.09
2013-06-28,6.57,6.63,6.70,6.40,10069,6630000,0.03,0.45,4.55,0.90
2013-07-01,6.63,6.68,6.69,6.50,9384,6190000,0.05,0.75,2.87,0.83
2013-07-02,6.66,6.77,6.78,6.59,9930,6630000,0.09,1.35,2.84,0.88
2013-07-03,6.73,6.70,6.73,6.56,9189,6110000,-0.07,-1.03,2.51,0.82
2013-07-04,6.68,6.77,6.82,6.55,15556,10430000,0.07,1.04,4.03,1.38
2013-07-05,6.72,6.76,6.82,6.66,10206,6900000,-0.01,-0.15,2.36,0.91
2013-07-08,6.65,6.41,6.65,6.40,10286,6680000,-0.35,-5.18,3.70,0.91
2013-07-09,6.45,6.48,6.50,6.33,6870,4420000,0.07,1.09,2.65,0.61
2013-07-10,6.47,6.70,6.71,6.42,10802,7120000,0.22,3.40,4.48,0.96
2013-07-11,6.72,6.83,6.96,6.68,23137,15850000,0.13,1.94,4.18,2.06
2013-07-12,6.85,6.94,6.96,6.80,28152,19410000,0.11,1.61,2.34,2.50
2013-07-15,6.93,7.16,7.19,6.91,32194,22850000,0.22,3.17,4.03,2.86
2013-07-16,7.17,7.27,7.28,7.13,21321,15370000,0.11,1.54,2.10,1.90
2013-07-17,7.25,7.19,7.35,7.17,26141,18990000,-0.08,-1.10,2.48,2.32
2013-07-18,7.12,7.27,7.28,7.12,20929,15060000,0.08,1.11,2.23,1.86
2013-07-19,7.05,7.31,7.60,7.05,42183,31440000,0.04,0.55,7.57,3.75
2013-07-22,7.32,7.25,7.59,7.18,53538,39400000,-0.06,-0.82,5.61,4.76
2013-07-23,7.20,7.16,7.25,7.00,71503,51020000,-0.09,-1.24,3.45,6.36
2013-07-24,7.14,6.95,7.16,6.80,48446,33730000,-0.21,-2.93,5.03,4.31
2013-07-25,6.90,6.84,7.00,6.83,22564,15620000,-0.11,-1.58,2.45,2.01
2013-07-26,6.81,6.84,6.93,6.80,17562,12020000,0.00,0.00,1.90,1.56
2013-07-29,6.76,6.63,6.77,6.59,16797,11180000,-0.21,-3.07,2.63,1.49
2013-07-30,6.67,6.74,6.79,6.59,14701,9870000,0.11,1.66,3.02,1.31
2013-07-31,6.76,6.88,6.94,6.76,21350,14670000,0.14,2.08,2.67,1.90
2013-08-01,6.88,7.01,7.02,6.87,26469,18420000,0.13,1.89,2.18,2.35
2013-08-02,7.02,7.03,7.06,6.97,16920,11870000,0.02,0.29,1.28,1.50
2013-08-05,7.01,7.23,7.26,7.01,27194,19550000,0.20,2.85,3.56,2.42
2013-08-06,7.29,7.45,7.51,7.16,39087,28960000,0.22,3.04,4.84,3.48
2013-08-07,7.44,7.35,7.65,7.35,35598,26730000,-0.10,-1.34,4.03,3.17
2013-08-08,7.35,7.55,7.69,7.35,43588,33060000,0.20,2.72,4.63,3.88
2013-08-09,7.55,7.60,7.80,7.52,43512,33140000,0.05,0.66,3.71,3.87
2013-08-12,7.65,7.75,8.00,7.51,74440,57680000,0.15,1.97,6.45,6.62
2013-08-13,7.73,7.60,7.95,7.55,45955,35250000,-0.15,-1.94,5.16,4.09
2013-08-14,7.60,7.47,7.66,7.40,28632,21530000,-0.13,-1.71,3.42,2.55
2013-08-15,7.47,7.31,7.52,7.30,21784,16130000,-0.16,-2.14,2.95,1.94
2013-08-16,7.26,7.28,7.47,7.25,23271,17120000,-0.03,-0.41,3.01,2.07
2013-08-19,7.21,7.39,7.42,7.20,18564,13630000,0.11,1.51,3.02,1.65
2013-08-20,7.44,7.32,7.45,7.31,15131,11160000,-0.07,-0.95,1.89,1.35
2013-08-21,7.33,7.69,7.71,7.25,42189,31780000,0.37,5.05,6.28,3.75
2013-08-22,7.67,7.58,7.81,7.53,27122,20730000,-0.11,-1.43,3.64,2.41
2013-08-23,7.57,7.52,7.65,7.35,25925,19550000,-0.06,-0.79,3.96,2.31
2013-08-26,7.51,7.76,7.77,7.42,29692,22630000,0.24,3.19,4.65,2.64
2013-08-27,7.70,7.74,7.80,7.67,24895,19260000,-0.02,-0.26,1.68,2.21
2013-08-28,7.68,7.60,7.72,7.59,22375,17130000,-0.14,-1.81,1.68,1.99
2013-08-29,7.61,7.75,7.79,7.56,21034,16140000,0.15,1.97,3.03,1.87
2013-08-30,7.74,7.75,7.91,7.65,37512,29210000,0.00,0.00,3.35,3.34
2013-09-02,7.78,7.61,7.79,7.56,24772,18870000,-0.14,-1.81,2.97,2.20
2013-09-03,7.62,7.70,7.71,7.58,21697,16620000,0.09,1.18,1.71,1.93
2013-09-04,7.73,7.60,7.73,7.55,27943,21300000,-0.10,-1.30,2.34,2.48
2013-09-05,7.60,7.55,7.60,7.45,26992,20260000,-0.05,-0.66,1.97,2.40
2013-09-06,7.51,7.55,7.58,7.50,14021,10570000,0.00,0.00,1.06,1.25
2013-09-09,7.64,7.68,7.69,7.55,27287,20840000,0.13,1.72,1.85,2.43
2013-09-10,7.70,7.81,7.84,7.65,32964,25530000,0.13,1.69,2.47,2.93
2013-09-11,7.83,7.84,7.87,7.72,30033,23400000,0.03,0.38,1.92,2.67
2013-09-12,7.85,8.14,8.24,7.83,70119,56350000,0.30,3.83,5.23,6.24
2013-09-13,8.23,8.08,8.23,8.06,42407,34500000,-0.06,-0.74,2.09,3.77
2013-09-16,8.00,8.02,8.14,7.86,31494,25140000,-0.06,-0.74,3.47,2.80
2013-12-16,8.82,8.82,8.82,8.82,6773,5970000,0.80,9.98,0.00,0.60
2013-12-17,9.70,9.70,9.70,9.70,16254,15770000,0.88,9.98,0.00,1.45
2013-12-18,10.50,10.67,10.67,10.07,216509,225610000,0.97,10.00,6.19,19.25
2013-12-19,10.59,10.41,11.06,10.18,285765,301370000,-0.26,-2.44,8.25,25.41
2013-12-20,10.20,9.41,10.45,9.37,210825,208180000,-1.00,-9.61,10.37,18.75
2013-12-23,9.41,9.06,9.42,8.78,154901,140440000,-0.35,-3.72,6.80,13.77
2013-12-24,8.97,9.18,9.37,8.88,146883,133980000,0.12,1.32,5.41,13.06
2013-12-25,9.03,9.14,9.22,8.97,92570,84300000,-0.04,-0.44,2.72,8.23
2013-12-26,9.20,8.70,9.20,8.66,80147,71850000,-0.44,-4.81,5.91,7.13
2013-12-27,8.67,8.86,8.98,8.61,71463,62840000,0.16,1.84,4.25,6.35
2013-12-30,8.91,8.87,8.92,8.72,54267,47820000,0.01,0.11,2.26,4.83
2013-12-31,8.82,8.87,8.94,8.75,41975,37140000,0.00,0.00,2.14,3.73
2014-01-02,8.80,9.13,9.15,8.78,62517,56160000,0.26,2.93,4.17,5.56
2014-01-03,9.09,8.96,9.19,8.89,51480,46330000,-0.17,-1.86,3.29,4.58
2014-01-06,8.98,8.28,8.98,8.16,63834,54120000,-0.68,-7.59,9.15,5.68
2014-01-07,8.20,8.31,8.36,8.11,31784,26300000,0.03,0.36,3.02,2.83
2014-01-08,8.30,8.25,8.39,8.17,32556,27010000,-0.06,-0.72,2.65,2.89
2014-01-09,8.22,8.00,8.26,7.98,38828,31550000,-0.25,-3.03,3.39,3.45
2014-01-10,8.00,8.28,8.40,7.88,62711,51330000,0.28,3.50,6.50,5.58
2014-01-13,8.30,8.11,8.35,8.04,31338,25500000,-0.17,-2.05,3.74,2.79
2014-01-14,8.18,8.34,8.34,8.10,38840,32150000,0.23,2.84,2.96,3.45
2014-01-15,8.27,8.34,8.37,8.23,34193,28330000,0.00,0.00,1.68,3.04
2014-01-16,8.33,8.57,8.67,8.28,67901,57520000,0.23,2.76,4.68,6.04
2014-01-17,8.50,8.27,8.51,8.22,42321,35330000,-0.30,-3.50,3.38,3.76
2014-01-20,8.26,8.34,8.39,8.11,23932,19810000,0.07,0.85,3.39,2.13
2014-01-21,8.29,8.36,8.44,8.29,24430,20420000,0.02,0.24,1.80,2.17
2014-01-22,8.35,8.57,8.60,8.29,50225,42600000,0.21,2.51,3.71,4.47
2014-01-23,8.51,8.58,8.66,8.44,47264,40360000,0.01,0.12,2.57,4.20
2014-01-24,8.58,8.79,8.87,8.53,66671,58310000,0.21,2.45,3.96,5.93
2014-01-27,8.75,8.67,8.94,8.66,47698,41950000,-0.12,-1.37,3.19,4.24
2014-01-28,8.70,8.83,8.86,8.52,37051,32160000,0.16,1.85,3.92,3.29
2014-01-29,8.77,8.77,8.85,8.73,28347,24940000,-0.06,-0.68,1.36,2.52
2014-01-30,8.68,8.63,8.78,8.61,19470,16880000,-0.14,-1.60,1.94,1.73
2014-02-07,8.52,8.55,8.56,8.36,25363,21490000,-0.08,-0.93,2.32,2.26
2014-02-10,8.55,8.92,8.94,8.55,51642,45470000,0.37,4.33,4.56,4.59
2014-02-11,8.90,8.95,9.11,8.82,64002,57470000,0.03,0.34,3.25,5.69
2014-02-12,8.95,9.39,9.76,8.91,104437,98150000,0.44,4.92,9.50,9.29
2014-02-13,9.40,9.09,9.43,9.07,60621,55790000,-0.30,-3.19,3.83,5.39
2014-02-14,9.10,9.24,9.31,9.09,39128,36100000,0.15,1.65,2.42,3.48
2014-02-17,9.34,9.44,9.47,9.26,48159,45160000,0.20,2.16,2.27,4.28
2014-02-18,9.55,9.32,9.55,9.30,44787,41990000,-0.12,-1.27,2.65,3.98
2014-02-19,9.31,9.17,9.31,9.10,43461,39920000,-0.15,-1.61,2.25,3.86
2014-02-20,9.17,9.22,9.42,9.09,47036,43590000,0.05,0.55,3.60,4.18
2014-02-21,9.20,9.09,9.20,8.93,36592,33160000,-0.13,-1.41,2.93,3.25
2014-02-24,9.12,8.78,9.12,8.71,38383,34030000,-0.31,-3.41,4.51,3.41
2014-02-25,8.84,8.38,8.92,8.36,33803,29450000,-0.40,-4.56,6.38,3.01
2014-02-26,8.39,8.46,8.48,8.25,23896,20000000,0.08,0.95,2.74,2.12
2014-02-27,8.46,8.33,8.58,8.30,22851,19280000,-0.13,-1.54,3.31,2.03
2014-02-28,8.29,8.69,8.73,8.25,26926,22960000,0.36,4.32,5.76,2.39
2014-03-03,8.62,8.80,8.86,8.55,23590,20640000,0.11,1.27,3.57,2.10
2014-03-04,8.81,8.97,9.21,8.74,41824,37720000,0.17,1.93,5.34,3.72
2014-03-05,9.07,8.81,9.08,8.78,28254,25050000,-0.16,-1.78,3.34,2.51
2014-03-06,8.77,8.68,8.82,8.52,21351,18460000,-0.13,-1.48,3.41,1.90
2014-03-07,8.65,8.54,8.80,8.51,18692,16120000,-0.14,-1.61,3.34,1.66
2014-03-10,8.41,8.15,8.41,8.15,22275,18440000,-0.39,-4.57,3.04,1.98
2014-03-11,8.14,8.25,8.30,8.09,15388,12620000,0.10,1.23,2.58,1.37
2014-03-12,8.24,8.23,8.30,8.13,13824,11360000,-0.02,-0.24,2.06,1.23
2014-03-13,8.27,8.34,8.39,8.23,11776,9800000,0.11,1.34,1.94,1.05
2014-03-14,8.35,8.30,8.35,8.23,8036,6650000,-0.04,-0.48,1.44,0.71
2014-03-17,8.32,8.46,8.48,8.30,13002,10930000,0.16,1.93,2.17,1.16
2014-03-18,8.48,8.43,8.50,8.35,15732,13250000,-0.03,-0.35,1.77,1.40
2014-03-19,8.45,8.31,8.45,8.22,18825,15580000,-0.12,-1.42,2.73,1.67
2014-03-20,8.30,8.18,8.37,8.18,13646,11310000,-0.13,-1.56,2.29,1.21
2014-03-21,8.10,8.44,8.45,8.10,19508,16180000,0.26,3.18,4.28,1.73
2014-03-24,8.40,8.58,8.62,8.36,23385,19930000,0.14,1.66,3.08,2.08
2014-03-25,8.61,8.64,8.86,8.61,40173,35090000,0.06,0.70,2.91,3.57
2014-03-26,8.72,8.55,8.72,8.52,18080,15550000,-0.09,-1.04,2.31,1.61
2014-03-27,8.50,8.56,8.73,8.50,18135,15630000,0.01,0.12,2.69,1.61
2014-03-28,8.56,8.34,8.61,8.33,17768,14990000,-0.22,-2.57,3.27,1.58
2014-03-31,8.34,8.33,8.46,8.29,9214,7720000,-0.01,-0.12,2.04,0.82
2014-04-01,8.33,8.49,8.49,8.32,8258,6950000,0.16,1.92,2.04,0.73
2014-04-02,8.50,8.60,8.61,8.50,13505,11560000,0.11,1.30,1.30,1.20
2014-04-03,8.60,8.60,8.63,8.50,10189,8720000,0.00,0.00,1.51,0.91
2014-04-04,8.60,8.67,8.72,8.52,19821,17180000,0.07,0.81,2.33,1.76
2014-04-08,8.68,8.74,8.78,8.61,22817,19900000,0.07,0.81,1.96,2.03
2014-04-09,8.78,8.71,8.79,8.66,21305,18530000,-0.03,-0.34,1.49,1.89
2014-04-10,8.70,8.76,8.81,8.61,28888,25260000,0.05,0.57,2.30,2.57
2014-04-11,8.75,9.00,9.07,8.71,60967,54450000,0.24,2.74,4.11,5.42
2014-04-14,8.98,9.15,9.21,8.86,65221,59300000,0.15,1.67,3.89,5.80
2014-04-15,9.14,9.07,9.27,9.01,47606,43490000,-0.08,-0.87,2.84,4.23
2014-04-16,9.08,9.08,9.20,9.03,29113,26540000,0.01,0.11,1.87,2.59
2014-04-17,9.04,8.91,9.12,8.90,26623,23920000,-0.17,-1.87,2.42,2.37
2014-04-18,8.89,8.85,8.97,8.77,30597,27060000,-0.06,-0.67,2.24,2.72
2014-04-21,8.78,8.82,8.99,8.78,22222,19780000,-0.03,-0.34,2.37,1.98
2014-04-22,8.84,9.15,9.15,8.75,43807,39350000,0.33,3.74,4.54,3.90
2014-04-23,9.21,9.10,9.28,9.00,34620,31500000,-0.05,-0.55,3.06,3.08
2014-04-24,9.08,8.65,9.11,8.60,26990,23910000,-0.45,-4.95,5.60,2.40
2014-04-25,8.50,8.35,8.67,8.30,24036,20400000,-0.30,-3.47,4.28,2.14
2014-04-28,8.36,8.08,8.36,8.01,16553,13490000,-0.27,-3.23,4.19,1.47
2014-04-29,8.06,8.30,8.31,8.06,10170,8330000,0.22,2.72,3.09,0.90
2014-04-30,8.29,8.25,8.31,8.09,11851,9720000,-0.05,-0.60,2.65,1.05
2014-05-05,8.22,8.24,8.25,8.13,14314,11720000,-0.01,-0.12,1.45,1.27
2014-05-06,8.31,8.42,8.43,8.24,17423,14590000,0.18,2.18,2.31,1.55
2014-05-07,8.35,8.18,8.44,8.15,10457,8690000,-0.24,-2.85,3.44,0.93
2014-05-08,8.14,8.50,8.55,8.12,23205,19510000,0.32,3.91,5.26,2.06
2014-05-09,8.45,8.51,8.54,8.39,13854,11710000,0.01,0.12,1.76,1.23
2014-05-12,8.55,8.79,8.88,8.50,46361,40400000,0.28,3.29,4.47,4.12
2014-05-13,8.66,8.68,8.79,8.60,27977,24260000,-0.11,-1.25,2.16,2.49
2014-05-14,8.67,8.73,8.74,8.64,10602,9220000,0.05,0.58,1.15,0.94
2014-05-15,8.73,8.34,8.75,8.33,16527,14050000,-0.39,-4.47,4.81,1.47
2014-05-16,8.30,8.27,8.30,8.20,12477,10290000,-0.07,-0.84,1.20,1.11
2014-05-19,8.29,8.31,8.37,8.20,6834,5660000,0.04,0.48,2.06,0.61
2014-05-20,8.44,8.35,8.44,8.27,6544,5450000,0.04,0.48,2.05,0.58
2014-05-21,8.32,8.39,8.40,8.26,6263,5220000,0.04,0.48,1.68,0.56
2014-05-22,8.37,8.37,8.46,8.35,6918,5820000,-0.02,-0.24,1.31,0.62
2014-05-23,8.34,8.41,8.43,8.28,5065,4230000,0.04,0.48,1.79,0.45
2014-05-26,8.38,8.57,8.64,8.38,10657,9090000,0.16,1.90,3.09,0.95
2014-05-27,8.57,8.51,8.66,8.48,12238,10470000,-0.06,-0.70,2.10,1.09
2014-05-28,8.55,8.57,8.59,8.42,9999,8510000,0.06,0.71,2.00,0.89
2014-05-29,8.56,8.43,8.64,8.40,9070,7740000,-0.14,-1.63,2.80,0.81
2014-05-30,8.50,8.37,8.50,8.35,7971,6690000,-0.06,-0.71,1.78,0.71
2014-06-03,8.37,8.50,8.51,8.32,13427,11290000,0.13,1.55,2.27,1.19
2014-06-04,8.47,8.57,8.58,8.45,15444,13130000,0.07,0.82,1.53,1.37
2014-06-05,8.54,8.82,8.83,8.48,46363,40390000,0.25,2.92,4.08,4.12
2014-06-06,8.80,8.88,8.90,8.70,52767,46390000,0.06,0.68,2.27,4.69
2014-06-09,8.80,8.66,8.94,8.63,40555,35620000,-0.22,-2.48,3.49,3.61
2014-06-10,8.61,8.71,8.72,8.54,20241,17470000,0.05,0.58,2.08,1.80
2014-06-11,8.66,8.70,8.75,8.60,13543,11760000,-0.01,-0.11,1.72,1.20
2014-06-12,8.66,8.63,8.72,8.62,12809,11090000,-0.07,-0.80,1.15,1.14
2014-06-13,8.63,8.79,8.82,8.61,20958,18340000,0.16,1.85,2.43,1.86
2014-06-16,8.80,8.86,8.95,8.75,27626,24510000,0.07,0.80,2.28,2.46
2014-06-17,8.85,8.74,8.90,8.72,15840,13920000,-0.12,-1.35,2.03,1.41
2014-06-18,8.72,9.05,9.09,8.67,50049,44680000,0.31,3.55,4.81,4.45
2014-06-19,9.00,8.79,9.00,8.70,32569,28900000,-0.26,-2.87,3.31,2.90
2014-06-20,8.69,8.33,8.69,8.19,28519,23930000,-0.28,-3.25,5.81,2.54
2014-06-23,8.31,8.42,8.48,8.30,21255,17880000,0.09,1.08,2.16,1.89
2014-06-24,8.40,8.46,8.48,8.37,12356,10420000,0.04,0.48,1.31,1.10
2014-07-03,8.23,8.30,8.44,8.12,63841,52770000,-0.16,-1.89,3.78,5.68
2014-07-04,8.29,8.73,8.78,8.28,65235,55690000,0.43,5.18,6.02,5.80
2014-07-07,8.68,8.88,8.93,8.65,69405,61280000,0.15,1.72,3.21,6.17
2014-07-08,8.85,8.85,8.88,8.71,36174,31800000,-0.03,-0.34,1.91,3.22
2014-07-09,8.83,8.70,8.89,8.65,40622,35670000,-0.15,-1.69,2.71,3.61
2014-07-10,8.70,8.95,8.96,8.61,49212,43210000,0.25,2.87,4.02,4.38
2014-07-11,8.86,8.90,9.09,8.80,46770,41710000,-0.05,-0.56,3.24,4.16
2014-07-14,8.85,8.94,8.96,8.71,43161,38180000,0.04,0.45,2.81,3.84
2014-07-15,8.93,9.06,9.18,8.90,81350,73950000,0.12,1.34,3.13,7.23
2014-07-16,9.07,8.76,9.20,8.75,55111,49290000,-0.30,-3.31,4.97,4.90
2014-07-17,8.77,8.92,8.93,8.72,31847,28200000,0.16,1.83,2.40,2.83
2014-07-18,8.85,8.81,8.90,8.74,26297,23200000,-0.11,-1.23,1.79,2.34
2014-07-21,8.98,9.04,9.15,8.84,66720,60110000,0.23,2.61,3.52,5.93
2014-07-22,8.98,9.04,9.10,8.89,33638,30260000,0.00,0.00,2.32,2.99
2014-07-23,9.09,8.88,9.10,8.83,32573,29170000,-0.16,-1.77,2.99,2.90
2014-07-24,8.84,8.87,8.94,8.72,33910,29880000,-0.01,-0.11,2.48,3.02
2014-07-25,8.87,9.13,9.15,8.77,51700,46640000,0.26,2.93,4.28,4.60
2014-07-28,9.22,9.19,9.28,9.07,68556,62910000,0.06,0.66,2.30,6.10
2014-07-29,9.14,9.38,9.41,9.09,72531,67240000,0.19,2.07,3.48,6.45
2014-07-30,9.30,9.51,9.57,9.20,71541,67280000,0.13,1.39,3.94,6.36
2014-07-31,9.58,9.58,9.65,9.41,55377,52760000,0.07,0.74,2.52,4.92
2014-08-01,9.54,9.64,9.72,9.41,92490,88400000,0.06,0.63,3.24,8.22
2014-08-04,9.61,10.16,10.48,9.57,164030,163760000,0.52,5.39,9.44,14.59
2014-08-05,10.00,9.99,10.08,9.85,86347,85960000,-0.17,-1.67,2.26,7.68
2014-08-06,9.92,9.94,10.07,9.86,52497,52110000,-0.05,-0.50,2.10,4.67
2014-08-07,9.97,9.55,9.97,9.53,82611,80030000,-0.39,-3.92,4.43,7.35
2014-08-08,9.58,9.57,9.66,9.46,41831,39970000,0.02,0.21,2.09,3.72
2014-08-11,9.63,9.73,9.74,9.51,44218,42650000,0.16,1.67,2.40,3.93
2014-08-12,9.72,9.65,9.72,9.60,33380,32160000,-0.08,-0.82,1.23,2.97
2014-08-13,9.66,9.73,9.74,9.55,51020,49280000,0.08,0.83,1.97,4.54
2014-08-14,9.67,9.72,9.82,9.66,47254,46020000,-0.01,-0.10,1.64,4.20
2014-08-15,9.72,10.02,10.05,9.66,69317,68460000,0.30,3.09,4.01,6.16
2014-08-18,9.99,10.16,10.17,9.90,103166,103780000,0.14,1.40,2.69,9.17
2014-08-19,10.08,10.12,10.15,9.95,76741,76930000,-0.04,-0.39,1.97,6.82
2014-08-20,10.00,9.91,10.18,9.86,62176,62340000,-0.21,-2.08,3.16,5.53
2014-08-21,9.91,9.94,9.97,9.75,41822,41280000,0.03,0.30,2.22,3.72
2014-08-22,9.93,9.95,9.99,9.86,28660,28480000,0.01,0.10,1.31,2.55
2014-08-25,9.95,9.62,9.95,9.58,49446,48030000,-0.33,-3.32,3.72,4.40
2014-08-26,9.61,9.32,9.65,9.30,39727,37690000,-0.30,-3.12,3.64,3.53
2014-08-27,9.32,9.36,9.45,9.31,20267,18990000,0.04,0.43,1.50,1.80
2014-08-28,9.38,9.43,9.48,9.35,21900,20650000,0.07,0.75,1.39,1.95
2014-08-29,9.43,9.48,9.49,9.38,16755,15830000,0.05,0.53,1.17,1.49
2014-09-01,9.48,9.56,9.57,9.44,26805,25490000,0.08,0.84,1.37,2.38
2014-09-02,9.56,9.69,9.70,9.55,42039,40540000,0.13,1.36,1.57,3.74
2014-09-03,9.68,9.71,9.74,9.61,36352,35200000,0.02,0.21,1.34,3.23
2014-09-04,9.71,10.13,10.19,9.65,93438,92850000,0.42,4.33,5.56,8.31
2014-09-05,10.05,10.28,10.63,10.03,161933,167270000,0.15,1.48,5.92,14.40
2014-09-09,10.18,10.13,10.43,10.02,86895,88380000,-0.15,-1.46,3.99,7.73
2014-09-10,10.07,10.14,10.16,9.90,55605,55770000,0.01,0.10,2.57,4.94
2014-09-19,10.66,11.15,11.15,10.51,60668,66520000,1.01,9.96,6.31,5.39
2014-09-22,11.50,10.95,11.95,10.86,238465,271620000,-0.20,-1.79,9.78,21.20
2014-09-23,10.92,11.06,11.58,10.92,147089,164660000,0.11,1.00,6.03,13.08
2014-09-24,10.90,10.91,11.06,10.60,115439,124690000,-0.15,-1.36,4.16,10.26
2014-09-25,10.88,10.94,11.15,10.86,97524,107260000,0.03,0.28,2.66,8.67
2014-09-26,10.81,11.40,11.46,10.81,163959,183890000,0.46,4.20,5.94,14.58
2014-09-29,11.25,11.45,11.64,11.23,151648,173790000,0.05,0.44,3.60,13.48
2014-09-30,11.38,11.24,11.40,11.20,77141,86870000,-0.21,-1.83,1.75,6.86
2014-10-08,11.24,11.40,11.42,11.04,60295,67770000,0.16,1.42,3.38,5.36
2014-10-09,11.35,11.65,11.78,11.31,153210,177250000,0.25,2.19,4.12,13.62
2014-10-10,11.49,11.25,11.50,11.24,76813,87280000,-0.40,-3.43,2.23,6.83
2014-10-13,11.29,11.06,11.29,10.85,56809,62540000,-0.19,-1.69,3.91,5.05
2014-10-14,11.05,11.46,11.49,11.00,74006,83220000,0.40,3.62,4.43,6.58
2014-10-15,11.41,11.50,11.59,11.35,118921,136620000,0.04,0.35,2.09,10.57
2014-10-16,11.35,11.34,11.67,11.22,114723,131780000,-0.16,-1.39,3.91,10.20
2014-10-17,11.26,11.42,11.60,11.02,100268,113360000,0.08,0.71,5.11,8.92
2014-10-20,11.41,11.47,11.48,11.24,70822,80510000,0.05,0.44,2.10,6.30
2014-10-21,11.55,12.02,12.14,11.45,182299,215370000,0.55,4.80,6.02,16.21
2014-10-22,11.90,11.39,11.99,11.25,102692,119740000,-0.63,-5.24,6.16,9.13
2014-10-23,11.23,10.56,11.23,10.52,93082,101230000,-0.83,-7.29,6.23,8.28
2014-10-24,10.57,10.52,10.67,10.47,36742,38780000,-0.04,-0.38,1.89,3.27
2014-10-27,10.44,10.63,10.65,10.22,28152,29380000,0.11,1.05,4.09,2.50
2014-10-28,10.61,10.81,10.88,10.60,42681,45960000,0.18,1.69,2.63,3.80
2014-10-29,10.83,10.95,11.00,10.68,63990,69460000,0.14,1.30,2.96,5.69
2014-10-30,10.85,11.27,11.29,10.78,86707,95400000,0.32,2.92,4.66,7.71
2014-10-31,11.20,11.74,12.34,11.19,212049,249070000,0.47,4.17,10.20,18.86
2014-11-03,11.50,11.64,11.79,11.40,89352,103590000,-0.10,-0.85,3.32,7.95
2014-11-04,11.53,11.46,11.64,11.45,48522,55830000,-0.18,-1.55,1.63,4.31
2014-11-05,11.45,11.46,11.75,11.38,43669,50450000,0.00,0.00,3.23,3.88
2014-11-06,11.58,11.12,11.59,10.92,89827,100150000,-0.34,-2.97,5.85,7.99
2014-11-07,11.16,10.90,11.17,10.80,57648,63580000,-0.22,-1.98,3.33,5.13
2014-11-10,10.87,11.09,11.09,10.85,35861,39360000,0.19,1.74,2.20,3.19
2014-11-11,11.08,10.53,11.08,10.42,56679,60660000,-0.56,-5.05,5.95,5.04
2014-11-12,10.58,10.80,10.82,10.52,30117,32240000,0.27,2.56,2.85,2.68
2014-11-13,10.75,10.55,10.78,10.53,33835,35930000,-0.25,-2.31,2.31,3.01
2014-11-14,10.48,10.39,10.57,10.32,27789,28890000,-0.16,-1.52,2.37,2.47
2014-11-17,10.43,10.67,10.70,10.36,25575,27000000,0.28,2.69,3.27,2.27
2014-11-18,10.68,10.82,10.87,10.54,38365,41210000,0.15,1.41,3.09,3.41
2014-11-19,10.75,11.01,11.06,10.73,46625,50910000,0.19,1.76,3.05,4.15
2014-11-20,11.00,11.17,11.24,10.90,86816,96440000,0.16,1.45,3.09,7.72
2014-11-21,11.04,11.05,11.12,10.89,64279,70850000,-0.12,-1.07,2.06,5.72
2014-11-24,11.09,10.95,11.11,10.93,46681,51490000,-0.10,-0.91,1.63,4.15
2014-11-25,10.95,10.98,11.01,10.82,45669,49780000,0.03,0.27,1.74,4.06
2014-11-26,10.95,11.09,11.10,10.87,43883,48190000,0.11,1.00,2.09,3.90
2014-11-27,11.10,11.26,11.38,11.09,73446,82260000,0.17,1.53,2.62,6.53
2014-11-28,11.20,11.03,11.30,10.88,62696,69610000,-0.23,-2.04,3.73,5.57
2014-12-01,11.05,10.88,11.13,10.83,44964,49070000,-0.15,-1.36,2.72,4.00
2014-12-02,10.86,11.01,11.07,10.86,38296,42110000,0.13,1.19,1.93,3.41
2014-12-03,11.01,10.96,11.01,10.80,51291,55810000,-0.05,-0.45,1.91,4.56
2014-12-04,11.00,11.18,11.23,10.95,71921,79980000,0.22,2.01,2.55,6.40
2014-12-05,11.19,10.79,11.20,10.40,64706,70110000,-0.39,-3.49,7.16,5.75
2014-12-08,10.66,10.64,10.75,10.56,42478,45150000,-0.15,-1.39,1.76,3.78
2014-12-09,10.62,10.02,10.70,9.99,64623,66760000,-0.62,-5.83,6.67,5.75
2014-12-10,10.06,10.27,10.32,10.03,21937,22380000,0.25,2.50,2.89,1.95
2014-12-11,10.30,10.51,10.56,10.20,41630,43560000,0.24,2.34,3.51,3.70
2014-12-12,10.51,10.70,10.72,10.45,42344,44940000,0.19,1.81,2.57,3.77
2014-12-15,10.72,11.02,11.03,10.64,99277,107950000,0.32,2.99,3.64,8.83
2014-12-16,11.05,11.00,11.10,10.92,61669,67850000,-0.02,-0.18,1.63,5.48
2014-12-17,10.97,11.09,11.13,10.90,113397,125270000,0.09,0.82,2.09,10.08
2014-12-18,11.01,11.15,11.25,10.90,103625,114800000,0.06,0.54,3.16,9.21
2014-12-19,11.14,11.05,11.14,10.75,63170,69140000,-0.10,-0.90,3.50,5.62
2014-12-22,10.95,10.25,11.06,10.21,45244,47900000,-0.80,-7.24,7.69,4.02
2014-12-23,10.21,10.55,10.58,10.21,31030,32320000,0.30,2.93,3.61,2.76
2014-12-24,10.55,11.00,11.05,10.45,126785,137440000,0.45,4.27,5.69,11.27
2014-12-25,10.92,11.35,11.48,10.92,157583,176990000,0.35,3.18,5.09,14.01
2014-12-26,11.11,11.08,11.25,10.96,98399,108850000,-0.27,-2.38,2.56,8.75
2014-12-29,11.10,10.75,11.11,10.60,62987,67880000,-0.33,-2.98,4.60,5.60
2014-12-30,10.64,10.78,10.90,10.61,42097,45380000,0.03,0.28,2.70,3.74
2014-12-31,10.70,10.76,10.85,10.62,30810,33020000,-0.02,-0.19,2.13,2.74
2015-01-05,10.78,10.72,10.78,10.45,34636,36820000,-0.04,-0.37,3.07,3.08
2015-01-06,10.69,10.93,10.96,10.61,40124,43360000,0.21,1.96,3.26,3.57
2015-01-07,10.93,11.10,11.28,10.88,89154,99180000,0.17,1.56,3.66,7.93
2015-01-08,11.10,10.90,11.10,10.85,46695,51240000,-0.20,-1.80,2.25,4.15
2015-01-09,10.80,10.84,11.23,10.73,63485,70330000,-0.06,-0.55,4.59,5.65
2015-01-12,10.78,10.68,10.86,10.61,43119,46210000,-0.16,-1.48,2.31,3.83
2015-01-13,10.64,10.69,10.75,10.58,21684,23120000,0.01,0.09,1.59,1.93
2015-01-14,10.63,10.37,10.69,10.32,34329,36020000,-0.32,-2.99,3.46,3.05
2015-01-15,10.42,10.39,10.59,10.33,20173,21060000,0.02,0.19,2.51,1.79
2015-01-16,10.40,10.52,10.59,10.35,25613,26760000,0.13,1.25,2.31,2.28
2015-01-19,10.37,10.09,10.50,10.00,34507,35280000,-0.43,-4.09,4.75,3.07
2015-01-20,10.10,10.39,10.40,10.10,32146,32870000,0.30,2.97,2.97,2.86
2015-01-21,10.40,10.57,10.58,10.33,35374,37140000,0.18,1.73,2.41,3.15
2015-01-22,10.57,10.65,10.67,10.52,22370,23710000,0.08,0.76,1.42,1.99
2015-01-23,10.62,10.37,10.65,10.28,32917,34480000,-0.28,-2.63,3.47,2.93
2015-01-26,10.38,10.55,10.58,10.15,26533,27760000,0.18,1.74,4.15,2.36
2015-01-27,10.50,10.63,10.66,10.47,35287,37350000,0.08,0.76,1.80,3.14
2015-01-28,10.51,10.77,10.85,10.51,50491,54160000,0.14,1.32,3.20,4.49
2015-01-29,10.65,10.61,10.74,10.54,29297,31160000,-0.16,-1.49,1.86,2.61
2015-01-30,10.64,10.67,10.83,10.63,34276,36720000,0.06,0.57,1.89,3.05
2015-02-02,10.60,10.39,10.65,10.35,27974,29220000,-0.28,-2.62,2.81,2.49
2015-02-03,10.39,10.46,10.49,10.29,20781,21640000,0.07,0.67,1.92,1.85
2015-02-04,10.48,10.36,10.54,10.32,28220,29440000,-0.10,-0.96,2.10,2.51
2015-02-05,10.46,10.30,10.50,10.29,21582,22420000,-0.06,-0.58,2.03,1.92
2015-02-06,10.31,10.34,10.51,10.26,25022,26070000,0.04,0.39,2.43,2.23
2015-02-09,10.31,10.19,10.32,10.15,13497,13800000,-0.15,-1.45,1.64,1.20
2015-02-10,10.19,10.18,10.26,10.10,18196,18490000,-0.01,-0.10,1.57,1.62
2015-02-11,10.21,10.28,10.34,10.18,13330,13670000,0.10,0.98,1.57,1.19
2015-02-12,10.33,10.33,10.36,10.25,14084,14520000,0.05,0.49,1.07,1.25
2015-02-13,10.36,10.46,10.54,10.36,21223,22220000,0.13,1.26,1.74,1.89
2015-02-16,10.46,10.57,10.60,10.44,23875,25190000,0.11,1.05,1.53,2.12
2015-02-17,10.60,10.53,10.63,10.47,19324,20320000,-0.04,-0.38,1.51,1.72
2015-02-25,10.55,10.47,10.57,10.45,21776,22880000,-0.06,-0.57,1.14,1.94
2015-02-26,10.48,10.64,10.65,10.43,32858,34740000,0.17,1.62,2.10,2.92
2015-02-27,10.65,10.87,11.13,10.62,72617,78670000,0.23,2.16,4.79,6.46
2015-03-02,10.87,10.96,10.97,10.83,56655,61760000,0.09,0.83,1.29,5.04
2015-03-03,10.94,10.79,10.94,10.76,39652,42960000,-0.17,-1.55,1.64,3.53
2015-03-04,10.78,10.98,10.98,10.69,50131,54580000,0.19,1.76,2.69,4.46
2015-03-05,10.98,11.06,11.08,10.84,47830,52470000,0.08,0.73,2.19,4.25
2015-03-06,11.06,10.90,11.09,10.87,42744,46950000,-0.16,-1.45,1.99,3.80
2015-03-09,10.94,10.93,10.96,10.70,35785,38840000,0.03,0.28,2.39,3.18
2015-03-10,10.93,11.13,11.25,10.90,77243,85650000,0.20,1.83,3.20,6.87
2015-03-11,11.14,11.26,11.29,10.93,68680,76230000,0.13,1.17,3.23,6.11
2015-03-12,11.36,11.43,11.78,11.32,104020,120060000,0.17,1.51,4.09,9.25
2015-03-13,11.33,11.54,11.62,11.26,63897,72900000,0.11,0.96,3.15,5.68
2015-03-16,11.55,11.64,11.80,11.55,81566,95160000,0.10,0.87,2.17,7.25
2015-03-17,11.64,11.60,11.72,11.53,75657,87840000,-0.04,-0.34,1.63,6.73
2015-03-18,11.60,11.73,11.89,11.55,70745,83160000,0.13,1.12,2.93,6.29
2015-03-19,11.73,11.64,11.83,11.55,75693,88540000,-0.09,-0.77,2.39,6.73
2015-03-20,11.66,11.71,11.73,11.56,62803,73200000,0.07,0.60,1.46,5.58
2015-03-23,11.74,12.02,12.09,11.74,100133,119830000,0.31,2.65,2.99,8.90
2015-03-24,12.02,11.71,12.02,11.46,79699,93640000,-0.31,-2.58,4.66,7.09
2015-03-25,11.69,12.08,12.24,11.61,94442,112700000,0.37,3.16,5.38,8.40
2015-03-26,12.08,11.99,12.32,11.86,63216,76160000,-0.09,-0.75,3.81,5.62
2015-03-27,12.03,12.09,12.22,11.86,53603,64410000,0.10,0.83,3.00,4.77
2015-03-30,12.25,12.20,12.42,12.10,68113,83360000,0.11,0.91,2.65,6.06
2015-03-31,12.25,12.12,12.29,12.04,56495,68670000,-0.08,-0.66,2.05,5.02
2015-04-01,12.14,12.36,12.40,12.05,70677,86640000,0.24,1.98,2.89,6.28
2015-04-02,12.33,12.51,12.53,12.20,76571,94640000,0.15,1.21,2.67,6.81
2015-04-03,12.44,12.82,12.84,12.38,97464,123710000,0.31,2.48,3.68,8.67
2015-04-07,12.84,12.96,13.09,12.75,80984,104500000,0.14,1.09,2.65,7.20
2015-04-08,13.00,12.72,13.14,12.30,86902,111090000,-0.24,-1.85,6.48,7.73
2015-04-09,12.76,12.57,12.76,12.15,74689,93060000,-0.15,-1.18,4.80,6.64
2015-04-10,12.49,13.22,13.29,12.40,101303,131610000,0.65,5.17,7.08,9.01
2015-04-13,13.22,13.45,13.64,13.10,82897,111640000,0.23,1.74,4.08,7.37
2015-04-14,13.50,13.23,13.50,13.02,64469,85600000,-0.22,-1.64,3.57,5.73
2015-04-15,13.13,13.90,14.48,12.85,127400,172960000,0.67,5.06,12.32,11.33
2015-04-16,13.60,14.13,14.40,13.58,106616,149690000,0.23,1.65,5.90,9.48
2015-04-17,14.21,14.17,14.44,13.90,97459,137750000,0.04,0.28,3.82,8.67
2015-04-20,13.70,13.14,13.80,13.01,131794,177490000,-1.03,-7.27,5.58,11.72
2015-04-21,13.14,13.47,13.55,13.06,63262,84130000,0.33,2.51,3.73,5.63
2015-04-22,14.02,13.75,14.02,13.61,98088,135570000,0.28,2.08,3.04,8.72
2015-04-23,13.85,13.68,13.89,13.59,100114,137700000,-0.07,-0.51,2.18,8.90
2015-04-24,13.38,13.40,13.56,13.01,82620,110170000,-0.28,-2.05,4.02,7.35
2015-04-27,13.50,13.60,13.98,13.40,79094,108020000,0.20,1.49,4.33,7.03
2015-04-28,13.62,13.04,13.66,12.92,68506,90640000,-0.56,-4.12,5.44,6.09
2015-04-29,13.17,13.40,13.49,13.00,77181,102040000,0.36,2.76,3.76,6.86
2015-04-30,13.40,13.25,13.80,13.23,93692,126650000,-0.15,-1.12,4.25,8.33
2015-05-04,13.19,13.45,13.60,12.98,70296,93970000,0.20,1.51,4.68,2.28
2015-05-05,13.40,13.00,13.49,12.92,55407,73070000,-0.45,-3.35,4.24,1.80
2015-05-06,13.01,12.46,13.16,12.31,53957,69490000,-0.54,-4.15,6.54,1.75
2015-05-07,12.45,12.05,12.45,12.00,45014,54910000,-0.41,-3.29,3.61,1.46
2015-05-08,12.26,12.51,12.56,12.18,45504,56120000,0.46,3.82,3.15,1.48
2015-05-11,12.70,12.87,12.93,12.58,57578,73560000,0.36,2.88,2.80,1.87
2015-05-12,12.88,12.95,13.03,12.76,53181,68650000,0.08,0.62,2.10,1.73
2015-05-13,13.26,12.93,13.26,12.88,57405,74700000,-0.02,-0.15,2.93,1.86
2015-05-14,12.90,13.06,13.13,12.72,57933,74960000,0.13,1.01,3.17,1.88
2015-05-15,13.06,12.73,13.06,12.60,52443,67170000,-0.33,-2.53,3.52,1.70
2015-05-18,12.61,12.98,13.09,12.56,57663,74260000,0.25,1.96,4.16,1.87
2015-05-19,12.98,13.47,13.50,12.98,94185,125340000,0.49,3.78,4.01,3.06
2015-05-20,13.47,13.44,13.75,13.30,122646,167160000,-0.03,-0.22,3.34,3.98
2015-05-21,13.44,13.83,13.87,13.44,110399,151160000,0.39,2.90,3.20,3.58
2015-05-22,14.00,14.19,14.25,13.70,118763,166100000,0.36,2.60,3.98,3.86
2015-05-25,14.13,15.01,15.16,13.90,154060,226670000,0.82,5.78,8.88,5.00
2015-05-26,15.08,15.28,15.35,14.90,131179,198550000,0.27,1.80,3.00,4.26
2015-05-27,15.25,15.88,16.17,14.85,166738,256000000,0.60,3.93,8.64,5.41
2015-05-28,15.80,15.95,17.47,15.40,250927,418440000,0.07,0.44,13.04,8.15
2015-05-29,16.40,15.98,16.65,15.00,195895,312950000,0.03,0.19,10.34,6.36
2015-06-01,16.01,17.17,17.24,15.85,173780,288560000,1.19,7.45,8.70,5.64
2015-06-02,17.20,17.78,17.79,16.82,154383,267250000,0.61,3.55,5.65,5.01
2015-06-03,17.80,16.96,17.80,16.77,143783,247240000,-0.82,-4.61,5.79,4.67
2015-06-04,16.76,16.40,16.96,15.44,111065,180730000,-0.56,-3.30,8.96,3.61
2015-06-05,16.70,16.84,17.25,16.50,107254,180700000,0.44,2.68,4.57,3.48
2015-06-08,16.66,16.32,16.90,15.94,102536,167910000,-0.52,-3.09,5.70,3.33
2015-06-09,16.33,16.45,16.56,16.11,69441,113570000,0.13,0.80,2.76,2.25
2015-06-10,16.30,16.86,17.09,16.11,93685,156590000,0.41,2.49,5.96,3.04
2015-06-11,16.73,17.50,17.52,16.69,114190,195140000,0.64,3.80,4.92,3.71
2015-06-12,17.50,17.55,17.80,17.11,124249,217340000,0.05,0.29,3.94,4.03
2015-06-15,17.55,18.20,18.70,17.30,144542,260160000,0.65,3.70,7.98,4.69
2015-06-16,17.88,16.62,17.88,16.50,115735,198530000,-1.58,-8.68,7.58,3.76
2015-06-17,16.71,16.92,17.15,15.79,89613,148010000,0.30,1.81,8.18,2.91
2015-06-18,16.80,16.69,17.65,16.51,116290,200220000,-0.23,-1.36,6.74,3.78
2015-06-19,16.08,15.02,16.49,15.02,78322,123840000,-1.67,-10.01,8.81,2.54
2015-06-23,14.60,15.22,15.30,13.62,76246,111460000,0.20,1.33,11.19,2.48
2015-06-24,15.22,15.53,15.68,14.82,77066,118290000,0.31,2.04,5.65,2.50
2015-06-25,15.53,14.90,15.63,14.51,70217,106900000,-0.63,-4.06,7.21,2.28
2015-06-26,14.60,13.60,15.39,13.41,90113,125950000,-1.30,-8.72,13.29,2.93
2015-06-29,14.01,12.87,14.14,12.26,93702,124550000,-0.73,-5.37,13.82,3.04
2015-06-30,12.86,13.60,13.71,11.73,115879,149450000,0.73,5.67,15.38,3.76
2015-07-01,13.30,12.18,13.48,12.11,120222,156710000,-1.26,-9.38,10.19,3.90
2015-07-02,12.11,11.07,12.38,11.04,80006,93080000,-1.11,-9.11,11.00,2.60
2015-07-03,10.99,10.08,11.24,10.02,86711,90560000,-0.99,-8.94,11.02,2.82
2015-07-06,11.09,9.62,11.09,9.20,107450,108810000,-0.46,-4.56,18.75,3.49
2015-07-07,9.25,8.66,9.60,8.66,107322,94880000,-0.96,-9.98,9.77,3.48
2015-07-08,7.79,7.90,8.39,7.79,142460,112400000,-0.76,-8.78,6.93,4.63
2015-07-09,7.94,8.69,8.69,7.94,84029,71470000,0.79,10.00,9.49,2.73
2015-07-10,9.40,9.56,9.56,9.03,51605,48530000,0.87,10.01,6.10,1.68
2015-07-13,10.43,10.52,10.52,10.05,157610,164340000,0.96,10.04,4.92,5.12
2015-07-14,10.55,11.11,11.57,10.55,224225,248210000,0.59,5.61,9.70,7.28
2015-07-15,10.60,10.00,10.84,10.00,123382,126610000,-1.11,-9.99,7.56,4.01
2015-07-16,9.50,10.35,10.66,9.23,112594,114080000,0.35,3.50,14.30,3.66
2015-07-17,10.35,11.00,11.14,10.29,108550,117220000,0.65,6.28,8.21,3.52
2015-07-20,10.91,10.92,11.24,10.62,111570,122370000,-0.08,-0.73,5.64,3.62
2015-07-21,10.83,10.91,11.13,10.52,83146,90740000,-0.01,-0.09,5.59,2.70
2015-07-22,10.92,11.04,11.14,10.70,96914,106040000,0.13,1.19,4.03,3.15
2015-07-23,11.05,11.47,11.62,10.96,129486,146580000,0.43,3.89,5.98,4.20
2015-07-24,11.51,11.13,11.60,11.00,125900,143030000,-0.34,-2.96,5.23,4.09
2015-07-27,10.84,10.02,11.07,10.02,94801,100720000,-1.11,-9.97,9.43,3.08
2015-07-28,9.45,9.73,10.28,9.07,103573,99870000,-0.29,-2.89,12.08,3.36
2015-07-29,9.84,10.38,10.42,8.80,79174,78250000,0.65,6.68,16.65,2.57
2015-07-30,10.30,10.06,10.70,10.02,78798,82290000,-0.32,-3.08,6.55,2.56
2015-07-31,9.89,9.92,10.16,9.60,53487,52850000,-0.14,-1.39,5.57,1.74
2015-08-03,9.97,9.81,10.18,9.51,54742,54120000,-0.11,-1.11,6.75,1.78
2015-08-04,9.82,10.49,10.50,9.82,73718,75380000,0.68,6.93,6.93,2.39
2015-08-05,10.51,10.40,10.68,10.26,71568,75080000,-0.09,-0.86,4.00,2.32
2015-08-06,10.21,10.27,10.42,10.05,39760,40910000,-0.13,-1.25,3.56,1.29
2015-08-07,10.39,10.74,10.75,10.35,66285,70320000,0.47,4.58,3.89,2.15
2015-08-10,10.90,11.21,11.29,10.76,102730,113650000,0.47,4.38,4.93,3.34
2015-08-11,11.25,11.73,11.88,11.15,170185,197690000,0.52,4.64,6.51,5.53
2015-08-12,11.30,11.21,11.57,11.15,105311,119330000,-0.52,-4.43,3.58,3.42
2015-08-13,11.20,11.51,11.52,11.12,87851,99800000,0.30,2.68,3.57,2.85
2015-08-14,11.60,11.81,12.18,11.60,150331,178820000,0.30,2.61,5.04,4.88
2015-08-17,11.68,12.21,12.25,11.43,116434,138030000,0.40,3.39,6.94,3.78
2015-08-18,12.22,10.99,12.24,10.99,132424,154880000,-1.22,-9.99,10.24,4.30
2015-08-19,10.12,11.17,11.29,10.12,85861,91260000,0.18,1.64,10.65,2.79
2015-08-20,10.86,10.54,11.27,10.50,56393,61760000,-0.63,-5.64,6.89,1.83
2015-08-21,10.38,10.03,10.53,9.98,58180,59550000,-0.51,-4.84,5.22,1.89
2015-08-24,9.74,9.03,9.79,9.03,58142,53820000,-1.00,-9.97,7.58,1.89
2015-08-25,8.40,8.14,8.78,8.13,82964,69280000,-0.89,-9.86,7.20,2.69
2015-08-26,8.45,8.60,8.88,8.15,78075,66630000,0.46,5.65,8.97,2.53
2015-08-27,8.78,9.10,9.12,8.56,62521,55640000,0.50,5.81,6.51,2.03
2015-08-28,9.10,9.59,9.66,9.00,91164,84150000,0.49,5.38,7.25,2.96
2015-08-31,9.39,9.10,9.40,9.05,52758,48460000,-0.49,-5.11,3.65,1.71
2015-09-01,9.01,8.50,9.10,8.40,40818,35480000,-0.60,-6.59,7.69,1.33
2015-09-02,8.43,8.35,8.84,8.15,46582,39540000,-0.15,-1.76,8.12,1.51
2015-09-07,8.60,8.66,8.84,8.50,26917,23400000,0.31,3.71,4.07,0.87
2015-09-08,8.66,9.19,9.20,8.53,46898,41600000,0.53,6.12,7.74,1.52
2015-09-09,9.25,9.40,9.51,9.19,63317,59200000,0.21,2.29,3.48,2.06
2015-09-10,9.22,9.15,9.34,9.10,25893,23880000,-0.25,-2.66,2.55,0.84
2015-09-11,9.20,9.27,9.29,9.14,17288,15950000,0.12,1.31,1.64,0.56
2015-09-14,9.31,8.46,9.50,8.38,43640,39210000,-0.81,-8.74,12.08,1.42
2015-09-15,8.23,8.18,8.57,8.17,28743,23930000,-0.28,-3.31,4.73,0.93
2015-09-16,8.20,8.87,9.00,8.20,38296,33120000,0.69,8.44,9.78,1.24
2015-09-17,8.72,8.62,9.05,8.60,41332,36510000,-0.25,-2.82,5.07,1.34
2015-09-18,8.61,8.73,8.84,8.55,22780,19770000,0.11,1.28,3.36,0.74
2015-09-21,8.60,8.98,9.02,8.60,30312,26850000,0.25,2.86,4.81,0.98
2015-09-22,9.02,9.09,9.14,8.90,39690,35800000,0.11,1.22,2.67,1.29
2015-09-23,9.00,8.88,9.02,8.80,29927,26690000,-0.21,-2.31,2.42,0.97
2015-09-24,8.99,9.04,9.06,8.88,27172,24440000,0.16,1.80,2.03,0.88
2015-09-25,9.02,8.73,9.08,8.62,27957,24670000,-0.31,-3.43,5.09,0.91
2015-09-28,8.80,8.85,8.86,8.62,14421,12620000,0.12,1.37,2.75,0.47
2015-09-29,8.79,8.66,8.79,8.57,15032,13030000,-0.19,-2.15,2.49,0.49
2015-09-30,8.71,8.75,8.83,8.66,11646,10180000,0.09,1.04,1.96,0.38
2015-10-08,9.03,9.05,9.10,8.93,33808,30480000,0.30,3.43,1.94,1.10
2015-10-09,9.04,9.15,9.17,8.95,38397,34900000,0.10,1.11,2.43,1.25
2015-10-12,9.15,9.55,9.62,9.09,73354,68990000,0.40,4.37,5.79,2.38
2015-10-13,9.41,9.58,9.60,9.37,45774,43390000,0.03,0.31,2.41,1.49
2015-10-14,9.51,9.34,9.56,9.33,38472,36360000,-0.24,-2.51,2.40,1.25
2015-10-15,9.31,9.79,9.86,9.28,59062,56340000,0.45,4.82,6.21,1.92
2015-10-16,9.80,9.94,9.99,9.63,90149,88510000,0.15,1.53,3.68,2.93
2015-10-19,9.89,9.80,9.96,9.67,47012,46240000,-0.14,-1.41,2.92,1.53
2015-10-20,9.77,9.99,10.01,9.66,59628,58890000,0.19,1.94,3.57,1.94
2015-10-21,9.99,9.25,10.07,9.18,73085,70880000,-0.74,-7.41,8.91,2.37
2015-10-22,9.31,9.50,9.55,9.21,49455,46430000,0.25,2.70,3.68,1.61
2015-10-23,9.51,9.93,10.11,9.50,75745,74350000,0.43,4.53,6.42,2.46
2015-10-26,10.10,10.23,10.35,9.96,96914,98830000,0.30,3.02,3.93,3.15
2015-10-27,10.16,10.67,11.25,9.89,147762,154740000,0.44,4.30,13.29,4.80
2015-10-28,10.61,10.84,11.67,10.56,172702,188820000,0.17,1.59,10.40,5.61
2015-10-29,10.72,10.59,11.33,10.46,166216,178770000,-0.25,-2.31,8.03,5.40
2015-10-30,10.49,10.58,10.63,10.12,85537,89140000,-0.01,-0.09,4.82,2.78
2015-11-02,10.33,10.27,10.69,10.20,43304,45310000,-0.31,-2.93,4.63,1.41
2015-11-03,10.39,10.24,10.44,10.16,38143,39290000,-0.03,-0.29,2.73,1.24
2015-11-04,10.30,10.80,11.00,10.30,135432,144690000,0.56,5.47,6.84,4.40
2015-11-05,10.70,10.79,11.19,10.65,110677,119790000,-0.01,-0.09,5.00,3.59
2015-11-06,10.76,11.06,11.37,10.76,136855,151340000,0.27,2.50,5.65,4.44
2015-11-09,11.00,11.09,11.58,10.81,160086,178650000,0.03,0.27,6.96,5.20
2015-11-10,11.07,10.99,11.18,10.80,89781,98850000,-0.10,-0.90,3.43,2.92
2015-11-11,10.90,10.99,11.00,10.79,81867,89170000,0.00,0.00,1.91,2.66
2015-11-12,10.96,11.18,11.25,10.80,101222,111550000,0.19,1.73,4.09,3.29
2015-11-13,11.01,10.88,11.31,10.82,88386,97700000,-0.30,-2.68,4.38,2.87
2015-11-16,10.66,11.14,11.18,10.63,64378,70270000,0.26,2.39,5.06,2.09
2015-11-17,11.16,11.22,11.40,11.13,92099,103510000,0.08,0.72,2.42,2.99
2015-11-18,11.18,11.41,11.58,11.10,102477,116300000,0.19,1.69,4.28,3.33
2015-11-19,11.41,11.61,11.79,11.35,113104,130890000,0.20,1.75,3.86,3.67
2015-11-20,11.59,11.55,11.62,11.31,75177,86300000,-0.06,-0.52,2.67,2.44
2015-11-23,11.50,11.35,11.67,11.28,64724,74410000,-0.20,-1.73,3.38,2.10
2015-11-24,11.32,11.39,11.42,11.11,55634,62450000,0.04,0.35,2.73,1.81
2015-11-25,11.40,11.58,11.64,11.25,65605,74890000,0.19,1.67,3.42,2.13
2015-11-26,11.57,11.33,11.57,11.32,60192,68800000,-0.25,-2.16,2.16,1.95
2015-11-27,11.29,10.48,11.39,10.41,62723,68950000,-0.85,-7.50,8.65,2.04
2015-11-30,10.40,10.50,10.62,9.99,48678,50540000,0.02,0.19,6.01,1.58
2015-12-01,10.46,10.73,10.75,10.32,50182,53190000,0.23,2.19,4.10,1.63
2015-12-02,10.56,10.39,10.66,10.10,109114,112890000,-0.34,-3.17,5.22,2.96
2015-12-03,10.30,10.60,10.65,10.29,161663,168600000,0.21,2.02,3.46,4.39
2015-12-04,10.49,10.34,10.53,10.29,88832,92590000,-0.26,-2.45,2.26,2.41
2015-12-07,10.34,10.41,10.46,10.22,68797,71280000,0.07,0.68,2.32,1.87
2015-12-08,10.36,10.11,10.41,10.05,66823,68170000,-0.30,-2.88,3.46,1.81
2015-12-09,10.10,10.14,10.20,10.06,44912,45500000,0.03,0.30,1.38,1.22
2015-12-10,10.16,10.15,10.25,10.04,39047,39690000,0.01,0.10,2.07,1.06
2015-12-11,10.11,10.09,10.15,9.99,34576,34780000,-0.06,-0.59,1.58,0.94
2015-12-14,9.95,10.29,10.32,9.91,52030,52800000,0.20,1.98,4.06,1.41
2015-12-15,10.27,10.32,10.40,10.25,55807,57690000,0.03,0.29,1.46,1.51
2015-12-16,10.36,10.37,10.50,10.30,51453,53620000,0.05,0.48,1.94,1.40
2015-12-17,10.40,11.00,11.18,10.40,179721,192300000,0.63,6.08,7.52,4.88
2015-12-18,11.12,10.87,11.12,10.70,166208,181610000,-0.13,-1.18,3.82,4.51
2015-12-21,10.68,10.97,11.00,10.68,106194,115320000,0.10,0.92,2.94,2.88
2015-12-22,10.92,11.00,11.07,10.91,103026,113150000,0.03,0.27,1.46,2.80
2015-12-23,10.99,10.97,11.17,10.92,128509,142000000,-0.03,-0.27,2.27,3.49
2015-12-24,10.91,10.74,10.95,10.62,91010,97720000,-0.23,-2.10,3.01,2.47
2015-12-25,10.75,10.81,10.86,10.73,59895,64670000,0.07,0.65,1.21,1.63
2015-12-28,10.84,10.62,11.08,10.60,105712,115120000,-0.19,-1.76,4.44,2.87
2015-12-29,10.62,11.00,11.02,10.53,80099,86660000,0.38,3.58,4.61,2.17
2015-12-30,11.02,10.98,11.06,10.82,72021,78840000,-0.02,-0.18,2.18,1.96
2015-12-31,10.95,10.97,11.06,10.84,88195,96710000,-0.01,-0.09,2.00,2.39
2016-01-04,10.94,9.91,11.00,9.87,68830,71950000,-1.06,-9.66,10.30,1.87
2016-01-05,9.48,9.75,10.04,9.44,72543,70830000,-0.16,-1.61,6.05,1.97
2016-01-06,9.85,9.99,10.04,9.68,62484,61650000,0.24,2.46,3.69,1.70
2016-01-07,9.85,9.03,9.85,9.00,15152,14290000,-0.96,-9.61,8.51,0.41
2016-01-08,9.30,9.27,9.45,8.82,69457,63860000,0.24,2.66,6.98,1.89
2016-01-11,9.10,8.57,9.36,8.54,75304,67640000,-0.70,-7.55,8.85,2.04
2016-01-12,8.69,8.68,8.79,8.50,41757,36180000,0.11,1.28,3.38,1.13
2016-01-13,8.69,8.54,8.85,8.50,39754,34550000,-0.14,-1.61,4.03,1.08
2016-01-14,8.29,8.77,8.85,8.20,39046,33530000,0.23,2.69,7.61,1.06
2016-01-15,8.70,8.50,8.83,8.41,45356,39070000,-0.27,-3.08,4.79,1.23
2016-01-18,8.40,8.60,8.69,8.31,29485,25190000,0.10,1.18,4.47,0.80
2016-01-19,8.58,8.87,8.92,8.55,39787,34790000,0.27,3.14,4.30,1.08
2016-01-20,8.81,8.72,8.93,8.65,39430,34610000,-0.15,-1.69,3.16,1.07
2016-01-21,8.55,8.44,8.86,8.40,39140,33930000,-0.28,-3.21,5.28,1.06
2016-01-22,8.53,8.65,8.66,8.42,30503,26050000,0.21,2.49,2.84,0.83
2016-01-25,8.69,8.81,8.82,8.69,28641,25100000,0.16,1.85,1.50,0.78
2016-01-26,8.70,8.12,8.76,8.03,37025,31420000,-0.69,-7.83,8.29,1.01
2016-01-27,8.15,8.00,8.29,7.63,45523,36100000,-0.12,-1.48,8.13,1.24
2016-01-28,7.91,7.82,8.05,7.77,29842,23690000,-0.18,-2.25,3.50,0.81
2016-01-29,7.83,8.05,8.18,7.80,56776,45720000,0.23,2.94,4.86,1.54
2016-02-01,8.10,8.06,8.17,7.97,32817,26550000,0.01,0.12,2.48,0.89
2016-02-02,8.06,8.27,8.29,8.06,30307,24880000,0.21,2.61,2.85,0.82
2016-02-03,8.10,8.25,8.30,8.07,27328,22300000,-0.02,-0.24,2.78,0.74
2016-02-04,8.26,8.37,8.42,8.25,29545,24710000,0.12,1.45,2.06,0.80
2016-02-05,8.36,8.25,8.46,8.23,22721,18980000,-0.12,-1.43,2.75,0.62
2016-02-15,8.00,8.17,8.26,7.93,22166,17990000,-0.08,-0.97,4.00,0.60
2016-02-16,8.22,8.44,8.47,8.20,34049,28520000,0.27,3.30,3.30,0.92
2016-02-17,8.44,8.52,8.53,8.40,33325,28200000,0.08,0.95,1.54,0.90
2016-02-18,8.52,8.53,8.64,8.46,39194,33450000,0.01,0.12,2.11,1.06
2016-02-19,8.53,8.55,8.59,8.45,21669,18470000,0.02,0.23,1.64,0.59
2016-02-22,8.60,8.80,8.81,8.60,64620,56310000,0.25,2.92,2.46,1.75
2016-02-23,8.80,8.72,8.80,8.62,37188,32370000,-0.08,-0.91,2.05,1.01
2016-02-24,8.72,8.75,8.76,8.56,32568,28340000,0.03,0.34,2.29,0.88
2016-02-25,8.71,7.99,8.75,7.93,55263,45810000,-0.76,-8.69,9.37,1.50
2016-02-26,8.13,8.08,8.22,7.80,51537,41500000,0.09,1.13,5.26,1.40
2016-02-29,8.00,7.61,8.06,7.47,43055,33120000,-0.47,-5.82,7.30,1.17
2016-03-01,7.70,7.74,7.79,7.57,69208,53120000,0.13,1.71,2.89,1.88
2016-03-02,7.75,8.51,8.51,7.71,169072,139640000,0.77,9.95,10.34,4.59
2016-03-03,8.42,8.72,8.76,8.41,142144,122370000,0.21,2.47,4.11,3.86
2016-03-04,8.63,8.93,9.13,8.32,154388,136650000,0.21,2.41,9.29,4.19
2016-03-07,8.96,9.41,9.45,8.77,130550,119140000,0.48,5.38,7.61,3.54
2016-03-08,9.31,10.09,10.23,8.97,221021,212510000,0.68,7.23,13.39,6.00
2016-03-09,9.70,9.35,9.72,9.32,95439,90560000,-0.74,-7.33,3.96,2.59
2016-03-10,9.38,9.15,9.58,9.02,59031,55090000,-0.20,-2.14,5.99,1.60
2016-03-11,9.06,10.00,10.07,9.06,277755,274770000,0.85,9.29,11.04,7.54
2016-03-14,9.80,10.73,10.82,9.80,230487,237210000,0.73,7.30,10.20,6.26
2016-03-15,10.44,9.91,10.44,9.66,353148,348040000,-0.82,-7.64,7.27,9.59
2016-03-16,9.34,8.92,9.50,8.92,398400,363700000,-0.99,-9.99,5.85,10.81
2016-03-17,8.80,9.06,9.12,8.75,239041,214270000,0.14,1.57,4.15,6.49
2016-03-18,9.02,9.18,9.28,8.91,255241,233050000,0.12,1.32,4.08,6.93
2016-03-21,9.26,9.47,9.47,9.20,244848,227800000,0.29,3.16,2.94,6.65
2016-03-22,9.38,9.24,9.38,9.22,155579,144620000,-0.23,-2.43,1.69,4.22
2016-03-23,9.24,9.77,9.84,9.17,238418,227050000,0.53,5.74,7.25,6.47
2016-03-24,9.70,9.31,9.76,9.29,197136,188100000,-0.46,-4.71,4.81,5.35
2016-03-25,9.24,9.36,9.39,9.21,101455,94460000,0.05,0.54,1.93,2.75
2016-03-28,9.36,9.34,9.63,9.24,115630,109260000,-0.02,-0.21,4.17,3.14
2016-03-29,9.26,8.99,9.35,8.88,112139,101720000,-0.35,-3.75,5.03,3.04
2016-03-30,9.07,9.24,9.25,9.04,89491,81870000,0.25,2.78,2.34,2.43
2016-03-31,9.25,9.26,9.36,9.22,89705,83200000,0.02,0.22,1.52,2.44
2016-04-01,9.25,9.15,9.25,9.01,60479,55180000,-0.11,-1.19,2.59,1.64
2016-04-05,9.19,9.37,9.39,9.13,85964,79980000,0.22,2.40,2.84,2.33
2016-04-06,9.35,9.42,9.47,9.27,96525,90650000,0.05,0.53,2.13,2.62
2016-04-07,9.45,9.37,9.65,9.32,110210,104700000,-0.05,-0.53,3.50,2.99
2016-04-08,9.29,9.08,9.29,8.98,92310,84200000,-0.29,-3.10,3.31,2.51
2016-04-11,9.18,9.23,9.32,9.15,70065,64720000,0.15,1.65,1.87,1.90
2016-04-12,9.25,9.17,9.25,9.00,52912,48390000,-0.06,-0.65,2.71,1.44
2016-04-13,9.19,9.29,9.40,9.19,111579,104190000,0.12,1.31,2.29,3.03
2016-04-14,9.34,9.40,9.42,9.28,71238,66580000,0.11,1.18,1.51,1.93
2016-04-15,9.41,9.55,9.57,9.37,101111,95600000,0.15,1.60,2.13,2.74
2016-04-18,9.51,9.34,9.51,9.28,68802,64300000,-0.21,-2.20,2.41,1.87
2016-04-19,9.36,9.35,9.44,9.24,43188,40270000,0.01,0.11,2.14,1.17
2016-04-20,9.37,8.90,9.38,8.61,99771,89880000,-0.45,-4.81,8.24,2.71
2016-04-21,8.85,8.67,8.94,8.66,68061,60070000,-0.23,-2.58,3.15,1.85
2016-04-22,8.65,8.80,8.82,8.58,49624,43230000,0.13,1.50,2.77,1.35
2016-04-25,8.71,8.76,8.80,8.60,44971,39150000,-0.04,-0.45,2.27,1.22
2016-04-26,8.72,8.83,8.85,8.67,40165,35200000,0.07,0.80,2.05,1.09
2016-04-27,8.82,8.81,8.94,8.78,42762,37890000,-0.02,-0.23,1.81,1.16
2016-04-28,8.82,8.71,8.87,8.56,54793,47580000,-0.10,-1.14,3.52,1.49
2016-04-29,8.67,8.68,8.73,8.62,39355,34180000,-0.03,-0.34,1.26,1.07
2016-05-03,8.69,8.90,8.91,8.61,69472,61200000,0.22,2.53,3.46,1.89
2016-05-04,8.84,8.90,8.97,8.84,48358,43040000,0.00,0.00,1.46,1.31
2016-05-05,8.85,8.94,8.95,8.83,37947,33800000,0.04,0.45,1.35,1.03
2016-05-06,8.93,8.56,8.97,8.55,69443,60690000,-0.38,-4.25,4.70,1.89
2016-05-09,8.49,8.23,8.52,8.19,59990,50010000,-0.33,-3.86,3.86,1.63
2016-05-10,8.22,8.22,8.29,8.20,32507,26790000,-0.01,-0.12,1.09,0.88
2016-05-11,8.27,8.17,8.30,8.14,41674,34350000,-0.05,-0.61,1.95,1.13
2016-05-12,8.14,8.14,8.17,7.97,47770,38610000,-0.03,-0.37,2.45,1.30
2016-05-13,8.12,8.03,8.17,7.95,65839,53180000,-0.11,-1.35,2.70,1.79
2016-05-16,7.97,8.16,8.16,7.92,78503,63100000,0.13,1.62,2.99,2.13
2016-05-17,8.16,8.10,8.18,8.06,48827,39640000,-0.06,-0.74,1.47,1.33
2016-05-18,8.12,7.90,8.15,7.82,50694,40590000,-0.20,-2.47,4.07,1.38
2016-05-19,7.90,8.00,8.08,7.84,35920,28800000,0.10,1.27,3.04,0.98
2016-05-20,7.90,8.08,8.09,7.90,30481,24470000,0.08,1.00,2.38,0.83
2016-05-23,8.09,8.14,8.14,8.06,39587,32080000,0.06,0.74,0.99,1.07
2016-05-24,8.12,8.04,8.14,7.95,33492,26900000,-0.10,-1.23,2.33,0.91
2016-05-25,8.10,8.13,8.29,8.08,65670,53600000,0.09,1.12,2.61,1.78
2016-05-26,8.11,8.11,8.15,7.91,41602,33360000,-0.02,-0.25,2.95,1.13
2016-05-27,8.08,8.10,8.15,8.05,28453,23050000,-0.01,-0.12,1.23,0.77
2016-05-30,8.07,8.09,8.16,8.00,27850,22540000,-0.01,-0.12,1.98,0.76
2016-05-31,8.00,8.22,8.23,7.97,78720,64200000,0.27,3.40,3.27,2.14
2016-06-01,8.22,8.23,8.35,8.20,57711,47710000,0.01,0.12,1.82,1.57
2016-06-02,8.22,8.40,8.48,8.21,80575,67270000,0.17,2.07,3.28,2.19
2016-06-03,8.41,8.39,8.43,8.30,48789,40840000,-0.01,-0.12,1.55,1.32
2016-06-06,8.42,8.33,8.55,8.26,62551,52300000,-0.06,-0.72,3.46,1.70
2016-06-07,8.35,8.35,8.39,8.25,32615,27130000,0.02,0.24,1.68,0.89
2016-06-08,8.38,8.34,8.39,8.21,38963,32310000,-0.01,-0.12,2.16,1.06
2016-06-13,8.23,8.01,8.25,8.00,47564,38760000,-0.33,-3.96,3.00,1.29
2016-06-14,8.00,8.03,8.04,7.91,38282,30490000,0.02,0.25,1.62,1.04
2016-06-15,7.97,8.26,8.30,7.92,51136,41870000,0.23,2.86,4.73,1.39
2016-06-16,8.27,8.22,8.30,8.17,41143,33920000,-0.04,-0.48,1.57,1.12
2016-06-17,8.18,8.26,8.34,8.18,29225,24210000,0.04,0.49,1.95,0.79
2016-06-20,8.27,8.26,8.28,8.14,28149,23080000,0.00,0.00,1.69,0.76
2016-06-21,8.27,8.20,8.39,8.16,34137,28290000,-0.06,-0.73,2.78,0.93
2016-06-22,8.20,8.31,8.34,8.15,29995,24800000,0.11,1.34,2.32,0.81
2016-06-23,8.32,8.34,8.36,8.24,43488,36190000,0.03,0.36,1.44,1.18
2016-06-24,8.34,8.23,8.42,8.12,47555,39420000,-0.11,-1.32,3.60,1.29
2016-06-27,8.16,8.38,8.39,8.16,39107,32580000,0.15,1.82,2.79,1.06
2016-06-28,8.35,8.43,8.45,8.30,46426,38940000,0.05,0.60,1.79,1.26
2016-06-29,8.42,8.45,8.50,8.41,52339,44260000,0.02,0.24,1.07,1.42
2016-06-30,8.45,8.48,8.52,8.42,41814,35400000,0.03,0.36,1.18,1.14
2016-07-01,8.46,8.47,8.57,8.43,44475,37830000,-0.01,-0.12,1.65,1.21
2016-07-04,8.43,8.66,8.69,8.40,75176,64780000,0.19,2.24,3.42,2.04
2016-07-05,8.66,8.70,8.76,8.63,50572,43970000,0.04,0.46,1.50,1.37
2016-07-06,8.66,8.71,8.74,8.61,58373,50550000,0.01,0.11,1.49,1.58
2016-07-07,8.67,8.83,8.85,8.64,96805,84880000,0.12,1.38,2.41,2.63
2016-07-08,8.79,8.98,9.05,8.75,119846,106800000,0.15,1.70,3.40,3.25
2016-07-11,8.96,8.87,9.16,8.75,152083,136070000,-0.11,-1.22,4.57,4.13
2016-07-12,8.83,8.95,8.96,8.68,83949,74100000,0.08,0.90,3.16,2.28
2016-07-13,8.94,8.93,9.03,8.88,66632,59660000,-0.02,-0.22,1.68,1.81
2016-07-14,8.89,8.95,8.97,8.82,57342,51050000,0.02,0.22,1.68,1.56
2016-07-15,8.95,8.87,8.96,8.85,36854,32780000,-0.08,-0.89,1.23,1.00
2016-07-18,8.86,8.80,8.91,8.75,33221,29340000,-0.07,-0.79,1.80,0.90
2016-07-19,8.82,8.90,8.91,8.76,43008,38020000,0.10,1.14,1.70,1.17
2016-07-20,8.87,9.25,9.46,8.85,190652,174300000,0.35,3.93,6.85,5.18
2016-07-21,9.24,9.16,9.46,9.14,135568,125860000,-0.09,-0.97,3.46,3.68
2016-07-22,9.15,9.22,9.44,9.15,126271,117590000,0.06,0.66,3.17,3.43
2016-07-25,9.45,9.78,10.14,9.45,327451,321520000,0.56,6.07,7.48,8.89
2016-07-26,9.75,9.88,9.99,9.55,171131,167370000,0.10,1.02,4.50,4.65
2016-07-27,9.78,9.09,9.84,8.89,184648,172760000,-0.79,-8.00,9.62,5.01
2016-07-28,9.07,9.38,9.40,9.01,138497,127360000,0.29,3.19,4.29,3.76
2016-07-29,9.32,9.66,9.76,9.21,147575,140120000,0.28,2.99,5.86,4.01
2016-08-01,9.58,9.26,9.58,9.14,88462,82000000,-0.40,-4.14,4.55,2.40
2016-08-02,9.23,9.45,9.46,9.19,73508,68780000,0.19,2.05,2.92,2.00
2016-08-03,9.40,9.62,9.65,9.35,101464,96810000,0.17,1.80,3.17,2.75
2016-08-04,9.59,9.71,9.89,9.58,108034,105110000,0.09,0.94,3.22,2.93
2016-08-05,9.68,9.45,9.72,9.44,71503,68360000,-0.26,-2.68,2.88,1.94
2016-08-08,9.46,9.55,9.57,9.31,44329,41910000,0.10,1.06,2.75,1.20
2016-08-09,9.55,10.18,10.26,9.51,209420,208890000,0.63,6.60,7.85,5.68
2016-08-10,10.17,10.27,10.70,10.07,264355,274840000,0.09,0.88,6.19,7.18
2016-08-11,10.35,10.33,10.54,10.00,183142,188150000,0.06,0.58,5.26,4.97
2016-08-12,10.21,10.18,10.53,9.97,161419,164900000,-0.15,-1.45,5.42,4.38
2016-08-15,10.10,10.60,10.62,10.05,168578,174810000,0.42,4.13,5.60,4.58
2016-08-16,10.65,10.46,10.70,10.41,111020,116850000,-0.14,-1.32,2.74,3.01
2016-08-17,10.41,10.45,10.54,10.28,69617,72370000,-0.01,-0.10,2.49,1.89
2016-08-18,10.45,10.55,10.58,10.34,97298,102280000,0.10,0.96,2.30,2.64
2016-08-19,10.53,10.42,10.67,10.40,87459,91980000,-0.13,-1.23,2.56,2.37
2016-08-22,10.44,10.07,10.44,10.05,104198,105820000,-0.35,-3.36,3.74,2.83
2016-08-23,10.02,10.04,10.14,9.90,57731,57830000,-0.03,-0.30,2.38,1.57
2016-08-24,10.05,9.85,10.08,9.83,87017,86680000,-0.19,-1.89,2.49,2.36
2016-08-25,9.79,9.95,9.97,9.68,53154,52280000,0.10,1.02,2.94,1.44
2016-08-26,9.94,9.98,10.15,9.91,56158,56370000,0.03,0.30,2.41,1.52
2016-08-29,10.01,9.88,10.07,9.80,47232,47000000,-0.10,-1.00,2.71,1.28
2016-08-30,9.87,9.84,10.03,9.80,48750,48410000,-0.04,-0.40,2.33,1.32
2016-08-31,9.89,9.64,9.90,9.58,87770,84800000,-0.20,-2.03,3.25,2.38
2016-09-01,9.64,9.60,9.69,9.58,54455,52520000,-0.04,-0.41,1.14,1.48
2016-09-02,9.58,9.49,9.62,9.41,69852,66450000,-0.11,-1.15,2.19,1.90
2016-09-05,9.49,9.69,9.73,9.49,56011,54110000,0.20,2.11,2.53,1.52
2016-09-06,9.70,9.80,9.83,9.53,41928,40650000,0.11,1.14,3.10,1.14
2016-09-07,9.80,9.80,9.90,9.76,51470,50620000,0.00,0.00,1.43,1.40
2016-09-08,9.80,9.75,9.84,9.70,30282,29510000,-0.05,-0.51,1.43,0.82
2016-09-09,9.75,9.61,9.80,9.60,32596,31580000,-0.14,-1.44,2.05,0.88
2016-09-12,9.50,9.23,9.50,9.19,70305,65740000,-0.38,-3.95,3.23,1.91
2016-09-13,9.25,9.32,9.33,9.19,52650,48650000,0.09,0.98,1.52,1.43
2016-09-14,9.27,9.58,9.70,9.26,94200,89830000,0.26,2.79,4.72,2.56
2016-09-19,9.63,9.99,10.09,9.62,129246,128460000,0.41,4.28,4.91,3.51
2016-09-20,9.95,9.86,9.96,9.80,51811,51190000,-0.13,-1.30,1.60,1.41
2016-09-21,9.90,10.00,10.02,9.87,48559,48370000,0.14,1.42,1.52,1.32
2016-09-22,10.02,9.95,10.10,9.85,49985,49690000,-0.05,-0.50,2.50,1.36
2016-09-23,9.91,9.77,9.95,9.71,60885,59790000,-0.18,-1.81,2.41,1.65
2016-09-26,9.78,9.60,9.84,9.58,35626,34730000,-0.17,-1.74,2.66,0.97
2016-09-27,9.61,9.97,9.99,9.55,53352,52270000,0.37,3.85,4.58,1.45
2016-09-28,9.95,9.97,9.98,9.85,38299,38010000,0.00,0.00,1.30,1.04
2016-09-29,9.97,10.18,10.23,9.88,74923,75900000,0.21,2.11,3.51,2.03
2016-09-30,10.12,10.11,10.20,10.05,24237,24570000,-0.07,-0.69,1.47,0.66
2016-10-10,10.08,10.23,10.26,10.08,49490,50530000,0.12,1.19,1.78,1.34
2016-10-11,10.25,10.27,10.28,10.16,49623,50650000,0.04,0.39,1.17,1.35
2016-10-12,10.25,10.10,10.27,10.07,30670,31170000,-0.17,-1.66,1.95,0.83
2016-10-13,10.09,10.08,10.20,10.03,48020,48520000,-0.02,-0.20,1.68,1.30
2016-10-14,10.11,10.05,10.15,9.88,36874,36990000,-0.03,-0.30,2.68,1.00
2016-10-17,10.02,10.00,10.20,9.96,44944,45310000,-0.05,-0.50,2.39,1.22
2016-10-18,10.00,10.17,10.22,9.96,38197,38710000,0.17,1.70,2.60,1.04
2016-10-19,10.28,10.81,11.19,10.28,210637,228490000,0.64,6.29,8.95,5.72
2016-10-20,10.79,10.79,10.94,10.57,142518,153530000,-0.02,-0.19,3.42,3.87
2016-10-21,10.73,10.65,10.85,10.35,74959,79900000,-0.14,-1.30,4.63,2.03
2016-10-24,10.62,10.91,10.98,10.60,81190,87930000,0.26,2.44,3.57,2.20
2016-10-25,10.85,10.82,11.16,10.75,74458,81400000,-0.09,-0.82,3.76,2.02
2016-10-26,10.82,10.76,10.95,10.60,47880,51210000,-0.06,-0.55,3.23,1.30
2016-10-27,10.70,10.65,10.75,10.58,33598,35710000,-0.11,-1.02,1.58,0.91
2016-10-28,10.70,10.59,10.84,10.58,51470,55010000,-0.06,-0.56,2.44,1.40
2016-10-31,10.65,10.56,10.74,10.41,44163,46540000,-0.03,-0.28,3.12,1.20
2016-11-01,10.60,10.87,10.93,10.49,79014,84910000,0.31,2.94,4.17,2.14
2016-11-02,10.80,10.91,11.11,10.75,84368,92460000,0.04,0.37,3.31,2.29
2016-11-03,10.80,11.06,11.20,10.77,76094,83640000,0.15,1.37,3.94,2.07
2016-11-04,11.16,10.96,11.47,10.87,73081,81730000,-0.10,-0.90,5.43,1.98
2016-11-07,11.00,10.93,11.24,10.84,50810,55780000,-0.03,-0.27,3.65,1.38
2016-11-08,10.95,11.01,11.17,10.91,38346,42320000,0.08,0.73,2.38,1.04
2016-11-09,11.03,10.76,11.03,10.61,66054,71300000,-0.25,-2.27,3.81,1.79
2016-11-10,10.84,10.88,10.91,10.81,50768,55160000,0.12,1.12,0.93,1.38
2016-11-11,10.88,11.01,11.27,10.81,86617,95560000,0.13,1.19,4.23,2.35
2016-11-14,10.90,10.93,11.06,10.86,45999,50380000,-0.08,-0.73,1.82,1.25
2016-11-15,10.90,11.10,11.13,10.86,55937,61680000,0.17,1.56,2.47,1.52
2016-11-16,11.11,11.16,11.25,11.02,46203,51440000,0.06,0.54,2.07,1.25
2016-11-17,11.10,11.70,11.96,11.08,175196,201500000,0.54,4.84,7.89,4.76
2016-11-18,11.54,11.51,11.80,11.50,79817,92620000,-0.19,-1.62,2.56,2.17
2016-11-21,11.41,11.63,11.80,11.41,53046,61640000,0.12,1.04,3.39,1.44
2016-11-22,11.60,11.69,11.74,11.50,43358,50440000,0.06,0.52,2.06,1.18
2016-11-23,11.66,11.52,11.85,11.51,50826,59350000,-0.17,-1.45,2.91,1.38
2016-11-24,11.50,11.16,11.50,11.03,127529,143020000,-0.36,-3.13,4.08,3.46
2016-11-25,11.17,11.04,11.19,10.93,72251,79560000,-0.12,-1.08,2.33,1.96
2016-11-28,11.04,11.09,11.23,11.04,40344,44950000,0.05,0.45,1.72,1.10
2016-11-29,11.09,10.82,11.22,10.76,49530,54360000,-0.27,-2.43,4.15,1.34
2016-11-30,10.86,10.75,10.93,10.70,31970,34510000,-0.07,-0.65,2.13,0.87
2016-12-01,10.75,10.97,11.08,10.74,34248,37530000,0.22,2.05,3.16,0.93
2016-12-02,10.97,10.70,11.07,10.61,34408,37060000,-0.27,-2.46,4.19,0.93
2016-12-05,10.61,10.60,10.89,10.48,31629,33670000,-0.10,-0.93,3.83,0.86
2016-12-06,10.63,10.47,10.69,10.34,60995,64030000,-0.13,-1.23,3.30,1.66
2016-12-07,10.47,10.72,10.75,10.40,44085,46820000,0.25,2.39,3.34,1.20
2016-12-08,10.80,10.70,10.88,10.65,28546,30700000,-0.02,-0.19,2.15,0.77
2016-12-09,10.65,10.88,11.04,10.61,64551,70510000,0.18,1.68,4.02,1.75
2016-12-12,10.70,10.20,10.84,10.12,65695,68800000,-0.68,-6.25,6.62,1.78
2016-12-13,10.09,10.19,10.30,9.98,49227,49720000,-0.01,-0.10,3.14,1.34
2016-12-14,10.13,10.22,10.35,10.07,29114,29730000,0.03,0.29,2.75,0.79
2016-12-15,10.21,10.47,10.62,10.01,56840,58750000,0.25,2.45,5.97,1.54
2016-12-16,10.38,10.52,10.57,10.30,43442,45370000,0.05,0.48,2.58,1.18
2016-12-19,10.51,10.55,10.59,10.40,26834,28180000,0.03,0.29,1.81,0.73
2016-12-20,10.53,10.37,10.57,10.28,32913,34200000,-0.18,-1.71,2.75,0.89
2016-12-21,10.39,10.49,10.52,10.37,24048,25150000,0.12,1.16,1.45,0.65
2016-12-22,10.49,10.44,10.49,10.36,28517,29710000,-0.05,-0.48,1.24,0.77
2016-12-23,10.46,10.30,10.46,10.29,18758,19450000,-0.14,-1.34,1.63,0.51
2016-12-26,10.28,10.26,10.29,10.01,37448,37930000,-0.04,-0.39,2.72,1.02
2016-12-27,10.26,10.57,10.62,10.26,50239,52770000,0.31,3.02,3.51,1.36
2016-12-28,10.54,10.56,10.61,10.45,27453,28940000,-0.01,-0.09,1.51,0.75
2016-12-29,10.55,10.38,10.55,10.35,20747,21660000,-0.18,-1.70,1.89,0.56
2016-12-30,10.42,10.50,10.55,10.38,17554,18410000,0.12,1.16,1.64,0.48
2017-01-03,10.53,10.69,10.70,10.48,44621,47270000,0.19,1.81,2.10,1.21
2017-01-04,10.61,10.70,10.74,10.59,38862,41480000,0.01,0.09,1.40,1.05
2017-01-05,10.71,10.85,10.92,10.62,56617,61370000,0.15,1.40,2.80,1.54
2017-01-06,10.85,10.79,11.03,10.70,48008,52230000,-0.06,-0.55,3.04,1.30
2017-01-09,10.79,10.90,10.97,10.74,40124,43460000,0.11,1.02,2.13,1.09
2017-01-10,10.90,11.06,11.17,10.89,81676,90240000,0.16,1.47,2.57,2.22
2017-01-11,10.95,10.68,11.06,10.65,47586,51480000,-0.38,-3.44,3.71,1.29
2017-01-12,10.79,10.67,10.82,10.63,22161,23790000,-0.01,-0.09,1.78,0.60
2017-01-13,10.69,10.40,10.79,10.38,31839,33680000,-0.27,-2.53,3.84,0.86
2017-01-16,10.30,9.99,10.35,9.63,49531,49900000,-0.41,-3.94,6.92,1.34
2017-01-17,9.99,10.09,10.11,9.69,28134,28120000,0.10,1.00,4.20,0.76
2017-01-18,10.08,10.10,10.17,10.01,16691,16870000,0.01,0.10,1.59,0.45
2017-01-19,10.08,10.02,10.15,9.98,12998,13060000,-0.08,-0.79,1.68,0.35
2017-01-20,9.98,10.20,10.26,9.95,21539,21920000,0.18,1.80,3.09,0.58
2017-01-23,10.20,10.32,10.48,10.20,21109,21840000,0.12,1.18,2.75,0.57
2017-01-24,10.31,10.38,10.44,10.28,12776,13260000,0.06,0.58,1.55,0.35
2017-01-25,10.35,10.52,10.55,10.31,15962,16690000,0.14,1.35,2.31,0.43
2017-01-26,10.48,10.53,10.62,10.40,12235,12860000,0.01,0.10,2.09,0.33
2017-02-03,10.55,10.43,10.64,10.31,20284,21250000,-0.10,-0.95,3.13,0.55
2017-02-06,10.40,10.49,10.57,10.40,22757,23910000,0.06,0.58,1.63,0.62
2017-02-07,10.51,10.56,10.59,10.43,25302,26602400,0.07,0.67,1.525,0.69
2017-02-08,10.53,10.58,10.60,10.41,23209,24386400,0.02,0.19,1.799,0.63
2017-02-09,10.57,10.59,10.66,10.52,28488,30264000,0.01,0.09,1.323,0.77
2017-02-10,10.63,10.60,10.75,10.56,35576,37888100,0.01,0.09,1.794,0.97
2017-02-13,10.65,10.66,10.70,10.51,32605,34601700,0.06,0.57,1.792,0.89
2017-02-14,10.68,10.67,10.73,10.64,32846,35085700,0.01,0.09,0.844,0.89
2017-02-15,10.63,10.45,10.68,10.42,49554,52195300,-0.22,-2.06,2.437,1.35
2017-02-16,10.42,10.50,10.58,10.37,31331,32729900,0.05,0.48,2.01,0.85
2017-02-17,10.48,10.39,10.57,10.35,30700,32116900,-0.11,-1.05,2.095,0.83
2017-02-20,10.44,10.83,10.84,10.40,90039,96174200,0.44,4.23,4.235,2.44
2017-02-21,10.85,10.86,10.89,10.77,61810,66905700,0.03,0.28,1.11,1.68
2017-02-22,10.90,10.97,11.13,10.80,83183,91234800,0.11,1.01,3.04,2.26
2017-02-23,10.94,10.83,11.06,10.77,38119,41390300,-0.14,-1.28,2.64,1.03
2017-02-24,10.82,10.85,10.98,10.78,44323,48186900,0.02,0.18,1.85,1.20
2017-02-27,10.84,10.67,10.84,10.66,37330,40022800,-0.18,-1.66,1.66,1.01
2017-02-28,10.66,10.72,10.78,10.66,23054,24706800,0.05,0.47,1.13,0.63
2017-03-01,10.72,10.74,10.90,10.68,44024,47617200,0.02,0.19,2.05,1.20
2017-03-02,10.77,10.71,10.87,10.69,24212,26024100,-0.03,-0.28,1.68,0.66
2017-03-03,10.72,10.65,10.74,10.59,28850,30714900,-0.06,-0.56,1.40,0.78
2017-03-06,10.66,10.91,10.92,10.55,79968,85883900,0.26,2.44,3.47,2.17
2017-03-07,10.88,10.85,11.04,10.79,75834,82475000,-0.06,-0.55,2.29,2.06
2017-03-08,10.80,10.70,10.86,10.64,45656,48929300,-0.15,-1.38,2.03,1.24
2017-03-09,10.65,10.69,10.70,10.57,33432,35510600,-0.01,-0.09,1.22,0.91
2017-03-10,10.67,10.63,10.75,10.62,15957,17057700,-0.06,-0.56,1.22,0.43
2017-03-13,10.63,10.79,10.81,10.56,27804,29764100,0.16,1.51,2.35,0.75
2017-03-14,10.82,10.67,10.82,10.62,39241,41950000,-0.12,-1.11,1.85,1.07
2017-03-15,10.65,10.57,10.67,10.55,20513,21755200,-0.10,-0.94,1.13,0.56
2017-03-16,10.69,10.70,10.78,10.65,30215,32336748,0.13,1.23,1.23,0.82
2017-03-17,10.68,10.49,10.72,10.45,39931,42411328,-0.21,-1.96,2.52,1.08
2017-03-20,10.47,10.52,10.54,10.44,35248,36970263,0.03,0.29,0.95,0.96
2017-03-21,10.51,10.52,10.57,10.46,31746,33371797,0.00,0.00,1.05,0.86
2017-03-22,10.44,10.37,10.50,10.29,39557,41070852,-0.15,-1.43,2.00,1.07
2017-03-23,10.40,10.35,10.58,10.22,36369,37813900,-0.02,-0.19,3.47,0.99
2017-03-24,10.38,10.30,10.39,10.20,45960,47225721,-0.05,-0.48,1.84,1.25
2017-03-27,10.34,10.25,10.34,10.23,40014,41079962,-0.05,-0.49,1.07,1.09
2017-03-28,10.26,10.26,10.31,10.23,24218,24848589,0.01,0.10,0.78,0.66
2017-03-29,10.28,10.11,10.28,10.10,31506,32030904,-0.15,-1.46,1.75,0.85
2017-03-30,10.13,9.91,10.14,9.84,62111,61807907,-0.20,-1.98,2.97,1.69
2017-03-31,9.95,10.01,10.03,9.82,43514,43166373,0.10,1.01,2.12,1.18
2017-04-05,10.03,10.15,10.16,9.95,42925,43342705,0.14,1.40,2.10,1.17
2017-04-06,10.12,10.10,10.17,10.06,26738,27061013,-0.05,-0.49,1.08,0.73
2017-04-07,10.10,10.12,10.18,10.09,27560,27918223,0.02,0.20,0.89,0.75
2017-04-10,10.10,9.97,10.12,9.96,40520,40589960,-0.15,-1.48,1.58,1.10
2017-04-11,9.96,10.49,10.54,9.91,91630,94494818,0.52,5.22,6.32,2.49
2017-04-12,10.40,10.17,10.42,10.17,50746,52298856,-0.32,-3.05,2.38,1.38
2017-04-13,10.15,10.23,10.33,10.12,26804,27509024,0.06,0.59,2.06,0.73
2017-04-14,10.19,10.10,10.29,10.10,24119,24586973,-0.13,-1.27,1.86,0.66
2017-04-17,10.06,9.85,10.11,9.81,37649,37391217,-0.25,-2.48,2.97,1.02
2017-04-18,9.85,9.70,9.92,9.63,29278,28662856,-0.15,-1.52,2.94,0.80
2017-04-19,9.68,9.46,9.69,9.38,32413,30771748,-0.24,-2.47,3.20,0.88
2017-04-20,9.46,9.29,9.52,9.18,30130,28143113,-0.17,-1.80,3.59,0.82
2017-04-21,9.30,9.39,9.40,9.26,16568,15428831,0.10,1.08,1.51,0.45
2017-04-24,9.33,9.27,9.35,9.13,25108,23202119,-0.12,-1.28,2.34,0.68
2017-04-25,9.29,9.29,9.39,9.24,18578,17327225,0.02,0.22,1.62,0.50
2017-04-26,9.30,9.19,9.36,9.16,18284,16877027,-0.10,-1.08,2.15,0.50
2017-04-27,9.18,9.23,9.24,8.94,38663,35010642,0.04,0.44,3.26,1.05
2017-04-28,9.16,9.21,9.23,9.09,18369,16794678,-0.02,-0.22,1.52,0.50
2017-05-02,9.20,9.21,9.24,9.14,16544,15212740,0.00,0.00,1.09,0.45
2017-05-03,9.26,9.21,9.29,9.11,11180,10274495,0.00,0.00,1.95,0.30
2017-05-04,9.18,9.21,9.35,9.15,15753,14573832,0.00,0.00,2.17,0.43
2017-05-05,9.16,9.18,9.28,9.16,16188,14910467,-0.03,-0.33,1.30,0.44
2017-05-08,9.16,8.88,9.18,8.85,24828,22396937,-0.30,-3.27,3.59,0.67
2017-05-09,8.92,8.87,8.92,8.72,21687,19143652,-0.01,-0.11,2.25,0.59
2017-05-10,8.86,8.71,8.93,8.70,14571,12895295,-0.16,-1.80,2.59,0.40
2017-05-11,8.71,8.70,8.74,8.54,23879,20664446,-0.01,-0.11,2.30,0.65
2017-05-12,8.70,8.70,8.74,8.65,11810,10269543,0.00,0.00,1.03,0.32
2017-05-15,8.68,8.95,9.01,8.66,34253,30323483,0.25,2.87,4.02,0.93
2017-05-16,8.81,9.05,9.09,8.74,31872,28474563,0.10,1.12,3.91,0.86
2017-05-17,9.04,9.07,9.16,9.00,18628,16927077,0.02,0.22,1.77,0.51
2017-05-18,9.05,9.02,9.13,8.97,11097,10041754,-0.05,-0.55,1.76,0.30
2017-05-19,8.97,8.84,9.07,8.55,17362,15409680,-0.18,-2.00,5.76,0.47
2017-05-22,8.73,8.69,8.88,8.65,17586,15375963,-0.15,-1.70,2.60,0.48
2017-05-23,8.64,8.58,8.69,8.54,22354,19209374,-0.11,-1.27,1.73,0.61
2017-05-24,8.54,8.58,8.59,8.42,9501,8100229,0.00,0.00,1.98,0.26
2017-05-25,8.52,8.68,8.71,8.46,14779,12707911,0.10,1.17,2.91,0.40
2017-05-26,8.68,8.71,8.79,8.65,10972,9566195,0.03,0.35,1.61,0.30
2017-05-31,8.77,8.77,8.95,8.70,18652,16402779,0.06,0.69,2.87,0.51
2017-06-01,8.78,8.40,8.78,8.31,19363,16637295,-0.37,-4.22,5.36,0.53
2017-06-02,8.36,8.58,8.61,8.35,10617,8999812,0.18,2.14,3.10,0.29
2017-06-05,8.58,8.68,8.77,8.53,13058,11375760,0.10,1.17,2.80,0.35
2017-06-06,8.62,8.58,8.62,8.54,6489,5563267,0.02,0.23,0.93,0.18
2017-06-07,8.59,8.77,8.79,8.58,13048,11387035,0.19,2.21,2.45,0.35
2017-06-08,8.80,8.75,8.85,8.70,15402,13533477,-0.02,-0.23,1.71,0.42
2017-06-09,8.75,8.75,8.79,8.50,14899,12973436,0.00,0.00,3.31,0.40
