日期,开盘,收盘,最高,最低,交易量(手),交易金额(元),涨跌额,涨跌幅(%),振幅(%),换手率(%)
2014-11-27,8.35,8.35,8.35,8.35,845,710000,2.55,43.97,0.00,0.19
2014-11-28,9.19,9.19,9.19,9.19,122,110000,0.84,10.06,0.00,0.03
2014-12-01,10.11,10.11,10.11,10.11,135,140000,0.92,10.01,0.00,0.03
2014-12-02,11.12,11.12,11.12,11.12,162,180000,1.01,9.99,0.00,0.04
2014-12-03,12.23,12.23,12.23,12.23,291,360000,1.11,9.98,0.00,0.07
2014-12-04,13.45,13.45,13.45,13.45,152,200000,1.22,9.98,0.00,0.03
2014-12-05,14.80,14.80,14.80,14.80,1061,1570000,1.35,10.04,0.00,0.24
2014-12-08,16.28,16.28,16.28,16.28,1605,2610000,1.48,10.00,0.00,0.37
2014-12-09,17.91,17.91,17.91,17.91,2978,5330000,1.63,10.01,0.00,0.68
2014-12-10,19.70,19.70,19.70,19.70,5500,10840000,1.79,9.99,0.00,1.26
2014-12-11,21.67,21.67,21.67,20.51,235187,502940000,1.97,10.00,5.89,54.07
2014-12-12,21.41,23.84,23.84,21.00,237887,545680000,2.17,10.01,13.11,54.69
2014-12-15,23.49,21.51,23.50,21.46,207715,458850000,-2.33,-9.77,8.56,47.75
2014-12-16,21.00,20.22,21.00,20.05,128334,261050000,-1.29,-6.00,4.42,29.50
2014-12-17,19.80,20.12,20.76,19.63,89623,180950000,-0.10,-0.49,5.59,20.60
2014-12-18,20.00,19.19,20.23,19.13,82030,160910000,-0.93,-4.62,5.47,18.86
2014-12-19,19.00,17.36,19.00,17.27,96943,172780000,-1.83,-9.54,9.02,22.29
2014-12-22,17.00,15.62,17.00,15.62,66430,106170000,-1.74,-10.02,7.95,15.27
2014-12-23,15.00,17.18,17.18,14.99,105726,176940000,1.56,9.99,14.02,24.30
2014-12-24,17.56,18.90,18.90,17.56,108885,201930000,1.72,10.01,7.80,25.03
2014-12-25,19.89,19.28,20.48,18.81,174481,343220000,0.38,2.01,8.84,40.11
2014-12-26,18.10,18.23,18.89,18.10,114029,209280000,-1.05,-5.45,4.10,26.21
2014-12-29,17.85,19.72,19.76,17.12,149268,273440000,1.49,8.17,14.48,34.31
2014-12-30,19.28,18.18,19.70,17.96,108695,206680000,-1.54,-7.81,8.82,24.99
2014-12-31,18.54,17.42,18.55,17.40,75664,134660000,-0.76,-4.18,6.33,17.39
2015-01-05,17.08,17.04,17.38,16.53,47928,81310000,-0.38,-2.18,4.88,11.02
2015-01-06,16.88,18.74,18.74,16.63,75033,136210000,1.70,9.98,12.38,17.25
2015-01-07,19.02,18.98,19.50,18.46,129778,247840000,0.24,1.28,5.55,29.83
2015-01-08,18.49,18.45,19.72,18.16,92551,175490000,-0.53,-2.79,8.22,21.28
2015-01-09,17.75,17.75,18.41,17.57,74475,133060000,-0.70,-3.79,4.55,17.12
2015-01-12,17.70,17.82,18.42,17.60,49425,88890000,0.07,0.39,4.62,11.36
2015-01-13,17.29,17.82,18.38,17.04,48999,86900000,0.00,0.00,7.52,11.26
2015-01-14,17.60,17.22,17.98,17.18,40596,70770000,-0.60,-3.37,4.49,9.33
2015-01-15,17.25,17.31,17.85,17.24,42260,73830000,0.09,0.52,3.54,9.72
2015-01-16,16.91,17.31,17.65,16.91,60382,104170000,0.00,0.00,4.28,13.88
2015-01-19,17.00,17.26,18.35,16.71,75973,134140000,-0.05,-0.29,9.47,17.47
2015-01-20,17.28,18.99,18.99,17.00,153975,283980000,1.73,10.02,11.53,35.40
2015-01-21,19.33,18.81,19.62,18.45,143410,270220000,-0.18,-0.95,6.16,32.97
2015-01-22,18.45,19.98,20.03,18.36,154191,297440000,1.17,6.22,8.88,35.45
2015-01-23,19.60,19.06,19.66,19.00,89070,171390000,-0.92,-4.60,3.30,20.48
2015-01-26,19.02,18.84,19.08,18.58,47978,90070000,-0.22,-1.15,2.62,11.03
2015-01-27,18.90,18.95,19.16,18.54,41629,78450000,0.11,0.58,3.29,9.57
2015-01-28,18.95,18.76,19.10,18.58,35409,66570000,-0.19,-1.00,2.74,8.14
2015-01-29,18.66,17.97,18.76,17.91,37963,69500000,-0.79,-4.21,4.53,8.73
2015-01-30,17.85,17.80,18.28,17.57,34471,61840000,-0.17,-0.95,3.95,7.92
2015-02-02,17.60,17.89,18.14,17.21,21514,38440000,0.09,0.51,5.22,4.95
2015-02-03,17.97,18.10,18.25,17.82,26073,47120000,0.21,1.17,2.40,5.99
2015-02-04,18.00,17.80,18.20,17.80,26149,46970000,-0.30,-1.66,2.21,6.01
2015-02-05,17.92,17.37,18.06,17.35,23016,40630000,-0.43,-2.42,3.99,5.29
2015-02-06,17.39,16.71,17.49,16.51,32787,55350000,-0.66,-3.80,5.64,7.54
2015-02-09,16.58,16.67,16.84,16.39,12255,20470000,-0.04,-0.24,2.69,2.82
2015-02-10,16.75,16.68,16.79,16.57,14493,24080000,0.01,0.06,1.32,3.33
2015-02-11,16.69,16.95,17.08,16.68,16765,28250000,0.27,1.62,2.40,3.85
2015-02-12,16.81,17.07,17.24,16.81,15566,26650000,0.12,0.71,2.54,3.58
2015-02-13,17.23,17.20,17.35,17.14,17669,30430000,0.13,0.76,1.23,4.06
2015-02-16,17.15,17.31,17.45,17.10,15559,26870000,0.11,0.64,2.03,3.58
2015-02-17,17.31,17.17,17.45,17.09,17377,29850000,-0.14,-0.81,2.08,3.99
2015-02-25,17.19,17.39,17.62,17.01,22289,38690000,0.22,1.28,3.55,5.12
2015-02-26,17.43,17.37,17.43,17.10,18031,31120000,-0.02,-0.12,1.90,4.15
2015-02-27,17.23,17.39,17.49,17.23,17291,30050000,0.02,0.12,1.50,3.97
2015-03-02,17.45,17.66,17.70,17.01,39487,68670000,0.27,1.55,3.97,9.08
2015-03-03,17.55,18.15,18.56,17.45,79157,143600000,0.49,2.77,6.29,18.20
2015-03-04,18.00,17.98,18.15,17.80,30989,55620000,-0.17,-0.94,1.93,7.12
2015-03-05,17.99,17.84,18.10,17.68,27740,49410000,-0.14,-0.78,2.34,6.38
2015-03-06,17.84,17.54,17.87,17.47,18948,33420000,-0.30,-1.68,2.24,4.36
2015-03-09,17.42,17.58,17.69,17.36,18333,32130000,0.04,0.23,1.88,4.21
2015-03-10,17.58,17.48,17.69,17.43,17360,30360000,-0.10,-0.57,1.48,3.99
2015-03-11,17.46,17.14,17.57,17.05,24124,41670000,-0.34,-1.95,2.97,5.55
2015-03-12,17.11,17.11,17.24,17.04,18517,31750000,-0.03,-0.18,1.17,4.26
2015-03-13,17.15,17.26,17.29,17.10,15278,26310000,0.15,0.88,1.11,3.51
2015-03-16,17.42,17.66,17.67,17.35,27735,48680000,0.40,2.32,1.85,6.38
2015-03-17,17.67,17.90,17.94,17.61,38149,67850000,0.24,1.36,1.87,8.77
2015-03-18,17.92,18.27,18.30,17.90,46158,83900000,0.37,2.07,2.23,10.61
2015-03-19,18.40,18.34,18.45,17.91,46273,84180000,0.07,0.38,2.96,10.64
2015-03-20,18.38,18.82,18.87,18.38,72962,136230000,0.48,2.62,2.67,16.77
2015-03-23,18.84,18.79,18.93,18.60,45934,86140000,-0.03,-0.16,1.75,10.56
2015-03-24,18.83,18.38,18.83,17.70,52607,96600000,-0.41,-2.18,6.01,12.09
2015-03-25,18.19,20.01,20.22,18.18,165257,324370000,1.63,8.87,11.10,37.99
2015-03-26,19.82,19.84,20.30,19.40,108428,214980000,-0.17,-0.85,4.50,24.93
2015-03-27,19.83,19.90,20.00,19.45,76350,150420000,0.06,0.30,2.77,17.55
2015-03-30,19.52,19.47,19.99,19.11,54225,105270000,-0.43,-2.16,4.42,12.47
2015-03-31,19.52,19.62,19.68,19.19,43016,83730000,0.15,0.77,2.52,9.89
2015-04-01,19.60,19.61,19.75,19.47,43321,84980000,-0.01,-0.05,1.43,9.96
2015-04-02,19.63,19.96,20.06,19.61,65244,129310000,0.35,1.78,2.29,15.00
2015-04-03,19.75,20.22,20.80,19.67,62374,126230000,0.26,1.30,5.66,14.34
2015-04-07,20.23,20.43,20.63,19.90,62980,127730000,0.21,1.04,3.61,14.48
2015-04-08,20.40,19.61,20.43,19.33,59296,117580000,-0.82,-4.01,5.38,13.63
2015-04-09,19.60,18.97,19.60,18.78,44549,85000000,-0.64,-3.26,4.18,10.24
2015-04-10,18.85,19.39,19.49,18.81,29843,57510000,0.42,2.21,3.58,6.86
2015-04-14,21.33,21.33,21.33,20.52,126910,267090000,1.94,10.01,4.18,29.17
2015-04-15,21.50,21.77,23.21,21.39,155203,346950000,0.44,2.06,8.53,35.68
2015-04-16,20.01,20.91,21.40,20.01,71915,148650000,-0.86,-3.95,6.38,16.53
2015-04-17,20.93,21.04,21.39,20.53,66261,138370000,0.13,0.62,4.11,15.23
2015-04-20,20.76,20.03,20.84,20.00,55002,112200000,-1.01,-4.80,3.99,12.64
2015-04-21,20.00,20.61,20.66,19.71,47685,96490000,0.58,2.90,4.74,10.96
2015-04-22,20.51,21.13,21.24,20.45,63782,133330000,0.52,2.52,3.83,14.66
2015-04-23,21.18,21.02,21.34,20.63,59374,124700000,-0.11,-0.52,3.36,13.65
2015-04-24,20.70,20.79,21.03,20.50,41508,86240000,-0.23,-1.09,2.52,9.54
2015-04-27,20.65,20.94,21.00,20.37,49786,103360000,0.15,0.72,3.03,11.45
2015-04-28,20.94,19.89,21.00,19.83,41408,84020000,-1.05,-5.01,5.59,9.52
2015-04-29,19.94,20.48,20.50,19.90,22160,44860000,0.59,2.97,3.02,5.09
2015-04-30,20.49,20.20,20.51,19.90,28335,57150000,-0.28,-1.37,2.98,6.51
2015-05-04,20.20,20.28,20.50,20.02,22292,45110000,0.08,0.40,2.38,5.12
2015-05-05,20.30,19.87,20.35,19.66,21583,43380000,-0.41,-2.02,3.40,4.96
2015-05-06,19.77,19.28,20.18,19.11,19080,37620000,-0.44,-2.23,5.43,4.39
2015-05-07,19.20,17.95,19.49,17.77,28759,52930000,-1.33,-6.90,8.92,6.61
2015-05-08,18.10,18.46,18.47,18.06,22359,40810000,0.51,2.84,2.28,5.14
2015-05-11,18.76,19.26,19.38,18.55,36071,68470000,0.80,4.33,4.50,8.29
2015-05-12,19.48,19.92,20.06,19.27,44648,87910000,0.66,3.43,4.10,10.26
2015-05-13,20.05,20.32,20.74,19.80,63798,129820000,0.40,2.01,4.72,14.67
2015-05-14,20.15,21.74,21.88,20.02,102382,217630000,1.42,6.99,9.15,23.54
2015-05-15,21.74,23.19,23.50,21.45,148802,336400000,1.45,6.67,9.43,34.21
2015-05-18,22.86,25.51,25.51,22.60,62358,151630000,2.32,10.00,12.55,14.34
2015-05-19,28.00,25.21,28.06,24.80,174907,461830000,-0.30,-1.18,12.78,40.21
2015-05-20,24.68,25.52,26.65,24.59,128385,328820000,0.31,1.23,8.17,29.51
2015-05-21,25.30,27.14,27.73,25.01,112732,300390000,1.62,6.35,10.66,25.92
2015-05-22,27.50,29.85,29.85,25.84,141527,389850000,2.71,9.99,14.78,32.54
2015-05-25,29.93,32.84,32.84,29.00,163812,521330000,2.99,10.02,12.86,37.66
2015-05-26,34.50,36.12,36.12,32.90,129771,455330000,3.28,9.99,9.81,29.83
2015-05-27,38.00,39.73,39.73,37.50,88622,346270000,3.61,9.99,6.17,20.37
2015-05-28,42.60,35.76,43.70,35.76,108584,459520000,-3.97,-9.99,19.98,24.96
2015-05-29,32.32,35.79,38.38,32.30,174010,605610000,0.03,0.08,17.00,40.00
2015-06-01,34.00,39.37,39.37,33.28,173114,634490000,3.58,10.00,17.02,39.80
2015-06-02,41.40,41.47,43.01,38.40,126423,515700000,2.10,5.33,11.71,29.06
2015-06-03,40.64,42.10,42.86,39.50,101327,418780000,0.63,1.52,8.10,23.29
2015-06-04,41.20,42.04,42.30,37.89,80761,324910000,-0.06,-0.14,10.48,18.57
2015-06-05,42.00,46.24,46.24,41.30,154429,703780000,4.20,9.99,11.75,35.50
2015-06-08,46.50,50.86,50.86,42.99,120550,557700000,4.62,9.99,17.02,27.71
2015-06-09,51.35,48.43,53.47,47.00,100982,507920000,-2.43,-4.78,12.72,23.21
2015-06-10,46.99,45.23,50.50,44.80,128180,601040000,-3.20,-6.61,11.77,29.47
2015-06-11,44.81,43.47,46.32,42.18,147050,640150000,-1.76,-3.89,9.15,33.80
2015-06-12,43.46,46.69,47.82,42.45,107486,472020000,3.22,7.41,12.35,24.71
2015-06-15,44.70,43.24,46.48,42.99,75519,340940000,-3.45,-7.39,7.47,17.36
2015-06-16,41.88,39.88,41.90,38.92,86539,344650000,-3.36,-7.77,6.89,19.89
2015-06-17,38.49,40.20,41.11,38.01,54979,217520000,0.32,0.80,7.77,12.64
2015-06-18,40.20,36.46,40.70,36.35,58007,226670000,-3.74,-9.30,10.82,13.34
2015-06-19,35.99,32.81,36.00,32.81,42260,141590000,-3.65,-10.01,8.75,9.71
2015-06-23,30.80,31.80,32.60,29.57,52857,164370000,-1.01,-3.08,9.24,12.15
2015-06-24,32.08,33.76,34.00,32.08,71587,236060000,1.96,6.16,6.04,16.46
2015-06-25,33.83,30.58,33.92,30.50,45543,148050000,-3.18,-9.42,10.13,10.47
2015-06-26,29.00,28.67,29.80,27.52,54375,155490000,-1.91,-6.25,7.46,12.50
2015-06-29,30.00,31.54,31.54,28.31,88254,265370000,2.87,10.01,11.27,20.29
2015-06-30,32.17,34.69,34.69,32.17,89651,303600000,3.15,9.99,7.99,20.61
2015-07-01,35.78,36.74,38.16,34.00,183691,678690000,2.05,5.91,11.99,42.23
2015-07-02,35.00,37.41,38.10,33.07,125086,430370000,0.67,1.82,13.69,28.76
2015-07-03,36.00,36.83,39.82,35.00,111605,416010000,-0.58,-1.55,12.88,25.66
2015-07-06,40.00,40.51,40.51,36.93,165359,640840000,3.68,9.99,9.72,38.01
2015-07-07,39.99,40.01,42.00,38.30,129444,522600000,-0.50,-1.23,9.13,29.76
2015-07-08,36.01,36.01,36.46,36.01,16266,58650000,-4.00,-10.00,1.12,3.74
2015-07-09,32.41,39.61,39.61,32.41,129394,474070000,3.60,10.00,19.99,29.75
2015-07-10,39.30,43.57,43.57,37.50,166557,706150000,3.96,10.00,15.32,38.29
2015-07-13,43.00,43.34,47.00,41.01,253284,1101850000,-0.23,-0.53,13.75,58.23
2015-07-14,41.32,39.17,42.54,39.01,160123,649440000,-4.17,-9.62,8.14,36.81
2015-07-15,36.48,36.83,39.97,35.25,128061,471810000,-2.34,-5.97,12.05,29.44
2015-07-16,34.90,38.37,38.50,33.50,80371,298690000,1.54,4.18,13.58,18.48
2015-07-17,38.12,40.47,41.49,37.50,93573,366850000,2.10,5.47,10.40,21.51
2015-07-20,39.82,38.06,40.98,38.00,78159,306930000,-2.41,-5.96,7.36,17.97
2015-07-21,37.00,36.95,38.69,35.80,57406,214680000,-1.11,-2.92,7.59,13.20
2015-07-22,36.68,40.65,40.65,36.10,89521,352770000,3.70,10.01,12.31,20.58
2015-07-23,42.00,42.75,44.32,39.89,182261,771520000,2.10,5.17,10.90,41.90
2015-07-24,40.99,44.53,46.40,40.99,171092,750650000,1.78,4.16,12.66,39.33
2015-07-27,45.98,40.08,45.98,40.08,115140,489660000,-4.45,-9.99,13.25,26.47
2015-07-28,36.50,36.11,39.54,36.07,114621,424460000,-3.97,-9.91,8.66,26.35
2015-07-29,36.08,38.28,39.20,34.36,79317,290320000,2.17,6.01,13.40,18.23
2015-07-30,38.01,36.40,38.98,36.02,61139,229340000,-1.88,-4.91,7.73,14.05
2015-07-31,35.51,35.39,36.36,33.50,49317,172390000,-1.01,-2.77,7.86,11.34
2015-08-03,34.86,31.94,35.00,31.85,48188,160250000,-3.45,-9.75,8.90,11.08
2015-08-04,31.98,35.13,35.13,31.98,54524,183720000,3.19,9.99,9.86,12.53
2015-08-05,35.50,35.11,37.49,35.00,60788,219460000,-0.02,-0.06,7.09,13.97
2015-08-06,33.58,35.63,36.60,33.00,60171,208940000,0.52,1.48,10.25,13.83
2015-08-07,35.00,35.93,36.65,35.00,37592,135790000,0.30,0.84,4.63,8.64
2015-08-10,35.94,37.28,37.65,35.81,44983,165420000,1.35,3.76,5.12,10.34
2015-08-11,37.50,37.19,38.59,37.03,42531,161430000,-0.09,-0.24,4.18,9.78
2015-08-12,36.30,35.38,37.47,35.27,29147,106020000,-1.81,-4.87,5.92,6.70
2015-08-13,35.39,38.92,38.92,35.08,90317,342960000,3.54,10.01,10.85,20.76
2015-08-14,39.35,38.53,40.38,38.38,84227,331720000,-0.39,-1.00,5.14,19.36
2015-08-17,39.10,40.12,40.50,38.00,79976,315030000,1.59,4.13,6.49,18.39
2015-08-18,39.70,38.75,40.49,36.11,74289,285430000,-1.37,-3.41,10.92,17.08
2015-08-19,37.23,42.63,42.63,37.23,129216,538370000,3.88,10.01,13.94,29.70
2015-08-20,42.00,39.62,42.44,38.85,88224,358230000,-3.01,-7.06,8.42,20.28
2015-08-21,38.70,36.93,38.97,36.01,52925,195960000,-2.69,-6.79,7.47,12.17
2015-08-24,33.46,33.24,36.44,33.24,48107,165960000,-3.69,-9.99,8.67,11.06
2015-08-25,30.13,29.92,32.00,29.92,47560,144580000,-3.32,-9.99,6.26,10.93
2015-08-26,30.00,27.78,31.50,26.93,57689,171120000,-2.14,-7.15,15.27,13.26
2015-08-27,29.70,30.45,30.51,27.00,86458,251660000,2.67,9.61,12.64,19.88
2015-08-28,30.42,32.09,32.70,29.80,50337,155620000,1.64,5.39,9.52,11.57
2015-08-31,31.40,31.15,31.67,29.06,38186,116300000,-0.94,-2.93,8.13,8.78
2015-09-01,30.80,30.10,30.80,29.10,31620,94910000,-1.05,-3.37,5.46,7.27
2015-09-02,28.01,30.06,30.58,28.01,62078,186200000,-0.04,-0.13,8.54,14.27
2015-09-07,30.01,27.08,32.00,27.05,50682,147850000,-2.98,-9.91,16.47,11.65
2015-09-08,28.00,25.04,28.00,24.50,51234,132120000,-2.04,-7.53,12.92,11.78
2015-09-09,25.04,26.99,27.15,25.04,72058,185590000,1.95,7.79,8.43,16.56
2015-09-10,26.16,25.23,26.48,25.03,62623,160540000,-1.76,-6.52,5.37,14.40
2015-09-11,24.78,27.36,27.60,24.00,121396,318710000,2.13,8.44,14.27,27.91
2015-09-14,25.44,27.29,28.55,25.44,122860,335680000,-0.07,-0.26,11.37,28.24
2015-09-15,26.42,24.56,26.62,24.56,44638,112010000,-2.73,-10.00,7.55,10.26
2015-09-16,22.10,25.48,26.79,22.10,126232,294460000,0.92,3.75,19.10,29.02
2015-09-17,24.00,22.93,24.55,22.93,92742,219800000,-2.55,-10.01,6.36,21.32
2015-09-18,22.00,20.78,22.99,20.66,80425,170700000,-2.15,-9.38,10.16,18.49
2015-09-21,20.16,21.23,21.35,19.11,89110,179680000,0.45,2.17,10.78,20.49
2015-09-22,20.86,20.91,21.65,20.63,71086,150090000,-0.32,-1.51,4.80,16.34
2015-09-23,20.41,20.24,20.68,20.05,50264,102110000,-0.67,-3.20,3.01,11.55
2015-09-24,20.26,22.26,22.26,20.26,97892,209690000,2.02,9.98,9.88,22.50
2015-09-25,22.71,22.08,23.80,21.50,108816,247480000,-0.18,-0.81,10.33,25.02
2015-09-28,22.34,21.66,22.36,20.45,50697,108660000,-0.42,-1.90,8.65,11.65
2015-09-29,21.08,23.33,23.50,20.50,73366,159610000,1.67,7.71,13.85,16.87
2015-09-30,23.00,23.69,24.49,22.00,106936,248800000,0.36,1.54,10.67,24.58
2015-10-08,24.38,24.04,25.50,23.70,101975,248090000,0.35,1.48,7.60,23.44
2015-10-09,23.70,23.58,24.48,23.50,56728,135150000,-0.46,-1.91,4.08,13.04
2015-10-12,24.20,25.94,25.94,23.81,142745,354780000,2.36,10.01,9.03,32.81
2015-10-13,27.90,26.29,27.90,25.96,155838,415940000,0.35,1.35,7.48,35.82
2015-10-14,25.81,27.71,28.75,25.69,166478,453370000,1.42,5.40,11.64,38.27
2015-10-15,27.20,30.48,30.48,26.50,168288,476350000,2.77,10.00,14.36,38.69
2015-10-16,30.26,33.53,33.53,29.70,204331,657020000,3.05,10.01,12.57,46.97
2015-10-19,34.20,34.06,35.54,32.30,192426,656780000,0.53,1.58,9.66,44.24
2015-10-20,33.03,36.35,36.58,32.56,196358,678660000,2.29,6.72,11.80,45.14
2015-10-21,37.60,37.78,39.10,33.28,217819,825320000,1.43,3.93,16.01,50.07
2015-10-22,37.00,37.93,38.40,36.10,130262,489190000,0.15,0.40,6.09,29.95
2015-10-23,37.07,37.34,38.80,36.00,152939,576920000,-0.59,-1.56,7.38,35.16
2015-10-26,37.70,37.13,39.60,36.70,104648,398750000,-0.21,-0.56,7.77,24.06
2015-10-27,36.10,33.56,36.96,33.42,116229,398790000,-3.57,-9.61,9.53,26.72
2015-10-28,31.25,30.23,33.49,30.21,125476,395680000,-3.33,-9.92,9.77,28.85
2015-10-29,30.80,31.16,31.49,30.30,74751,231490000,0.93,3.08,3.94,17.18
2015-10-30,31.19,30.24,31.23,29.67,59089,179420000,-0.92,-2.95,5.01,13.58
2015-11-02,29.17,29.86,31.00,28.56,84558,250800000,-0.38,-1.26,8.07,19.44
2015-11-03,28.85,29.53,30.38,28.83,53174,157430000,-0.33,-1.11,5.19,12.22
2015-11-04,29.57,30.74,31.31,29.57,66328,202380000,1.21,4.10,5.89,15.25
2015-11-05,31.70,30.91,32.00,30.39,91256,285270000,0.17,0.55,5.24,20.98
2015-11-06,30.88,31.08,31.66,30.70,59297,184630000,0.17,0.55,3.11,13.63
2015-11-09,30.50,31.21,31.67,29.80,80641,246900000,0.13,0.42,6.02,18.54
2015-11-10,30.90,30.97,31.75,30.51,56655,176080000,-0.24,-0.77,3.97,13.02
2015-11-11,31.18,32.19,32.45,30.60,98994,312980000,1.22,3.94,5.97,22.76
2015-11-12,32.21,34.48,35.30,31.72,117374,392290000,2.29,7.11,11.12,26.98
2015-11-13,33.80,31.16,34.39,31.13,93690,304290000,-3.32,-9.63,9.45,21.54
2015-11-16,29.95,30.41,30.50,29.00,53752,161490000,-0.75,-2.41,4.81,12.36
2015-11-17,30.70,30.60,31.98,30.42,47286,146960000,0.19,0.62,5.13,10.87
2015-11-18,31.02,30.09,31.05,29.68,33038,100420000,-0.51,-1.67,4.48,7.59
2015-11-19,30.10,30.57,30.59,29.38,44190,132300000,0.48,1.60,4.02,10.16
2015-11-20,30.30,30.19,30.69,29.71,41922,126210000,-0.38,-1.24,3.21,9.64
2015-11-23,29.90,29.39,30.18,29.28,37613,111640000,-0.80,-2.65,2.98,8.65
2015-11-24,29.47,30.20,30.24,29.25,32524,97290000,0.81,2.76,3.37,7.48
2015-11-25,30.43,30.24,30.58,29.80,36757,111030000,0.04,0.13,2.58,8.45
2015-11-26,30.50,31.70,33.20,30.35,81772,260700000,1.46,4.83,9.42,18.80
2015-11-27,31.25,28.65,31.61,28.53,54081,163380000,-3.05,-9.62,9.72,8.31
2015-11-30,28.80,27.85,29.18,25.85,44013,121280000,-0.80,-2.79,11.62,6.77
2015-12-01,27.88,26.79,27.88,26.20,34756,94370000,-1.06,-3.81,6.03,5.34
2015-12-02,26.60,27.29,27.85,26.38,35750,97110000,0.50,1.87,5.49,5.50
2015-12-03,27.40,27.63,27.87,27.02,34487,94510000,0.34,1.25,3.11,5.30
2015-12-04,27.45,27.25,27.90,27.06,27044,74170000,-0.38,-1.38,3.04,4.16
2015-12-07,27.45,28.29,28.50,27.40,36579,102310000,1.04,3.82,4.04,5.62
2015-12-08,28.30,27.10,28.30,27.00,27808,76050000,-1.19,-4.21,4.60,4.28
2015-12-09,26.97,26.32,27.10,26.21,21596,57570000,-0.78,-2.88,3.28,3.32
2015-12-10,26.59,25.92,26.68,25.86,22748,59640000,-0.40,-1.52,3.12,3.50
2015-12-11,25.81,26.15,26.51,25.81,19687,51500000,0.23,0.89,2.70,3.03
2015-12-14,25.81,26.75,26.78,25.70,19330,50920000,0.60,2.29,4.13,2.97
2015-12-15,26.85,27.32,27.94,26.65,27994,76630000,0.57,2.13,4.82,4.30
2015-12-16,27.41,27.24,27.84,27.08,22688,62180000,-0.08,-0.29,2.78,3.49
2015-12-17,27.29,27.88,27.90,27.29,36960,102560000,0.64,2.35,2.24,5.68
2015-12-18,28.00,29.75,30.30,27.05,60500,171250000,1.87,6.71,11.66,9.30
2015-12-21,29.00,30.18,31.00,28.65,84139,251800000,0.43,1.45,7.90,12.94
2015-12-22,29.68,29.29,30.07,29.20,47646,140570000,-0.89,-2.95,2.88,7.33
2015-12-23,29.60,28.39,29.90,28.30,39754,116040000,-0.90,-3.07,5.46,6.11
2015-12-24,28.00,27.56,28.45,27.02,31499,86930000,-0.83,-2.92,5.04,4.84
2015-12-25,27.56,27.72,27.90,27.38,19231,53310000,0.16,0.58,1.89,2.96
2015-12-28,27.90,27.03,28.24,27.00,27672,76480000,-0.69,-2.49,4.47,4.25
2015-12-29,27.00,27.49,27.67,26.91,20280,55350000,0.46,1.70,2.81,3.12
2015-12-30,27.71,27.84,28.05,27.40,22809,63190000,0.35,1.27,2.36,3.51
2015-12-31,28.08,27.04,28.10,27.00,20522,56340000,-0.80,-2.87,3.95,3.16
2016-01-04,27.08,24.34,27.15,24.34,19858,50570000,-2.70,-9.99,10.39,3.05
2016-01-05,22.50,23.05,23.93,21.95,30426,69970000,-1.29,-5.30,8.13,4.68
2016-01-06,23.12,23.75,23.88,23.12,22674,53380000,0.70,3.04,3.30,3.49
2016-01-07,23.28,21.43,23.28,21.38,4897,10970000,-2.32,-9.77,8.00,0.75
2016-01-08,22.00,21.46,22.50,19.53,23961,51680000,0.03,0.14,13.86,3.68
2016-01-11,21.00,19.34,21.00,19.32,22739,45900000,-2.12,-9.88,7.83,3.50
2016-01-12,19.99,19.89,20.50,18.42,24493,48240000,0.55,2.84,10.75,3.77
2016-01-13,19.94,19.31,20.21,19.20,17632,34900000,-0.58,-2.92,5.08,2.71
2016-01-14,18.55,19.98,20.10,18.34,27626,53180000,0.67,3.47,9.11,4.25
2016-01-15,19.57,18.84,19.87,18.60,19941,38420000,-1.14,-5.71,6.36,3.07
2016-01-18,18.51,20.26,20.36,18.21,25292,49140000,1.42,7.54,11.41,3.89
2016-01-19,20.00,20.89,21.29,19.75,37716,78070000,0.63,3.11,7.60,5.80
2016-01-20,20.93,20.40,20.97,20.22,25903,53310000,-0.49,-2.35,3.59,3.98
2016-01-21,19.95,19.19,20.73,19.10,23363,47000000,-1.21,-5.93,7.99,3.59
2016-01-22,19.57,19.59,19.80,18.95,16266,31540000,0.40,2.08,4.43,2.50
2016-01-25,19.60,20.03,20.10,19.60,15956,31660000,0.44,2.25,2.55,2.45
2016-01-26,19.66,18.18,19.95,18.08,19785,37510000,-1.85,-9.24,9.34,3.04
2016-01-27,18.05,17.87,18.45,16.70,17565,30960000,-0.31,-1.71,9.63,2.70
2016-01-28,17.50,16.73,17.79,16.70,12646,21870000,-1.14,-6.38,6.10,1.94
2016-01-29,16.80,17.47,17.69,16.72,14618,25210000,0.74,4.42,5.80,2.25
2016-02-01,17.44,16.99,17.59,16.40,12224,20900000,-0.48,-2.75,6.81,1.88
2016-02-02,17.07,17.59,17.63,17.00,13870,24230000,0.60,3.53,3.71,2.13
2016-02-03,17.23,17.52,17.77,17.16,11178,19500000,-0.07,-0.40,3.47,1.72
2016-02-04,17.71,18.32,18.54,17.55,22453,40700000,0.80,4.57,5.65,3.45
2016-02-05,18.31,18.37,18.69,18.06,20256,37290000,0.05,0.27,3.44,3.11
2016-02-15,17.70,20.21,20.21,17.42,37088,71820000,1.84,10.02,15.19,5.70
2016-02-16,20.47,20.99,21.39,20.21,59005,122310000,0.78,3.86,5.84,9.07
2016-02-17,20.60,20.81,20.99,20.30,37500,77230000,-0.18,-0.86,3.29,5.77
2016-02-18,20.78,20.12,20.89,20.05,29008,59320000,-0.69,-3.32,4.04,4.46
2016-02-19,20.08,20.35,20.77,20.02,24243,49450000,0.23,1.14,3.73,3.73
2016-02-22,20.45,21.09,21.30,20.30,32001,66320000,0.74,3.64,4.91,4.92
2016-02-23,21.00,20.63,21.08,20.30,26618,54750000,-0.46,-2.18,3.70,4.09
2016-02-24,20.38,20.76,20.90,20.11,20118,41360000,0.13,0.63,3.83,3.09
2016-02-25,20.69,18.97,21.50,18.71,47272,96740000,-1.79,-8.62,13.44,7.27
2016-02-26,19.20,18.37,19.41,17.87,25102,46830000,-0.60,-3.16,8.12,3.86
2016-02-29,18.00,16.66,18.40,16.60,19116,32590000,-1.71,-9.31,9.80,2.94
2016-03-01,16.96,17.07,17.20,16.30,16506,27810000,0.41,2.46,5.40,2.54
2016-03-02,16.90,17.91,18.00,16.60,19223,33790000,0.84,4.92,8.20,2.96
2016-03-03,17.80,17.90,18.50,17.70,22368,40520000,-0.01,-0.06,4.47,3.44
2016-03-04,17.90,17.10,17.98,16.90,19423,33770000,-0.80,-4.47,6.03,2.99
2016-03-07,17.21,17.57,17.71,17.21,11725,20580000,0.47,2.75,2.92,1.80
2016-03-08,17.28,17.93,18.09,16.80,18650,32630000,0.36,2.05,7.34,2.87
2016-03-09,17.50,17.54,17.95,17.21,12901,22770000,-0.39,-2.18,4.13,1.98
2016-03-10,17.50,17.37,17.86,17.33,14008,24640000,-0.17,-0.97,3.02,2.15
2016-03-11,17.28,17.56,17.75,17.10,12466,21750000,0.19,1.09,3.74,1.92
2016-03-14,17.89,18.30,18.40,17.71,22749,41380000,0.74,4.21,3.93,3.50
2016-03-15,18.10,17.86,18.28,17.75,14548,26180000,-0.44,-2.40,2.90,2.24
2016-03-16,18.00,17.49,18.13,17.41,11940,21060000,-0.37,-2.07,4.03,1.84
2016-03-17,17.56,18.01,18.12,17.33,24673,43960000,0.52,2.97,4.52,3.79
2016-03-18,17.73,18.84,19.00,17.73,38466,71560000,0.83,4.61,7.05,5.91
2016-03-21,19.06,19.85,20.00,18.89,42727,82420000,1.01,5.36,5.89,6.57
2016-03-22,19.51,19.28,19.74,19.25,29096,56690000,-0.57,-2.87,2.47,4.47
2016-03-23,18.95,19.70,20.00,18.95,33887,66370000,0.42,2.18,5.45,5.21
2016-03-24,19.55,20.11,20.97,19.10,52439,105450000,0.41,2.08,9.49,8.06
2016-03-25,19.91,19.84,20.36,19.57,26618,52930000,-0.27,-1.34,3.93,4.09
2016-03-28,19.85,19.24,20.19,19.10,22155,43630000,-0.60,-3.02,5.49,3.41
2016-03-29,19.34,18.92,19.49,18.68,18030,34240000,-0.32,-1.66,4.21,2.77
2016-03-30,19.04,20.34,20.38,19.04,40638,80850000,1.42,7.51,7.08,6.25
2016-03-31,20.49,20.88,21.47,20.11,61328,127910000,0.54,2.65,6.69,9.43
2016-04-01,20.70,20.39,20.90,20.10,34488,70580000,-0.49,-2.35,3.83,5.30
2016-04-05,20.56,20.68,20.88,20.28,28084,58050000,0.29,1.42,2.94,4.32
2016-04-06,20.56,20.74,20.91,20.35,23917,49330000,0.06,0.29,2.71,3.68
2016-04-07,21.20,20.77,21.36,20.67,49018,103150000,0.03,0.14,3.33,7.54
2016-04-08,20.70,20.28,20.70,20.01,25988,52990000,-0.49,-2.36,3.32,4.00
2016-04-11,20.36,20.78,21.08,20.36,23512,48900000,0.50,2.47,3.55,3.61
2016-04-12,20.90,20.77,21.06,20.30,28800,59530000,-0.01,-0.05,3.66,4.43
2016-04-13,20.90,21.78,21.80,20.68,60386,128920000,1.01,4.86,5.39,9.28
2016-04-14,18.35,18.34,18.58,18.10,38918,71230000,0.25,1.38,2.65,4.99
2016-04-15,18.05,17.76,18.09,17.70,49424,88080000,-0.58,-3.16,2.13,6.33
2016-04-18,17.57,17.58,17.80,17.43,28451,50040000,-0.18,-1.01,2.08,3.65
2016-04-19,17.79,17.49,17.79,17.44,26705,46950000,-0.09,-0.51,1.99,3.42
2016-04-20,17.60,16.18,17.60,15.74,59869,99020000,-1.31,-7.49,10.63,7.67
2016-04-21,16.32,15.89,16.39,15.80,31478,50480000,-0.29,-1.79,3.65,4.03
2016-04-22,15.77,16.33,16.55,15.57,24733,39470000,0.44,2.77,6.17,3.17
2016-04-25,16.30,16.08,16.30,15.80,19407,31170000,-0.25,-1.53,3.06,2.49
2016-04-26,16.06,16.35,16.38,16.00,20116,32630000,0.27,1.68,2.36,2.58
2016-04-27,16.37,16.19,16.48,15.83,25639,41510000,-0.16,-0.98,3.98,3.29
2016-04-28,16.08,15.91,16.12,15.44,21427,33820000,-0.28,-1.73,4.20,2.75
2016-04-29,15.80,15.86,16.00,15.69,10778,17100000,-0.05,-0.31,1.95,1.38
2016-05-03,15.80,16.38,16.40,15.80,20691,33630000,0.52,3.28,3.78,2.65
2016-05-04,16.38,16.58,16.69,16.20,24948,41240000,0.20,1.22,2.99,3.20
2016-05-05,16.58,16.59,16.66,16.43,17375,28740000,0.01,0.06,1.39,2.23
2016-05-06,16.60,16.65,17.25,16.44,62974,106050000,0.06,0.36,4.88,8.07
2016-05-09,16.58,17.99,18.00,16.50,121207,211620000,1.34,8.05,9.01,15.53
2016-05-10,17.88,17.39,17.98,17.00,91627,159730000,-0.60,-3.34,5.45,11.74
2016-05-11,17.68,16.70,17.98,16.60,67083,115030000,-0.69,-3.97,7.94,8.60
2016-05-12,16.00,15.63,16.00,15.10,55503,86110000,-1.07,-6.41,5.39,7.11
2016-05-13,15.35,15.48,15.75,15.15,31445,48560000,-0.15,-0.96,3.84,4.03
2016-05-16,15.50,15.69,15.75,15.18,26101,40390000,0.21,1.36,3.68,3.34
2016-05-17,15.68,15.46,15.70,15.35,26502,41000000,-0.23,-1.47,2.23,3.40
2016-05-18,15.20,14.56,15.37,14.38,32533,48500000,-0.90,-5.82,6.40,4.17
2016-05-19,14.41,14.59,15.06,14.41,20284,29930000,0.03,0.21,4.46,2.60
2016-05-20,14.51,14.80,14.83,14.40,20748,30390000,0.21,1.44,2.95,2.66
2016-05-23,14.73,14.98,15.09,14.73,21346,31930000,0.18,1.22,2.43,2.73
2016-05-24,14.88,15.34,15.38,14.88,40251,61080000,0.36,2.40,3.34,5.16
2016-05-25,15.48,15.05,15.52,14.96,28118,42720000,-0.29,-1.89,3.65,3.60
2016-05-26,14.99,15.62,15.80,14.84,54748,84540000,0.57,3.79,6.38,7.01
2016-05-27,15.40,15.40,15.55,15.26,30871,47480000,-0.22,-1.41,1.86,3.96
2016-05-30,15.19,15.09,15.41,15.00,21344,32470000,-0.31,-2.01,2.66,2.73
2016-05-31,15.02,15.71,15.75,15.02,42868,66430000,0.62,4.11,4.84,5.49
2016-06-01,15.59,15.84,15.88,15.50,46297,72890000,0.13,0.83,2.42,5.93
2016-06-02,15.91,16.20,16.42,15.65,55668,88970000,0.36,2.27,4.86,7.13
2016-06-03,16.10,15.98,16.20,15.82,39565,63330000,-0.22,-1.36,2.35,5.07
2016-06-06,15.98,16.66,17.20,15.98,76294,126670000,0.68,4.26,7.63,9.78
2016-06-07,16.55,16.56,16.66,16.34,43923,72620000,-0.10,-0.60,1.92,5.63
2016-06-08,16.56,16.56,16.80,16.18,39583,65380000,0.00,0.00,3.74,5.07
2016-06-13,16.30,15.34,16.30,15.28,43974,69960000,-1.22,-7.37,6.16,5.63
2016-06-14,15.30,15.34,15.55,15.10,29211,44680000,0.00,0.00,2.93,3.74
2016-06-15,15.02,16.10,16.12,15.02,36150,56980000,0.76,4.95,7.17,4.63
2016-06-16,16.13,16.73,16.93,16.02,65764,108890000,0.63,3.91,5.65,8.43
2016-06-17,16.60,17.02,18.00,16.60,119282,205160000,0.29,1.73,8.37,15.28
2016-06-20,17.05,16.73,17.14,16.42,50271,83900000,-0.29,-1.70,4.23,6.44
2016-06-21,16.81,16.26,17.14,16.19,51476,86050000,-0.47,-2.81,5.68,6.60
2016-06-22,16.26,17.20,17.30,16.02,88592,150300000,0.94,5.78,7.87,11.35
2016-06-23,17.20,16.84,17.20,16.58,51461,86760000,-0.36,-2.09,3.60,6.59
2016-06-24,16.85,16.60,16.97,16.10,55362,91760000,-0.24,-1.43,5.17,7.09
2016-06-27,16.32,17.12,17.15,16.32,45300,76580000,0.52,3.13,5.00,5.80
2016-06-28,17.03,17.34,17.35,16.83,55437,95030000,0.22,1.29,3.04,7.10
2016-06-29,17.40,17.18,17.40,17.00,43290,74430000,-0.16,-0.92,2.31,5.55
2016-06-30,17.17,17.69,17.99,17.12,86001,151230000,0.51,2.97,5.06,11.02
2016-07-01,17.55,17.33,17.79,17.18,47581,83110000,-0.36,-2.04,3.45,6.10
2016-07-04,17.10,17.58,17.65,17.00,37440,65440000,0.25,1.44,3.75,4.80
2016-07-05,17.60,17.93,18.08,17.41,65984,117180000,0.35,1.99,3.81,8.45
2016-07-06,17.90,19.12,19.26,17.60,130454,240580000,1.19,6.64,9.26,16.71
2016-07-07,19.00,21.03,21.03,18.54,216760,436680000,1.91,9.99,13.02,27.77
2016-07-08,20.89,22.13,22.50,20.52,224201,491430000,1.10,5.23,9.42,28.73
2016-07-11,22.00,24.34,24.34,21.00,212451,488580000,2.21,9.99,15.09,27.22
2016-07-12,23.75,26.77,26.77,23.06,259504,644290000,2.43,9.98,15.24,33.25
2016-07-15,24.09,24.09,25.14,24.09,312578,754840000,-2.68,-10.01,3.92,40.05
2016-07-18,23.21,22.53,23.48,21.89,228109,514120000,-1.56,-6.48,6.60,29.23
2016-07-19,22.39,22.48,22.87,22.11,144583,325040000,-0.05,-0.22,3.37,18.52
2016-07-20,22.48,22.01,22.90,21.92,140134,313360000,-0.47,-2.09,4.36,17.95
2016-07-21,22.09,21.85,22.16,21.50,115207,250470000,-0.16,-0.73,3.00,14.76
2016-07-22,21.85,21.39,21.90,21.23,76580,164710000,-0.46,-2.11,3.07,9.81
2016-07-25,21.54,21.42,21.70,21.08,59549,127430000,0.03,0.14,2.90,7.63
2016-07-26,21.49,21.87,21.97,21.32,91545,198090000,0.45,2.10,3.03,11.73
2016-07-27,21.76,20.29,21.76,19.91,116920,243570000,-1.58,-7.22,8.46,14.98
2016-07-28,20.29,20.09,20.56,19.57,59091,118350000,-0.20,-0.99,4.88,7.57
2016-07-29,20.20,20.10,20.40,19.93,46996,94860000,0.01,0.05,2.34,6.02
2016-08-01,20.26,19.96,20.30,19.45,46430,91840000,-0.14,-0.70,4.23,5.95
2016-08-02,20.27,20.06,20.27,19.88,42797,85820000,0.10,0.50,1.95,5.48
2016-08-03,20.13,20.54,20.69,19.63,76755,154810000,0.48,2.39,5.28,9.83
2016-08-04,20.40,20.65,20.87,20.29,79542,163560000,0.11,0.54,2.82,10.19
2016-08-05,20.46,20.00,20.85,20.00,61564,125810000,-0.65,-3.15,4.12,7.89
2016-08-08,19.80,19.92,19.95,19.01,56802,111040000,-0.08,-0.40,4.70,7.28
2016-08-09,19.69,20.82,21.06,19.62,110035,227800000,0.90,4.52,7.23,14.10
2016-08-10,20.70,20.87,21.25,20.40,99386,207150000,0.05,0.24,4.08,12.73
2016-08-11,20.58,20.13,20.80,20.05,60650,123760000,-0.74,-3.55,3.59,7.77
2016-08-12,20.09,20.77,20.80,20.01,50872,104190000,0.64,3.18,3.92,6.52
2016-08-15,20.80,21.46,21.58,20.51,106530,225780000,0.69,3.32,5.15,13.65
2016-08-16,21.47,21.86,21.90,21.15,104777,225250000,0.40,1.86,3.49,13.42
2016-08-17,21.77,21.36,22.38,21.30,97000,211020000,-0.50,-2.29,4.94,12.43
2016-08-18,21.15,21.10,21.36,20.87,65837,138710000,-0.26,-1.22,2.29,8.44
2016-08-19,21.09,21.14,21.25,20.91,35475,74810000,0.04,0.19,1.61,4.55
2016-08-22,21.09,20.21,21.10,20.12,45637,93880000,-0.93,-4.40,4.64,5.85
2016-08-23,20.22,20.15,20.27,19.90,30796,61810000,-0.06,-0.30,1.83,3.95
2016-08-24,20.15,20.29,20.44,20.01,27594,55890000,0.14,0.69,2.13,3.54
2016-08-25,20.10,20.08,20.11,19.60,31818,63220000,-0.21,-1.04,2.51,4.08
2016-08-26,20.10,19.89,20.29,19.87,27137,54550000,-0.19,-0.95,2.09,3.48
2016-08-29,19.86,20.20,20.22,19.70,19047,38060000,0.31,1.56,2.61,2.44
2016-08-30,20.19,20.46,20.57,20.13,31979,65170000,0.26,1.29,2.18,4.10
2016-08-31,20.48,20.29,20.56,20.00,22479,45610000,-0.17,-0.83,2.74,2.88
2016-09-01,20.27,20.85,21.20,20.11,87248,181710000,0.56,2.76,5.37,11.18
2016-09-02,20.88,20.56,20.99,20.30,43078,88930000,-0.29,-1.39,3.31,5.52
2016-09-05,20.45,20.98,21.30,20.45,51856,108770000,0.42,2.04,4.13,6.64
2016-09-06,20.99,21.24,21.29,20.41,58236,121800000,0.26,1.24,4.19,7.46
2016-09-07,21.11,20.79,21.59,20.71,56965,120590000,-0.45,-2.12,4.14,7.30
2016-09-08,20.68,20.85,21.13,20.65,31651,66070000,0.06,0.29,2.31,4.06
2016-09-09,20.67,20.15,20.85,20.13,40541,82930000,-0.70,-3.36,3.45,5.19
2016-09-12,19.80,18.75,19.80,18.70,51945,99680000,-1.40,-6.95,5.46,6.66
2016-09-13,18.96,18.87,19.14,18.79,27780,52680000,0.12,0.64,1.87,3.56
2016-09-14,18.58,18.93,19.14,18.58,25525,48190000,0.06,0.32,2.97,3.27
2016-09-19,18.90,19.15,19.16,18.90,22528,42880000,0.22,1.16,1.37,2.89
2016-09-20,19.16,19.10,19.27,19.01,15353,29370000,-0.05,-0.26,1.36,1.97
2016-09-21,19.10,19.09,19.31,19.01,15529,29760000,-0.01,-0.05,1.57,1.99
2016-09-22,19.29,19.02,19.30,18.98,24071,45980000,-0.07,-0.37,1.68,3.08
2016-09-23,19.06,19.14,19.26,19.01,24194,46360000,0.12,0.63,1.31,3.10
2016-09-26,19.14,19.04,19.26,19.00,28374,54210000,-0.10,-0.52,1.36,3.64
2016-09-27,18.90,18.97,19.04,18.60,21375,40200000,-0.07,-0.37,2.31,2.74
2016-09-28,18.92,18.96,19.14,18.71,17878,33860000,-0.01,-0.05,2.27,2.29
2016-09-29,19.08,18.97,19.16,18.92,14816,28180000,0.01,0.05,1.27,1.90
2016-09-30,19.00,19.12,19.18,18.85,13355,25330000,0.15,0.79,1.74,1.71
2016-10-10,19.48,19.31,19.48,19.14,22951,44310000,0.19,0.99,1.78,2.94
2016-10-11,19.33,19.51,19.53,19.25,21670,42010000,0.20,1.04,1.45,2.78
2016-10-12,19.39,19.31,19.47,19.18,17337,33510000,-0.20,-1.03,1.49,2.22
2016-10-13,19.25,19.82,19.86,19.25,39483,77590000,0.51,2.64,3.16,5.06
2016-10-14,19.70,19.61,20.07,19.44,31816,62660000,-0.21,-1.06,3.18,4.08
2016-10-17,19.66,19.18,19.66,19.08,23574,45610000,-0.43,-2.19,2.96,3.02
2016-10-18,19.30,19.50,19.61,19.10,20085,38950000,0.32,1.67,2.66,2.57
2016-10-19,19.51,19.66,19.80,19.42,23622,46250000,0.16,0.82,1.95,3.03
2016-10-20,19.66,20.17,20.18,19.55,58783,117520000,0.51,2.59,3.20,7.53
2016-10-21,20.23,19.94,20.29,19.61,44154,87880000,-0.23,-1.14,3.37,5.66
2016-10-24,19.98,19.87,20.05,19.66,26437,52490000,-0.07,-0.35,1.96,3.39
2016-10-25,19.87,20.06,20.09,19.80,23763,47360000,0.19,0.96,1.46,3.04
2016-10-26,19.92,19.68,20.06,19.66,26590,52680000,-0.38,-1.89,1.99,3.41
2016-10-27,19.68,19.54,19.79,19.40,22423,43800000,-0.14,-0.71,1.98,2.87
2016-10-28,19.55,20.12,21.00,19.51,72914,148210000,0.58,2.97,7.63,9.34
2016-10-31,19.84,19.57,19.97,19.40,39342,77240000,-0.55,-2.73,2.83,5.04
2016-11-01,19.51,19.77,19.85,19.50,27994,55120000,0.20,1.02,1.79,3.59
2016-11-02,19.70,19.63,19.95,19.58,26562,52430000,-0.14,-0.71,1.87,3.40
2016-11-03,19.52,19.59,19.74,19.46,29007,56830000,-0.04,-0.20,1.43,3.72
2016-11-04,19.63,19.64,19.75,19.51,23635,46410000,0.05,0.26,1.23,3.03
2016-11-07,19.64,20.79,21.28,19.51,124917,257600000,1.15,5.86,9.01,16.00
2016-11-08,20.40,20.50,20.76,20.37,66174,135590000,-0.29,-1.39,1.88,8.48
2016-11-09,20.50,20.31,20.70,20.00,54732,111610000,-0.19,-0.93,3.41,7.01
2016-11-10,20.53,20.88,20.98,20.41,63438,131150000,0.57,2.81,2.81,8.13
2016-11-11,20.75,20.78,21.10,20.66,48737,101550000,-0.10,-0.48,2.11,6.24
2016-11-14,20.53,20.58,20.83,20.40,40369,82990000,-0.20,-0.96,2.07,5.17
2016-11-15,20.60,21.24,22.28,20.50,101721,218590000,0.66,3.21,8.65,13.03
2016-11-16,21.07,22.24,22.35,20.92,121843,265830000,1.00,4.71,6.73,15.61
2016-11-17,22.06,21.71,22.08,21.58,68838,149980000,-0.53,-2.38,2.25,8.82
2016-11-18,21.59,21.74,21.99,21.38,55053,119410000,0.03,0.14,2.81,7.05
2016-11-21,21.77,21.88,22.34,21.20,56913,124280000,0.14,0.64,5.24,7.29
2016-11-22,21.90,22.01,22.20,21.65,50895,111660000,0.13,0.59,2.51,6.52
2016-11-23,22.10,21.32,22.18,21.32,48215,104600000,-0.69,-3.13,3.91,6.18
2016-11-24,21.30,20.67,21.32,20.55,54042,113070000,-0.65,-3.05,3.61,6.92
2016-11-25,20.59,20.98,21.10,20.10,33414,69120000,0.31,1.50,4.84,4.28
2016-11-28,21.03,20.63,21.07,20.60,22574,46860000,-0.35,-1.67,2.24,2.89
2016-11-29,20.53,20.07,20.70,20.00,28156,57200000,-0.56,-2.71,3.39,3.61
2016-11-30,20.00,20.20,20.29,19.88,13788,27710000,0.13,0.65,2.04,1.77
2016-12-01,20.23,20.26,20.38,20.15,15363,31080000,0.06,0.30,1.14,1.97
2016-12-02,20.26,19.46,20.26,19.43,31985,63250000,-0.80,-3.95,4.10,4.10
2016-12-05,19.39,19.38,19.65,18.89,14682,28400000,-0.08,-0.41,3.91,1.88
2016-12-06,19.40,19.75,19.84,19.40,19282,37940000,0.37,1.91,2.27,2.47
2016-12-07,19.65,19.99,20.29,19.65,24838,49870000,0.24,1.22,3.24,3.18
2016-12-08,20.03,19.78,20.06,19.72,15320,30350000,-0.21,-1.05,1.70,1.96
2016-12-09,19.84,19.55,19.88,19.51,12736,25080000,-0.23,-1.16,1.87,1.63
2016-12-12,19.58,18.60,19.58,18.50,25131,47540000,-0.95,-4.86,5.52,3.22
2016-12-13,18.50,18.74,18.78,18.27,11984,22230000,0.14,0.75,2.74,1.54
2016-12-14,18.80,18.80,18.83,18.48,13419,25070000,0.06,0.32,1.87,1.72
2016-12-15,18.58,18.84,18.96,18.58,12657,23830000,0.04,0.21,2.02,1.62
2016-12-16,18.78,19.03,19.15,18.73,12479,23730000,0.19,1.01,2.23,1.60
2016-12-19,19.05,18.91,19.09,18.88,9018,17100000,-0.12,-0.63,1.10,1.16
2016-12-20,18.91,18.83,18.99,18.73,8157,15390000,-0.08,-0.42,1.37,1.05
2016-12-21,18.95,18.93,18.96,18.78,9555,18050000,0.10,0.53,0.96,1.22
2016-12-22,18.90,19.29,19.70,18.89,26120,50740000,0.36,1.90,4.28,3.35
2016-12-23,19.20,18.88,19.29,18.84,12893,24510000,-0.41,-2.13,2.33,1.65
2016-12-26,19.00,19.13,19.26,18.53,14137,26790000,0.25,1.32,3.87,1.81
2016-12-27,19.07,18.90,19.10,18.80,10628,20120000,-0.23,-1.20,1.57,1.36
2016-12-28,18.90,18.42,18.90,18.30,16581,30880000,-0.48,-2.54,3.17,2.12
2016-12-29,18.25,16.58,18.28,16.58,115333,193720000,-1.84,-9.99,9.23,7.70
2016-12-30,15.80,16.21,16.36,15.77,55195,88980000,-0.37,-2.23,3.56,3.68
2017-01-03,16.16,16.21,16.35,15.80,31912,51490000,0.00,0.00,3.39,2.13
2017-01-04,16.20,16.22,16.25,15.92,31988,51570000,0.01,0.06,2.04,2.13
2017-01-05,16.28,16.38,16.56,16.22,39691,65070000,0.16,0.99,2.10,2.65
2017-01-06,16.36,15.94,16.37,15.89,34803,55830000,-0.44,-2.69,2.93,2.32
2017-01-09,16.02,16.18,16.20,15.88,25169,40470000,0.24,1.51,2.01,1.68
2017-01-10,16.26,16.04,16.29,15.95,24976,40080000,-0.14,-0.87,2.10,1.67
2017-01-11,16.11,15.44,16.11,15.33,43679,68550000,-0.60,-3.74,4.86,2.91
2017-01-12,15.37,15.11,15.56,15.05,36404,55750000,-0.33,-2.14,3.30,2.43
2017-01-13,15.08,14.62,15.14,14.52,44323,65370000,-0.49,-3.24,4.10,2.96
2017-01-16,14.50,13.72,14.55,13.16,52809,73760000,-0.90,-6.16,9.51,3.52
2017-01-17,13.70,13.71,13.95,12.96,64779,87650000,-0.01,-0.07,7.22,4.32
2017-01-18,13.70,13.69,13.92,13.66,48533,66850000,-0.02,-0.15,1.90,3.24
2017-01-19,13.76,13.73,13.93,13.66,34726,47930000,0.04,0.29,1.97,2.32
2017-01-20,13.80,14.02,14.14,13.74,47265,66170000,0.29,2.11,2.91,3.15
2017-01-23,14.09,14.02,14.18,13.87,44827,62760000,0.00,0.00,2.21,2.99
2017-01-24,13.96,14.45,15.25,13.59,118752,171950000,0.43,3.07,11.84,7.92
2017-01-25,14.01,14.21,14.44,14.01,73417,104370000,-0.24,-1.66,2.98,4.90
2017-01-26,14.23,14.10,14.23,14.05,46264,65380000,-0.11,-0.77,1.27,3.09
2017-02-03,14.17,13.80,14.18,13.78,44651,62060000,-0.30,-2.13,2.84,2.98
2017-02-06,13.84,14.04,14.05,13.76,52835,73520000,0.24,1.74,2.10,3.53
2017-02-07,14.05,13.96,14.05,13.88,41868,58410700,-0.08,-0.57,1.211,2.79
2017-02-08,14.01,15.36,15.36,13.92,155045,229312300,1.40,10.03,10.315,10.35
2017-02-09,15.77,16.20,16.68,15.58,324810,522281500,0.84,5.47,7.161,21.67
2017-02-10,15.81,15.61,15.99,15.59,172402,271420500,-0.59,-3.64,2.469,11.50
2017-02-13,15.90,15.83,16.43,15.79,184568,296244200,0.22,1.41,4.1,12.32
2017-02-14,15.91,16.20,16.40,15.60,150779,241742500,0.37,2.34,5.054,10.06
2017-02-15,16.10,15.81,16.32,15.75,110668,176966200,-0.39,-2.41,3.519,7.38
2017-02-16,15.62,15.83,15.88,15.62,63842,100554900,0.02,0.13,1.645,4.26
2017-02-17,15.80,15.70,15.90,15.58,57900,90909300,-0.13,-0.82,2.021,3.86
2017-02-20,15.77,16.26,16.44,15.63,124233,199648300,0.56,3.57,5.159,8.29
2017-02-21,16.27,16.30,16.38,16.02,105512,171399200,0.04,0.25,2.21,7.04
2017-02-22,16.31,16.14,16.33,16.02,72831,117564200,-0.16,-0.98,1.90,4.86
2017-02-23,16.11,15.92,16.26,15.80,65811,105636600,-0.22,-1.36,2.85,4.39
2017-02-24,15.93,16.04,16.08,15.73,48126,76599100,0.12,0.75,2.20,3.21
2017-02-27,15.95,15.71,16.06,15.66,48402,76613500,-0.33,-2.06,2.49,3.23
2017-02-28,15.58,15.79,15.84,15.58,31121,48953400,0.08,0.51,1.66,2.08
2017-03-01,15.84,15.83,15.88,15.75,33536,53010400,0.04,0.25,0.82,2.24
2017-03-02,15.90,15.41,15.90,15.38,74119,115469700,-0.42,-2.65,3.29,4.95
2017-03-03,15.31,15.37,15.48,15.02,50377,76796800,-0.04,-0.26,2.98,3.36
2017-03-06,15.30,15.45,15.60,15.23,42259,65229200,0.08,0.52,2.41,2.82
2017-03-07,15.45,15.68,15.71,15.37,49709,77358100,0.23,1.49,2.20,3.32
2017-03-08,15.60,15.66,15.90,15.54,40965,64321700,-0.02,-0.13,2.30,2.73
2017-03-09,15.66,15.70,15.76,15.29,42476,65956400,0.04,0.26,3.00,2.83
2017-03-10,15.71,15.50,15.82,15.50,38079,59534900,-0.20,-1.27,2.04,2.54
2017-03-13,15.45,15.43,15.50,15.08,39342,60181300,-0.07,-0.45,2.71,2.63
2017-03-14,15.50,15.45,15.74,15.44,32332,50325400,0.02,0.13,1.94,2.16
2017-03-15,15.40,15.19,15.42,15.12,42287,64450700,-0.26,-1.68,1.94,2.82
2017-03-16,15.26,15.32,15.34,15.20,41154,62827540,0.13,0.86,0.92,2.75
2017-03-17,15.34,15.15,15.40,15.05,51227,77994451,-0.17,-1.11,2.28,3.42
2017-03-20,15.12,15.15,15.22,15.02,31078,46960043,0.00,0.00,1.32,2.07
2017-03-21,15.18,15.22,15.26,15.04,31738,48039971,0.07,0.46,1.45,2.12
2017-03-22,15.13,15.16,15.28,15.03,33796,51122007,-0.06,-0.39,1.64,2.25
2017-03-23,15.20,15.06,15.24,14.80,42544,63988035,-0.10,-0.66,2.90,2.84
2017-03-24,15.06,15.44,15.47,14.90,80360,122655770,0.38,2.52,3.78,5.36
2017-03-27,15.39,15.41,15.78,15.30,74448,115562888,-0.03,-0.19,3.11,4.97
2017-03-28,15.31,15.80,16.10,15.18,116075,182049983,0.39,2.53,5.97,7.75
2017-03-29,15.72,15.85,15.99,15.50,97314,153627769,0.05,0.32,3.10,6.49
2017-03-30,15.70,15.76,15.87,15.50,85398,133908043,-0.09,-0.57,2.33,5.70
2017-03-31,15.75,15.63,15.97,15.53,64635,101798963,-0.13,-0.82,2.79,4.31
2017-04-05,15.53,16.02,16.14,15.53,112723,179176126,0.39,2.50,3.90,7.52
2017-04-06,15.96,15.74,16.07,15.65,79758,126085028,-0.28,-1.75,2.62,5.32
2017-04-07,15.69,15.67,15.96,15.56,58756,92443515,-0.07,-0.44,2.54,3.92
2017-04-10,15.56,15.37,15.70,15.05,83861,128182220,-0.30,-1.91,4.15,5.60
2017-04-11,15.33,15.22,15.36,15.07,48303,73386985,-0.15,-0.98,1.89,3.22
2017-04-12,15.15,14.66,15.22,14.59,57641,86234834,-0.56,-3.68,4.14,3.85
2017-04-13,14.60,14.58,14.75,14.22,52313,75689964,-0.08,-0.55,3.62,3.49
2017-04-14,14.78,14.67,14.98,14.61,47116,69689895,0.09,0.62,2.54,3.14
2017-04-17,14.80,14.94,14.95,14.38,39810,58665220,0.27,1.84,3.89,2.66
2017-04-18,14.86,14.84,14.95,14.73,29390,43618502,-0.10,-0.67,1.47,1.96
2017-04-19,14.88,15.00,15.06,14.56,38645,57047593,0.16,1.08,3.37,2.58
2017-04-20,15.13,14.82,15.13,14.75,29290,43587725,-0.18,-1.20,2.53,1.95
2017-04-21,14.78,14.62,14.80,14.53,28300,41412758,-0.20,-1.35,1.82,1.89
2017-04-24,14.70,14.19,14.70,13.90,39380,56032705,-0.43,-2.94,5.47,2.63
2017-04-25,14.27,14.24,14.50,14.06,22791,32478571,0.05,0.35,3.10,1.52
2017-04-26,14.24,14.22,14.35,14.15,15522,22077042,-0.02,-0.14,1.40,1.04
2017-04-27,14.10,14.28,14.39,13.91,33567,47634185,0.06,0.42,3.38,2.24
2017-04-28,14.24,14.34,14.40,14.21,21743,31108085,0.06,0.42,1.33,1.45
2017-05-02,14.29,14.20,14.36,14.09,26869,38256340,-0.14,-0.98,1.88,1.79
2017-05-03,14.22,14.22,14.25,14.10,17091,24217109,0.02,0.14,1.06,1.14
2017-05-04,14.23,14.26,14.34,14.10,16607,23633060,0.04,0.28,1.69,1.11
2017-05-05,14.26,14.18,14.26,14.01,17857,25283159,-0.08,-0.56,1.75,1.19
2017-05-08,14.12,14.11,14.49,14.06,18384,26176551,-0.07,-0.49,3.03,1.23
2017-05-09,14.08,14.13,14.27,13.91,27013,38034673,0.02,0.14,2.55,1.80
2017-05-10,14.09,13.92,14.28,13.51,36918,51399550,-0.21,-1.49,5.45,2.46
2017-05-11,13.67,13.94,14.28,13.42,41559,57068840,0.02,0.14,6.18,2.77
2017-05-12,13.82,13.88,14.21,13.76,20999,29172308,-0.06,-0.43,3.23,1.40
2017-05-15,13.99,13.55,14.00,13.52,18231,25049020,-0.33,-2.38,3.46,1.22
2017-05-16,13.60,13.12,13.61,12.97,98273,128781562,-0.43,-3.17,4.72,6.56
2017-05-17,13.12,13.03,13.27,12.98,62784,82091627,-0.09,-0.69,2.21,4.19
2017-05-18,12.80,12.51,12.95,12.46,68007,86272024,-0.52,-3.99,3.76,4.54
2017-05-19,12.46,12.11,12.56,11.92,92450,112568010,-0.40,-3.20,5.12,6.17
2017-05-22,11.91,11.44,12.10,11.41,67828,79644217,-0.67,-5.53,5.70,4.53
2017-05-23,11.37,10.52,11.38,10.42,96862,105908476,-0.92,-8.04,8.39,6.46
2017-05-24,10.44,10.54,10.68,10.12,78682,82280166,0.02,0.19,5.32,5.25
2017-05-25,10.82,10.70,10.98,10.58,91607,97981927,0.16,1.52,3.80,6.11
2017-05-26,10.60,10.76,10.93,10.60,49774,53505664,0.06,0.56,3.08,3.32
2017-05-31,10.90,10.83,11.01,10.77,55827,60722755,0.07,0.65,2.23,3.73
2017-06-01,10.58,10.16,10.58,10.01,57835,59125364,-0.47,-4.42,5.36,3.86
2017-06-02,10.11,10.29,10.33,9.83,42475,42853735,0.13,1.28,4.92,2.83
2017-06-05,10.27,10.36,10.45,10.21,32344,33515628,0.07,0.68,2.33,2.16
2017-06-06,10.31,10.60,10.67,10.25,37891,39543279,0.24,2.32,4.05,2.53
2017-06-07,10.67,10.99,11.03,10.61,59882,64686652,0.39,3.68,3.96,4.00
2017-06-08,10.90,10.88,11.02,10.73,57194,62221845,-0.11,-1.00,2.64,3.82
2017-06-09,10.82,10.86,10.88,10.65,37778,40712927,-0.02,-0.18,2.11,2.52
2017-06-12,10.77,10.67,10.82,10.61,27969,29891874,-0.19,-1.75,1.93,1.87
2017-06-13,10.61,11.03,11.06,10.61,46416,50546222,0.36,3.37,4.22,3.10
