日期,开盘,收盘,最高,最低,交易量(手),交易金额(元),涨跌额,涨跌幅(%),振幅(%),换手率(%)
2016-11-25,12.63,12.63,12.63,12.63,144,180000,3.86,44.01,0.00,0.05
2016-11-28,13.89,13.89,13.89,13.89,40,60000,1.26,9.98,0.00,0.01
2016-11-29,15.28,15.28,15.28,15.28,48,70000,1.39,10.01,0.00,0.02
2016-11-30,16.81,16.81,16.81,16.81,56,90000,1.53,10.01,0.00,0.02
2016-12-01,18.49,18.49,18.49,18.49,58,110000,1.68,9.99,0.00,0.02
2016-12-02,20.34,20.34,20.34,20.34,87,180000,1.85,10.01,0.00,0.03
2016-12-05,22.37,22.37,22.37,22.37,383,860000,2.03,9.98,0.00,0.13
2016-12-06,24.61,24.61,24.61,24.61,246,600000,2.24,10.01,0.00,0.08
2016-12-07,27.07,27.07,27.07,27.07,158,430000,2.46,10.00,0.00,0.05
2016-12-08,29.78,29.78,29.78,29.78,289,860000,2.71,10.01,0.00,0.10
2016-12-09,32.76,32.76,32.76,32.76,532,1740000,2.98,10.01,0.00,0.18
2016-12-12,36.04,36.04,36.04,36.04,1560,5620000,3.28,10.01,0.00,0.52
2016-12-13,39.64,39.64,39.64,39.64,6365,25230000,3.60,9.99,0.00,2.12
2016-12-14,43.60,43.60,43.60,43.60,5577,24320000,3.96,9.99,0.00,1.86
2016-12-15,46.20,47.96,47.96,45.80,160653,763550000,4.36,10.00,4.95,53.55
2016-12-16,48.39,45.52,51.21,44.90,203109,985410000,-2.44,-5.09,13.16,67.70
2016-12-19,44.00,42.66,46.44,41.68,139267,604210000,-2.86,-6.28,10.46,46.42
2016-12-20,42.00,41.00,42.73,40.66,92066,382960000,-1.66,-3.89,4.85,30.69
2016-12-21,41.30,41.82,42.19,39.83,102266,419550000,0.82,2.00,5.76,34.09
2016-12-22,41.30,40.80,41.91,40.68,70524,291180000,-1.02,-2.44,2.94,23.51
2016-12-23,40.30,38.14,40.47,38.03,70483,276360000,-2.66,-6.52,5.98,23.49
2016-12-26,37.01,38.91,39.10,36.05,44184,167510000,0.77,2.02,8.00,14.73
2016-12-27,38.40,39.25,39.90,38.35,40493,159460000,0.34,0.87,3.98,13.50
2016-12-28,39.30,39.32,39.76,38.29,33883,132860000,0.07,0.18,3.75,11.29
2016-12-29,39.35,39.26,40.29,39.00,32823,130140000,-0.06,-0.15,3.28,10.94
2016-12-30,39.30,39.80,40.19,38.71,34326,135830000,0.54,1.38,3.77,11.44
2017-01-03,40.00,40.17,40.57,39.46,31614,126450000,0.37,0.93,2.79,10.54
2017-01-04,39.90,40.49,41.00,39.60,43120,173800000,0.32,0.80,3.49,14.37
2017-01-05,40.05,39.68,40.49,39.62,35676,142720000,-0.81,-2.00,2.15,11.89
2017-01-06,39.20,37.63,39.90,37.61,42689,165620000,-2.05,-5.17,5.77,14.23
2017-01-09,36.02,38.58,39.10,36.02,35814,136960000,0.95,2.52,8.19,11.94
2017-01-10,38.47,38.52,38.97,37.95,16291,62790000,-0.06,-0.16,2.64,5.43
2017-01-11,38.59,37.50,38.62,37.31,15532,58570000,-1.02,-2.65,3.40,5.18
2017-01-12,37.49,37.45,38.12,37.08,13561,51140000,-0.05,-0.13,2.77,4.52
2017-01-13,37.45,37.59,37.66,36.00,40923,151310000,0.14,0.37,4.43,13.64
2017-01-16,37.30,35.84,37.90,34.61,27846,102230000,-1.75,-4.66,8.75,9.28
2017-01-17,35.76,35.94,36.81,34.28,16450,58570000,0.10,0.28,7.06,5.48
2017-01-18,35.60,36.77,37.59,35.49,27690,101430000,0.83,2.31,5.84,9.23
2017-01-19,36.00,37.55,38.72,35.00,60466,226010000,0.78,2.12,10.12,20.16
2017-01-20,37.67,38.12,38.80,37.36,29391,112090000,0.57,1.52,3.83,9.80
2017-01-23,37.68,38.10,39.30,37.68,40580,155730000,-0.02,-0.05,4.25,13.53
2017-01-24,37.81,38.16,38.68,37.26,42907,163390000,0.06,0.16,3.73,14.30
2017-01-25,38.00,38.09,38.47,37.35,17079,64920000,-0.07,-0.18,2.94,5.69
2017-01-26,38.28,38.14,38.30,37.48,13692,51920000,0.05,0.13,2.15,4.56
2017-02-03,38.00,37.98,38.93,37.82,23883,91690000,-0.16,-0.42,2.91,7.96
2017-02-06,37.80,38.50,38.70,37.68,54459,209480000,0.52,1.37,2.69,18.15
2017-02-07,38.75,37.77,39.29,37.50,45132,174127700,-0.73,-1.90,4.649,15.04
2017-02-08,37.41,37.69,38.00,35.90,46680,172391600,-0.08,-0.21,5.56,15.56
2017-02-09,37.50,39.72,41.40,37.02,95963,374635400,2.03,5.39,11.621,31.99
2017-02-10,39.69,38.88,41.70,38.74,81894,329615500,-0.84,-2.11,7.452,27.30
2017-02-13,38.01,40.13,40.57,37.45,66994,263542000,1.25,3.22,8.025,22.33
2017-02-14,39.85,40.20,40.75,39.30,48609,194762600,0.07,0.17,3.613,16.20
2017-02-15,40.20,40.22,41.45,39.70,58077,236709200,0.02,0.05,4.353,19.36
2017-02-16,39.65,40.53,40.96,38.93,43443,174019200,0.31,0.77,5.047,14.48
2017-02-17,40.30,39.90,41.30,39.52,37812,152048200,-0.63,-1.55,4.392,12.60
2017-02-20,39.13,36.94,39.73,36.06,43719,165728800,-2.96,-7.42,9.198,14.57
2017-02-21,36.67,37.56,37.95,36.67,24465,91524200,0.62,1.68,3.46,8.15
2017-02-22,37.88,36.98,38.09,36.81,20756,77002800,-0.58,-1.54,3.41,6.92
2017-02-23,37.05,37.39,37.56,36.86,14344,53365500,0.41,1.11,1.89,4.78
2017-02-24,37.13,39.67,40.88,37.13,51736,200365800,2.28,6.10,10.03,17.25
2017-02-27,39.70,40.62,41.10,39.00,78576,315719800,0.95,2.39,5.29,26.19
2017-02-28,40.49,40.03,41.13,39.68,41272,165850800,-0.59,-1.45,3.57,13.76
2017-03-01,39.83,39.79,40.96,39.33,36933,148103600,-0.24,-0.60,4.07,12.31
2017-03-02,39.11,39.32,40.00,38.88,23240,91536600,-0.47,-1.18,2.81,7.75
2017-03-03,39.20,39.14,39.36,38.20,21469,83477100,-0.18,-0.46,2.95,7.16
2017-03-06,38.88,40.49,40.85,38.81,51871,207745100,1.35,3.45,5.21,17.29
2017-03-07,40.43,41.89,42.30,40.02,86344,356429600,1.40,3.46,5.63,28.78
2017-03-08,41.88,41.37,42.38,40.58,60805,252756100,-0.52,-1.24,4.30,20.27
2017-03-09,41.36,43.00,43.01,41.04,91962,389081700,1.63,3.94,4.76,30.65
2017-03-10,42.50,42.51,43.80,41.85,73354,314034600,-0.49,-1.14,4.54,24.45
2017-03-13,41.89,42.02,42.23,40.54,45877,190352200,-0.49,-1.15,3.98,15.29
2017-03-14,42.08,42.05,42.50,41.20,45037,188268900,0.03,0.07,3.09,15.01
2017-03-15,41.90,43.29,43.58,41.55,70741,301420300,1.24,2.95,4.83,23.58
2017-03-16,43.38,43.95,44.70,42.85,97891,429465744,0.66,1.52,4.27,32.63
2017-03-17,43.42,41.45,43.87,41.01,68168,291408782,-2.50,-5.69,6.51,22.72
2017-03-20,41.30,42.27,42.35,40.81,32195,134129342,0.82,1.98,3.72,10.73
2017-03-21,42.15,42.38,42.44,41.81,31533,132775120,0.11,0.26,1.49,10.51
2017-03-22,42.00,42.90,43.15,41.31,43656,184490473,0.52,1.23,4.34,14.55
2017-03-23,42.84,44.26,44.42,41.70,80548,350522330,1.36,3.17,6.34,26.85
2017-03-24,44.21,43.77,45.38,43.34,67259,297469195,-0.49,-1.11,4.61,22.42
2017-03-27,43.43,44.23,44.77,42.26,54735,239114220,0.46,1.05,5.73,18.25
2017-03-28,43.98,43.45,45.40,43.00,61724,274828713,-0.78,-1.76,5.43,20.57
2017-03-29,43.99,40.30,43.99,39.85,60709,253122211,-3.15,-7.25,9.53,20.24
2017-03-30,39.03,37.01,39.69,36.55,50138,189976787,-3.29,-8.16,7.79,16.71
2017-03-31,37.20,36.06,37.79,35.23,30613,111530063,-0.95,-2.57,6.92,10.21
2017-04-05,35.65,36.50,36.80,35.01,24298,87720719,0.44,1.22,4.96,8.10
2017-04-06,36.35,37.06,37.47,36.26,25096,92698335,0.56,1.53,3.32,8.37
2017-04-07,36.83,36.02,37.33,35.88,23729,86348461,-1.04,-2.81,3.91,7.91
2017-04-10,36.10,32.64,36.10,32.42,39948,134572661,-3.38,-9.38,10.22,13.32
2017-04-11,32.63,33.49,33.70,32.30,23062,76270622,0.85,2.60,4.29,7.69
2017-04-12,33.40,32.95,33.40,32.11,18355,60235812,-0.54,-1.61,3.85,6.12
2017-04-13,32.95,33.04,33.63,32.60,12855,42812966,0.09,0.27,3.13,4.29
2017-04-14,33.02,32.91,33.03,32.04,12448,40556248,-0.13,-0.39,3.00,4.15
2017-04-17,32.02,31.19,32.02,29.90,20545,63433231,-1.72,-5.23,6.44,6.85
2017-04-18,31.05,30.15,31.55,30.10,12195,37726272,-1.04,-3.33,4.65,4.07
2017-04-19,30.15,30.69,30.88,29.00,21593,64116824,0.54,1.79,6.24,7.20
2017-04-20,30.29,29.63,30.72,29.25,13516,40479105,-1.06,-3.45,4.79,4.51
2017-04-21,29.40,29.29,29.80,29.12,10110,29683358,-0.34,-1.15,2.29,3.37
2017-04-24,29.20,27.56,29.27,27.50,12039,33885960,-1.73,-5.91,6.04,4.01
2017-04-25,27.60,27.75,28.28,27.50,9817,27408270,0.19,0.69,2.83,3.27
2017-04-26,27.99,28.14,28.41,27.79,10972,30947220,0.39,1.41,2.23,3.66
2017-04-27,28.14,29.07,29.19,27.68,19449,55598327,0.93,3.30,5.37,6.48
2017-04-28,29.00,28.96,29.30,28.77,12443,36089718,-0.11,-0.38,1.82,4.15
2017-05-02,29.15,28.93,29.17,28.71,7699,22314000,-0.03,-0.10,1.59,2.57
2017-05-03,28.99,29.40,29.66,28.76,13398,39042469,0.47,1.62,3.11,4.47
2017-05-04,29.36,29.12,29.58,28.55,15740,45732144,-0.28,-0.95,3.50,5.25
2017-05-05,28.84,28.17,29.16,28.07,9468,27241839,-0.95,-3.26,3.74,3.16
2017-05-08,28.15,27.08,28.15,26.63,12656,34771710,-1.09,-3.87,5.40,4.22
2017-05-09,27.00,28.24,28.40,26.58,11865,32750085,1.16,4.28,6.72,3.96
2017-05-10,28.04,27.64,28.70,27.61,11940,33733996,-0.60,-2.12,3.86,3.98
2017-05-11,27.05,27.88,27.97,26.83,11657,31934510,0.24,0.87,4.12,3.89
2017-05-12,27.83,28.01,28.37,27.70,10539,29545773,0.13,0.47,2.40,3.51
2017-05-15,28.01,28.18,28.48,27.51,8638,24336771,0.17,0.61,3.46,2.88
2017-05-16,28.19,29.00,29.00,27.50,15977,45269971,0.82,2.91,5.32,5.33
2017-05-17,29.00,30.47,30.55,28.86,28656,85203930,1.47,5.07,5.83,9.55
2017-05-18,30.48,29.69,30.50,29.68,16979,50910104,-0.78,-2.56,2.69,5.66
2017-05-19,29.69,29.03,29.91,29.00,9917,29207912,-0.66,-2.22,3.07,3.31
2017-05-22,29.03,27.23,29.03,27.00,11014,30963076,-1.80,-6.20,6.99,3.67
2017-05-23,27.30,24.51,27.30,24.51,25810,65656924,-2.72,-9.99,10.25,8.60
2017-05-24,24.00,24.12,24.33,22.86,17576,41558209,-0.39,-1.59,6.00,5.86
2017-05-25,24.06,24.19,24.30,23.05,15662,37256425,0.07,0.29,5.18,5.22
2017-05-26,24.00,24.21,24.58,23.90,9119,22116661,0.14,0.58,2.83,3.04
2017-05-31,25.00,24.07,25.50,23.99,14201,35254818,-0.14,-0.58,6.24,4.73
2017-06-01,23.99,23.66,23.99,22.80,16516,38554284,-0.41,-1.70,4.94,5.51
2017-06-02,23.24,24.22,24.54,23.02,13473,32286644,0.56,2.37,6.42,4.49
2017-06-05,24.60,24.68,24.89,24.32,11846,29193042,0.46,1.90,2.35,3.95
2017-06-06,24.45,24.87,24.97,24.33,8901,22025093,0.19,0.77,2.59,2.97
2017-06-07,24.63,25.64,25.98,24.63,17748,45237520,0.77,3.10,5.43,5.92
2017-06-08,25.76,25.09,25.81,24.82,15423,39044464,-0.55,-2.15,3.86,5.14
2017-06-09,24.95,25.76,25.82,24.80,16559,42033506,0.67,2.67,4.07,5.52
2017-06-12,25.38,24.95,25.64,24.56,12763,31927831,-0.81,-3.14,4.19,4.25
2017-06-13,25.02,27.45,27.45,24.80,23724,62671088,2.50,10.02,10.62,7.91
2017-06-14,27.80,26.85,28.77,26.66,42888,118601329,-0.60,-2.19,7.69,14.30
2017-06-15,26.58,27.24,27.50,26.18,25247,67990490,0.39,1.45,4.92,8.42
2017-06-16,27.00,26.37,27.07,26.30,16794,44798093,-0.87,-3.19,2.83,5.60
