日期,开盘,收盘,最高,最低,交易量(手),交易金额(元),涨跌额,涨跌幅(%),振幅(%),换手率(%)
2015-05-18,20.61,20.61,20.61,20.61,62,130000,6.30,44.03,0.00,0.03
2015-05-19,22.67,22.67,22.67,22.67,20,50000,2.06,10.00,0.00,0.01
2015-05-20,24.94,24.94,24.94,24.94,30,70000,2.27,10.01,0.00,0.02
2015-05-21,27.43,27.43,27.43,27.43,46,130000,2.49,9.98,0.00,0.02
2015-05-22,30.17,30.17,30.17,30.17,47,140000,2.74,9.99,0.00,0.02
2015-05-25,33.19,33.19,33.19,33.19,27,90000,3.02,10.01,0.00,0.01
2015-05-26,36.51,36.51,36.51,36.51,66,240000,3.32,10.00,0.00,0.03
2015-05-27,40.16,40.16,40.16,40.16,80,320000,3.65,10.00,0.00,0.04
2015-05-28,44.18,44.18,44.18,44.18,171,760000,4.02,10.01,0.00,0.09
2015-05-29,48.60,48.60,48.60,48.60,722,3510000,4.42,10.00,0.00,0.36
2015-06-01,53.46,53.46,53.46,53.46,147,790000,4.86,10.00,0.00,0.07
2015-06-02,58.81,58.81,58.81,58.81,340,2000000,5.35,10.01,0.00,0.17
2015-06-03,64.69,64.69,64.69,64.69,1683,10890000,5.88,10.00,0.00,0.84
2015-06-04,71.16,71.16,71.16,71.16,3628,25820000,6.47,10.00,0.00,1.81
2015-06-05,78.28,78.28,78.28,78.28,9687,75830000,7.12,10.01,0.00,4.84
2015-06-08,82.25,73.13,84.00,70.90,123894,945370000,-5.15,-6.58,16.73,61.95
2015-06-09,65.82,65.82,70.00,65.82,68544,454250000,-7.31,-10.00,5.72,34.27
2015-06-10,63.00,72.40,72.40,60.34,68314,467250000,6.58,10.00,18.32,34.16
2015-06-11,78.98,79.64,79.64,75.04,39629,311790000,7.24,10.00,6.35,19.81
2015-06-12,87.60,73.02,87.60,72.99,101942,828110000,-6.62,-8.31,18.35,50.97
2015-06-15,68.50,65.72,69.15,65.72,58692,392350000,-7.30,-10.00,4.70,29.35
2015-06-16,62.60,60.58,64.49,60.30,36649,227570000,-5.14,-7.82,6.38,18.32
2015-06-17,61.79,62.76,64.22,60.00,25656,159100000,2.18,3.60,6.97,12.83
2015-06-18,61.57,56.48,62.10,56.48,30500,179670000,-6.28,-10.01,8.95,15.25
2015-06-19,54.03,54.78,61.99,51.01,37005,210730000,-1.70,-3.01,19.44,18.50
2015-06-23,55.00,60.26,60.26,54.78,48631,289220000,5.48,10.00,10.00,24.32
2015-06-24,61.80,57.92,61.88,56.42,53786,314930000,-2.34,-3.88,9.06,26.89
2015-06-25,56.25,52.35,56.80,52.13,36873,200280000,-5.57,-9.62,8.06,18.44
2015-06-26,50.03,47.42,50.58,47.12,36768,176430000,-4.93,-9.42,6.61,18.38
2015-06-29,49.10,42.73,50.00,42.71,24788,114070000,-4.69,-9.89,15.37,12.39
2015-06-30,41.97,45.80,46.60,38.66,29380,123750000,3.07,7.18,18.58,14.69
2015-07-01,45.00,42.06,47.83,41.88,28252,129020000,-3.74,-8.17,12.99,14.13
2015-07-02,42.00,37.86,43.63,37.85,20801,83440000,-4.20,-9.99,13.74,10.40
2015-07-03,37.48,35.88,39.70,34.16,25005,92010000,-1.98,-5.23,14.63,12.50
2015-07-06,39.47,37.51,39.47,35.30,29277,110990000,1.63,4.54,11.62,14.64
2015-07-07,35.48,33.76,37.00,33.76,12328,42470000,-3.75,-10.00,8.64,6.16
2015-07-08,30.38,30.38,30.38,30.38,1572,4780000,-3.38,-10.01,0.00,0.79
2015-07-13,33.42,33.42,33.42,33.42,305,1020000,3.04,10.01,0.00,0.15
2015-07-14,36.76,36.76,36.76,36.76,1128,4150000,3.34,9.99,0.00,0.56
2015-07-15,40.44,35.07,40.44,33.48,46761,178990000,-1.69,-4.60,18.93,23.38
2015-07-16,32.04,36.86,38.05,32.00,32875,115100000,1.79,5.10,17.25,16.44
2015-07-17,36.05,40.22,40.55,36.05,39080,150950000,3.36,9.12,12.21,19.54
2015-07-20,40.00,44.23,44.24,39.40,42979,177310000,4.01,9.97,12.03,21.49
2015-07-21,42.60,44.10,46.50,42.00,37714,169760000,-0.13,-0.29,10.17,18.86
2015-07-22,43.20,43.88,44.58,42.58,22463,97680000,-0.22,-0.50,4.54,11.23
2015-07-23,43.16,48.27,48.27,43.16,36917,171010000,4.39,10.00,11.65,18.46
2015-07-24,48.49,46.95,49.90,46.20,56660,271030000,-1.32,-2.73,7.67,28.33
2015-07-27,45.06,42.26,47.88,42.26,26937,121630000,-4.69,-9.99,11.97,13.47
2015-07-28,38.91,39.77,43.80,38.50,25907,103510000,-2.49,-5.89,12.54,12.95
2015-07-29,40.70,42.94,43.01,36.20,36107,143410000,3.17,7.97,17.12,18.05
2015-07-30,41.80,41.08,45.22,40.55,34079,145760000,-1.86,-4.33,10.88,17.04
2015-07-31,39.11,45.19,45.19,39.11,53790,234420000,4.11,10.00,14.80,26.90
2015-08-03,45.19,49.30,49.39,43.00,70970,326350000,4.11,9.09,14.14,35.49
2015-08-04,50.00,47.19,50.00,44.37,61387,286090000,-2.11,-4.28,11.42,30.69
2015-08-05,45.52,48.11,50.16,45.00,56920,274450000,0.92,1.95,10.93,28.46
2015-08-06,46.68,44.96,47.10,44.50,33812,154210000,-3.15,-6.55,5.40,16.91
2015-08-07,44.40,45.67,47.00,44.40,26254,120530000,0.71,1.58,5.78,13.13
2015-08-10,46.06,48.00,48.80,45.52,34486,163500000,2.33,5.10,7.18,17.24
2015-08-11,47.88,47.98,49.25,47.14,32419,157040000,-0.02,-0.04,4.40,16.21
2015-08-12,47.27,45.44,48.84,45.11,27599,130990000,-2.54,-5.29,7.77,13.80
2015-08-13,45.33,46.17,46.35,43.40,18397,83380000,0.73,1.61,6.49,9.20
2015-08-14,46.70,46.15,47.00,45.40,20341,94160000,-0.02,-0.04,3.47,10.17
2015-08-17,45.90,46.25,46.74,44.01,19999,91290000,0.10,0.22,5.92,10.00
2015-08-18,45.81,47.68,50.88,45.81,61530,296770000,1.43,3.09,10.96,30.77
2015-08-19,44.99,52.45,52.45,43.21,89332,449230000,4.77,10.00,19.38,44.67
2015-08-20,55.62,50.35,56.62,50.05,89918,486570000,-2.10,-4.00,12.53,44.96
2015-08-21,46.60,45.32,47.46,45.32,44076,201030000,-5.03,-9.99,4.25,22.04
2015-08-24,40.79,40.79,40.79,40.79,3850,15700000,-4.53,-10.00,0.00,1.93
2015-08-25,36.71,36.71,39.62,36.71,39932,148380000,-4.08,-10.00,7.13,19.97
2015-08-26,34.70,33.04,38.20,33.04,56751,200020000,-3.67,-10.00,14.06,28.38
2015-08-27,33.30,33.13,35.00,29.86,45800,148100000,0.09,0.27,15.56,22.90
2015-08-28,33.60,35.27,35.58,32.28,45674,154080000,2.14,6.46,9.96,22.84
2015-08-31,34.67,33.37,35.03,33.00,39070,132980000,-1.90,-5.39,5.76,19.53
2015-09-01,32.22,33.43,34.88,31.88,37354,124180000,0.06,0.18,8.99,18.68
2015-09-02,30.50,34.60,35.10,30.09,37567,123080000,1.17,3.50,14.99,18.78
2015-09-07,34.60,34.80,36.33,34.00,40580,143040000,0.20,0.58,6.73,20.29
2015-09-08,33.50,36.77,36.99,33.50,57721,205760000,1.97,5.66,10.03,28.86
2015-09-09,36.65,37.84,39.02,36.29,61389,230350000,1.07,2.91,7.42,30.69
2015-09-10,37.00,34.93,38.33,34.61,44085,160770000,-2.91,-7.69,9.83,22.04
2015-09-11,34.50,34.62,35.50,33.91,25769,89430000,-0.31,-0.89,4.55,12.88
2015-09-14,34.85,31.16,35.20,31.16,30997,100140000,-3.46,-9.99,11.67,15.50
2015-09-15,31.00,28.15,31.00,28.04,24620,72290000,-3.01,-9.66,9.50,12.31
2015-09-16,28.18,30.97,30.97,28.18,27458,81460000,2.82,10.02,9.91,13.73
2015-09-17,33.95,32.84,33.95,31.90,41480,136110000,1.87,6.04,6.62,20.74
2015-09-18,31.80,32.90,33.98,31.39,36597,119780000,0.06,0.18,7.89,18.30
2015-09-21,32.30,33.33,33.53,31.81,41415,136250000,0.43,1.31,5.23,20.71
2015-09-22,33.60,33.73,34.55,33.20,37743,127980000,0.40,1.20,4.05,18.87
2015-09-23,33.00,32.74,33.42,32.52,22365,73620000,-0.99,-2.94,2.67,11.18
2015-09-24,32.76,33.69,34.46,32.76,26035,87570000,0.95,2.90,5.19,13.02
2015-09-25,33.34,31.84,33.68,31.01,23694,76240000,-1.85,-5.49,7.93,11.85
2015-09-28,31.84,33.00,33.09,31.57,15108,48980000,1.16,3.64,4.77,7.55
2015-09-29,32.43,32.14,32.60,31.80,11937,38470000,-0.86,-2.61,2.42,5.97
2015-09-30,32.09,33.25,33.55,32.09,20606,68060000,1.11,3.45,4.54,10.30
2015-10-08,34.80,34.99,35.58,33.82,21146,73360000,1.74,5.23,5.29,10.57
2015-10-09,34.50,36.16,36.66,34.40,24877,88930000,1.17,3.34,6.46,12.44
2015-10-12,36.37,37.88,38.74,35.70,25804,96150000,1.72,4.76,8.41,12.90
2015-10-13,37.86,37.71,38.48,37.01,18963,72000000,-0.17,-0.45,3.88,9.48
2015-10-14,37.55,37.42,38.21,37.11,14889,56110000,-0.29,-0.77,2.92,7.44
2015-10-15,37.20,38.97,39.10,37.20,17606,67290000,1.55,4.14,5.08,8.80
2015-10-16,39.16,39.94,40.99,38.01,25368,99850000,0.97,2.49,7.65,12.68
2015-10-19,39.51,39.99,40.57,39.31,19325,76810000,0.05,0.13,3.15,9.66
2015-10-20,39.88,43.99,43.99,38.90,54274,233800000,4.00,10.00,12.73,27.14
2015-10-21,43.00,43.19,44.66,42.90,38048,166490000,-0.80,-1.82,4.00,19.02
2015-10-22,42.79,46.83,47.51,42.70,30996,139890000,3.64,8.43,11.14,15.50
2015-10-23,47.08,50.38,50.90,45.00,26198,124170000,3.55,7.58,12.60,13.10
2015-10-26,49.50,48.64,54.18,46.70,36958,186060000,-1.74,-3.45,14.85,18.48
2015-10-27,47.20,46.09,50.45,43.78,102470,453170000,-2.55,-5.24,13.71,51.23
2015-10-28,43.69,42.18,44.56,41.62,53166,229340000,-3.91,-8.48,6.38,26.58
2015-10-29,42.60,42.49,43.11,41.17,30350,127920000,0.31,0.73,4.60,15.18
2015-10-30,42.40,42.10,42.96,41.00,28347,119440000,-0.39,-0.92,4.61,14.17
2015-11-02,41.16,42.73,44.48,40.00,38581,164740000,0.63,1.50,10.64,19.29
2015-11-03,42.50,43.65,44.22,42.20,41955,182290000,0.92,2.15,4.73,20.98
2015-11-04,43.75,45.62,45.98,43.41,45704,203390000,1.97,4.51,5.89,22.85
2015-11-05,45.70,44.28,46.00,44.07,36266,162900000,-1.34,-2.94,4.23,18.13
2015-11-06,44.09,45.04,45.30,43.30,33332,149540000,0.76,1.72,4.52,16.67
2015-11-09,45.59,47.00,47.98,44.29,49519,229440000,1.96,4.35,8.19,24.76
2015-11-10,46.90,45.73,46.90,45.00,38734,178060000,-1.27,-2.70,4.04,19.37
2015-11-11,45.39,50.30,50.30,45.39,57559,277350000,4.57,9.99,10.74,28.78
2015-11-12,51.81,52.88,54.88,50.70,54985,287800000,2.58,5.13,8.31,27.49
2015-11-13,52.00,47.63,52.48,47.59,43372,215610000,-5.25,-9.93,9.25,21.69
2015-11-16,45.50,49.40,51.40,45.20,37087,179100000,1.77,3.72,13.02,18.54
2015-11-17,50.39,47.73,50.68,47.60,31493,155200000,-1.67,-3.38,6.23,15.75
2015-11-18,47.51,45.44,47.98,45.01,23557,109720000,-2.29,-4.80,6.22,11.78
2015-11-19,45.47,47.21,47.31,45.00,17041,79200000,1.77,3.90,5.08,8.52
2015-11-20,47.00,47.83,48.56,46.81,19686,93930000,0.62,1.31,3.71,9.84
2015-11-23,47.30,47.47,49.50,47.00,19504,94090000,-0.36,-0.75,5.23,9.75
2015-11-24,47.20,52.22,52.22,47.20,43565,219610000,4.75,10.01,10.58,21.78
2015-11-25,53.88,52.58,55.30,52.22,56205,300900000,0.36,0.69,5.90,28.10
2015-11-26,51.86,57.84,57.84,51.86,35789,201080000,5.26,10.00,11.37,17.89
2015-11-27,57.84,60.11,63.62,56.11,93151,567760000,2.27,3.92,12.98,46.58
2015-11-30,60.50,64.17,65.15,57.10,77019,474260000,4.06,6.75,13.39,38.51
2015-12-01,61.51,57.75,63.00,57.75,48616,291740000,-6.42,-10.00,8.18,24.31
2015-12-02,56.00,53.58,56.22,51.98,40037,215460000,-4.17,-7.22,7.34,20.02
2015-12-03,54.08,55.45,56.86,54.00,37946,210130000,1.87,3.49,5.34,18.97
2015-12-04,55.39,54.42,56.40,54.06,31054,170570000,-1.03,-1.86,4.22,15.53
2015-12-07,54.40,55.37,55.50,53.30,22029,119950000,0.95,1.75,4.04,11.01
2015-12-08,54.43,57.25,57.72,53.50,36179,201860000,1.88,3.40,7.62,18.09
2015-12-09,57.27,54.94,57.27,54.00,25221,139320000,-2.31,-4.03,5.71,12.61
2015-12-10,54.90,52.19,55.36,52.01,26309,140070000,-2.75,-5.01,6.10,13.15
2015-12-11,52.00,51.30,52.49,50.59,17443,89550000,-0.89,-1.71,3.64,8.72
2015-12-14,50.30,53.07,53.28,50.01,15270,78760000,1.77,3.45,6.37,7.64
2015-12-15,53.27,56.51,58.20,53.10,34009,189210000,3.44,6.48,9.61,17.00
2015-12-16,56.72,55.93,57.51,55.41,20974,117970000,-0.58,-1.03,3.72,10.49
2015-12-17,56.00,57.91,58.08,55.40,27540,157440000,1.98,3.54,4.79,13.77
2015-12-18,57.56,56.51,58.60,56.21,19948,113830000,-1.40,-2.42,4.13,9.97
2015-12-21,56.06,55.20,56.37,54.54,16429,90610000,-1.31,-2.32,3.24,8.21
2015-12-22,55.24,55.89,56.90,55.24,15279,85380000,0.69,1.25,3.01,7.64
2015-12-23,55.91,55.23,56.53,54.80,20106,111700000,-0.66,-1.18,3.10,10.05
2015-12-24,55.00,56.55,56.64,53.30,16864,92920000,1.32,2.39,6.05,8.43
2015-12-25,56.85,56.79,57.58,55.51,21739,123210000,0.24,0.42,3.66,10.87
2015-12-28,57.01,53.53,57.39,53.02,19044,105440000,-3.26,-5.74,7.70,9.52
2015-12-29,53.54,54.13,54.20,51.18,13792,73250000,0.60,1.12,5.64,6.90
2015-12-30,54.28,53.94,54.48,53.01,12686,68170000,-0.19,-0.35,2.72,6.34
2015-12-31,54.20,52.03,54.20,51.91,14672,77300000,-1.91,-3.54,4.25,7.34
2016-01-04,51.31,46.83,51.99,46.83,11036,53860000,-5.20,-9.99,9.92,5.52
2016-01-05,43.80,47.96,48.00,43.56,25224,116040000,1.13,2.41,9.48,12.61
2016-01-06,47.95,48.42,49.00,46.55,22114,105760000,0.46,0.96,5.11,11.06
2016-01-07,47.10,43.59,47.10,43.58,3504,15840000,-4.83,-9.98,7.27,1.75
2016-01-08,44.77,45.91,46.50,40.67,24027,108160000,2.32,5.32,13.37,12.01
2016-01-11,44.50,43.23,45.60,41.50,14944,65470000,-2.68,-5.84,8.93,7.47
2016-01-12,43.33,42.51,43.88,41.10,12147,51560000,-0.72,-1.67,6.43,6.07
2016-01-13,42.53,39.56,43.53,39.40,10357,43210000,-2.95,-6.94,9.72,5.18
2016-01-14,37.20,40.82,40.99,37.20,10451,41330000,1.26,3.19,9.58,5.23
2016-01-15,40.30,38.38,40.58,37.30,9148,35920000,-2.44,-5.98,8.04,4.57
2016-01-18,37.50,39.10,39.68,37.40,8558,33330000,0.72,1.88,5.94,4.28
2016-01-19,39.10,41.34,41.94,38.61,12122,48890000,2.24,5.73,8.52,6.06
2016-01-20,41.50,41.68,41.93,40.50,11004,45360000,0.34,0.82,3.46,5.50
2016-01-21,40.82,41.49,42.33,40.36,11616,48060000,-0.19,-0.46,4.73,5.81
2016-01-22,42.50,42.63,42.68,40.66,9718,41000000,1.14,2.75,4.87,4.86
2016-01-25,42.61,44.92,44.98,42.22,16066,69540000,2.29,5.37,6.47,8.03
2016-01-26,43.02,42.51,44.15,41.44,12764,54810000,-2.41,-5.37,6.03,6.38
2016-01-27,42.75,42.83,42.88,40.00,7270,30060000,0.32,0.75,6.77,3.64
2016-01-28,41.83,42.63,42.89,41.51,7736,32600000,-0.20,-0.47,3.22,3.87
2016-01-29,41.98,44.07,45.00,41.98,7728,33880000,1.44,3.38,7.08,3.86
2016-02-01,44.02,45.49,46.20,43.17,10767,48760000,1.42,3.22,6.88,5.38
2016-02-02,45.50,46.30,46.47,45.00,10344,47500000,0.81,1.78,3.23,5.17
2016-02-03,46.25,45.83,46.25,44.00,6740,30490000,-0.47,-1.02,4.86,3.37
2016-02-04,45.66,45.88,46.46,45.51,8214,37890000,0.05,0.11,2.07,4.11
2016-02-05,46.14,46.16,46.38,45.00,6416,29210000,0.28,0.61,3.01,3.21
2016-02-15,44.62,45.71,45.80,44.00,3169,14280000,-0.45,-0.97,3.90,1.58
2016-02-16,45.71,47.01,47.20,45.71,7891,36920000,1.30,2.84,3.26,3.95
2016-02-17,46.66,46.79,47.01,46.16,6505,30290000,-0.22,-0.47,1.81,3.25
2016-02-18,46.99,47.38,48.28,46.90,9113,43380000,0.59,1.26,2.95,4.56
2016-02-19,47.38,47.26,47.48,46.08,5475,25670000,-0.12,-0.25,2.95,2.74
2016-02-22,47.80,48.23,48.55,47.26,11251,54130000,0.97,2.05,2.73,5.63
2016-02-23,48.36,48.45,48.50,47.50,8249,39590000,0.22,0.46,2.07,4.12
2016-02-24,48.01,48.47,48.80,47.11,6862,32960000,0.02,0.04,3.49,3.43
2016-02-25,48.48,48.17,48.48,43.62,19775,93200000,-0.30,-0.62,10.03,9.89
2016-02-26,48.38,52.91,52.98,47.00,21916,110670000,4.74,9.84,12.41,10.96
2016-02-29,52.78,49.34,53.00,48.98,18121,90860000,-3.57,-6.75,7.60,9.06
2016-03-01,51.63,53.06,53.50,50.50,21240,110140000,3.72,7.54,6.08,10.62
2016-03-02,51.81,57.51,57.88,51.81,39111,213070000,4.45,8.39,11.44,19.56
2016-03-03,55.55,59.92,63.26,55.55,44489,259760000,2.41,4.19,13.41,22.24
2016-03-04,60.00,59.45,61.00,56.00,32930,194080000,-0.47,-0.78,8.34,16.47
2016-03-07,59.45,58.05,59.99,58.00,14285,83660000,-1.40,-2.35,3.35,7.14
2016-03-08,57.03,58.04,58.48,55.00,14895,85160000,-0.01,-0.02,5.99,7.45
2016-03-09,57.00,52.24,57.05,52.24,21755,116630000,-5.80,-9.99,8.29,10.88
2016-03-10,52.04,47.02,52.20,47.02,27315,133960000,-5.22,-9.99,9.92,13.66
2016-03-11,46.70,48.06,48.30,42.32,41353,182370000,1.04,2.21,12.72,20.68
2016-03-14,45.89,48.36,50.60,45.50,42161,201950000,0.30,0.62,10.61,21.08
2016-03-15,47.00,47.31,47.99,46.01,21733,102090000,-1.05,-2.17,4.09,10.87
2016-03-16,47.99,46.74,48.00,45.30,13347,62030000,-0.57,-1.20,5.71,6.67
2016-03-17,46.74,47.43,47.88,46.02,15816,74550000,0.69,1.48,3.98,7.91
2016-03-18,47.49,48.44,49.17,47.04,18786,90500000,1.01,2.13,4.49,9.39
2016-03-21,48.45,49.79,50.37,48.45,19319,95800000,1.35,2.79,3.96,9.66
2016-03-22,49.89,49.04,49.89,48.80,13420,66130000,-0.75,-1.51,2.19,6.71
2016-03-23,48.81,49.65,49.66,48.80,11305,55730000,0.61,1.24,1.75,5.65
2016-03-24,49.58,48.60,49.58,48.03,12110,59140000,-1.05,-2.11,3.12,6.06
2016-03-25,48.00,48.66,48.97,48.00,8409,40690000,0.06,0.12,2.00,4.20
2016-03-28,48.58,49.07,49.80,48.30,10066,49390000,0.41,0.84,3.08,5.03
2016-03-29,49.00,49.85,50.59,47.11,18398,90360000,0.78,1.59,7.09,9.20
2016-03-30,50.00,52.24,54.28,49.85,29460,153150000,2.39,4.79,8.89,14.73
2016-03-31,52.00,51.92,52.76,51.50,15065,78150000,-0.32,-0.61,2.41,7.53
2016-04-01,51.90,52.10,52.48,50.90,12853,66560000,0.18,0.35,3.04,6.43
2016-04-05,51.80,52.69,53.20,51.70,12632,66250000,0.59,1.13,2.88,6.32
2016-04-06,51.95,51.99,52.30,51.02,15380,79450000,-0.70,-1.33,2.43,7.69
2016-04-07,52.08,49.90,52.39,49.84,10655,54360000,-2.09,-4.02,4.90,5.33
2016-04-08,50.50,54.89,54.89,49.50,34345,182240000,4.99,10.00,10.80,17.17
2016-04-11,58.00,57.19,58.54,55.21,35507,202160000,2.30,4.19,6.07,17.75
2016-04-12,57.70,54.58,57.80,54.32,22396,124260000,-2.61,-4.56,6.09,11.20
2016-04-13,54.48,54.35,56.55,54.27,16255,90080000,-0.23,-0.42,4.18,8.13
2016-04-14,55.00,55.45,55.70,53.80,13072,71420000,1.10,2.02,3.50,6.54
2016-04-15,55.49,55.44,55.68,54.03,10422,57270000,-0.01,-0.02,2.98,5.21
2016-04-18,54.90,55.61,56.47,53.91,10414,57530000,0.17,0.31,4.62,5.21
2016-04-19,55.61,55.44,56.37,54.80,7807,43270000,-0.17,-0.31,2.82,3.90
2016-04-20,55.78,51.20,55.99,51.12,14357,76380000,-4.24,-7.65,8.78,7.18
2016-04-21,51.16,51.38,52.85,50.55,10487,54640000,0.18,0.35,4.49,5.24
2016-04-22,51.20,51.61,52.00,50.58,6989,35880000,0.23,0.45,2.76,3.49
2016-04-25,51.00,50.11,51.00,49.51,7339,36790000,-1.50,-2.91,2.89,3.67
2016-04-26,50.15,51.29,51.35,50.01,5784,29350000,1.18,2.35,2.67,2.89
2016-04-27,51.00,51.47,52.39,50.88,6315,32580000,0.18,0.35,2.94,3.16
2016-04-28,51.02,51.59,52.12,50.21,6102,31300000,0.12,0.23,3.71,3.05
2016-04-29,52.00,51.72,52.02,51.09,5393,27860000,0.13,0.25,1.80,2.70
2016-05-03,51.73,53.75,53.97,51.40,9192,48500000,2.03,3.93,4.97,4.60
2016-05-04,53.75,54.99,55.10,53.15,10443,56670000,1.24,2.31,3.63,5.22
2016-05-05,54.80,56.14,56.30,54.20,11336,62940000,1.15,2.09,3.82,5.67
2016-05-06,56.20,54.26,57.89,54.00,15827,88720000,-1.88,-3.35,6.93,7.91
2016-05-09,52.39,52.90,53.76,51.47,8766,46140000,-1.36,-2.51,4.22,4.38
2016-05-10,52.60,53.31,53.45,51.80,6191,32620000,0.41,0.78,3.12,3.10
2016-05-11,53.50,55.78,56.00,53.02,16735,92080000,2.47,4.63,5.59,8.37
2016-05-12,52.05,53.59,55.00,52.00,11581,61590000,-2.19,-3.93,5.38,5.79
2016-05-13,52.50,48.26,53.29,48.23,15172,76950000,-5.33,-9.95,9.44,7.59
2016-05-16,48.25,48.74,49.13,46.00,10673,50950000,0.48,0.99,6.49,5.34
2016-05-17,49.40,49.10,49.49,48.50,5961,29220000,0.36,0.74,2.03,2.98
2016-05-18,48.51,48.92,49.46,46.94,8113,39330000,-0.18,-0.37,5.13,3.12
2016-05-19,49.10,49.49,49.60,48.55,5222,25730000,0.57,1.17,2.15,2.01
2016-05-20,49.38,49.58,49.59,48.50,5482,26930000,0.09,0.18,2.20,2.11
2016-05-23,49.56,50.55,50.90,49.39,6118,30800000,0.97,1.96,3.05,2.35
2016-05-24,50.53,51.40,51.69,50.21,8258,41940000,0.85,1.68,2.93,3.18
2016-05-25,52.30,51.22,52.85,50.88,6954,35880000,-0.18,-0.35,3.83,2.67
2016-05-26,51.00,50.90,51.57,49.71,4993,25220000,-0.32,-0.62,3.63,1.92
2016-05-27,50.97,50.83,51.43,50.50,4147,21130000,-0.07,-0.14,1.83,1.60
2016-05-30,50.15,49.94,51.08,49.80,6374,32150000,-0.89,-1.75,2.52,2.45
2016-05-31,20.12,21.92,21.92,20.12,10203,22290000,1.99,9.98,9.03,1.57
2016-06-01,24.11,24.11,24.11,22.75,238566,565900000,2.19,9.99,6.20,36.70
2016-06-02,23.61,23.71,24.00,23.21,196785,463540000,-0.40,-1.66,3.28,30.27
2016-06-03,23.72,23.49,25.21,23.00,205750,500850000,-0.22,-0.93,9.32,31.65
2016-06-06,22.99,23.12,24.24,22.51,123828,286950000,-0.37,-1.58,7.36,19.05
2016-06-07,23.00,23.81,23.96,22.63,117605,275080000,0.69,2.98,5.75,18.09
2016-06-08,23.41,22.69,23.50,22.65,92370,212580000,-1.12,-4.70,3.57,14.21
2016-06-13,22.03,20.42,22.03,20.42,91325,193940000,-2.27,-10.00,7.10,14.05
2016-06-14,19.76,19.96,20.28,19.76,51494,102940000,-0.46,-2.25,2.55,7.92
2016-06-15,19.53,20.65,21.15,19.53,64784,133070000,0.69,3.46,8.12,9.97
2016-06-16,20.70,20.37,20.70,20.00,66183,134120000,-0.28,-1.36,3.39,10.18
2016-06-17,20.30,20.40,20.73,20.01,47672,97530000,0.03,0.15,3.53,7.33
2016-06-20,20.20,20.65,20.70,20.20,43235,88410000,0.25,1.23,2.45,6.65
2016-06-21,20.79,21.01,21.39,20.73,66605,140280000,0.36,1.74,3.20,10.25
2016-06-22,20.81,21.01,21.06,20.28,41514,85950000,0.00,0.00,3.71,6.39
2016-06-23,20.83,20.59,20.99,20.33,38891,79980000,-0.42,-2.00,3.14,5.98
2016-06-24,20.60,20.44,20.79,19.07,52510,106140000,-0.15,-0.73,8.35,8.08
2016-06-27,20.01,20.77,20.85,19.84,36603,75340000,0.33,1.61,4.94,5.63
2016-06-28,20.56,20.92,21.10,20.50,47542,98630000,0.15,0.72,2.89,7.31
2016-06-29,21.00,21.21,21.36,20.69,53954,113940000,0.29,1.39,3.20,8.30
2016-06-30,21.06,20.74,21.20,20.65,36851,76990000,-0.47,-2.22,2.59,5.67
2016-07-01,20.74,20.61,21.09,20.51,34194,71220000,-0.13,-0.63,2.80,5.26
2016-07-04,20.16,20.86,20.98,20.16,31423,65150000,0.25,1.21,3.98,4.83
2016-07-05,20.85,20.77,20.99,20.66,34813,72470000,-0.09,-0.43,1.58,5.36
2016-07-06,20.88,22.85,22.85,20.75,114572,250660000,2.08,10.01,10.11,17.63
2016-07-07,22.98,22.07,23.10,21.90,111319,249630000,-0.78,-3.41,5.25,17.13
2016-07-08,22.30,22.13,22.51,22.02,52445,116600000,0.06,0.27,2.22,8.07
2016-07-11,22.18,21.71,22.33,21.51,45814,100180000,-0.42,-1.90,3.71,7.05
2016-07-12,21.99,22.09,22.19,21.38,47008,102750000,0.38,1.75,3.73,7.23
2016-07-13,22.00,22.03,22.26,21.86,39746,87390000,-0.06,-0.27,1.81,6.11
2016-07-14,22.10,22.29,22.45,21.80,41768,92580000,0.26,1.18,2.95,6.43
2016-07-15,22.06,22.09,22.34,21.77,28269,62150000,-0.20,-0.90,2.56,4.35
2016-07-18,21.89,21.84,22.00,21.60,20356,44310000,-0.25,-1.13,1.81,3.13
2016-07-19,21.72,21.96,22.00,21.63,23548,51480000,0.12,0.55,1.69,3.62
2016-07-20,21.96,22.36,22.74,21.81,52964,118360000,0.40,1.82,4.24,8.15
2016-07-21,22.40,22.11,22.40,22.05,31222,69270000,-0.25,-1.12,1.57,4.80
2016-07-22,22.08,21.45,22.14,21.39,29154,63340000,-0.66,-2.99,3.39,4.49
2016-07-25,21.36,21.59,21.86,21.23,22068,47750000,0.14,0.65,2.94,3.40
2016-07-26,21.59,21.80,21.85,21.27,15464,33620000,0.21,0.97,2.69,2.38
2016-07-27,21.98,20.06,21.98,19.90,44429,91970000,-1.74,-7.98,9.54,6.84
2016-07-28,19.91,20.14,20.15,19.32,29596,58610000,0.08,0.40,4.14,4.55
2016-07-29,20.20,20.17,20.20,19.82,17221,34430000,0.03,0.15,1.89,2.65
2016-08-01,19.81,19.28,20.10,19.21,20206,39260000,-0.89,-4.41,4.41,3.11
2016-08-02,19.27,19.43,19.46,19.25,9155,17730000,0.15,0.78,1.09,1.41
2016-08-03,19.32,19.50,19.67,19.32,15879,30980000,0.07,0.36,1.80,2.44
2016-08-04,19.49,19.76,19.80,19.34,18299,35830000,0.26,1.33,2.36,2.82
2016-08-05,19.78,20.56,21.45,19.60,45909,94600000,0.80,4.05,9.36,7.06
2016-08-08,20.42,21.44,21.97,20.25,59660,127390000,0.88,4.28,8.37,9.18
2016-08-09,21.12,21.53,21.87,20.86,48163,102900000,0.09,0.42,4.71,7.41
2016-08-10,21.29,21.78,21.96,21.08,49468,107020000,0.25,1.16,4.09,7.61
2016-08-11,21.62,21.76,22.15,21.40,42828,93280000,-0.02,-0.09,3.44,6.59
2016-08-12,21.50,21.77,21.92,21.41,28623,62060000,0.01,0.05,2.34,4.40
2016-08-15,21.69,22.05,22.16,21.60,42605,93370000,0.28,1.29,2.57,6.55
2016-08-16,22.01,21.81,22.30,21.79,38266,83990000,-0.24,-1.09,2.31,5.89
2016-08-17,21.71,21.97,22.09,21.56,27177,59470000,0.16,0.73,2.43,4.18
2016-08-18,21.90,22.65,23.23,21.70,108172,243160000,0.68,3.10,6.96,16.64
2016-08-19,22.50,22.50,22.56,21.80,60355,133640000,-0.15,-0.66,3.36,9.29
2016-08-22,22.48,22.25,22.48,21.70,35731,79110000,-0.25,-1.11,3.47,5.50
2016-08-23,22.25,22.78,22.99,22.06,67298,152830000,0.53,2.38,4.18,10.35
2016-08-24,22.79,22.68,23.55,22.38,82131,188350000,-0.10,-0.44,5.14,12.64
2016-08-25,22.41,22.00,22.41,21.74,45040,98810000,-0.68,-3.00,2.95,6.93
2016-08-26,21.76,22.00,22.10,21.75,27942,61230000,0.00,0.00,1.59,4.30
2016-08-29,21.98,21.99,22.18,21.76,16754,36780000,-0.01,-0.05,1.91,2.58
2016-08-30,22.08,22.47,22.99,21.77,57683,128980000,0.48,2.18,5.55,8.87
2016-08-31,22.38,22.46,22.91,22.35,30815,69580000,-0.01,-0.04,2.49,4.74
2016-09-01,22.32,22.81,23.35,22.03,59037,135060000,0.35,1.56,5.88,9.08
2016-09-02,22.70,22.36,23.18,22.20,36248,81950000,-0.45,-1.97,4.30,5.58
2016-09-05,22.59,23.08,23.98,22.03,108493,251480000,0.72,3.22,8.72,16.69
2016-09-06,23.11,24.05,24.16,22.86,103590,244290000,0.97,4.20,5.63,15.94
2016-09-07,23.86,23.44,24.00,23.28,69435,164230000,-0.61,-2.54,2.99,10.68
2016-09-08,23.32,23.46,23.64,23.04,33286,77520000,0.02,0.09,2.56,5.12
2016-09-09,23.40,23.00,23.45,22.95,29037,67300000,-0.46,-1.96,2.13,4.47
2016-09-12,22.22,21.94,22.48,21.16,51009,111740000,-1.06,-4.61,5.74,7.85
2016-09-13,21.84,21.96,22.11,21.71,19726,43230000,0.02,0.09,1.82,3.03
2016-09-14,21.96,21.41,21.96,21.31,16264,35140000,-0.55,-2.50,2.96,2.50
2016-09-19,21.41,21.62,21.90,21.25,14693,31690000,0.21,0.98,3.04,2.26
2016-09-20,21.62,21.52,21.75,21.35,13246,28500000,-0.10,-0.46,1.85,2.04
2016-09-21,21.44,21.71,21.79,21.41,13356,28850000,0.19,0.88,1.77,2.05
2016-09-22,21.85,21.99,22.33,21.76,25379,56120000,0.28,1.29,2.63,3.90
2016-09-23,22.00,21.81,22.27,21.75,14822,32670000,-0.18,-0.82,2.36,2.28
2016-09-26,21.65,20.75,21.70,20.72,19392,41290000,-1.06,-4.86,4.49,2.98
2016-09-27,20.53,20.80,20.90,20.45,14896,30760000,0.05,0.24,2.17,2.29
2016-09-28,20.87,21.02,21.29,20.72,14754,31110000,0.22,1.06,2.74,2.27
2016-09-29,21.17,21.41,21.69,20.96,18845,40230000,0.39,1.86,3.47,2.90
2016-09-30,21.44,21.44,21.68,21.31,8646,18540000,0.03,0.14,1.73,1.33
2016-10-10,21.54,22.18,22.33,21.42,26524,58310000,0.74,3.45,4.24,4.08
2016-10-11,22.18,22.34,22.49,22.02,18345,40890000,0.16,0.72,2.12,2.82
2016-10-12,22.32,22.15,22.32,22.05,16342,36170000,-0.19,-0.85,1.21,2.51
2016-10-13,22.29,22.44,22.70,22.15,20532,46070000,0.29,1.31,2.48,3.16
2016-10-14,22.32,22.39,22.48,22.11,13604,30330000,-0.05,-0.22,1.65,2.09
2016-10-17,22.47,21.87,22.47,21.81,17517,38720000,-0.52,-2.32,2.95,2.69
2016-10-18,21.70,24.06,24.06,21.70,45219,106630000,2.19,10.01,10.79,6.96
2016-10-19,25.39,24.97,25.99,24.02,322252,798910000,0.91,3.78,8.19,49.58
2016-10-20,24.50,23.81,24.77,23.70,174963,421350000,-1.16,-4.65,4.29,26.92
2016-10-21,23.69,23.51,24.18,23.21,105531,249380000,-0.30,-1.26,4.07,16.24
2016-10-24,23.52,23.78,23.95,23.30,88208,209000000,0.27,1.15,2.76,13.57
2016-10-25,23.56,23.62,23.80,23.33,72167,169790000,-0.16,-0.67,1.98,11.10
2016-10-26,23.41,22.79,23.63,22.73,78139,179880000,-0.83,-3.51,3.81,12.02
2016-10-27,22.82,22.94,23.12,22.75,48752,111720000,0.15,0.66,1.62,7.50
2016-10-28,22.95,22.51,23.11,22.50,46844,106600000,-0.43,-1.87,2.66,7.21
2016-10-31,22.49,22.81,22.87,22.14,41138,92820000,0.30,1.33,3.24,6.33
2016-11-01,22.81,23.03,23.09,22.66,47412,108770000,0.22,0.96,1.89,7.29
2016-11-02,22.90,22.65,23.20,22.61,44995,103090000,-0.38,-1.65,2.56,6.92
2016-11-03,22.40,22.98,23.10,22.40,51499,117680000,0.33,1.46,3.09,7.92
2016-11-04,23.07,23.28,23.48,23.00,58131,135220000,0.30,1.31,2.09,8.94
2016-11-07,23.31,22.98,23.58,22.85,54942,127610000,-0.30,-1.29,3.14,8.45
2016-11-08,23.00,23.24,23.44,23.00,47100,109570000,0.26,1.13,1.91,7.25
2016-11-09,23.25,22.63,23.36,22.30,57646,131290000,-0.61,-2.62,4.56,8.87
2016-11-10,22.84,23.71,23.79,22.67,82709,193160000,1.08,4.77,4.95,12.72
2016-11-11,23.71,23.55,23.89,23.42,52880,124620000,-0.16,-0.67,1.98,8.14
2016-11-14,23.80,24.25,24.42,23.58,97023,233610000,0.70,2.97,3.57,14.93
2016-11-15,24.22,24.06,24.26,23.78,50063,119860000,-0.19,-0.78,1.98,7.70
2016-11-16,24.15,24.12,24.49,23.83,61403,148580000,0.06,0.25,2.74,9.45
2016-11-17,23.94,26.53,26.53,23.58,121024,305310000,2.41,9.99,12.23,18.62
2016-11-18,27.65,27.04,28.39,26.66,233812,638830000,0.51,1.92,6.52,35.97
2016-11-21,26.67,29.19,29.74,26.61,253805,728740000,2.15,7.95,11.58,39.05
2016-11-22,28.35,28.70,29.07,27.68,158852,450760000,-0.49,-1.68,4.76,24.44
2016-11-23,28.30,27.30,28.40,26.95,125188,344750000,-1.40,-4.88,5.05,19.26
2016-11-24,27.30,27.38,27.75,27.02,83403,228470000,0.08,0.29,2.67,12.83
2016-11-25,27.50,26.08,27.71,25.81,86645,228210000,-1.30,-4.75,6.94,13.33
2016-11-28,26.12,25.77,26.45,25.58,54371,140810000,-0.31,-1.19,3.34,8.36
2016-11-29,25.77,25.31,26.20,25.02,57075,146660000,-0.46,-1.79,4.58,8.78
2016-11-30,25.41,25.70,25.79,25.12,43948,112280000,0.39,1.54,2.65,6.76
2016-12-01,25.66,24.83,25.70,24.80,50989,128300000,-0.87,-3.39,3.50,7.84
2016-12-02,24.77,23.98,25.12,23.94,47791,117040000,-0.85,-3.42,4.75,7.35
2016-12-05,23.50,24.17,24.43,23.45,41612,100220000,0.19,0.79,4.09,6.40
2016-12-06,24.19,24.14,24.38,23.91,29487,71110000,-0.03,-0.12,1.94,4.54
2016-12-07,24.12,24.62,24.72,24.02,36231,88490000,0.48,1.99,2.90,5.57
2016-12-08,24.50,24.40,24.84,24.30,28416,69640000,-0.22,-0.89,2.19,4.37
2016-12-09,24.44,24.07,24.60,24.00,29072,70270000,-0.33,-1.35,2.46,4.47
2016-12-12,24.01,21.66,24.18,21.66,72710,164010000,-2.41,-10.01,10.47,11.19
2016-12-13,21.66,21.53,21.77,21.08,38130,81780000,-0.13,-0.60,3.19,5.87
2016-12-14,21.80,21.18,21.80,21.12,33618,72130000,-0.35,-1.63,3.16,5.17
2016-12-15,21.10,21.60,21.89,21.10,31467,67760000,0.42,1.98,3.73,4.84
2016-12-16,21.82,22.17,22.39,21.53,37537,82590000,0.57,2.64,3.98,5.77
2016-12-19,22.22,22.53,22.72,22.10,39103,87960000,0.36,1.62,2.80,6.02
2016-12-20,22.37,22.87,23.09,22.16,40790,92300000,0.34,1.51,4.13,6.28
2016-12-21,22.87,23.34,23.48,22.80,57755,133660000,0.47,2.06,2.97,8.89
2016-12-22,23.20,22.92,23.25,22.77,27121,62250000,-0.42,-1.80,2.06,4.17
2016-12-23,22.90,21.88,22.90,21.76,34589,76700000,-1.04,-4.54,4.97,5.32
2016-12-26,21.54,23.16,23.60,21.41,46884,106070000,1.28,5.85,10.01,7.21
2016-12-27,23.03,23.04,23.35,22.90,28327,65350000,-0.12,-0.52,1.94,4.36
2016-12-28,23.04,22.76,23.68,22.70,29102,67430000,-0.28,-1.22,4.25,4.48
2016-12-29,22.63,22.99,23.44,22.63,33288,76830000,0.23,1.01,3.56,5.12
2016-12-30,23.01,22.40,23.30,22.18,40639,92090000,-0.59,-2.57,4.87,6.25
2017-01-03,22.32,23.09,23.17,22.32,30738,70400000,0.69,3.08,3.79,4.73
2017-01-04,23.10,23.22,23.53,23.07,28410,66100000,0.13,0.56,1.99,4.37
2017-01-05,23.10,23.20,23.49,23.01,25859,60250000,-0.02,-0.09,2.07,3.98
2017-01-06,23.20,22.93,23.39,22.78,22859,52460000,-0.27,-1.16,2.63,3.52
2017-01-09,22.92,22.84,23.27,22.59,17564,40120000,-0.09,-0.39,2.97,2.70
2017-01-10,22.80,22.51,22.95,22.38,20225,45900000,-0.33,-1.44,2.50,3.11
2017-01-11,22.53,21.91,22.72,21.89,26380,58550000,-0.60,-2.67,3.69,4.06
2017-01-12,21.88,21.82,22.12,21.79,18141,39820000,-0.09,-0.41,1.51,2.79
2017-01-13,21.66,21.61,21.96,21.38,19505,42260000,-0.21,-0.96,2.66,3.00
2017-01-16,21.63,19.80,21.71,19.45,43217,87830000,-1.81,-8.38,10.46,6.65
2017-01-17,19.90,19.96,20.09,19.01,28326,55710000,0.16,0.81,5.45,4.36
2017-01-18,19.95,19.79,20.05,19.76,14375,28600000,-0.17,-0.85,1.45,2.21
2017-01-19,19.63,19.32,19.82,19.15,18621,36150000,-0.47,-2.37,3.39,2.86
2017-01-20,19.20,19.81,20.00,19.14,17119,33650000,0.49,2.54,4.45,2.63
2017-01-23,20.00,20.50,20.60,19.93,20109,41010000,0.69,3.48,3.38,3.09
2017-01-24,20.36,20.01,20.57,20.00,14626,29460000,-0.49,-2.39,2.78,2.25
2017-01-25,19.91,20.08,20.38,19.91,10766,21680000,0.07,0.35,2.35,1.66
2017-01-26,20.13,20.40,20.48,19.46,15843,31980000,0.32,1.59,5.08,2.44
2017-02-03,20.58,20.06,20.58,20.03,11568,23300000,-0.34,-1.67,2.70,1.78
2017-02-06,20.12,20.38,20.45,20.02,12666,25660000,0.32,1.60,2.14,1.95
2017-02-07,20.37,20.51,20.63,20.22,17653,36083200,0.13,0.64,2.012,2.72
2017-02-08,20.48,20.95,20.96,20.21,26968,55788500,0.44,2.15,3.657,4.15
2017-02-09,20.82,23.05,23.05,20.75,67538,150952900,2.10,10.02,10.979,10.39
2017-02-10,23.99,25.36,25.36,23.56,173500,427883900,2.31,10.02,7.809,26.69
2017-02-13,26.18,25.00,26.80,24.98,143961,367738400,-0.36,-1.42,7.177,22.15
2017-02-14,25.23,27.50,27.50,25.23,176117,473893900,2.50,10.00,9.08,27.09
2017-02-15,28.27,27.54,30.24,25.88,262880,739335700,0.04,0.15,15.855,40.44
2017-02-16,27.10,26.54,27.50,26.01,138624,369386400,-1.00,-3.63,5.41,21.33
2017-02-17,26.13,27.15,28.02,24.80,154865,410684300,0.61,2.30,12.133,23.83
2017-02-20,26.80,27.61,27.97,26.50,127499,347702200,0.46,1.69,5.414,19.62
2017-02-21,27.35,26.96,27.48,26.79,67893,183703500,-0.65,-2.35,2.50,10.45
2017-02-22,26.59,27.75,27.86,26.59,109777,300798100,0.79,2.93,4.71,16.89
2017-02-23,27.40,28.53,28.61,27.23,147361,413210700,0.78,2.81,4.97,22.67
2017-02-24,28.40,28.37,28.60,27.67,138204,391447500,-0.16,-0.56,3.26,21.26
2017-02-27,28.57,28.53,28.74,27.65,114742,324571900,0.16,0.56,3.84,17.65
2017-02-28,28.24,28.67,28.88,28.18,85819,244805400,0.14,0.49,2.45,13.20
2017-03-01,28.34,27.67,28.49,27.08,77469,215784200,-1.00,-3.49,4.92,11.92
2017-03-02,27.78,29.03,29.18,27.08,177196,503629800,1.36,4.92,7.59,27.26
2017-03-03,28.95,29.26,29.66,28.21,179281,519173000,0.23,0.79,5.00,27.58
2017-03-06,28.89,28.33,29.00,28.25,63742,181536100,-0.93,-3.18,2.56,9.81
2017-03-07,28.21,27.82,29.10,27.32,68189,190814500,-0.51,-1.80,6.28,10.49
2017-03-08,27.55,27.51,27.76,27.41,24926,68624500,-0.31,-1.11,1.26,3.83
2017-03-09,27.85,27.90,28.10,27.05,95707,265421500,0.39,1.42,3.82,14.72
2017-03-10,27.98,29.05,29.15,27.56,152789,437350600,1.15,4.12,5.70,23.51
2017-03-13,28.80,30.27,30.31,28.60,175140,519735400,1.22,4.20,5.89,26.94
2017-03-14,31.25,29.09,31.80,27.24,453993,1288972600,-1.18,-3.90,15.06,69.85
2017-03-15,27.05,26.18,27.56,26.18,184358,493250400,-2.91,-10.00,4.74,28.36
2017-03-16,25.38,25.51,25.97,24.71,143342,363161608,-0.67,-2.56,4.81,22.05
2017-03-17,25.24,25.11,25.72,25.03,95992,243007987,-0.40,-1.57,2.70,14.77
2017-03-20,25.11,24.60,25.27,24.38,78462,193455254,-0.51,-2.03,3.54,12.07
2017-03-21,24.79,24.93,24.97,24.50,63305,157047668,0.33,1.34,1.91,9.74
2017-03-22,24.76,24.49,24.76,24.40,52814,129558816,-0.44,-1.76,1.44,8.13
2017-03-23,24.49,24.54,24.88,24.12,57840,142319075,0.05,0.20,3.10,8.90
2017-03-24,24.55,24.20,24.57,24.10,44957,108911808,-0.34,-1.39,1.92,6.92
2017-03-27,24.20,24.03,24.30,24.00,38222,92141555,-0.17,-0.70,1.24,5.88
2017-03-28,24.07,23.70,24.18,23.69,46400,110966982,-0.33,-1.37,2.04,7.14
2017-03-29,23.69,23.13,23.69,23.01,54447,126505340,-0.57,-2.41,2.87,8.38
2017-03-30,23.22,22.12,23.23,22.09,55088,123392049,-1.01,-4.37,4.93,8.47
2017-03-31,22.20,22.30,22.45,22.11,28529,63501187,0.18,0.81,1.54,4.39
2017-04-05,22.32,22.80,22.87,22.30,32886,74502567,0.50,2.24,2.56,5.06
2017-04-06,22.72,22.87,23.24,22.72,38409,88406025,0.07,0.31,2.28,5.91
2017-04-07,22.86,22.56,22.87,22.52,26655,60301949,-0.31,-1.36,1.53,4.10
2017-04-10,22.63,21.68,22.63,21.63,39218,86475922,-0.88,-3.90,4.43,6.03
2017-04-11,21.56,21.65,21.84,20.40,44905,95513537,-0.03,-0.14,6.64,6.91
2017-04-12,21.60,21.11,21.61,21.02,25318,53855243,-0.54,-2.49,2.73,3.90
2017-04-13,21.11,21.46,21.65,21.06,28491,61180422,0.35,1.66,2.79,4.38
2017-04-14,21.45,20.99,21.52,20.86,22371,47287848,-0.47,-2.19,3.08,3.44
2017-04-17,20.77,20.14,20.77,20.05,30022,60809415,-0.85,-4.05,3.43,4.62
2017-04-18,20.45,20.10,20.45,19.88,19358,39095826,-0.04,-0.20,2.83,2.98
2017-04-19,20.10,20.33,20.44,19.84,26307,52799257,0.23,1.14,2.99,4.05
2017-04-20,20.35,20.32,20.50,20.00,22540,45782441,-0.01,-0.05,2.46,3.47
2017-04-21,20.31,20.27,20.45,20.21,13602,27635705,-0.05,-0.25,1.18,2.09
2017-04-24,20.27,19.61,20.28,19.60,19703,39132051,-0.66,-3.26,3.35,3.03
2017-04-25,19.76,19.69,19.95,19.57,12712,25117991,0.08,0.41,1.94,1.96
2017-04-26,19.70,19.76,19.95,19.68,17019,33728904,0.07,0.36,1.37,2.62
2017-04-27,19.79,20.33,20.43,19.40,34021,67792700,0.57,2.88,5.21,5.23
2017-04-28,20.13,20.42,20.49,19.97,22334,45426544,0.09,0.44,2.56,3.44
2017-05-02,20.40,20.51,20.67,20.26,18180,37261828,0.09,0.44,2.01,2.80
2017-05-03,20.41,20.65,20.66,20.31,20734,42513968,0.14,0.68,1.71,3.19
2017-05-04,20.65,21.37,21.86,20.35,57478,122623106,0.72,3.49,7.31,8.84
2017-05-05,21.15,20.90,21.60,20.88,31145,65841299,-0.47,-2.20,3.37,4.79
2017-05-08,20.81,20.01,20.81,20.00,24656,49959274,-0.89,-4.26,3.88,3.79
2017-05-09,19.75,20.11,20.28,19.60,15179,30401660,0.10,0.50,3.40,2.34
2017-05-10,20.11,19.69,20.34,19.68,17841,35722764,-0.42,-2.09,3.28,2.75
2017-05-11,19.60,18.97,19.60,18.14,30117,57078676,-0.72,-3.66,7.41,4.63
2017-05-12,18.99,18.69,19.15,18.58,13853,26030388,-0.28,-1.48,3.00,2.13
2017-05-15,18.70,18.58,18.97,18.56,10099,18950945,-0.11,-0.59,2.19,1.55
2017-05-16,18.58,18.80,18.87,18.01,21911,40249875,0.22,1.18,4.63,3.37
2017-05-17,18.73,18.80,19.03,18.69,18412,34713348,0.00,0.00,1.81,2.83
2017-05-18,18.60,18.82,18.98,18.60,13057,24542500,0.02,0.11,2.02,2.01
2017-05-19,18.90,18.94,18.96,18.74,15643,29545579,0.12,0.64,1.17,2.41
2017-05-22,18.95,18.06,19.01,18.04,19540,36243302,-0.88,-4.65,5.12,3.01
2017-05-23,18.10,16.48,18.23,16.35,32168,55149640,-1.58,-8.75,10.41,4.95
2017-05-24,16.32,16.58,16.80,16.04,15849,26092277,0.10,0.61,4.61,2.44
2017-05-25,16.70,16.55,16.70,16.02,18109,29755670,-0.03,-0.18,4.10,2.79
2017-05-26,16.55,16.57,16.74,16.50,12640,20975784,0.02,0.12,1.45,1.95
2017-05-31,16.78,16.45,16.96,16.42,12474,20922340,-0.12,-0.72,3.26,1.92
2017-06-01,16.41,15.27,16.48,15.20,26691,42097601,-1.18,-7.17,7.78,4.11
2017-06-02,15.12,15.36,15.50,14.74,21659,32800330,0.09,0.59,4.98,3.33
2017-06-05,15.36,15.55,15.60,15.36,12640,19619637,0.19,1.24,1.56,1.95
2017-06-06,15.55,15.69,15.75,15.42,10652,16621458,0.14,0.90,2.12,1.64
2017-06-07,15.68,16.05,16.10,15.65,20570,32849828,0.36,2.29,2.87,3.17
2017-06-08,16.16,16.19,16.56,16.12,24831,40550347,0.14,0.87,2.74,3.82
2017-06-09,16.19,16.00,16.24,15.81,14621,23336434,-0.19,-1.17,2.66,2.25
