日期,开盘,收盘,最高,最低,交易量(手),交易金额(元),涨跌额,涨跌幅(%),振幅(%),换手率(%)
2015-03-25,29.48,29.48,29.48,29.48,233,690000,9.01,44.02,0.00,0.06
2015-03-26,32.43,32.43,32.43,32.43,94,300000,2.95,10.01,0.00,0.02
2015-03-27,35.67,35.67,35.67,35.67,638,2280000,3.24,9.99,0.00,0.16
2015-03-30,39.24,39.24,39.24,39.24,1287,5050000,3.57,10.01,0.00,0.32
2015-03-31,42.00,40.50,42.00,39.25,197281,798130000,1.26,3.21,7.01,49.32
2015-04-01,39.50,40.23,40.50,39.39,86779,347840000,-0.27,-0.67,2.74,21.69
2015-04-02,40.25,41.43,42.00,40.00,100513,413470000,1.20,2.98,4.97,25.13
2015-04-03,41.00,43.32,43.99,40.65,86399,360180000,1.89,4.56,8.06,21.60
2015-04-07,43.32,43.68,45.73,43.03,73122,322010000,0.36,0.83,6.23,18.28
2015-04-08,43.80,42.30,44.28,41.51,62699,267460000,-1.38,-3.16,6.34,15.67
2015-04-09,42.37,44.27,44.77,41.50,66313,285370000,1.97,4.66,7.73,16.58
2015-04-10,44.09,43.95,44.45,43.21,46002,202110000,-0.32,-0.72,2.80,11.50
2015-04-13,44.65,44.09,44.65,43.60,47168,207900000,0.14,0.32,2.39,11.79
2015-04-14,44.20,44.37,45.65,44.20,47591,213970000,0.28,0.64,3.29,11.90
2015-04-15,44.05,42.54,44.28,42.30,40977,176070000,-1.83,-4.12,4.46,10.24
2015-04-16,42.40,42.69,43.22,41.71,24107,102610000,0.15,0.35,3.55,6.03
2015-04-17,43.15,42.80,43.86,42.55,36117,155170000,0.11,0.26,3.07,9.03
2015-04-20,42.80,41.78,42.82,41.62,35247,148460000,-1.02,-2.38,2.80,8.81
2015-04-21,41.52,42.77,42.80,41.52,24162,102410000,0.99,2.37,3.06,6.04
2015-04-22,42.90,43.44,43.90,42.90,31792,138020000,0.67,1.57,2.34,7.95
2015-04-23,43.44,43.44,43.79,42.94,32811,142520000,0.00,0.00,1.96,8.20
2015-04-24,42.71,43.09,43.55,42.50,31075,133600000,-0.35,-0.81,2.42,7.77
2015-04-27,42.89,45.17,46.18,42.83,58685,259150000,2.08,4.83,7.77,14.67
2015-04-28,44.80,43.28,44.96,43.00,35779,156850000,-1.89,-4.18,4.34,8.94
2015-04-29,42.89,44.45,44.76,42.89,36975,163180000,1.17,2.70,4.32,9.24
2015-04-30,44.41,45.94,46.80,43.95,62587,284780000,1.49,3.35,6.41,15.65
2015-05-04,46.00,46.88,48.62,45.60,53932,254090000,0.94,2.05,6.57,13.48
2015-05-05,46.81,45.84,46.99,45.59,37559,173180000,-1.04,-2.22,2.99,9.39
2015-05-06,46.20,44.96,46.90,44.70,35133,161690000,-0.88,-1.92,4.80,8.78
2015-05-07,44.88,43.21,45.00,43.20,25799,113640000,-1.75,-3.89,4.00,6.45
2015-05-08,43.90,45.41,45.47,43.40,34972,154470000,2.20,5.09,4.79,8.74
2015-05-11,45.60,49.95,49.95,45.60,71068,342890000,4.54,10.00,9.58,17.77
2015-05-12,50.88,51.46,52.99,50.01,68369,351130000,1.51,3.02,5.97,17.09
2015-05-13,50.05,52.82,53.92,50.00,49143,257260000,1.36,2.64,7.62,12.29
2015-05-14,52.50,55.48,56.80,51.80,50373,277530000,2.66,5.04,9.47,12.59
2015-05-15,55.01,61.03,61.03,55.01,56167,325170000,5.55,10.00,10.85,14.04
2015-05-18,62.79,64.65,67.13,62.60,80540,521370000,3.62,5.93,7.42,20.14
2015-05-19,65.00,62.02,65.34,60.11,65454,407780000,-2.63,-4.07,8.09,16.36
2015-05-20,62.02,61.17,64.87,61.00,44033,276390000,-0.85,-1.37,6.24,11.01
2015-05-21,61.00,63.76,64.59,60.10,39944,249640000,2.59,4.23,7.34,9.99
2015-05-22,63.65,69.61,70.14,62.30,62885,414250000,5.85,9.18,12.30,15.72
2015-05-25,67.40,70.13,74.58,66.60,65899,472010000,0.52,0.75,11.46,16.47
2015-05-26,70.00,74.19,74.29,69.40,69898,504400000,4.06,5.79,6.97,17.47
2015-05-27,74.15,81.60,81.61,72.76,78727,614740000,7.41,9.99,11.93,19.68
2015-05-28,83.66,76.98,89.76,73.46,116474,1017250000,-4.62,-5.66,19.98,29.12
2015-05-29,71.50,74.41,80.86,70.00,85155,636920000,-2.57,-3.34,14.11,21.29
2015-06-01,74.50,72.47,75.30,70.00,67760,489400000,-1.94,-2.61,7.12,16.94
2015-06-02,72.53,79.72,79.72,72.50,56524,427770000,7.25,10.00,9.96,14.13
2015-06-03,81.77,75.85,82.00,75.12,45552,356780000,-3.87,-4.85,8.63,11.39
2015-06-04,75.46,69.90,75.46,68.27,58397,410090000,-5.95,-7.84,9.48,14.60
2015-06-05,71.45,69.16,72.58,67.62,38632,272320000,-0.74,-1.06,7.10,9.66
2015-06-08,69.21,69.27,72.00,68.01,37790,263590000,0.11,0.16,5.77,9.45
2015-06-09,69.30,69.14,71.00,68.31,21511,149200000,0.17,0.25,3.90,5.38
2015-06-10,69.15,70.52,71.65,68.50,34442,243930000,1.38,2.00,4.56,8.61
2015-06-11,70.61,71.82,72.00,69.40,42703,302280000,1.30,1.84,3.69,10.68
2015-06-12,72.67,73.47,74.48,71.58,45657,333960000,1.65,2.30,4.04,11.41
2015-06-15,73.00,71.40,73.07,66.46,57219,394480000,-2.07,-2.82,9.00,14.30
2015-06-16,69.50,68.62,69.99,67.50,20107,137800000,-2.78,-3.89,3.49,5.03
2015-06-17,68.01,69.11,70.89,65.22,27832,189950000,0.49,0.71,8.26,6.96
2015-06-18,69.50,68.58,69.50,67.28,18974,130230000,-0.53,-0.77,3.21,4.74
2015-06-19,67.60,61.72,67.60,61.72,19537,125900000,-6.86,-10.00,8.57,4.88
2015-06-23,62.00,60.78,62.88,56.03,21673,129310000,-0.94,-1.52,11.10,5.42
2015-06-24,61.98,61.34,63.46,59.58,21484,132120000,0.56,0.92,6.38,5.37
2015-06-25,61.10,57.09,61.38,56.56,21619,128460000,-4.25,-6.93,7.86,5.40
2015-06-26,55.00,51.38,55.00,51.38,23736,124540000,-5.71,-10.00,6.34,5.93
2015-06-29,52.70,46.24,52.99,46.24,35486,171010000,-5.14,-10.00,13.14,8.87
2015-06-30,46.24,50.86,50.86,45.25,42082,203500000,4.62,9.99,12.13,10.52
2015-07-01,51.40,51.87,55.66,50.86,46077,246650000,1.01,1.99,9.44,11.52
2015-07-02,51.08,50.89,53.98,49.60,41557,216960000,-0.98,-1.89,8.44,10.39
2015-07-03,48.00,48.58,53.87,45.80,46392,225890000,-2.31,-4.54,15.86,11.60
2015-07-06,53.44,44.99,53.44,43.72,50277,243990000,-3.59,-7.39,20.01,12.57
2015-07-07,42.50,40.49,43.39,40.49,22704,93320000,-4.50,-10.00,6.45,5.68
2015-07-08,36.44,36.44,36.44,36.44,2772,10100000,-4.05,-10.00,0.00,0.69
2015-07-09,32.80,40.08,40.08,32.80,72551,261630000,3.64,9.99,19.98,18.14
2015-07-10,41.50,44.09,44.09,40.98,33328,144750000,4.01,10.01,7.76,8.33
2015-07-13,46.88,48.50,48.50,45.70,65762,312690000,4.41,10.00,6.35,16.44
2015-07-14,47.01,48.67,52.20,46.50,68302,336170000,0.17,0.35,11.75,17.08
2015-07-15,47.00,43.80,47.49,43.80,37896,171430000,-4.87,-10.01,7.58,9.47
2015-07-16,41.53,44.26,46.00,40.11,30446,133170000,0.46,1.05,13.45,7.61
2015-07-17,44.40,47.29,48.45,44.40,30545,141590000,3.03,6.85,9.15,7.64
2015-07-20,47.33,47.26,48.73,46.31,33262,157840000,-0.03,-0.06,5.12,8.32
2015-07-21,46.86,48.59,48.65,45.88,33626,160530000,1.33,2.81,5.86,8.41
2015-07-22,48.56,48.02,48.88,46.90,34844,167200000,-0.57,-1.17,4.07,8.71
2015-07-23,48.00,51.49,52.18,47.65,49038,246000000,3.47,7.23,9.43,12.26
2015-07-24,51.00,53.07,54.51,51.00,69665,368020000,1.58,3.07,6.82,17.42
2015-07-27,50.20,47.76,53.45,47.76,46026,233970000,-5.31,-10.01,10.72,11.51
2015-07-28,43.60,43.84,47.47,42.98,48082,212170000,-3.92,-8.21,9.40,12.02
2015-07-29,44.81,47.59,47.80,41.83,42965,190290000,3.75,8.55,13.62,10.74
2015-07-30,46.99,46.07,49.28,45.71,38616,183560000,-1.52,-3.19,7.50,9.65
2015-07-31,44.23,44.78,46.75,43.77,35798,160740000,-1.29,-2.80,6.47,8.95
2015-08-03,44.55,42.70,45.40,41.90,30380,132120000,-2.08,-4.64,7.82,7.60
2015-08-04,43.48,45.92,45.97,42.80,33079,146880000,3.22,7.54,7.42,8.27
2015-08-05,45.50,48.70,50.00,45.00,59833,285400000,2.78,6.05,10.89,14.96
2015-08-06,47.00,47.09,48.50,46.50,36929,175010000,-1.61,-3.31,4.11,9.23
2015-08-07,47.30,48.59,49.25,47.30,40629,197320000,1.50,3.19,4.14,10.16
2015-08-10,49.21,53.45,53.45,48.10,49949,255580000,4.86,10.00,11.01,12.49
2015-08-11,54.49,52.97,57.20,52.70,66102,358830000,-0.48,-0.90,8.42,16.53
2015-08-12,51.88,51.05,53.80,50.90,30880,161190000,-1.92,-3.62,5.47,7.72
2015-08-13,51.11,52.31,52.34,49.70,26878,137450000,1.26,2.47,5.17,6.72
2015-08-14,52.27,51.70,53.49,51.45,21772,113430000,-0.61,-1.17,3.90,5.44
2015-08-17,51.30,50.98,51.74,50.10,17120,87010000,-0.72,-1.39,3.17,4.28
2015-08-18,50.52,45.88,52.80,45.88,38210,186900000,-5.10,-10.00,13.57,9.55
2015-08-19,44.99,46.78,47.58,41.80,33000,148820000,0.90,1.96,12.60,8.25
2015-08-20,46.00,44.22,46.50,44.00,20811,94380000,-2.56,-5.47,5.34,5.20
2015-08-21,43.01,41.76,44.18,41.50,29614,125890000,-2.46,-5.56,6.06,7.40
2015-08-24,39.80,37.58,40.17,37.58,25686,98000000,-4.18,-10.01,6.20,6.42
2015-08-25,33.85,33.82,36.96,33.82,27854,96780000,-3.76,-10.01,8.36,6.96
2015-08-26,35.00,34.95,37.15,34.00,38823,137550000,1.13,3.34,9.31,9.71
2015-08-27,36.10,37.67,37.74,35.16,28257,102850000,2.72,7.78,7.38,7.06
2015-08-28,38.25,41.44,41.44,37.13,60560,241250000,3.77,10.01,11.44,15.14
2015-08-31,40.61,42.88,44.17,40.61,49451,211180000,1.44,3.47,8.59,12.36
2015-09-01,42.50,40.82,44.85,40.50,51095,221680000,-2.06,-4.80,10.14,12.77
2015-09-02,38.00,41.80,44.90,37.00,54482,232060000,0.98,2.40,19.35,13.62
2015-09-07,43.00,44.43,44.58,42.70,32853,143400000,2.63,6.29,4.50,8.21
2015-09-08,43.70,46.49,47.00,43.55,32551,146350000,2.06,4.64,7.77,8.14
2015-09-09,46.80,46.50,46.85,45.53,45746,211610000,0.01,0.02,2.84,11.44
2015-09-10,45.80,44.51,46.38,44.01,25427,114800000,-1.99,-4.28,5.10,6.36
2015-09-11,44.78,44.56,45.80,43.91,19521,87500000,0.05,0.11,4.25,4.88
2015-09-14,44.97,40.10,45.16,40.10,22816,95690000,-4.46,-10.01,11.36,5.70
2015-09-15,38.90,40.74,44.05,37.76,25290,99620000,0.64,1.60,15.69,6.32
2015-09-16,39.50,42.56,44.24,39.40,58485,243710000,1.82,4.47,11.88,14.62
2015-09-17,41.91,39.78,41.99,39.50,38055,156680000,-2.78,-6.53,5.85,9.51
2015-09-18,40.02,39.33,40.42,38.89,17748,70180000,-0.45,-1.13,3.85,4.44
2015-09-21,38.90,40.32,40.48,38.56,31502,126160000,0.99,2.52,4.88,7.88
2015-09-22,40.60,40.25,41.30,39.90,24246,98400000,-0.07,-0.17,3.47,6.06
2015-09-23,39.50,39.40,40.19,39.05,17782,70390000,-0.85,-2.11,2.83,4.45
2015-09-24,39.42,40.47,40.88,39.42,19116,77150000,1.07,2.72,3.71,4.78
2015-09-25,40.48,38.96,40.97,38.40,20022,79470000,-1.51,-3.73,6.35,5.01
2015-09-28,39.17,39.85,40.00,38.58,12307,48460000,0.89,2.28,3.64,3.08
2015-09-29,39.05,39.28,39.75,39.05,11288,44500000,-0.57,-1.43,1.76,2.82
2015-09-30,39.58,40.29,40.46,39.34,14103,56440000,1.01,2.57,2.85,3.53
2015-10-08,41.55,41.68,41.97,40.70,23682,98270000,1.39,3.45,3.15,5.92
2015-10-09,41.58,41.73,41.83,41.02,21021,87260000,0.05,0.12,1.94,5.26
2015-10-12,41.90,43.67,44.05,41.90,34412,148450000,1.94,4.65,5.15,8.60
2015-10-13,43.01,43.34,43.54,42.88,23170,100160000,-0.33,-0.76,1.51,5.79
2015-10-14,43.10,43.02,43.78,42.90,18909,81800000,-0.32,-0.74,2.03,4.73
2015-10-15,42.82,44.22,44.29,42.80,26248,114910000,1.20,2.79,3.46,6.56
2015-10-16,44.46,44.60,45.14,43.72,30110,134130000,0.38,0.86,3.21,7.53
2015-10-19,44.77,44.01,45.20,43.68,21401,94930000,-0.59,-1.32,3.41,5.35
2015-10-20,44.08,44.92,44.96,43.71,20450,90740000,0.91,2.07,2.84,5.11
2015-10-21,44.95,42.67,46.66,42.38,47025,210600000,-2.25,-5.01,9.53,11.76
2015-10-22,42.61,44.46,44.50,42.61,26024,113140000,1.79,4.20,4.43,6.51
2015-10-23,44.60,45.82,46.10,44.15,31882,144220000,1.36,3.06,4.39,7.97
2015-10-26,46.00,46.43,46.64,45.61,28842,133130000,0.61,1.33,2.25,7.21
2015-10-27,46.00,45.94,46.43,44.17,25892,117800000,-0.49,-1.06,4.87,6.47
2015-10-28,45.90,44.70,46.98,44.37,26486,121530000,-1.24,-2.70,5.68,6.62
2015-10-29,45.00,45.00,45.52,44.40,16181,72810000,0.30,0.67,2.51,4.05
2015-10-30,45.20,45.53,46.20,44.44,21762,98960000,0.53,1.18,3.91,5.44
2015-11-02,44.55,46.29,48.32,44.30,38319,179330000,0.76,1.67,8.83,9.58
2015-11-03,46.88,48.68,48.98,45.80,46203,220950000,2.39,5.16,6.87,11.55
2015-11-04,48.69,50.02,50.18,48.00,49745,244410000,1.34,2.75,4.48,12.44
2015-11-05,49.88,49.43,51.50,48.77,44392,221130000,-0.59,-1.18,5.46,11.10
2015-11-06,49.46,51.49,51.65,49.43,38619,196370000,2.06,4.17,4.49,9.65
2015-11-09,52.15,53.25,54.98,52.12,47937,256280000,1.76,3.42,5.55,11.98
2015-11-10,53.20,52.81,54.50,51.88,40121,212830000,-0.44,-0.83,4.92,10.03
2015-11-11,53.28,56.70,56.98,52.50,46498,256310000,3.89,7.37,8.48,11.62
2015-11-12,56.99,60.01,61.50,56.00,56958,332900000,3.31,5.84,9.70,14.24
2015-11-13,58.93,54.84,59.30,54.20,62918,358990000,-5.17,-8.62,8.50,15.73
2015-11-16,53.58,55.94,55.96,53.00,29890,163910000,1.10,2.01,5.40,7.47
2015-11-17,56.80,54.04,58.00,53.89,33099,185260000,-1.90,-3.40,7.35,8.27
2015-11-18,53.99,52.07,54.88,51.80,24971,132960000,-1.97,-3.65,5.70,6.24
2015-11-19,52.60,53.77,54.18,52.33,23985,127870000,1.70,3.26,3.55,6.00
2015-11-20,53.95,55.83,56.03,53.95,32297,178730000,2.06,3.83,3.87,8.07
2015-11-23,55.59,55.24,56.70,55.00,30078,167820000,-0.59,-1.06,3.05,7.52
2015-11-24,54.99,59.84,59.88,54.90,51601,300100000,4.60,8.33,9.02,12.90
2015-11-25,59.50,59.53,60.88,58.81,43042,256910000,-0.31,-0.52,3.46,10.76
2015-11-26,59.60,59.68,62.98,58.90,50972,310930000,0.15,0.25,6.85,12.74
2015-11-27,59.50,57.85,61.00,56.46,50307,294400000,-1.83,-3.07,7.61,12.58
2015-11-30,57.90,63.17,63.53,57.13,63332,380260000,5.32,9.20,11.06,15.83
2015-12-01,62.74,60.29,64.50,59.21,55584,345680000,-2.88,-4.56,8.37,13.90
2015-12-02,59.80,59.05,60.59,56.01,33269,194830000,-1.24,-2.06,7.60,8.32
2015-12-03,59.65,60.99,61.65,59.62,30006,182350000,1.94,3.29,3.44,7.50
2015-12-04,60.80,61.27,62.40,60.21,35966,221290000,0.28,0.46,3.59,8.99
2015-12-07,61.23,59.69,61.48,58.11,32719,195200000,-1.58,-2.58,5.50,8.18
2015-12-08,59.00,59.10,60.37,58.80,24297,144640000,-0.59,-0.99,2.63,6.07
2015-12-09,59.00,57.36,59.57,57.00,29561,170800000,-1.74,-2.94,4.35,7.39
2015-12-10,57.03,57.00,57.95,56.56,16372,93550000,-0.36,-0.63,2.42,4.09
2015-12-11,56.59,57.18,57.80,56.59,11999,68670000,0.18,0.32,2.12,3.00
2015-12-14,56.73,59.80,59.97,56.73,19155,111990000,2.62,4.58,5.67,4.79
2015-12-15,60.06,59.89,60.88,59.46,17894,107640000,0.09,0.15,2.37,4.47
2015-12-16,60.00,60.61,62.00,59.90,23025,140660000,0.72,1.20,3.51,5.76
2015-12-17,61.50,63.75,64.10,61.01,32617,203680000,3.14,5.18,5.10,8.15
2015-12-18,63.80,61.46,63.80,61.00,29344,182010000,-2.29,-3.59,4.39,7.34
2015-12-21,60.88,61.24,61.55,60.12,19649,119550000,-0.22,-0.36,2.33,4.91
2015-12-22,61.22,61.87,62.19,60.87,14841,91300000,0.63,1.03,2.16,3.71
2015-12-23,61.80,61.11,62.40,61.01,21696,133540000,-0.76,-1.23,2.25,5.42
2015-12-24,61.02,63.10,63.48,60.40,26135,162070000,1.99,3.26,5.04,6.53
2015-12-25,63.10,62.49,64.00,61.66,22230,139830000,-0.61,-0.97,3.71,5.56
2015-12-28,62.55,59.70,62.89,59.68,27536,167820000,-2.79,-4.46,5.14,6.88
2015-12-29,59.31,59.75,59.90,58.65,15092,89530000,0.05,0.08,2.09,3.77
2015-12-30,59.88,59.71,60.35,58.90,11261,67180000,-0.04,-0.07,2.43,2.82
2015-12-31,59.83,57.32,59.90,57.21,17247,100640000,-2.39,-4.00,4.51,4.31
2016-01-04,57.01,51.59,57.48,51.59,17986,98490000,-5.73,-10.00,10.28,4.50
2016-01-05,49.50,50.86,52.75,48.50,23807,121060000,-0.73,-1.42,8.24,5.95
2016-01-06,51.44,52.32,52.78,51.00,14271,73990000,1.46,2.87,3.50,3.57
2016-01-07,51.50,47.11,51.50,47.09,6316,30730000,-5.21,-9.96,8.43,1.58
2016-01-08,48.75,48.42,49.44,44.20,19154,92380000,1.31,2.78,11.12,4.79
2016-01-11,46.80,44.64,48.88,44.55,18468,86160000,-3.78,-7.81,8.94,4.62
2016-01-12,45.00,45.44,46.40,44.79,16664,75830000,0.80,1.79,3.61,4.17
2016-01-13,45.85,44.74,46.35,44.44,12626,57560000,-0.70,-1.54,4.20,3.16
2016-01-14,43.70,46.85,47.00,43.40,16877,76980000,2.11,4.72,8.05,4.22
2016-01-15,46.90,44.73,46.90,44.21,14485,66160000,-2.12,-4.53,5.74,3.62
2016-01-18,43.60,45.79,46.33,43.00,13519,61080000,1.06,2.37,7.44,3.38
2016-01-19,45.99,47.43,47.60,45.50,18680,87130000,1.64,3.58,4.59,4.67
2016-01-20,47.07,46.70,47.66,46.36,15625,73410000,-0.73,-1.54,2.74,3.91
2016-01-21,46.00,45.50,47.59,45.35,14975,69890000,-1.20,-2.57,4.80,3.74
2016-01-22,45.40,46.29,46.50,45.13,11916,54660000,0.79,1.74,3.01,2.98
2016-01-25,46.75,46.00,47.00,45.80,13825,64210000,-0.29,-0.63,2.59,3.46
2016-01-26,45.51,41.59,45.51,41.50,18915,82210000,-4.41,-9.59,8.72,4.73
2016-01-27,41.98,40.70,41.98,38.86,15723,63520000,-0.89,-2.14,7.50,3.93
2016-01-28,40.45,38.62,40.70,38.00,8485,33690000,-2.08,-5.11,6.63,2.12
2016-01-29,38.80,40.28,40.72,38.56,11880,47340000,1.66,4.30,5.59,2.97
2016-02-01,39.90,40.15,41.28,39.68,8451,34060000,-0.13,-0.32,3.97,2.11
2016-02-02,40.90,41.39,41.70,40.22,8703,35910000,1.24,3.09,3.69,2.18
2016-02-03,40.65,41.18,41.28,40.29,7481,30480000,-0.21,-0.51,2.39,1.87
2016-02-04,41.20,42.19,42.30,41.20,10418,43750000,1.01,2.45,2.67,2.60
2016-02-05,42.30,42.08,43.00,42.05,9617,40890000,-0.11,-0.26,2.25,2.40
2016-02-15,40.01,40.91,41.33,39.81,8885,35910000,-1.17,-2.78,3.61,2.22
2016-02-16,41.11,42.61,42.95,41.11,11521,48840000,1.70,4.16,4.50,2.88
2016-02-17,42.50,43.58,43.67,42.39,13654,58750000,0.97,2.28,3.00,3.41
2016-02-18,43.95,43.82,44.44,43.35,14624,64160000,0.24,0.55,2.50,3.66
2016-02-19,43.51,43.88,44.10,43.38,10379,45450000,0.06,0.14,1.64,2.59
2016-02-22,44.63,44.57,44.83,44.06,12934,57370000,0.69,1.57,1.75,3.23
2016-02-23,44.60,44.06,44.79,43.60,12995,57420000,-0.51,-1.14,2.67,3.25
2016-02-24,44.05,43.85,44.48,43.00,10112,44120000,-0.21,-0.48,3.36,2.53
2016-02-25,43.62,39.94,43.62,39.47,16279,67770000,-3.91,-8.92,9.46,4.07
2016-02-26,40.55,40.28,40.88,39.55,9475,38140000,0.34,0.85,3.33,2.37
2016-02-29,40.50,37.68,40.50,37.10,13551,51640000,-2.60,-6.45,8.44,3.39
2016-03-01,37.68,38.83,38.99,37.50,8403,32120000,1.15,3.05,3.95,2.10
2016-03-02,38.83,40.60,40.67,38.60,11124,44190000,1.77,4.56,5.33,2.78
2016-03-03,40.25,40.22,41.37,40.08,10736,43830000,-0.38,-0.94,3.18,2.68
2016-03-04,40.14,38.97,40.70,38.33,8904,35190000,-1.25,-3.11,5.89,2.23
2016-03-07,39.78,39.92,40.30,39.56,6336,25300000,0.95,2.44,1.90,1.58
2016-03-08,39.90,39.95,40.00,38.05,8491,33200000,0.03,0.08,4.88,2.12
2016-03-09,38.91,39.01,39.77,38.55,4711,18460000,-0.94,-2.35,3.05,1.18
2016-03-10,38.73,38.35,39.42,38.21,5794,22460000,-0.66,-1.69,3.10,1.45
2016-03-11,37.73,39.05,39.19,37.73,6750,26170000,0.70,1.83,3.81,1.69
2016-03-14,39.31,40.43,40.91,39.31,11903,48240000,1.38,3.53,4.10,2.98
2016-03-15,40.50,40.13,40.75,39.98,6495,26200000,-0.30,-0.74,1.90,1.62
2016-03-16,40.69,39.34,40.76,39.12,6733,26860000,-0.79,-1.97,4.09,1.68
2016-03-17,39.35,40.75,40.89,39.35,9888,39930000,1.41,3.58,3.91,2.47
2016-03-18,40.60,42.41,42.52,40.60,16908,70930000,1.66,4.07,4.71,4.23
2016-03-21,43.15,43.37,43.43,42.54,13116,56250000,0.96,2.26,2.10,3.28
2016-03-22,42.91,42.71,43.20,42.50,13003,55660000,-0.66,-1.52,1.61,3.25
2016-03-23,42.39,43.84,44.36,42.36,19608,85550000,1.13,2.65,4.68,4.90
2016-03-24,43.52,43.88,44.64,43.12,21754,95910000,0.04,0.09,3.47,5.44
2016-03-25,43.31,45.90,46.00,43.31,26322,118880000,2.02,4.60,6.13,2.72
2016-03-28,46.67,45.50,46.67,45.00,29108,133970000,-0.40,-0.87,3.64,3.01
2016-03-29,45.49,44.35,45.49,43.66,17897,79610000,-1.15,-2.53,4.02,1.85
2016-03-30,44.98,48.79,48.79,44.50,41616,195930000,4.44,10.01,9.67,4.30
2016-03-31,48.70,47.02,48.74,46.98,59934,285480000,-1.77,-3.63,3.61,6.20
2016-04-01,46.81,46.46,46.81,45.40,28577,131960000,-0.56,-1.19,3.00,2.95
2016-04-05,46.59,47.29,47.50,46.50,24335,114720000,0.83,1.79,2.15,2.52
2016-04-06,47.00,47.11,47.27,46.42,25509,119450000,-0.18,-0.38,1.80,2.64
2016-04-07,47.32,47.56,48.49,47.31,36069,173100000,0.45,0.96,2.50,3.73
2016-04-08,47.00,46.11,47.25,45.57,26670,123330000,-1.45,-3.05,3.53,2.76
2016-04-11,46.39,46.76,47.25,46.35,19029,89270000,0.65,1.41,1.95,1.97
2016-04-12,47.00,46.84,47.85,46.18,21339,100600000,0.08,0.17,3.57,2.21
2016-04-13,46.98,47.07,47.77,46.90,23540,111540000,0.23,0.49,1.86,2.43
2016-04-14,47.28,47.54,47.80,46.93,20247,95910000,0.47,1.00,1.85,2.09
2016-04-15,47.69,47.89,48.31,47.53,22469,107800000,0.35,0.74,1.64,2.32
2016-04-18,47.51,46.81,47.52,46.30,18418,86070000,-1.08,-2.26,2.55,1.90
2016-04-19,47.01,46.81,47.30,46.31,10923,51140000,0.00,0.00,2.11,1.13
2016-04-20,46.92,43.69,47.10,42.72,28774,128230000,-3.12,-6.67,9.36,2.97
2016-04-21,43.38,43.45,44.21,43.28,11549,50590000,-0.24,-0.55,2.13,1.19
2016-04-22,43.32,44.41,44.60,43.32,13115,57760000,0.96,2.21,2.95,1.36
2016-04-25,44.38,43.79,44.38,43.13,11349,49480000,-0.62,-1.40,2.81,1.17
2016-04-26,43.79,44.03,44.10,43.50,7660,33580000,0.24,0.55,1.37,0.79
2016-04-27,44.03,43.83,44.50,43.80,9323,41140000,-0.20,-0.45,1.59,0.96
2016-04-28,43.86,43.87,44.30,43.21,8606,37620000,0.04,0.09,2.49,0.89
2016-04-29,44.01,44.65,44.97,43.64,14194,63280000,0.78,1.78,3.03,1.47
2016-05-03,44.60,46.45,46.55,44.20,22904,104340000,1.80,4.03,5.26,2.37
2016-05-04,46.15,46.51,46.78,46.05,22344,103730000,0.06,0.13,1.57,2.31
2016-05-05,46.20,47.81,47.89,46.13,28955,136790000,1.30,2.80,3.78,2.99
2016-05-06,47.88,46.70,48.98,46.66,50124,240630000,-1.11,-2.32,4.85,5.18
2016-05-09,46.85,46.98,47.69,45.65,38067,178190000,0.28,0.60,4.37,3.94
2016-05-10,47.33,46.00,47.35,45.55,23777,109830000,-0.98,-2.09,3.83,2.46
2016-05-11,46.24,46.82,47.50,46.10,37057,174090000,0.82,1.78,3.04,3.83
2016-05-12,45.31,43.42,45.45,42.18,41310,179640000,-3.40,-7.26,6.98,4.27
2016-05-13,21.28,20.87,22.22,20.51,35088,74610000,-0.44,-2.06,8.02,1.81
2016-05-16,20.36,20.58,20.63,19.80,60876,123360000,-0.29,-1.39,3.98,3.15
2016-05-17,20.58,20.65,21.05,20.40,42784,88920000,0.07,0.34,3.16,2.21
2016-05-18,20.43,19.43,20.44,19.18,49018,96780000,-1.22,-5.91,6.10,2.53
2016-05-19,19.52,19.73,19.88,19.46,31889,62960000,0.30,1.54,2.16,1.65
2016-05-20,19.48,20.48,20.50,19.29,54823,109410000,0.75,3.80,6.13,2.83
2016-05-23,20.50,21.74,22.53,20.50,78938,172050000,1.26,6.15,9.91,4.08
2016-05-24,21.51,22.37,22.49,21.25,77551,169760000,0.63,2.90,5.70,4.01
2016-05-25,22.62,22.25,23.19,22.13,62452,141850000,-0.12,-0.54,4.74,3.23
2016-05-26,22.28,22.37,22.54,21.53,47714,105200000,0.12,0.54,4.54,2.47
2016-05-27,22.37,22.39,23.20,22.20,40000,90970000,0.02,0.09,4.47,2.07
2016-05-30,22.21,22.69,23.12,22.20,42946,98280000,0.30,1.34,4.11,2.22
2016-05-31,22.66,23.46,23.55,22.52,71791,166400000,0.77,3.39,4.54,3.71
2016-06-01,23.35,23.37,23.95,23.26,78028,184740000,-0.09,-0.38,2.94,4.03
2016-06-02,23.37,23.27,23.75,22.65,57348,132760000,-0.10,-0.43,4.71,2.96
2016-06-03,23.28,24.38,24.40,22.86,121402,288750000,1.11,4.77,6.62,6.28
2016-06-06,24.39,23.99,24.57,23.81,77489,187660000,-0.39,-1.60,3.12,4.01
2016-06-07,24.01,23.69,24.12,23.20,62881,148020000,-0.30,-1.25,3.83,3.25
2016-06-08,23.65,23.66,24.06,23.21,53906,127120000,-0.03,-0.13,3.59,2.79
2016-06-13,23.02,21.80,23.10,21.75,63475,142680000,-1.86,-7.86,5.71,3.28
2016-06-14,21.50,22.18,22.30,21.50,31592,69190000,0.38,1.74,3.67,1.63
2016-06-15,21.98,22.40,22.92,21.65,69277,155460000,0.22,0.99,5.73,3.58
2016-06-16,22.40,21.60,22.42,21.50,74720,163000000,-0.80,-3.57,4.11,3.86
2016-06-17,21.52,21.79,22.00,21.16,87433,188370000,0.19,0.88,3.89,4.52
2016-06-20,21.68,21.38,21.68,21.08,48709,103810000,-0.41,-1.88,2.75,2.52
2016-06-21,21.59,22.27,22.63,21.50,127465,281960000,0.89,4.16,5.29,6.59
2016-06-22,22.13,22.25,22.28,21.76,52982,116630000,-0.02,-0.09,2.34,2.74
2016-06-23,22.16,22.37,22.62,22.10,44562,99630000,0.12,0.54,2.34,2.30
2016-06-24,22.36,21.72,22.48,21.12,51068,111710000,-0.65,-2.91,6.08,2.64
2016-06-27,21.59,22.09,22.31,21.42,44135,97270000,0.37,1.70,4.10,2.28
2016-06-28,22.08,23.25,23.28,21.93,91441,208180000,1.16,5.25,6.11,4.73
2016-06-29,23.10,23.22,23.47,22.90,52541,121670000,-0.03,-0.13,2.45,2.72
2016-06-30,23.24,22.89,23.40,22.62,62101,142520000,-0.33,-1.42,3.36,3.21
2016-07-01,22.90,23.90,24.80,22.90,154887,373610000,1.01,4.41,8.30,8.01
2016-07-04,24.00,25.72,25.97,23.80,142154,357370000,1.82,7.62,9.08,7.35
2016-07-05,25.75,25.65,25.85,25.11,91172,231980000,-0.07,-0.27,2.88,4.71
2016-07-06,25.43,26.04,26.25,25.10,90816,232910000,0.39,1.52,4.48,4.69
2016-07-07,25.86,25.81,26.65,25.62,75834,197010000,-0.23,-0.88,3.96,3.92
2016-07-08,25.80,25.45,26.15,25.40,57626,148120000,-0.36,-1.39,2.91,2.98
2016-07-11,25.35,25.09,25.70,24.90,60856,153550000,-0.36,-1.41,3.14,3.15
2016-07-12,25.18,25.78,26.09,25.07,80267,205580000,0.69,2.75,4.07,4.15
2016-07-13,25.88,25.65,26.47,25.52,49271,127280000,-0.13,-0.50,3.69,2.55
2016-07-14,25.52,25.37,25.84,25.00,47221,119230000,-0.28,-1.09,3.27,2.44
2016-07-15,25.42,25.40,25.81,25.18,32462,82630000,0.03,0.12,2.48,1.68
2016-07-18,25.49,26.25,26.90,25.49,122135,321470000,0.85,3.35,5.55,6.31
2016-07-19,26.10,25.88,26.22,25.51,51041,131680000,-0.37,-1.41,2.70,2.64
2016-07-20,25.66,25.84,26.37,25.66,46800,122180000,-0.04,-0.15,2.74,2.42
2016-07-21,25.70,25.80,26.19,25.70,27661,71660000,-0.04,-0.15,1.90,1.43
2016-07-22,25.70,25.58,25.95,25.22,47649,121410000,-0.22,-0.85,2.83,2.46
2016-07-25,25.41,25.37,25.83,25.08,36916,93510000,-0.21,-0.82,2.93,1.91
2016-07-26,25.29,25.57,25.65,25.29,22762,57940000,0.20,0.79,1.42,1.18
2016-07-27,25.57,24.17,25.67,23.55,62808,154220000,-1.40,-5.48,8.29,3.25
2016-07-28,24.08,23.91,24.31,23.56,43347,103400000,-0.26,-1.08,3.10,2.24
2016-07-29,23.92,23.80,24.24,23.70,23085,55290000,-0.11,-0.46,2.26,1.19
2016-08-01,23.78,23.55,23.80,23.00,34659,80930000,-0.25,-1.05,3.36,1.79
2016-08-02,23.50,23.57,23.74,23.43,14792,34880000,0.02,0.08,1.32,0.76
2016-08-03,23.58,23.73,23.84,23.26,22483,53110000,0.16,0.68,2.46,1.16
2016-08-04,23.70,23.83,23.89,23.55,13755,32670000,0.10,0.42,1.43,0.71
2016-08-05,23.88,24.21,24.46,23.83,29540,71660000,0.38,1.59,2.64,1.53
2016-08-08,24.37,24.59,24.68,23.92,22503,54920000,0.38,1.57,3.14,1.16
2016-08-09,24.43,24.58,24.66,24.27,20099,49130000,-0.01,-0.04,1.59,1.04
2016-08-10,24.70,24.18,24.70,24.15,17647,42980000,-0.40,-1.63,2.24,0.91
2016-08-11,24.18,23.50,24.33,23.38,34219,81310000,-0.68,-2.81,3.93,1.77
2016-08-12,23.50,23.64,23.73,23.36,17516,41160000,0.14,0.60,1.57,0.91
2016-08-15,23.68,24.19,24.44,23.51,25496,61320000,0.55,2.33,3.93,1.32
2016-08-16,24.20,24.37,24.57,24.19,25314,61790000,0.18,0.74,1.57,1.31
2016-08-17,24.40,24.58,24.84,24.21,28584,70460000,0.21,0.86,2.59,1.48
2016-08-18,24.58,24.37,24.58,24.31,17948,43860000,-0.21,-0.85,1.10,0.93
2016-08-19,24.48,24.37,24.81,24.17,26083,63760000,0.00,0.00,2.63,1.35
2016-08-22,24.40,23.89,24.47,23.84,25634,61790000,-0.48,-1.97,2.59,1.33
2016-08-23,23.98,24.03,24.30,23.81,14475,34790000,0.14,0.59,2.05,0.75
2016-08-24,24.22,24.49,24.80,24.05,35082,86080000,0.46,1.91,3.12,1.81
2016-08-25,24.29,25.44,25.53,24.15,78287,195370000,0.95,3.88,5.64,4.05
2016-08-26,25.36,25.47,25.77,25.10,48187,122480000,0.03,0.12,2.63,2.49
2016-08-29,25.10,23.96,25.16,23.70,88938,215770000,-1.51,-5.93,5.73,4.60
2016-08-30,23.81,23.83,24.08,23.60,34838,82810000,-0.13,-0.54,2.00,1.80
2016-08-31,23.88,23.92,24.03,23.67,19503,46530000,0.09,0.38,1.51,1.01
2016-09-01,23.99,23.16,23.99,23.09,62579,146420000,-0.76,-3.18,3.76,3.23
2016-09-02,23.13,22.86,23.33,22.68,30685,70480000,-0.30,-1.30,2.81,1.59
2016-09-05,22.93,22.73,23.14,22.60,28741,65670000,-0.13,-0.57,2.36,1.49
2016-09-06,22.73,23.10,23.17,22.70,26135,60100000,0.37,1.63,2.07,1.35
2016-09-07,23.19,23.13,23.37,22.97,29961,69280000,0.03,0.13,1.73,1.55
2016-09-08,23.01,22.87,23.11,22.71,30102,68970000,-0.26,-1.12,1.73,1.56
2016-09-09,22.90,22.87,23.02,22.80,18219,41720000,0.00,0.00,0.96,0.94
2016-09-12,22.50,22.12,22.55,22.09,25000,55780000,-0.75,-3.28,2.01,1.29
2016-09-13,22.20,22.17,22.43,22.00,16989,37590000,0.05,0.23,1.94,0.88
2016-09-14,22.16,21.76,22.16,21.73,25237,55220000,-0.41,-1.85,1.94,1.30
2016-09-19,21.75,22.00,22.04,21.75,12803,28100000,0.24,1.10,1.33,0.66
2016-09-20,22.00,22.05,22.18,21.98,11079,24470000,0.05,0.23,0.91,0.57
2016-09-21,22.00,22.03,22.11,21.82,12940,28450000,-0.02,-0.09,1.32,0.67
2016-09-22,22.06,22.30,22.44,22.00,22858,50770000,0.27,1.23,2.00,1.18
2016-09-23,22.30,22.36,22.76,22.30,29262,65910000,0.06,0.27,2.06,1.51
2016-09-26,22.33,21.69,22.38,21.66,21031,46240000,-0.67,-3.00,3.22,1.09
2016-09-27,21.70,21.72,21.90,21.23,24813,53410000,0.03,0.14,3.09,1.28
2016-09-28,21.68,21.71,21.75,21.46,10592,22920000,-0.01,-0.05,1.34,0.55
2016-09-29,21.71,21.79,21.88,21.66,15363,33420000,0.08,0.37,1.01,0.79
2016-09-30,21.79,21.92,21.96,21.72,12963,28320000,0.13,0.60,1.10,0.67
2016-10-10,22.20,22.25,22.36,21.91,27126,60060000,0.33,1.51,2.05,1.40
2016-10-11,22.28,22.25,22.28,22.10,37815,83970000,0.00,0.00,0.81,1.95
2016-10-12,22.25,22.03,22.25,21.94,30148,66390000,-0.22,-0.99,1.39,1.56
2016-10-13,22.04,22.00,22.14,21.90,24217,53250000,-0.03,-0.14,1.09,1.25
2016-10-14,22.02,21.98,22.05,21.86,19503,42800000,-0.02,-0.09,0.86,1.01
2016-10-17,21.98,21.83,22.17,21.81,20055,44150000,-0.15,-0.68,1.64,1.04
2016-10-18,21.83,22.23,22.26,21.80,28971,63950000,0.40,1.83,2.11,1.50
2016-10-19,22.23,22.14,22.29,22.06,17908,39680000,-0.09,-0.40,1.03,0.93
2016-10-20,22.16,22.16,22.24,22.11,17647,39120000,0.02,0.09,0.59,0.91
2016-10-21,22.15,21.99,22.39,21.85,22091,48840000,-0.17,-0.77,2.44,1.14
2016-10-24,22.09,22.26,22.27,21.90,30258,67070000,0.27,1.23,1.68,1.56
2016-10-25,22.32,22.21,22.36,22.15,17997,40040000,-0.05,-0.22,0.94,0.93
2016-10-26,22.21,22.24,22.30,22.15,34291,76260000,0.03,0.14,0.68,1.77
2016-10-27,22.29,21.99,22.33,21.86,26246,57900000,-0.25,-1.12,2.11,1.36
2016-10-28,21.90,21.81,22.05,21.79,23955,52520000,-0.18,-0.82,1.18,1.24
2016-10-31,21.78,22.11,22.13,21.59,24098,52740000,0.30,1.38,2.48,1.25
2016-11-01,22.10,22.46,22.59,21.98,41557,92950000,0.35,1.58,2.76,2.15
2016-11-02,22.31,22.25,22.67,22.24,33919,76230000,-0.21,-0.94,1.91,1.75
2016-11-03,22.21,22.48,22.57,22.19,31697,71090000,0.23,1.03,1.71,1.64
2016-11-04,22.40,22.55,22.64,22.40,30967,69760000,0.07,0.31,1.07,1.60
2016-11-07,22.49,22.87,22.89,22.46,40647,92210000,0.32,1.42,1.91,2.10
2016-11-08,23.01,22.74,23.12,22.66,37915,86560000,-0.13,-0.57,2.01,1.96
2016-11-09,22.75,22.55,22.94,22.24,49900,112670000,-0.19,-0.84,3.08,2.58
2016-11-10,22.73,22.86,22.94,22.55,36739,83760000,0.31,1.37,1.73,1.90
2016-11-11,22.84,22.88,23.20,22.77,38557,88550000,0.02,0.09,1.88,1.99
2016-11-14,22.60,22.73,22.90,22.53,42412,96180000,-0.15,-0.66,1.62,2.19
2016-11-15,22.73,22.77,22.78,22.48,35272,79720000,0.04,0.18,1.32,1.82
2016-11-16,22.76,23.12,23.26,22.70,58700,134920000,0.35,1.54,2.46,3.03
2016-11-17,23.03,22.80,23.07,22.68,36648,83620000,-0.32,-1.38,1.69,1.89
2016-11-18,22.73,22.79,22.86,22.71,20843,47460000,-0.01,-0.04,0.66,1.08
2016-11-21,22.70,22.79,22.85,22.66,20834,47440000,0.00,0.00,0.83,1.08
2016-11-22,22.82,23.55,23.60,22.71,81438,189050000,0.76,3.33,3.91,4.21
2016-11-23,23.60,23.14,23.60,23.02,59793,139050000,-0.41,-1.74,2.46,3.09
2016-11-24,23.11,22.94,23.25,22.84,33008,76080000,-0.20,-0.86,1.77,1.71
2016-11-25,22.90,22.80,22.90,22.27,31063,70290000,-0.14,-0.61,2.75,1.61
2016-11-28,22.80,22.51,22.88,22.49,30879,69880000,-0.29,-1.27,1.71,1.60
2016-11-29,22.42,22.28,22.60,22.23,31363,70310000,-0.23,-1.02,1.64,1.62
2016-11-30,22.28,22.09,22.34,22.00,30330,67060000,-0.19,-0.85,1.53,1.57
2016-12-01,22.09,22.17,22.24,22.08,20083,44500000,0.08,0.36,0.72,1.04
2016-12-02,22.14,21.60,22.15,21.60,39684,86580000,-0.57,-2.57,2.48,2.05
2016-12-05,21.41,21.48,21.73,21.39,19839,42700000,-0.12,-0.56,1.57,1.03
2016-12-06,21.50,21.67,21.77,21.50,13691,29660000,0.19,0.88,1.26,0.71
2016-12-07,21.65,21.70,21.72,21.52,19791,42770000,0.03,0.14,0.92,1.02
2016-12-08,21.76,21.49,21.80,21.44,19051,41150000,-0.21,-0.97,1.66,0.98
2016-12-09,21.51,21.24,21.53,21.15,38156,81390000,-0.25,-1.16,1.77,1.97
2016-12-12,21.25,20.16,21.30,20.09,43514,89520000,-1.08,-5.08,5.70,2.25
2016-12-13,20.18,20.28,20.44,20.09,17880,36220000,0.12,0.60,1.74,0.92
2016-12-14,20.34,20.09,20.35,20.07,14011,28250000,-0.19,-0.94,1.38,0.72
2016-12-15,20.05,20.21,20.34,20.04,15554,31400000,0.12,0.60,1.49,0.80
2016-12-16,20.20,20.36,20.39,20.12,13114,26640000,0.15,0.74,1.34,0.68
2016-12-19,20.36,20.27,20.37,20.13,11177,22640000,-0.09,-0.44,1.18,0.58
2016-12-20,20.27,20.35,20.45,20.23,11202,22800000,0.08,0.39,1.09,0.58
2016-12-21,20.36,20.71,20.84,20.36,22673,46730000,0.36,1.77,2.36,1.17
2016-12-22,20.66,20.50,20.70,20.42,12350,25330000,-0.21,-1.01,1.35,0.64
2016-12-23,20.57,20.21,20.58,20.18,13883,28220000,-0.29,-1.41,1.95,0.72
2016-12-26,20.15,20.31,20.37,19.85,13595,27310000,0.10,0.49,2.57,0.70
2016-12-27,20.31,20.32,20.44,20.22,10096,20530000,0.01,0.05,1.08,0.52
2016-12-28,20.22,20.26,20.38,20.19,8753,17740000,-0.06,-0.30,0.94,0.45
2016-12-29,20.22,20.22,20.38,20.20,10263,20810000,-0.04,-0.20,0.89,0.53
2016-12-30,20.30,20.34,20.45,20.20,12460,25290000,0.12,0.59,1.24,0.64
2017-01-03,20.38,20.52,20.58,20.30,14089,28870000,0.18,0.89,1.38,0.73
2017-01-04,20.52,20.61,20.70,20.43,12958,26690000,0.09,0.44,1.32,0.67
2017-01-05,20.60,20.52,20.68,20.48,12774,26280000,-0.09,-0.44,0.97,0.66
2017-01-06,20.53,20.23,20.57,20.20,14635,29730000,-0.29,-1.41,1.80,0.76
2017-01-09,20.18,20.41,20.43,20.12,9469,19220000,0.18,0.89,1.53,0.49
2017-01-10,20.41,20.49,20.60,20.32,10650,21840000,0.08,0.39,1.37,0.55
2017-01-11,20.49,20.34,20.55,20.29,7132,14560000,-0.15,-0.73,1.27,0.37
2017-01-12,20.40,20.01,20.46,19.98,12789,25760000,-0.33,-1.62,2.36,0.66
2017-01-13,21.02,20.47,21.23,20.36,105656,220330000,0.46,2.30,4.35,5.46
2017-01-16,20.10,19.02,20.16,18.56,67026,130340000,-1.45,-7.08,7.82,3.46
2017-01-17,18.90,19.16,19.24,18.62,26374,50020000,0.14,0.74,3.26,1.36
2017-01-18,19.10,18.79,19.10,18.73,25768,48560000,-0.37,-1.93,1.93,1.33
2017-01-19,18.80,18.61,18.81,18.58,18443,34430000,-0.18,-0.96,1.22,0.95
2017-01-20,18.59,18.78,18.84,18.45,22425,41970000,0.17,0.91,2.10,1.16
2017-01-23,18.81,18.88,18.98,18.76,20383,38460000,0.10,0.53,1.17,1.05
2017-01-24,18.82,18.65,18.90,18.65,17872,33450000,-0.23,-1.22,1.32,0.92
2017-01-25,18.65,18.73,18.77,18.50,13425,25070000,0.08,0.43,1.45,0.69
2017-01-26,18.74,18.90,18.90,18.73,13869,26140000,0.17,0.91,0.91,0.72
2017-02-03,18.90,18.84,18.98,18.80,8166,15390000,-0.06,-0.32,0.95,0.42
2017-02-06,18.88,19.13,19.14,18.83,17743,33620000,0.29,1.54,1.65,0.92
2017-02-07,19.11,19.00,19.11,18.91,13506,25652100,-0.13,-0.68,1.045,0.70
2017-02-08,19.00,19.10,19.11,18.84,15076,28620700,0.10,0.53,1.421,0.78
2017-02-09,19.09,19.22,19.27,19.02,21189,40647900,0.12,0.63,1.309,1.10
2017-02-10,19.22,19.27,19.35,19.15,18878,36315600,0.05,0.26,1.041,0.98
2017-02-13,19.30,19.90,20.00,19.17,39004,76042600,0.63,3.27,4.307,2.02
2017-02-14,19.72,19.70,19.84,19.60,17872,35192900,-0.20,-1.01,1.206,0.92
2017-02-15,19.70,19.60,19.77,19.35,20528,40130000,-0.10,-0.51,2.132,1.06
2017-02-16,19.59,19.59,19.62,19.41,11365,22183300,-0.01,-0.05,1.071,0.59
2017-02-17,19.64,19.32,19.65,19.23,14072,27334000,-0.27,-1.38,2.144,0.73
2017-02-20,19.30,19.43,19.50,19.25,17072,33059500,0.11,0.57,1.294,0.88
2017-02-21,19.45,19.89,19.97,19.40,33260,65566200,0.46,2.37,2.93,1.72
2017-02-22,19.80,19.81,19.92,19.65,18460,36446500,-0.08,-0.40,1.36,0.95
2017-02-23,19.81,19.73,19.83,19.65,14734,29029300,-0.08,-0.40,0.91,0.76
2017-02-24,19.74,19.80,19.84,19.69,13482,26626100,0.07,0.35,0.76,0.70
2017-02-27,19.80,19.70,19.91,19.68,19092,37777800,-0.10,-0.51,1.16,0.99
2017-02-28,19.72,19.69,19.78,19.54,16388,32155000,-0.01,-0.05,1.22,0.85
2017-03-01,19.69,19.64,19.75,19.56,15950,31322200,-0.05,-0.25,0.96,0.82
2017-03-02,19.59,19.48,19.68,19.48,16532,32315300,-0.16,-0.81,1.02,0.85
2017-03-03,19.45,19.50,19.55,19.31,13029,25340500,0.02,0.10,1.23,0.67
2017-03-06,19.50,19.73,19.74,19.44,15670,30765900,0.23,1.18,1.54,0.81
2017-03-07,19.73,19.85,19.87,19.64,23271,45949000,0.12,0.61,1.17,1.20
2017-03-08,19.86,19.80,19.88,19.71,11922,23585000,-0.05,-0.25,0.86,0.62
2017-03-09,19.82,19.68,19.82,19.58,13903,27334000,-0.12,-0.61,1.21,0.72
2017-03-10,19.70,19.68,19.71,19.55,10573,20748200,0.00,0.00,0.81,0.55
2017-03-13,19.62,19.73,19.74,19.44,21724,42666200,0.05,0.25,1.52,1.12
2017-03-14,19.80,19.58,19.83,19.41,22855,44793800,-0.15,-0.76,2.13,1.18
2017-03-15,19.58,19.36,19.60,19.32,19342,37568700,-0.22,-1.12,1.43,1.00
2017-03-16,19.39,19.65,19.73,19.39,26802,52501923,0.29,1.50,1.76,1.39
2017-03-17,19.65,19.66,19.78,19.53,24781,48693985,0.01,0.05,1.27,1.28
2017-03-20,19.67,19.91,19.93,19.60,39775,78763669,0.25,1.27,1.68,2.06
2017-03-21,19.92,19.98,20.09,19.70,33160,65845075,0.07,0.35,1.96,1.71
2017-03-22,19.90,19.92,20.37,19.85,53328,107258291,-0.06,-0.30,2.60,2.76
2017-03-23,19.98,19.56,20.03,19.39,46608,91788035,-0.36,-1.81,3.21,2.41
2017-03-24,19.50,19.58,19.67,19.37,31276,60995132,0.02,0.10,1.53,1.62
2017-03-27,19.50,19.22,19.58,19.17,33684,65025885,-0.36,-1.84,2.09,1.74
2017-03-28,19.21,19.25,19.30,19.13,17017,32689999,0.03,0.16,0.88,0.88
2017-03-29,19.26,18.91,19.26,18.88,28218,53659963,-0.34,-1.77,1.97,1.46
2017-03-30,18.97,18.57,19.02,18.50,25431,47538436,-0.34,-1.80,2.75,1.31
2017-03-31,18.53,18.60,18.72,18.46,19829,36821725,0.03,0.16,1.40,1.02
2017-04-05,18.61,18.87,18.89,18.59,20241,37976928,0.27,1.45,1.61,1.05
2017-04-06,18.70,18.90,18.96,18.70,15984,30178855,0.03,0.16,1.38,0.83
2017-04-07,18.88,18.85,18.95,18.76,17149,32317309,-0.05,-0.26,1.01,0.89
2017-04-10,18.82,18.61,18.82,18.57,20284,37876595,-0.24,-1.27,1.33,1.05
2017-04-11,18.62,18.81,18.83,18.57,13563,25324599,0.20,1.07,1.40,0.70
2017-04-12,18.77,18.58,18.78,18.56,15558,28984558,-0.23,-1.22,1.17,0.80
2017-04-13,18.64,18.59,18.73,18.53,13512,25174317,0.01,0.05,1.08,0.70
2017-04-14,18.62,18.17,18.66,18.11,25467,46503425,-0.42,-2.26,2.96,1.32
2017-04-17,18.07,17.97,18.19,17.80,19326,34698313,-0.20,-1.10,2.15,1.00
2017-04-18,17.97,17.69,18.08,17.68,13697,24524368,-0.28,-1.56,2.23,0.71
2017-04-19,17.70,17.45,17.80,17.30,22296,38906178,-0.24,-1.36,2.83,1.15
2017-04-20,17.47,17.20,17.50,17.10,23898,41299956,-0.25,-1.43,2.29,1.24
2017-04-21,17.19,17.18,17.32,17.09,19043,32737932,-0.02,-0.12,1.34,0.98
2017-04-24,17.22,16.77,17.24,16.69,16376,27756558,-0.41,-2.39,3.20,0.85
2017-04-25,16.91,16.80,16.93,16.76,14671,24716224,0.03,0.18,1.01,0.76
2017-04-26,16.80,16.89,16.92,16.79,13607,22941852,0.09,0.54,0.77,0.70
2017-04-27,16.87,17.03,17.08,16.41,21988,36823695,0.14,0.83,3.97,1.14
2017-04-28,16.98,17.04,17.14,16.93,17153,29211175,0.01,0.06,1.23,0.89
2017-05-02,16.50,16.59,16.72,16.35,21447,35474488,-0.45,-2.64,2.17,1.11
2017-05-03,16.55,16.45,16.66,16.43,11965,19766173,-0.14,-0.84,1.39,0.62
2017-05-04,16.50,16.47,16.63,16.36,12119,20016474,0.02,0.12,1.64,0.63
2017-05-05,16.47,16.28,16.49,16.26,11212,18328799,-0.19,-1.15,1.40,0.58
2017-05-08,16.28,15.93,16.28,15.92,18017,28881333,-0.35,-2.15,2.21,0.93
2017-05-09,15.81,15.95,15.96,15.43,29922,46975787,0.02,0.13,3.33,1.55
2017-05-10,15.85,15.30,15.95,15.30,18418,28847182,-0.65,-4.08,4.08,0.95
2017-05-11,15.30,15.09,15.30,14.66,28104,42003598,-0.21,-1.37,4.18,1.45
2017-05-12,15.06,14.96,15.06,14.84,12395,18522594,-0.13,-0.86,1.46,0.64
2017-05-15,15.00,15.14,15.37,14.92,16807,25454711,0.18,1.20,3.01,0.87
2017-05-16,15.07,15.34,15.35,14.90,14520,21939808,0.20,1.32,2.97,0.75
2017-05-17,15.31,15.33,15.44,15.30,15028,23098916,-0.01,-0.07,0.91,0.78
2017-05-18,15.18,15.34,15.36,15.07,16422,24967036,0.01,0.07,1.89,0.85
2017-05-19,16.00,16.63,16.87,15.70,121594,196991561,1.29,8.41,7.63,6.29
2017-05-22,16.30,15.61,16.30,15.53,65324,103701168,-1.02,-6.13,4.63,3.38
2017-05-23,15.69,14.70,15.70,14.50,43999,66523406,-0.91,-5.83,7.69,2.27
2017-05-24,14.64,14.56,14.64,14.14,30579,44021453,-0.14,-0.95,3.40,1.58
2017-05-25,14.40,14.62,14.64,14.16,35241,50813804,0.06,0.41,3.30,1.82
2017-05-26,14.56,14.49,14.70,14.37,29196,42400397,-0.13,-0.89,2.26,1.51
2017-05-31,14.69,14.53,14.80,14.48,23689,34796623,0.04,0.28,2.21,1.23
2017-06-01,14.35,14.36,14.62,14.34,16676,24139837,-0.17,-1.17,1.93,0.86
2017-06-02,14.44,14.46,14.50,14.01,22017,31397774,0.10,0.70,3.41,1.14
2017-06-05,14.47,14.64,14.65,14.46,16674,24289540,0.18,1.24,1.31,0.86
2017-06-06,14.67,14.83,14.84,14.52,17710,26011331,0.19,1.30,2.19,0.92
2017-06-07,14.78,15.09,15.23,14.74,25747,38695149,0.26,1.75,3.30,1.33
2017-06-08,15.10,15.02,15.15,14.94,17510,26304169,-0.07,-0.46,1.39,0.91
2017-06-09,14.88,14.85,14.89,14.69,13917,20606304,0.03,0.20,1.35,0.72
2017-06-12,14.80,14.36,14.80,14.34,13967,20361390,-0.49,-3.30,3.10,0.72
2017-06-13,14.36,15.07,15.30,14.36,37885,56300632,0.71,4.94,6.55,1.96
