日期,开盘,收盘,最高,最低,交易量(手),交易金额(元),涨跌额,涨跌幅(%),振幅(%),换手率(%)
2015-02-17,10.60,10.60,10.60,10.60,468,500000,3.24,44.02,0.00,0.12
2015-02-25,11.66,11.66,11.66,11.66,156,180000,1.06,10.00,0.00,0.04
2015-02-26,12.83,12.83,12.83,12.83,118,150000,1.17,10.03,0.00,0.03
2015-02-27,14.11,14.11,14.11,14.11,251,350000,1.28,9.98,0.00,0.06
2015-03-02,15.52,15.52,15.52,15.52,671,1040000,1.41,9.99,0.00,0.17
2015-03-03,17.07,17.07,17.07,17.07,2147,3660000,1.55,9.99,0.00,0.54
2015-03-04,18.78,18.78,18.78,18.78,3999,7510000,1.71,10.02,0.00,1.00
2015-03-05,20.66,20.66,20.66,20.66,5674,11720000,1.88,10.01,0.00,1.42
2015-03-06,22.73,22.73,22.73,22.73,14308,32520000,2.07,10.02,0.00,3.58
2015-03-09,23.90,21.35,23.90,21.00,253044,562990000,-1.38,-6.07,12.76,63.26
2015-03-10,20.30,21.26,21.35,19.85,152376,310610000,-0.09,-0.42,7.03,38.09
2015-03-11,20.80,20.81,21.09,20.52,98822,205580000,-0.45,-2.12,2.68,24.71
2015-03-12,20.92,20.30,21.60,20.18,72986,151810000,-0.51,-2.45,6.82,18.25
2015-03-13,20.15,20.49,20.60,20.01,47152,96430000,0.19,0.94,2.91,11.79
2015-03-16,20.60,21.09,21.24,20.55,90730,189080000,0.60,2.93,3.37,22.68
2015-03-17,21.12,22.17,22.20,20.85,127091,272600000,1.08,5.12,6.40,31.77
2015-03-18,22.00,22.20,22.40,21.71,83735,184550000,0.03,0.14,3.11,20.93
2015-03-19,22.02,22.76,22.80,22.01,90224,201690000,0.56,2.52,3.56,22.56
2015-03-20,22.75,22.76,22.81,22.21,78110,175620000,0.00,0.00,2.64,19.53
2015-03-23,22.60,22.83,22.94,22.60,54494,124000000,0.07,0.31,1.49,13.62
2015-03-24,22.75,22.21,22.80,21.70,71140,158350000,-0.62,-2.72,4.82,17.79
2015-03-25,22.22,22.41,22.63,21.86,61995,138030000,0.20,0.90,3.47,15.50
2015-03-26,22.00,22.06,22.50,21.87,43122,95560000,-0.35,-1.56,2.81,10.78
2015-03-27,22.12,22.22,22.40,21.90,39398,87540000,0.16,0.73,2.27,9.85
2015-03-30,22.29,22.27,22.48,22.08,36118,80380000,0.05,0.23,1.80,9.03
2015-03-31,22.27,22.36,22.48,22.15,44255,98810000,0.09,0.40,1.48,11.06
2015-04-01,22.38,24.22,24.60,22.31,145292,342830000,1.86,8.32,10.24,36.32
2015-04-02,24.00,23.80,24.00,23.50,87541,207900000,-0.42,-1.73,2.06,21.89
2015-04-03,23.52,23.82,23.98,23.42,63405,150240000,0.02,0.08,2.35,15.85
2015-04-07,23.86,24.52,24.86,23.78,79108,192280000,0.70,2.94,4.53,19.78
2015-04-08,24.56,23.98,24.69,23.21,64694,155240000,-0.54,-2.20,6.04,16.17
2015-04-09,24.00,23.50,24.00,22.80,50308,117500000,-0.48,-2.00,5.00,12.58
2015-04-10,23.50,24.58,25.30,23.29,77583,190160000,1.08,4.60,8.55,19.40
2015-04-13,24.80,27.04,27.04,24.39,80501,211290000,2.46,10.01,10.78,20.13
2015-04-14,28.62,28.86,29.40,27.50,118947,340310000,1.82,6.73,7.03,29.74
2015-04-15,28.18,26.29,28.33,26.00,69355,189090000,-2.57,-8.91,8.07,17.34
2015-04-16,25.98,27.58,27.74,24.48,54470,144950000,1.29,4.91,12.40,13.62
2015-04-17,27.59,26.82,28.10,26.61,49086,133230000,-0.76,-2.76,5.40,12.27
2015-04-20,26.83,24.86,26.83,24.78,56285,143830000,-1.96,-7.31,7.64,14.07
2015-04-21,24.89,26.00,26.10,24.88,34799,89170000,1.14,4.59,4.91,8.70
2015-04-22,26.02,26.37,26.60,25.90,39134,103130000,0.37,1.42,2.69,9.78
2015-04-23,26.38,26.88,27.18,26.00,50083,133000000,0.51,1.93,4.47,12.52
2015-04-24,25.90,26.16,26.35,25.52,47404,123310000,-0.72,-2.68,3.09,11.85
2015-04-27,26.20,26.55,27.18,26.20,56830,151830000,0.39,1.49,3.75,14.21
2015-04-28,26.55,26.11,26.90,25.90,43564,114030000,-0.44,-1.66,3.77,10.89
2015-04-29,25.80,26.83,26.89,25.70,41346,109340000,0.72,2.76,4.56,10.34
2015-04-30,26.89,26.87,27.66,26.58,58592,159160000,0.04,0.15,4.03,14.65
2015-05-04,26.53,26.82,26.94,25.86,30432,80330000,-0.05,-0.19,4.02,7.61
2015-05-05,26.72,27.40,27.98,26.50,69848,190540000,0.58,2.16,5.52,17.46
2015-05-06,27.38,28.30,29.28,27.10,95064,266680000,0.90,3.28,7.96,23.77
2015-05-07,28.30,25.47,28.30,25.47,63756,168650000,-2.83,-10.00,10.00,15.94
2015-05-08,25.80,26.31,26.50,25.51,46081,119610000,0.84,3.30,3.89,11.52
2015-05-11,26.48,28.15,28.40,25.99,70409,192540000,1.84,6.99,9.16,17.60
2015-05-12,28.02,29.94,30.29,27.95,106116,309600000,1.79,6.36,8.31,26.53
2015-05-13,29.51,31.97,32.87,28.77,99094,303540000,2.03,6.78,13.69,24.77
2015-05-14,31.67,35.17,35.17,31.30,91218,313310000,3.20,10.01,12.11,22.80
2015-05-15,35.15,34.67,37.00,33.01,99566,351490000,-0.50,-1.42,11.34,24.89
2015-05-18,34.00,38.14,38.14,34.00,86321,313020000,3.47,10.01,11.94,21.58
2015-05-19,39.40,38.62,41.14,36.68,91216,351950000,0.48,1.26,11.69,22.80
2015-05-20,39.00,38.44,41.10,37.70,70943,277830000,-0.18,-0.47,8.80,17.74
2015-05-21,37.90,39.15,40.11,37.51,73584,285780000,0.71,1.85,6.76,18.40
2015-05-22,39.45,39.85,41.99,38.76,97703,392760000,0.70,1.79,8.25,24.43
2015-05-25,39.85,43.84,43.84,38.50,92649,385320000,3.99,10.01,13.40,23.16
2015-05-26,43.86,48.22,48.22,43.85,83134,388870000,4.38,9.99,9.97,20.78
2015-05-27,50.00,53.04,53.04,48.01,76567,390430000,4.82,10.00,10.43,19.14
2015-05-28,56.55,50.07,58.34,47.90,125268,713380000,-2.97,-5.60,19.68,31.32
2015-05-29,47.00,48.67,52.21,45.10,104918,510500000,-1.40,-2.80,14.20,26.23
2015-06-01,49.00,48.24,50.68,45.30,80873,388850000,-0.43,-0.88,11.05,20.22
2015-06-02,48.25,49.93,51.80,48.15,66519,330840000,1.69,3.50,7.57,16.63
2015-06-03,49.50,50.82,51.30,48.40,51442,258110000,0.89,1.78,5.81,12.86
2015-06-04,50.20,46.66,50.21,45.74,57381,270300000,-4.16,-8.19,8.80,14.35
2015-06-05,47.20,45.15,48.00,44.32,53048,243090000,-1.51,-3.24,7.89,13.26
2015-06-08,45.00,41.82,45.00,41.70,52146,222390000,-3.33,-7.38,7.31,13.04
2015-06-09,42.00,44.58,44.90,42.00,52032,227920000,2.76,6.60,6.93,13.01
2015-06-10,44.30,47.14,48.50,43.20,48806,225850000,2.56,5.74,11.89,12.20
2015-06-11,47.44,47.89,48.50,45.94,47078,222350000,0.75,1.59,5.43,11.77
2015-06-12,47.91,48.52,49.50,47.80,57867,281780000,0.78,1.63,3.56,14.47
2015-06-15,48.98,45.90,49.65,45.50,45558,217100000,-2.62,-5.40,8.55,11.39
2015-06-16,44.54,42.26,44.55,42.23,31169,134730000,-3.64,-7.93,5.05,7.79
2015-06-17,42.00,43.28,43.49,39.45,30746,128010000,1.02,2.41,9.56,7.69
2015-06-18,42.80,40.01,43.40,40.00,26750,111500000,-3.27,-7.56,7.86,6.69
2015-06-19,39.00,36.24,39.49,36.01,28620,106320000,-3.77,-9.42,8.70,7.16
2015-06-23,36.09,39.45,39.69,33.89,33223,121930000,3.21,8.86,16.00,8.31
2015-06-24,40.45,41.70,42.00,39.70,37346,153010000,2.25,5.70,5.83,9.34
2015-06-25,41.97,38.24,42.29,37.80,30166,121070000,-3.46,-8.30,10.77,7.54
2015-06-26,36.50,34.42,37.34,34.42,22955,80760000,-3.82,-9.99,7.64,5.74
2015-06-29,35.20,30.98,35.88,30.98,32721,105170000,-3.44,-9.99,14.24,8.18
2015-06-30,30.64,32.89,33.44,27.88,40170,122110000,1.91,6.17,17.95,10.04
2015-07-01,31.83,29.61,33.63,29.60,39049,126740000,-3.28,-9.97,12.25,9.76
2015-07-02,30.08,26.65,30.14,26.65,41856,115290000,-2.96,-10.00,11.79,10.46
2015-07-03,25.50,23.99,27.00,23.99,43529,107050000,-2.66,-9.98,11.29,10.88
2015-07-06,26.39,22.09,26.39,21.59,50620,119960000,-1.90,-7.92,20.01,12.66
2015-07-07,20.10,19.88,21.02,19.88,21193,42870000,-2.21,-10.00,5.16,5.30
2015-07-08,17.89,17.89,17.89,17.89,7060,12630000,-1.99,-10.01,0.00,1.77
2015-07-09,16.10,19.68,19.68,16.10,84970,154290000,1.79,10.01,20.01,21.24
2015-07-10,21.50,21.65,21.65,20.60,29250,62710000,1.97,10.01,5.34,7.31
2015-07-13,23.82,23.82,23.82,23.00,33302,79300000,2.17,10.02,3.79,8.33
2015-07-14,26.19,26.20,26.20,24.84,116004,301740000,2.38,9.99,5.71,29.00
2015-07-15,25.10,23.58,25.90,23.58,60398,146950000,-2.62,-10.00,8.86,15.10
2015-07-16,21.88,24.27,25.00,21.22,55493,131030000,0.69,2.93,16.03,13.87
2015-07-17,24.45,26.30,26.60,24.28,48398,123770000,2.03,8.36,9.56,12.10
2015-07-20,26.00,26.12,27.28,25.45,62120,163500000,-0.18,-0.68,6.96,15.53
2015-07-21,25.84,26.87,27.15,25.30,48148,127120000,0.75,2.87,7.08,12.04
2015-07-22,26.54,27.82,28.08,26.51,62693,171890000,0.95,3.54,5.84,15.67
2015-07-23,27.94,30.14,30.56,27.42,71379,207550000,2.32,8.34,11.29,17.84
2015-07-24,30.16,29.58,32.98,28.68,83334,255670000,-0.56,-1.86,14.27,20.83
2015-07-27,28.74,26.62,30.60,26.62,68177,196560000,-2.96,-10.01,13.46,17.04
2015-07-28,24.51,25.74,27.49,24.10,48945,124450000,-0.88,-3.31,12.73,12.24
2015-07-29,26.50,28.31,28.31,25.08,49166,130800000,2.57,9.98,12.55,12.29
2015-07-30,28.35,28.03,30.10,27.27,58988,170640000,-0.28,-0.99,10.00,14.75
2015-07-31,27.08,28.54,29.52,27.04,58287,165830000,0.51,1.82,8.85,14.57
2015-08-03,28.11,29.86,30.18,27.48,69162,200330000,1.32,4.63,9.46,17.29
2015-08-04,30.40,32.85,32.85,29.50,98368,304270000,2.99,10.01,11.22,24.59
2015-08-05,32.00,34.00,36.10,31.60,107050,357520000,1.15,3.50,13.70,26.76
2015-08-06,33.00,31.87,33.73,30.98,69704,226830000,-2.13,-6.26,8.09,17.43
2015-08-07,32.01,32.87,33.15,31.52,62116,201940000,1.00,3.14,5.11,15.53
2015-08-10,32.65,35.09,35.88,32.51,70695,240120000,2.22,6.75,10.25,17.67
2015-08-11,35.00,37.36,38.60,34.11,106658,395260000,2.27,6.47,12.80,26.66
2015-08-12,36.89,35.68,37.09,35.28,51826,187580000,-1.68,-4.50,4.84,12.96
2015-08-13,34.16,36.12,36.30,34.00,48660,170650000,0.44,1.23,6.45,12.17
2015-08-14,36.85,39.11,39.50,35.74,83942,313810000,2.99,8.28,10.41,20.99
2015-08-17,38.57,38.59,39.00,37.20,46993,178890000,-0.52,-1.33,4.60,11.75
2015-08-18,38.46,34.73,39.00,34.73,48978,182200000,-3.86,-10.00,11.07,12.24
2015-08-19,33.00,35.48,36.70,31.26,78686,257550000,0.75,2.16,15.66,19.67
2015-08-20,35.97,31.93,35.97,31.93,38430,129550000,-3.55,-10.01,11.39,9.61
2015-08-21,31.50,28.80,32.47,28.74,53855,165630000,-3.13,-9.80,11.68,13.46
2015-08-24,25.92,25.92,27.85,25.92,36090,94190000,-2.88,-10.00,6.70,9.02
2015-08-25,23.33,23.33,25.08,23.33,38400,90220000,-2.59,-9.99,6.75,9.60
2015-08-26,22.80,21.69,24.87,21.00,73774,168280000,-1.64,-7.03,16.59,18.44
2015-08-27,22.50,22.49,22.80,20.08,48909,107270000,0.80,3.69,12.54,12.23
2015-08-28,22.90,24.48,24.50,22.50,61914,144270000,1.99,8.85,8.89,15.48
2015-08-31,24.00,22.35,24.61,22.30,41025,96930000,-2.13,-8.70,9.44,10.26
2015-09-01,21.08,20.12,22.15,20.12,34383,71290000,-2.23,-9.98,9.08,8.60
2015-09-02,19.00,18.37,21.09,18.15,36932,71370000,-1.75,-8.70,14.61,9.23
2015-09-07,19.05,19.29,19.99,19.00,33471,65070000,0.92,5.01,5.39,8.37
2015-09-08,19.35,21.22,21.22,19.00,50630,104150000,1.93,10.01,11.51,12.66
2015-09-09,22.00,23.34,23.34,22.00,63791,146510000,2.12,9.99,6.31,15.95
2015-09-10,23.55,22.62,23.55,22.47,52510,121130000,-0.72,-3.08,4.63,13.13
2015-09-11,22.49,23.40,23.55,22.47,52028,120040000,0.78,3.45,4.77,13.01
2015-09-14,23.20,21.06,23.64,21.06,41019,91020000,-2.34,-10.00,11.03,10.25
2015-09-15,19.60,19.10,20.79,18.95,41178,81090000,-1.96,-9.31,8.74,10.29
2015-09-16,19.40,21.01,21.01,19.40,41418,83760000,1.91,10.00,8.43,10.35
2015-09-17,21.47,20.48,22.11,20.45,49116,104840000,-0.53,-2.52,7.90,12.28
2015-09-18,20.87,20.90,21.00,20.11,29771,61460000,0.42,2.05,4.35,7.44
2015-09-21,20.49,22.78,22.80,20.41,46686,101780000,1.88,9.00,11.44,11.67
2015-09-22,22.80,22.69,23.46,22.00,50130,114410000,-0.09,-0.40,6.41,12.53
2015-09-23,22.21,22.63,23.10,22.03,41987,95410000,-0.06,-0.26,4.72,10.50
2015-09-24,22.67,22.99,23.36,22.58,30698,70520000,0.36,1.59,3.45,7.67
2015-09-25,22.80,21.45,22.99,21.10,31854,70220000,-1.54,-6.70,8.22,7.96
2015-09-28,21.48,22.90,22.96,21.48,30078,67170000,1.45,6.76,6.90,7.52
2015-09-29,22.25,22.40,22.60,22.00,20929,46530000,-0.50,-2.18,2.62,5.23
2015-09-30,22.48,22.44,22.88,22.16,19977,45000000,0.04,0.18,3.21,4.99
2015-10-08,23.40,23.59,23.89,23.00,37739,88610000,1.15,5.12,3.97,9.43
2015-10-09,23.60,23.71,23.88,23.25,32135,75790000,0.12,0.51,2.67,8.03
2015-10-12,23.89,25.20,25.78,23.79,39757,99300000,1.49,6.28,8.39,9.94
2015-10-13,24.83,27.72,27.72,24.80,50512,133000000,2.52,10.00,11.59,12.63
2015-10-14,27.72,26.51,27.72,26.45,46254,124610000,-1.21,-4.37,4.58,11.56
2015-10-15,26.45,27.16,27.38,26.01,34183,91940000,0.65,2.45,5.17,8.55
2015-10-16,27.16,27.29,28.12,26.61,33104,90380000,0.13,0.48,5.56,8.28
2015-10-19,27.22,27.08,27.66,26.71,32219,87450000,-0.21,-0.77,3.48,8.05
2015-10-20,27.00,27.35,27.58,26.65,36317,98330000,0.27,1.00,3.43,9.08
2015-10-21,27.35,24.96,28.68,24.65,57323,155090000,-2.39,-8.74,14.73,14.33
2015-10-22,24.96,26.38,26.55,24.96,38886,100570000,1.42,5.69,6.37,9.72
2015-10-23,26.87,27.33,27.81,26.70,47961,131290000,0.95,3.60,4.21,11.99
2015-10-26,27.98,27.30,28.10,26.80,40063,109940000,-0.03,-0.11,4.76,10.02
2015-10-27,27.10,27.50,27.65,25.80,40791,109050000,0.20,0.73,6.78,10.20
2015-10-28,27.15,26.66,27.77,26.60,32563,88680000,-0.84,-3.05,4.25,8.14
2015-10-29,27.00,28.50,28.68,26.59,63567,176560000,1.84,6.90,7.84,15.89
2015-10-30,28.00,29.81,30.50,27.53,78287,227220000,1.31,4.60,10.42,19.57
2015-11-02,28.94,29.22,30.68,28.55,43057,127390000,-0.59,-1.98,7.15,10.76
2015-11-03,29.22,29.67,29.77,28.35,36445,106280000,0.45,1.54,4.86,9.11
2015-11-04,29.68,31.94,32.64,29.50,66586,207500000,2.27,7.65,10.58,16.65
2015-11-05,31.50,32.79,33.13,30.60,82520,263720000,0.85,2.66,7.92,20.63
2015-11-06,32.50,32.92,33.60,32.31,53766,177270000,0.13,0.40,3.93,13.44
2015-11-09,32.30,32.58,33.25,31.70,47732,155400000,-0.34,-1.03,4.71,11.93
2015-11-10,32.87,33.44,33.74,32.30,51447,170400000,0.86,2.64,4.42,12.86
2015-11-11,33.10,34.52,35.24,32.70,45670,154830000,1.08,3.23,7.60,11.42
2015-11-12,34.13,36.10,37.22,34.13,58845,209040000,1.58,4.58,8.95,14.71
2015-11-13,35.90,34.20,35.91,32.82,66606,229110000,-1.90,-5.26,8.56,16.65
2015-11-16,32.71,33.99,34.21,32.51,30361,101950000,-0.21,-0.61,4.97,7.59
2015-11-17,34.45,35.17,35.50,33.99,81215,281120000,1.18,3.47,4.44,20.30
2015-11-18,34.50,33.41,34.90,33.30,37594,127400000,-1.76,-5.00,4.55,9.40
2015-11-19,33.40,35.14,35.50,32.80,53256,181680000,1.73,5.18,8.08,13.31
2015-11-20,35.76,36.29,36.50,34.62,56501,198930000,1.15,3.27,5.35,14.13
2015-11-23,36.09,35.70,36.36,35.00,33004,117770000,-0.59,-1.63,3.75,8.25
2015-11-24,35.30,35.99,36.50,34.87,36190,129880000,0.29,0.81,4.57,9.05
2015-11-25,35.66,37.79,38.18,35.65,64359,239350000,1.80,5.00,7.03,16.09
2015-11-26,37.79,38.69,38.83,36.92,61361,232090000,0.90,2.38,5.05,15.34
2015-11-27,38.69,41.14,42.30,37.13,78983,310060000,2.45,6.33,13.36,19.75
2015-11-30,40.08,44.51,44.88,39.30,72881,305430000,3.37,8.19,13.56,18.22
2015-12-01,43.37,41.54,44.24,41.00,83368,353610000,-2.97,-6.67,7.28,20.84
2015-12-02,40.90,40.97,42.04,39.96,46592,190130000,-0.57,-1.37,5.01,11.65
2015-12-03,41.18,42.75,43.50,40.01,80248,335880000,1.78,4.34,8.52,20.06
2015-12-04,42.29,43.36,44.20,41.20,66551,283940000,0.61,1.43,7.02,16.64
2015-12-07,44.50,42.71,44.50,40.85,75427,320700000,-0.65,-1.50,8.42,18.86
2015-12-08,41.80,39.91,41.90,39.80,28985,118470000,-2.80,-6.56,4.92,7.25
2015-12-09,39.75,41.55,41.88,38.90,35326,142760000,1.64,4.11,7.47,8.83
2015-12-10,41.52,42.17,42.99,40.00,80631,333660000,0.62,1.49,7.20,20.16
2015-12-11,41.50,42.26,43.28,40.10,74428,313740000,0.09,0.21,7.54,18.61
2015-12-14,41.50,41.51,42.50,41.00,29570,122790000,-0.75,-1.77,3.55,7.39
2015-12-15,41.80,41.69,42.01,41.03,26570,110380000,0.18,0.43,2.36,6.64
2015-12-16,41.40,42.90,43.46,41.40,54859,234660000,1.21,2.90,4.94,13.71
2015-12-17,42.90,44.33,45.30,42.00,95298,411920000,1.43,3.33,7.69,23.82
2015-12-18,44.60,44.79,45.79,43.55,74123,328610000,0.46,1.04,5.05,18.53
2015-12-21,45.43,46.23,46.97,44.50,72662,335350000,1.44,3.22,5.51,18.17
2015-12-22,45.72,43.77,46.25,43.00,72549,320470000,-2.46,-5.32,7.03,18.14
2015-12-23,43.57,42.48,43.77,42.38,52243,224550000,-1.29,-2.95,3.18,13.06
2015-12-24,42.10,44.80,45.00,40.51,64331,276470000,2.32,5.46,10.57,16.08
2015-12-25,44.77,43.48,45.09,42.99,46256,202920000,-1.32,-2.95,4.69,11.56
2015-12-28,43.36,41.63,43.40,40.50,59406,248580000,-1.85,-4.25,6.67,14.85
2015-12-29,41.00,40.05,41.82,38.99,50537,202650000,-1.58,-3.80,6.80,12.63
2015-12-30,40.04,40.19,40.99,39.68,23945,96130000,0.14,0.35,3.27,5.99
2015-12-31,40.35,38.75,40.80,38.28,33795,133450000,-1.44,-3.58,6.27,8.45
2016-01-04,38.80,34.90,38.90,34.88,24253,87770000,-3.85,-9.94,10.37,6.06
2016-01-05,32.48,33.47,34.22,31.51,41373,136280000,-1.43,-4.10,7.77,10.34
2016-01-06,33.50,34.63,34.80,32.85,31841,108210000,1.16,3.47,5.83,7.96
2016-01-07,34.00,31.21,34.00,31.17,6843,22320000,-3.42,-9.88,8.17,1.71
2016-01-08,31.40,32.77,33.40,31.00,53255,171630000,1.56,5.00,7.69,13.31
2016-01-11,32.68,32.41,34.00,31.70,59896,198080000,-0.36,-1.10,7.02,14.97
2016-01-12,32.50,33.06,33.94,32.50,39297,129890000,0.65,2.01,4.44,9.82
2016-01-13,33.18,29.86,33.80,29.78,35838,115940000,-3.20,-9.68,12.16,8.96
2016-01-14,28.80,30.60,31.00,27.78,28604,83720000,0.74,2.48,10.78,7.15
2016-01-15,30.18,28.23,30.69,28.00,21814,64070000,-2.37,-7.75,8.79,5.45
2016-01-18,27.60,28.14,29.01,27.01,17855,50400000,-0.09,-0.32,7.08,4.46
2016-01-19,27.80,29.51,29.65,27.76,22890,66220000,1.37,4.87,6.72,5.72
2016-01-20,29.20,29.14,29.95,29.00,19913,58640000,-0.37,-1.25,3.22,4.98
2016-01-21,28.70,28.56,29.90,28.30,23336,68050000,-0.58,-1.99,5.49,5.83
2016-01-22,28.73,28.93,29.33,28.10,13505,38940000,0.37,1.30,4.31,3.38
2016-01-25,29.05,28.93,29.32,28.62,18945,54980000,0.00,0.00,2.42,4.74
2016-01-26,28.93,26.05,28.93,26.04,24195,65190000,-2.88,-9.96,9.99,6.05
2016-01-27,26.01,25.07,26.40,23.50,23343,57630000,-0.98,-3.76,11.13,5.84
2016-01-28,24.90,22.63,24.90,22.57,15892,37630000,-2.44,-9.73,9.29,3.97
2016-01-29,22.70,24.04,24.25,22.60,17781,41980000,1.41,6.23,7.29,4.45
2016-02-01,24.10,24.42,24.98,23.71,16998,41500000,0.38,1.58,5.28,4.25
2016-02-02,24.50,25.52,25.63,24.21,15316,38660000,1.10,4.50,5.81,3.83
2016-02-03,24.90,25.38,25.69,24.85,13991,35360000,-0.14,-0.55,3.29,3.50
2016-02-04,25.46,26.49,26.88,25.46,17469,46270000,1.11,4.37,5.60,4.37
2016-02-05,26.50,26.55,27.40,26.48,16849,45220000,0.06,0.23,3.47,4.21
2016-02-15,25.50,25.84,26.39,25.00,12428,31710000,-0.71,-2.67,5.24,3.11
2016-02-16,25.86,27.28,27.68,25.86,19103,51630000,1.44,5.57,7.04,4.78
2016-02-17,27.00,28.06,28.73,27.00,24622,69050000,0.78,2.86,6.34,4.36
2016-02-18,28.60,27.70,28.60,27.68,19192,53800000,-0.36,-1.28,3.28,3.40
2016-02-19,27.60,27.95,28.51,27.34,14229,39810000,0.25,0.90,4.22,2.52
2016-02-22,28.02,28.39,28.50,28.02,25614,72460000,0.44,1.57,1.72,4.54
2016-02-23,28.39,27.98,28.48,27.58,15136,42410000,-0.41,-1.44,3.17,2.68
2016-02-24,27.98,27.52,28.10,26.80,17316,47730000,-0.46,-1.64,4.65,3.07
2016-02-25,27.72,24.79,27.78,24.78,24070,62430000,-2.73,-9.92,10.90,4.26
2016-02-26,25.34,24.92,25.53,24.30,14584,36390000,0.13,0.52,4.96,2.58
2016-02-29,24.92,22.99,24.92,22.43,19351,44660000,-1.93,-7.74,9.99,3.43
2016-03-01,23.10,25.18,25.29,22.71,22229,53160000,2.19,9.53,11.22,3.94
2016-03-02,25.18,25.85,26.13,24.80,30630,78540000,0.67,2.66,5.28,5.42
2016-03-03,26.00,25.46,26.18,25.40,19010,49040000,-0.39,-1.51,3.02,3.37
2016-03-04,25.27,23.96,25.50,23.50,19496,47870000,-1.50,-5.89,7.86,3.45
2016-03-07,24.21,24.55,24.88,24.20,14116,34780000,0.59,2.46,2.84,2.50
2016-03-08,24.41,24.71,24.85,23.50,14727,35580000,0.16,0.65,5.50,2.61
2016-03-09,24.10,24.16,24.70,23.80,7801,18930000,-0.55,-2.23,3.64,1.38
2016-03-10,24.40,23.92,24.40,23.90,6911,16690000,-0.24,-0.99,2.07,1.22
2016-03-11,23.89,24.09,24.30,23.40,11313,27010000,0.17,0.71,3.76,2.00
2016-03-14,24.50,25.05,25.67,24.21,21908,55020000,0.96,3.99,6.06,3.88
2016-03-15,25.03,24.99,25.39,24.82,12301,30880000,-0.06,-0.24,2.28,2.18
2016-03-16,25.13,24.31,25.34,24.20,10549,26030000,-0.68,-2.72,4.56,1.87
2016-03-17,24.37,25.11,25.28,24.37,16713,41730000,0.80,3.29,3.74,2.96
2016-03-18,25.25,26.01,26.49,25.20,36455,94520000,0.90,3.58,5.14,6.46
2016-03-21,26.40,26.78,27.10,26.35,42081,112420000,0.77,2.96,2.88,7.45
2016-03-22,26.78,27.07,27.39,26.49,40683,110110000,0.29,1.08,3.36,7.20
2016-03-23,26.97,27.17,27.20,26.58,25858,69710000,0.10,0.37,2.29,4.58
2016-03-24,27.07,26.36,27.10,26.33,26689,71590000,-0.81,-2.98,2.83,4.73
2016-03-25,26.06,27.49,27.60,26.06,39562,106830000,1.13,4.29,5.84,7.01
2016-03-28,27.82,27.04,27.85,26.91,35804,98360000,-0.45,-1.64,3.42,6.34
2016-03-29,26.97,26.10,26.97,25.55,22009,57700000,-0.94,-3.48,5.25,3.90
2016-03-30,26.35,27.15,27.30,26.35,22638,60910000,1.05,4.02,3.64,4.01
2016-03-31,27.30,28.23,28.55,27.10,46916,131010000,1.08,3.98,5.34,8.31
2016-04-01,28.03,27.78,28.26,27.20,25961,71700000,-0.45,-1.59,3.75,4.60
2016-04-05,27.46,28.34,28.44,27.46,29318,82090000,0.56,2.02,3.53,5.19
2016-04-06,28.19,28.31,28.63,28.00,27128,76610000,-0.03,-0.11,2.22,4.80
2016-04-07,28.34,27.56,28.56,27.51,22606,63170000,-0.75,-2.65,3.71,4.00
2016-04-08,27.30,27.48,27.53,26.90,19364,52500000,-0.08,-0.29,2.29,3.43
2016-04-11,27.85,28.32,28.42,27.60,28212,79610000,0.84,3.06,2.98,5.00
2016-04-12,28.30,28.05,28.48,27.60,20131,56390000,-0.27,-0.95,3.11,3.56
2016-04-13,28.06,29.01,29.13,28.06,41322,119020000,0.96,3.42,3.81,7.32
2016-04-14,29.10,30.29,30.70,29.10,64252,192630000,1.28,4.41,5.52,11.38
2016-04-15,30.30,29.87,30.74,29.60,32907,98870000,-0.42,-1.39,3.76,5.83
2016-04-18,29.52,29.61,29.87,29.40,25833,76530000,-0.26,-0.87,1.57,4.57
2016-04-19,30.10,29.10,30.10,28.78,29600,86290000,-0.51,-1.72,4.46,5.24
2016-04-20,29.58,27.54,29.58,27.00,30843,86650000,-1.56,-5.36,8.87,5.46
2016-04-21,27.44,27.10,27.71,27.06,19123,52450000,-0.44,-1.60,2.36,3.39
2016-04-22,26.80,27.44,27.61,26.60,17820,48730000,0.34,1.25,3.73,3.16
2016-04-25,27.44,28.40,28.68,27.05,27905,78450000,0.96,3.50,5.94,4.94
2016-04-26,28.12,28.41,28.93,28.12,22146,63110000,0.01,0.04,2.85,3.92
2016-04-27,28.70,28.44,29.18,28.31,26281,75580000,0.03,0.11,3.06,4.65
2016-04-28,28.78,27.61,28.88,27.08,34054,95190000,-0.83,-2.92,6.33,6.03
2016-04-29,27.62,27.19,27.92,27.16,16734,45950000,-0.42,-1.52,2.75,2.96
2016-05-03,27.30,28.17,28.19,27.01,22375,62000000,0.98,3.60,4.34,3.96
2016-05-04,28.19,28.32,28.86,28.19,23858,68010000,0.15,0.53,2.38,4.23
2016-05-05,28.30,28.69,28.78,28.04,19400,55110000,0.37,1.31,2.61,3.44
2016-05-06,28.73,28.80,29.76,28.73,61519,179380000,0.11,0.38,3.59,10.89
2016-05-09,28.32,27.50,28.50,27.37,29772,82960000,-1.30,-4.51,3.92,5.27
2016-05-10,27.08,27.64,28.00,27.08,12758,35340000,0.14,0.51,3.35,2.26
2016-05-11,27.90,27.34,28.35,27.27,18778,52380000,-0.30,-1.09,3.91,3.33
2016-05-12,25.84,26.70,26.88,25.84,16779,44330000,-0.64,-2.34,3.80,2.97
2016-05-13,26.71,26.23,26.90,26.06,14466,38470000,-0.47,-1.76,3.15,2.56
2016-05-16,25.91,26.49,26.86,25.80,23797,62450000,0.26,0.99,4.04,4.21
2016-05-17,26.33,26.39,26.68,26.22,14904,39410000,-0.10,-0.38,1.74,2.64
2016-05-18,26.01,25.01,26.20,24.62,18530,47060000,-1.38,-5.23,5.99,3.28
2016-05-19,25.20,25.21,25.70,25.07,9195,23360000,0.20,0.80,2.52,1.63
2016-05-20,25.09,25.49,25.54,24.71,10006,25280000,0.28,1.11,3.29,1.77
2016-05-23,25.50,26.04,26.21,25.49,11396,29630000,0.55,2.16,2.82,2.02
2016-05-24,26.52,26.25,27.28,26.22,23753,63470000,0.21,0.81,4.07,4.21
2016-05-25,26.36,26.07,26.70,25.90,11322,29770000,-0.18,-0.69,3.05,2.00
2016-05-26,26.00,26.41,26.43,25.68,11344,29530000,0.34,1.30,2.88,2.01
2016-05-27,26.30,26.25,26.55,26.11,9331,24600000,-0.16,-0.61,1.67,1.65
2016-05-30,26.30,26.21,26.52,25.90,7485,19680000,-0.04,-0.15,2.36,1.33
2016-05-31,26.21,27.33,27.41,26.20,25135,67940000,1.12,4.27,4.62,4.45
2016-06-01,27.24,27.34,28.06,27.15,24417,67450000,0.01,0.04,3.33,4.32
2016-06-02,27.11,28.15,28.18,27.11,26027,72390000,0.81,2.96,3.91,4.61
2016-06-03,28.01,28.81,29.29,28.01,36236,104220000,0.66,2.34,4.55,6.42
2016-06-06,28.99,28.81,29.38,28.50,30804,88760000,0.00,0.00,3.05,5.46
2016-06-07,28.81,29.43,29.50,28.60,28775,83730000,0.62,2.15,3.12,5.10
2016-06-08,29.30,29.11,29.68,28.72,26527,77270000,-0.32,-1.09,3.26,4.70
2016-06-13,28.81,27.03,28.81,26.40,32648,91830000,-2.08,-7.15,8.28,5.78
2016-06-14,27.15,27.59,27.66,27.00,15485,42470000,0.56,2.07,2.44,2.74
2016-06-15,27.94,29.25,29.58,27.89,39774,114510000,1.66,6.02,6.13,7.04
2016-06-16,29.02,29.03,29.49,28.65,22361,64850000,-0.22,-0.75,2.87,3.96
2016-06-17,29.11,28.93,29.65,28.71,24758,72320000,-0.10,-0.34,3.24,4.38
2016-06-20,28.75,28.99,29.59,28.60,42321,123440000,0.06,0.21,3.42,7.49
2016-06-21,14.70,14.09,14.70,13.98,37744,54150000,-0.37,-2.56,4.98,3.34
2016-06-22,13.67,14.08,14.11,13.52,68774,94530000,-0.01,-0.07,4.19,6.09
2016-06-23,13.94,13.77,14.33,13.70,42714,59760000,-0.31,-2.20,4.47,3.78
2016-06-24,13.85,13.55,14.10,13.10,46949,64280000,-0.22,-1.60,7.26,4.16
2016-06-27,13.50,13.88,13.96,13.42,33548,46380000,0.33,2.44,3.99,2.97
2016-06-28,13.81,14.66,14.68,13.81,86078,123440000,0.78,5.62,6.27,7.62
2016-06-29,14.70,14.42,14.77,14.39,62861,91130000,-0.24,-1.64,2.59,5.57
2016-06-30,14.43,14.54,14.55,14.33,37079,53560000,0.12,0.83,1.53,3.28
2016-07-01,14.55,14.32,14.56,14.28,29381,42340000,-0.22,-1.51,1.93,2.60
2016-07-04,14.20,14.58,14.72,14.03,49697,72270000,0.26,1.82,4.82,4.40
2016-07-05,14.71,14.52,14.72,14.40,41449,60260000,-0.06,-0.41,2.19,3.67
2016-07-06,14.50,15.00,15.10,14.47,80314,119280000,0.48,3.31,4.34,7.11
2016-07-07,14.99,15.49,15.79,14.93,127965,198290000,0.49,3.27,5.73,11.33
2016-07-08,15.63,15.37,15.74,15.31,76848,119080000,-0.12,-0.77,2.78,6.80
2016-07-11,15.25,15.15,15.47,15.13,54752,83670000,-0.22,-1.43,2.21,4.85
2016-07-12,15.06,15.07,15.29,14.56,79476,119430000,-0.08,-0.53,4.82,7.04
2016-07-13,15.13,15.18,15.43,15.08,47990,73140000,0.11,0.73,2.32,4.25
2016-07-14,15.19,15.14,15.36,14.92,38451,58290000,-0.04,-0.26,2.90,3.40
2016-07-15,15.19,15.30,15.50,15.03,50702,77230000,0.16,1.06,3.10,4.49
2016-07-18,15.42,15.23,15.42,15.00,49740,75490000,-0.07,-0.46,2.75,4.40
2016-07-19,15.12,15.10,15.23,14.85,38007,57210000,-0.13,-0.85,2.50,3.37
2016-07-20,15.10,15.08,15.23,15.05,26032,39350000,-0.02,-0.13,1.19,2.30
2016-07-21,15.07,15.59,15.74,15.06,95265,147370000,0.51,3.38,4.51,8.44
2016-07-22,15.48,16.38,16.75,15.48,174030,283830000,0.79,5.07,8.15,15.41
2016-07-25,16.35,17.27,17.40,16.09,150637,255440000,0.89,5.43,8.00,13.34
2016-07-26,17.16,17.46,17.75,16.70,118410,203710000,0.19,1.10,6.08,10.48
2016-07-27,17.52,16.60,17.59,15.86,112695,189430000,-0.86,-4.93,9.91,9.98
2016-07-28,16.64,16.71,16.85,16.07,74559,122620000,0.11,0.66,4.70,6.60
2016-07-29,16.65,15.83,16.71,15.65,67206,108390000,-0.88,-5.27,6.34,5.95
2016-08-01,15.68,14.99,15.88,14.73,72661,110890000,-0.84,-5.31,7.26,6.43
2016-08-02,14.98,15.15,15.30,14.92,35307,53510000,0.16,1.07,2.54,3.13
2016-08-03,15.16,15.24,15.40,14.92,32893,49910000,0.09,0.59,3.17,2.91
2016-08-04,15.40,16.08,16.10,15.24,78344,124060000,0.84,5.51,5.64,6.94
2016-08-05,16.20,16.49,16.56,15.75,129187,209890000,0.41,2.55,5.04,11.44
2016-08-08,16.68,16.33,16.68,15.88,82805,134370000,-0.16,-0.97,4.85,7.33
2016-08-09,16.25,16.16,16.29,15.90,71444,114970000,-0.17,-1.04,2.39,6.33
2016-08-10,16.11,15.85,16.22,15.83,56895,90900000,-0.31,-1.92,2.41,5.04
2016-08-11,15.81,15.50,15.94,15.45,43164,67830000,-0.35,-2.21,3.09,3.82
2016-08-12,15.59,15.72,15.73,15.37,28957,45100000,0.22,1.42,2.32,2.56
2016-08-15,15.74,16.62,16.66,15.52,93325,150530000,0.90,5.73,7.25,8.26
2016-08-16,16.50,16.29,16.50,16.19,70018,114210000,-0.33,-1.99,1.87,6.20
2016-08-17,16.23,16.29,16.45,16.10,56155,91170000,0.00,0.00,2.15,4.97
2016-08-18,16.25,15.99,16.37,15.91,49454,79490000,-0.30,-1.84,2.82,4.38
2016-08-19,15.92,15.99,16.11,15.90,38751,61990000,0.00,0.00,1.31,3.43
2016-08-22,15.96,16.00,16.20,15.93,33221,53290000,0.01,0.06,1.69,2.94
2016-08-23,15.94,15.95,16.06,15.56,36227,57630000,-0.05,-0.31,3.13,3.21
2016-08-24,15.86,15.95,16.06,15.86,23081,36910000,0.00,0.00,1.25,2.04
2016-08-25,15.80,15.39,15.82,15.29,50302,77740000,-0.56,-3.51,3.32,4.45
2016-08-26,15.41,15.74,15.79,15.41,45073,70480000,0.35,2.27,2.47,3.99
2016-08-29,15.69,16.18,16.39,15.61,69284,110750000,0.44,2.80,4.96,6.13
2016-08-30,16.25,16.17,16.31,15.75,56306,89930000,-0.01,-0.06,3.46,4.99
2016-08-31,16.58,16.22,16.66,15.91,74694,121570000,0.05,0.31,4.64,6.61
2016-09-01,16.04,16.00,16.16,15.82,37528,60080000,-0.22,-1.36,2.10,3.32
2016-09-02,15.95,16.14,17.60,15.70,93097,151710000,0.14,0.88,11.88,8.24
2016-09-05,16.14,16.45,16.56,16.10,89182,145700000,0.31,1.92,2.85,7.90
2016-09-06,16.59,16.22,16.59,16.00,93839,152100000,-0.23,-1.40,3.59,8.31
2016-09-07,16.19,16.07,16.28,16.02,57622,93140000,-0.15,-0.92,1.60,5.10
2016-09-08,16.25,16.04,16.25,15.93,39065,62600000,-0.03,-0.19,1.99,3.46
2016-09-09,16.08,15.87,16.11,15.86,27969,44670000,-0.17,-1.06,1.56,2.48
2016-09-12,15.60,15.11,15.65,15.08,46942,72360000,-0.76,-4.79,3.59,4.16
2016-09-13,15.19,15.22,15.34,15.13,21736,33080000,0.11,0.73,1.39,1.92
2016-09-14,15.12,15.21,15.26,14.96,29748,44970000,-0.01,-0.07,1.97,2.63
2016-09-19,15.18,15.23,15.28,15.12,27315,41530000,0.02,0.13,1.05,2.42
2016-09-20,15.18,15.18,15.25,15.07,15866,24050000,-0.05,-0.33,1.18,1.40
2016-09-21,15.15,15.22,15.33,15.11,19248,29280000,0.04,0.26,1.45,1.70
2016-09-22,15.29,15.22,15.38,15.21,19256,29420000,0.00,0.00,1.12,1.71
2016-09-23,15.25,15.05,15.29,15.02,21878,33110000,-0.17,-1.12,1.77,1.94
2016-09-26,15.00,14.41,15.07,14.30,37071,54480000,-0.64,-4.25,5.12,3.28
2016-09-27,14.41,14.59,14.61,14.29,20215,29160000,0.18,1.25,2.22,1.79
2016-09-28,14.54,14.44,14.61,14.35,23461,33860000,-0.15,-1.03,1.78,2.08
2016-09-29,14.45,14.53,14.63,14.40,24564,35720000,0.09,0.62,1.59,2.18
2016-09-30,14.50,14.57,14.69,14.50,16833,24530000,0.04,0.28,1.31,1.49
2016-10-10,14.60,14.85,14.95,14.58,31437,46450000,0.28,1.92,2.54,2.78
2016-10-11,14.86,14.94,14.99,14.85,25050,37350000,0.09,0.61,0.94,2.22
2016-10-12,14.82,15.00,15.11,14.80,24837,37170000,0.06,0.40,2.08,2.20
2016-10-13,15.00,15.04,15.09,14.94,20671,31050000,0.04,0.27,1.00,1.83
2016-10-14,15.00,14.99,15.07,14.83,25796,38580000,-0.05,-0.33,1.60,2.28
2016-10-17,14.99,14.82,15.17,14.72,28339,42420000,-0.17,-1.13,3.00,2.51
2016-10-18,14.82,15.17,15.24,14.82,34754,52410000,0.35,2.36,2.83,3.08
2016-10-19,15.20,15.42,15.55,15.09,60636,93030000,0.25,1.65,3.03,5.37
2016-10-20,15.48,15.37,15.52,15.19,34974,53700000,-0.05,-0.32,2.14,3.10
2016-10-21,15.36,15.23,15.36,15.02,25504,38800000,-0.14,-0.91,2.21,2.26
2016-10-24,15.20,15.44,15.50,15.12,32418,49690000,0.21,1.38,2.50,2.87
2016-10-25,15.42,15.84,15.86,15.28,63280,98460000,0.40,2.59,3.76,5.60
2016-10-26,15.88,15.95,16.00,15.71,80968,128240000,0.11,0.69,1.83,7.17
2016-10-27,15.95,15.77,16.05,15.72,67813,107790000,-0.18,-1.13,2.07,6.00
2016-10-28,15.78,15.58,15.78,15.50,35213,55000000,-0.19,-1.20,1.78,3.12
2016-10-31,15.58,15.58,15.67,15.48,22528,35100000,0.00,0.00,1.22,1.99
2016-11-01,15.60,15.72,15.74,15.56,25881,40510000,0.14,0.90,1.16,2.29
2016-11-02,15.70,15.69,15.79,15.47,28560,44530000,-0.03,-0.19,2.04,2.53
2016-11-03,15.59,15.71,15.95,15.59,41526,65410000,0.02,0.13,2.29,3.68
2016-11-04,15.75,15.69,15.85,15.55,29752,46690000,-0.02,-0.13,1.91,2.63
2016-11-07,15.70,15.82,15.93,15.60,39390,62270000,0.13,0.83,2.10,3.49
2016-11-08,15.90,15.79,15.90,15.72,24952,39390000,-0.03,-0.19,1.14,2.21
2016-11-09,15.79,15.59,15.81,15.27,31969,49710000,-0.20,-1.27,3.42,2.83
2016-11-10,15.61,15.83,15.88,15.61,52574,82970000,0.24,1.54,1.73,4.66
2016-11-11,15.86,15.77,15.87,15.75,37044,58580000,-0.06,-0.38,0.76,3.28
2016-11-14,15.79,15.87,16.05,15.77,44421,70560000,0.10,0.63,1.78,3.93
2016-11-15,15.90,16.16,16.24,15.82,67840,108720000,0.29,1.83,2.65,6.01
2016-11-16,16.16,16.01,16.19,15.97,43618,69990000,-0.15,-0.93,1.36,3.86
2016-11-17,15.91,16.08,16.16,15.86,43421,69380000,0.07,0.44,1.87,3.84
2016-11-18,16.01,15.89,16.15,15.87,32315,51680000,-0.19,-1.18,1.74,2.86
2016-11-21,15.80,15.99,16.12,15.80,49144,78350000,0.10,0.63,2.01,4.35
2016-11-22,15.94,16.19,16.24,15.93,56337,90500000,0.20,1.25,1.94,4.99
2016-11-23,16.22,16.19,16.42,15.96,55876,90700000,0.00,0.00,2.84,4.95
2016-11-24,16.18,16.21,16.46,15.95,46538,75450000,0.02,0.12,3.15,4.12
2016-11-25,16.20,16.34,16.42,15.88,56782,91860000,0.13,0.80,3.33,5.03
2016-11-28,16.38,16.41,16.47,16.16,65877,107420000,0.07,0.43,1.90,5.83
2016-11-29,16.31,16.66,16.81,16.12,112404,185430000,0.25,1.52,4.20,9.95
2016-11-30,16.59,17.02,17.09,16.34,137769,231300000,0.36,2.16,4.50,12.20
2016-12-01,17.09,16.91,17.30,16.81,105059,179160000,-0.11,-0.65,2.88,9.30
2016-12-02,16.81,16.50,16.96,16.24,75456,124860000,-0.41,-2.42,4.26,6.68
2016-12-05,16.35,16.69,16.79,16.14,64309,106710000,0.19,1.15,3.94,5.69
2016-12-06,16.66,16.95,17.11,16.60,68667,116220000,0.26,1.56,3.06,6.08
2016-12-07,16.97,16.93,17.19,16.66,64141,108190000,-0.02,-0.12,3.13,5.68
2016-12-08,16.93,17.17,17.27,16.75,89841,153190000,0.24,1.42,3.07,7.95
2016-12-09,17.12,17.25,17.35,16.88,102500,176260000,0.08,0.47,2.74,9.08
2016-12-12,17.17,16.78,17.55,15.78,98390,164840000,-0.47,-2.72,10.26,8.71
2016-12-13,16.35,17.16,17.17,16.32,109121,183660000,0.38,2.26,5.07,9.66
2016-12-14,17.05,17.27,17.49,16.91,104713,180850000,0.11,0.64,3.38,9.27
2016-12-15,17.34,17.66,17.70,17.18,142719,249650000,0.39,2.26,3.01,12.64
2016-12-16,17.54,17.48,18.35,17.37,171848,306700000,-0.18,-1.02,5.55,15.22
2016-12-19,17.10,17.53,17.72,16.90,105366,181650000,0.05,0.29,4.69,9.33
2016-12-20,17.59,17.53,17.75,17.29,69101,121120000,0.00,0.00,2.62,6.12
2016-12-21,17.46,17.66,17.74,17.16,93478,163560000,0.13,0.74,3.31,8.28
2016-12-22,17.58,17.75,17.85,17.41,78775,139230000,0.09,0.51,2.49,6.97
2016-12-23,17.43,18.72,19.20,17.43,233900,433680000,0.97,5.46,9.97,20.71
2016-12-26,18.50,19.14,19.21,18.35,165952,312420000,0.42,2.24,4.59,14.69
2016-12-27,18.90,18.60,20.26,18.27,303614,588150000,-0.54,-2.82,10.40,26.88
2016-12-28,18.32,19.06,19.13,18.08,198031,368440000,0.46,2.47,5.65,17.53
2016-12-29,19.00,19.33,19.45,18.70,172538,329930000,0.27,1.42,3.93,15.28
2016-12-30,19.16,18.62,19.45,18.39,155320,291640000,-0.71,-3.67,5.48,13.75
2017-01-03,18.40,17.08,18.40,16.81,233039,403260000,-1.54,-8.27,8.54,20.63
2017-01-04,16.84,16.95,16.98,16.54,115405,193710000,-0.13,-0.76,2.58,10.22
2017-01-05,16.90,16.67,16.90,16.52,98418,164160000,-0.28,-1.65,2.24,8.71
2017-01-06,16.66,16.15,16.66,16.12,98597,160550000,-0.52,-3.12,3.24,8.73
2017-01-09,16.20,16.33,16.39,16.05,50663,82240000,0.18,1.11,2.11,4.49
2017-01-10,16.28,16.24,16.42,16.18,44668,72790000,-0.09,-0.55,1.47,3.96
2017-01-11,16.20,15.82,16.28,15.76,66794,106680000,-0.42,-2.59,3.20,5.91
2017-01-12,15.68,15.71,15.97,15.58,34872,54910000,-0.11,-0.70,2.47,3.09
2017-01-13,15.68,15.32,15.76,15.25,39301,60870000,-0.39,-2.48,3.25,3.48
2017-01-16,15.28,14.16,15.29,13.79,65635,95230000,-1.16,-7.57,9.79,5.81
2017-01-17,14.16,14.56,14.60,14.08,41112,58910000,0.40,2.82,3.67,3.64
2017-01-18,14.48,14.32,14.59,14.30,22542,32560000,-0.24,-1.65,1.99,2.00
2017-01-19,14.32,14.39,14.46,14.17,17970,25770000,0.07,0.49,2.03,1.59
2017-01-20,14.36,14.60,14.65,14.33,21180,30830000,0.21,1.46,2.22,1.88
2017-01-23,14.62,14.72,14.88,14.62,27228,40140000,0.12,0.82,1.78,2.41
2017-01-24,14.68,14.58,14.71,14.56,16976,24810000,-0.14,-0.95,1.02,1.50
2017-01-25,14.63,14.61,14.78,14.51,13954,20450000,0.03,0.21,1.85,1.24
2017-01-26,14.62,15.01,15.09,14.62,17143,25340000,0.40,2.74,3.22,1.52
2017-02-03,14.89,14.88,15.14,14.82,17648,26350000,-0.13,-0.87,2.13,1.56
2017-02-06,14.85,15.38,15.51,14.85,25727,38910000,0.50,3.36,4.44,2.28
2017-02-07,15.35,15.38,15.52,15.21,23211,35651000,0.00,0.00,2.016,2.06
2017-02-08,15.39,15.43,15.48,15.21,23062,35424500,0.05,0.33,1.756,2.04
2017-02-09,15.43,15.57,15.58,15.38,27043,41887000,0.14,0.91,1.296,2.39
2017-02-10,15.58,15.34,15.58,15.30,26750,41234600,-0.23,-1.48,1.798,2.37
2017-02-13,15.33,15.35,15.42,15.19,26726,40879600,0.01,0.07,1.499,2.37
2017-02-14,15.35,15.18,15.38,15.13,21847,33258400,-0.17,-1.11,1.629,1.93
2017-02-15,15.26,15.04,15.26,15.02,26499,40125000,-0.14,-0.92,1.581,2.35
2017-02-16,15.03,15.08,15.18,15.02,19702,29678600,0.04,0.27,1.064,1.74
2017-02-17,15.10,15.10,15.35,15.06,25777,39181300,0.02,0.13,1.923,2.28
2017-02-20,15.10,15.17,15.28,15.06,15445,23378900,0.07,0.46,1.457,1.37
2017-02-21,15.17,15.49,15.51,15.10,32311,49429100,0.32,2.11,2.70,2.86
2017-02-22,15.43,15.48,15.56,15.31,25926,39984900,-0.01,-0.06,1.61,2.30
2017-02-23,15.45,15.60,15.75,15.28,39298,61030200,0.12,0.78,3.04,3.48
2017-02-24,15.50,15.53,15.59,15.36,21573,33409000,-0.07,-0.45,1.47,1.91
2017-02-27,15.51,15.26,15.55,15.24,19415,29870900,-0.27,-1.74,2.00,1.72
2017-02-28,15.26,15.37,15.40,15.26,13895,21314100,0.11,0.72,0.92,1.23
2017-03-01,15.27,15.65,15.72,15.27,40230,62715200,0.28,1.82,2.93,3.56
2017-03-02,15.67,15.67,15.78,15.57,35539,55786000,0.02,0.13,1.34,3.15
2017-03-03,15.65,15.53,15.65,15.39,20488,31741000,-0.14,-0.89,1.66,1.81
2017-03-06,15.53,15.65,15.67,15.49,35714,55491200,0.12,0.77,1.16,3.16
2017-03-07,15.64,15.61,15.70,15.50,17728,27619100,-0.04,-0.26,1.28,1.57
2017-03-08,15.62,15.57,15.66,15.50,20238,31512000,-0.04,-0.26,1.02,1.79
2017-03-09,15.51,15.47,15.57,15.32,22752,35107700,-0.10,-0.64,1.61,2.01
2017-03-10,15.56,15.55,15.62,15.47,16182,25143400,0.08,0.52,0.97,1.43
2017-03-13,15.55,15.52,15.61,15.32,18220,28177100,-0.03,-0.19,1.87,1.61
2017-03-14,15.57,15.63,15.80,15.45,31058,48553800,0.11,0.71,2.25,2.75
2017-03-15,15.58,15.55,15.71,15.43,21587,33551900,-0.08,-0.51,1.79,1.91
2017-03-16,15.56,16.17,16.24,15.50,83382,133025752,0.62,3.99,4.76,7.38
2017-03-17,16.18,15.82,16.18,15.76,52678,83964851,-0.35,-2.16,2.60,4.66
2017-03-20,15.77,15.80,15.98,15.69,28286,44769078,-0.02,-0.13,1.83,2.50
2017-03-21,15.80,15.61,15.80,15.55,31657,49462474,-0.19,-1.20,1.58,2.80
2017-03-22,15.58,15.50,15.68,15.33,26396,40932751,-0.11,-0.70,2.24,2.34
2017-03-23,15.53,15.33,15.63,15.14,28288,43552119,-0.17,-1.10,3.16,2.50
2017-03-24,15.27,15.30,15.39,15.10,24627,37460739,-0.03,-0.20,1.89,2.18
2017-03-27,15.31,15.30,15.34,15.15,19498,29743456,0.00,0.00,1.24,1.73
2017-03-28,15.32,15.44,15.50,15.23,23548,36355642,0.14,0.92,1.76,2.09
2017-03-29,15.45,15.25,15.49,15.21,19101,29251387,-0.19,-1.23,1.81,1.69
2017-03-30,15.21,14.85,15.21,14.84,30179,45307258,-0.40,-2.62,2.43,2.67
2017-03-31,14.86,14.90,15.06,14.77,23095,34452088,0.05,0.34,1.95,2.04
2017-04-05,14.90,15.13,15.18,14.90,13360,20201869,0.23,1.54,1.88,1.18
2017-04-06,15.19,15.17,15.25,15.10,14137,21464411,0.04,0.26,0.99,1.25
2017-04-07,15.21,15.16,15.26,15.10,13051,19802044,-0.01,-0.07,1.05,1.16
2017-04-10,15.18,14.91,15.20,14.86,26614,39960706,-0.25,-1.65,2.24,2.36
2017-04-11,14.90,14.94,15.00,14.80,16576,24662446,0.03,0.20,1.34,1.47
2017-04-12,14.89,15.01,15.15,14.88,19882,29938059,0.07,0.47,1.81,1.76
2017-04-13,15.02,14.93,15.08,14.89,16706,24987206,-0.08,-0.53,1.27,1.48
2017-04-14,14.91,14.79,14.92,14.75,18584,27529878,-0.14,-0.94,1.14,1.65
2017-04-17,15.31,15.21,15.45,15.06,78268,119564021,0.42,2.84,2.64,6.93
2017-04-18,15.10,14.93,15.20,14.82,31445,47076283,-0.28,-1.84,2.50,2.78
2017-04-19,14.81,14.66,14.88,14.62,27528,40467242,-0.27,-1.81,1.74,2.44
2017-04-20,14.66,14.78,14.90,14.66,12516,18508628,0.12,0.82,1.64,1.11
2017-04-21,14.70,14.93,14.93,14.70,12726,18915662,0.15,1.01,1.56,1.13
2017-04-24,14.90,14.73,14.90,14.55,17432,25689625,-0.20,-1.34,2.34,1.54
2017-04-25,14.71,14.89,14.95,14.71,16536,24553190,0.16,1.09,1.63,1.46
2017-04-26,14.89,14.89,15.02,14.83,11862,17693853,0.00,0.00,1.28,1.05
2017-04-27,14.85,14.94,15.01,14.63,17656,26171495,0.05,0.34,2.55,1.56
2017-04-28,14.65,15.00,15.07,14.65,11702,17531524,0.06,0.40,2.81,1.04
2017-05-02,15.00,14.99,15.14,14.95,10615,15965805,-0.01,-0.07,1.27,0.94
2017-05-03,15.00,14.93,15.09,14.87,10284,15366443,-0.06,-0.40,1.47,0.91
2017-05-04,14.90,14.84,14.94,14.75,9184,13624416,-0.09,-0.60,1.27,0.81
2017-05-05,14.84,14.68,14.85,14.62,19712,28993815,-0.16,-1.08,1.55,1.75
2017-05-08,14.60,14.54,14.69,14.54,9445,13794558,-0.14,-0.95,1.02,0.84
2017-05-09,14.50,14.65,14.66,14.48,8571,12486040,0.11,0.76,1.24,0.76
2017-05-10,14.70,14.52,14.78,14.49,6536,9574377,-0.13,-0.89,1.98,0.58
2017-05-11,14.64,14.31,14.64,14.15,14007,20033509,-0.21,-1.45,3.37,1.24
2017-05-12,14.11,14.40,14.58,14.11,8513,12208804,0.09,0.63,3.28,0.75
2017-05-15,14.36,14.48,14.50,14.32,13024,18817707,0.08,0.56,1.25,1.15
2017-05-16,14.57,14.55,14.61,14.36,11468,16628363,0.07,0.48,1.73,1.01
2017-05-17,14.56,14.68,14.78,14.48,14777,21644068,0.13,0.89,2.06,1.31
2017-05-18,14.52,14.56,14.78,14.52,12576,18458989,-0.12,-0.82,1.77,1.11
2017-05-19,14.56,14.50,14.64,14.48,5202,7565861,-0.06,-0.41,1.10,0.46
2017-05-22,14.43,14.38,14.58,14.37,17867,25799001,-0.12,-0.83,1.45,1.58
2017-05-23,14.40,14.38,14.45,14.25,14026,20134512,0.00,0.00,1.39,1.24
2017-05-24,14.40,14.60,14.60,14.10,14798,21283850,0.22,1.53,3.48,1.31
2017-05-25,14.65,14.68,14.72,14.41,8104,11839100,0.08,0.55,2.12,0.72
2017-05-26,14.68,14.80,14.83,14.57,8486,12515256,0.12,0.82,1.77,0.75
2017-05-31,14.88,14.78,14.97,14.75,8143,12099917,-0.02,-0.14,1.49,0.72
2017-06-01,14.78,14.75,14.81,14.70,7328,10800332,-0.03,-0.20,0.74,0.65
2017-06-02,14.75,14.93,14.98,14.70,7291,10832839,0.18,1.22,1.90,0.65
2017-06-05,14.98,14.97,15.10,14.90,8965,13446094,0.04,0.27,1.34,0.79
2017-06-06,14.90,14.91,15.05,14.90,5027,7505382,-0.06,-0.40,1.00,0.45
2017-06-07,14.93,15.00,15.02,14.81,10720,16035411,0.09,0.60,1.41,0.95
2017-06-08,15.05,14.89,15.05,14.87,8138,12160860,-0.11,-0.73,1.20,0.72
2017-06-09,14.89,14.76,14.93,14.67,7839,11568461,-0.13,-0.87,1.75,0.69
2017-06-12,14.71,14.73,14.84,14.66,4714,6951259,-0.03,-0.20,1.22,0.42
