日期,开盘,收盘,最高,最低,交易量(手),交易金额(元),涨跌额,涨跌幅(%),振幅(%),换手率(%)
2014-11-07,6.13,6.13,6.13,6.13,404,250000,1.87,43.90,0.00,0.09
2014-11-10,6.74,6.74,6.74,6.74,117,80000,0.61,9.95,0.00,0.03
2014-11-11,7.41,7.41,7.41,7.41,146,110000,0.67,9.94,0.00,0.03
2014-11-12,8.15,8.15,8.15,8.15,160,130000,0.74,9.99,0.00,0.04
2014-11-13,8.97,8.97,8.97,8.97,190,170000,0.82,10.06,0.00,0.04
2014-11-14,9.87,9.87,9.87,9.87,656,650000,0.90,10.03,0.00,0.15
2014-11-17,10.86,10.86,10.86,10.86,835,910000,0.99,10.03,0.00,0.19
2014-11-18,11.95,11.95,11.95,11.95,730,870000,1.09,10.04,0.00,0.16
2014-11-19,13.15,13.15,13.15,13.15,958,1260000,1.20,10.04,0.00,0.21
2014-11-20,14.47,14.47,14.47,14.47,3387,4900000,1.32,10.04,0.00,0.75
2014-11-21,15.92,15.92,15.92,15.92,3624,5770000,1.45,10.02,0.00,0.81
2014-11-24,17.51,17.51,17.51,17.51,2267,3970000,1.59,9.99,0.00,0.50
2014-11-25,19.26,19.26,19.26,19.26,4296,8270000,1.75,9.99,0.00,0.95
2014-11-26,21.19,21.19,21.19,21.19,9534,20200000,1.93,10.02,0.00,2.12
2014-11-27,23.31,23.31,23.31,23.31,5998,13980000,2.12,10.00,0.00,1.33
2014-11-28,25.64,25.64,25.64,25.64,11161,28620000,2.33,10.00,0.00,2.48
2014-12-01,28.20,28.20,28.20,28.20,11211,31620000,2.56,9.98,0.00,2.49
2014-12-02,31.02,31.02,31.02,31.02,3903,12110000,2.82,10.00,0.00,0.87
2014-12-03,34.12,34.12,34.12,34.12,6186,21110000,3.10,9.99,0.00,1.37
2014-12-05,37.29,37.53,37.53,36.55,159062,594360000,3.41,9.99,2.87,35.35
2014-12-08,37.49,33.78,37.49,33.78,177313,612920000,-3.75,-9.99,9.89,39.40
2014-12-09,30.40,30.40,33.40,30.40,184062,568230000,-3.38,-10.01,8.88,40.90
2014-12-10,28.04,27.42,28.80,27.36,165026,458280000,-2.98,-9.80,4.74,36.67
2014-12-11,27.59,29.69,29.93,26.78,158329,452390000,2.27,8.28,11.49,35.18
2014-12-12,28.80,27.71,29.30,27.45,98471,277450000,-1.98,-6.67,6.23,21.88
2014-12-15,27.30,26.68,27.30,26.02,77788,206860000,-1.03,-3.72,4.62,17.29
2014-12-16,26.68,26.87,27.30,26.53,59577,159710000,0.19,0.71,2.89,13.24
2014-12-17,26.78,25.55,26.88,25.41,73260,191040000,-1.32,-4.91,5.47,16.28
2014-12-18,25.31,25.04,25.99,24.82,64599,163620000,-0.51,-2.00,4.58,14.36
2014-12-19,25.02,22.95,25.02,22.60,84902,199400000,-2.09,-8.35,9.66,18.87
2014-12-22,22.69,20.66,22.69,20.66,54929,116080000,-2.29,-9.98,8.85,12.21
2014-12-23,19.95,21.38,22.37,19.72,79124,168240000,0.72,3.49,12.83,17.58
2014-12-24,21.11,21.85,21.97,20.80,56272,120920000,0.47,2.20,5.47,12.50
2014-12-25,21.88,22.46,23.99,20.82,97765,217720000,0.61,2.79,14.51,21.73
2014-12-26,21.85,21.76,22.25,21.46,48650,106170000,-0.70,-3.12,3.52,10.81
2014-12-29,21.40,20.87,21.44,20.52,40000,83660000,-0.89,-4.09,4.23,8.89
2014-12-30,20.90,20.51,21.44,20.32,28164,58670000,-0.36,-1.73,5.37,6.26
2014-12-31,20.51,20.37,20.72,19.83,29734,60170000,-0.14,-0.68,4.34,6.61
2015-01-05,20.38,20.69,20.84,19.77,40122,81660000,0.32,1.57,5.25,8.92
2015-01-06,20.58,21.35,21.59,20.20,52975,111270000,0.66,3.19,6.72,11.77
2015-01-07,21.09,20.80,21.26,20.80,33336,69840000,-0.55,-2.58,2.15,7.41
2015-01-08,20.61,21.03,21.54,20.38,50061,106150000,0.23,1.11,5.58,11.12
2015-01-09,20.82,21.63,22.53,20.61,73553,159860000,0.60,2.85,9.13,16.35
2015-01-12,21.63,20.15,21.63,20.10,43663,91500000,-1.48,-6.84,7.07,9.70
2015-01-13,19.40,20.20,20.63,19.20,36865,73230000,0.05,0.25,7.10,8.19
2015-01-14,20.24,19.67,20.46,19.60,23871,47550000,-0.53,-2.62,4.26,5.30
2015-01-15,19.77,19.75,20.31,19.54,23953,47660000,0.08,0.41,3.91,5.32
2015-01-16,19.57,20.18,20.35,19.47,28595,57460000,0.43,2.18,4.46,6.35
2015-01-19,20.00,20.26,21.38,19.62,65209,134770000,0.08,0.40,8.72,14.49
2015-01-20,20.26,22.29,22.29,20.10,94487,204540000,2.03,10.02,10.81,21.00
2015-01-21,23.19,22.79,23.48,22.35,138590,317620000,0.50,2.24,5.07,30.80
2015-01-22,23.05,25.07,25.07,23.05,99179,242040000,2.28,10.00,8.86,22.04
2015-01-23,25.91,23.75,26.00,23.60,132248,324210000,-1.32,-5.27,9.57,29.39
2015-01-26,23.20,23.77,24.28,23.15,55881,132930000,0.02,0.08,4.76,12.42
2015-01-27,23.70,23.08,23.70,22.60,55158,127440000,-0.69,-2.90,4.63,12.26
2015-01-28,23.00,23.24,23.66,22.81,39293,91500000,0.16,0.69,3.68,8.73
2015-01-29,23.03,22.50,23.45,22.43,32794,74330000,-0.74,-3.18,4.39,7.29
2015-01-30,22.52,21.76,22.76,21.71,33594,74030000,-0.74,-3.29,4.67,7.47
2015-02-02,21.60,21.70,21.87,21.20,20776,44880000,-0.06,-0.28,3.08,4.62
2015-02-03,21.70,23.02,23.66,21.64,54483,124650000,1.32,6.08,9.31,12.11
2015-02-04,22.52,22.35,22.90,22.32,31702,71520000,-0.67,-2.91,2.52,7.04
2015-02-05,22.35,21.75,22.52,21.72,28094,61740000,-0.60,-2.68,3.58,6.24
2015-02-06,21.60,20.57,21.83,20.36,30004,62510000,-1.18,-5.43,6.76,6.67
2015-02-09,20.57,20.55,20.90,20.35,12656,26090000,-0.02,-0.10,2.67,2.81
2015-02-10,20.95,20.68,20.95,20.35,13268,27300000,0.13,0.63,2.92,2.95
2015-02-11,20.80,21.07,21.28,20.72,17533,36920000,0.39,1.89,2.71,3.90
2015-02-12,21.28,21.10,21.28,20.79,17126,36110000,0.03,0.14,2.33,3.81
2015-02-13,21.40,21.28,21.59,21.21,20132,43000000,0.18,0.85,1.80,4.47
2015-02-16,21.24,21.40,21.49,21.12,17845,38050000,0.12,0.56,1.74,3.97
2015-02-17,21.37,21.42,21.47,21.25,13191,28180000,0.02,0.09,1.03,2.93
2015-02-25,21.49,21.00,21.55,20.78,18387,38590000,-0.42,-1.96,3.59,4.09
2015-02-26,20.81,21.15,21.22,20.70,14032,29500000,0.15,0.71,2.48,3.12
2015-02-27,20.95,21.57,21.70,20.95,23708,50850000,0.42,1.99,3.55,5.27
2015-03-02,21.59,22.78,22.80,21.59,46371,103130000,1.21,5.61,5.61,10.30
2015-03-03,22.51,22.01,22.71,22.00,39151,87380000,-0.77,-3.38,3.12,8.70
2015-03-04,22.05,22.19,22.59,22.05,20399,45370000,0.18,0.82,2.45,4.53
2015-03-05,22.15,22.37,22.40,21.71,29290,64720000,0.18,0.81,3.11,6.51
2015-03-06,22.47,21.82,22.47,21.76,22110,48630000,-0.55,-2.46,3.17,4.91
2015-03-09,21.69,21.44,21.69,21.22,17095,36530000,-0.38,-1.74,2.15,3.80
2015-03-10,21.41,21.57,21.93,21.41,14484,31380000,0.13,0.61,2.43,3.22
2015-03-11,21.69,21.31,21.70,21.23,17119,36560000,-0.26,-1.21,2.18,3.80
2015-03-12,21.26,20.90,21.36,20.79,22238,46680000,-0.41,-1.92,2.67,4.94
2015-03-13,21.01,21.25,21.30,20.91,15491,32730000,0.35,1.67,1.87,3.44
2015-03-16,21.38,22.15,22.19,21.25,37739,82520000,0.90,4.24,4.42,8.39
2015-03-17,22.40,22.24,22.43,21.92,38371,84850000,0.09,0.41,2.30,8.53
2015-03-18,22.39,22.87,22.90,22.20,54983,124230000,0.63,2.83,3.15,12.22
2015-03-19,23.00,25.03,25.11,22.60,95889,225130000,2.16,9.44,10.98,21.31
2015-03-20,24.40,24.22,24.96,24.10,80641,197470000,-0.81,-3.24,3.44,17.92
2015-03-23,24.33,24.42,24.55,23.80,57097,137940000,0.20,0.83,3.10,12.69
2015-03-24,24.32,23.79,24.32,22.89,62279,147330000,-0.63,-2.58,5.86,13.84
2015-03-25,23.48,24.18,24.31,23.48,49490,118810000,0.39,1.64,3.49,11.00
2015-03-26,24.29,23.90,24.95,23.88,60970,149180000,-0.28,-1.16,4.43,13.55
2015-03-27,23.77,23.90,24.00,23.41,29302,69610000,0.00,0.00,2.47,6.51
2015-03-30,23.86,25.34,25.65,23.72,95939,238070000,1.44,6.03,8.08,21.32
2015-03-31,25.34,24.89,25.46,24.63,53985,134550000,-0.45,-1.78,3.28,12.00
2015-04-01,24.81,27.38,27.38,24.75,192837,516090000,2.49,10.00,10.57,42.85
2015-04-02,27.35,27.85,28.00,26.61,137138,372430000,0.47,1.72,5.08,30.48
2015-04-03,27.40,27.50,27.80,26.93,80016,218580000,-0.35,-1.26,3.12,17.78
2015-04-07,27.34,27.61,27.76,26.88,87014,236300000,0.11,0.40,3.20,19.34
2015-04-08,27.56,28.59,28.99,27.27,107526,304050000,0.98,3.55,6.23,23.89
2015-04-09,28.98,26.91,28.99,26.00,74187,202410000,-1.68,-5.88,10.46,16.49
2015-04-10,26.97,27.34,27.44,26.53,45910,124740000,0.43,1.60,3.38,10.20
2015-04-13,27.36,28.14,28.47,27.36,65214,183300000,0.80,2.93,4.06,14.49
2015-04-14,28.15,28.42,28.98,27.79,71573,203580000,0.28,1.00,4.23,15.91
2015-04-15,28.44,26.30,28.88,26.09,55533,151940000,-2.12,-7.46,9.82,12.34
2015-04-16,25.91,25.99,26.46,24.61,42092,107930000,-0.31,-1.18,7.03,9.35
2015-04-17,26.81,26.11,26.88,26.00,39918,105340000,0.12,0.46,3.39,8.87
2015-04-20,25.80,25.08,25.85,25.00,52968,134360000,-1.03,-3.94,3.26,11.77
2015-04-21,25.05,26.00,26.20,24.65,37784,96370000,0.92,3.67,6.18,8.40
2015-04-22,26.01,26.96,26.98,26.00,51602,136910000,0.96,3.69,3.77,11.47
2015-04-23,27.00,29.66,29.66,27.00,107128,308610000,2.70,10.01,9.87,23.81
2015-04-24,29.68,29.01,31.00,28.48,123991,366590000,-0.65,-2.19,8.50,27.55
2015-04-27,28.51,28.52,28.94,27.96,69731,197900000,-0.49,-1.69,3.38,15.50
2015-04-28,28.34,26.22,28.34,26.15,57902,157480000,-2.30,-8.06,7.68,12.87
2015-04-29,26.30,27.15,27.24,26.30,29877,80470000,0.93,3.55,3.59,6.64
2015-04-30,27.02,27.00,27.59,26.63,31775,86070000,-0.15,-0.55,3.54,7.06
2015-05-04,27.02,26.58,27.05,25.98,27069,71710000,-0.42,-1.56,3.96,6.02
2015-05-05,26.59,27.76,28.80,26.59,76091,212240000,1.18,4.44,8.31,16.91
2015-05-06,27.85,26.81,28.89,26.59,61929,173280000,-0.95,-3.42,8.29,13.76
2015-05-07,26.00,24.71,26.39,24.70,39604,99900000,-2.10,-7.83,6.30,8.80
2015-05-08,25.09,25.62,25.75,25.00,30292,76500000,0.91,3.68,3.04,6.73
2015-05-11,25.77,27.23,27.28,25.77,51520,135940000,1.61,6.28,5.89,11.45
2015-09-21,24.42,24.42,24.42,24.42,2166,5290000,-2.71,-9.99,0.00,0.48
2015-09-22,21.98,26.30,26.71,21.98,106586,243580000,1.88,7.70,19.37,23.69
2015-09-23,23.67,23.67,24.67,23.67,119089,285120000,-2.63,-10.00,3.80,26.46
2015-09-24,22.50,21.31,23.23,21.30,91280,197840000,-2.36,-9.97,8.15,20.28
2015-09-25,21.02,19.18,21.10,19.18,61684,123280000,-2.13,-10.00,9.01,13.71
2015-09-28,18.91,18.86,19.33,17.42,46164,85210000,-0.32,-1.67,9.96,10.26
2015-09-29,18.19,18.24,18.84,18.13,28457,52380000,-0.62,-3.29,3.76,6.32
2015-09-30,18.52,18.62,19.16,18.52,27842,52470000,0.38,2.08,3.51,6.19
2015-10-08,19.03,19.31,19.53,19.00,31150,60100000,0.69,3.71,2.85,6.92
2015-10-09,19.22,19.14,19.30,18.85,28196,53780000,-0.17,-0.88,2.33,6.27
2015-10-12,19.22,19.85,20.29,19.10,42185,83250000,0.71,3.71,6.22,9.37
2015-10-13,19.81,20.67,21.21,19.54,44556,91630000,0.82,4.13,8.41,9.90
2015-10-14,20.51,20.51,21.18,20.16,41485,85700000,-0.16,-0.77,4.93,9.22
2015-10-15,20.58,20.83,20.87,20.35,36258,74610000,0.32,1.56,2.54,8.06
2015-10-16,20.84,20.50,20.91,20.21,33855,69740000,-0.33,-1.58,3.36,7.52
2015-10-19,20.55,22.55,22.55,20.55,98153,216530000,2.05,10.00,9.76,21.81
2015-10-20,22.80,23.97,24.50,22.50,98194,230430000,1.42,6.30,8.87,21.82
2015-10-21,23.89,23.40,25.95,22.60,89210,215220000,-0.57,-2.38,13.98,19.82
2015-10-22,22.76,23.53,24.48,22.25,55513,129730000,0.13,0.56,9.53,12.34
2015-10-23,23.22,24.37,25.00,23.22,55857,135430000,0.84,3.57,7.56,12.41
2015-10-26,24.65,23.27,24.99,22.80,42623,100960000,-1.10,-4.51,8.99,9.47
2015-10-27,23.30,22.85,23.40,21.71,30481,68870000,-0.42,-1.80,7.26,6.77
2015-10-28,22.88,22.94,23.64,22.55,34144,78940000,0.09,0.39,4.77,7.59
2015-10-29,23.98,23.08,23.98,22.91,25188,58770000,0.14,0.61,4.66,5.60
2015-10-30,22.50,22.17,22.98,21.91,26276,58640000,-0.91,-3.94,4.64,5.84
2015-11-02,21.51,22.36,23.20,21.51,27480,61570000,0.19,0.86,7.62,6.11
2015-11-03,22.30,23.37,23.49,22.10,30737,70270000,1.01,4.52,6.22,6.83
2015-11-04,23.35,23.97,24.00,23.13,46362,109230000,0.60,2.57,3.72,10.30
2015-11-05,24.00,23.80,24.80,23.61,49841,120670000,-0.17,-0.71,4.96,11.08
2015-11-16,24.88,25.01,25.99,23.88,56303,140540000,1.21,5.08,8.87,5.75
2015-11-17,25.10,23.78,25.10,23.67,58358,142560000,-1.23,-4.92,5.72,5.96
2015-11-18,23.68,22.50,23.72,22.23,33256,76440000,-1.28,-5.38,6.27,3.40
2015-11-19,22.50,23.05,23.07,22.25,19867,45010000,0.55,2.44,3.64,2.03
2015-11-20,23.05,22.80,23.21,22.50,25217,57340000,-0.25,-1.08,3.08,2.58
2015-11-23,22.70,25.08,25.08,22.70,53864,132010000,2.28,10.00,10.44,5.50
2015-11-24,25.50,26.40,27.50,24.50,99418,260090000,1.32,5.26,11.96,10.16
2015-11-25,25.91,26.93,27.40,25.20,65804,171170000,0.53,2.01,8.33,6.73
2015-11-26,26.59,25.76,27.34,25.63,46530,123210000,-1.17,-4.34,6.35,4.76
2015-11-27,25.84,23.62,26.79,23.21,44908,113690000,-2.14,-8.31,13.90,4.59
2015-11-30,23.69,23.68,24.27,21.62,39020,91100000,0.06,0.25,11.22,3.99
2015-12-01,23.66,24.78,25.70,23.25,44479,109650000,1.10,4.65,10.35,4.55
2015-12-02,25.00,23.50,25.18,22.45,28905,68460000,-1.28,-5.17,11.02,2.95
2015-12-03,23.40,23.96,24.15,23.35,23209,55520000,0.46,1.96,3.40,2.37
2015-12-04,24.05,25.20,26.30,23.11,76235,191700000,1.24,5.18,13.31,7.79
2015-12-07,24.81,25.24,25.70,24.75,53047,133730000,0.04,0.16,3.77,5.42
2015-12-08,24.91,25.28,26.47,24.79,72540,187610000,0.04,0.16,6.66,7.41
2015-12-09,25.30,26.66,26.95,25.28,78883,206850000,1.38,5.46,6.61,8.06
2015-12-10,26.70,25.68,26.80,25.60,49647,129290000,-0.98,-3.68,4.50,5.07
2015-12-11,25.37,25.84,25.99,24.88,49394,125570000,0.16,0.62,4.32,5.05
2015-12-14,25.32,26.39,26.50,25.10,39164,101200000,0.55,2.13,5.42,4.00
2015-12-15,26.59,25.93,26.79,25.80,43653,114300000,-0.46,-1.74,3.75,4.46
2015-12-16,26.29,26.45,27.10,26.08,51577,136850000,0.52,2.01,3.93,5.27
2015-12-17,26.45,27.36,28.15,26.16,79490,216210000,0.91,3.44,7.52,8.12
2015-12-18,27.32,26.70,27.54,26.60,41624,112060000,-0.66,-2.41,3.44,4.25
2015-12-21,27.17,27.18,27.99,26.70,42628,117070000,0.48,1.80,4.83,4.36
2015-12-22,26.80,26.82,27.10,26.11,34935,92850000,-0.36,-1.32,3.64,3.57
2015-12-23,26.82,26.30,26.82,26.10,29171,77050000,-0.52,-1.94,2.68,2.98
2015-12-24,26.30,26.01,26.30,25.24,30057,77090000,-0.29,-1.10,4.03,3.07
2015-12-25,25.99,26.81,27.16,25.63,40735,108710000,0.80,3.08,5.88,4.16
2015-12-28,27.15,25.51,27.30,25.40,32479,85590000,-1.30,-4.85,7.09,3.32
2015-12-29,25.26,25.63,25.71,24.83,26449,66900000,0.12,0.47,3.45,2.70
2015-12-30,25.61,25.73,25.85,25.00,20820,53210000,0.10,0.39,3.32,2.13
2015-12-31,25.74,25.37,26.30,25.34,23393,60770000,-0.36,-1.40,3.73,2.39
2016-01-04,25.00,22.83,25.08,22.83,21364,51160000,-2.54,-10.01,8.87,2.18
2016-01-05,21.01,21.50,22.95,20.60,38239,84120000,-1.33,-5.83,10.29,3.91
2016-01-06,21.70,22.08,22.34,21.38,23209,50680000,0.58,2.70,4.47,2.37
2016-01-07,21.73,19.87,21.73,19.87,6296,12890000,-2.21,-10.01,8.42,0.64
2016-01-08,20.23,19.75,20.78,19.01,25815,51500000,-0.12,-0.60,8.91,2.64
2016-01-11,19.08,17.78,19.50,17.78,27683,50900000,-1.97,-9.97,8.71,2.83
2016-01-12,17.53,17.90,18.16,17.10,20481,36130000,0.12,0.67,5.96,2.09
2016-01-13,18.10,16.52,18.27,16.44,16845,29580000,-1.38,-7.71,10.22,1.72
2016-01-14,16.02,17.11,17.18,15.80,20422,33790000,0.59,3.57,8.35,2.09
2016-01-15,16.96,16.04,17.13,15.65,21176,34820000,-1.07,-6.25,8.65,2.16
2016-01-18,16.04,16.23,16.88,15.56,24401,39990000,0.19,1.18,8.23,2.49
2016-01-19,16.40,17.42,17.60,16.39,40477,69260000,1.19,7.33,7.46,4.14
2016-01-20,17.20,17.50,17.73,17.11,36377,63510000,0.08,0.46,3.56,3.72
2016-01-21,17.15,17.09,17.99,16.96,40830,71560000,-0.41,-2.34,5.89,4.17
2016-01-22,17.11,17.39,17.67,16.80,20569,35450000,0.30,1.76,5.09,2.10
2016-01-25,17.47,17.66,17.96,17.40,23944,42230000,0.27,1.55,3.22,2.45
2016-01-26,17.55,15.89,17.55,15.89,26324,43340000,-1.77,-10.02,9.40,2.69
2016-01-27,16.00,15.16,16.15,14.52,28849,43660000,-0.73,-4.59,10.26,2.95
2016-01-28,15.00,13.83,15.25,13.81,18121,26480000,-1.33,-8.77,9.50,1.85
2016-01-29,13.90,14.76,14.88,13.80,20807,29920000,0.93,6.72,7.81,2.13
2016-02-01,14.70,14.49,15.10,14.03,17592,25910000,-0.27,-1.83,7.25,1.80
2016-02-02,14.48,15.12,15.36,14.48,15242,22990000,0.63,4.35,6.07,1.56
2016-02-03,14.85,15.35,15.39,14.71,14933,22580000,0.23,1.52,4.50,1.53
2016-02-04,15.35,15.85,16.03,15.30,16323,25730000,0.50,3.26,4.76,1.67
2016-02-05,15.98,15.90,16.29,15.62,13530,21680000,0.05,0.32,4.23,1.38
2016-02-15,15.12,15.92,15.97,15.12,11638,18230000,0.02,0.13,5.35,1.19
2016-02-16,15.89,16.59,16.64,15.89,20702,33900000,0.67,4.21,4.71,2.12
2016-02-17,16.45,16.45,16.64,15.98,26251,42880000,-0.14,-0.84,3.98,2.68
2016-02-18,17.16,18.10,18.10,17.10,41031,73630000,1.65,10.03,6.08,4.19
2016-02-19,18.10,18.39,19.53,18.01,97458,181850000,0.29,1.60,8.40,9.96
2016-02-22,18.40,18.28,18.46,17.88,64665,117550000,-0.11,-0.60,3.15,6.61
2016-02-23,18.20,17.71,18.36,17.52,42068,75100000,-0.57,-3.12,4.60,4.30
2016-02-24,17.52,18.00,18.07,17.48,32670,58170000,0.29,1.64,3.33,3.34
2016-02-25,17.90,16.20,17.90,16.20,36836,62680000,-1.80,-10.00,9.44,3.76
2016-02-26,16.05,15.81,16.47,15.50,23267,37200000,-0.39,-2.41,5.99,2.38
2016-02-29,15.90,14.25,15.90,14.23,24749,36050000,-1.56,-9.87,10.56,2.53
2016-03-01,14.34,14.72,14.79,14.10,20926,30270000,0.47,3.30,4.84,2.14
2016-03-02,14.58,15.58,15.59,14.58,24850,37640000,0.86,5.84,6.86,2.54
2016-03-03,15.58,15.53,15.94,15.32,21908,34260000,-0.05,-0.32,3.98,2.24
2016-03-04,15.53,14.65,15.58,14.37,21455,32030000,-0.88,-5.67,7.79,2.19
2016-03-07,14.82,15.24,15.76,14.81,19175,29400000,0.59,4.03,6.48,1.96
2016-03-08,15.40,15.53,15.61,14.50,25533,38570000,0.29,1.90,7.28,2.61
2016-03-09,15.00,15.03,15.36,14.75,12716,19270000,-0.50,-3.22,3.93,1.30
2016-03-10,15.00,14.96,15.35,14.92,15788,23810000,-0.07,-0.47,2.86,1.61
2016-03-11,14.75,15.07,15.12,14.65,13458,20050000,0.11,0.74,3.14,1.38
2016-03-14,15.12,15.93,16.58,15.12,34456,54910000,0.86,5.71,9.69,3.52
2016-03-15,15.71,16.29,16.60,15.50,36835,59080000,0.36,2.26,6.91,3.76
2016-03-16,16.59,16.10,16.65,15.91,34074,55570000,-0.19,-1.17,4.54,3.48
2016-03-17,16.12,16.57,16.66,16.12,36277,59700000,0.47,2.92,3.35,3.71
2016-03-18,16.51,17.09,17.32,16.51,42681,72200000,0.52,3.14,4.89,4.36
2016-03-21,17.25,17.38,17.50,17.00,40688,70160000,0.29,1.70,2.93,4.16
2016-03-22,17.11,17.08,17.30,17.01,28479,48820000,-0.30,-1.73,1.67,2.91
2016-03-23,17.09,17.27,17.49,17.09,24659,42510000,0.19,1.11,2.34,2.52
2016-03-24,17.28,16.96,17.57,16.88,29290,50230000,-0.31,-1.80,4.00,2.99
2016-03-25,17.00,17.21,17.25,16.81,19140,32620000,0.25,1.47,2.59,1.96
2016-03-28,17.17,17.42,17.68,17.14,34262,59700000,0.21,1.22,3.14,3.50
2016-03-29,17.42,18.17,18.19,17.21,61558,109430000,0.75,4.31,5.63,6.29
2016-03-30,18.58,18.85,19.80,18.20,80570,151090000,0.68,3.74,8.81,8.23
2016-03-31,18.86,20.49,20.66,18.61,90700,176060000,1.64,8.70,10.88,9.27
2016-04-01,20.00,19.39,20.20,19.17,59703,117600000,-1.10,-5.37,5.03,6.10
2016-04-05,19.65,20.22,20.38,19.40,54912,109970000,0.83,4.28,5.05,5.61
2016-04-06,20.00,20.79,21.00,19.80,58913,120790000,0.57,2.82,5.93,6.02
2016-04-07,20.69,19.81,20.90,19.79,43474,87950000,-0.98,-4.71,5.34,4.44
2016-04-08,19.50,19.86,20.34,19.30,38966,77500000,0.05,0.25,5.25,3.98
2016-04-11,19.91,20.83,21.05,19.91,47666,98320000,0.97,4.88,5.74,4.87
2016-04-12,20.70,20.37,20.96,20.05,33330,68210000,-0.46,-2.21,4.37,3.41
2016-04-13,20.55,20.45,20.96,20.30,33929,70110000,0.08,0.39,3.24,3.47
2016-04-14,20.62,20.79,21.00,20.40,34760,72150000,0.34,1.66,2.93,3.55
2016-04-15,20.89,21.84,22.31,20.73,55042,118960000,1.05,5.05,7.60,5.63
2016-04-18,21.35,21.07,21.56,20.75,40016,84420000,-0.77,-3.53,3.71,4.09
2016-04-19,21.41,21.47,21.67,20.92,36757,78420000,0.40,1.90,3.56,3.76
2016-04-20,21.25,20.20,21.65,19.82,48367,99920000,-1.27,-5.92,8.52,4.94
2016-04-21,20.15,19.71,20.43,19.66,28720,57800000,-0.49,-2.43,3.81,2.94
2016-04-22,19.76,19.74,20.29,19.53,21736,43060000,0.03,0.15,3.86,2.22
2016-04-25,19.66,19.98,20.07,19.49,23202,45940000,0.24,1.22,2.94,2.37
2016-04-26,20.17,20.27,20.40,19.66,22231,44550000,0.29,1.45,3.70,2.27
2016-04-27,20.50,20.03,20.50,19.98,15125,30490000,-0.24,-1.18,2.57,1.55
2016-04-28,20.11,20.01,20.25,19.63,12710,25370000,-0.02,-0.10,3.10,1.30
2016-04-29,19.96,19.99,20.18,19.85,9728,19450000,-0.02,-0.10,1.65,0.99
2016-05-03,20.10,21.33,21.55,20.10,42260,88530000,1.34,6.70,7.25,4.32
2016-05-04,21.02,21.81,22.06,21.02,39236,84690000,0.48,2.25,4.88,4.01
2016-05-05,21.80,22.75,23.28,21.59,51846,117710000,0.94,4.31,7.75,5.30
2016-05-06,23.08,22.15,23.66,21.98,59429,134880000,-0.60,-2.64,7.38,6.07
2016-05-09,22.16,21.28,22.23,20.00,62090,132290000,-0.87,-3.93,10.07,6.35
2016-05-10,10.24,10.88,11.50,10.24,68950,76510000,0.29,2.74,11.90,3.52
2016-05-11,10.50,9.79,10.79,9.79,98423,98840000,-1.09,-10.02,9.19,5.03
2016-05-12,9.20,9.14,9.31,8.85,63512,57880000,-0.65,-6.64,4.70,3.25
2016-05-13,9.30,9.35,9.78,9.20,59420,56280000,0.21,2.30,6.35,3.04
2016-05-16,9.15,9.52,9.64,9.09,49182,46420000,0.17,1.82,5.88,2.51
2016-05-17,9.60,9.46,9.69,9.45,44758,42830000,-0.06,-0.63,2.52,2.29
2016-05-18,9.55,9.22,9.89,9.00,54154,50960000,-0.24,-2.54,9.41,2.77
2016-05-19,9.01,9.37,9.39,9.01,44417,41060000,0.15,1.63,4.12,2.27
2016-05-20,9.40,9.32,9.47,9.09,44213,41070000,-0.05,-0.53,4.06,2.26
2016-05-23,9.37,10.08,10.11,9.33,86458,84800000,0.76,8.15,8.37,4.42
2016-05-24,10.00,9.77,10.02,9.63,53018,51880000,-0.31,-3.08,3.87,2.71
2016-05-25,9.77,9.61,9.88,9.56,41811,40610000,-0.16,-1.64,3.28,2.14
2016-05-26,9.65,9.48,9.69,9.12,47079,44020000,-0.13,-1.35,5.93,2.41
2016-05-27,9.50,9.44,9.65,9.30,31037,29530000,-0.04,-0.42,3.69,1.59
2016-05-30,9.40,9.24,9.40,9.13,42796,39450000,-0.20,-2.12,2.86,2.02
2016-05-31,9.23,9.70,9.74,9.23,63344,60530000,0.46,4.98,5.52,2.99
2016-06-01,9.70,9.94,10.05,9.70,74085,73390000,0.24,2.47,3.61,3.50
2016-06-02,10.00,10.06,10.07,9.80,65191,64720000,0.12,1.21,2.72,3.08
2016-06-03,10.10,9.97,10.15,9.91,51426,51400000,-0.09,-0.89,2.39,2.43
2016-06-06,10.00,10.46,10.66,9.98,91746,94790000,0.49,4.91,6.82,4.33
2016-06-07,10.50,10.32,10.60,10.14,66901,68780000,-0.14,-1.34,4.40,3.16
2016-06-08,10.29,10.26,10.36,10.09,44574,45540000,-0.06,-0.58,2.62,2.11
2016-06-13,10.09,9.34,10.09,9.28,56059,55120000,-0.92,-8.97,7.89,2.65
2016-06-14,9.28,9.87,9.99,9.24,50496,48000000,0.53,5.67,8.03,2.39
2016-06-15,9.60,10.14,10.26,9.51,57396,57800000,0.27,2.74,7.60,2.71
2016-06-16,10.20,10.09,10.33,9.94,52159,52740000,-0.05,-0.49,3.85,2.46
2016-06-17,10.08,10.04,10.28,9.94,46822,47310000,-0.05,-0.50,3.37,2.21
2016-06-20,10.04,10.11,10.17,9.87,36936,36960000,0.07,0.70,2.99,1.74
2016-06-21,10.15,10.10,10.43,10.05,68777,70710000,-0.01,-0.10,3.76,3.25
2016-06-22,10.10,10.35,10.42,10.02,56543,57860000,0.25,2.48,3.96,2.67
2016-06-23,10.36,10.34,10.52,10.18,58924,60780000,-0.01,-0.10,3.29,2.78
2016-06-24,10.32,10.33,10.54,9.80,69719,71710000,-0.01,-0.10,7.16,3.29
2016-06-27,10.40,11.00,11.00,10.30,94565,101020000,0.67,6.49,6.78,4.47
2016-06-28,10.97,10.91,11.23,10.69,96767,105800000,-0.09,-0.82,4.91,4.57
2016-06-29,10.92,11.51,11.66,10.81,167927,189160000,0.60,5.50,7.79,7.93
2016-06-30,11.35,11.56,11.96,11.33,153617,179870000,0.05,0.43,5.47,7.26
2016-07-01,11.50,11.55,11.71,11.35,79337,91470000,-0.01,-0.09,3.11,3.75
2016-07-04,11.32,11.58,11.70,11.32,83180,95830000,0.03,0.26,3.29,3.93
2016-07-05,11.66,11.51,11.77,11.46,88947,103390000,-0.07,-0.60,2.68,4.20
2016-07-06,11.49,11.60,11.64,11.27,85629,97710000,0.09,0.78,3.21,4.04
2016-07-07,11.62,11.58,11.62,11.37,71139,81830000,-0.02,-0.17,2.16,3.36
2016-07-08,11.57,11.54,11.65,11.48,48548,56240000,-0.04,-0.35,1.47,2.29
2016-07-11,11.54,11.60,11.92,11.50,92085,107890000,0.06,0.52,3.64,4.35
2016-07-12,11.51,11.60,11.76,11.25,60283,69310000,0.00,0.00,4.40,2.85
2016-07-13,11.59,11.84,11.85,11.51,76051,89050000,0.24,2.07,2.93,3.59
2016-07-14,11.88,11.92,12.28,11.79,89543,107460000,0.08,0.68,4.14,4.23
2016-07-15,11.88,11.89,12.22,11.80,67133,80360000,-0.03,-0.25,3.52,3.17
2016-07-18,11.85,11.60,11.95,11.56,55773,65530000,-0.29,-2.44,3.28,2.63
2016-07-19,11.60,11.62,11.70,11.36,65270,75240000,0.02,0.17,2.93,3.08
2016-07-20,11.63,11.97,12.10,11.55,86873,103310000,0.35,3.01,4.73,4.10
2016-07-21,12.10,11.96,12.18,11.88,66084,79370000,-0.01,-0.08,2.51,3.12
2016-07-22,11.99,11.86,12.05,11.77,38360,45500000,-0.10,-0.84,2.34,1.81
2016-07-25,11.84,12.44,12.49,11.65,148816,181540000,0.58,4.89,7.08,7.03
2016-07-26,12.48,12.33,12.60,12.18,120864,149720000,-0.11,-0.88,3.38,5.71
2016-07-27,12.35,11.78,12.44,11.50,123042,147460000,-0.55,-4.46,7.62,5.81
2016-07-28,11.78,12.07,12.10,11.70,71679,85530000,0.29,2.46,3.40,3.39
2016-07-29,12.16,12.31,12.40,11.90,86898,105940000,0.24,1.99,4.14,4.10
2016-08-01,12.19,12.26,12.50,12.11,89477,110080000,-0.05,-0.41,3.17,4.23
2016-08-02,12.20,12.39,12.50,12.12,75673,93110000,0.13,1.06,3.10,3.57
2016-08-03,12.38,12.80,12.98,12.21,168974,214840000,0.41,3.31,6.21,7.98
2016-08-04,12.65,12.89,12.93,12.65,105607,135030000,0.09,0.70,2.19,4.99
2016-08-05,12.82,12.61,12.97,12.58,102851,130930000,-0.28,-2.17,3.03,4.86
2016-08-08,12.80,12.75,12.90,12.40,81496,103610000,0.14,1.11,3.97,3.85
2016-08-09,12.87,12.75,12.88,12.61,58213,74180000,0.00,0.00,2.12,2.75
2016-08-10,12.78,12.74,12.87,12.66,46477,59230000,-0.01,-0.08,1.65,2.20
2016-08-11,12.67,12.87,12.94,12.57,107623,137700000,0.13,1.02,2.90,5.08
2016-08-12,12.82,13.25,13.34,12.71,117930,154830000,0.38,2.95,4.90,5.57
2016-08-15,13.20,13.52,13.63,13.01,111832,149480000,0.27,2.04,4.68,5.28
2016-08-16,13.48,13.89,13.90,13.20,103724,140470000,0.37,2.74,5.18,4.90
2016-08-17,14.10,13.95,14.20,13.70,130705,182180000,0.06,0.43,3.60,6.17
2016-08-18,13.89,13.63,13.90,13.42,98748,134160000,-0.32,-2.29,3.44,4.66
2016-08-19,13.59,13.73,13.85,13.21,79810,108760000,0.10,0.73,4.70,3.77
2016-08-22,13.68,13.70,13.80,13.39,69019,94430000,-0.03,-0.22,2.99,3.26
2016-08-23,13.95,13.69,13.95,13.58,47596,65030000,-0.01,-0.07,2.70,2.25
2016-08-24,13.85,13.88,13.97,13.63,72701,100300000,0.19,1.39,2.48,3.43
2016-08-25,13.90,13.96,14.07,13.64,91715,126880000,0.08,0.58,3.10,4.33
2016-08-26,14.09,14.34,14.48,13.89,91186,128860000,0.38,2.72,4.23,4.31
2016-08-29,14.60,14.43,14.60,14.00,113931,161760000,0.09,0.63,4.18,5.38
2016-08-30,14.17,14.88,14.99,14.17,177580,261140000,0.45,3.12,5.68,8.39
2016-08-31,14.75,14.86,15.28,14.59,140361,207330000,-0.02,-0.13,4.64,6.63
2016-09-01,14.78,14.11,14.79,14.06,148633,213000000,-0.75,-5.05,4.91,7.02
2016-09-02,13.95,13.13,14.03,12.89,174601,233090000,-0.98,-6.95,8.08,8.25
2016-09-05,13.04,13.11,13.26,12.82,103531,135170000,-0.02,-0.15,3.35,4.89
2016-09-06,13.05,13.68,13.73,13.04,96692,130210000,0.57,4.35,5.26,4.57
2016-09-07,13.65,14.39,14.50,13.65,163860,232700000,0.71,5.19,6.21,7.74
2016-09-08,14.18,14.30,14.80,14.02,155266,221770000,-0.09,-0.63,5.42,7.33
2016-09-09,14.29,14.05,14.49,13.96,124374,176140000,-0.25,-1.75,3.71,5.88
2016-09-12,13.70,13.87,14.40,13.37,110471,153800000,-0.18,-1.28,7.33,5.22
2016-09-13,13.87,13.55,14.06,13.16,77382,104670000,-0.32,-2.31,6.49,3.66
2016-09-14,13.20,13.45,13.73,13.20,40965,55390000,-0.10,-0.74,3.91,1.94
2016-09-19,13.39,13.43,13.57,13.21,40103,53640000,-0.02,-0.15,2.68,1.89
2016-09-20,13.44,13.40,13.48,13.22,32364,43160000,-0.03,-0.22,1.94,1.53
2016-09-21,13.42,13.47,13.59,13.32,30559,41090000,0.07,0.52,2.01,1.44
2016-09-22,13.54,13.49,13.65,13.39,45331,61240000,0.02,0.15,1.93,2.14
2016-09-23,13.58,13.28,13.61,13.24,34720,46410000,-0.21,-1.56,2.74,1.64
2016-09-26,13.21,13.18,13.40,12.95,47445,62540000,-0.10,-0.75,3.39,2.24
2016-09-27,13.18,13.41,13.42,13.15,22780,30290000,0.23,1.75,2.05,1.08
2016-09-28,13.40,13.30,13.43,13.30,16474,22000000,-0.11,-0.82,0.97,0.78
2016-09-29,13.30,13.44,13.55,13.30,25939,34890000,0.14,1.05,1.88,1.23
2016-09-30,13.50,13.50,13.56,13.35,19117,25780000,0.06,0.45,1.56,0.90
2016-10-10,13.50,13.70,13.77,13.50,43049,58900000,0.20,1.48,2.00,2.03
2016-10-11,13.70,13.57,13.82,13.52,37824,51470000,-0.13,-0.95,2.19,1.79
2016-10-12,13.61,13.50,13.65,13.43,40771,55140000,-0.07,-0.52,1.62,1.93
2016-10-13,13.44,13.04,13.50,12.90,71402,93760000,-0.46,-3.41,4.44,3.37
2016-10-14,13.04,12.95,13.04,12.61,51809,66470000,-0.09,-0.69,3.30,2.45
2016-10-17,12.97,12.93,13.09,12.81,31248,40470000,-0.02,-0.15,2.16,1.48
2016-10-18,13.03,13.04,13.09,12.81,29574,38390000,0.11,0.85,2.17,1.40
2016-10-19,13.05,13.20,13.22,13.00,32992,43440000,0.16,1.23,1.69,1.56
2016-10-20,13.22,13.11,13.27,12.80,52319,67800000,-0.09,-0.68,3.56,2.47
2016-10-21,13.05,12.89,13.06,12.83,21318,27560000,-0.22,-1.68,1.75,1.01
2016-10-24,12.89,13.03,13.07,12.84,23197,30160000,0.14,1.09,1.78,1.10
2016-10-25,13.03,13.05,13.10,12.91,23198,30190000,0.02,0.15,1.46,1.10
2016-10-26,13.05,12.98,13.05,12.91,20370,26410000,-0.07,-0.54,1.07,0.96
2016-10-27,12.95,12.89,13.03,12.81,18768,24190000,-0.09,-0.69,1.69,0.89
2016-10-28,12.90,12.87,13.08,12.82,18242,23640000,-0.02,-0.16,2.02,0.86
2016-10-31,12.87,12.85,12.91,12.70,22883,29390000,-0.02,-0.16,1.63,1.08
2016-11-01,12.93,13.13,13.16,12.86,40575,52980000,0.28,2.18,2.33,1.92
2016-11-02,13.10,13.02,13.16,13.00,31416,41110000,-0.11,-0.84,1.22,1.48
2016-11-03,13.11,13.24,13.38,13.05,54038,71560000,0.22,1.69,2.53,2.55
2016-11-04,13.08,12.83,13.13,12.80,58256,75480000,-0.41,-3.10,2.49,2.75
2016-11-07,12.72,12.85,12.94,12.61,37430,47820000,0.02,0.16,2.57,1.77
2016-11-08,12.87,12.74,12.92,12.72,24977,32010000,-0.11,-0.86,1.56,1.18
2016-11-09,12.74,12.57,12.84,12.37,32141,40570000,-0.17,-1.33,3.69,1.52
2016-11-10,12.71,12.79,12.83,12.61,32001,40720000,0.22,1.75,1.75,1.51
2016-11-11,12.78,12.99,13.03,12.73,36532,47100000,0.20,1.56,2.35,1.73
2016-11-14,12.95,13.00,13.12,12.91,41469,53970000,0.01,0.08,1.62,1.96
2016-11-15,13.02,13.05,13.08,12.93,30577,39770000,0.05,0.38,1.15,1.44
2016-11-16,13.08,13.13,13.33,13.03,47971,63440000,0.08,0.61,2.30,2.27
2016-11-17,13.16,13.20,13.27,13.11,29690,39190000,0.07,0.53,1.22,1.40
2016-11-18,13.16,12.98,13.28,12.95,28938,37810000,-0.22,-1.67,2.50,1.37
2016-11-21,13.01,13.19,13.21,12.89,50856,66640000,0.21,1.62,2.47,2.40
2016-11-22,13.11,13.24,13.26,13.11,27779,36660000,0.05,0.38,1.14,1.31
2016-11-23,13.22,13.12,13.29,13.05,23313,30670000,-0.12,-0.91,1.81,1.10
2016-11-24,13.15,12.91,13.15,12.90,21469,27970000,-0.21,-1.60,1.91,1.01
2016-11-25,12.86,13.19,13.22,12.80,31969,41710000,0.28,2.17,3.25,1.51
2016-11-28,13.21,13.38,13.38,13.11,51350,68000000,0.19,1.44,2.05,2.43
2016-11-29,13.38,12.62,13.38,12.58,77848,100870000,-0.76,-5.68,5.98,3.68
2016-11-30,12.55,12.35,12.78,12.25,46676,58150000,-0.27,-2.14,4.20,2.20
2016-12-01,12.40,12.40,12.53,12.28,29822,37030000,0.05,0.40,2.02,1.41
2016-12-02,12.70,12.41,12.71,12.36,26094,32720000,0.01,0.08,2.82,1.23
2016-12-05,12.37,12.01,12.47,11.90,38266,46390000,-0.40,-3.22,4.59,1.81
2016-12-06,12.00,12.05,12.13,11.95,20770,25030000,0.04,0.33,1.50,0.98
2016-12-07,12.08,12.27,12.30,11.96,20438,24790000,0.22,1.83,2.82,0.97
2016-12-08,12.30,12.06,12.34,12.00,23386,28380000,-0.21,-1.71,2.77,1.10
2016-12-09,12.10,11.91,12.12,11.89,17723,21270000,-0.15,-1.24,1.91,0.84
2016-12-12,11.95,10.94,12.02,10.89,44086,50230000,-0.97,-8.14,9.49,2.08
2016-12-13,10.82,10.82,10.94,10.67,29329,31770000,-0.12,-1.10,2.47,1.39
2016-12-14,10.82,10.94,11.07,10.75,18483,20100000,0.12,1.11,2.96,0.87
2016-12-15,10.88,11.17,11.37,10.85,19997,22350000,0.23,2.10,4.75,0.94
2016-12-16,11.11,11.22,11.32,11.00,17919,19990000,0.05,0.45,2.86,0.85
2016-12-19,11.21,11.05,11.31,11.00,19443,21590000,-0.17,-1.52,2.76,0.92
2016-12-20,11.06,11.18,11.25,11.05,25442,28460000,0.13,1.18,1.81,1.20
2016-12-21,11.23,11.53,11.70,11.23,35021,40280000,0.35,3.13,4.20,1.65
2016-12-22,11.38,11.59,11.68,11.38,23386,27130000,0.06,0.52,2.60,1.10
2016-12-23,11.58,11.49,11.66,11.38,22428,25850000,-0.10,-0.86,2.42,1.06
2016-12-26,11.41,11.61,11.68,11.18,20212,23110000,0.12,1.04,4.35,0.95
2016-12-27,11.59,11.49,11.75,11.41,21035,24380000,-0.12,-1.03,2.93,0.99
2016-12-28,11.48,11.49,11.70,11.43,17250,19970000,0.00,0.00,2.35,0.81
2016-12-29,11.63,11.47,11.63,11.43,10863,12500000,-0.02,-0.17,1.74,0.51
2016-12-30,11.41,11.54,11.61,11.41,14051,16170000,0.07,0.61,1.74,0.66
2017-01-03,11.57,11.71,11.75,11.48,19333,22510000,0.17,1.47,2.34,0.91
2017-01-04,11.72,11.86,11.89,11.61,24395,28740000,0.15,1.28,2.39,1.15
2017-01-05,11.98,11.91,12.16,11.88,22990,27580000,0.05,0.42,2.36,1.09
2017-01-06,11.91,11.94,11.95,11.72,14912,17700000,0.03,0.25,1.93,0.70
2017-01-09,11.85,12.06,12.08,11.85,15935,19120000,0.12,1.01,1.93,0.75
2017-01-10,12.03,11.99,12.14,11.89,20934,25140000,-0.07,-0.58,2.07,0.99
2017-01-11,11.98,11.81,11.98,11.71,14383,17060000,-0.18,-1.50,2.25,0.68
2017-01-12,11.77,11.37,11.88,11.35,18441,21380000,-0.44,-3.73,4.49,0.87
2017-01-13,11.32,11.29,11.59,11.18,24312,27640000,-0.08,-0.70,3.61,1.15
2017-01-16,11.27,11.18,11.38,10.56,40101,43920000,-0.11,-0.97,7.26,1.89
2017-01-17,11.00,11.18,11.22,10.60,61651,67290000,0.00,0.00,5.55,2.91
2017-01-18,11.00,10.99,11.39,10.73,73187,80940000,-0.19,-1.70,5.90,3.46
2017-01-19,10.89,10.90,11.12,10.61,75019,80850000,-0.09,-0.82,4.64,3.54
2017-01-20,10.77,11.18,11.20,10.75,58215,64300000,0.28,2.57,4.13,2.75
2017-01-23,11.10,11.09,11.18,10.90,49029,54150000,-0.09,-0.81,2.50,2.32
2017-01-24,11.01,11.19,11.38,10.86,103150,115590000,0.10,0.90,4.69,4.87
2017-01-25,11.15,11.50,11.70,11.01,138186,158980000,0.31,2.77,6.17,6.53
2017-01-26,11.35,11.52,11.75,11.35,67809,78410000,0.02,0.17,3.48,3.20
2017-02-03,11.51,11.20,11.52,11.18,37935,42790000,-0.32,-2.78,2.95,1.79
2017-02-06,11.25,11.09,11.28,11.01,56335,62440000,-0.11,-0.98,2.41,2.66
2017-02-07,11.09,11.08,11.09,10.94,32595,35867600,-0.01,-0.09,1.353,1.54
2017-02-08,11.04,11.11,11.13,10.97,39329,43414400,0.03,0.27,1.444,1.86
2017-02-09,11.08,11.31,11.34,11.05,68395,76331900,0.20,1.80,2.61,3.23
2017-02-10,11.27,11.19,11.36,11.02,105292,117667600,-0.12,-1.06,3.006,4.97
2017-02-13,11.20,11.14,11.23,11.02,89140,99050500,-0.05,-0.45,1.877,4.21
2017-02-14,11.12,11.03,11.16,10.98,69262,76469000,-0.11,-0.99,1.616,3.27
2017-02-15,11.04,10.91,11.07,10.84,57503,63038800,-0.12,-1.09,2.085,2.72
2017-02-16,10.82,10.90,11.00,10.82,42626,46457800,-0.01,-0.09,1.65,2.01
2017-02-17,10.91,10.86,10.96,10.66,67691,73165200,-0.04,-0.37,2.752,3.20
2017-02-20,10.84,10.87,10.91,10.75,44652,48374500,0.01,0.09,1.473,2.11
2017-02-21,10.90,10.97,11.02,10.83,56420,61701200,0.10,0.92,1.75,2.67
2017-02-22,10.95,10.99,11.02,10.93,53264,58455500,0.02,0.18,0.82,2.52
2017-02-23,11.00,10.96,11.03,10.91,29909,32769200,-0.03,-0.27,1.09,1.41
2017-02-24,10.96,11.01,11.04,10.91,37021,40621400,0.05,0.46,1.19,1.75
2017-02-27,11.01,10.91,11.05,10.90,33078,36321400,-0.10,-0.91,1.36,1.56
2017-02-28,10.87,10.99,11.00,10.87,24403,26764500,0.08,0.73,1.19,1.15
2017-03-01,11.03,10.96,11.03,10.93,28015,30818300,-0.03,-0.27,0.91,1.32
2017-03-02,10.92,10.95,11.02,10.80,39411,42973900,-0.01,-0.09,2.01,1.86
2017-03-03,10.90,10.82,10.90,10.78,32650,35347200,-0.13,-1.19,1.10,1.54
2017-03-06,10.90,11.12,11.14,10.86,80095,88204500,0.30,2.77,2.59,3.78
2017-03-07,11.13,11.17,11.19,11.05,59269,65876300,0.05,0.45,1.26,2.80
2017-03-08,11.13,11.08,11.19,11.05,34069,37831700,-0.09,-0.81,1.25,1.61
2017-03-09,11.08,11.37,11.43,11.02,85550,95907000,0.29,2.62,3.70,4.04
2017-03-10,11.30,11.18,11.37,11.16,53131,59672000,-0.19,-1.67,1.85,2.51
2017-03-13,11.19,11.22,11.26,11.09,33810,37873500,0.04,0.36,1.52,1.60
2017-03-14,11.22,11.42,11.55,11.19,79961,91067900,0.20,1.78,3.21,3.78
2017-03-15,11.36,11.41,11.46,11.25,47308,53600200,-0.01,-0.09,1.84,2.23
2017-03-16,11.41,11.63,11.69,11.37,91873,106178014,0.22,1.93,2.80,4.34
2017-03-17,11.60,11.47,12.01,11.46,132655,155796298,-0.16,-1.38,4.73,6.27
2017-03-20,11.45,11.39,11.54,11.24,71197,80880110,-0.08,-0.70,2.62,3.36
2017-03-21,11.37,11.43,11.43,11.19,44248,50098203,0.04,0.35,2.11,2.09
2017-03-22,11.39,11.20,11.39,11.18,51154,57481790,-0.23,-2.01,1.84,2.42
2017-03-23,11.20,11.01,11.26,10.86,65460,72406230,-0.19,-1.70,3.57,3.09
2017-03-24,11.01,11.15,11.17,10.91,37115,40915838,0.14,1.27,2.36,1.75
2017-03-27,11.14,11.20,11.21,11.08,29950,33450744,0.05,0.45,1.17,1.42
2017-03-28,11.20,11.00,11.20,10.97,31686,35118395,-0.20,-1.79,2.05,1.50
2017-03-29,10.96,11.63,12.09,10.96,98871,111878634,0.63,5.73,10.27,4.67
2017-03-30,11.45,11.26,11.58,11.22,93092,105604863,-0.37,-3.18,3.10,4.40
2017-03-31,11.29,11.47,12.00,11.16,122725,141234632,0.21,1.87,7.46,5.80
2017-04-05,11.50,11.79,11.88,11.38,141749,164884832,0.32,2.79,4.36,6.70
2017-04-06,11.70,11.79,11.82,11.58,103491,121211507,0.00,0.00,2.04,4.89
2017-04-07,11.78,11.53,11.78,11.52,61983,72168839,-0.26,-2.21,2.21,2.93
2017-04-10,11.43,11.15,11.46,11.10,74276,83620862,-0.38,-3.30,3.12,3.51
2017-04-11,11.14,11.31,11.34,11.01,56216,62787850,0.16,1.43,2.96,2.66
2017-04-12,11.25,11.15,11.28,11.11,31622,35321232,-0.16,-1.41,1.50,1.49
2017-04-13,11.15,11.15,11.20,11.09,24421,27216156,0.00,0.00,0.99,1.15
2017-04-14,11.16,10.86,11.20,10.80,54682,59756635,-0.29,-2.60,3.59,2.58
2017-04-17,10.80,10.88,10.94,10.52,46902,50269725,0.02,0.18,3.87,2.21
2017-04-18,10.80,10.87,10.95,10.63,48490,52441148,-0.01,-0.09,2.94,2.29
2017-04-19,10.72,10.79,10.86,10.52,36824,39308383,-0.08,-0.74,3.13,1.74
2017-04-20,10.76,10.79,10.85,10.57,32981,35385306,0.00,0.00,2.59,1.56
2017-04-21,10.78,10.79,10.83,10.69,22952,24717432,0.00,0.00,1.30,1.08
2017-04-24,10.76,10.85,10.88,10.53,50954,54373051,0.06,0.56,3.24,2.41
2017-04-25,10.80,10.85,10.95,10.73,47371,51486684,0.00,0.00,2.03,2.24
2017-04-26,10.85,10.81,10.85,10.66,24188,26026879,-0.04,-0.37,1.75,1.14
2017-04-27,10.80,10.82,10.92,10.53,54508,58718798,0.01,0.09,3.61,2.58
2017-04-28,10.80,10.80,10.83,10.58,71240,76238528,-0.02,-0.18,2.31,3.37
2017-05-02,10.70,10.80,10.88,10.65,37724,40619897,0.00,0.00,2.13,1.78
2017-05-03,10.75,10.79,10.85,10.72,18345,19759021,-0.01,-0.09,1.20,0.87
2017-05-04,10.76,10.99,11.03,10.76,104164,113810428,0.20,1.85,2.50,4.92
2017-05-05,11.01,10.80,11.03,10.75,36373,39631169,-0.19,-1.73,2.55,1.72
2017-05-08,10.76,10.79,10.84,10.56,33619,35976385,-0.01,-0.09,2.59,1.59
2017-05-09,10.68,10.79,10.81,10.65,16295,17500620,0.00,0.00,1.48,0.77
2017-05-10,10.79,10.77,10.80,10.54,43770,46936073,-0.02,-0.19,2.41,2.07
2017-05-11,10.66,10.80,10.82,10.50,53617,57387910,0.03,0.28,2.97,2.53
2017-05-12,10.78,10.80,10.83,10.67,43276,46518404,0.00,0.00,1.48,2.04
2017-05-15,10.70,10.89,11.00,10.70,39004,42198371,0.09,0.83,2.78,1.84
2017-05-16,10.82,10.99,11.05,10.73,52141,56988388,0.15,1.38,2.95,2.46
2017-05-17,11.02,11.22,11.40,10.94,127879,143930928,0.23,2.09,4.19,6.04
2017-05-18,11.19,11.17,11.28,11.02,56514,63196464,-0.05,-0.45,2.32,2.67
2017-05-19,11.13,10.98,11.17,10.91,31152,34441516,-0.19,-1.70,2.33,1.47
2017-05-22,10.94,10.77,10.94,10.61,51493,55305580,-0.21,-1.91,3.01,2.43
2017-05-23,10.68,10.75,10.79,10.60,37999,40595861,-0.02,-0.19,1.76,1.79
2017-05-24,10.68,10.75,10.82,10.61,27717,29677860,0.00,0.00,1.95,1.31
2017-05-25,10.74,10.75,10.91,10.66,32776,35265972,0.00,0.00,2.33,1.55
2017-05-26,10.75,10.75,10.81,10.68,15988,17168384,0.00,0.00,1.21,0.76
2017-05-31,10.79,10.79,10.85,10.73,20142,21737850,0.04,0.37,1.12,0.95
2017-06-01,10.71,10.75,10.79,10.66,27291,29266179,-0.04,-0.37,1.20,1.29
2017-06-02,10.66,10.85,10.92,10.62,34461,37207013,0.10,0.93,2.79,1.63
2017-06-05,10.89,10.82,10.90,10.81,15929,17271069,-0.03,-0.28,0.83,0.75
2017-06-06,10.80,10.88,10.90,10.73,44915,48698835,0.06,0.55,1.57,2.12
2017-06-07,10.88,10.89,11.01,10.84,92242,100830030,0.01,0.09,1.56,4.36
2017-06-08,10.88,10.76,10.91,10.70,37776,40849927,-0.13,-1.19,1.93,1.78
2017-06-09,10.76,10.99,11.05,10.66,56620,61483172,0.23,2.14,3.62,2.67
2017-06-12,10.97,10.81,11.16,10.80,54050,59085823,-0.18,-1.64,3.28,2.55
