日期,开盘,收盘,最高,最低,交易量(手),交易金额(元),涨跌额,涨跌幅(%),振幅(%),换手率(%)
2015-02-26,24.77,24.77,24.77,24.77,310,770000,7.57,44.01,0.00,0.10
2015-02-27,27.25,27.25,27.25,27.25,163,440000,2.48,10.01,0.00,0.05
2015-03-02,29.98,29.98,29.98,29.98,190,570000,2.73,10.02,0.00,0.06
2015-03-03,32.98,32.98,32.98,30.51,128686,417290000,3.00,10.01,8.24,42.90
2015-03-04,32.00,32.85,34.91,30.77,144238,469740000,-0.13,-0.39,12.55,48.08
2015-03-05,32.20,31.47,32.44,31.28,80033,254410000,-1.38,-4.20,3.53,26.68
2015-03-06,31.98,30.47,31.98,30.13,67324,207600000,-1.00,-3.18,5.88,22.44
2015-03-09,30.01,29.60,30.04,29.30,41088,121390000,-0.87,-2.86,2.43,13.70
2015-03-10,29.65,29.87,29.89,29.46,25624,76150000,0.27,0.91,1.45,8.54
2015-03-11,29.83,28.94,29.83,28.79,36422,106390000,-0.93,-3.11,3.48,12.14
2015-03-12,28.99,28.26,29.04,28.02,32940,93540000,-0.68,-2.35,3.52,10.98
2015-03-13,28.50,29.00,29.00,28.36,26165,75470000,0.74,2.62,2.26,8.72
2015-03-16,29.11,29.86,29.93,29.10,38249,113570000,0.86,2.97,2.86,12.75
2015-03-17,29.97,29.84,30.15,29.65,34113,101710000,-0.02,-0.07,1.67,11.37
2015-03-18,29.80,30.44,30.48,29.71,40532,121810000,0.60,2.01,2.58,13.51
2015-03-19,30.41,30.44,30.70,30.05,36116,109620000,0.00,0.00,2.14,12.04
2015-03-20,30.70,30.49,30.71,30.31,30782,93730000,0.05,0.16,1.31,10.26
2015-03-23,30.43,30.78,30.81,30.43,36945,112760000,0.29,0.95,1.25,12.31
2015-03-24,30.78,30.24,30.79,29.69,34329,103870000,-0.54,-1.75,3.57,11.44
2015-03-25,30.25,31.21,31.68,30.05,49431,152680000,0.97,3.21,5.39,16.48
2015-03-26,30.95,30.49,30.95,30.36,33589,102800000,-0.72,-2.31,1.89,11.20
2015-03-27,30.49,30.58,30.87,30.37,20746,63370000,0.09,0.30,1.64,6.92
2015-03-30,30.66,31.06,31.22,30.41,37616,116020000,0.48,1.57,2.65,12.54
2015-03-31,31.22,31.73,32.50,31.20,67191,214430000,0.67,2.16,4.19,22.40
2015-04-01,31.41,33.60,34.88,31.40,75563,248420000,1.87,5.89,10.97,25.19
2015-04-02,33.35,35.75,35.99,33.30,77215,266110000,2.15,6.40,8.01,25.74
2015-04-03,35.39,36.25,36.80,35.08,67286,242780000,0.50,1.40,4.81,22.43
2015-04-07,36.19,36.48,36.79,35.45,54781,198450000,0.23,0.63,3.70,18.26
2015-04-08,36.20,39.58,40.11,36.11,70207,270710000,3.10,8.50,10.96,23.40
2015-04-09,38.80,38.79,40.09,35.88,43794,168270000,-0.79,-2.00,10.64,14.60
2015-04-10,38.63,40.38,42.16,37.70,45905,184600000,1.59,4.10,11.50,15.30
2015-04-13,40.33,41.16,41.78,39.88,30942,126140000,0.78,1.93,4.71,10.31
2015-04-14,40.88,39.16,41.92,38.57,49183,195140000,-2.00,-4.86,8.14,16.39
2015-04-15,38.12,38.02,39.25,37.20,27871,107440000,-1.14,-2.91,5.23,9.29
2015-04-16,38.02,39.08,39.38,37.20,25713,99630000,1.06,2.79,5.73,8.57
2015-04-17,39.10,38.71,40.80,38.20,36260,141950000,-0.37,-0.95,6.65,12.09
2015-04-20,38.71,35.88,38.71,35.84,50393,185310000,-2.83,-7.31,7.41,16.80
2015-04-21,36.00,37.01,37.15,35.88,25970,95250000,1.13,3.15,3.54,8.66
2015-04-22,36.50,37.35,37.58,36.22,39677,146940000,0.34,0.92,3.67,13.23
2015-04-23,37.57,38.35,38.45,36.60,53871,201490000,1.00,2.68,4.95,17.96
2015-04-24,37.70,39.18,39.93,37.35,45345,176910000,0.83,2.16,6.73,15.11
2015-04-27,38.80,38.54,39.58,38.00,27142,104660000,-0.64,-1.63,4.03,9.05
2015-04-28,38.70,36.74,38.91,36.40,23912,89010000,-1.80,-4.67,6.51,7.97
2015-04-29,36.43,37.02,37.20,36.36,14894,55050000,0.28,0.76,2.29,4.96
2015-04-30,37.35,37.12,37.71,36.95,14868,55500000,0.10,0.27,2.05,4.96
2015-05-04,36.82,36.77,37.15,35.95,13382,48930000,-0.35,-0.94,3.23,4.46
2015-05-05,36.76,36.46,37.29,36.12,14945,55000000,-0.31,-0.84,3.18,4.98
2015-05-06,36.20,35.51,36.93,35.40,15483,56360000,-0.95,-2.61,4.20,5.16
2015-05-07,35.21,34.15,35.49,34.07,13689,47350000,-1.36,-3.83,4.00,4.56
2015-05-08,34.66,35.39,35.40,34.60,16251,56800000,1.24,3.63,2.34,5.42
2015-05-11,36.12,37.42,37.50,35.60,27066,99460000,2.03,5.74,5.37,9.02
2015-05-12,37.59,38.11,38.66,37.38,28232,107220000,0.69,1.84,3.42,9.41
2015-05-13,37.91,39.05,39.70,37.50,35109,135560000,0.94,2.47,5.77,11.70
2015-05-14,39.08,41.60,42.05,38.75,57557,233390000,2.55,6.53,8.45,19.19
2015-05-15,41.03,42.27,43.30,39.90,54614,226600000,0.67,1.61,8.17,18.20
2015-05-18,42.68,45.53,46.43,41.88,55463,247890000,3.26,7.71,10.76,18.49
2015-05-19,45.87,44.49,47.30,43.02,44396,197520000,-1.04,-2.28,9.40,14.80
2015-05-20,44.02,42.98,46.18,42.11,50916,227820000,-1.51,-3.39,9.15,16.97
2015-05-21,42.98,45.48,45.50,42.41,41125,181470000,2.50,5.82,7.19,13.71
2015-05-22,46.40,49.25,49.60,44.32,65327,305080000,3.77,8.29,11.61,21.78
2015-05-25,48.66,52.23,53.20,46.88,63469,325160000,2.98,6.05,12.83,21.16
2015-05-26,52.27,57.45,57.45,52.21,61953,339050000,5.22,9.99,10.03,20.65
2015-05-27,58.70,63.20,63.20,57.45,69873,426650000,5.75,10.01,10.01,23.29
2015-06-03,56.98,56.88,62.00,56.88,73871,429070000,-6.32,-10.00,8.10,24.62
2015-06-04,55.50,52.03,56.68,51.19,62723,329810000,-4.85,-8.53,9.65,20.91
2015-06-05,52.41,52.35,54.58,51.01,44805,236060000,0.47,0.91,6.88,14.93
2015-06-08,52.26,47.77,52.26,47.30,55214,268640000,-4.58,-8.75,9.47,18.40
2015-06-09,47.82,48.13,49.49,47.62,36794,178350000,0.36,0.75,3.91,12.26
2015-06-10,47.71,50.32,51.39,47.53,42375,211180000,2.19,4.55,8.02,14.13
2015-06-11,50.99,54.31,55.35,50.80,49946,266650000,3.99,7.93,9.04,16.65
2015-06-12,54.99,52.24,56.88,51.74,54152,292730000,-2.07,-3.81,9.46,18.05
2015-06-15,52.30,48.34,52.30,48.20,40209,199660000,-3.90,-7.47,7.85,13.40
2015-06-16,48.00,49.50,49.74,46.50,30887,148630000,1.16,2.40,6.70,10.30
2015-06-17,48.97,49.73,50.10,47.50,24198,118350000,0.23,0.46,5.25,8.07
2015-06-18,49.26,46.62,49.48,46.52,20397,98390000,-3.11,-6.25,5.95,6.80
2015-06-19,45.35,42.06,46.00,42.00,24071,106310000,-4.56,-9.78,8.58,8.02
2015-06-23,42.49,44.95,45.00,41.10,27352,118140000,2.89,6.87,9.27,9.12
2015-06-24,45.42,45.95,46.24,44.70,28771,130990000,1.00,2.22,3.43,9.59
2015-06-25,45.93,42.91,45.93,42.60,25785,114550000,-3.04,-6.62,7.25,8.60
2015-06-26,42.00,39.13,42.04,38.62,29776,118660000,-3.78,-8.81,7.97,9.93
2015-06-29,41.05,39.40,41.15,36.00,29975,117680000,0.27,0.69,13.16,9.99
2015-06-30,38.57,43.10,43.34,37.00,30554,123790000,3.70,9.39,16.09,10.18
2015-07-01,42.90,39.81,44.68,39.50,29296,125640000,-3.29,-7.63,12.02,9.77
2015-07-02,40.87,37.89,40.87,37.40,23254,90570000,-1.92,-4.82,8.72,7.75
2015-07-03,37.98,37.25,39.95,35.48,25820,96870000,-0.64,-1.69,11.80,8.61
2015-07-06,40.93,36.31,40.93,35.00,30053,114370000,-0.94,-2.52,15.92,10.02
2015-07-07,34.00,32.68,35.98,32.68,18910,62920000,-3.63,-10.00,9.09,6.30
2015-07-08,29.41,29.41,29.41,29.41,4370,12850000,-3.27,-10.01,0.00,1.46
2015-07-09,26.47,32.35,32.35,26.47,35809,108990000,2.94,10.00,19.99,11.94
2015-07-10,33.50,35.59,35.59,33.50,23337,82040000,3.24,10.02,6.46,7.78
2015-07-13,37.00,39.15,39.15,36.00,49473,190020000,3.56,10.00,8.85,16.49
2015-07-14,38.00,38.12,41.18,37.60,51959,202650000,-1.03,-2.63,9.14,17.32
2015-07-15,38.40,34.51,38.40,34.31,39194,139170000,-3.61,-9.47,10.73,13.06
2015-07-16,33.00,34.97,36.38,32.08,18551,63950000,0.46,1.33,12.46,6.18
2015-07-17,35.39,36.89,37.66,34.84,26481,96650000,1.92,5.49,8.06,8.83
2015-07-20,36.64,36.72,37.90,35.80,28394,104780000,-0.17,-0.46,5.69,9.46
2015-07-21,36.09,36.89,37.58,35.55,23461,85980000,0.17,0.46,5.53,7.82
2015-07-22,36.66,37.26,37.74,36.31,25069,92940000,0.37,1.00,3.88,8.36
2015-07-23,37.40,39.78,40.40,37.30,40274,156530000,2.52,6.76,8.32,13.42
2015-07-24,40.00,38.62,40.45,38.45,38742,153770000,-1.16,-2.92,5.03,12.91
2015-07-27,37.80,34.76,39.40,34.76,31187,116290000,-3.86,-9.99,12.01,10.40
2015-07-28,32.56,33.12,35.66,31.35,24837,82360000,-1.64,-4.72,12.40,8.28
2015-07-29,33.60,36.43,36.43,33.00,24434,84750000,3.31,9.99,10.36,8.14
2015-07-30,36.60,37.65,39.50,36.00,41721,160150000,1.22,3.35,9.61,13.91
2015-07-31,34.68,35.93,37.87,34.26,35949,128500000,-1.72,-4.57,9.59,11.98
2015-08-03,35.00,33.78,35.96,33.08,23431,80370000,-2.15,-5.98,8.02,7.81
2015-08-04,34.00,35.89,35.97,33.26,24616,85870000,2.11,6.25,8.02,8.21
2015-08-05,35.98,36.39,37.50,35.08,36331,133080000,0.50,1.39,6.74,12.11
2015-08-06,35.51,36.13,36.99,35.05,25403,91710000,-0.26,-0.71,5.33,8.47
2015-08-07,36.13,37.99,38.69,36.13,34656,130050000,1.86,5.15,7.09,11.55
2015-08-10,38.11,40.31,41.18,37.80,39568,154900000,2.32,6.11,8.90,13.19
2015-08-11,39.80,39.11,40.00,38.53,37527,147780000,-1.20,-2.98,3.65,12.51
2015-08-12,38.65,37.76,39.25,37.70,21228,81820000,-1.35,-3.45,3.96,7.08
2015-08-13,37.64,38.40,38.50,37.30,18402,70030000,0.64,1.69,3.18,6.13
2015-08-14,38.40,38.55,39.14,38.30,18915,73140000,0.15,0.39,2.19,6.31
2015-08-17,38.50,38.68,38.76,36.90,22672,86100000,0.13,0.34,4.82,7.56
2015-08-18,38.51,34.81,39.18,34.81,21205,78530000,-3.87,-10.01,11.30,7.07
2015-08-19,33.97,34.99,35.43,31.63,23425,79140000,0.18,0.52,10.92,7.81
2015-08-20,34.78,33.33,34.88,33.30,12902,44060000,-1.66,-4.74,4.52,4.30
2015-08-21,32.92,31.25,33.47,31.01,16767,53830000,-2.08,-6.24,7.38,5.59
2015-08-24,30.00,28.13,30.39,28.13,14733,42140000,-3.12,-9.98,7.23,4.91
2015-08-25,26.50,25.32,28.11,25.32,17655,46140000,-2.81,-9.99,9.92,5.89
2015-08-26,25.99,26.05,27.66,24.80,22924,60340000,0.73,2.88,11.30,7.64
2015-08-27,26.49,27.47,27.50,25.83,17781,47410000,1.42,5.45,6.41,5.93
2015-08-28,27.68,29.23,29.48,27.46,20728,58460000,1.76,6.41,7.35,6.91
2015-08-31,28.71,29.27,30.22,28.30,24814,72510000,0.04,0.14,6.57,8.27
2015-09-01,28.57,26.34,28.57,26.34,13369,36140000,-2.93,-10.01,7.62,4.46
2015-09-02,24.98,24.81,27.00,24.26,14678,37250000,-1.53,-5.81,10.40,4.89
2015-09-07,25.30,25.56,26.75,25.05,8891,22960000,0.75,3.02,6.85,2.96
2015-09-08,25.75,27.28,27.39,25.20,15670,40980000,1.72,6.73,8.57,5.22
2015-09-09,27.51,28.31,28.48,27.11,20045,56150000,1.03,3.78,5.02,6.68
2015-09-10,27.91,26.92,27.98,26.91,12101,33320000,-1.39,-4.91,3.78,4.03
2015-09-11,27.00,27.38,27.60,26.85,7095,19320000,0.46,1.71,2.79,2.37
2015-09-14,27.16,24.64,27.50,24.64,14054,36300000,-2.74,-10.01,10.45,4.68
2015-09-15,24.80,24.61,25.97,24.41,13656,34220000,-0.03,-0.12,6.33,4.55
2015-09-16,24.51,26.34,27.07,24.51,17917,46260000,1.73,7.03,10.40,5.97
2015-09-17,26.44,25.82,26.90,25.80,17009,44720000,-0.52,-1.97,4.18,5.67
2015-09-18,26.00,25.96,26.30,25.50,7517,19450000,0.14,0.54,3.10,2.51
2015-09-21,25.50,26.87,26.96,25.30,13338,35160000,0.91,3.51,6.39,4.45
2015-09-22,26.90,27.40,27.48,26.69,14664,39730000,0.53,1.97,2.94,4.89
2015-09-23,26.90,26.95,27.29,26.50,10259,27640000,-0.45,-1.64,2.88,3.42
2015-09-24,26.93,27.51,27.58,26.93,12281,33550000,0.56,2.08,2.41,4.09
2015-09-25,27.49,25.85,27.49,25.70,9908,26240000,-1.66,-6.03,6.51,3.30
2015-09-28,25.88,26.45,26.50,25.51,8892,23170000,0.60,2.32,3.83,2.96
2015-09-29,25.94,25.25,26.28,24.96,18837,47750000,-1.20,-4.54,4.99,6.28
2015-09-30,25.30,25.71,25.87,25.21,10301,26290000,0.46,1.82,2.61,3.43
2015-10-08,27.00,27.08,27.18,26.39,18323,49140000,1.37,5.33,3.07,6.11
2015-10-09,26.90,27.21,27.30,26.78,14701,39780000,0.13,0.48,1.92,4.90
2015-10-12,27.59,28.99,29.25,27.50,29019,83340000,1.78,6.54,6.43,9.67
2015-10-13,28.69,29.08,29.40,28.69,16487,47770000,0.09,0.31,2.45,5.50
2015-10-14,29.08,29.49,30.53,28.58,31473,92630000,0.41,1.41,6.71,10.49
2015-10-15,29.20,31.06,31.27,29.08,38296,114170000,1.57,5.32,7.43,12.77
2015-10-16,30.80,30.57,30.98,29.80,32801,99450000,-0.49,-1.58,3.80,10.93
2015-10-19,30.60,29.57,30.70,29.30,23288,69700000,-1.00,-3.27,4.58,7.76
2015-10-20,29.95,30.29,30.44,29.68,22218,67060000,0.72,2.43,2.57,7.41
2015-10-21,30.45,27.83,30.87,27.80,29697,87630000,-2.46,-8.12,10.14,9.90
2015-10-22,27.80,28.77,28.82,27.80,16276,46150000,0.94,3.38,3.67,5.43
2015-10-23,28.90,30.03,30.16,28.90,19066,56290000,1.26,4.38,4.38,6.36
2015-10-26,30.30,30.61,30.77,29.91,19750,60050000,0.58,1.93,2.86,6.58
2015-10-27,30.41,30.96,31.50,29.02,22408,67810000,0.35,1.14,8.10,7.47
2015-10-28,30.57,30.39,31.40,30.30,23730,73250000,-0.57,-1.84,3.55,7.91
2015-10-29,30.31,31.08,31.33,30.06,22517,69350000,0.69,2.27,4.18,7.51
2015-10-30,31.04,31.79,32.00,30.46,25182,78790000,0.71,2.28,4.96,8.39
2015-11-02,31.18,32.62,34.10,30.92,40151,131370000,0.83,2.61,10.00,13.38
2015-11-03,32.61,33.39,33.56,32.00,29514,97310000,0.77,2.36,4.78,9.84
2015-11-04,33.40,34.56,34.60,33.00,32516,110060000,1.17,3.50,4.79,10.84
2015-11-05,34.40,33.60,35.00,33.51,24260,82690000,-0.96,-2.78,4.31,8.09
2015-11-06,33.50,34.38,34.50,33.50,23116,78960000,0.78,2.32,2.98,7.71
2015-11-09,34.35,35.86,35.97,33.55,33257,117090000,1.48,4.30,7.04,11.09
2015-11-10,35.52,34.80,36.31,34.00,27041,94950000,-1.06,-2.96,6.44,9.01
2016-03-03,31.32,31.32,33.00,31.32,66811,212710000,-3.48,-10.00,4.83,16.67
2016-03-04,29.68,28.19,29.68,28.19,48982,140130000,-3.13,-9.99,4.76,12.22
2016-03-07,28.00,28.40,29.11,27.57,29378,83550000,0.21,0.74,5.46,7.33
2016-03-08,27.99,27.62,28.30,25.90,24075,64870000,-0.78,-2.75,8.45,6.01
2016-03-09,26.55,27.29,27.37,26.31,15662,42090000,-0.33,-1.19,3.84,3.91
2016-03-10,27.40,26.49,27.48,26.33,13046,35110000,-0.80,-2.93,4.21,3.26
2016-03-11,26.01,26.59,26.83,25.88,12248,32240000,0.10,0.38,3.59,3.06
2016-03-14,26.74,27.44,27.78,26.74,21336,58500000,0.85,3.20,3.91,5.32
2016-03-15,27.50,26.84,27.66,26.69,24141,65440000,-0.60,-2.19,3.54,6.02
2016-03-16,27.08,26.67,27.30,26.40,12080,32440000,-0.17,-0.63,3.35,3.01
2016-03-17,26.90,27.46,27.55,26.63,18399,50000000,0.79,2.96,3.45,4.59
2016-03-18,27.64,28.36,28.58,27.47,27501,77240000,0.90,3.28,4.04,6.86
2016-03-21,28.75,29.18,29.29,28.38,31198,89690000,0.82,2.89,3.21,7.78
2016-03-22,28.81,28.87,29.39,28.68,27148,78830000,-0.31,-1.06,2.43,6.77
2016-03-23,28.70,30.98,31.76,28.66,59625,180310000,2.11,7.31,10.74,14.88
2016-03-24,30.50,29.44,30.81,29.42,37012,111960000,-1.54,-4.97,4.49,9.23
2016-03-25,29.43,29.57,29.93,29.20,24714,73120000,0.13,0.44,2.48,6.17
2016-03-28,29.68,29.86,30.75,29.43,30971,93780000,0.29,0.98,4.46,7.73
2016-03-29,29.55,29.06,30.08,28.31,17758,51750000,-0.80,-2.68,5.93,4.43
2016-03-30,29.22,30.31,30.49,29.22,19147,57310000,1.25,4.30,4.37,4.78
2016-03-31,30.31,31.41,32.02,30.20,42216,131710000,1.10,3.63,6.00,10.53
2016-04-01,31.38,32.48,32.70,31.06,36770,118070000,1.07,3.41,5.22,9.17
2016-04-05,32.48,33.60,34.34,31.27,40610,132850000,1.12,3.45,9.45,10.13
2016-04-06,33.58,34.76,34.84,33.28,50176,172080000,1.16,3.45,4.64,12.52
2016-04-07,34.76,35.24,35.35,34.08,43966,153220000,0.48,1.38,3.65,10.97
2016-04-08,35.50,35.25,35.65,34.21,58229,204510000,0.01,0.03,4.09,14.53
2016-04-11,31.75,32.84,33.49,31.75,110285,357970000,-2.41,-6.84,4.94,27.52
2016-04-12,32.22,31.51,32.28,31.12,48663,154470000,-1.33,-4.05,3.53,12.14
2016-04-13,31.59,31.71,32.24,31.50,36402,116290000,0.20,0.63,2.35,9.08
2016-04-14,31.95,32.44,32.48,31.78,31273,100530000,0.73,2.30,2.21,7.80
2016-04-15,32.40,32.32,33.20,32.25,33279,108600000,-0.12,-0.37,2.93,8.30
2016-04-18,31.70,31.07,31.80,30.81,24912,77720000,-1.25,-3.87,3.06,6.22
2016-04-19,31.37,31.27,31.40,30.60,30642,95240000,0.20,0.64,2.57,7.65
2016-04-20,31.20,29.21,31.41,28.76,40403,121700000,-2.06,-6.59,8.47,10.08
2016-04-21,29.21,28.67,29.44,28.60,20710,60190000,-0.54,-1.85,2.88,5.17
2016-04-22,28.35,29.32,29.36,28.35,15433,44670000,0.65,2.27,3.52,3.85
2016-04-25,29.02,29.29,29.48,28.62,14955,43440000,-0.03,-0.10,2.93,3.73
2016-04-26,29.28,29.46,29.60,29.14,17025,50010000,0.17,0.58,1.57,4.25
2016-04-27,29.48,29.92,30.33,29.48,23761,71310000,0.46,1.56,2.89,5.93
2016-04-28,29.80,29.49,29.90,28.51,18307,53520000,-0.43,-1.44,4.65,4.57
2016-04-29,29.32,29.49,29.75,29.00,14632,42990000,0.00,0.00,2.54,3.65
2016-05-09,29.00,27.94,29.00,27.30,19752,55280000,-1.55,-5.26,5.76,4.93
2016-05-10,27.83,28.12,28.26,27.62,12521,35070000,0.18,0.64,2.29,3.12
2016-05-11,28.12,27.63,28.42,27.58,11533,32340000,-0.49,-1.74,2.99,2.88
2016-05-12,27.40,27.83,27.87,26.68,11195,30470000,0.20,0.72,4.31,2.79
2016-05-13,28.00,28.19,28.47,27.65,11236,31660000,0.36,1.29,2.95,2.80
2016-05-16,28.19,28.81,28.82,27.90,11347,32170000,0.62,2.20,3.26,2.83
2016-05-17,28.75,28.50,28.98,28.20,11860,33910000,-0.31,-1.08,2.71,2.96
2016-05-18,28.44,27.40,28.44,27.11,13342,36870000,-1.10,-3.86,4.67,3.33
2016-05-19,27.68,27.60,28.11,27.41,9841,27310000,0.20,0.73,2.55,2.46
2016-05-20,27.31,27.92,27.97,27.05,7926,21870000,0.32,1.16,3.33,1.98
2016-05-23,28.15,28.53,28.78,28.11,17148,48840000,0.61,2.18,2.40,4.28
2016-05-24,28.50,28.41,28.50,28.02,12522,35360000,-0.12,-0.42,1.68,3.12
2016-05-25,28.60,28.62,28.77,28.22,13188,37660000,0.21,0.74,1.94,3.29
2016-05-26,28.76,29.25,29.27,28.35,21471,61990000,0.63,2.20,3.21,5.36
2016-05-27,29.26,30.40,30.75,29.00,40998,122780000,1.15,3.93,5.98,10.23
2016-05-30,30.05,29.68,30.35,29.55,20791,62140000,-0.72,-2.37,2.63,5.19
2016-05-31,29.65,30.64,30.79,29.65,30496,92720000,0.96,3.23,3.84,7.61
2016-06-01,30.65,30.62,31.19,30.40,29849,91910000,-0.02,-0.07,2.58,7.45
2016-06-02,30.65,30.67,30.85,30.13,25107,76450000,0.05,0.16,2.35,6.26
2016-06-03,30.76,31.00,31.19,30.14,30897,95160000,0.33,1.08,3.42,7.71
2016-06-06,31.19,30.96,31.19,30.48,22549,69510000,-0.04,-0.13,2.29,5.63
2016-06-07,30.91,31.39,31.50,30.60,25584,79470000,0.43,1.39,2.91,6.38
2016-06-08,31.35,30.95,31.38,30.68,18401,57160000,-0.44,-1.40,2.23,4.59
2016-06-13,30.27,28.62,30.39,28.53,22216,66090000,-2.33,-7.53,6.01,5.54
2016-06-14,28.30,28.57,28.78,28.23,14035,39920000,-0.05,-0.17,1.92,3.50
2016-06-15,28.38,29.59,29.90,28.11,19080,56090000,1.02,3.57,6.27,4.76
2016-06-16,29.53,30.00,30.16,29.38,18086,54150000,0.41,1.39,2.64,4.51
2016-06-17,30.15,30.71,30.96,30.05,23599,72240000,0.71,2.37,3.03,5.89
2016-06-20,30.85,31.03,31.25,30.30,24157,74490000,0.32,1.04,3.09,6.03
2016-06-21,31.12,30.55,31.30,30.35,20949,64660000,-0.48,-1.55,3.06,5.23
2016-06-22,30.49,32.12,32.28,30.20,42016,133100000,1.57,5.14,6.81,10.48
2016-06-23,31.82,31.93,32.16,31.35,27613,87610000,-0.19,-0.59,2.52,6.89
2016-06-24,31.75,31.18,32.29,30.38,28814,90530000,-0.75,-2.35,5.98,7.19
2016-06-27,31.02,32.27,32.32,31.02,27573,88080000,1.09,3.50,4.17,6.88
2016-06-28,32.03,32.47,32.90,31.94,24265,78820000,0.20,0.62,2.97,6.05
2016-06-29,32.59,32.38,32.66,32.18,21031,68170000,-0.09,-0.28,1.48,5.25
2016-06-30,32.48,32.78,33.10,32.31,26378,86440000,0.40,1.24,2.44,6.58
2016-07-01,32.90,33.19,33.29,32.66,27805,91850000,0.41,1.25,1.92,6.94
2016-07-04,33.15,33.35,33.53,32.66,32607,108320000,0.16,0.48,2.62,8.14
2016-07-05,33.40,33.11,33.44,32.84,22462,74410000,-0.24,-0.72,1.80,5.60
2016-07-06,33.00,34.12,34.50,32.78,35987,121440000,1.01,3.05,5.19,8.98
2016-07-07,34.29,34.16,34.29,33.60,31567,107040000,0.04,0.12,2.02,7.88
2016-07-08,34.03,34.46,34.99,34.00,26753,92100000,0.30,0.88,2.90,6.68
2016-07-11,34.35,34.16,34.65,33.84,22832,78200000,-0.30,-0.87,2.35,5.70
2016-07-12,34.01,33.83,34.18,32.50,24767,82810000,-0.33,-0.97,4.92,6.18
2016-07-13,33.83,33.60,34.00,33.28,14174,47680000,-0.23,-0.68,2.13,3.54
2016-07-14,33.60,34.27,34.29,33.60,20412,69460000,0.67,1.99,2.05,5.09
2016-07-15,34.27,34.24,34.41,33.91,14565,49780000,-0.03,-0.09,1.46,3.63
2016-07-18,34.24,35.08,35.67,34.02,27391,95960000,0.84,2.45,4.82,6.83
2016-07-19,35.73,34.36,35.75,34.13,23997,83040000,-0.72,-2.05,4.62,5.99
2016-07-20,34.00,34.32,34.80,34.00,10700,36910000,-0.04,-0.12,2.33,2.67
2016-07-21,34.52,34.22,34.63,34.12,12111,41500000,-0.10,-0.29,1.49,3.02
2016-07-22,34.10,33.60,34.34,33.08,18489,62630000,-0.62,-1.81,3.68,4.61
2016-07-25,22.30,22.01,22.69,21.84,15118,33630000,-0.30,-1.34,3.81,2.51
2016-07-26,21.93,22.16,22.25,21.71,22772,50120000,0.15,0.68,2.45,3.79
2016-07-27,22.17,20.72,22.38,20.39,31274,66850000,-1.44,-6.50,8.98,5.20
2016-07-28,20.72,20.62,20.83,20.16,21501,44140000,-0.10,-0.48,3.23,3.58
2016-07-29,20.59,20.38,20.70,20.23,13221,26940000,-0.24,-1.16,2.28,2.20
2016-08-01,20.37,20.24,20.47,19.81,14679,29440000,-0.14,-0.69,3.24,2.44
2016-08-02,20.33,20.75,20.80,20.26,14479,29710000,0.51,2.52,2.67,2.41
2016-08-03,21.75,22.83,22.83,21.39,42586,95090000,2.08,10.02,6.94,7.08
2016-08-04,24.90,23.67,24.90,23.30,125339,300750000,0.84,3.68,7.01,20.85
2016-08-05,23.99,24.36,25.97,23.75,106542,263140000,0.69,2.92,9.38,17.72
2016-08-08,24.00,24.99,25.64,23.50,98550,242560000,0.63,2.59,8.78,16.39
2016-08-09,24.60,24.62,24.99,24.03,67832,165620000,-0.37,-1.48,3.84,11.28
2016-08-10,24.37,24.12,24.45,23.87,56843,137050000,-0.50,-2.03,2.36,9.46
2016-08-11,24.13,23.81,24.49,23.70,40522,97440000,-0.31,-1.29,3.28,6.74
2016-08-12,24.05,23.89,24.05,23.48,33396,79290000,0.08,0.34,2.39,5.56
2016-08-15,24.05,24.64,24.92,23.53,65460,159750000,0.75,3.14,5.82,10.89
2016-08-16,24.36,24.44,24.53,24.16,45248,110250000,-0.20,-0.81,1.50,7.53
2016-08-17,24.39,24.88,25.05,23.68,74041,180500000,0.44,1.80,5.61,12.32
2016-08-18,24.50,24.29,24.68,24.10,40338,98310000,-0.59,-2.37,2.33,6.71
2016-08-19,24.20,24.03,24.30,23.87,24828,59540000,-0.26,-1.07,1.77,4.13
2016-08-22,24.03,24.04,24.23,23.69,20729,49570000,0.01,0.04,2.25,3.45
2016-08-23,24.10,23.69,24.21,23.51,20167,48010000,-0.35,-1.46,2.91,3.35
2016-08-24,23.66,23.78,24.06,23.66,16573,39480000,0.09,0.38,1.69,2.76
2016-08-25,23.74,22.84,23.80,22.50,32378,74440000,-0.94,-3.95,5.47,5.39
2016-08-26,22.81,22.85,23.09,22.59,19213,43980000,0.01,0.04,2.19,3.20
2016-08-29,22.80,22.70,22.80,22.43,13947,31580000,-0.15,-0.66,1.62,2.32
2016-08-30,22.83,23.42,23.62,22.73,30394,70600000,0.72,3.17,3.92,5.06
2016-08-31,23.23,23.57,23.98,23.23,24886,58750000,0.15,0.64,3.20,4.14
2016-09-01,23.61,23.53,23.78,23.28,21209,49990000,-0.04,-0.17,2.12,3.53
2016-09-02,23.38,23.00,23.60,22.99,11054,25670000,-0.53,-2.25,2.59,1.84
2016-09-05,22.94,23.73,24.30,22.75,24073,56880000,0.73,3.17,6.74,4.00
2016-09-06,23.55,23.75,23.96,23.38,17796,42130000,0.02,0.08,2.44,2.96
2016-09-07,23.70,23.89,24.15,23.70,24919,59730000,0.14,0.59,1.89,4.14
2016-09-08,23.86,24.29,24.70,23.86,31585,77020000,0.40,1.67,3.52,5.25
2016-09-09,24.22,23.81,24.48,23.80,18679,44770000,-0.48,-1.98,2.80,3.11
2016-09-12,23.13,22.80,23.39,22.76,16011,36830000,-1.01,-4.24,2.65,2.66
2016-09-13,23.07,23.05,23.20,22.87,8266,19000000,0.25,1.10,1.45,1.37
2016-09-14,22.99,23.19,23.30,22.81,12802,29600000,0.14,0.61,2.13,2.13
2016-09-19,23.19,23.89,24.00,23.02,22566,52950000,0.70,3.02,4.23,3.75
2016-09-20,24.05,24.11,24.34,23.89,48304,116500000,0.22,0.92,1.88,8.03
2016-09-21,24.13,24.10,24.22,23.78,36387,87090000,-0.01,-0.04,1.83,6.05
2016-09-22,24.10,24.19,24.35,24.05,31483,76110000,0.09,0.37,1.24,5.24
2016-09-23,24.25,24.16,24.28,24.02,18022,43490000,-0.03,-0.12,1.07,3.00
2016-09-26,24.20,24.10,24.20,23.90,25445,61150000,-0.06,-0.25,1.24,4.23
2016-09-27,24.03,24.22,24.30,24.03,37319,90240000,0.12,0.50,1.12,6.21
2016-09-28,24.23,24.15,24.49,24.10,37183,90170000,-0.07,-0.29,1.61,6.18
2016-09-29,24.14,24.18,24.36,24.05,28016,67730000,0.03,0.12,1.28,4.66
2016-09-30,24.15,24.24,24.32,24.11,24789,59980000,0.06,0.25,0.87,4.12
2016-10-10,24.30,24.35,24.45,24.09,41644,101160000,0.11,0.45,1.49,6.93
2016-10-11,24.30,24.29,24.48,24.18,34568,83970000,-0.06,-0.25,1.23,5.75
2016-10-12,24.30,23.93,24.30,23.89,34340,82490000,-0.36,-1.48,1.69,5.71
2016-10-13,23.94,23.89,24.09,23.80,18895,45180000,-0.04,-0.17,1.21,3.14
2016-10-14,23.83,23.64,23.88,23.40,20030,47260000,-0.25,-1.05,2.01,3.33
2016-10-17,23.80,23.50,23.80,23.46,15284,36120000,-0.14,-0.59,1.44,2.54
2016-10-18,23.75,24.11,24.12,23.70,29328,70270000,0.61,2.60,1.79,4.88
2016-10-19,24.13,24.05,24.21,23.90,19230,46180000,-0.06,-0.25,1.29,3.20
2016-10-20,23.97,24.10,24.19,23.86,20605,49510000,0.05,0.21,1.37,3.43
2016-10-21,24.10,23.86,24.18,23.60,17254,41150000,-0.24,-1.00,2.41,2.87
2016-10-24,23.81,23.93,24.06,23.65,15246,36490000,0.07,0.29,1.72,2.54
2016-10-25,23.93,24.79,24.85,23.93,72346,178030000,0.86,3.59,3.84,12.03
2016-10-26,24.70,24.39,24.71,24.28,35665,87220000,-0.40,-1.61,1.73,5.93
2016-10-27,24.36,24.21,24.63,24.05,22704,55010000,-0.18,-0.74,2.38,3.78
2016-10-28,24.10,23.63,24.19,23.60,27951,66750000,-0.58,-2.40,2.44,4.65
2016-10-31,23.50,23.46,23.55,23.12,17724,41270000,-0.17,-0.72,1.82,2.95
2016-11-01,23.54,23.88,23.94,23.31,19425,46070000,0.42,1.79,2.69,3.23
2016-11-02,23.83,23.76,24.00,23.66,18437,43890000,-0.12,-0.50,1.42,3.07
2016-11-03,23.78,23.93,23.96,23.50,23422,55720000,0.17,0.72,1.94,3.90
2016-11-04,23.85,24.03,24.16,23.74,24255,58300000,0.10,0.42,1.76,4.03
2016-11-07,24.17,24.05,24.27,23.91,22380,53950000,0.02,0.08,1.50,3.72
2016-11-08,24.10,24.59,24.70,24.10,47499,116450000,0.54,2.25,2.49,7.90
2016-11-09,24.45,24.18,24.65,23.84,37035,89880000,-0.41,-1.67,3.29,6.16
2016-11-10,24.27,25.01,25.20,24.27,53850,133610000,0.83,3.43,3.85,8.96
2016-11-11,25.01,25.04,25.38,24.83,33354,83420000,0.03,0.12,2.20,5.55
2016-11-14,25.10,26.49,27.48,25.05,80074,211910000,1.45,5.79,9.70,13.32
2016-11-15,26.40,26.52,26.85,26.05,48760,129010000,0.03,0.11,3.02,8.11
2016-11-16,26.40,25.75,26.70,25.51,52582,136470000,-0.77,-2.90,4.49,8.75
2016-11-17,25.83,25.78,25.99,25.51,26195,67500000,0.03,0.12,1.86,4.36
2016-11-18,25.89,25.93,26.26,25.43,32440,84310000,0.15,0.58,3.22,5.40
2016-11-21,26.40,26.75,26.88,26.09,52365,139240000,0.82,3.16,3.05,8.71
2016-11-22,26.78,26.93,27.10,26.38,45076,120040000,0.18,0.67,2.69,7.50
2016-11-23,26.94,26.24,26.94,26.18,32551,86440000,-0.69,-2.56,2.82,5.41
2016-11-24,26.18,25.65,26.37,25.46,26549,68730000,-0.59,-2.25,3.47,4.42
2016-11-25,25.80,26.38,26.40,25.15,28090,72800000,0.73,2.85,4.87,4.67
2016-11-28,26.31,25.94,26.57,25.86,24130,63140000,-0.44,-1.67,2.69,4.01
2016-11-29,26.00,25.79,26.00,25.31,22730,58250000,-0.15,-0.58,2.66,3.78
2016-11-30,25.40,25.47,26.24,25.20,20670,52780000,-0.32,-1.24,4.03,3.44
2016-12-01,25.51,25.62,26.09,25.28,26531,68160000,0.15,0.59,3.18,4.41
2016-12-02,25.48,24.54,25.62,24.50,27575,68910000,-1.08,-4.22,4.37,4.59
2016-12-05,24.38,24.54,24.67,24.00,14374,35220000,0.00,0.00,2.73,2.39
2016-12-06,24.54,24.66,24.87,24.54,10464,25860000,0.12,0.49,1.34,1.74
2016-12-07,24.57,25.09,25.12,24.57,11973,29770000,0.43,1.74,2.23,1.99
2016-12-08,25.12,24.80,25.12,24.74,10151,25290000,-0.29,-1.16,1.51,1.69
2016-12-09,24.80,24.59,24.99,24.54,9855,24460000,-0.21,-0.85,1.81,1.64
2016-12-12,24.60,23.07,24.69,22.85,22841,54570000,-1.52,-6.18,7.48,3.80
2016-12-13,23.10,23.11,23.41,22.61,11230,25890000,0.04,0.17,3.47,1.87
2016-12-14,23.28,22.92,23.28,22.80,8919,20540000,-0.19,-0.82,2.08,1.48
2016-12-15,22.92,23.12,23.25,22.80,13334,30770000,0.20,0.87,1.96,2.22
2016-12-16,23.27,24.10,24.34,23.19,26792,64200000,0.98,4.24,4.97,4.46
2016-12-19,23.98,24.19,24.41,23.88,12139,29350000,0.09,0.37,2.20,2.02
2016-12-20,24.04,24.15,24.38,24.01,12967,31400000,-0.04,-0.17,1.53,2.16
2016-12-21,24.18,24.48,24.50,24.15,20061,48740000,0.33,1.37,1.45,3.34
2016-12-22,24.44,23.92,24.45,23.80,16866,40560000,-0.56,-2.29,2.66,2.81
2016-12-23,23.89,23.38,23.92,23.30,11884,27960000,-0.54,-2.26,2.59,1.98
2016-12-26,23.37,23.99,24.04,22.97,13760,32590000,0.61,2.61,4.58,2.29
2016-12-27,24.03,23.93,24.26,23.83,17586,42250000,-0.06,-0.25,1.79,2.93
2016-12-28,23.96,23.85,24.30,23.80,8266,19850000,-0.08,-0.33,2.09,1.37
2016-12-29,24.05,23.83,24.08,23.69,10480,25010000,-0.02,-0.08,1.64,1.74
2016-12-30,23.98,23.94,24.29,23.62,22705,54520000,0.11,0.46,2.81,3.78
2017-01-03,23.94,24.11,24.24,23.94,11718,28250000,0.17,0.71,1.25,1.95
2017-01-04,24.29,24.43,24.47,24.05,15289,37090000,0.32,1.33,1.74,2.54
2017-01-05,24.29,24.25,24.56,24.18,9517,23180000,-0.18,-0.74,1.56,1.58
2017-01-06,24.12,24.31,24.35,24.01,14560,35170000,0.06,0.25,1.40,2.42
2017-01-09,24.30,24.87,25.09,24.01,33864,84160000,0.56,2.30,4.44,5.63
2017-01-10,24.75,24.77,25.08,24.72,21000,52390000,-0.10,-0.40,1.45,3.49
2017-01-11,24.70,25.01,25.25,24.64,23088,57820000,0.24,0.97,2.46,3.84
2017-01-12,24.90,25.07,25.15,24.71,20815,51990000,0.06,0.24,1.76,3.46
2017-01-13,25.15,24.64,25.68,24.58,26449,66610000,-0.43,-1.72,4.39,4.40
2017-01-16,24.52,23.82,24.58,23.09,39394,94600000,-0.82,-3.33,6.05,6.55
2017-01-17,23.82,23.48,23.99,23.22,13845,32660000,-0.34,-1.43,3.23,2.30
2017-01-18,23.50,23.60,23.83,23.30,8923,21060000,0.12,0.51,2.26,1.48
2017-01-19,23.50,23.51,23.70,23.37,4739,11180000,-0.09,-0.38,1.40,0.79
2017-01-20,23.66,24.15,24.18,23.51,12809,30640000,0.64,2.72,2.85,2.13
2017-01-23,24.37,24.27,24.66,23.82,16884,40750000,0.12,0.50,3.48,2.81
2017-01-24,24.40,24.79,24.86,24.10,34169,83550000,0.52,2.14,3.13,5.68
2017-01-25,24.60,23.74,24.60,23.56,38144,91480000,-1.05,-4.24,4.20,6.34
2017-01-26,24.78,23.90,24.78,23.60,12258,29430000,0.16,0.67,4.97,2.04
2017-02-03,23.61,23.40,23.80,23.33,12775,30010000,-0.50,-2.09,1.97,2.12
2017-02-06,23.66,24.39,24.51,23.48,35697,85850000,0.99,4.23,4.40,5.94
2017-02-07,24.39,24.29,24.41,24.06,13365,32381900,-0.10,-0.41,1.435,2.22
2017-02-08,24.39,24.93,25.29,24.16,45631,113256900,0.64,2.63,4.652,7.59
2017-02-09,24.97,24.82,25.09,24.62,20224,50239600,-0.11,-0.44,1.885,3.36
2017-02-10,24.70,24.72,24.93,24.65,14750,36538100,-0.10,-0.40,1.128,2.45
2017-02-13,24.80,24.80,24.98,24.69,16341,40552400,0.08,0.32,1.173,2.72
2017-02-14,24.90,24.60,24.90,24.37,14198,34870900,-0.20,-0.81,2.137,2.36
2017-02-15,24.57,24.99,25.07,24.35,31955,79358800,0.39,1.59,2.927,5.32
2017-02-16,24.93,24.92,25.27,24.73,23328,58406800,-0.07,-0.28,2.161,3.88
2017-02-17,24.96,24.60,24.96,24.40,15519,38260400,-0.32,-1.28,2.247,2.58
2017-02-20,24.40,24.80,24.92,24.32,11829,29183700,0.20,0.81,2.439,1.97
2017-02-21,24.81,24.80,24.88,24.61,11248,27812700,0.00,0.00,1.09,1.87
2017-02-22,24.75,24.94,24.99,24.70,13349,33181900,0.14,0.56,1.17,2.22
2017-02-23,25.07,25.14,25.68,24.96,39377,99472500,0.20,0.80,2.89,6.55
2017-02-24,24.97,24.99,25.39,24.90,17514,44001000,-0.15,-0.60,1.95,2.91
2017-02-27,24.81,24.58,25.00,24.50,15316,37806500,-0.41,-1.64,2.00,2.55
2017-02-28,24.52,25.26,25.28,24.51,28526,71321700,0.68,2.77,3.13,4.74
2017-03-01,25.17,25.53,25.60,25.06,27781,70477400,0.27,1.07,2.14,4.62
2017-03-02,25.50,25.12,25.88,25.08,41313,105676200,-0.41,-1.61,3.13,6.87
2017-03-03,25.03,25.06,25.41,24.97,14239,35770700,-0.06,-0.24,1.75,2.37
2017-03-06,25.16,25.47,25.50,25.05,17797,45106200,0.41,1.64,1.80,2.96
2017-03-07,25.43,25.88,25.95,25.27,39359,100718700,0.41,1.61,2.67,6.55
2017-03-08,25.75,25.60,25.82,25.45,15829,40572500,-0.28,-1.08,1.43,2.63
2017-03-09,25.59,25.26,25.76,25.10,13032,33004400,-0.34,-1.33,2.58,2.17
2017-03-10,25.47,25.12,25.47,25.00,13481,34026300,-0.14,-0.55,1.86,2.24
2017-03-13,25.10,25.87,25.88,25.10,22495,57501900,0.75,2.99,3.11,3.74
2017-03-14,25.88,25.19,25.96,25.15,27767,70706400,-0.68,-2.63,3.13,4.62
2017-03-15,25.11,25.38,25.52,25.10,14382,36424200,0.19,0.75,1.67,2.39
2017-03-16,25.30,26.13,26.79,25.30,41038,107206627,0.75,2.96,5.87,7.47
2017-03-17,26.26,25.59,26.26,25.53,27985,72443825,-0.54,-2.07,2.79,5.09
2017-03-20,25.30,25.91,25.99,25.30,17239,44184500,0.32,1.25,2.70,3.14
2017-03-21,26.07,26.01,26.15,25.72,18606,48213316,0.10,0.39,1.66,3.39
2017-03-22,25.92,26.16,26.32,25.52,24933,64706294,0.15,0.58,3.08,4.54
2017-03-23,26.11,25.89,26.30,25.56,21127,54816554,-0.27,-1.03,2.83,3.85
2017-03-24,25.79,25.87,26.00,25.62,14337,37007749,-0.02,-0.08,1.47,2.61
2017-03-27,25.80,26.32,26.49,25.71,30768,80496617,0.45,1.74,3.02,5.60
2017-03-28,26.40,26.41,26.59,26.06,17313,45478262,0.09,0.34,2.01,3.15
2017-03-29,26.36,26.43,27.15,26.26,46693,125061117,0.02,0.08,3.37,8.50
2017-03-30,26.48,25.74,26.48,25.63,29452,76360611,-0.69,-2.61,3.22,5.36
2017-03-31,25.83,25.74,25.92,25.02,21883,55664994,0.00,0.00,3.50,3.98
2017-04-05,25.70,26.07,26.10,25.60,28257,73176914,0.33,1.28,1.94,5.14
2017-04-06,26.08,26.25,27.00,26.08,28367,75146546,0.18,0.69,3.53,5.16
2017-04-07,26.46,25.39,26.46,25.34,26930,69657546,-0.86,-3.28,4.27,4.90
2017-04-10,25.32,24.99,25.32,24.70,27368,68209881,-0.40,-1.58,2.44,4.98
2017-04-11,24.89,25.89,26.24,24.70,27906,71192443,0.90,3.60,6.16,5.08
2017-04-12,25.90,25.06,25.98,25.00,16967,42992870,-0.83,-3.21,3.79,3.09
2017-04-13,25.20,25.27,25.48,25.00,11837,29907188,0.21,0.84,1.92,2.15
2017-04-14,25.36,24.42,25.36,24.35,15163,37472412,-0.85,-3.36,4.00,2.76
2017-04-17,24.12,23.64,24.20,23.51,11523,27538906,-0.78,-3.19,2.83,1.92
2017-04-18,23.81,23.60,24.34,23.36,9376,22355976,-0.04,-0.17,4.15,1.56
2017-04-19,23.60,23.14,23.62,23.00,9532,22125819,-0.46,-1.95,2.63,1.59
2017-04-20,23.13,22.05,23.44,21.98,15483,34929274,-1.09,-4.71,6.31,2.58
2017-04-21,22.10,22.03,22.40,21.70,10695,23502312,-0.02,-0.09,3.17,1.78
2017-04-24,22.30,22.86,23.12,21.70,19741,44565857,0.83,3.77,6.45,3.28
2017-04-25,22.87,22.42,22.92,21.88,13890,31080292,-0.44,-1.92,4.55,2.31
2017-04-26,22.69,22.18,22.69,21.89,10482,23160788,-0.24,-1.07,3.57,1.74
2017-04-27,22.00,22.52,22.68,21.67,12447,27549807,0.34,1.53,4.55,2.07
2017-04-28,22.45,22.26,22.64,22.10,11186,24907935,-0.26,-1.15,2.40,1.86
2017-05-02,22.26,21.97,22.49,21.90,11016,24446961,-0.29,-1.30,2.65,1.83
2017-05-03,21.93,21.29,22.15,21.18,20634,44410320,-0.68,-3.10,4.42,3.43
2017-05-04,21.20,21.34,21.62,21.00,16572,35243596,0.05,0.23,2.91,2.76
2017-05-05,21.33,21.16,21.44,21.00,7493,15912867,-0.18,-0.84,2.06,1.25
2017-05-08,21.26,20.97,21.26,20.73,11729,24590427,-0.19,-0.90,2.50,1.95
2017-05-09,20.90,21.09,21.20,20.70,8278,17404419,0.12,0.57,2.38,1.38
2017-05-10,21.09,20.71,21.28,20.70,7675,16133663,-0.38,-1.80,2.75,1.28
2017-05-11,20.70,19.44,20.84,19.07,26516,52177931,-1.27,-6.13,8.55,4.41
2017-05-12,19.43,19.63,19.65,18.88,17978,34601790,0.19,0.98,3.96,2.99
2017-05-15,19.44,19.31,19.67,19.20,9693,18844352,-0.32,-1.63,2.39,1.61
2017-05-16,19.30,19.54,19.70,18.90,10969,21122386,0.23,1.19,4.14,1.83
2017-05-17,19.57,19.94,20.37,19.57,17007,34051822,0.40,2.05,4.09,2.83
2017-05-18,19.80,19.93,20.33,19.68,10766,21639715,-0.01,-0.05,3.26,1.79
2017-05-19,20.20,19.94,20.20,19.74,7110,14157227,0.01,0.05,2.31,1.18
2017-05-22,20.00,19.06,20.00,19.05,10945,21323831,-0.88,-4.41,4.76,1.82
2017-05-23,19.08,18.16,19.18,18.06,10933,20281673,-0.90,-4.72,5.88,1.82
2017-05-24,18.05,18.23,18.38,17.71,10367,18763947,0.07,0.39,3.69,1.72
2017-05-25,18.25,18.66,18.75,17.95,9193,16869046,0.43,2.36,4.39,1.53
2017-05-26,18.68,18.48,18.71,18.45,7059,13087476,-0.18,-0.96,1.39,1.17
2017-05-31,19.00,18.53,19.13,18.52,8576,16162025,0.05,0.27,3.30,1.43
2017-06-01,18.50,18.07,18.69,17.98,8291,15121928,-0.46,-2.48,3.83,1.38
2017-06-02,18.09,18.45,18.65,17.69,8670,15729124,0.38,2.10,5.31,1.44
2017-06-05,18.46,18.77,18.81,18.46,10068,18816831,0.32,1.73,1.90,1.68
2017-06-06,18.76,18.99,19.13,18.58,8576,16239063,0.22,1.17,2.93,1.43
2017-06-07,19.00,20.89,20.89,19.00,36191,73815596,1.90,10.01,9.95,6.02
2017-06-08,21.37,21.03,21.52,20.70,38450,81031602,0.14,0.67,3.93,6.40
2017-06-09,21.00,20.71,21.08,20.31,16895,34845640,-0.32,-1.52,3.66,2.81
