日期,开盘,收盘,最高,最低,交易量(手),交易金额(元),涨跌额,涨跌幅(%),振幅(%),换手率(%)
2015-05-27,19.08,19.08,19.08,19.08,102,190000,5.83,44.00,0.00,0.05
2015-05-28,20.99,20.99,20.99,20.99,11,20000,1.91,10.01,0.00,0.01
2015-05-29,23.09,23.09,23.09,23.09,42,100000,2.10,10.00,0.00,0.02
2015-06-01,25.40,25.40,25.40,25.40,23,60000,2.31,10.00,0.00,0.01
2015-06-02,27.94,27.94,27.94,27.94,31,90000,2.54,10.00,0.00,0.02
2015-06-03,30.73,30.73,30.73,30.73,18,60000,2.79,9.99,0.00,0.01
2015-06-04,33.80,33.80,33.80,33.80,92,310000,3.07,9.99,0.00,0.05
2015-06-05,37.18,37.18,37.18,37.18,84,310000,3.38,10.00,0.00,0.04
2015-06-08,40.90,40.90,40.90,40.90,86,350000,3.72,10.01,0.00,0.04
2015-06-09,44.99,44.99,44.99,44.99,430,1930000,4.09,10.00,0.00,0.22
2015-06-10,49.49,49.49,49.49,49.49,288,1430000,4.50,10.00,0.00,0.14
2015-06-11,54.44,54.44,54.44,54.44,139,760000,4.95,10.00,0.00,0.07
2015-06-12,59.88,59.88,59.88,59.88,161,960000,5.44,9.99,0.00,0.08
2015-06-15,65.87,65.87,65.87,65.87,1051,6920000,5.99,10.00,0.00,0.53
2015-06-16,72.46,72.46,72.46,72.46,7693,55740000,6.59,10.00,0.00,3.85
2015-06-17,77.00,71.92,77.00,67.00,123009,882320000,-0.54,-0.75,13.80,61.50
2015-06-18,69.80,65.20,70.18,64.73,82108,547170000,-6.72,-9.34,7.58,41.05
2015-06-19,62.00,58.68,62.93,58.68,39185,237690000,-6.52,-10.00,6.52,19.59
2015-06-23,60.40,62.04,62.90,57.17,35095,211980000,3.36,5.73,9.76,17.55
2015-06-24,63.01,60.62,65.70,59.51,43230,266940000,-1.42,-2.29,9.98,21.62
2015-06-25,59.99,56.21,60.47,56.00,30637,179050000,-4.41,-7.27,7.37,15.32
2015-06-26,54.00,50.59,54.25,50.59,20908,108300000,-5.62,-10.00,6.51,10.45
2015-06-29,49.99,45.53,50.90,45.53,34275,159190000,-5.06,-10.00,10.61,17.14
2015-06-30,43.80,46.74,47.90,40.98,33853,150280000,1.21,2.66,15.20,16.93
2015-07-01,46.00,45.31,50.74,45.02,39409,189440000,-1.43,-3.06,12.24,19.70
2015-07-02,45.50,40.78,46.70,40.78,34298,145430000,-4.53,-10.00,13.07,17.15
2015-07-03,39.50,36.73,41.70,36.70,27509,104950000,-4.05,-9.93,12.26,13.75
2015-07-06,40.40,38.34,40.40,35.20,33100,128630000,1.61,4.38,14.16,16.55
2015-07-07,36.99,34.51,37.50,34.51,23751,84210000,-3.83,-9.99,7.80,11.88
2015-07-08,31.06,31.06,32.45,31.06,31235,97410000,-3.45,-10.00,4.03,15.62
2015-07-09,30.90,34.17,34.17,30.50,24499,82090000,3.11,10.01,11.82,12.25
2015-07-10,37.00,37.59,37.59,36.17,6775,25180000,3.42,10.01,4.16,3.39
2015-07-13,41.35,41.35,41.35,40.20,33533,138360000,3.76,10.00,3.06,16.77
2015-07-14,42.98,45.49,45.49,41.35,54715,244640000,4.14,10.01,10.01,27.36
2015-07-15,45.30,40.94,45.30,40.94,40802,173700000,-4.55,-10.00,9.58,20.40
2015-07-16,38.39,42.61,44.50,38.39,21948,92180000,1.67,4.08,14.92,10.97
2015-07-17,42.61,46.46,46.87,42.61,32326,146640000,3.85,9.04,10.00,16.16
2015-07-20,45.98,46.15,48.08,45.09,27617,128110000,-0.31,-0.67,6.44,13.81
2015-07-21,45.20,47.53,48.33,44.29,25645,119280000,1.38,2.99,8.75,12.82
2015-07-22,47.17,47.41,48.70,45.90,20859,98900000,-0.12,-0.25,5.89,10.43
2015-07-23,47.94,52.15,52.15,47.50,22110,110610000,4.74,10.00,9.81,11.06
2015-07-24,54.50,56.38,57.37,53.05,39725,221900000,4.23,8.11,8.28,19.86
2015-07-27,54.93,50.74,58.42,50.74,22462,122520000,-5.64,-10.00,13.62,11.23
2015-07-28,47.91,46.21,50.50,45.67,21210,99780000,-4.53,-8.93,9.52,10.60
2015-07-29,47.60,50.83,50.83,42.30,25106,115760000,4.62,10.00,18.46,12.55
2015-07-30,49.50,49.36,54.50,48.50,25121,128970000,-1.47,-2.89,11.80,12.56
2015-07-31,47.71,51.05,53.10,47.31,22353,113490000,1.69,3.42,11.73,11.18
2015-08-03,49.95,52.84,53.00,47.80,19835,101480000,1.79,3.51,10.19,9.92
2015-08-04,53.50,55.57,55.60,50.26,27604,149370000,2.73,5.17,10.11,13.80
2015-08-05,54.30,55.96,57.50,52.78,24646,136190000,0.39,0.70,8.49,12.32
2015-08-06,54.20,51.14,55.45,51.00,17252,92240000,-4.82,-8.61,7.95,8.63
2015-08-07,51.61,56.25,56.25,51.61,25743,141740000,5.11,9.99,9.07,12.87
2015-08-10,55.80,57.59,59.99,53.81,46622,260250000,1.34,2.38,10.99,23.31
2015-08-11,56.81,55.53,57.20,55.40,25432,143050000,-2.06,-3.58,3.13,12.72
2015-08-12,54.23,52.46,55.02,52.39,22222,119350000,-3.07,-5.53,4.74,11.11
2015-08-13,52.01,52.91,53.55,51.40,23604,123340000,0.45,0.86,4.10,11.80
2015-08-14,53.11,52.68,53.24,52.16,13371,70340000,-0.23,-0.43,2.04,6.69
2015-08-17,52.68,50.29,52.68,50.25,11756,59850000,-2.39,-4.54,4.61,5.88
2015-08-18,49.05,45.26,51.38,45.26,16791,82020000,-5.03,-10.00,12.17,8.40
2015-08-19,45.00,45.93,46.35,41.20,16005,70830000,0.67,1.48,11.38,8.00
2015-08-20,45.50,45.55,46.98,44.50,12093,55240000,-0.38,-0.83,5.40,6.05
2015-08-21,43.98,42.62,45.00,42.03,10523,45680000,-2.93,-6.43,6.52,5.26
2015-08-24,39.02,38.36,40.00,38.36,17299,66790000,-4.26,-10.00,3.85,8.65
2015-08-25,34.53,35.68,37.16,34.52,16714,58870000,-2.68,-6.99,6.88,8.36
2015-08-26,35.80,36.88,38.75,34.03,23021,84740000,1.20,3.36,13.23,11.51
2015-08-27,36.51,37.66,38.30,34.90,13797,51140000,0.78,2.12,9.22,6.90
2015-08-28,37.85,39.68,39.86,37.61,13587,52460000,2.02,5.36,5.97,6.79
2015-08-31,39.00,35.84,39.00,35.80,11908,44320000,-3.84,-9.68,8.06,5.95
2015-09-01,35.30,32.26,35.87,32.26,11022,36570000,-3.58,-9.99,10.07,5.51
2015-09-02,31.40,31.41,33.88,29.70,11982,37660000,-0.85,-2.63,12.96,5.99
2015-09-07,31.80,32.90,33.36,31.71,8702,28590000,1.49,4.74,5.25,4.35
2015-09-08,32.26,34.90,35.03,32.26,12808,43650000,2.00,6.08,8.42,6.40
2015-09-09,35.30,36.30,37.10,34.83,17755,63690000,1.40,4.01,6.50,8.88
2015-09-10,35.58,36.20,36.90,34.80,18776,66380000,-0.10,-0.28,5.79,9.39
2015-09-11,35.88,38.19,38.38,35.52,23260,86560000,1.99,5.50,7.90,11.63
2015-09-14,38.30,34.38,39.38,34.37,30806,116910000,-3.81,-9.98,13.12,15.40
2015-09-15,33.50,30.94,34.61,30.94,12199,38820000,-3.44,-10.01,10.67,6.10
2015-09-16,30.25,34.03,34.03,30.25,20702,65950000,3.09,9.99,12.22,10.35
2015-09-17,34.03,33.26,35.60,33.03,17222,58740000,-0.77,-2.26,7.55,8.61
2015-09-18,33.49,33.19,33.99,32.56,8620,28630000,-0.07,-0.21,4.30,4.31
2015-09-21,32.90,35.51,35.68,32.52,13218,45720000,2.32,6.99,9.52,6.61
2015-09-22,35.88,37.02,38.52,35.88,14285,53010000,1.51,4.25,7.43,7.14
2015-09-23,36.12,37.39,37.90,35.71,14548,54110000,0.37,1.00,5.92,7.27
2015-09-24,26.60,27.42,27.42,26.00,12938,35140000,2.49,9.99,5.70,4.31
2015-09-25,27.70,24.76,27.90,24.68,44320,116770000,-2.66,-9.70,11.74,14.77
2015-09-28,23.69,25.14,25.78,23.23,18025,43710000,0.38,1.53,10.30,6.01
2015-09-29,24.10,23.76,24.35,23.61,13336,31930000,-1.38,-5.49,2.94,4.45
2015-09-30,24.18,26.14,26.14,24.18,35016,90840000,2.38,10.02,8.25,11.67
2015-10-08,27.60,27.63,28.37,26.20,49264,134790000,1.49,5.70,8.30,16.42
2015-10-09,27.30,27.28,27.45,26.81,24531,66570000,-0.35,-1.27,2.32,8.18
2015-10-12,27.15,28.11,28.49,27.11,31451,87880000,0.83,3.04,5.06,10.48
2015-10-13,28.00,27.86,28.28,27.55,27072,75290000,-0.25,-0.89,2.60,9.02
2015-10-14,27.60,27.12,27.70,26.82,24079,65480000,-0.74,-2.66,3.16,8.03
2015-10-15,26.99,28.08,28.28,26.99,24323,67520000,0.96,3.54,4.76,8.11
2015-10-16,28.12,27.90,28.58,27.59,26246,73170000,-0.18,-0.64,3.53,8.75
2015-10-19,28.30,28.58,29.80,28.11,38248,110470000,0.68,2.44,6.06,12.75
2015-10-20,28.45,29.34,29.49,27.91,32326,92380000,0.76,2.66,5.53,10.78
2015-10-21,29.39,26.41,29.40,26.41,31584,88400000,-2.93,-9.99,10.19,10.53
2015-10-22,25.88,27.06,27.36,25.88,19753,53020000,0.65,2.46,5.60,6.58
2015-10-23,27.08,28.25,28.33,27.08,18448,50950000,1.19,4.40,4.62,6.15
2015-10-26,28.53,28.41,28.80,28.03,22501,63970000,0.16,0.57,2.73,7.50
2015-10-27,28.35,28.07,28.35,26.00,18176,49990000,-0.34,-1.20,8.27,6.06
2015-10-28,27.61,28.10,28.55,27.61,22754,63930000,0.03,0.11,3.35,7.58
2015-10-29,28.10,28.97,29.50,27.85,29844,85760000,0.87,3.10,5.87,9.95
2015-10-30,28.96,29.80,30.10,28.80,38902,114500000,0.83,2.87,4.49,12.97
2015-11-02,29.40,30.73,31.84,28.88,37275,114350000,0.93,3.12,9.93,12.43
2015-11-03,30.52,31.97,32.00,30.04,31598,98560000,1.24,4.04,6.38,10.53
2015-11-04,32.00,33.08,33.35,31.35,38008,122970000,1.11,3.47,6.26,12.67
2015-11-05,33.33,32.21,33.60,31.96,36168,118560000,-0.87,-2.63,4.96,12.06
2015-11-06,32.31,33.38,33.80,31.90,38046,124830000,1.17,3.63,5.90,12.68
2015-11-09,33.00,33.99,34.88,32.51,38064,128220000,0.61,1.83,7.10,12.69
2015-11-10,33.46,33.03,34.05,32.62,31301,104240000,-0.96,-2.82,4.21,10.43
2015-11-11,33.06,36.33,36.33,32.33,41547,143860000,3.30,9.99,12.11,13.85
2015-11-12,38.00,38.50,39.80,37.10,96467,367510000,2.17,5.97,7.43,32.16
2015-11-13,37.59,35.58,38.50,35.00,52012,190180000,-2.92,-7.58,9.09,17.34
2015-11-16,34.70,36.33,36.38,33.20,40195,140900000,0.75,2.11,8.94,13.40
2015-11-17,36.27,35.25,37.36,35.01,36011,130750000,-1.08,-2.97,6.47,12.00
2015-11-18,35.12,33.41,35.58,33.00,32335,111370000,-1.84,-5.22,7.32,10.78
2015-11-19,33.41,34.72,34.95,33.41,24658,84140000,1.31,3.92,4.61,8.22
2015-11-20,34.92,34.55,34.98,33.81,28890,99620000,-0.17,-0.49,3.37,9.63
2015-11-23,34.48,34.84,35.59,34.01,28981,100720000,0.29,0.84,4.57,9.66
2015-11-24,34.54,37.27,37.88,34.27,53655,195440000,2.43,6.97,10.36,17.89
2015-11-25,37.28,39.30,40.00,36.62,70348,272140000,2.03,5.45,9.07,23.45
2015-11-26,39.30,41.09,42.84,38.16,74531,301350000,1.79,4.55,11.91,24.84
2015-11-27,40.00,43.20,45.20,39.70,104924,460680000,2.11,5.14,13.39,34.97
2015-11-30,44.00,45.25,45.98,40.72,98144,428220000,2.05,4.75,12.18,32.71
2015-12-01,44.10,41.67,44.77,40.73,75586,322560000,-3.58,-7.91,8.93,25.20
2015-12-02,40.50,44.99,45.84,40.01,71506,309070000,3.32,7.97,13.99,23.84
2015-12-03,45.30,45.52,47.00,43.80,63412,287680000,0.53,1.18,7.11,21.14
2015-12-04,44.80,46.89,48.00,43.92,68979,321230000,1.37,3.01,8.96,22.99
2015-12-07,45.90,45.09,46.77,44.20,40927,185280000,-1.80,-3.84,5.48,13.64
2015-12-08,44.86,42.45,45.08,42.00,36446,158200000,-2.64,-5.86,6.83,12.15
2015-12-09,43.00,41.28,43.17,40.90,26732,111360000,-1.17,-2.76,5.35,8.91
2015-12-10,41.20,44.39,45.08,41.01,42967,186280000,3.11,7.53,9.86,14.32
2015-12-11,44.30,41.59,44.34,41.50,21511,91690000,-2.80,-6.31,6.40,7.17
2015-12-14,41.61,45.75,45.75,40.90,40937,180760000,4.16,10.00,11.66,13.65
2015-12-15,46.99,45.22,47.88,44.83,37677,173560000,-0.53,-1.16,6.67,12.56
2015-12-16,45.36,47.15,48.00,44.40,48885,227610000,1.93,4.27,7.96,16.30
2015-12-17,48.80,51.87,51.87,48.80,43544,221310000,4.72,10.01,6.51,14.51
2015-12-18,54.00,54.38,56.37,51.87,68920,373010000,2.51,4.84,8.68,22.97
2015-12-21,55.70,57.88,58.74,53.30,48786,273180000,3.50,6.44,10.00,16.26
2015-12-22,57.10,58.75,59.88,54.40,39968,229420000,0.87,1.50,9.47,13.32
2015-12-23,56.23,55.20,57.98,53.50,33478,187390000,-3.55,-6.04,7.63,11.16
2015-12-24,54.00,56.45,56.97,52.55,25842,142900000,1.25,2.26,8.01,8.61
2015-12-25,56.05,55.22,56.80,54.80,14064,78160000,-1.23,-2.18,3.54,4.69
2015-12-28,55.33,53.76,56.49,53.60,22275,123160000,-1.46,-2.64,5.23,7.43
2015-12-29,53.38,54.34,54.90,51.00,19615,104400000,0.58,1.08,7.25,6.54
2015-12-30,54.34,53.31,54.59,51.97,17732,94450000,-1.03,-1.90,4.82,5.91
2015-12-31,53.40,51.29,54.49,50.40,28439,146470000,-2.02,-3.79,7.67,9.48
2016-01-04,51.67,46.16,51.67,46.16,15711,76750000,-5.13,-10.00,10.74,5.24
2016-01-05,43.66,47.49,49.00,41.55,27022,119310000,1.33,2.88,16.14,9.01
2016-01-06,47.00,48.61,48.96,44.50,35705,169060000,1.12,2.36,9.39,11.90
2016-01-07,47.06,43.76,48.00,43.75,3880,17450000,-4.85,-9.98,8.74,1.29
2016-01-08,41.75,47.86,48.14,41.75,46619,207900000,4.10,9.37,14.60,15.54
2016-01-11,46.80,44.96,47.63,43.50,25639,117620000,-2.90,-6.06,8.63,8.55
2016-01-12,45.00,43.15,46.59,42.02,28647,125550000,-1.81,-4.03,10.16,9.55
2016-01-13,43.10,40.92,45.38,40.14,26673,116330000,-2.23,-5.17,12.14,8.89
2016-01-14,38.85,43.79,45.01,37.00,24042,99230000,2.87,7.01,19.57,8.01
2016-01-15,43.08,43.78,44.46,42.50,15114,65790000,-0.01,-0.02,4.48,5.04
2016-01-18,42.20,46.54,46.95,42.20,18949,86320000,2.76,6.30,10.85,6.32
2016-01-19,46.62,47.51,47.99,45.50,16967,79560000,0.97,2.08,5.35,5.66
2016-01-20,47.60,46.68,47.60,45.80,16954,78730000,-0.83,-1.75,3.79,5.65
2016-01-21,46.10,46.77,47.10,43.30,38538,174680000,0.09,0.19,8.14,12.85
2016-01-22,47.35,46.98,47.35,45.60,15824,73740000,0.21,0.45,3.74,5.27
2016-01-25,47.30,47.11,47.60,44.00,25403,117810000,0.13,0.28,7.66,8.47
2016-01-26,46.50,45.48,46.51,43.00,19095,86590000,-1.63,-3.46,7.45,6.37
2016-01-27,44.86,44.03,44.86,41.23,16046,69230000,-1.45,-3.19,7.98,5.35
2016-01-28,42.82,42.70,44.38,42.28,6780,29450000,-1.33,-3.02,4.77,2.26
2016-01-29,42.02,44.96,45.50,42.02,10164,45070000,2.26,5.29,8.15,3.39
2016-02-01,45.25,44.53,45.68,43.52,6978,31290000,-0.43,-0.96,4.80,2.33
2016-02-02,44.95,45.19,45.60,44.04,10166,45920000,0.66,1.48,3.50,3.39
2016-02-03,44.62,44.72,45.16,43.00,9847,43600000,-0.47,-1.04,4.78,3.28
2016-02-04,46.80,44.75,46.80,44.45,13152,59440000,0.03,0.07,5.25,4.38
2016-02-05,44.48,43.66,44.85,42.05,11434,49640000,-1.09,-2.44,6.26,3.81
2016-02-15,41.55,42.36,42.72,41.55,7245,30630000,-1.30,-2.98,2.68,2.41
2016-02-16,42.50,46.40,46.48,42.37,25800,115060000,4.04,9.54,9.70,8.60
2016-02-17,45.95,46.83,47.00,44.61,12300,56580000,0.43,0.93,5.15,4.10
2016-02-18,47.51,45.62,48.50,45.50,15557,73050000,-1.21,-2.58,6.41,5.19
2016-02-19,45.00,45.71,46.50,44.56,12056,55260000,0.09,0.20,4.25,4.02
2016-02-22,45.90,46.01,47.49,45.73,12098,56050000,0.30,0.66,3.85,4.03
2016-02-23,46.20,44.83,46.49,44.00,10035,45210000,-1.18,-2.56,5.41,3.35
2016-02-24,45.30,43.93,45.30,43.00,7636,33560000,-0.90,-2.01,5.13,2.55
2016-02-25,43.90,41.19,44.28,40.40,12240,51320000,-2.74,-6.24,8.83,4.08
2016-02-26,41.81,41.35,41.99,40.00,7028,28770000,0.16,0.39,4.83,2.34
2016-02-29,41.35,39.37,41.35,37.30,11809,45520000,-1.98,-4.79,9.79,3.94
2016-03-01,39.35,40.34,40.79,38.01,6577,25860000,0.97,2.46,7.06,2.19
2016-03-02,40.48,42.19,42.34,39.58,14068,58060000,1.85,4.59,6.84,4.69
2016-03-03,42.00,45.03,45.87,41.90,20937,91560000,2.84,6.73,9.41,6.98
2016-03-04,45.00,44.76,47.70,43.20,13768,61710000,-0.27,-0.60,9.99,4.59
2016-03-07,45.25,45.01,45.98,44.00,10749,47900000,0.25,0.56,4.42,3.58
2016-03-08,45.20,45.17,45.30,43.00,8611,38230000,0.16,0.36,5.11,2.87
2016-03-09,44.00,43.08,44.50,43.01,6122,26620000,-2.09,-4.63,3.30,2.04
2016-03-10,43.70,41.39,43.70,41.30,4377,18490000,-1.69,-3.92,5.57,1.46
2016-03-11,40.83,40.25,41.30,39.80,5380,21630000,-1.14,-2.75,3.62,1.79
2016-03-14,40.30,41.52,42.30,40.30,8694,36230000,1.27,3.16,4.97,2.90
2016-03-15,41.62,41.12,41.88,40.00,10265,41630000,-0.40,-0.96,4.53,3.42
2016-03-16,40.82,40.91,41.40,40.18,9349,38210000,-0.21,-0.51,2.97,3.12
2016-03-17,40.91,42.35,42.39,40.91,13749,57500000,1.44,3.52,3.62,4.58
2016-03-18,43.50,45.63,45.91,42.19,22419,100830000,3.28,7.75,8.78,7.47
2016-03-21,47.02,46.93,47.83,46.09,25130,118280000,1.30,2.85,3.81,8.38
2016-03-22,46.03,48.85,51.50,46.03,22790,112630000,1.92,4.09,11.66,7.60
2016-03-23,48.20,48.19,49.72,47.05,17690,84950000,-0.66,-1.35,5.47,5.90
2016-03-24,47.51,50.14,53.00,47.51,34611,173780000,1.95,4.05,11.39,11.54
2016-03-25,49.67,49.46,50.70,48.59,12713,62770000,-0.68,-1.36,4.21,4.24
2016-03-28,49.30,48.06,50.88,48.02,11665,57330000,-1.40,-2.83,5.78,3.89
2016-03-29,52.30,49.94,52.30,48.63,37351,188110000,1.88,3.91,7.64,12.45
2016-03-30,51.70,54.93,54.93,49.50,44901,236470000,4.99,9.99,10.87,14.97
2016-03-31,56.00,55.75,56.57,53.55,51919,287380000,0.82,1.49,5.50,17.31
2016-04-01,55.05,54.33,55.28,52.51,28781,155270000,-1.42,-2.55,4.97,9.59
2016-04-05,54.33,57.20,57.96,54.20,34766,195600000,2.87,5.28,6.92,11.59
2016-04-06,56.48,59.75,59.97,56.11,35550,206020000,2.55,4.46,6.75,11.85
2016-04-07,59.66,61.11,63.43,58.16,42537,258380000,1.36,2.28,8.82,14.18
2016-04-08,59.50,59.39,61.48,57.60,30120,179130000,-1.72,-2.81,6.35,10.04
2016-04-11,60.40,59.13,60.63,58.60,27661,164700000,-0.26,-0.44,3.42,9.22
2016-04-12,58.00,55.02,58.30,53.35,38910,214450000,-4.11,-6.95,8.37,12.97
2016-04-13,54.68,54.74,56.09,54.56,21206,117260000,-0.28,-0.51,2.78,7.07
2016-04-14,55.00,55.39,55.55,53.90,18037,98560000,0.65,1.19,3.01,6.01
2016-04-15,55.64,55.43,56.17,54.91,16250,90130000,0.04,0.07,2.27,5.42
2016-04-18,55.55,54.86,55.55,53.55,14592,79370000,-0.57,-1.03,3.61,4.86
2016-04-19,55.40,55.00,55.84,54.50,12986,71570000,0.14,0.26,2.44,4.33
2016-04-20,55.49,50.87,55.49,49.70,22970,120090000,-4.13,-7.51,10.53,7.66
2016-04-21,50.36,50.07,50.87,49.13,16712,83540000,-0.80,-1.57,3.42,5.57
2016-04-22,49.75,52.11,52.50,49.66,15330,78650000,2.04,4.07,5.67,5.11
2016-04-25,51.98,50.76,51.98,50.18,12429,62780000,-1.35,-2.59,3.45,4.14
2016-04-26,50.49,51.20,51.48,50.44,14298,72830000,0.44,0.87,2.05,4.77
2016-04-27,51.10,50.53,51.98,50.46,11407,58480000,-0.67,-1.31,2.97,3.80
2016-04-28,50.30,51.04,51.16,49.31,12508,62980000,0.51,1.01,3.66,4.17
2016-04-29,51.28,51.19,52.74,51.08,15330,79280000,0.15,0.29,3.25,5.11
2016-05-03,50.60,54.46,54.74,49.88,31030,163160000,3.27,6.39,9.49,10.34
2016-05-04,54.30,55.69,57.48,53.50,29138,161690000,1.23,2.26,7.31,9.71
2016-05-05,55.56,57.72,57.86,55.40,30931,176220000,2.03,3.65,4.42,10.31
2016-05-06,58.20,55.93,62.86,55.40,67326,397040000,-1.79,-3.10,12.92,22.44
2016-05-09,54.50,52.26,55.97,51.21,37127,199520000,-3.67,-6.56,8.51,12.38
2016-05-10,51.09,48.99,52.60,48.62,39595,200050000,-3.27,-6.26,7.62,13.20
2016-05-11,50.00,48.83,50.48,48.60,30394,150340000,-0.16,-0.33,3.84,10.13
2016-05-12,48.00,47.49,48.00,45.60,26967,126840000,-1.34,-2.74,4.92,8.99
2016-05-13,47.58,47.84,48.49,47.03,22649,107990000,0.35,0.74,3.07,7.55
2016-05-16,47.30,49.07,49.11,47.05,24061,116200000,1.23,2.57,4.31,8.02
2016-05-17,49.21,51.00,51.46,48.83,33434,168320000,1.93,3.93,5.36,11.14
2016-05-18,50.05,46.83,50.40,46.10,30906,148030000,-4.17,-8.18,8.43,10.30
2016-05-19,47.08,46.86,48.21,46.83,20739,98400000,0.03,0.06,2.95,6.91
2016-05-20,45.70,46.99,47.10,44.71,23016,105460000,0.13,0.28,5.10,7.67
2016-05-23,46.80,48.87,49.49,46.50,32731,158780000,1.88,4.00,6.36,10.91
2016-05-24,48.70,47.98,48.87,47.02,21182,101090000,-0.89,-1.82,3.79,7.06
2016-05-25,48.31,49.21,49.39,47.60,31472,153170000,1.23,2.56,3.73,10.49
2016-05-26,48.54,48.60,48.98,46.62,26081,124670000,-0.61,-1.24,4.80,8.69
2016-05-27,48.25,47.87,49.25,47.60,27623,133430000,-0.73,-1.50,3.40,6.52
2016-05-30,47.12,47.15,47.92,47.00,16348,77500000,-0.72,-1.50,1.92,3.86
2016-05-31,47.33,50.46,50.60,47.19,44443,220140000,3.31,7.02,7.23,10.50
2016-06-01,50.40,52.01,53.46,50.16,43794,227920000,1.55,3.07,6.54,10.34
2016-06-02,51.43,57.21,57.21,51.26,79149,435430000,5.20,10.00,11.44,18.69
2016-06-03,58.00,61.74,62.86,56.87,112118,666670000,4.53,7.92,10.47,26.48
2016-06-06,61.60,59.98,61.60,59.01,78119,470370000,-1.76,-2.85,4.20,18.45
2016-06-07,60.44,65.98,65.98,60.39,88029,563410000,6.00,10.00,9.32,20.79
2016-06-08,67.18,68.08,72.48,66.11,130691,901230000,2.10,3.18,9.65,30.87
2016-06-13,66.33,61.27,66.70,61.27,84232,537700000,-6.81,-10.00,7.98,19.89
2016-06-14,58.28,58.65,61.80,57.15,63458,375650000,-2.62,-4.28,7.59,14.99
2016-06-15,20.14,21.45,21.45,20.00,117515,245140000,1.95,10.00,7.44,9.25
2016-06-16,20.50,21.87,22.78,20.11,352821,746550000,0.42,1.96,12.45,27.78
2016-06-17,21.68,20.64,22.57,20.31,270093,580360000,-1.23,-5.62,10.33,21.26
2016-06-20,20.21,19.83,20.47,19.51,188786,376530000,-0.81,-3.92,4.65,14.86
2016-06-21,19.93,18.53,20.35,18.30,202133,392060000,-1.30,-6.56,10.34,15.91
2016-06-22,18.38,18.97,19.09,18.10,149302,279640000,0.44,2.37,5.34,11.75
2016-06-23,19.00,18.54,19.18,18.35,110548,205410000,-0.43,-2.27,4.38,8.70
2016-06-24,18.59,18.01,18.85,16.80,131357,237170000,-0.53,-2.86,11.06,10.34
2016-06-27,17.82,18.77,18.86,17.70,115708,212860000,0.76,4.22,6.44,9.11
2016-06-28,18.88,18.61,18.93,18.15,122575,227300000,-0.16,-0.85,4.16,9.65
2016-06-29,18.61,19.15,19.22,18.22,182302,340090000,0.54,2.90,5.37,14.35
2016-06-30,19.16,19.26,19.45,18.85,158638,304430000,0.11,0.57,3.13,12.49
2016-07-01,19.10,18.87,19.50,18.82,113814,217460000,-0.39,-2.02,3.53,8.96
2016-07-04,18.70,18.88,19.02,18.51,80713,151770000,0.01,0.05,2.70,6.35
2016-07-05,18.78,18.70,18.99,18.45,86586,161860000,-0.18,-0.95,2.86,6.82
2016-07-06,18.72,18.48,18.74,18.38,68807,127410000,-0.22,-1.18,1.93,5.42
2016-07-07,18.30,18.29,18.48,18.08,83427,152060000,-0.19,-1.03,2.16,6.57
2016-07-08,18.30,18.64,18.97,18.28,105876,198300000,0.35,1.91,3.77,8.34
2016-07-11,18.40,18.02,18.54,17.80,91281,166620000,-0.62,-3.33,3.97,7.19
2016-07-12,18.02,18.12,18.27,17.50,60846,109140000,0.10,0.55,4.27,4.79
2016-07-13,18.17,18.25,18.32,18.01,49194,89560000,0.13,0.72,1.71,3.87
2016-07-14,18.30,18.38,18.49,18.19,49575,90840000,0.13,0.71,1.64,3.90
2016-07-15,18.40,18.16,18.46,18.05,44711,81380000,-0.22,-1.20,2.23,3.52
2016-07-18,18.09,17.90,18.17,17.83,36092,64790000,-0.26,-1.43,1.87,2.84
2016-07-19,17.89,18.23,18.27,17.82,33560,60310000,0.33,1.84,2.51,2.64
2016-07-20,18.24,19.47,19.94,18.20,171916,326600000,1.24,6.80,9.54,13.53
2016-07-21,19.19,19.38,19.92,19.08,145670,284380000,-0.09,-0.46,4.31,11.47
2016-07-22,19.38,18.83,19.60,18.65,101193,193260000,-0.55,-2.84,4.90,7.97
2016-07-25,19.00,19.02,19.41,18.82,95171,182540000,0.19,1.01,3.13,7.49
2016-07-26,19.05,19.03,19.14,18.64,51946,98220000,0.01,0.05,2.63,4.09
2016-07-27,19.22,18.00,19.45,17.55,99192,184480000,-1.03,-5.41,9.98,7.81
2016-07-28,17.80,17.04,17.88,16.61,102546,176880000,-0.96,-5.33,7.06,8.07
2016-07-29,17.04,16.92,17.31,16.56,56763,95440000,-0.12,-0.70,4.40,4.47
2016-08-01,16.69,16.61,16.92,16.02,50159,82320000,-0.31,-1.83,5.32,3.95
2016-08-02,16.49,16.64,16.91,16.36,40628,67600000,0.03,0.18,3.31,3.20
2016-08-03,16.60,16.49,16.60,16.38,28368,46730000,-0.15,-0.90,1.32,2.23
2016-08-04,16.53,16.83,17.04,16.50,45947,77260000,0.34,2.06,3.27,3.62
2016-08-05,16.79,16.45,16.79,16.40,35497,58850000,-0.38,-2.26,2.32,2.79
2016-08-08,16.35,16.39,16.50,16.08,36438,59220000,-0.06,-0.36,2.55,2.87
2016-08-09,16.44,16.69,16.72,16.32,29618,48950000,0.30,1.83,2.44,2.33
2016-08-10,16.70,16.77,16.96,16.61,37408,62810000,0.08,0.48,2.10,2.95
2016-08-11,16.80,16.36,16.80,16.33,33120,54570000,-0.41,-2.44,2.80,2.61
2016-08-12,16.38,16.45,16.48,16.27,21202,34740000,0.09,0.55,1.28,1.67
2016-08-15,16.56,16.89,17.17,16.31,50950,85530000,0.44,2.67,5.23,4.01
2016-08-16,17.00,17.04,17.18,16.80,49557,84260000,0.15,0.89,2.25,3.90
2016-08-17,17.04,16.97,17.05,16.82,33587,56870000,-0.07,-0.41,1.35,2.64
2016-08-18,17.02,16.83,17.09,16.76,35828,60380000,-0.14,-0.83,1.94,2.82
2016-08-19,16.89,16.78,16.95,16.71,29471,49520000,-0.05,-0.30,1.43,2.32
2016-08-22,16.86,16.61,16.86,16.56,27318,45620000,-0.17,-1.01,1.79,2.15
2016-08-23,16.69,16.61,16.70,16.52,19435,32300000,0.00,0.00,1.08,1.53
2016-08-24,16.76,16.86,16.96,16.61,35446,59670000,0.25,1.51,2.11,2.79
2016-08-25,16.55,16.64,16.79,16.50,27984,46390000,-0.22,-1.30,1.72,2.20
2016-08-26,16.64,16.79,16.97,16.64,31092,52240000,0.15,0.90,1.98,2.45
2016-08-29,16.73,17.14,17.25,16.62,49876,84700000,0.35,2.08,3.75,3.93
2016-08-30,17.02,16.83,17.17,16.75,43320,73220000,-0.31,-1.81,2.45,3.41
2016-08-31,16.80,16.75,16.83,16.60,25595,42750000,-0.08,-0.48,1.37,2.02
2016-09-01,16.89,16.56,16.89,16.52,24881,41520000,-0.19,-1.13,2.21,1.96
2016-09-02,16.46,16.36,16.65,16.35,35641,58640000,-0.20,-1.21,1.81,2.81
2016-09-05,16.22,16.36,16.60,16.22,20930,34380000,0.00,0.00,2.32,1.65
2016-09-06,16.33,16.57,16.58,16.10,30232,49560000,0.21,1.28,2.93,2.38
2016-09-07,16.60,16.49,16.65,16.48,26973,44630000,-0.08,-0.48,1.03,2.12
2016-09-08,16.51,16.52,16.61,16.46,18561,30660000,0.03,0.18,0.91,1.46
2016-09-09,16.60,16.41,16.63,16.38,24416,40330000,-0.11,-0.67,1.51,1.92
2016-09-12,16.00,15.70,16.19,15.68,35399,56440000,-0.71,-4.33,3.11,2.79
2016-09-13,15.87,15.57,15.87,15.52,21548,33750000,-0.13,-0.83,2.23,1.70
2016-09-14,15.50,15.20,15.55,15.01,29247,44550000,-0.37,-2.38,3.47,2.30
2016-09-19,15.30,15.37,15.49,15.22,16715,25660000,0.17,1.12,1.78,1.32
2016-09-20,15.47,15.29,15.47,15.19,14550,22300000,-0.08,-0.52,1.82,1.15
2016-09-21,15.34,15.40,15.50,15.25,17755,27390000,0.11,0.72,1.64,1.40
2016-09-22,15.51,15.38,15.57,15.37,18787,29030000,-0.02,-0.13,1.30,1.48
2016-09-23,15.40,15.37,15.49,15.30,12677,19480000,-0.01,-0.07,1.24,1.00
2016-09-26,15.37,14.73,15.37,14.62,25380,38200000,-0.64,-4.16,4.88,2.00
2016-09-27,14.75,14.92,14.99,14.68,19692,29240000,0.19,1.29,2.10,1.55
2016-09-28,14.97,15.07,15.18,14.82,14807,22290000,0.15,1.01,2.41,1.17
2016-09-29,15.08,15.06,15.19,15.00,13352,20120000,-0.01,-0.07,1.26,1.05
2016-09-30,15.02,15.02,15.14,14.97,12106,18200000,-0.04,-0.27,1.13,0.95
2016-10-10,15.35,15.62,15.78,15.28,29681,46040000,0.60,3.99,3.33,2.34
2016-10-11,15.70,15.85,15.97,15.62,28837,45610000,0.23,1.47,2.24,2.27
2016-10-12,15.86,15.86,15.94,15.71,18109,28690000,0.01,0.06,1.45,1.43
2016-10-13,15.93,15.85,16.10,15.76,18077,28830000,-0.01,-0.06,2.14,1.42
2016-10-14,15.88,15.75,15.88,15.69,11550,18190000,-0.10,-0.63,1.20,0.91
2016-10-17,15.99,15.50,15.99,15.41,15231,23870000,-0.25,-1.59,3.68,1.20
2016-10-18,15.70,15.89,15.98,15.42,24611,38850000,0.39,2.52,3.61,1.94
2016-10-19,16.05,15.86,16.05,15.50,20817,33000000,-0.03,-0.19,3.46,1.64
2016-10-20,15.86,16.22,16.24,15.75,33315,53350000,0.36,2.27,3.09,2.62
2016-10-21,16.10,15.85,16.26,15.70,27678,44020000,-0.37,-2.28,3.45,2.18
2016-10-24,15.86,15.99,16.05,15.71,23678,37670000,0.14,0.88,2.15,1.86
2016-10-25,15.98,15.80,15.98,15.72,27507,43530000,-0.19,-1.19,1.63,2.17
2016-10-26,15.87,15.78,15.87,15.71,21200,33470000,-0.02,-0.13,1.01,1.67
2016-10-27,15.78,15.80,15.84,15.70,14528,22950000,0.02,0.13,0.89,1.14
2016-10-28,15.98,15.68,15.98,15.65,16853,26720000,-0.12,-0.76,2.09,1.33
2016-10-31,15.70,15.85,15.86,15.60,14107,22250000,0.17,1.08,1.66,1.11
2016-11-01,15.84,15.95,15.96,15.78,20239,32140000,0.10,0.63,1.14,1.59
2016-11-02,15.99,17.55,17.55,15.95,65693,113330000,1.60,10.03,10.03,5.17
2016-11-03,17.99,18.76,19.20,17.77,340109,632940000,1.21,6.89,8.15,26.78
2016-11-04,18.25,19.16,19.30,18.01,224106,418350000,0.40,2.13,6.88,17.64
2016-11-07,18.95,18.56,18.95,18.41,123355,229910000,-0.60,-3.13,2.82,9.71
2016-11-08,18.55,18.62,18.92,18.27,99083,182950000,0.06,0.32,3.50,7.80
2016-11-09,18.49,18.10,18.49,17.81,105558,191790000,-0.52,-2.79,3.65,8.31
2016-11-10,18.35,18.30,18.48,18.03,86678,158410000,0.20,1.11,2.49,6.82
2016-11-11,18.28,18.03,18.28,17.84,82113,147930000,-0.27,-1.48,2.40,6.46
2016-11-14,18.12,17.69,18.15,17.55,84731,150400000,-0.34,-1.89,3.33,6.67
2016-11-15,17.79,17.83,17.95,17.61,58289,103700000,0.14,0.79,1.92,4.59
2016-11-16,17.94,17.79,17.94,17.65,45495,80750000,-0.04,-0.22,1.63,3.58
2016-11-17,17.83,17.60,17.88,17.53,48207,85210000,-0.19,-1.07,1.97,3.80
2016-11-18,17.68,17.65,17.73,17.46,49396,86950000,0.05,0.28,1.53,3.89
2016-11-21,17.60,17.94,18.03,17.55,70264,124930000,0.29,1.64,2.72,5.53
2016-11-22,17.96,17.75,17.97,17.63,59141,105130000,-0.19,-1.06,1.90,4.66
2016-11-23,17.84,17.61,17.85,17.60,52582,93240000,-0.14,-0.79,1.41,4.14
2016-11-24,17.50,16.63,17.58,16.62,98070,166600000,-0.98,-5.57,5.45,7.72
2016-11-25,16.65,16.54,16.79,16.05,50420,82720000,-0.09,-0.54,4.45,3.97
2016-11-28,16.53,16.22,16.59,16.18,43322,70820000,-0.32,-1.93,2.48,3.41
2016-11-29,16.20,16.12,16.37,16.10,35042,56820000,-0.10,-0.62,1.66,2.76
2016-11-30,16.14,16.17,16.24,16.02,29280,47210000,0.05,0.31,1.36,2.31
2016-12-01,16.17,16.24,16.26,16.12,25065,40590000,0.07,0.43,0.87,1.97
2016-12-02,16.24,15.71,16.28,15.70,35864,57250000,-0.53,-3.26,3.57,2.82
2016-12-05,15.53,15.77,15.93,15.50,19847,31190000,0.06,0.38,2.74,1.56
2016-12-06,15.68,15.85,15.87,15.68,16915,26760000,0.08,0.51,1.20,1.33
2016-12-07,15.81,15.94,15.95,15.70,19864,31500000,0.09,0.57,1.58,1.56
2016-12-08,16.03,15.82,16.03,15.80,16111,25580000,-0.12,-0.75,1.44,1.27
2016-12-09,15.77,15.62,15.91,15.58,19048,29940000,-0.20,-1.26,2.09,1.50
2016-12-12,15.62,14.61,15.69,14.59,53053,79660000,-1.01,-6.47,7.04,4.18
2016-12-13,14.59,14.71,14.82,14.50,21441,31400000,0.10,0.68,2.19,1.69
2016-12-14,14.72,14.59,14.79,14.56,22618,33180000,-0.12,-0.82,1.56,1.78
2016-12-15,14.59,14.70,14.83,14.52,22118,32490000,0.11,0.75,2.12,1.74
2016-12-16,14.80,14.85,14.96,14.72,21721,32250000,0.15,1.02,1.63,1.71
2016-12-19,14.92,14.96,15.08,14.81,19582,29270000,0.11,0.74,1.82,1.54
2016-12-20,14.96,14.96,15.04,14.90,13982,20930000,0.00,0.00,0.94,1.10
2016-12-21,15.09,15.24,15.25,15.00,19947,30190000,0.28,1.87,1.67,1.57
2016-12-22,15.24,14.95,15.29,14.90,20958,31460000,-0.29,-1.90,2.56,1.65
2016-12-23,15.01,14.65,15.06,14.63,18539,27470000,-0.30,-2.01,2.88,1.46
2016-12-26,14.66,14.80,14.80,14.50,20021,29360000,0.15,1.02,2.05,1.58
2016-12-27,14.83,14.68,14.88,14.59,21371,31380000,-0.12,-0.81,1.96,1.68
2016-12-28,14.67,14.58,14.74,14.56,16732,24490000,-0.10,-0.68,1.23,1.32
2016-12-29,14.65,14.65,14.79,14.55,14678,21560000,0.07,0.48,1.65,1.16
2016-12-30,14.64,14.63,14.76,14.56,10874,15920000,-0.02,-0.14,1.37,0.86
2017-01-03,14.63,14.93,14.95,14.61,22111,32690000,0.30,2.05,2.32,1.74
2017-01-04,14.93,15.14,15.23,14.86,31329,47290000,0.21,1.41,2.48,2.47
2017-01-05,15.14,15.07,15.27,15.05,19807,30000000,-0.07,-0.46,1.45,1.56
2017-01-06,15.03,15.15,15.23,14.91,27317,41180000,0.08,0.53,2.12,2.15
2017-01-09,15.08,15.21,15.26,15.05,20972,31790000,0.06,0.40,1.39,1.65
2017-01-10,15.12,15.36,15.48,15.12,28037,42860000,0.15,0.99,2.37,2.21
2017-01-11,15.36,14.98,15.55,14.97,29111,44310000,-0.38,-2.47,3.78,2.29
2017-01-12,14.93,14.77,15.08,14.76,17221,25670000,-0.21,-1.40,2.14,1.36
2017-01-13,14.71,14.60,14.91,14.55,18574,27260000,-0.17,-1.15,2.44,1.46
2017-01-16,14.60,13.94,14.73,13.17,30521,43450000,-0.66,-4.52,10.68,2.40
2017-01-17,14.04,13.90,14.04,13.30,21553,29550000,-0.04,-0.29,5.31,1.70
2017-01-18,13.87,13.58,13.89,13.55,12727,17520000,-0.32,-2.30,2.45,1.00
2017-01-19,13.62,13.47,13.66,13.36,12718,17180000,-0.11,-0.81,2.21,1.00
2017-01-20,13.54,13.75,13.90,13.51,14276,19640000,0.28,2.08,2.90,1.12
2017-01-23,13.72,13.95,13.96,13.72,13036,18100000,0.20,1.45,1.75,1.03
2017-01-24,13.96,13.78,13.99,13.76,9265,12840000,-0.17,-1.22,1.65,0.73
2017-01-25,13.70,13.86,13.92,13.65,10562,14620000,0.08,0.58,1.96,0.83
2017-01-26,13.91,14.07,14.19,13.88,9116,12810000,0.21,1.52,2.24,0.72
2017-02-03,14.05,14.02,14.14,13.98,10634,14950000,-0.05,-0.36,1.14,0.84
2017-02-06,14.05,14.13,14.13,13.98,13659,19220000,0.11,0.78,1.07,1.08
2017-02-07,14.14,14.07,14.19,14.02,13140,18534700,-0.06,-0.42,1.203,1.03
2017-02-08,14.07,14.22,14.23,13.97,15667,22111300,0.15,1.07,1.848,1.23
2017-02-09,14.23,14.42,14.72,14.17,26980,38976500,0.20,1.41,3.868,2.12
2017-02-10,14.37,14.31,14.56,14.30,16258,23436200,-0.11,-0.76,1.803,1.28
2017-02-13,14.32,14.57,14.65,14.32,15684,22757800,0.26,1.82,2.306,1.23
2017-02-14,14.57,14.40,14.64,14.34,13206,19061000,-0.17,-1.17,2.059,1.04
2017-02-15,14.41,14.04,14.46,14.03,20407,29082700,-0.36,-2.50,2.986,1.61
2017-02-16,14.04,14.15,14.23,14.00,13881,19622200,0.11,0.78,1.638,1.09
2017-02-17,14.16,14.04,14.28,14.01,14603,20653300,-0.11,-0.78,1.908,1.15
2017-02-20,14.07,14.20,14.21,14.03,15205,21484300,0.16,1.14,1.282,1.20
2017-02-21,14.19,14.36,14.45,14.17,17595,25169300,0.16,1.13,1.97,1.39
2017-02-22,14.36,14.53,14.55,14.29,23317,33580500,0.17,1.18,1.81,1.84
2017-02-23,14.58,14.43,14.58,14.30,20643,29786500,-0.10,-0.69,1.93,1.63
2017-02-24,14.49,14.62,14.71,14.40,18359,26836700,0.19,1.32,2.15,1.45
2017-02-27,14.68,14.47,14.68,14.40,18314,26662700,-0.15,-1.03,1.92,1.44
2017-02-28,14.46,14.55,14.65,14.40,15367,22385000,0.08,0.55,1.73,1.21
2017-03-01,14.46,14.65,14.67,14.46,16980,24793800,0.10,0.69,1.44,1.34
2017-03-02,14.78,14.64,14.78,14.44,20880,30500700,-0.01,-0.07,2.32,1.64
2017-03-03,14.50,14.50,14.59,14.28,20356,29317400,-0.14,-0.96,2.12,1.60
2017-03-06,14.50,14.61,14.67,14.48,16403,23960600,0.11,0.76,1.31,1.29
2017-03-07,14.63,15.82,15.88,14.63,93346,143806700,1.21,8.28,8.56,7.35
2017-03-08,15.76,15.27,15.76,15.19,65127,100362400,-0.55,-3.48,3.60,5.13
2017-03-09,15.19,14.95,15.29,14.83,41570,62358000,-0.32,-2.10,3.01,3.27
2017-03-10,14.91,14.93,15.08,14.81,28960,43210000,-0.02,-0.13,1.81,2.28
2017-03-13,14.95,14.95,14.96,14.63,29232,43403400,0.02,0.13,2.21,2.30
2017-03-14,15.03,14.98,15.27,14.93,33246,50222300,0.03,0.20,2.27,2.62
2017-03-15,14.88,15.04,15.23,14.70,27547,41238100,0.06,0.40,3.54,2.17
2017-03-16,14.95,15.09,15.14,14.92,29888,44991162,0.05,0.33,1.46,2.35
2017-03-17,15.09,15.01,15.24,15.00,41242,62426690,-0.08,-0.53,1.59,3.25
2017-03-20,14.90,14.79,15.00,14.73,29258,43355863,-0.22,-1.47,1.80,2.30
2017-03-21,14.75,14.67,14.85,14.58,26310,38677698,-0.12,-0.81,1.83,2.07
2017-03-22,14.61,14.40,14.68,14.26,26197,37806411,-0.27,-1.84,2.86,2.06
2017-03-23,14.35,14.41,14.49,14.14,24104,34578870,0.01,0.07,2.43,1.90
2017-03-24,14.40,14.43,14.47,14.27,14719,21171457,0.02,0.14,1.39,1.16
2017-03-27,14.44,14.49,14.52,14.41,14336,20744165,0.06,0.42,0.76,1.13
2017-03-28,14.53,14.77,14.86,14.45,31738,46535228,0.28,1.93,2.83,2.50
2017-03-29,14.60,14.76,14.80,14.60,23757,34943167,-0.01,-0.07,1.35,1.87
2017-03-30,15.25,14.84,15.48,14.81,145927,220371597,0.08,0.54,4.54,11.49
2017-03-31,14.41,14.33,14.61,14.20,55236,79166497,-0.51,-3.44,2.76,4.35
2017-04-05,14.29,14.45,14.46,14.10,42085,60111598,0.12,0.84,2.51,3.31
2017-04-06,14.45,14.47,14.53,14.29,38388,55275926,0.02,0.14,1.66,3.02
2017-04-07,14.45,14.33,14.47,14.31,20681,29729384,-0.14,-0.97,1.11,1.63
2017-04-10,14.32,14.10,14.32,14.02,27384,38667914,-0.23,-1.61,2.09,2.16
2017-04-11,14.10,14.19,14.20,14.03,19732,27860409,0.09,0.64,1.21,1.55
2017-04-12,14.21,14.05,14.25,14.05,17442,24637514,-0.14,-0.99,1.41,1.37
2017-04-13,14.13,14.10,14.19,14.01,12272,17319118,0.05,0.36,1.28,0.97
2017-04-14,14.10,13.97,14.14,13.94,15138,21237902,-0.13,-0.92,1.42,1.19
2017-04-17,13.97,13.72,13.99,13.69,18890,26037916,-0.25,-1.79,2.15,1.49
2017-04-18,13.70,13.68,13.79,13.60,11102,15162351,-0.04,-0.29,1.38,0.87
2017-04-19,13.66,13.85,14.07,13.16,18028,24100310,0.17,1.24,6.65,1.42
2017-04-20,13.85,13.81,13.95,13.57,14400,19809235,-0.04,-0.29,2.74,1.13
2017-04-21,13.63,13.43,13.90,13.42,9080,12377049,-0.38,-2.75,3.48,0.71
2017-04-24,13.45,12.70,13.58,12.65,20999,27143336,-0.73,-5.44,6.92,1.65
2017-04-25,12.52,12.49,12.69,12.26,19628,24432373,-0.21,-1.65,3.39,1.54
2017-04-26,12.49,12.13,12.49,11.97,17899,21735649,-0.36,-2.88,4.16,1.41
2017-04-27,12.04,12.16,12.50,11.51,38770,46398178,0.03,0.25,8.16,3.05
2017-04-28,12.15,12.26,12.31,11.98,13128,15960976,0.10,0.82,2.71,1.03
2017-05-02,12.37,12.14,12.37,12.09,8000,9729446,-0.12,-0.98,2.28,0.63
2017-05-03,12.16,12.14,12.24,11.97,8445,10210585,0.00,0.00,2.22,0.67
2017-05-04,12.14,12.07,12.25,12.01,9658,11694279,-0.07,-0.58,1.98,0.76
2017-05-05,12.05,11.86,12.14,11.84,6893,8273089,-0.21,-1.74,2.49,0.54
2017-05-08,11.83,11.71,11.99,11.50,14829,17447642,-0.15,-1.26,4.13,1.17
2017-05-09,11.80,11.87,11.95,11.61,10055,11816411,0.16,1.37,2.90,0.79
2017-05-10,11.85,11.82,11.99,11.63,14361,16966457,-0.05,-0.42,3.03,1.13
2017-05-11,11.76,11.53,11.76,11.30,12263,14107729,-0.29,-2.45,3.89,0.97
2017-05-12,11.60,11.46,11.61,11.42,7331,8434479,-0.07,-0.61,1.65,0.58
2017-05-15,11.42,11.03,11.53,11.01,16378,18437216,-0.43,-3.75,4.54,1.29
2017-05-16,11.02,11.25,11.36,10.75,18055,19943571,0.22,1.99,5.53,1.42
2017-05-17,11.25,11.38,11.44,11.15,14156,16044665,0.13,1.16,2.58,1.12
2017-05-18,11.38,11.43,11.67,11.20,17710,20404164,0.05,0.44,4.13,1.39
2017-05-19,11.43,11.35,11.54,11.33,5255,5975136,-0.08,-0.70,1.84,0.41
2017-05-22,11.33,10.85,11.43,10.81,10337,11465947,-0.50,-4.41,5.46,0.81
2017-05-23,10.89,10.35,11.00,10.35,11049,11730352,-0.50,-4.61,5.99,0.87
2017-05-24,10.39,10.19,10.39,9.71,11466,11603070,-0.16,-1.55,6.57,0.90
2017-05-25,10.25,10.23,10.26,9.94,10273,10408137,0.04,0.39,3.14,0.81
2017-05-26,10.27,10.26,10.35,10.12,8757,8985153,0.03,0.29,2.25,0.69
2017-05-31,10.39,10.11,10.40,10.10,12581,12919400,-0.15,-1.46,2.92,0.99
2017-06-01,10.11,10.05,10.35,9.88,17466,17659258,-0.06,-0.59,4.65,1.38
2017-06-02,9.84,10.25,10.32,9.61,24318,24465892,0.20,1.99,7.06,1.92
2017-06-05,10.22,10.31,10.32,10.15,8620,8848655,0.06,0.59,1.66,0.68
2017-06-06,10.29,10.43,10.45,10.18,9375,9672216,0.12,1.16,2.62,0.74
2017-06-07,10.50,10.70,10.77,10.32,11513,12228864,0.27,2.59,4.31,0.91
2017-06-08,10.76,10.65,10.81,10.61,9682,10380248,-0.05,-0.47,1.87,0.76
2017-06-09,10.62,10.58,10.65,10.51,7571,7994714,-0.07,-0.66,1.31,0.60
2017-06-12,10.49,10.22,10.63,10.21,8130,8447995,-0.36,-3.40,3.97,0.64
2017-06-13,10.12,10.44,10.50,10.11,9198,9548831,0.22,2.15,3.82,0.72
