日期,开盘,收盘,最高,最低,交易量(手),交易金额(元),涨跌额,涨跌幅(%),振幅(%),换手率(%)
2017-01-16,33.49,33.49,33.49,33.49,182,610000,10.23,43.98,0.00,0.11
2017-01-17,36.84,36.84,36.84,36.84,30,110000,3.35,10.00,0.00,0.02
2017-01-18,40.52,40.52,40.52,40.52,166,670000,3.68,9.99,0.00,0.10
2017-01-19,44.57,44.57,44.57,44.57,225,1000000,4.05,10.00,0.00,0.13
2017-01-20,49.03,49.03,49.03,49.03,819,4020000,4.46,10.01,0.00,0.49
2017-01-23,53.93,53.93,53.93,53.93,886,4780000,4.90,9.99,0.00,0.53
2017-01-24,59.32,57.54,59.32,56.35,93393,540650000,3.61,6.69,5.51,55.92
2017-01-25,56.00,58.25,60.10,55.10,76940,441920000,0.71,1.23,8.69,46.07
2017-01-26,58.00,60.96,62.85,57.17,64151,381740000,2.71,4.65,9.75,38.41
2017-02-03,60.55,59.06,60.79,58.62,33397,198520000,-1.90,-3.12,3.56,20.00
2017-02-06,59.80,61.89,62.17,59.10,45374,274710000,2.83,4.79,5.20,27.17
2017-02-07,61.50,60.45,61.50,59.76,37131,224804000,-1.44,-2.33,2.811,22.23
2017-02-08,59.98,61.36,62.01,59.31,41538,252736500,0.91,1.51,4.467,24.87
2017-02-09,61.18,60.87,63.94,60.81,45376,281598300,-0.49,-0.80,5.101,27.17
2017-02-10,60.81,61.37,61.47,60.30,32899,199563200,0.50,0.82,1.922,19.70
2017-02-13,60.95,67.51,67.51,60.81,43262,279986200,6.14,10.00,10.917,25.91
2017-02-14,67.58,68.17,68.80,65.80,40938,274915100,0.66,0.98,4.444,24.51
2017-02-15,67.00,68.63,71.88,66.70,56076,388226800,0.46,0.67,7.599,33.58
2017-02-16,67.75,66.81,67.75,65.00,27450,183161500,-1.82,-2.65,4.007,16.44
2017-02-17,66.50,63.72,67.38,62.81,29039,187456200,-3.09,-4.63,6.84,17.39
2017-02-20,63.69,62.84,63.69,60.58,20168,124810600,-0.88,-1.38,4.881,12.08
2017-02-21,62.78,63.62,64.28,62.21,18617,117752100,0.78,1.24,3.29,11.15
2017-02-22,63.72,63.25,63.72,62.11,16211,102163900,-0.37,-0.58,2.53,9.71
2017-02-23,63.20,64.04,65.10,63.10,25616,164419300,0.79,1.25,3.16,15.34
2017-02-24,64.12,64.84,65.49,64.12,23829,154890900,0.80,1.25,2.14,14.27
2017-02-27,64.75,64.71,65.28,63.98,17538,113384700,-0.13,-0.20,2.00,10.50
2017-02-28,64.71,65.65,66.00,63.51,23841,154806100,0.94,1.45,3.85,14.28
2017-03-01,65.50,65.20,66.48,65.00,18875,123737000,-0.45,-0.69,2.25,11.30
2017-03-02,65.00,65.43,66.26,64.66,21953,144180400,0.23,0.35,2.45,13.15
2017-03-03,65.00,65.35,65.58,64.21,18022,116672500,-0.08,-0.12,2.09,10.79
2017-03-06,65.40,66.97,67.27,65.40,26590,176668900,1.62,2.48,2.86,15.92
2017-03-07,67.00,67.63,67.86,66.63,21436,144154000,0.66,0.99,1.84,12.84
2017-03-08,67.79,67.96,68.50,67.03,18153,122794600,0.33,0.49,2.17,10.87
2017-03-09,67.62,66.05,67.76,65.20,24139,159553700,-1.91,-2.81,3.77,14.45
2017-03-10,65.97,65.98,66.31,65.57,13224,87230700,-0.07,-0.11,1.12,7.92
2017-03-13,65.31,66.68,66.80,64.06,21232,139872200,0.70,1.06,4.15,12.71
2017-03-14,66.56,66.42,67.70,66.31,25710,172501000,-0.26,-0.39,2.09,15.40
2017-03-15,66.38,67.63,67.95,65.70,23931,160397400,1.21,1.82,3.39,14.33
2017-03-16,67.50,69.43,70.14,67.40,32121,222414230,1.80,2.66,4.05,19.23
2017-03-17,69.60,67.09,70.00,67.01,30859,211911988,-2.34,-3.37,4.31,18.48
2017-03-20,67.08,68.73,68.78,66.68,21332,144574329,1.64,2.44,3.13,12.77
2017-03-21,68.67,70.51,71.48,68.51,30811,216298226,1.78,2.59,4.32,18.45
2017-03-22,69.70,70.92,71.50,69.20,26560,186532839,0.41,0.58,3.26,15.90
2017-03-23,71.55,69.41,71.87,66.95,31243,218527827,-1.51,-2.13,6.94,18.71
2017-03-24,69.33,70.53,70.68,68.75,20509,143637645,1.12,1.61,2.78,12.28
2017-03-27,70.48,71.10,71.49,69.51,21029,148635899,0.57,0.81,2.81,12.59
2017-03-28,71.12,69.98,72.50,69.90,25748,183808659,-1.12,-1.58,3.66,15.42
2017-03-29,69.45,65.46,69.91,65.32,27805,187287370,-4.52,-6.46,6.56,16.65
2017-03-30,64.86,62.57,64.92,62.19,22796,144176913,-2.89,-4.41,4.17,13.65
2017-03-31,62.60,62.07,63.47,61.05,13586,84801274,-0.50,-0.80,3.87,8.13
2017-04-05,62.04,63.13,63.36,60.70,13587,84821301,1.06,1.71,4.29,8.14
2017-04-06,62.88,63.35,64.45,62.70,12088,76919444,0.22,0.35,2.77,7.24
2017-04-07,63.38,62.67,63.57,62.00,10941,68547540,-0.68,-1.07,2.48,6.55
2017-04-10,62.42,58.13,62.42,57.27,20648,122848331,-4.54,-7.24,8.22,12.36
2017-04-11,58.21,60.23,60.35,57.62,12956,76442462,2.10,3.61,4.70,7.76
2017-04-12,59.99,59.13,60.85,58.80,11140,66713367,-1.10,-1.83,3.40,6.67
2017-04-13,59.12,58.99,59.95,58.80,7202,42820296,-0.14,-0.24,1.94,4.31
2017-04-14,58.82,57.96,58.82,57.31,8720,50460809,-1.03,-1.75,2.56,5.22
2017-04-17,55.88,53.93,55.88,53.60,11165,60927182,-4.03,-6.95,3.93,6.69
2017-04-18,54.70,53.36,54.96,53.18,6635,35851792,-0.57,-1.06,3.30,3.97
2017-04-19,53.20,55.04,55.40,52.57,9882,53453924,1.68,3.15,5.30,5.92
2017-04-20,54.80,54.76,55.36,53.63,8204,44791271,-0.28,-0.51,3.14,4.91
2017-04-21,54.70,52.61,54.70,52.60,11517,61556703,-2.15,-3.93,3.83,6.90
2017-04-24,51.47,49.15,51.69,49.00,12945,64584208,-3.46,-6.58,5.11,7.75
2017-04-25,49.80,49.24,50.20,49.22,6129,30504694,0.09,0.18,1.99,3.67
2017-04-26,49.55,50.01,50.98,49.39,7766,39040154,0.77,1.56,3.23,4.65
2017-04-27,50.30,51.88,52.25,49.30,12047,61158733,1.87,3.74,5.90,7.21
2017-04-28,51.79,52.55,52.96,51.36,7806,40978655,0.67,1.29,3.08,4.67
2017-05-02,53.10,51.83,53.10,51.48,5836,30433979,-0.72,-1.37,3.08,3.50
2017-05-03,51.84,52.95,53.00,51.13,6869,35750194,1.12,2.16,3.61,4.11
2017-05-04,52.90,56.65,58.25,52.05,27587,156859292,3.70,6.99,11.71,16.52
2017-05-05,55.25,54.54,56.09,54.01,10825,59902728,-2.11,-3.72,3.67,6.48
2017-05-08,53.49,51.64,54.58,51.50,6217,32892576,-2.90,-5.32,5.65,3.72
2017-05-09,51.72,52.59,52.62,51.13,4171,21704765,0.95,1.84,2.89,2.50
2017-05-10,52.59,51.15,53.36,51.01,5266,27689142,-1.44,-2.74,4.47,3.15
2017-05-11,50.68,51.72,51.88,50.00,6287,31877635,0.57,1.11,3.68,3.77
2017-05-12,51.62,51.94,52.53,51.30,4721,24512929,0.22,0.43,2.38,2.83
2017-05-15,51.95,51.75,52.50,51.65,4156,21636629,-0.19,-0.37,1.64,2.49
2017-05-16,51.52,52.80,52.81,50.78,6592,34176507,1.05,2.03,3.92,3.95
2017-05-17,53.03,53.34,54.18,52.80,8685,46352235,0.54,1.02,2.61,5.20
2017-05-18,52.58,53.02,53.59,52.53,4234,22456062,-0.32,-0.60,1.99,2.54
2017-05-19,53.07,52.12,53.23,52.01,5175,27172076,-0.90,-1.70,2.30,3.10
2017-05-22,51.82,49.06,52.00,48.58,8510,42886889,-3.06,-5.87,6.56,5.10
2017-05-23,49.00,46.98,49.06,46.96,10445,49865831,-2.08,-4.24,4.28,6.25
2017-05-24,46.98,47.20,47.41,45.20,4702,21996793,0.22,0.47,4.70,2.82
2017-05-25,47.29,46.78,47.49,45.68,5832,27082350,-0.42,-0.89,3.83,3.49
2017-05-26,46.42,47.14,47.40,46.39,4037,18960816,0.36,0.77,2.16,2.42
2017-05-31,48.45,47.13,49.15,47.02,6830,32993561,-0.01,-0.02,4.52,4.09
2017-06-01,46.71,45.00,46.71,45.00,5391,24712648,-2.13,-4.52,3.63,3.23
2017-06-02,45.00,45.89,46.50,44.29,5188,23504081,0.89,1.98,4.91,3.11
2017-06-05,46.49,46.51,46.90,46.03,3894,18076995,0.62,1.35,1.90,2.33
2017-06-06,46.52,46.69,46.85,46.03,2917,13560284,0.18,0.39,1.76,1.75
2017-06-07,46.81,48.33,48.60,46.51,6938,33334869,1.64,3.51,4.48,4.16
2017-06-08,48.43,48.28,48.80,47.61,4483,21677887,-0.05,-0.10,2.46,2.68
2017-06-09,48.36,48.90,49.38,48.19,8034,39298029,0.62,1.28,2.46,4.81
2017-06-12,47.80,47.01,48.50,47.00,6655,31595244,-1.89,-3.87,3.07,3.98
2017-06-13,46.90,48.17,48.57,46.82,7611,36446420,1.16,2.47,3.72,4.56
2017-06-14,48.24,47.78,48.35,47.50,5127,24557117,-0.39,-0.81,1.76,3.07
2017-06-15,47.78,48.90,49.45,47.52,11011,53807373,1.12,2.34,4.04,6.59
2017-06-16,48.90,48.89,49.10,48.30,5130,24989613,-0.01,-0.02,1.64,3.07
