日期,开盘,收盘,最高,最低,交易量(手),交易金额(元),涨跌额,涨跌幅(%),振幅(%),换手率(%)
2012-08-08,8.05,8.85,9.50,7.83,1309102,1096360000,3.45,63.89,30.93,87.27
2012-08-09,8.50,9.74,9.74,8.33,585416,538000000,0.89,10.06,15.93,39.03
2012-08-10,10.38,10.71,10.71,10.30,568828,602820000,0.97,9.96,4.21,37.92
2012-08-13,10.70,9.65,10.70,9.64,910739,911800000,-1.06,-9.90,9.90,60.72
2012-08-14,9.44,9.98,10.37,9.23,737789,729200000,0.33,3.42,11.81,49.19
2012-08-15,9.58,9.20,9.68,9.00,673225,624470000,-0.78,-7.82,6.81,44.88
2012-08-16,9.11,8.89,9.28,8.78,443148,398370000,-0.31,-3.37,5.43,29.54
2012-08-17,8.82,8.60,8.90,8.47,338034,292130000,-0.29,-3.26,4.84,22.54
2012-08-20,8.50,8.80,8.87,8.44,334535,291520000,0.20,2.33,5.00,22.30
2012-08-21,8.69,8.77,8.87,8.62,283417,247750000,-0.03,-0.34,2.84,18.89
2012-08-22,8.69,8.89,9.25,8.51,469332,418430000,0.12,1.37,8.44,31.29
2012-08-23,8.75,9.01,9.20,8.68,408254,366640000,0.12,1.35,5.85,27.22
2012-08-24,8.89,8.22,8.89,8.17,347407,295160000,-0.79,-8.77,7.99,23.16
2012-08-27,8.10,7.92,8.19,7.88,162871,130330000,-0.30,-3.65,3.77,10.86
2012-08-28,7.91,8.17,8.29,7.86,184419,149430000,0.25,3.16,5.43,12.29
2012-08-29,8.08,7.89,8.14,7.86,165323,132230000,-0.28,-3.43,3.43,11.02
2012-08-30,7.80,7.41,7.89,7.25,231597,175000000,-0.48,-6.08,8.11,15.44
2012-08-31,7.34,7.70,7.77,7.23,248099,187650000,0.29,3.91,7.29,16.54
2012-09-03,7.60,7.74,7.78,7.55,161947,124720000,0.04,0.52,2.99,10.80
2012-09-04,7.72,8.23,8.43,7.45,306272,241910000,0.49,6.33,12.66,20.42
2012-09-05,8.00,8.06,8.40,7.96,257627,209450000,-0.17,-2.07,5.35,17.18
2012-09-06,8.01,8.11,8.28,7.98,174658,141740000,0.05,0.62,3.72,11.64
2012-09-07,8.20,8.33,8.50,8.09,310846,258120000,0.22,2.71,5.06,20.72
2012-09-10,8.28,8.31,8.47,8.19,211266,175550000,-0.02,-0.24,3.36,14.08
2012-09-11,8.21,8.49,8.65,8.11,322292,272280000,0.18,2.17,6.50,21.49
2012-09-12,8.43,8.46,8.66,8.32,197937,167890000,-0.03,-0.35,4.00,13.20
2012-09-13,8.48,8.02,8.49,8.00,152643,126500000,-0.44,-5.20,5.79,10.18
2012-09-14,8.03,7.88,8.12,7.77,200810,158790000,-0.14,-1.75,4.36,13.39
2012-09-17,7.88,7.59,7.89,7.57,106194,81770000,-0.29,-3.68,4.06,7.08
2012-09-18,7.56,7.67,7.74,7.50,71306,54620000,0.08,1.05,3.16,4.75
2012-09-19,7.66,7.74,7.77,7.63,68157,52580000,0.07,0.91,1.83,4.54
2012-09-20,7.74,7.80,8.18,7.61,188433,149160000,0.06,0.78,7.36,12.56
2012-09-21,7.61,7.44,7.79,7.40,121393,92360000,-0.36,-4.62,5.00,8.09
2012-09-24,7.30,7.29,7.36,7.06,94713,68240000,-0.15,-2.02,4.03,6.31
2012-09-25,7.29,7.14,7.33,7.10,73029,52610000,-0.15,-2.06,3.16,4.87
2012-09-26,7.12,6.87,7.16,6.80,102761,71440000,-0.27,-3.78,5.04,6.85
2012-09-27,6.86,7.04,7.11,6.80,101344,70700000,0.17,2.47,4.51,6.76
2012-09-28,6.96,7.11,7.13,6.91,98602,69510000,0.07,0.99,3.13,6.57
2012-10-08,7.12,7.07,7.16,7.01,61233,43310000,-0.04,-0.56,2.11,4.08
2012-10-09,7.07,7.40,7.59,7.06,167126,122690000,0.33,4.67,7.50,11.14
2012-10-10,7.36,7.48,7.55,7.26,135451,100700000,0.08,1.08,3.92,9.03
2012-10-11,7.40,7.19,7.43,7.19,108592,79390000,-0.29,-3.88,3.21,7.24
2012-10-12,7.22,7.14,7.32,7.01,74535,53280000,-0.05,-0.70,4.31,4.97
2012-10-15,7.10,7.04,7.15,6.96,55809,39250000,-0.10,-1.40,2.66,3.72
2012-10-16,7.05,7.24,7.42,7.03,135059,98140000,0.20,2.84,5.54,9.00
2012-10-17,7.17,7.37,7.46,7.16,152578,111860000,0.13,1.80,4.14,10.17
2012-10-18,7.31,7.41,7.44,7.29,117402,86630000,0.04,0.54,2.04,7.83
2012-10-19,7.38,7.40,7.64,7.35,142022,106310000,-0.01,-0.14,3.91,9.47
2012-10-22,7.30,7.28,7.35,7.18,82406,59790000,-0.12,-1.62,2.30,5.49
2012-10-23,7.28,7.27,7.42,7.21,69616,50830000,-0.01,-0.14,2.88,4.64
2012-10-24,7.18,7.21,7.32,7.16,59424,42920000,-0.06,-0.83,2.20,3.96
2012-10-25,7.18,7.08,7.28,7.06,62982,45090000,-0.13,-1.80,3.05,4.20
2012-10-26,7.06,6.92,7.11,6.87,64198,44740000,-0.16,-2.26,3.39,4.28
2012-10-29,6.88,6.92,6.96,6.85,28198,19490000,0.00,0.00,1.59,1.88
2012-10-30,6.94,6.88,6.97,6.87,32088,22200000,-0.04,-0.58,1.45,2.14
2012-10-31,6.88,6.90,6.91,6.82,35758,24570000,0.02,0.29,1.31,2.38
2012-11-01,6.94,7.10,7.12,6.90,80282,56700000,0.20,2.90,3.19,5.35
2012-11-02,7.07,7.08,7.15,6.98,61849,43690000,-0.02,-0.28,2.39,4.12
2012-11-05,7.04,7.26,7.27,7.03,107771,77420000,0.18,2.54,3.39,7.18
2012-11-06,7.26,7.21,7.34,7.10,92706,66730000,-0.05,-0.69,3.31,6.18
2012-11-07,7.20,7.08,7.21,7.07,52004,36980000,-0.13,-1.80,1.94,3.47
2012-11-08,7.00,6.67,7.01,6.66,79106,54230000,-0.41,-5.79,4.94,5.27
2012-11-09,6.65,6.63,6.71,6.58,49733,33010000,-0.04,-0.60,1.95,3.32
2012-11-12,6.65,6.69,6.75,6.63,39860,26630000,0.06,0.91,1.81,2.66
2012-11-13,6.65,6.59,6.73,6.56,46697,31030000,-0.10,-1.49,2.54,3.11
2012-11-14,6.57,6.86,7.07,6.57,113688,78060000,0.27,4.10,7.59,7.58
2012-11-15,6.70,6.91,7.00,6.64,111385,75770000,0.05,0.73,5.25,7.43
2012-11-16,6.90,7.24,7.50,6.80,282355,205210000,0.33,4.78,10.13,18.82
2012-11-19,7.08,7.37,7.44,7.00,191115,138200000,0.13,1.80,6.08,12.74
2012-11-20,7.27,7.30,7.37,7.16,121632,88400000,-0.07,-0.95,2.85,8.11
2012-11-21,7.31,7.51,7.76,7.24,289766,218480000,0.21,2.88,7.12,19.32
2012-11-22,7.38,7.41,7.64,7.31,168453,125850000,-0.10,-1.33,4.39,11.23
2012-11-23,7.46,7.88,8.15,7.35,395420,306520000,0.47,6.34,10.80,26.36
2012-11-26,7.71,7.71,7.90,7.66,243640,189330000,-0.17,-2.16,3.05,16.24
2012-11-27,7.60,7.51,7.61,7.35,188778,140770000,-0.20,-2.59,3.37,12.59
2012-11-28,7.44,7.83,8.26,7.38,372100,294620000,0.32,4.26,11.72,24.81
2012-11-29,7.61,7.75,7.92,7.50,243397,187710000,-0.08,-1.02,5.36,16.23
2012-11-30,7.70,7.66,7.83,7.42,173785,132660000,-0.09,-1.16,5.29,11.59
2012-12-03,7.66,7.83,8.23,7.64,279171,221090000,0.17,2.22,7.70,18.61
2012-12-04,7.71,7.80,7.83,7.37,224945,170620000,-0.03,-0.38,5.87,15.00
2012-12-05,7.70,8.21,8.54,7.55,424676,343960000,0.41,5.26,12.69,28.31
2012-12-06,8.10,8.23,8.44,8.06,299720,247240000,0.02,0.24,4.63,19.98
2012-12-07,8.19,9.05,9.05,8.18,497604,433530000,0.82,9.96,10.57,33.17
2012-12-10,9.24,9.96,9.96,8.92,607290,576730000,0.91,10.06,11.49,40.49
2012-12-11,9.78,9.68,9.96,9.49,486179,471950000,-0.28,-2.81,4.72,32.41
2012-12-12,9.75,9.63,9.88,9.29,347127,332270000,-0.05,-0.52,6.10,23.14
2012-12-13,9.55,9.49,9.67,9.33,243865,231510000,-0.14,-1.45,3.53,16.26
2012-12-14,9.46,9.94,10.33,9.45,645977,635220000,0.45,4.74,9.27,43.07
2012-12-17,9.79,9.60,9.79,9.31,390471,373210000,-0.34,-3.42,4.83,26.03
2012-12-18,9.51,9.56,9.83,9.35,338553,324930000,-0.04,-0.42,5.00,22.57
2012-12-19,9.38,9.36,9.48,9.18,246814,229220000,-0.20,-2.09,3.14,16.45
2012-12-20,9.30,9.84,9.97,9.26,429993,412980000,0.48,5.13,7.59,28.67
2012-12-21,9.85,9.45,9.92,9.36,309434,298900000,-0.39,-3.96,5.69,20.63
2012-12-24,9.37,9.47,9.58,9.29,191299,179920000,0.02,0.21,3.07,12.75
2012-12-25,9.39,10.24,10.42,9.30,524065,524010000,0.77,8.13,11.83,34.94
2012-12-26,10.07,10.26,10.29,9.95,319357,323170000,0.02,0.20,3.32,21.29
2012-12-27,10.29,9.71,10.34,9.69,296819,296210000,-0.55,-5.36,6.34,19.79
2012-12-28,9.65,9.78,9.86,9.52,175854,170460000,0.07,0.72,3.50,11.72
2012-12-31,9.73,9.78,9.88,9.55,162293,157850000,0.00,0.00,3.37,10.82
2013-01-04,9.88,9.72,9.93,9.65,141028,137730000,-0.06,-0.61,2.86,9.40
2013-01-07,9.66,10.08,10.25,9.35,326436,321230000,0.36,3.70,9.26,21.76
2013-01-08,9.95,9.82,10.01,9.75,194492,192070000,-0.26,-2.58,2.58,12.97
2013-01-09,9.80,10.06,10.37,9.74,357407,361880000,0.24,2.44,6.42,23.83
2013-01-10,10.06,9.95,10.06,9.76,198177,195910000,-0.11,-1.09,2.98,13.21
2013-01-11,9.88,9.83,10.24,9.80,223562,223380000,-0.12,-1.21,4.42,14.90
2013-01-14,9.71,10.27,10.57,9.63,317525,322860000,0.44,4.48,9.56,21.17
2013-01-15,10.30,11.00,11.30,10.19,402372,440270000,0.73,7.11,10.81,26.82
2013-01-16,10.81,10.99,11.10,10.78,245773,268250000,-0.01,-0.09,2.91,16.38
2013-01-17,11.00,10.60,11.01,10.58,161489,173580000,-0.39,-3.55,3.91,10.77
2013-01-18,10.70,11.07,11.40,10.70,289787,321500000,0.47,4.43,6.60,19.32
2013-01-21,11.13,11.20,11.32,10.92,216292,240260000,0.13,1.17,3.61,14.42
2013-01-22,11.24,10.97,11.24,10.57,260511,283790000,-0.23,-2.05,5.98,17.37
2013-01-23,10.78,10.76,10.86,10.54,143793,153720000,-0.21,-1.91,2.92,9.59
2013-01-24,10.75,10.27,10.93,10.15,212894,224500000,-0.49,-4.55,7.25,14.19
2013-01-25,10.27,10.26,10.44,10.10,96051,98920000,-0.01,-0.10,3.31,6.40
2013-01-28,10.35,10.64,10.66,10.30,166759,174750000,0.38,3.70,3.51,11.12
2013-01-29,10.65,10.73,10.90,10.55,160164,171360000,0.09,0.85,3.29,10.68
2013-01-30,10.69,10.65,10.84,10.41,139572,148150000,-0.08,-0.75,4.01,9.30
2013-01-31,10.56,10.85,10.89,10.54,181175,194530000,0.20,1.88,3.29,12.08
2013-02-01,11.25,10.84,11.45,10.80,381140,422970000,-0.01,-0.09,5.99,25.41
2013-02-04,10.70,10.20,10.70,10.19,235245,242900000,-0.64,-5.90,4.70,15.68
2013-02-05,10.08,10.19,10.29,9.90,97019,98580000,-0.01,-0.10,3.82,6.47
2013-02-06,10.18,10.20,10.25,10.10,77106,78490000,0.01,0.10,1.47,5.14
2013-02-07,10.25,10.13,10.28,10.01,65024,65790000,-0.07,-0.69,2.65,4.33
2013-02-08,10.06,10.34,10.38,10.06,97971,100930000,0.21,2.07,3.16,6.53
2013-02-18,10.44,10.54,10.73,10.22,140845,148420000,0.20,1.93,4.93,9.39
2013-02-19,10.50,10.28,10.61,10.24,90195,93780000,-0.26,-2.47,3.51,6.01
2013-02-20,10.28,10.64,10.65,10.16,125635,131620000,0.36,3.50,4.77,8.38
2013-02-21,10.61,10.85,10.97,10.51,278229,300540000,0.21,1.97,4.32,18.55
2013-02-22,10.76,10.72,10.90,10.60,115996,124490000,-0.13,-1.20,2.77,7.73
2013-02-25,10.68,10.92,10.95,10.60,156535,169520000,0.20,1.87,3.26,10.44
2013-02-26,10.85,10.61,11.04,10.52,156935,169810000,-0.31,-2.84,4.76,10.46
2013-02-27,10.62,10.27,10.70,10.10,147305,152170000,-0.34,-3.20,5.66,9.82
2013-02-28,10.32,10.45,10.45,10.20,92344,95790000,0.18,1.75,2.43,6.16
2013-03-01,10.47,10.54,10.55,10.27,131492,136880000,0.09,0.86,2.68,8.77
2013-03-04,10.50,10.79,11.20,10.37,296913,322480000,0.25,2.37,7.87,19.79
2013-03-05,10.79,10.88,10.97,10.58,169235,182790000,0.09,0.83,3.61,11.28
2013-03-06,10.88,10.91,11.14,10.81,160599,175470000,0.03,0.28,3.03,10.71
2013-03-07,10.87,10.49,11.06,10.41,160553,171940000,-0.42,-3.85,5.96,10.70
2013-03-08,10.49,10.37,10.55,10.30,72667,75640000,-0.12,-1.14,2.38,4.84
2013-03-11,10.38,10.39,10.45,10.27,61739,63850000,0.02,0.19,1.74,4.12
2013-03-12,10.36,9.64,10.37,9.52,177853,175670000,-0.75,-7.22,8.18,11.86
2013-03-13,9.64,9.33,9.70,9.10,100543,93410000,-0.31,-3.22,6.22,6.70
2013-03-14,9.30,9.32,9.46,9.26,52743,49350000,-0.01,-0.11,2.14,3.52
2013-03-15,9.32,9.35,9.45,9.15,68498,63990000,0.03,0.32,3.22,4.57
2013-03-18,9.25,9.32,9.48,9.25,52372,49050000,-0.03,-0.32,2.46,3.49
2013-03-19,9.30,9.17,9.42,8.94,80729,73770000,-0.15,-1.61,5.15,5.38
2013-03-20,9.22,9.47,9.47,9.08,98080,91880000,0.30,3.27,4.25,6.54
2013-03-21,9.66,9.84,10.15,9.66,201681,199460000,0.37,3.91,5.17,13.45
2013-03-22,9.70,9.75,9.87,9.64,84748,82440000,-0.09,-0.91,2.34,5.65
2013-03-25,9.71,9.62,9.80,9.57,54690,52780000,-0.13,-1.33,2.36,3.65
2013-03-26,9.59,9.78,9.85,9.52,90451,87860000,0.16,1.66,3.43,6.03
2013-03-27,9.87,9.65,9.95,9.58,72073,70240000,-0.13,-1.33,3.78,4.80
2013-03-28,9.38,9.18,9.38,9.00,75126,69060000,-0.47,-4.87,3.94,5.01
2013-03-29,9.38,9.11,9.45,9.08,53736,49390000,-0.07,-0.76,4.03,3.58
2013-04-01,9.06,9.22,9.39,9.06,62469,57950000,0.11,1.21,3.62,4.16
2013-04-02,9.16,9.54,9.57,9.14,128823,121420000,0.32,3.47,4.66,8.59
2013-04-03,9.49,9.38,9.54,9.31,58758,55230000,-0.16,-1.68,2.41,3.92
2013-04-08,9.23,9.53,9.54,9.00,65881,61120000,0.15,1.60,5.76,4.39
2013-04-09,9.52,9.55,9.65,9.40,85789,81630000,0.02,0.21,2.62,5.72
2013-04-10,9.55,9.60,9.65,9.41,101823,97110000,0.05,0.52,2.51,6.79
2013-04-11,9.59,9.37,9.60,9.35,62677,59230000,-0.23,-2.40,2.60,4.18
2013-04-12,9.40,9.13,9.45,9.09,53422,49270000,-0.24,-2.56,3.84,3.56
2013-04-15,9.02,8.91,9.08,8.90,44183,39760000,-0.22,-2.41,1.97,2.95
2013-04-16,8.75,8.98,8.99,8.70,37218,33020000,0.07,0.79,3.25,2.48
2013-04-17,9.05,8.92,9.05,8.82,40276,35840000,-0.06,-0.67,2.56,2.69
2013-04-18,8.85,8.75,8.95,8.74,57824,50880000,-0.17,-1.91,2.35,3.85
2013-04-19,8.78,8.95,8.97,8.78,75537,67270000,0.20,2.29,2.17,5.04
2013-04-22,8.89,9.03,9.04,8.82,62564,55920000,0.08,0.89,2.46,4.17
2013-04-23,9.00,8.37,9.02,8.35,102362,88400000,-0.66,-7.31,7.42,6.82
2013-04-24,8.35,8.45,8.51,8.33,58819,49520000,0.08,0.96,2.15,3.92
2013-04-25,8.45,8.14,8.45,8.13,73098,60410000,-0.31,-3.67,3.79,4.87
2013-04-26,8.17,7.84,8.24,7.80,53877,43100000,-0.30,-3.69,5.41,3.59
2013-05-02,7.92,8.00,8.05,7.87,34344,27350000,0.16,2.04,2.30,2.29
2013-05-03,8.03,8.28,8.30,8.01,55727,45750000,0.28,3.50,3.63,3.72
2013-05-06,8.31,8.35,8.37,8.22,60933,50640000,0.07,0.85,1.81,4.06
2013-05-07,8.33,8.41,8.42,8.21,49230,40850000,0.06,0.72,2.52,3.28
2013-05-08,8.41,8.63,8.67,8.34,97250,82900000,0.22,2.62,3.92,6.48
2013-05-09,8.53,8.45,8.59,8.34,64417,54470000,-0.18,-2.09,2.90,4.29
2013-05-10,8.40,8.49,8.55,8.27,71499,60100000,0.04,0.47,3.31,4.77
2013-05-13,8.45,8.49,8.50,8.37,47394,40000000,0.00,0.00,1.53,3.16
2013-05-14,8.41,8.18,8.45,8.16,50257,41600000,-0.31,-3.65,3.42,3.35
2013-05-15,8.21,8.32,8.38,8.14,41770,34580000,0.14,1.71,2.93,2.78
2013-05-16,8.25,8.74,8.79,8.21,117786,100490000,0.42,5.05,6.97,7.85
2013-05-17,8.66,8.90,9.09,8.57,168225,149060000,0.16,1.83,5.95,11.22
2013-05-20,8.90,8.99,9.09,8.83,104777,94180000,0.09,1.01,2.92,6.99
2013-05-21,9.03,9.09,9.21,8.95,93673,84910000,0.10,1.11,2.89,6.24
2013-05-22,9.09,8.96,9.09,8.87,86689,77950000,-0.13,-1.43,2.42,5.78
2013-05-23,8.82,8.78,8.95,8.75,69144,61050000,-0.18,-2.01,2.23,4.61
2013-05-24,8.78,8.89,8.90,8.72,47229,41700000,0.11,1.25,2.05,3.15
2013-05-27,8.81,9.08,9.17,8.81,97017,87690000,0.19,2.14,4.05,6.47
2013-05-28,9.08,9.08,9.13,8.90,79187,71690000,0.00,0.00,2.53,5.28
2013-05-29,9.11,9.15,9.29,9.08,94914,87310000,0.07,0.77,2.31,6.33
2013-05-30,9.12,9.29,9.35,9.01,102956,94550000,0.14,1.53,3.72,6.86
2013-05-31,9.25,9.05,9.31,9.04,78275,71860000,-0.24,-2.58,2.91,5.22
2013-06-03,9.09,9.09,9.15,8.86,71834,64760000,0.04,0.44,3.20,4.79
2013-06-04,9.04,8.80,9.04,8.77,61093,54260000,-0.29,-3.19,2.97,4.07
2013-06-05,8.81,9.17,9.28,8.70,111867,100990000,0.37,4.20,6.59,7.46
2013-06-06,9.08,8.90,9.19,8.87,69445,62820000,-0.27,-2.94,3.49,4.63
2013-06-07,8.90,8.80,9.11,8.74,57410,51130000,-0.10,-1.12,4.16,3.83
2013-06-13,7.96,8.19,8.47,7.96,51518,42520000,-0.61,-6.93,5.80,3.43
2013-06-14,8.17,8.25,8.41,8.17,40625,33760000,0.06,0.73,2.93,2.71
2013-06-17,8.26,8.02,8.26,7.95,60239,48700000,-0.23,-2.79,3.76,4.02
2013-06-18,8.07,8.11,8.20,8.04,35522,28810000,0.09,1.12,2.00,2.37
2013-06-19,8.06,7.92,8.11,7.71,52748,41380000,-0.19,-2.34,4.93,3.52
2013-06-20,7.80,7.78,8.11,7.74,55268,43750000,-0.14,-1.77,4.67,3.68
2013-06-21,7.61,7.54,7.70,7.11,44318,33340000,-0.24,-3.08,7.58,2.95
2013-06-24,7.50,6.90,7.54,6.79,57352,40950000,-0.64,-8.49,9.95,3.82
2013-06-25,6.86,6.76,6.94,6.26,68311,45470000,-0.14,-2.03,9.86,4.55
2013-06-26,6.76,6.93,7.02,6.65,52913,36090000,0.17,2.51,5.47,3.53
2013-06-27,6.94,6.72,7.02,6.71,52213,36070000,-0.21,-3.03,4.47,3.48
2013-06-28,6.66,6.80,6.95,6.55,39338,26730000,0.08,1.19,5.95,2.62
2013-07-01,6.74,7.07,7.08,6.66,66031,45800000,0.27,3.97,6.18,4.40
2013-07-02,7.03,7.05,7.06,6.91,58162,40660000,-0.02,-0.28,2.12,3.88
2013-07-03,6.97,6.86,7.02,6.72,54350,37250000,-0.19,-2.70,4.26,3.62
2013-07-04,6.81,7.00,7.07,6.76,65483,45520000,0.14,2.04,4.52,4.37
2013-07-05,7.00,7.07,7.11,6.98,64117,45160000,0.07,1.00,1.86,4.27
2013-07-08,6.98,7.16,7.33,6.75,125516,89260000,0.09,1.27,8.20,8.37
2013-07-09,7.05,7.01,7.20,6.86,47943,33680000,-0.15,-2.10,4.75,3.20
2013-07-10,7.01,7.19,7.22,6.91,76539,54360000,0.18,2.57,4.42,5.10
2013-07-11,7.20,7.43,7.65,7.14,120463,89230000,0.24,3.34,7.09,8.03
2013-07-12,7.40,7.28,7.48,7.23,70302,51640000,-0.15,-2.02,3.36,4.69
2013-07-15,7.20,7.23,7.32,7.11,45958,33200000,0.05,0.70,2.92,3.06
2013-07-16,7.23,7.36,7.37,7.20,56409,41070000,0.13,1.80,2.35,3.76
2013-07-17,7.36,7.13,7.36,7.11,55886,40390000,-0.23,-3.13,3.40,3.73
2013-07-18,7.06,6.95,7.12,6.94,47926,33600000,-0.18,-2.52,2.52,3.20
2013-07-19,6.98,6.71,7.03,6.70,50625,35000000,-0.24,-3.45,4.75,3.38
2013-07-22,6.72,6.83,6.85,6.67,37851,25610000,0.12,1.79,2.68,2.52
2013-07-23,6.87,7.00,7.04,6.80,56732,39540000,0.17,2.49,3.51,3.78
2013-07-24,7.00,6.97,7.09,6.87,50048,34880000,-0.03,-0.43,3.14,3.34
2013-07-25,7.00,6.87,7.03,6.84,42352,29320000,-0.10,-1.43,2.73,2.82
2013-07-26,6.86,6.81,6.93,6.76,25333,17300000,-0.06,-0.87,2.47,1.69
2013-07-29,6.79,6.65,6.85,6.62,30985,20900000,-0.16,-2.35,3.38,2.07
2013-07-30,6.65,6.67,6.76,6.54,29457,19650000,0.02,0.30,3.31,1.96
2013-07-31,6.68,6.70,6.79,6.68,27259,18330000,0.03,0.45,1.65,1.82
2013-08-01,6.70,6.90,6.90,6.69,45286,30950000,0.20,2.99,3.13,3.02
2013-08-02,6.96,7.34,7.48,6.86,145348,104460000,0.44,6.38,8.99,9.69
2013-08-05,7.21,7.40,7.56,7.21,128051,94310000,0.06,0.82,4.77,8.54
2013-08-06,7.60,7.62,7.94,7.55,196874,151720000,0.22,2.97,5.27,13.12
2013-08-07,7.63,7.50,7.68,7.46,109072,82520000,-0.12,-1.57,2.89,7.27
2013-08-08,7.45,7.38,7.55,7.36,60504,45030000,-0.12,-1.60,2.53,4.03
2013-08-09,7.31,7.44,7.51,7.24,60660,44880000,0.06,0.81,3.66,4.04
2013-08-12,7.53,7.61,7.62,7.41,78868,59460000,0.17,2.28,2.82,5.26
2013-08-13,7.58,7.58,7.66,7.52,56132,42530000,-0.03,-0.39,1.84,3.74
2013-08-14,7.58,7.41,7.64,7.40,68355,51350000,-0.17,-2.24,3.17,4.56
2013-08-15,7.45,7.31,7.48,7.25,63367,46590000,-0.10,-1.35,3.10,4.22
2013-08-16,7.32,7.26,7.55,7.21,57392,42290000,-0.05,-0.68,4.65,3.83
2013-08-19,7.21,7.37,7.44,7.20,37731,27750000,0.11,1.52,3.31,2.52
2013-08-20,7.39,7.39,7.46,7.32,40088,29660000,0.02,0.27,1.90,2.67
2013-08-21,7.39,7.33,7.39,7.20,51766,37640000,-0.06,-0.81,2.57,3.45
2013-08-22,7.30,7.24,7.37,7.23,37729,27490000,-0.09,-1.23,1.91,2.52
2013-08-23,7.29,7.00,7.29,6.97,54198,38590000,-0.24,-3.31,4.42,3.61
2013-08-26,7.01,7.17,7.19,7.01,42591,30360000,0.17,2.43,2.57,2.84
2013-08-27,7.19,7.29,7.30,7.14,47698,34570000,0.12,1.67,2.23,3.18
2013-08-28,7.23,7.15,7.26,7.10,59287,42620000,-0.14,-1.92,2.19,3.95
2013-08-29,7.16,7.23,7.26,7.13,35470,25580000,0.08,1.12,1.82,2.36
2013-08-30,7.23,7.52,7.59,7.13,155365,115140000,0.29,4.01,6.36,10.36
2013-09-02,7.45,7.79,7.95,7.38,215238,165880000,0.27,3.59,7.58,14.35
2013-09-03,7.70,7.76,7.92,7.67,138157,107550000,-0.03,-0.39,3.21,9.21
2013-09-04,7.75,8.12,8.18,7.73,266340,214190000,0.36,4.64,5.80,17.76
2013-09-05,8.00,7.93,8.04,7.85,124923,98970000,-0.19,-2.34,2.34,8.33
2013-09-06,7.86,7.91,7.94,7.70,103701,81340000,-0.02,-0.25,3.03,6.91
2013-09-09,7.93,7.88,8.06,7.83,107948,85830000,-0.03,-0.38,2.91,7.20
2013-09-10,7.82,8.20,8.33,7.80,156591,126550000,0.32,4.06,6.73,10.44
2013-09-11,8.20,8.29,8.60,8.05,204335,169820000,0.09,1.10,6.71,13.62
2013-09-12,8.30,8.18,8.38,8.11,106471,87700000,-0.11,-1.33,3.26,7.10
2013-09-13,8.16,8.09,8.25,8.09,65480,53380000,-0.09,-1.10,1.96,4.37
2013-09-16,8.13,8.14,8.18,7.88,128421,103190000,0.05,0.62,3.71,8.56
2013-09-17,8.06,7.78,8.13,7.77,80853,63970000,-0.36,-4.42,4.42,5.39
2013-09-18,7.80,7.78,7.88,7.71,55339,43100000,0.00,0.00,2.19,3.69
2013-09-23,7.85,8.00,8.01,7.79,88872,70320000,0.22,2.83,2.83,5.92
2013-09-24,7.96,8.02,8.12,7.86,81955,65520000,0.02,0.25,3.25,5.46
2013-09-25,7.97,8.20,8.33,7.92,147165,120100000,0.18,2.24,5.11,9.81
2013-09-26,8.15,8.09,8.34,8.06,114860,94340000,-0.11,-1.34,3.41,7.66
2013-09-27,8.05,7.80,8.14,7.73,90939,71780000,-0.29,-3.58,5.07,6.06
2013-09-30,7.82,7.81,7.88,7.67,47525,37040000,0.01,0.13,2.69,3.17
2013-10-08,7.86,7.90,7.97,7.80,60227,47590000,0.09,1.15,2.18,4.02
2013-10-09,7.90,7.90,7.94,7.81,54785,43120000,0.00,0.00,1.65,3.65
2013-10-10,7.86,8.08,8.23,7.84,124771,100650000,0.18,2.28,4.94,8.32
2013-10-11,8.03,8.89,8.89,8.03,292111,250690000,0.81,10.02,10.64,19.47
2013-10-14,8.96,9.19,9.45,8.96,431577,396680000,0.30,3.37,5.51,28.77
2013-10-15,9.18,9.21,9.40,9.03,263688,242480000,0.02,0.22,4.03,17.58
2013-10-16,9.22,8.70,9.22,8.50,185887,163370000,-0.51,-5.54,7.82,12.39
2013-10-17,9.20,9.57,9.57,9.20,97888,93420000,0.87,10.00,4.25,6.53
2013-10-18,9.94,9.36,10.09,9.18,363141,347600000,-0.21,-2.19,9.51,24.21
2013-10-21,9.36,9.42,9.60,9.02,275039,256870000,0.06,0.64,6.20,18.34
2013-10-22,9.29,9.78,10.26,9.20,366009,357770000,0.36,3.82,11.25,24.40
2013-10-23,9.58,9.15,9.75,9.02,212136,198040000,-0.63,-6.44,7.46,14.14
2013-10-24,9.01,9.01,9.33,8.92,100737,91780000,-0.14,-1.53,4.48,6.72
2013-10-25,9.07,9.30,9.32,8.82,120784,109040000,0.29,3.22,5.55,8.05
2013-10-28,9.65,9.15,9.95,9.11,171799,162640000,-0.15,-1.61,9.03,11.45
2013-10-29,8.93,8.74,9.02,8.24,236662,203280000,-0.41,-4.48,8.52,15.78
2013-10-30,8.64,8.74,8.79,8.48,126894,110010000,0.00,0.00,3.55,8.46
2013-10-31,8.66,8.57,8.95,8.53,104206,90830000,-0.17,-1.95,4.81,6.95
2013-11-01,8.51,8.40,8.53,8.20,61414,51360000,-0.17,-1.98,3.85,4.09
2013-11-04,8.52,8.55,8.79,8.52,83745,72350000,0.15,1.79,3.21,5.58
2013-11-05,8.49,9.41,9.41,8.30,193025,175440000,0.86,10.06,12.98,12.87
2013-11-06,9.34,9.41,9.86,9.20,380988,363010000,0.00,0.00,7.01,25.40
2013-11-07,9.27,9.64,9.99,9.21,300804,291250000,0.23,2.44,8.29,20.05
2013-11-08,9.37,10.03,10.42,9.28,397821,393540000,0.39,4.05,11.83,26.52
2013-11-11,9.83,9.82,10.18,9.71,276972,275130000,-0.21,-2.09,4.69,18.46
2013-11-12,9.55,10.15,10.26,9.36,311231,306220000,0.33,3.36,9.17,20.75
2013-11-13,9.88,9.40,10.15,9.35,271094,264890000,-0.75,-7.39,7.88,18.07
2013-11-14,9.48,9.67,10.05,9.48,277189,270740000,0.27,2.87,6.06,18.48
2013-11-15,9.38,9.66,9.92,9.32,277278,267880000,-0.01,-0.10,6.20,18.49
2013-11-18,9.74,10.63,10.63,9.55,479935,495590000,0.97,10.04,11.18,32.00
2013-11-19,10.60,10.44,10.66,10.28,301414,315290000,-0.19,-1.79,3.57,20.09
2013-11-20,10.34,10.48,10.80,10.31,289984,305800000,0.04,0.38,4.69,19.33
2013-11-21,10.36,10.58,10.82,10.22,269680,284540000,0.10,0.95,5.73,17.98
2013-11-22,10.64,10.25,10.67,10.20,179421,186570000,-0.33,-3.12,4.44,11.96
2013-11-25,10.15,10.33,10.38,9.90,160647,163010000,0.08,0.78,4.68,10.71
2013-11-26,10.20,10.16,10.37,10.06,127662,130010000,-0.17,-1.65,3.00,8.51
2013-11-27,10.19,10.20,10.24,10.00,125944,127770000,0.04,0.39,2.36,8.40
2013-11-28,10.20,10.24,10.55,10.14,205614,213940000,0.04,0.39,4.02,13.71
2013-11-29,10.50,10.39,10.80,10.37,233523,246020000,0.15,1.46,4.20,15.57
2013-12-02,9.92,9.35,10.18,9.35,259063,250890000,-1.04,-10.01,7.99,17.27
2013-12-03,9.21,9.68,9.77,9.16,131791,126080000,0.33,3.53,6.52,8.79
2013-12-04,9.85,10.13,10.29,9.77,191824,193060000,0.45,4.65,5.37,12.79
2013-12-05,10.12,10.17,10.35,10.02,129380,131800000,0.04,0.39,3.26,8.63
2013-12-06,10.13,10.02,10.14,9.86,91248,91280000,-0.15,-1.47,2.75,6.08
2013-12-09,10.10,10.21,10.35,10.08,100386,102430000,0.19,1.90,2.69,6.69
2013-12-10,10.35,10.40,10.48,10.18,151810,156780000,0.19,1.86,2.94,10.12
2013-12-11,10.36,10.21,10.37,10.03,94009,95710000,-0.19,-1.83,3.27,6.27
2013-12-12,10.28,10.53,10.59,10.12,213329,222000000,0.32,3.13,4.60,14.22
2013-12-13,10.45,10.96,11.20,10.40,349509,380430000,0.43,4.08,7.60,23.30
2013-12-16,11.45,10.33,11.50,10.30,274722,296100000,-0.63,-5.75,10.95,18.31
2013-12-17,10.25,9.93,10.35,9.70,157269,156880000,-0.40,-3.87,6.29,10.48
2013-12-18,9.92,9.84,10.13,9.80,106804,106330000,-0.09,-0.91,3.32,7.12
2013-12-19,9.90,9.72,9.97,9.65,85010,83190000,-0.12,-1.22,3.25,5.67
2013-12-20,9.67,9.90,9.93,9.67,83440,81960000,0.18,1.85,2.67,5.56
2013-12-23,9.90,9.53,9.90,9.40,82795,79480000,-0.37,-3.74,5.05,5.52
2013-12-24,9.61,10.19,10.20,9.52,171345,169750000,0.66,6.93,7.14,11.42
2013-12-25,9.98,10.08,10.14,9.87,138343,138230000,-0.11,-1.08,2.65,9.22
2013-12-26,10.09,9.75,10.25,9.73,127622,128110000,-0.33,-3.27,5.16,8.51
2013-12-27,9.82,9.88,9.94,9.65,90565,88860000,0.13,1.33,2.97,6.04
2013-12-30,9.88,9.74,9.94,9.67,79608,77790000,-0.14,-1.42,2.73,5.31
2013-12-31,9.66,9.40,9.71,9.22,119473,112390000,-0.34,-3.49,5.03,7.96
2014-01-02,9.40,9.45,9.58,9.31,57639,54460000,0.05,0.53,2.87,3.84
2014-01-03,9.37,9.23,9.48,9.11,110386,102120000,-0.22,-2.33,3.92,7.36
2014-01-06,9.14,8.70,9.17,8.64,101212,89880000,-0.53,-5.74,5.74,6.75
2014-01-07,8.56,8.77,9.01,8.56,83690,73820000,0.07,0.80,5.17,5.58
2014-01-08,8.70,8.73,8.93,8.68,71103,62510000,-0.04,-0.46,2.85,4.74
2014-01-09,8.74,8.57,8.90,8.53,70196,61390000,-0.16,-1.83,4.24,4.68
2014-01-10,8.58,8.29,8.61,8.21,76252,63800000,-0.28,-3.27,4.67,5.08
2014-01-13,8.32,8.40,8.47,8.20,51815,43320000,0.11,1.33,3.26,3.45
2014-01-14,8.37,8.66,8.67,8.29,71598,60650000,0.26,3.10,4.52,4.77
2014-01-15,8.60,8.74,8.81,8.52,61791,53540000,0.08,0.92,3.35,4.12
2014-01-16,8.71,8.60,8.83,8.58,51245,44640000,-0.14,-1.60,2.86,3.42
2014-01-17,8.53,8.35,8.64,8.31,46975,39590000,-0.25,-2.91,3.84,3.13
2014-01-20,8.66,8.71,8.99,8.60,148846,130790000,0.36,4.31,4.67,9.92
2014-01-21,8.64,8.79,8.86,8.61,94627,83140000,0.08,0.92,2.87,6.31
2014-01-22,8.80,9.07,9.12,8.71,141163,126090000,0.28,3.19,4.66,9.41
2014-01-23,9.01,9.03,9.14,8.96,96669,87390000,-0.04,-0.44,1.98,6.44
2014-01-24,9.00,9.03,9.13,8.92,84256,76190000,0.00,0.00,2.33,5.62
2014-01-27,8.96,8.82,9.10,8.81,76001,67790000,-0.21,-2.33,3.21,5.07
2014-01-28,8.85,8.65,8.92,8.61,55069,48140000,-0.17,-1.93,3.51,3.67
2014-01-29,8.67,8.69,8.74,8.62,43422,37700000,0.04,0.46,1.39,2.89
2014-01-30,8.67,8.38,8.73,8.35,60131,50870000,-0.31,-3.57,4.37,4.01
2014-02-07,8.38,8.71,8.73,8.35,53505,45880000,0.33,3.94,4.53,3.57
2014-02-10,8.71,9.06,9.12,8.71,95214,85740000,0.35,4.02,4.71,6.35
2014-02-11,9.06,9.24,9.34,8.89,138634,126670000,0.18,1.99,4.97,9.24
2014-02-12,9.21,9.42,9.45,9.03,139858,130100000,0.18,1.95,4.55,9.32
2014-02-13,9.32,9.36,9.65,9.30,176024,166690000,-0.06,-0.64,3.72,11.74
2014-02-14,9.46,9.52,9.60,9.23,149822,141770000,0.16,1.71,3.95,9.99
2014-02-17,9.53,9.59,9.67,9.43,157887,150610000,0.07,0.74,2.52,10.53
2014-02-18,9.64,9.61,9.75,9.54,151781,146170000,0.02,0.21,2.19,10.12
2014-02-19,9.55,9.84,9.99,9.38,220570,213740000,0.23,2.39,6.35,14.70
2014-02-20,9.78,9.49,9.79,9.42,120721,115970000,-0.35,-3.56,3.76,8.05
2014-02-21,9.51,9.37,9.56,9.23,71746,67520000,-0.12,-1.26,3.48,4.78
2014-02-24,9.30,9.43,9.55,9.24,65704,62080000,0.06,0.64,3.31,4.38
2014-02-25,9.49,8.99,9.53,8.81,109383,101710000,-0.44,-4.67,7.64,7.29
2014-02-26,8.88,8.92,8.98,8.60,59392,52250000,-0.07,-0.78,4.23,3.96
2014-02-27,8.93,8.69,9.03,8.65,72058,63910000,-0.23,-2.58,4.26,4.80
2014-02-28,8.74,8.84,8.87,8.48,65481,56670000,0.15,1.73,4.49,4.37
2014-03-03,8.84,9.16,9.18,8.68,78018,70070000,0.32,3.62,5.66,5.20
2014-03-04,9.05,9.07,9.13,8.92,54500,49260000,-0.09,-0.98,2.29,3.63
2014-03-05,9.19,9.10,9.46,9.05,110160,102020000,0.03,0.33,4.52,7.34
2014-03-06,9.00,8.94,9.07,8.76,66509,59250000,-0.16,-1.76,3.41,4.43
2014-03-07,8.86,8.77,9.03,8.72,56568,50070000,-0.17,-1.90,3.47,3.77
2014-03-10,8.65,8.29,8.70,8.20,59887,50720000,-0.48,-5.47,5.70,3.99
2014-03-11,8.30,8.22,8.42,8.10,43819,36180000,-0.07,-0.84,3.86,2.92
2014-03-12,8.22,8.11,8.25,7.90,49719,40150000,-0.11,-1.34,4.26,3.31
2014-03-13,8.09,8.15,8.23,8.06,33925,27640000,0.04,0.49,2.10,2.26
2014-03-14,8.13,8.15,8.24,8.01,32132,26140000,0.00,0.00,2.82,2.14
2014-03-17,8.19,8.32,8.32,8.16,39882,32930000,0.17,2.09,1.96,2.66
2014-03-18,8.36,8.28,8.39,8.25,37305,30970000,-0.04,-0.48,1.68,2.49
2014-03-19,8.24,8.17,8.25,8.04,46270,37610000,-0.11,-1.33,2.54,3.08
2014-03-20,8.14,8.00,8.25,7.99,50137,40870000,-0.17,-2.08,3.18,3.34
2014-03-21,8.00,8.14,8.17,7.83,54623,43710000,0.14,1.75,4.25,3.64
2014-03-24,8.14,8.20,8.24,8.09,50575,41310000,0.06,0.74,1.84,3.37
2014-03-25,8.18,8.23,8.27,8.18,47894,39380000,0.03,0.37,1.10,3.19
2014-03-26,8.23,8.31,8.37,8.20,48324,40010000,0.08,0.97,2.07,3.22
2014-03-27,8.32,8.08,8.32,8.06,48106,39170000,-0.23,-2.77,3.13,3.21
2014-03-28,8.00,7.70,8.08,7.68,70393,55340000,-0.38,-4.70,4.95,4.69
2014-03-31,7.70,7.69,7.79,7.60,25877,19900000,-0.01,-0.13,2.47,1.73
2014-04-01,7.69,7.91,7.92,7.65,30626,23880000,0.22,2.86,3.51,2.04
2014-04-02,7.87,7.85,7.92,7.82,22542,17700000,-0.06,-0.76,1.26,1.50
2014-04-03,7.83,7.75,7.89,7.71,34967,27270000,-0.10,-1.27,2.29,2.33
2014-04-04,7.78,7.84,7.84,7.72,19880,15500000,0.09,1.16,1.55,1.33
2014-04-08,7.79,7.98,7.99,7.77,49859,39350000,0.14,1.79,2.81,3.32
2014-04-09,7.98,8.12,8.15,7.95,69857,56400000,0.14,1.75,2.51,4.66
2014-04-10,8.12,8.22,8.23,8.06,72452,59000000,0.10,1.23,2.09,4.83
2014-04-11,8.17,8.04,8.17,8.00,52313,42200000,-0.18,-2.19,2.07,3.49
2014-04-14,7.94,8.04,8.05,7.91,33382,26650000,0.00,0.00,1.74,2.23
2014-04-15,8.04,8.05,8.08,7.93,33730,26980000,0.01,0.12,1.87,2.25
2014-04-16,8.03,8.61,8.73,8.00,261932,220670000,0.56,6.96,9.07,17.46
2014-04-17,8.43,8.42,8.49,8.36,146120,122960000,-0.19,-2.21,1.51,9.74
2014-04-18,8.36,8.34,8.46,8.31,60642,50720000,-0.08,-0.95,1.78,4.04
2014-04-21,8.24,8.05,8.28,8.01,83826,68360000,-0.29,-3.48,3.24,5.59
2014-04-22,8.05,7.91,8.07,7.78,62100,48960000,-0.14,-1.74,3.60,4.14
2014-04-23,7.96,7.95,8.08,7.86,34089,27160000,0.04,0.51,2.78,2.27
2014-04-24,7.90,7.81,7.92,7.78,33328,26100000,-0.14,-1.76,1.76,2.22
2014-04-25,7.81,7.53,7.88,7.50,50834,39200000,-0.28,-3.59,4.87,3.39
2014-04-28,7.51,7.10,7.57,7.07,50299,36510000,-0.43,-5.71,6.64,3.35
2014-04-29,7.10,7.25,7.28,7.10,27708,19910000,0.15,2.11,2.54,1.85
2014-04-30,7.25,7.34,7.39,7.21,23427,17060000,0.09,1.24,2.48,1.56
2014-05-05,7.31,7.46,7.47,7.27,19242,14210000,0.12,1.63,2.72,1.28
2014-05-06,7.46,7.48,7.50,7.39,32610,24280000,0.02,0.27,1.47,2.17
2014-05-07,7.41,7.33,7.42,7.29,29171,21430000,-0.15,-2.01,1.74,1.94
2014-05-08,7.28,7.37,7.48,7.20,33899,25010000,0.04,0.55,3.82,2.26
2014-05-09,7.45,7.44,7.47,7.27,39747,29350000,0.07,0.95,2.71,2.65
2014-05-12,7.50,7.56,7.61,7.43,66634,50160000,0.12,1.61,2.42,4.44
2014-05-13,7.57,7.47,7.60,7.45,34339,25820000,-0.09,-1.19,1.98,2.29
2014-05-14,7.48,7.44,7.50,7.39,32175,23920000,-0.03,-0.40,1.47,2.15
2014-05-15,7.44,7.22,7.46,7.21,25980,19000000,-0.22,-2.96,3.36,1.73
2014-05-16,7.20,7.22,7.24,7.10,38051,27300000,0.00,0.00,1.94,2.54
2014-05-19,7.19,7.47,7.78,7.14,62630,46310000,0.25,3.46,8.86,4.18
2014-05-20,7.60,7.44,7.60,7.38,34340,25600000,-0.03,-0.40,2.95,2.29
2014-05-21,7.40,7.46,7.46,7.25,29693,21990000,0.02,0.27,2.82,1.98
2014-05-22,7.44,7.45,7.58,7.39,36030,26880000,-0.01,-0.13,2.55,2.40
2014-05-23,7.45,7.44,7.46,7.37,22486,16700000,-0.01,-0.13,1.21,1.50
2014-05-26,7.44,7.46,7.49,7.42,29357,21910000,0.02,0.27,0.94,1.96
2014-05-27,7.46,7.40,7.50,7.40,23407,17430000,-0.06,-0.80,1.34,1.56
2014-05-28,7.37,7.45,7.47,7.33,34169,25350000,0.05,0.68,1.89,2.28
2014-05-29,7.44,7.38,7.47,7.37,32744,24260000,-0.07,-0.94,1.34,2.18
2014-05-30,7.36,7.45,7.54,7.34,53813,40190000,0.07,0.95,2.71,3.59
2014-06-03,7.50,7.40,7.60,7.39,39941,29940000,-0.05,-0.67,2.82,2.66
2014-06-04,7.40,7.30,7.42,7.20,38008,27710000,-0.10,-1.35,2.97,2.53
2014-06-05,7.23,7.34,7.35,7.23,18730,13660000,0.04,0.55,1.64,1.25
2014-06-06,7.35,7.27,7.35,7.23,19723,14380000,-0.07,-0.95,1.63,1.31
2014-06-09,7.21,7.19,7.32,7.19,14087,10210000,-0.08,-1.10,1.79,0.94
2014-06-10,7.30,7.54,7.60,7.30,139466,104820000,0.35,4.87,4.17,9.30
2014-06-11,7.53,7.50,7.57,7.44,61355,46050000,-0.04,-0.53,1.72,4.09
2014-06-12,7.50,7.43,7.53,7.38,41470,30790000,-0.07,-0.93,2.00,2.76
2014-06-13,7.43,7.56,7.58,7.40,55487,41730000,0.13,1.75,2.42,3.70
2014-06-16,7.56,7.56,7.60,7.50,44144,33280000,0.00,0.00,1.32,2.94
2014-06-17,7.56,7.45,7.57,7.43,36519,27290000,-0.11,-1.46,1.85,2.43
2014-06-18,7.43,7.32,7.50,7.31,37497,27720000,-0.13,-1.75,2.55,2.50
2014-06-19,7.30,7.15,7.37,7.09,32959,23790000,-0.17,-2.32,3.83,2.20
2014-06-20,7.16,7.25,7.30,7.12,22846,16440000,0.10,1.40,2.52,1.52
2014-06-23,7.27,7.30,7.36,7.23,24545,17890000,0.05,0.69,1.79,1.64
2014-06-24,7.29,7.30,7.32,7.23,25245,18370000,0.00,0.00,1.23,1.68
2014-06-25,7.26,7.23,7.30,7.20,20883,15090000,-0.07,-0.96,1.37,1.39
2014-06-26,7.25,7.66,7.81,7.23,133709,100590000,0.43,5.95,8.02,8.91
2014-06-27,7.60,7.84,8.06,7.57,176221,137610000,0.18,2.35,6.40,11.75
2014-06-30,7.85,7.85,7.98,7.73,96499,75750000,0.01,0.13,3.19,6.43
2014-07-01,7.85,7.83,7.90,7.76,61210,48000000,-0.02,-0.25,1.78,4.08
2014-07-02,7.83,7.84,8.06,7.76,110395,87060000,0.01,0.13,3.83,7.36
2014-07-03,7.80,7.85,7.91,7.75,58970,46240000,0.01,0.13,2.04,3.93
2014-07-04,7.86,7.86,7.95,7.83,59482,46920000,0.01,0.13,1.53,3.97
2014-07-07,7.87,8.01,8.04,7.84,72550,57590000,0.15,1.91,2.54,4.84
2014-07-08,8.00,7.92,8.06,7.85,72013,57050000,-0.09,-1.12,2.62,4.80
2014-07-09,7.89,7.65,7.91,7.64,72637,56480000,-0.27,-3.41,3.41,4.84
2014-07-10,7.64,7.72,7.75,7.59,51759,39640000,0.07,0.92,2.09,3.45
2014-07-11,7.69,7.67,7.73,7.61,39030,29980000,0.01,0.13,1.57,2.60
2014-07-14,7.67,7.95,7.99,7.63,93346,73230000,0.28,3.65,4.69,6.22
2014-07-15,7.94,7.92,7.98,7.81,53573,42310000,-0.03,-0.38,2.14,3.57
2014-07-16,7.90,7.89,7.96,7.82,43911,34590000,-0.03,-0.38,1.77,2.93
2014-07-17,7.90,7.80,7.91,7.72,41965,32790000,-0.09,-1.14,2.41,2.80
2014-07-18,7.76,7.86,7.95,7.67,51729,40690000,0.06,0.77,3.59,3.45
2014-07-21,7.98,7.88,8.05,7.84,81876,65080000,0.02,0.25,2.67,5.46
2014-07-22,7.88,8.15,8.21,7.82,134631,108810000,0.27,3.43,4.95,8.98
2014-07-23,8.14,8.06,8.14,7.92,85960,69080000,-0.09,-1.10,2.70,5.73
2014-07-24,8.04,8.06,8.13,7.98,75575,60790000,0.00,0.00,1.86,5.04
2014-07-25,8.05,8.12,8.16,8.03,75398,61020000,0.06,0.74,1.61,5.03
2014-07-28,8.11,8.26,8.27,8.08,113541,93070000,0.14,1.72,2.34,7.57
2014-07-29,8.25,8.25,8.29,8.14,110001,90170000,-0.01,-0.12,1.82,7.33
2014-07-30,8.20,8.16,8.22,8.09,77762,63360000,-0.09,-1.09,1.58,5.18
2014-07-31,8.16,8.21,8.24,8.12,68422,55980000,0.05,0.61,1.47,4.56
2014-08-01,8.19,8.38,8.69,8.13,232493,196250000,0.17,2.07,6.82,15.50
2014-08-04,8.31,8.53,8.57,8.27,164572,139110000,0.15,1.79,3.58,10.97
2014-08-05,8.50,8.60,8.66,8.36,147035,125280000,0.07,0.82,3.52,9.80
2014-08-06,8.51,8.55,8.67,8.46,107389,92050000,-0.05,-0.58,2.44,7.16
2014-08-07,8.62,8.44,8.63,8.36,103163,87570000,-0.11,-1.29,3.16,6.88
2014-08-08,8.44,8.44,8.50,8.29,90201,75600000,0.00,0.00,2.49,6.01
2014-08-11,8.40,8.49,8.56,8.39,83797,71210000,0.05,0.59,2.01,5.59
2014-08-12,8.53,8.55,8.57,8.44,70093,59650000,0.06,0.71,1.53,4.67
2014-08-13,8.56,8.45,8.59,8.37,63713,53830000,-0.10,-1.17,2.57,4.25
2014-08-14,8.41,8.38,8.50,8.32,71123,59690000,-0.07,-0.83,2.13,4.74
2014-08-15,8.36,8.45,8.46,8.35,58370,49140000,0.07,0.84,1.31,3.89
2014-08-18,8.46,8.56,8.60,8.42,103574,88330000,0.11,1.30,2.13,6.90
2014-08-19,8.59,8.64,8.65,8.48,97305,83390000,0.08,0.93,1.99,6.49
2014-08-20,8.65,8.68,8.78,8.57,143073,124360000,0.04,0.46,2.43,9.54
2014-08-21,8.69,8.54,8.69,8.46,79653,68130000,-0.14,-1.61,2.65,5.31
2014-08-22,8.55,8.65,8.65,8.48,76721,65750000,0.11,1.29,1.99,5.11
2014-08-25,8.62,8.66,8.70,8.57,68322,58910000,0.01,0.12,1.50,4.55
2014-08-26,8.66,8.32,8.67,8.30,72004,60720000,-0.34,-3.93,4.27,4.80
2014-08-27,8.25,8.10,8.30,8.05,81075,66190000,-0.22,-2.64,3.00,5.41
2014-08-28,8.10,8.09,8.17,8.04,39553,32080000,-0.01,-0.12,1.60,2.64
2014-08-29,8.08,8.59,8.77,8.06,137653,115970000,0.50,6.18,8.78,9.18
2014-09-01,8.54,9.18,9.44,8.50,322064,288390000,0.59,6.87,10.94,21.47
2014-09-02,9.13,9.17,9.39,8.98,337393,306620000,-0.01,-0.11,4.47,22.49
2014-09-03,9.12,9.02,9.25,8.94,189495,171340000,-0.15,-1.64,3.38,12.63
2014-09-04,9.07,9.09,9.19,9.00,167868,152320000,0.07,0.78,2.11,11.19
2014-09-05,9.09,9.02,9.10,8.89,114296,102650000,-0.07,-0.77,2.31,7.62
2014-09-09,9.00,9.04,9.09,8.91,109527,98630000,0.02,0.22,2.00,7.30
2014-09-10,9.01,9.15,9.17,8.92,145263,132180000,0.11,1.22,2.77,9.68
2014-09-11,9.09,9.03,9.24,8.97,144252,131430000,-0.12,-1.31,2.95,9.62
2014-09-12,8.99,9.08,9.08,8.90,89942,80900000,0.05,0.55,1.99,6.00
2014-09-15,9.05,9.14,9.17,9.03,108206,98590000,0.06,0.66,1.54,7.21
2014-09-16,9.17,9.02,9.41,8.93,225077,208160000,-0.12,-1.31,5.25,15.01
2014-09-17,8.90,9.11,9.19,8.90,98419,88950000,0.09,1.00,3.22,6.56
2014-09-18,9.07,9.20,9.30,9.05,105140,96180000,0.09,0.99,2.74,7.01
2014-09-19,9.20,9.43,9.55,9.15,217052,203460000,0.23,2.50,4.35,14.47
2014-09-22,9.37,9.35,9.47,9.24,141417,132240000,-0.08,-0.85,2.44,9.43
2014-09-23,9.35,9.60,9.72,9.30,194038,184340000,0.25,2.67,4.49,12.94
2014-09-24,9.57,9.60,9.68,9.46,165971,158800000,0.00,0.00,2.29,11.06
2014-09-25,9.63,9.62,9.96,9.52,209744,203860000,0.02,0.21,4.58,13.98
2014-09-26,9.68,9.42,9.76,9.35,168837,161290000,-0.20,-2.08,4.26,11.26
2014-09-29,9.45,10.01,10.16,9.43,329475,324640000,0.59,6.26,7.75,21.97
2014-09-30,10.09,9.83,10.14,9.74,203239,200380000,-0.18,-1.80,4.00,13.55
2014-10-08,9.78,9.88,9.89,9.75,128830,126420000,0.05,0.51,1.42,8.59
2014-10-09,9.88,9.76,9.90,9.56,158615,153970000,-0.12,-1.21,3.44,10.57
2014-10-10,9.74,9.44,9.74,9.41,157197,149410000,-0.32,-3.28,3.38,10.48
2014-10-13,9.40,9.53,9.57,9.34,80346,76160000,0.09,0.95,2.44,5.36
2014-10-14,9.51,9.46,9.59,9.38,87691,83120000,-0.07,-0.73,2.20,5.85
2014-10-15,9.46,9.53,9.55,9.39,74330,70460000,0.07,0.74,1.69,4.96
2014-10-16,9.48,9.31,9.60,9.29,74332,70290000,-0.22,-2.31,3.25,4.96
2014-10-17,9.31,9.07,9.35,8.89,87893,79970000,-0.24,-2.58,4.94,5.86
2014-10-20,9.10,9.35,9.36,9.09,71198,65870000,0.28,3.09,2.98,4.75
2014-10-21,9.31,9.16,9.38,9.15,47362,43830000,-0.19,-2.03,2.46,3.16
2014-10-22,9.16,9.13,9.33,9.08,51569,47480000,-0.03,-0.33,2.73,3.44
2014-10-23,9.13,8.91,9.17,8.89,48881,43960000,-0.22,-2.41,3.07,3.26
2014-10-24,8.91,8.90,8.97,8.78,47633,42330000,-0.01,-0.11,2.13,3.18
2014-10-27,8.90,8.95,8.96,8.80,39152,34840000,0.05,0.56,1.80,2.61
2014-10-28,8.92,9.18,9.23,8.92,57525,52380000,0.23,2.57,3.46,3.84
2014-10-29,9.18,9.27,9.38,9.12,87895,81500000,0.09,0.98,2.83,5.86
2014-10-30,9.27,9.23,9.33,9.18,77144,71420000,-0.04,-0.43,1.62,5.14
2014-10-31,9.24,9.35,9.44,9.20,104454,97360000,0.12,1.30,2.60,6.96
2014-11-03,9.32,9.38,9.39,9.27,75888,70850000,0.03,0.32,1.28,5.06
2014-11-04,9.35,9.40,9.59,9.33,120460,114060000,0.02,0.21,2.77,8.03
2014-11-05,9.51,9.49,9.60,9.37,107930,102320000,0.09,0.96,2.45,7.20
2014-11-06,9.48,9.32,9.50,9.18,82215,76450000,-0.17,-1.79,3.37,5.48
2014-11-07,9.28,9.29,9.39,9.19,88902,82710000,-0.03,-0.32,2.15,5.93
2014-11-10,9.29,9.33,9.35,9.25,68028,63360000,0.04,0.43,1.08,4.54
2014-11-11,9.34,8.92,9.40,8.81,103384,94630000,-0.41,-4.39,6.32,6.89
2014-11-12,8.78,9.07,9.08,8.77,51098,45860000,0.15,1.68,3.48,3.41
2014-11-13,9.00,9.11,9.35,9.00,122248,112980000,0.04,0.44,3.86,8.15
2014-11-14,9.00,8.82,9.07,8.77,81419,72120000,-0.29,-3.18,3.29,5.43
2014-11-17,8.91,9.04,9.06,8.83,53614,48070000,0.22,2.49,2.61,3.57
2014-11-18,9.00,9.10,9.28,8.98,98000,89610000,0.06,0.66,3.32,6.53
2014-11-19,8.96,9.41,9.47,8.96,199687,185960000,0.31,3.41,5.60,13.31
2014-11-20,9.31,9.42,9.58,9.31,150959,142670000,0.01,0.11,2.87,10.06
2014-11-21,9.68,10.36,10.36,9.55,666680,682170000,0.94,9.98,8.60,44.45
2014-11-24,10.20,10.79,10.94,10.10,651637,679670000,0.43,4.15,8.11,43.44
2014-11-25,10.78,10.59,10.92,10.52,400746,428450000,-0.20,-1.85,3.71,26.72
2014-11-26,10.62,10.65,11.10,10.48,360755,389040000,0.06,0.57,5.85,24.05
2014-11-27,10.95,11.36,11.55,10.72,433547,485240000,0.71,6.67,7.79,28.90
2014-11-28,11.19,11.52,11.80,11.11,421052,482040000,0.16,1.41,6.07,28.07
2014-12-01,11.60,11.50,11.65,11.15,253790,289410000,-0.02,-0.17,4.34,16.92
2014-12-02,11.32,11.29,11.49,11.04,293647,328940000,-0.21,-1.83,3.91,19.58
2014-12-03,11.24,12.04,12.24,10.88,480582,551050000,0.75,6.64,12.05,32.04
2014-12-04,11.84,11.85,12.23,11.65,393664,467690000,-0.19,-1.58,4.82,26.24
2014-12-05,11.78,11.13,11.78,10.88,299506,337870000,-0.72,-6.08,7.59,19.97
2014-12-08,11.04,11.54,11.89,10.82,289160,330230000,0.41,3.68,9.61,19.28
2014-12-09,11.33,10.68,11.95,10.65,253973,288360000,-0.86,-7.45,11.27,16.93
2014-12-10,10.59,11.03,11.14,10.46,176285,191300000,0.35,3.28,6.37,11.75
2014-12-11,11.11,12.13,12.13,11.11,385475,451950000,1.10,9.97,9.25,25.70
2014-12-12,12.30,12.99,13.34,11.81,576277,733340000,0.86,7.09,12.61,38.42
2014-12-15,12.98,13.40,13.60,12.62,369267,486710000,0.41,3.16,7.54,24.62
2014-12-16,13.25,13.13,13.77,12.85,344630,456480000,-0.27,-2.01,6.87,22.98
2014-12-17,13.00,13.33,13.47,12.70,301115,394950000,0.20,1.52,5.86,20.07
2014-12-18,13.05,14.52,14.66,13.05,418997,589790000,1.19,8.93,12.08,27.93
2014-12-19,14.44,14.28,14.49,13.82,297263,420420000,-0.24,-1.65,4.61,19.82
2014-12-22,14.45,14.40,14.90,13.36,402471,574640000,0.12,0.84,10.78,26.83
2014-12-23,13.85,13.42,14.09,13.00,191764,258680000,-0.98,-6.81,7.57,12.78
2014-12-24,13.90,12.97,13.95,12.76,203275,269680000,-0.45,-3.35,8.87,13.55
2014-12-25,12.82,13.39,13.41,12.80,159056,209200000,0.42,3.24,4.70,10.60
2014-12-26,13.22,13.18,13.27,12.94,183861,240760000,-0.21,-1.57,2.46,12.26
2014-12-29,13.14,12.81,13.15,12.62,188929,242030000,-0.37,-2.81,4.02,12.60
2014-12-30,12.97,13.80,13.89,12.88,343706,461040000,0.99,7.73,7.88,22.91
2014-12-31,13.69,13.02,13.70,12.89,214284,282380000,-0.78,-5.65,5.87,14.29
2015-01-05,13.02,12.65,13.03,12.16,218965,273620000,-0.37,-2.84,6.68,14.60
2015-01-06,12.49,13.15,13.20,12.30,200198,255850000,0.50,3.95,7.11,13.35
2015-01-07,12.97,13.43,13.60,12.68,280967,370470000,0.28,2.13,7.00,18.73
2015-01-08,13.23,13.11,13.62,13.08,190297,254230000,-0.32,-2.38,4.02,12.69
2015-01-09,12.90,13.01,13.48,12.71,163174,212010000,-0.10,-0.76,5.87,10.88
2015-01-12,12.96,13.55,13.58,12.62,248874,328220000,0.54,4.15,7.38,16.59
2015-01-13,13.55,14.15,14.40,13.31,379502,525200000,0.60,4.43,8.04,25.30
2015-01-14,13.87,13.32,14.00,13.22,202882,277860000,-0.83,-5.87,5.51,13.53
2015-01-15,13.32,13.29,13.66,13.05,150995,200430000,-0.03,-0.23,4.58,10.07
2015-01-16,13.39,13.73,13.80,13.10,210477,283820000,0.44,3.31,5.27,14.03
2015-01-19,13.19,12.36,13.66,12.36,203898,263320000,-1.37,-9.98,9.47,13.59
2015-01-20,12.39,12.62,12.80,12.33,132773,166880000,0.26,2.10,3.80,8.85
2015-01-21,12.53,13.05,13.07,12.53,145667,187270000,0.43,3.41,4.28,9.71
2015-01-22,13.15,13.51,13.71,13.08,198356,267140000,0.46,3.52,4.83,13.22
2015-01-23,13.46,13.66,13.68,13.16,187074,250490000,0.15,1.11,3.85,12.47
2015-01-26,13.65,13.74,13.88,13.46,166753,228100000,0.08,0.59,3.07,11.12
2015-01-27,13.68,14.49,15.00,13.67,387593,555960000,0.75,5.46,9.68,25.84
2015-01-28,14.31,14.17,14.45,14.04,220641,313120000,-0.32,-2.21,2.83,14.71
2015-01-29,13.98,14.52,14.64,13.53,284585,404630000,0.35,2.47,7.83,18.97
2015-01-30,14.65,15.23,15.65,14.46,481990,732730000,0.71,4.89,8.20,32.13
2015-02-02,14.90,13.71,15.50,13.71,416247,594860000,-1.52,-9.98,11.75,27.75
2015-02-03,13.44,13.24,13.45,12.79,288938,377320000,-0.47,-3.43,4.81,19.26
2015-02-04,13.16,13.02,13.20,12.90,169912,221290000,-0.22,-1.66,2.27,11.33
2015-02-05,13.45,12.89,13.58,12.88,194792,257430000,-0.13,-1.00,5.38,12.99
2015-02-06,12.62,12.18,12.86,12.03,154042,191620000,-0.71,-5.51,6.44,10.27
2015-02-09,12.03,11.86,12.24,11.53,127596,150790000,-0.32,-2.63,5.83,8.51
2015-02-10,11.86,12.10,12.16,11.80,82968,99770000,0.24,2.02,3.04,5.53
2015-02-11,12.10,12.69,12.70,12.00,138340,171010000,0.59,4.88,5.79,9.22
2015-02-12,12.57,12.44,12.65,12.36,88325,110070000,-0.25,-1.97,2.29,5.89
2015-02-13,12.55,12.64,12.85,12.44,105830,133670000,0.20,1.61,3.30,7.06
2015-02-16,12.69,12.88,13.04,12.61,112699,144540000,0.24,1.90,3.40,7.51
2015-02-17,12.85,12.84,12.99,12.75,94234,120930000,-0.04,-0.31,1.86,6.28
2015-02-25,12.99,12.88,13.04,12.73,93553,120620000,0.04,0.31,2.41,6.24
2015-02-26,12.86,13.30,13.49,12.60,212025,277480000,0.42,3.26,6.91,14.14
2015-02-27,13.24,13.32,13.45,13.10,167372,222510000,0.02,0.15,2.63,11.16
2015-03-02,13.32,13.62,13.69,13.20,178276,239690000,0.30,2.25,3.68,11.89
2015-03-03,13.48,13.24,13.58,13.20,158495,212230000,-0.38,-2.79,2.79,10.57
2015-03-04,13.16,13.34,13.38,13.16,109220,144960000,0.10,0.76,1.66,7.28
2015-03-05,13.35,12.76,13.35,12.66,168678,217570000,-0.58,-4.35,5.17,11.25
2015-03-06,12.76,12.51,12.90,12.48,93222,117630000,-0.25,-1.96,3.29,6.21
2015-03-09,12.51,12.85,12.89,12.22,80768,101470000,0.34,2.72,5.36,5.38
2015-03-10,12.80,12.76,12.99,12.62,80947,103660000,-0.09,-0.70,2.88,5.40
2015-03-11,12.70,12.56,12.80,12.48,72314,91420000,-0.20,-1.57,2.51,4.82
2015-03-12,12.56,12.68,12.75,12.50,72001,90670000,0.12,0.96,1.99,4.80
2015-03-13,12.63,12.86,12.89,12.63,70915,90820000,0.18,1.42,2.05,4.73
2015-03-16,12.93,13.17,13.18,12.87,124381,162460000,0.31,2.41,2.41,8.29
2015-03-17,13.23,14.08,14.14,13.23,388389,537220000,0.91,6.91,6.91,25.89
2015-03-18,14.13,14.43,14.67,13.80,370692,524830000,0.35,2.49,6.18,24.71
2015-03-19,14.35,14.11,14.35,14.00,285839,403550000,-0.32,-2.22,2.43,19.06
2015-03-20,14.11,14.01,14.19,13.95,164307,230310000,-0.10,-0.71,1.70,10.95
2015-03-23,14.01,14.30,14.49,13.85,229417,325450000,0.29,2.07,4.57,15.29
2015-03-24,14.32,13.92,14.33,13.50,190338,265280000,-0.38,-2.66,5.80,12.69
2015-03-25,13.90,14.15,14.28,13.66,194306,272190000,0.23,1.65,4.45,12.95
2015-03-26,14.15,14.74,14.86,14.02,346269,504240000,0.59,4.17,5.94,23.08
2015-03-27,14.60,14.48,14.73,14.30,176606,256180000,-0.26,-1.76,2.92,11.77
2015-03-30,14.55,14.70,14.85,14.29,210416,306910000,0.22,1.52,3.87,14.03
2015-03-31,14.70,14.20,14.88,14.13,192087,278070000,-0.50,-3.40,5.10,12.81
2015-04-01,14.19,14.38,14.50,14.13,146572,209700000,0.18,1.27,2.61,9.77
2015-04-02,14.35,15.09,15.16,14.16,292301,426540000,0.71,4.94,6.95,19.49
2015-04-03,14.90,15.02,15.15,14.74,263252,393260000,-0.07,-0.46,2.72,17.55
2015-04-07,15.08,15.28,15.48,14.86,241655,366650000,0.26,1.73,4.13,16.11
2015-04-08,15.22,14.78,15.25,14.46,193030,286710000,-0.50,-3.27,5.17,12.87
2015-04-09,14.79,14.22,14.85,13.70,155096,221680000,-0.56,-3.79,7.78,10.34
2015-04-10,14.10,14.49,14.58,14.00,110873,159870000,0.27,1.90,4.08,7.39
2015-04-13,14.51,14.89,15.15,14.51,189620,282230000,0.40,2.76,4.42,12.64
2015-04-14,14.88,15.67,16.16,14.56,333115,512930000,0.78,5.24,10.75,22.21
2015-04-15,15.35,14.68,15.46,14.58,182043,274370000,-0.99,-6.32,5.62,12.14
2015-04-16,14.37,14.70,14.86,14.10,134824,195200000,0.02,0.14,5.18,8.99
2015-04-17,14.86,15.15,15.45,14.70,234478,354420000,0.45,3.06,5.10,15.63
2015-04-20,15.15,16.67,16.67,15.07,505300,808770000,1.52,10.03,10.56,33.69
2015-04-21,17.12,16.78,17.32,16.36,399659,670210000,0.11,0.66,5.76,26.64
2015-04-22,16.94,17.26,17.76,16.55,310015,531270000,0.48,2.86,7.21,20.67
2015-04-23,17.00,17.43,17.61,16.59,269101,461290000,0.17,0.98,5.91,17.94
2015-04-24,16.90,16.68,17.32,16.37,201007,337120000,-0.75,-4.30,5.45,13.40
2015-04-27,16.69,17.07,17.18,16.55,202303,340050000,0.39,2.34,3.78,13.49
2015-04-28,17.07,15.79,17.10,15.78,179917,294320000,-1.28,-7.50,7.73,11.99
2015-04-29,15.56,15.90,16.27,15.56,109057,174500000,0.11,0.70,4.50,7.27
2015-04-30,16.03,16.16,16.43,15.64,169351,270890000,0.26,1.64,4.97,11.29
2015-05-04,16.18,16.28,16.51,15.83,128024,207890000,0.12,0.74,4.21,8.53
2015-05-05,16.29,14.95,16.37,14.73,143084,223380000,-1.33,-8.17,10.07,9.54
2015-05-06,14.81,14.20,15.20,14.14,119126,175340000,-0.75,-5.02,7.09,7.94
2015-05-07,14.21,13.65,14.34,13.41,104508,144630000,-0.55,-3.87,6.55,6.97
2015-05-08,13.78,14.28,14.30,13.72,111107,154970000,0.63,4.62,4.25,7.41
2015-05-11,14.39,14.74,14.80,14.15,116573,169320000,0.46,3.22,4.55,7.77
2015-05-12,14.73,14.83,14.94,14.52,126167,186630000,0.09,0.61,2.85,8.41
2015-05-13,14.75,15.16,15.45,14.48,156196,234750000,0.33,2.23,6.54,10.41
2015-05-14,15.10,14.99,15.30,14.80,108263,162350000,-0.17,-1.12,3.30,7.22
2015-05-15,14.99,15.15,15.30,14.62,166284,250150000,0.16,1.07,4.54,11.09
2015-05-18,14.78,15.92,16.21,14.71,220978,345590000,0.77,5.08,9.90,14.73
2015-05-19,15.68,16.11,16.25,15.66,194943,311760000,0.19,1.19,3.71,13.00
2015-05-20,16.16,16.47,17.36,15.95,262329,434170000,0.36,2.23,8.75,17.49
2015-05-21,16.36,16.62,16.75,16.23,173465,285860000,0.15,0.91,3.16,11.56
2015-05-22,16.71,16.98,17.28,16.26,245773,411410000,0.36,2.17,6.14,16.38
2015-05-25,16.78,17.66,17.72,16.64,271412,468180000,0.68,4.00,6.36,18.09
2015-05-26,17.90,17.72,17.90,17.22,256092,451280000,0.06,0.34,3.85,17.07
2015-05-27,18.33,19.01,19.30,18.30,415790,780360000,1.29,7.28,5.64,27.72
2015-05-28,18.99,17.11,18.99,17.11,315785,576690000,-1.90,-9.99,9.89,21.05
2015-05-29,16.90,16.39,17.20,15.50,195324,322290000,-0.72,-4.21,9.94,13.02
2015-06-01,16.34,17.28,17.30,16.10,176773,297630000,0.89,5.43,7.32,11.78
2015-06-02,17.23,17.99,18.00,17.03,206340,361120000,0.71,4.11,5.61,13.76
2015-06-03,18.12,17.51,18.20,16.88,161331,284550000,-0.48,-2.67,7.34,10.76
2015-06-04,17.49,17.14,17.64,16.03,144610,244680000,-0.37,-2.11,9.19,9.64
2015-06-05,17.46,18.31,18.46,17.46,288820,520690000,1.17,6.83,5.83,19.25
2015-06-08,18.15,18.40,18.79,17.88,251400,458800000,0.09,0.49,4.97,16.76
2015-06-09,18.40,17.82,18.40,17.46,158909,284580000,-0.58,-3.15,5.11,10.59
2015-06-10,17.63,18.26,18.61,17.31,205021,371630000,0.44,2.47,7.30,13.67
2015-06-11,18.20,18.98,18.99,17.85,270273,499830000,0.72,3.94,6.24,18.02
2015-06-12,18.88,19.19,19.66,18.68,308884,592080000,0.21,1.11,5.16,20.59
2015-06-15,19.38,19.38,20.50,19.28,314784,624270000,0.19,0.99,6.36,20.99
2015-06-16,18.80,18.55,19.27,18.06,162032,303560000,-0.83,-4.28,6.24,10.80
2015-06-17,18.52,20.41,20.41,18.39,272158,533300000,1.86,10.03,10.89,18.14
2015-06-18,20.60,20.73,21.98,20.31,410477,866010000,0.32,1.57,8.18,27.37
2015-06-19,20.20,18.66,20.20,18.66,204966,398980000,-2.07,-9.99,7.43,13.66
2015-06-23,17.72,17.99,18.38,16.79,207929,364960000,-0.67,-3.59,8.52,13.86
2015-06-24,18.10,19.02,19.13,17.88,228258,422980000,1.03,5.73,6.95,15.22
2015-06-25,18.98,17.19,19.05,17.15,205597,375480000,-1.83,-9.62,9.99,13.71
2015-06-26,16.50,15.47,16.65,15.47,169373,269570000,-1.72,-10.01,6.86,11.29
2015-06-29,15.95,13.92,16.15,13.92,178129,262880000,-1.55,-10.02,14.42,11.88
2015-06-30,12.70,14.62,14.70,12.53,182704,246380000,0.70,5.03,15.59,12.18
2015-07-01,14.00,13.16,14.70,13.16,155279,218270000,-1.46,-9.99,10.53,10.35
2015-07-02,12.80,11.84,13.38,11.84,134414,165230000,-1.32,-10.03,11.70,8.96
2015-07-03,11.20,10.66,11.89,10.66,139004,151470000,-1.18,-9.97,10.39,9.27
2015-07-06,11.70,9.67,11.71,9.59,195945,204390000,-0.99,-9.29,19.89,13.06
2015-07-07,9.58,8.70,9.60,8.70,113618,101230000,-0.97,-10.03,9.31,7.57
2015-07-08,7.83,7.83,7.83,7.83,69510,54430000,-0.87,-10.00,0.00,4.63
2015-07-09,7.05,8.61,8.61,7.05,248100,201440000,0.78,9.96,19.92,16.54
2015-07-10,8.83,9.47,9.47,8.75,149731,139170000,0.86,9.99,8.36,9.98
2015-07-13,10.18,10.36,10.36,9.95,221941,226720000,0.94,9.98,4.35,14.80
2015-07-14,10.62,10.88,11.36,10.37,360662,393860000,0.52,5.02,9.56,24.04
2015-07-15,10.58,9.79,10.58,9.79,230648,231990000,-1.09,-10.02,7.26,15.38
2015-07-16,9.30,10.08,10.38,8.89,183976,181420000,0.29,2.96,15.22,12.27
2015-07-17,10.02,11.09,11.09,10.02,215896,230560000,1.01,10.02,10.62,14.39
2015-07-20,11.31,11.88,11.97,11.00,344973,399460000,0.79,7.12,8.75,23.00
2015-07-21,11.58,11.86,12.32,11.31,261749,312810000,-0.02,-0.17,8.50,17.45
2015-07-22,11.79,13.05,13.05,11.75,246062,311390000,1.19,10.03,10.96,16.40
2015-07-23,13.21,14.36,14.36,13.21,586194,818890000,1.31,10.04,8.81,39.08
2015-07-24,14.00,13.79,14.45,13.50,490130,690760000,-0.57,-3.97,6.62,32.68
2015-07-27,13.50,12.41,14.08,12.41,300322,399960000,-1.38,-10.01,12.11,20.02
2015-07-28,11.20,11.75,12.85,11.17,266349,311410000,-0.66,-5.32,13.54,17.76
2015-07-29,12.02,12.93,12.93,11.30,250210,303450000,1.18,10.04,13.87,16.68
2015-07-30,12.99,12.92,13.90,12.46,322385,428350000,-0.01,-0.08,11.14,21.49
2015-07-31,12.60,12.66,13.45,12.21,213621,274660000,-0.26,-2.01,9.60,14.24
2015-08-03,12.30,11.39,12.53,11.39,181276,212890000,-1.27,-10.03,9.00,12.09
2015-08-04,11.39,12.53,12.53,11.39,191715,230580000,1.14,10.01,10.01,12.78
2015-08-05,12.80,13.11,13.52,12.53,336358,436320000,0.58,4.63,7.90,22.42
2015-08-06,12.70,12.71,12.92,12.36,212847,270340000,-0.40,-3.05,4.27,14.19
2015-08-07,13.00,13.65,13.72,12.78,344596,458640000,0.94,7.40,7.40,22.97
2015-08-10,13.86,14.65,14.70,13.86,398051,570490000,1.00,7.33,6.15,6.70
2015-08-11,14.65,14.39,14.73,13.91,387313,559380000,-0.26,-1.77,5.60,6.52
2015-08-12,14.29,14.03,14.64,13.98,233926,334790000,-0.36,-2.50,4.59,3.94
2015-08-13,14.02,14.28,14.35,13.55,219718,307620000,0.25,1.78,5.70,3.70
2015-08-14,14.40,15.32,15.69,14.37,362230,539930000,1.04,7.28,9.24,6.10
2015-08-17,15.00,15.95,16.27,14.60,353615,547340000,0.63,4.11,10.90,5.95
2015-08-18,16.01,14.36,16.10,14.36,246588,371610000,-1.59,-9.97,10.91,4.15
2015-08-19,13.15,14.24,14.83,12.92,287204,392040000,-0.12,-0.84,13.30,4.84
2015-08-20,13.97,12.97,14.17,12.95,181581,245750000,-1.27,-8.92,8.57,3.06
2015-08-21,12.70,11.79,13.14,11.67,185993,229910000,-1.18,-9.10,11.33,3.13
2015-08-24,11.19,10.61,11.19,10.61,75646,80980000,-1.18,-10.01,4.92,1.27
2015-08-25,9.55,9.55,9.98,9.55,109193,104820000,-1.06,-9.99,4.05,1.84
2015-08-26,9.60,8.68,10.08,8.65,219020,206890000,-0.87,-9.11,14.97,3.69
2015-08-27,9.03,9.48,9.53,8.16,178396,159160000,0.80,9.22,15.78,3.00
2015-08-28,9.78,10.43,10.43,9.54,206403,206610000,0.95,10.02,9.39,3.48
2015-08-31,10.80,10.27,10.80,10.02,205485,215090000,-0.16,-1.53,7.48,3.46
2015-09-01,10.00,9.24,10.00,9.24,156390,148520000,-1.03,-10.03,7.40,2.63
2015-09-02,8.35,8.58,9.69,8.35,149182,132880000,-0.66,-7.14,14.50,2.51
2015-09-07,8.91,8.94,9.25,8.75,127500,115140000,0.36,4.20,5.83,2.15
2015-09-08,8.79,9.79,9.83,8.76,132140,122980000,0.85,9.51,11.97,2.22
2015-09-09,9.80,10.20,10.30,9.79,184664,186240000,0.41,4.19,5.21,3.11
2015-09-10,9.98,9.90,10.40,9.78,144378,145810000,-0.30,-2.94,6.08,2.43
2015-09-11,9.81,10.19,10.22,9.80,128794,128940000,0.29,2.93,4.24,2.17
2015-09-14,10.34,9.17,10.39,9.17,146911,142180000,-1.02,-10.01,11.97,2.47
2015-09-15,8.68,8.25,9.13,8.25,139289,119440000,-0.92,-10.03,9.60,2.35
2015-09-16,8.35,9.08,9.08,8.31,135812,118060000,0.83,10.06,9.33,2.29
2015-09-17,9.01,8.90,9.70,8.88,168838,156200000,-0.18,-1.98,9.03,2.84
2015-09-18,9.18,9.20,9.35,8.91,142397,130230000,0.30,3.37,4.94,2.40
2015-09-21,8.98,9.68,9.70,8.98,165219,155410000,0.48,5.22,7.83,2.78
2015-09-22,9.64,9.71,9.86,9.49,150824,145740000,0.03,0.31,3.82,2.54
2015-09-23,9.48,9.33,9.60,9.16,142191,133370000,-0.38,-3.91,4.53,2.39
2015-09-24,9.34,9.98,10.00,9.33,190202,183910000,0.65,6.97,7.18,3.20
2015-09-25,9.85,9.75,9.99,9.40,200292,193970000,-0.23,-2.30,5.91,3.37
2015-09-28,9.70,10.01,10.21,9.37,181770,178700000,0.26,2.67,8.62,3.06
2015-09-29,9.67,10.45,10.59,9.65,285857,291440000,0.44,4.40,9.39,4.81
2015-09-30,10.38,10.27,10.59,10.11,199779,207700000,-0.18,-1.72,4.59,3.36
2015-10-08,10.52,10.82,10.94,10.38,205763,220000000,0.55,5.36,5.45,3.46
2015-10-09,10.72,11.42,11.70,10.66,285719,318530000,0.60,5.55,9.61,4.81
2015-10-12,11.19,11.90,12.20,11.00,287449,335470000,0.48,4.20,10.51,4.84
2015-10-13,11.68,11.80,11.98,11.63,186267,219260000,-0.10,-0.84,2.94,3.14
2015-10-14,12.03,11.40,12.13,11.38,192977,227040000,-0.40,-3.39,6.36,3.25
2015-10-15,11.25,11.66,11.69,11.17,199786,229320000,0.26,2.28,4.56,3.36
2015-10-16,11.68,11.67,11.90,11.38,170742,198520000,0.01,0.09,4.46,2.87
2015-10-19,11.66,11.78,11.83,11.43,166914,194330000,0.11,0.94,3.43,2.81
2015-10-20,11.79,12.25,12.30,11.70,230321,278450000,0.47,3.99,5.09,3.88
2015-10-21,12.25,11.03,12.25,11.03,212790,247950000,-1.22,-9.96,9.96,3.58
2015-10-22,11.15,11.38,11.45,10.81,131601,146910000,0.35,3.17,5.80,2.22
2015-10-23,11.35,12.23,12.50,11.25,211445,247570000,0.85,7.47,10.98,3.56
2015-10-26,12.55,13.45,13.45,12.21,270054,349050000,1.22,9.98,10.14,4.55
2015-10-27,13.40,13.80,14.20,13.00,513276,697160000,0.35,2.60,8.92,8.64
2015-10-28,13.35,12.86,13.57,12.80,263376,346980000,-0.94,-6.81,5.58,4.43
2015-10-29,13.01,13.16,13.58,12.85,192946,254010000,0.30,2.33,5.68,3.25
2015-10-30,13.00,12.69,13.00,12.51,188692,240360000,-0.47,-3.57,3.72,3.18
2015-11-02,12.40,12.10,12.87,12.05,144625,179790000,-0.59,-4.65,6.46,2.44
2015-11-03,12.78,13.31,13.31,12.68,141050,184940000,1.21,10.00,5.21,2.37
2015-11-04,14.10,14.21,14.30,13.62,555924,777970000,0.90,6.76,5.11,9.36
2015-11-05,13.90,13.74,14.18,13.56,403216,557340000,-0.47,-3.31,4.36,6.79
2015-11-06,13.55,13.96,14.02,13.50,301899,417320000,0.22,1.60,3.78,5.08
2015-11-09,13.75,13.91,14.22,13.45,290074,401930000,-0.05,-0.36,5.52,4.88
2015-11-10,13.70,13.70,13.87,13.48,192125,263390000,-0.21,-1.51,2.80,3.23
2015-11-11,13.60,13.85,13.90,13.58,165111,227320000,0.15,1.09,2.34,2.78
2015-11-12,13.99,14.17,14.52,13.58,329217,463420000,0.32,2.31,6.79,5.54
2015-11-13,13.86,13.48,14.00,13.22,193930,264380000,-0.69,-4.87,5.50,3.27
2015-11-16,13.06,13.64,13.85,13.02,122294,164170000,0.16,1.19,6.16,2.06
2015-11-17,13.70,13.50,13.89,13.45,145751,199630000,-0.14,-1.03,3.23,2.45
2015-11-18,13.58,13.88,14.20,13.41,274789,382230000,0.38,2.81,5.85,4.63
2015-11-19,13.88,13.98,14.05,13.51,216181,298580000,0.10,0.72,3.89,3.64
2015-11-20,13.95,14.23,14.40,13.81,257023,362990000,0.25,1.79,4.22,4.33
2015-11-23,14.31,13.82,14.85,13.71,266453,380990000,-0.41,-2.88,8.01,4.49
2015-11-24,13.79,13.78,13.83,13.38,124066,168960000,-0.04,-0.29,3.26,2.09
2015-11-25,13.73,14.16,14.19,13.67,154309,215620000,0.38,2.76,3.77,2.60
2015-11-26,14.28,13.84,14.30,13.76,164651,231040000,-0.32,-2.26,3.81,2.77
2015-11-27,13.80,12.46,13.81,12.46,170083,224360000,-1.38,-9.97,9.75,2.86
2015-11-30,12.46,12.45,12.76,11.37,126696,155350000,-0.01,-0.08,11.16,2.13
2015-12-01,12.35,12.74,12.98,12.21,117313,148530000,0.29,2.33,6.18,1.98
2015-12-02,12.86,12.96,13.09,12.53,124030,159660000,0.22,1.73,4.40,2.09
2015-12-03,12.89,13.21,13.24,12.80,102100,133050000,0.25,1.93,3.40,1.72
2015-12-04,13.00,13.72,14.40,12.90,232556,314740000,0.51,3.86,11.36,3.92
2015-12-07,13.58,13.91,14.16,13.54,198943,275050000,0.19,1.38,4.52,3.35
2015-12-08,13.80,13.15,13.80,13.12,151994,203780000,-0.76,-5.46,4.89,2.56
2015-12-09,13.01,12.78,13.14,12.60,89619,114690000,-0.37,-2.81,4.11,1.51
2015-12-10,12.79,12.83,13.25,12.70,119761,155160000,0.05,0.39,4.30,2.02
2015-12-11,12.65,12.54,12.83,12.48,70906,89620000,-0.29,-2.26,2.73,1.19
2015-12-14,12.43,12.95,12.99,12.36,90783,115710000,0.41,3.27,5.02,1.53
2015-12-15,12.95,13.05,13.31,12.88,92799,121710000,0.10,0.77,3.32,1.56
2015-12-16,13.15,12.95,13.20,12.90,97291,126490000,-0.10,-0.77,2.30,1.64
2015-12-17,13.20,13.90,13.99,13.12,247679,337140000,0.95,7.34,6.72,4.17
2015-12-18,13.70,13.98,14.30,13.60,232062,323190000,0.08,0.58,5.04,3.91
2015-12-21,13.82,14.28,14.35,13.62,222734,311600000,0.30,2.15,5.22,3.75
2015-12-22,14.32,14.33,14.54,13.96,196031,278960000,0.05,0.35,4.06,3.30
2015-12-23,14.26,13.68,14.26,13.65,177640,247430000,-0.65,-4.54,4.26,2.99
2015-12-24,13.78,14.81,15.05,13.56,497241,730430000,1.13,8.26,10.89,8.37
2015-12-25,14.40,14.63,14.78,14.22,270315,391470000,-0.18,-1.22,3.78,4.55
2015-12-28,14.82,13.90,15.08,13.83,271113,394490000,-0.73,-4.99,8.54,4.56
2015-12-29,13.83,14.20,14.22,13.78,126726,178060000,0.30,2.16,3.17,2.13
2015-12-30,14.25,14.13,14.27,13.84,130286,183380000,-0.07,-0.49,3.03,2.19
2015-12-31,14.13,13.83,14.18,13.77,91647,127620000,-0.30,-2.12,2.90,1.54
2016-01-04,13.84,12.45,13.96,12.45,112006,145200000,-1.38,-9.98,10.92,1.89
2016-01-05,11.60,12.13,12.56,11.39,140490,169050000,-0.32,-2.57,9.40,2.37
2016-01-06,12.20,12.45,12.50,11.95,112879,138050000,0.32,2.64,4.53,1.90
2016-01-07,12.10,11.22,12.14,11.21,35785,41500000,-1.23,-9.88,7.47,0.60
2016-01-08,11.50,11.33,11.63,10.41,112172,126560000,0.11,0.98,10.87,1.89
2016-01-11,11.13,10.20,11.60,10.20,128467,140010000,-1.13,-9.97,12.36,2.16
2016-01-12,10.23,10.39,10.50,10.00,96978,100050000,0.19,1.86,4.90,1.63
2016-01-13,10.44,10.17,10.75,10.10,96942,101510000,-0.22,-2.12,6.26,1.63
2016-01-14,9.62,10.65,10.68,9.56,89796,92060000,0.48,4.72,11.01,1.51
2016-01-15,10.50,10.07,10.75,9.90,110017,113680000,-0.58,-5.45,7.98,1.85
2016-01-18,9.65,10.31,10.49,9.65,88049,89540000,0.24,2.38,8.34,1.48
2016-01-19,10.00,10.78,10.88,10.00,116275,122160000,0.47,4.56,8.54,1.96
2016-01-20,10.85,10.85,11.30,10.79,170385,187420000,0.07,0.65,4.73,2.87
2016-01-21,10.55,10.07,10.81,10.01,105172,110510000,-0.78,-7.19,7.37,1.77
2016-01-22,10.34,10.52,10.55,10.02,88683,91300000,0.45,4.47,5.26,1.49
2016-01-25,10.58,10.96,10.97,10.58,123864,133690000,0.44,4.18,3.71,2.09
2016-01-26,10.75,10.60,11.20,10.30,201743,219500000,-0.36,-3.28,8.21,3.40
2016-01-27,10.76,11.66,11.66,10.35,243273,267490000,1.06,10.00,12.36,4.10
2016-01-28,11.70,10.49,11.79,10.49,311931,353400000,-1.17,-10.03,11.15,5.25
2016-01-29,10.01,10.56,11.04,9.44,244177,247360000,0.07,0.67,15.25,4.11
2016-02-01,10.25,9.86,10.38,9.52,139842,140280000,-0.70,-6.63,8.14,2.35
2016-02-02,9.86,10.10,10.12,9.70,131648,131660000,0.24,2.43,4.26,2.22
2016-02-03,9.86,9.96,10.05,9.60,105494,103560000,-0.14,-1.39,4.46,1.78
2016-02-04,9.90,10.30,10.50,9.90,159543,162870000,0.34,3.41,6.02,2.69
2016-02-05,10.25,10.02,10.33,10.00,94726,96080000,-0.28,-2.72,3.20,1.60
2016-02-15,9.70,9.88,9.99,9.54,75405,73770000,-0.14,-1.40,4.49,1.27
2016-02-16,10.01,10.34,10.36,9.95,128647,131690000,0.46,4.66,4.15,2.17
2016-02-17,10.25,10.67,10.75,10.16,171199,180370000,0.33,3.19,5.71,2.88
2016-02-18,10.66,10.60,10.75,10.45,151960,161140000,-0.07,-0.66,2.81,2.56
2016-02-19,10.58,10.58,10.69,10.43,102399,108180000,-0.02,-0.19,2.45,1.72
2016-02-22,10.79,10.98,10.99,10.66,143420,155210000,0.40,3.78,3.12,2.41
2016-02-23,10.98,10.97,11.00,10.60,128264,138830000,-0.01,-0.09,3.64,2.16
2016-02-24,10.86,11.05,11.08,10.62,139496,152240000,0.08,0.73,4.19,2.35
2016-02-25,10.95,9.95,10.99,9.95,134479,140020000,-1.10,-9.95,9.41,2.26
2016-02-26,10.02,9.89,10.14,9.65,87837,87520000,-0.06,-0.60,4.92,1.48
2016-02-29,9.77,9.10,9.86,8.90,99042,90890000,-0.79,-7.99,9.71,1.67
2016-03-01,9.24,9.37,9.47,9.06,70452,65130000,0.27,2.97,4.51,1.19
2016-03-02,9.39,9.89,9.96,9.30,98417,95290000,0.52,5.55,7.04,1.66
2016-03-03,9.88,10.06,10.40,9.79,126106,126530000,0.17,1.72,6.17,2.12
2016-03-04,9.95,9.68,10.02,9.35,94782,92490000,-0.38,-3.78,6.66,1.60
2016-03-07,9.75,10.02,10.08,9.75,86189,85540000,0.34,3.51,3.41,1.45
2016-03-08,9.96,9.90,9.97,9.46,82731,80230000,-0.12,-1.20,5.09,1.39
2016-03-09,9.72,9.55,9.87,9.48,59875,57750000,-0.35,-3.54,3.94,1.01
2016-03-10,9.63,9.35,9.77,9.30,61491,58610000,-0.20,-2.09,4.92,1.04
2016-03-11,9.18,9.34,9.43,9.17,37939,35270000,-0.01,-0.11,2.78,0.64
2016-03-14,9.47,9.63,9.75,9.42,75372,72670000,0.29,3.10,3.53,1.27
2016-03-15,9.59,9.50,9.63,9.47,47505,45340000,-0.13,-1.35,1.66,0.80
2016-03-16,9.58,9.32,9.60,9.31,44742,42130000,-0.18,-1.89,3.05,0.75
2016-03-17,9.30,9.64,9.65,9.30,72542,69210000,0.32,3.43,3.76,1.22
2016-03-18,9.63,9.98,10.00,9.61,117630,116040000,0.34,3.53,4.05,1.98
2016-03-21,10.10,10.29,10.43,9.99,135488,137950000,0.31,3.11,4.41,2.28
2016-03-22,10.22,10.12,10.29,10.05,91565,93220000,-0.17,-1.65,2.33,1.54
2016-03-23,10.11,10.22,10.28,10.02,80729,82020000,0.10,0.99,2.57,1.36
2016-03-24,10.10,10.09,10.53,10.00,109941,112620000,-0.13,-1.27,5.19,1.85
2016-03-25,10.27,10.30,10.48,10.17,118846,122630000,0.21,2.08,3.07,2.00
2016-03-28,10.38,10.11,10.40,10.06,94981,97450000,-0.19,-1.84,3.30,1.60
2016-03-29,10.09,9.87,10.17,9.77,67203,66650000,-0.24,-2.37,3.96,1.13
2016-03-30,9.90,10.15,10.16,9.90,82835,83060000,0.28,2.84,2.63,1.39
2016-03-31,10.20,10.20,10.36,10.01,106544,108430000,0.05,0.49,3.45,1.79
2016-04-01,10.12,10.06,10.15,9.87,78028,78160000,-0.14,-1.37,2.75,1.31
2016-04-05,10.06,10.31,10.34,9.96,113679,116000000,0.25,2.49,3.78,1.91
2016-04-06,10.25,10.44,10.48,10.21,124451,128910000,0.13,1.26,2.62,2.10
2016-04-07,10.50,10.20,10.66,10.19,110452,114950000,-0.24,-2.30,4.50,1.86
2016-04-08,10.17,10.23,10.36,10.03,67550,68830000,0.03,0.29,3.24,1.14
2016-04-11,10.31,10.37,10.69,10.31,79261,82400000,0.14,1.37,3.71,1.33
2016-04-12,10.40,10.25,10.45,10.12,59528,60830000,-0.12,-1.16,3.18,1.00
2016-04-13,10.29,10.39,10.54,10.29,115757,120790000,0.14,1.37,2.44,1.95
2016-04-14,10.45,10.53,10.56,10.38,88748,93020000,0.14,1.35,1.73,1.49
2016-04-15,10.59,10.44,10.60,10.37,75564,78860000,-0.09,-0.85,2.18,1.27
2016-04-18,10.44,10.62,10.68,10.25,144159,151610000,0.18,1.72,4.12,2.43
2016-04-19,10.55,10.59,10.68,10.45,83938,88600000,-0.03,-0.28,2.17,1.41
2016-04-20,10.56,9.98,10.68,9.71,115999,117710000,-0.61,-5.76,9.16,1.95
2016-04-21,9.86,10.98,10.98,9.81,379256,406380000,1.00,10.02,11.72,6.39
2016-04-22,10.95,11.05,11.28,10.77,307493,338800000,0.07,0.64,4.64,5.18
2016-04-25,10.99,11.79,11.88,10.75,426678,485890000,0.74,6.70,10.23,7.18
2016-04-26,11.60,11.48,11.78,11.25,388309,448870000,-0.31,-2.63,4.50,6.54
2016-04-27,11.25,11.25,11.63,11.20,280049,319830000,-0.23,-2.00,3.75,4.72
2016-04-28,11.33,10.84,11.35,10.43,227610,247840000,-0.41,-3.64,8.18,3.83
2016-04-29,10.59,10.66,10.77,10.49,134970,143330000,-0.18,-1.66,2.58,2.27
2016-05-03,10.71,10.85,10.90,10.50,149958,161480000,0.19,1.78,3.75,2.52
2016-05-04,10.76,10.79,10.94,10.65,134472,145170000,-0.06,-0.55,2.67,2.26
2016-05-05,10.73,10.80,10.84,10.67,92398,99420000,0.01,0.09,1.58,1.56
2016-05-06,10.80,10.51,11.08,10.50,186542,202410000,-0.29,-2.69,5.37,3.14
2016-05-09,10.31,9.68,10.35,9.55,123874,122650000,-0.83,-7.90,7.61,2.09
2016-05-10,9.67,9.73,9.83,9.52,80896,78140000,0.05,0.52,3.20,1.36
2016-05-11,9.75,9.55,9.85,9.53,74279,72080000,-0.18,-1.85,3.29,1.25
2016-05-12,9.32,9.60,9.64,9.18,69648,65270000,0.05,0.52,4.82,1.17
2016-05-13,9.50,9.43,9.66,9.33,73211,69690000,-0.17,-1.77,3.44,1.23
2016-05-16,9.42,9.64,9.66,9.33,53778,51210000,0.21,2.23,3.50,0.91
2016-05-17,9.66,9.54,9.68,9.49,56845,54390000,-0.10,-1.04,1.97,0.96
2016-05-18,9.50,9.12,9.50,8.92,86958,79820000,-0.42,-4.40,6.08,1.46
2016-05-19,9.11,9.13,9.27,9.10,58342,53510000,0.01,0.11,1.86,0.98
2016-05-20,9.07,9.21,9.25,8.97,45970,42020000,0.08,0.88,3.07,0.77
2016-05-23,9.19,9.34,9.35,9.19,61708,57240000,0.13,1.41,1.74,1.04
2016-05-24,9.30,9.20,9.33,9.12,49283,45330000,-0.14,-1.50,2.25,0.83
2016-05-25,9.25,9.13,9.32,9.11,49880,45900000,-0.07,-0.76,2.28,0.84
2016-05-26,9.08,9.18,9.20,8.90,62038,56050000,0.05,0.55,3.29,1.04
2016-05-27,9.17,9.11,9.19,9.09,39679,36250000,-0.07,-0.76,1.09,0.67
2016-05-30,9.11,9.10,9.18,8.96,33195,30220000,-0.01,-0.11,2.41,0.56
2016-05-31,9.11,9.48,9.50,9.10,83344,78010000,0.38,4.18,4.40,1.40
2016-06-01,9.46,9.50,9.55,9.40,75847,72030000,0.02,0.21,1.58,1.28
2016-06-02,9.50,9.58,9.59,9.42,64156,60940000,0.08,0.84,1.79,1.08
2016-06-03,9.58,9.54,9.65,9.46,76125,72570000,-0.04,-0.42,1.98,1.28
2016-06-06,9.54,9.54,9.60,9.50,62711,59840000,0.00,0.00,1.05,1.06
2016-06-07,9.52,9.55,9.58,9.42,46951,44610000,0.01,0.10,1.68,0.79
2016-06-08,9.52,9.50,9.55,9.45,45195,42950000,-0.05,-0.52,1.05,0.76
2016-06-13,9.35,8.98,9.35,8.97,80602,73960000,-0.52,-5.47,4.00,1.36
2016-06-14,9.00,9.12,9.16,8.94,37894,34150000,0.14,1.56,2.45,0.64
2016-06-15,9.00,9.29,9.35,8.96,61677,56990000,0.17,1.86,4.28,1.04
2016-06-16,9.27,9.21,9.31,9.15,44345,40960000,-0.08,-0.86,1.72,0.75
2016-06-17,9.21,9.27,9.37,9.21,50269,46760000,0.06,0.65,1.74,0.85
2016-06-20,9.26,9.31,9.37,9.22,46829,43480000,0.04,0.43,1.62,0.79
2016-06-21,9.40,9.23,9.41,9.21,51141,47680000,-0.08,-0.86,2.15,0.86
2016-06-22,9.22,9.35,9.36,9.21,40802,37920000,0.12,1.30,1.63,0.69
2016-06-23,9.36,9.31,9.37,9.25,42038,39150000,-0.04,-0.43,1.28,0.71
2016-06-24,9.31,9.13,9.37,8.95,61026,55910000,-0.18,-1.93,4.51,1.03
2016-06-27,9.03,9.29,9.31,9.03,44717,41240000,0.16,1.75,3.07,0.75
2016-06-28,9.26,9.42,9.47,9.19,68160,63710000,0.13,1.40,3.01,1.15
2016-06-29,9.41,9.50,9.56,9.32,74335,70390000,0.08,0.85,2.55,1.25
2016-06-30,9.52,9.47,9.55,9.41,43456,41100000,-0.03,-0.32,1.47,0.73
2016-07-01,9.45,9.44,9.54,9.40,56285,53290000,-0.03,-0.32,1.48,0.95
2016-07-04,9.45,9.68,9.76,9.42,97393,93830000,0.24,2.54,3.60,1.64
2016-07-05,9.69,9.73,9.83,9.68,80114,78060000,0.05,0.52,1.55,1.35
2016-07-06,9.73,9.77,9.79,9.62,74840,72750000,0.04,0.41,1.75,1.26
2016-07-07,9.73,9.91,9.96,9.71,107524,105960000,0.14,1.43,2.56,1.81
2016-07-08,9.87,9.94,10.22,9.72,107429,107040000,0.03,0.30,5.05,1.81
2016-07-11,9.80,9.73,9.89,9.68,89734,87750000,-0.17,-1.72,2.12,1.51
2016-07-12,9.69,9.93,9.97,9.59,77168,75370000,0.20,2.06,3.91,1.30
2016-07-13,9.93,9.92,10.09,9.81,76082,75550000,-0.01,-0.10,2.82,1.28
2016-07-14,9.91,10.00,10.04,9.87,81617,81460000,0.08,0.81,1.71,1.37
2016-07-15,10.00,10.03,10.09,9.94,61513,61630000,0.03,0.30,1.50,1.04
2016-07-18,9.99,9.85,10.03,9.75,52135,51560000,-0.18,-1.79,2.79,0.88
2016-07-19,9.90,9.92,9.93,9.73,43445,42710000,0.07,0.71,2.03,0.73
2016-07-20,9.88,9.86,9.98,9.85,40569,40220000,-0.06,-0.60,1.31,0.68
2016-07-21,9.83,9.85,9.97,9.83,42981,42530000,-0.01,-0.10,1.42,0.72
2016-07-22,9.83,9.78,9.89,9.73,38457,37690000,-0.07,-0.71,1.62,0.65
2016-07-25,9.81,9.83,9.88,9.71,37075,36380000,0.05,0.51,1.74,0.62
2016-07-26,9.88,9.99,9.99,9.80,49061,48680000,0.16,1.63,1.93,0.83
2016-07-27,10.01,9.54,10.06,9.31,80193,77710000,-0.45,-4.50,7.51,1.35
2016-07-28,9.55,9.47,9.56,9.38,43509,41220000,-0.07,-0.73,1.89,0.73
2016-07-29,9.48,9.37,9.50,9.36,27914,26270000,-0.10,-1.06,1.48,0.47
2016-08-01,9.33,9.18,9.36,9.13,40187,36980000,-0.19,-2.03,2.45,0.68
2016-08-02,9.16,9.26,9.26,9.16,23406,21580000,0.08,0.87,1.09,0.39
2016-08-03,9.23,9.30,9.30,9.20,27709,25670000,0.04,0.43,1.08,0.47
2016-08-04,9.28,9.30,9.33,9.24,34725,32250000,0.00,0.00,0.97,0.58
2016-08-05,9.36,9.28,9.37,9.28,30837,28690000,-0.02,-0.22,0.97,0.52
2016-08-08,9.24,9.37,9.37,9.22,29854,27790000,0.09,0.97,1.62,0.50
2016-08-09,9.37,9.48,9.50,9.33,42040,39680000,0.11,1.17,1.81,0.71
2016-08-10,9.47,9.43,9.51,9.38,28745,27150000,-0.05,-0.53,1.37,0.48
2016-08-11,9.38,9.31,9.45,9.30,31978,29980000,-0.12,-1.27,1.59,0.54
2016-08-12,9.31,9.41,9.42,9.30,26808,25070000,0.10,1.07,1.29,0.45
2016-08-15,9.41,9.60,9.65,9.40,73596,70240000,0.19,2.02,2.66,1.24
2016-08-16,9.60,9.71,9.87,9.58,83402,81290000,0.11,1.15,3.02,1.40
2016-08-17,9.69,9.69,9.75,9.63,54778,53090000,-0.02,-0.21,1.24,0.92
2016-08-18,9.68,9.69,9.85,9.66,54021,52540000,0.00,0.00,1.96,0.91
2016-08-19,9.67,9.70,9.74,9.64,34666,33560000,0.01,0.10,1.03,0.58
2016-08-22,9.70,9.52,9.79,9.50,40441,38990000,-0.18,-1.86,2.99,0.68
2016-08-23,9.57,9.75,9.76,9.55,54789,53040000,0.23,2.42,2.21,0.92
2016-08-24,9.85,9.77,9.87,9.71,48107,47080000,0.02,0.21,1.64,0.81
2016-08-25,9.66,9.73,9.76,9.52,46090,44350000,-0.04,-0.41,2.46,0.78
2016-08-26,9.73,9.78,9.95,9.68,65717,64650000,0.05,0.51,2.77,1.11
2016-08-29,9.75,9.86,9.93,9.65,58614,57460000,0.08,0.82,2.86,0.99
2016-08-30,9.84,9.74,9.90,9.73,36566,35890000,-0.12,-1.22,1.72,0.62
2016-08-31,9.80,9.70,9.80,9.68,40121,39050000,-0.04,-0.41,1.23,0.68
2016-09-01,9.72,9.95,10.10,9.70,155801,154740000,0.25,2.58,4.12,2.62
2016-09-02,9.93,10.29,10.45,9.89,241965,247090000,0.34,3.42,5.63,4.07
2016-09-05,10.36,10.40,10.42,10.16,105887,109000000,0.11,1.07,2.53,1.78
2016-09-06,10.31,10.52,10.56,10.19,106452,110460000,0.12,1.15,3.56,1.79
2016-09-07,10.47,10.46,10.55,10.36,96759,101270000,-0.06,-0.57,1.81,1.63
2016-09-08,10.51,10.47,10.74,10.35,108322,114270000,0.01,0.10,3.73,1.82
2016-09-09,10.46,10.31,10.52,10.28,75473,78570000,-0.16,-1.53,2.29,1.27
2016-09-12,10.18,10.09,10.55,9.99,95863,97320000,-0.22,-2.13,5.43,1.61
2016-09-13,10.08,10.24,10.31,10.08,54763,55920000,0.15,1.49,2.28,0.92
2016-09-14,10.13,10.07,10.30,10.06,35596,36160000,-0.17,-1.66,2.34,0.60
2016-09-19,10.10,10.27,10.30,10.10,36912,37740000,0.20,1.99,1.99,0.62
2016-09-20,10.27,10.30,10.47,10.18,46215,47670000,0.03,0.29,2.82,0.78
2016-09-21,10.29,10.22,10.36,10.20,29365,30190000,-0.08,-0.78,1.55,0.49
2016-09-22,10.28,10.46,10.57,10.23,73403,76660000,0.24,2.35,3.33,1.24
2016-09-23,10.47,10.41,10.63,10.40,43011,45140000,-0.05,-0.48,2.20,0.72
2016-09-26,10.42,10.40,10.62,10.25,71761,74950000,-0.01,-0.10,3.55,1.21
2016-09-27,10.30,10.80,10.80,10.26,80693,85270000,0.40,3.85,5.19,1.36
2016-09-28,10.79,10.67,10.79,10.57,62226,66360000,-0.13,-1.20,2.04,1.05
2016-09-29,10.63,10.62,10.82,10.56,47022,50190000,-0.05,-0.47,2.44,0.79
2016-09-30,10.62,10.17,10.69,10.07,130454,134320000,-0.45,-4.24,5.84,2.20
2016-10-10,10.17,10.32,10.37,10.16,77641,79810000,0.15,1.47,2.06,1.31
2016-10-11,10.32,10.39,10.43,10.21,70260,72390000,0.07,0.68,2.13,1.18
2016-10-12,11.43,11.43,11.43,10.50,603762,683240000,1.04,10.01,8.95,10.17
2016-10-13,11.55,12.57,12.57,11.45,610507,739180000,1.14,9.97,9.80,10.28
2016-10-14,12.20,12.61,13.27,12.08,743430,931070000,0.04,0.32,9.47,12.52
2016-10-17,12.56,12.68,12.88,12.36,468331,588370000,0.07,0.56,4.12,7.89
2016-10-18,12.45,12.61,12.67,12.22,390004,485710000,-0.07,-0.55,3.55,6.57
2016-10-19,12.50,12.91,13.08,12.42,533136,680080000,0.30,2.38,5.23,8.98
2016-10-20,12.68,12.60,12.72,12.43,286957,360270000,-0.31,-2.40,2.25,4.83
2016-10-21,12.50,12.65,13.23,12.48,434948,558660000,0.05,0.40,5.95,7.32
2016-10-24,12.71,13.25,13.36,12.36,495307,638650000,0.60,4.74,7.91,8.34
2016-10-25,13.01,13.01,13.10,12.70,318899,411790000,-0.24,-1.81,3.02,5.37
2016-10-26,12.89,12.62,13.14,12.44,257325,328760000,-0.39,-3.00,5.38,4.33
2016-10-27,12.54,12.55,12.70,12.30,180126,225130000,-0.07,-0.55,3.17,3.03
2016-10-28,12.54,12.02,12.65,11.95,237645,291010000,-0.53,-4.22,5.58,4.00
2016-10-31,12.05,12.13,12.14,11.92,129184,155760000,0.11,0.92,1.83,2.18
2016-11-01,12.17,12.21,12.31,12.04,180075,219400000,0.08,0.66,2.23,3.03
2016-11-02,12.10,12.16,12.48,12.09,224329,275320000,-0.05,-0.41,3.19,3.78
2016-11-03,12.39,12.60,12.96,12.21,399686,503540000,0.44,3.62,6.17,6.73
2016-11-04,12.38,11.83,12.46,11.72,285959,344840000,-0.77,-6.11,5.87,4.81
2016-11-07,11.75,11.74,11.82,11.45,125484,145940000,-0.09,-0.76,3.13,2.11
2016-11-08,11.80,11.85,11.98,11.75,121904,144710000,0.11,0.94,1.96,2.05
2016-11-09,11.92,11.73,11.98,11.46,133463,156200000,-0.12,-1.01,4.39,2.25
2016-11-10,11.76,11.94,11.98,11.75,143677,171060000,0.21,1.79,1.96,2.42
2016-11-11,11.98,11.85,12.15,11.82,144090,172280000,-0.09,-0.75,2.76,2.43
2016-11-14,11.76,12.09,12.12,11.56,169867,201140000,0.24,2.03,4.73,2.86
2016-11-15,12.02,12.00,12.19,11.86,108502,130370000,-0.09,-0.74,2.73,1.83
2016-11-16,11.98,11.82,12.05,11.78,91989,109300000,-0.18,-1.50,2.25,1.55
2016-11-17,11.76,12.01,12.04,11.69,96472,114420000,0.19,1.61,2.96,1.62
2016-11-18,12.00,11.89,12.16,11.78,117979,140930000,-0.12,-1.00,3.16,1.99
2016-11-21,11.83,11.80,11.95,11.73,82381,97380000,-0.09,-0.76,1.85,1.39
2016-11-22,11.85,11.85,11.90,11.73,79727,94140000,0.05,0.42,1.44,1.34
2016-11-23,11.89,11.56,11.90,11.55,97184,113760000,-0.29,-2.45,2.95,1.64
2016-11-24,11.53,11.62,11.65,11.47,66626,77000000,0.06,0.52,1.56,1.12
2016-11-25,11.62,11.59,11.65,11.35,70165,80960000,-0.03,-0.26,2.58,1.18
2016-11-28,11.62,11.67,11.77,11.56,67370,78710000,0.08,0.69,1.81,1.13
2016-11-29,11.61,11.52,11.82,11.50,74269,86840000,-0.15,-1.29,2.74,1.25
2016-11-30,11.51,11.17,11.58,11.06,97701,110570000,-0.35,-3.04,4.51,1.65
2016-12-01,11.19,11.22,11.28,11.10,50263,56280000,0.05,0.45,1.61,0.85
2016-12-02,11.34,11.51,11.77,11.33,150894,175040000,0.29,2.58,3.92,2.54
2016-12-05,11.30,11.67,11.72,11.21,73465,84240000,0.16,1.39,4.43,1.24
2016-12-06,11.68,11.83,11.94,11.58,126655,149170000,0.16,1.37,3.08,2.13
2016-12-07,11.87,11.89,11.91,11.68,112819,133210000,0.06,0.51,1.94,1.90
2016-12-08,11.89,11.70,11.94,11.69,76334,90150000,-0.19,-1.60,2.10,1.29
2016-12-09,11.58,11.42,11.66,11.38,81511,93670000,-0.28,-2.39,2.39,1.37
2016-12-12,11.42,11.26,11.90,11.20,134270,154420000,-0.16,-1.40,6.13,2.26
2016-12-13,11.00,11.37,11.49,10.65,93923,103770000,0.11,0.98,7.46,1.58
2016-12-14,11.25,11.01,11.40,11.00,69088,77360000,-0.36,-3.17,3.52,1.16
2016-12-15,10.95,11.17,11.29,10.95,51017,56920000,0.16,1.45,3.09,0.86
2016-12-16,11.17,11.58,11.63,11.12,99463,114110000,0.41,3.67,4.57,1.67
2016-12-19,11.79,12.24,12.69,11.43,247370,297080000,0.66,5.70,10.88,4.17
2016-12-20,12.05,11.93,12.15,11.75,164486,196550000,-0.31,-2.53,3.27,2.77
2016-12-21,12.09,12.09,12.59,11.92,280288,343450000,0.16,1.34,5.62,4.72
2016-12-22,11.99,12.30,12.36,11.75,223271,270100000,0.21,1.74,5.05,3.76
2016-12-23,12.43,12.16,12.67,12.14,283705,353030000,-0.14,-1.14,4.31,4.78
2016-12-26,11.92,12.07,12.08,11.62,153895,182410000,-0.09,-0.74,3.78,2.59
2016-12-27,11.98,11.86,12.08,11.80,113515,135710000,-0.21,-1.74,2.32,1.91
2016-12-28,11.88,11.64,11.93,11.49,105024,123250000,-0.22,-1.86,3.71,1.77
2016-12-29,11.61,11.29,11.65,11.21,117359,133570000,-0.35,-3.01,3.78,1.98
2016-12-30,11.32,11.30,11.41,11.22,62830,71080000,0.01,0.09,1.68,1.06
2017-01-03,11.38,11.59,11.62,11.32,91260,105210000,0.29,2.57,2.65,1.54
2017-01-04,11.50,11.73,11.78,11.48,101995,118810000,0.14,1.21,2.59,1.72
2017-01-05,11.84,12.40,12.80,11.82,357866,440840000,0.67,5.71,8.35,6.03
2017-01-06,12.25,12.40,12.47,12.14,227411,280250000,0.00,0.00,2.66,3.83
2017-01-09,12.39,12.55,12.60,12.23,189063,235200000,0.15,1.21,2.98,3.18
2017-01-10,12.49,12.16,12.49,12.05,174996,214470000,-0.39,-3.11,3.51,2.95
2017-01-11,12.15,12.47,12.98,12.13,318233,400610000,0.31,2.55,6.99,5.36
2017-01-12,12.30,12.42,12.45,12.01,183716,224630000,-0.05,-0.40,3.53,3.09
2017-01-13,12.28,12.68,12.90,12.16,285158,358410000,0.26,2.09,5.96,4.80
2017-01-16,12.67,12.11,12.94,11.41,305873,371980000,-0.57,-4.50,12.07,5.15
2017-01-17,11.90,11.93,12.04,11.37,184779,216880000,-0.18,-1.49,5.53,3.11
2017-01-18,11.76,13.12,13.12,11.70,322033,401000000,1.19,9.97,11.90,5.42
2017-01-19,13.00,12.89,13.17,12.68,342518,441850000,-0.23,-1.75,3.73,5.77
2017-01-20,12.79,12.93,13.32,12.72,304298,395030000,0.04,0.31,4.65,5.12
2017-01-23,12.82,13.23,13.39,12.78,281076,368350000,0.30,2.32,4.72,4.73
2017-01-24,13.11,12.89,13.17,12.81,192862,249430000,-0.34,-2.57,2.72,3.25
2017-01-25,12.77,12.91,13.06,12.70,143989,185040000,0.02,0.16,2.79,2.42
2017-01-26,12.89,12.71,12.95,12.52,154580,196310000,-0.20,-1.55,3.33,2.60
2017-02-03,12.70,13.22,13.33,12.66,274147,358170000,0.51,4.01,5.27,4.62
2017-02-06,13.36,13.25,13.46,13.03,288963,381470000,0.03,0.23,3.25,4.87
2017-02-07,13.26,13.49,13.81,13.05,358669,482876200,0.24,1.81,5.736,6.04
2017-02-08,13.19,13.38,13.41,12.90,260230,342509800,-0.11,-0.82,3.781,4.38
2017-02-09,13.22,13.28,13.55,13.13,215639,286877000,-0.10,-0.75,3.139,3.63
2017-02-10,13.27,13.16,13.35,13.06,169254,222638600,-0.12,-0.90,2.184,2.85
2017-02-13,13.18,13.46,13.48,12.95,228390,302503000,0.30,2.28,4.027,3.85
2017-02-14,13.38,13.19,13.52,13.11,169795,225313800,-0.27,-2.01,3.046,2.86
2017-02-15,13.10,12.68,13.18,12.60,214181,275819800,-0.51,-3.87,4.397,3.61
2017-02-16,12.61,12.79,12.85,12.49,114309,145165000,0.11,0.87,2.839,1.92
2017-02-17,12.72,12.47,12.88,12.46,110033,138989700,-0.32,-2.50,3.284,1.85
2017-02-20,12.40,12.67,12.71,12.35,95938,120847500,0.20,1.60,2.887,1.62
2017-02-21,12.63,12.90,12.91,12.60,113480,145229900,0.23,1.82,2.45,1.91
2017-02-22,12.89,12.80,12.89,12.64,94343,120502100,-0.10,-0.78,1.94,1.59
2017-02-23,12.96,12.61,12.96,12.50,101225,128360100,-0.19,-1.48,3.59,1.70
2017-02-24,12.57,12.69,12.72,12.51,65833,83170200,0.08,0.63,1.67,1.11
2017-02-27,12.70,12.44,12.82,12.43,78816,99403800,-0.25,-1.97,3.07,1.33
2017-02-28,12.41,12.52,12.52,12.39,61663,76785300,0.08,0.64,1.04,1.04
2017-03-01,12.58,12.68,12.78,12.47,86928,109905800,0.16,1.28,2.48,1.46
2017-03-02,12.70,12.84,12.92,12.60,142472,182358700,0.16,1.26,2.52,2.40
2017-03-03,12.76,12.70,12.79,12.55,85572,108227700,-0.14,-1.09,1.87,1.44
2017-03-06,12.65,12.81,12.85,12.61,101852,129764800,0.11,0.87,1.89,1.71
2017-03-07,12.84,13.04,13.08,12.73,194469,251976300,0.23,1.80,2.73,3.27
2017-03-08,13.02,12.77,13.03,12.72,122748,157599900,-0.27,-2.07,2.38,2.07
2017-03-09,12.71,12.24,12.72,12.22,137166,169886600,-0.53,-4.15,3.92,2.31
2017-03-10,12.20,12.09,12.33,12.02,78930,96205000,-0.15,-1.23,2.53,1.33
2017-03-13,12.10,12.20,12.21,11.81,75168,90504200,0.11,0.91,3.31,1.27
2017-03-14,12.17,12.09,12.30,12.07,49847,60473100,-0.11,-0.90,1.89,0.84
2017-03-15,12.09,11.98,12.11,11.91,46144,55311000,-0.11,-0.91,1.65,0.78
2017-03-16,11.98,12.19,12.24,11.97,62765,76333057,0.21,1.75,2.25,1.06
2017-03-17,12.23,11.91,12.25,11.90,65571,79042154,-0.28,-2.30,2.87,1.10
2017-03-20,11.83,11.97,11.98,11.76,60729,71959960,0.06,0.50,1.85,1.02
2017-03-21,11.92,11.96,11.98,11.85,36296,43203353,-0.01,-0.08,1.09,0.61
2017-03-22,11.93,11.70,11.93,11.65,59654,70099351,-0.26,-2.17,2.34,1.00
2017-03-23,11.71,11.79,11.89,11.66,50031,59017251,0.09,0.77,1.97,0.84
2017-03-24,11.82,11.93,11.94,11.75,68754,81512814,0.14,1.19,1.61,1.16
2017-03-27,11.98,12.01,12.05,11.93,55601,66642027,0.08,0.67,1.01,0.94
2017-03-28,11.99,11.84,12.04,11.80,46080,54799456,-0.17,-1.42,2.00,0.78
2017-03-29,11.85,11.56,11.89,11.52,66094,76976370,-0.28,-2.36,3.13,1.11
2017-03-30,11.51,11.17,11.56,11.13,83687,94279631,-0.39,-3.37,3.72,1.41
2017-03-31,11.17,11.29,11.32,11.17,39317,44245693,0.12,1.07,1.34,0.66
2017-04-05,11.38,11.58,11.62,11.20,58180,66745105,0.29,2.57,3.72,0.98
2017-04-06,11.55,11.51,11.60,11.47,39353,45347466,-0.07,-0.60,1.12,0.66
2017-04-07,11.46,11.50,11.58,11.43,36613,42169198,-0.01,-0.09,1.30,0.62
2017-04-10,11.49,11.27,11.51,11.23,54314,61631213,-0.23,-2.00,2.43,0.92
2017-04-11,11.25,11.60,11.60,11.24,54341,61973052,0.33,2.93,3.19,0.92
2017-04-12,11.64,11.48,11.66,11.45,42902,49407941,-0.12,-1.03,1.81,0.72
2017-04-13,11.50,11.66,11.88,11.38,73901,85764921,0.18,1.57,4.36,1.24
2017-04-14,11.60,11.29,11.61,11.26,54711,62375115,-0.37,-3.17,3.00,0.92
2017-04-17,11.20,11.28,11.36,11.11,33237,37304971,-0.01,-0.09,2.21,0.56
2017-04-18,11.28,11.12,11.36,11.10,41935,47244990,-0.16,-1.42,2.30,0.71
2017-04-19,11.00,10.34,11.00,10.15,91039,94932444,-0.78,-7.01,7.64,1.53
2017-04-20,10.37,10.24,10.47,10.16,41763,42976727,-0.10,-0.97,3.00,0.70
2017-04-21,10.25,10.26,10.33,10.21,28064,28781715,0.02,0.20,1.17,0.47
2017-04-24,10.26,9.62,10.28,9.59,52641,51746356,-0.64,-6.24,6.73,0.89
2017-04-25,9.62,9.63,9.73,9.56,36635,35386862,0.01,0.10,1.77,0.62
2017-04-26,9.62,9.55,9.71,9.52,31606,30428586,-0.08,-0.83,1.97,0.53
2017-04-27,9.52,9.44,9.52,8.97,72762,67292779,-0.11,-1.15,5.76,1.23
2017-04-28,9.36,9.48,9.55,9.36,39448,37338032,0.04,0.42,2.01,0.66
2017-05-02,9.50,9.56,9.63,9.45,35149,33537646,0.08,0.84,1.90,0.59
2017-05-03,9.56,9.48,9.56,9.30,43635,40990257,-0.08,-0.84,2.72,0.73
2017-05-04,9.43,9.31,9.48,9.30,39841,37406923,-0.17,-1.79,1.90,0.67
2017-05-05,9.32,9.01,9.33,9.00,57113,52211598,-0.30,-3.22,3.54,0.96
2017-05-08,9.00,9.02,9.15,8.96,38833,35276564,0.01,0.11,2.11,0.65
2017-05-09,9.07,9.27,9.32,9.02,38244,35157537,0.25,2.77,3.33,0.64
2017-05-10,9.20,9.01,9.32,8.96,46864,42850967,-0.26,-2.80,3.88,0.79
2017-05-11,9.00,8.92,9.01,8.55,52566,46339035,-0.09,-1.00,5.11,0.89
2017-05-12,8.86,8.78,8.94,8.71,36574,32322566,-0.14,-1.57,2.58,0.62
2017-05-15,8.67,8.76,8.86,8.67,23763,20897171,-0.02,-0.23,2.16,0.40
2017-05-16,8.73,9.02,9.03,8.62,40943,36171272,0.26,2.97,4.68,0.69
2017-05-17,9.02,9.03,9.14,8.98,43519,39481071,0.01,0.11,1.77,0.73
2017-05-18,8.93,8.92,9.05,8.86,27528,24676266,-0.11,-1.22,2.10,0.46
2017-05-19,8.98,9.01,9.09,8.93,26554,23944249,0.09,1.01,1.79,0.45
2017-05-22,8.99,8.82,9.09,8.81,30389,27257912,-0.19,-2.11,3.11,0.51
2017-05-23,8.88,8.42,8.96,8.40,43854,37752076,-0.40,-4.54,6.35,0.74
2017-05-24,8.40,8.50,8.51,8.16,27124,22707121,0.08,0.95,4.16,0.46
2017-05-25,8.50,8.72,8.77,8.33,39776,34101806,0.22,2.59,5.18,0.67
2017-05-26,8.65,8.65,8.80,8.63,22340,19415318,-0.07,-0.80,1.95,0.38
2017-05-31,8.73,8.63,8.84,8.62,29282,25610427,-0.02,-0.23,2.54,0.49
2017-06-01,8.61,8.34,8.68,8.33,25897,22056413,-0.29,-3.36,4.06,0.44
2017-06-02,8.32,8.49,8.55,8.26,25961,21790338,0.15,1.80,3.48,0.44
2017-06-05,8.49,8.52,8.59,8.46,30824,26274344,0.03,0.35,1.53,0.52
2017-06-06,8.48,8.60,8.62,8.46,24177,20610999,0.08,0.94,1.88,0.41
2017-06-07,8.58,8.81,8.83,8.55,43561,38068492,0.21,2.44,3.26,0.73
2017-06-08,8.80,8.80,8.85,8.74,34662,30496711,-0.01,-0.11,1.25,0.58
2017-06-09,8.81,8.87,8.88,8.74,33931,29923879,0.07,0.80,1.59,0.57
2017-06-12,8.75,8.61,8.81,8.60,29668,25814572,-0.26,-2.93,2.37,0.50
2017-06-13,8.58,8.76,8.79,8.58,27282,23793292,0.15,1.74,2.44,0.46
