日期,开盘,收盘,最高,最低,交易量(手),交易金额(元),涨跌额,涨跌幅(%),振幅(%),换手率(%)
2017-02-03,13.75,13.69,13.78,13.43,13086,17796200,-0.03,-0.22,,0.67
2017-02-06,13.71,13.71,13.84,13.58,12159,16665200,0.02,0.15,1.899,0.62
2017-02-07,13.65,13.59,13.87,13.53,17853,24407800,-0.12,-0.88,2.48,0.92
2017-02-08,13.56,13.68,13.76,13.51,9253,12623000,0.09,0.66,1.84,0.48
2017-02-09,13.66,13.76,13.85,13.61,15040,20684700,0.08,0.58,1.754,0.77
2017-02-10,13.97,14.32,14.43,13.97,62374,88722900,0.56,4.07,3.343,3.20
2017-02-13,14.55,14.36,14.80,14.27,46379,67004300,0.04,0.28,3.701,2.38
2017-02-14,14.35,14.53,14.61,14.27,45811,66487100,0.17,1.18,2.368,2.35
2017-02-15,14.64,14.33,14.85,14.30,40634,59623100,-0.20,-1.38,3.785,2.09
2017-02-16,14.33,14.92,14.96,14.33,41459,61127000,0.59,4.12,4.396,2.13
2017-02-17,14.90,14.66,15.06,14.47,37005,54597000,-0.26,-1.74,3.954,1.90
2017-02-20,14.67,14.67,14.88,14.38,21290,31062200,0.01,0.07,3.411,1.09
2017-02-21,14.68,14.85,14.85,14.60,21480,31705700,0.18,1.23,1.70,1.10
2017-02-22,14.77,14.62,14.84,14.50,22607,33101600,-0.23,-1.55,2.29,1.16
2017-02-23,14.65,14.59,14.73,14.50,20838,30415600,-0.03,-0.21,1.57,1.07
2017-02-24,14.60,14.78,14.86,14.54,23090,34054500,0.19,1.30,2.19,1.19
2017-02-27,14.79,15.16,15.23,14.72,35753,53905300,0.38,2.57,3.45,1.84
2017-02-28,15.22,15.12,15.55,15.03,32781,50049800,-0.04,-0.26,3.43,1.68
2017-03-01,15.20,15.64,15.83,15.15,66527,103842700,0.52,3.44,4.50,3.42
2017-03-02,15.75,15.68,15.88,15.56,46565,73070600,0.04,0.26,2.05,2.39
2017-03-03,15.55,15.91,15.93,15.51,41897,66006900,0.23,1.47,2.68,2.15
2017-03-06,16.05,16.23,16.31,15.97,42600,68695700,0.32,2.01,2.14,2.19
2017-03-07,16.27,15.71,16.35,15.64,55408,88927700,-0.52,-3.20,4.38,2.85
2017-03-08,15.66,16.00,16.07,15.54,46148,72902000,0.29,1.85,3.37,2.37
2017-03-09,15.90,15.88,16.04,15.74,28440,45227900,-0.12,-0.75,1.88,1.46
2017-03-10,15.81,15.68,15.89,15.57,30033,47152700,-0.20,-1.26,2.02,1.54
2017-03-13,15.75,16.16,16.26,15.62,30561,49068100,0.48,3.06,4.08,1.57
2017-03-14,16.16,16.01,16.31,15.82,35536,57036900,-0.15,-0.93,3.03,1.83
2017-03-15,16.06,16.24,16.49,15.87,42918,69794000,0.23,1.44,3.87,2.20
2017-03-16,16.30,16.64,16.67,16.18,39062,64111246,0.40,2.46,3.02,2.01
2017-03-17,16.69,16.80,17.22,16.60,60882,103017430,0.16,0.96,3.73,3.13
2017-03-20,17.16,16.99,17.33,16.53,71480,121637685,0.19,1.13,4.76,3.67
2017-03-21,17.08,16.85,17.10,16.78,33710,57037368,-0.14,-0.82,1.88,1.73
2017-03-22,16.82,17.38,17.39,16.76,51977,89294787,0.53,3.15,3.74,2.67
2017-03-23,17.42,17.61,17.67,17.15,70424,122897931,0.23,1.32,2.99,3.62
2017-03-24,17.84,18.41,18.49,17.71,137882,252392278,0.80,4.54,4.43,7.08
2017-03-28,17.50,17.57,18.32,16.62,215975,375482609,-0.84,-4.56,9.23,11.10
2017-03-29,17.80,18.00,19.33,17.80,300501,565228416,0.43,2.45,8.71,15.44
2017-03-30,18.05,16.86,18.18,16.78,226874,396267116,-1.14,-6.33,7.78,11.66
2017-03-31,16.80,16.61,17.27,16.40,141329,237612515,-0.25,-1.48,5.16,7.26
2017-04-05,16.21,16.10,16.59,15.81,103098,166370400,-0.51,-3.07,4.70,5.30
2017-04-06,16.18,15.97,16.39,15.84,84222,135159254,-0.13,-0.81,3.42,4.33
2017-04-07,16.02,15.51,16.07,15.40,82988,129887843,-0.46,-2.88,4.20,4.26
2017-04-10,15.51,16.05,16.17,15.46,107456,170605294,0.54,3.48,4.58,5.52
2017-04-11,15.98,15.95,16.15,15.79,63391,101073244,-0.10,-0.62,2.24,3.26
2017-04-12,15.91,15.79,15.95,15.65,44729,70662702,-0.16,-1.00,1.88,2.30
2017-04-13,15.70,15.58,16.07,15.55,49675,78480725,-0.21,-1.33,3.29,2.55
2017-04-14,15.62,15.77,15.86,15.44,46342,72791222,0.19,1.22,2.70,2.38
2017-04-17,15.81,14.83,15.85,14.80,56367,85880834,-0.94,-5.96,6.66,2.90
2017-04-18,14.87,14.59,14.96,14.44,52213,76380177,-0.24,-1.62,3.51,2.68
2017-04-19,14.54,14.00,14.59,13.90,75159,106379195,-0.59,-4.04,4.73,3.86
2017-04-20,14.09,14.25,14.33,13.98,36417,51509752,0.25,1.79,2.50,1.87
2017-04-21,14.20,13.87,14.34,13.72,30937,43366900,-0.38,-2.67,4.35,1.59
2017-04-24,13.81,13.46,13.87,13.45,30258,41188043,-0.41,-2.96,3.03,1.55
2017-04-25,13.50,13.84,13.92,13.39,32773,44884776,0.38,2.82,3.94,1.68
2017-04-26,13.84,13.93,14.18,13.81,28852,40520558,0.09,0.65,2.67,1.48
2017-04-27,13.90,14.38,14.45,13.82,40147,56854396,0.45,3.23,4.52,2.06
2017-04-28,14.36,14.53,14.67,14.30,27755,40309802,0.15,1.04,2.57,1.43
2017-05-02,14.64,14.43,14.65,14.26,20202,29075395,-0.10,-0.69,2.68,1.04
2017-05-03,14.44,14.36,14.60,14.31,22213,32115150,-0.07,-0.49,2.01,1.14
2017-05-04,14.38,14.42,14.50,14.31,23450,33784006,0.06,0.42,1.32,1.21
2017-05-05,14.43,13.79,14.48,13.72,36850,51711806,-0.63,-4.37,5.27,1.89
2017-05-08,13.75,13.52,14.00,13.41,32151,44193574,-0.27,-1.96,4.28,1.65
2017-05-09,13.40,13.47,13.54,13.19,27846,37219696,-0.05,-0.37,2.59,1.43
2017-05-10,13.50,13.15,13.66,13.11,19282,25954005,-0.32,-2.38,4.08,0.99
2017-05-11,13.10,12.89,13.18,12.61,39551,50877274,-0.26,-1.98,4.33,2.03
2017-05-12,12.92,12.88,13.07,12.76,23072,29797356,-0.01,-0.08,2.40,1.19
2017-05-15,12.88,12.97,13.03,12.84,19844,25684956,0.09,0.70,1.48,1.02
2017-05-16,13.00,13.32,13.43,12.87,30123,39616201,0.35,2.70,4.32,1.55
2017-05-17,13.23,13.28,13.44,13.23,22353,29793826,-0.04,-0.30,1.58,1.15
2017-05-18,13.20,13.42,13.45,13.02,20484,27198640,0.14,1.05,3.24,1.05
2017-05-19,13.35,13.28,13.44,13.21,11199,14904750,-0.14,-1.04,1.71,0.57
2017-05-22,13.15,12.77,13.30,12.64,27304,35285250,-0.51,-3.84,4.97,1.40
2017-05-23,12.78,11.77,12.84,11.50,33912,41545869,-1.00,-7.83,10.49,1.74
2017-05-24,11.72,11.93,11.96,11.19,28713,33399518,0.16,1.36,6.54,1.48
2017-05-25,11.92,12.00,12.05,11.63,21091,25062759,0.07,0.59,3.52,1.08
2017-05-26,12.06,11.92,12.06,11.88,15746,18857409,-0.08,-0.67,1.50,0.81
2017-05-31,12.09,11.56,12.18,11.53,27940,33172640,-0.36,-3.02,5.45,1.44
2017-06-01,11.56,10.97,11.65,10.94,25702,28996210,-0.59,-5.10,6.14,1.32
2017-06-02,10.97,11.18,11.20,10.52,46421,50348897,0.21,1.91,6.20,2.38
2017-06-05,11.20,11.33,11.47,11.12,29399,33166041,0.15,1.34,3.13,1.51
2017-06-06,11.26,11.36,11.42,11.15,21644,24456814,0.03,0.26,2.38,1.11
2017-06-07,11.36,11.70,11.85,11.26,34816,40233799,0.34,2.99,5.19,1.79
2017-06-08,11.75,11.67,11.79,11.61,28675,33550305,-0.03,-0.26,1.54,1.47
2017-06-09,11.66,11.81,11.90,11.50,29063,34000593,0.14,1.20,3.43,1.49
2017-06-12,11.78,11.67,11.82,11.54,25827,30091594,-0.14,-1.19,2.37,1.33
2017-06-13,11.62,11.73,11.82,11.54,15593,18323405,0.06,0.51,2.40,0.80
2017-06-14,11.73,11.81,11.86,11.66,18590,21866753,0.08,0.68,1.71,0.95
