日期,开盘,收盘,最高,最低,交易量(手),交易金额(元),涨跌额,涨跌幅(%),振幅(%),换手率(%)
2017-02-03,5.91,5.89,6.00,5.86,74192,43896500,0.00,0.00,,0.91
2017-02-06,5.90,5.92,5.93,5.82,67981,39948700,0.03,0.51,1.868,0.84
2017-02-07,5.92,5.92,5.96,5.87,61415,36343300,0.00,0.00,1.52,0.76
2017-02-08,5.92,5.95,5.96,5.90,66030,39178600,0.03,0.51,1.014,0.81
2017-02-09,5.95,6.02,6.08,5.94,82249,49439400,0.07,1.18,2.353,1.01
2017-02-10,6.02,6.04,6.06,5.95,81806,49168200,0.02,0.33,1.827,1.01
2017-02-13,6.10,6.10,6.14,6.05,89753,54679000,0.06,0.99,1.49,1.11
2017-02-14,6.11,6.09,6.12,6.06,60114,36597400,-0.01,-0.16,0.984,0.74
2017-02-15,6.08,5.99,6.10,5.95,95599,57805300,-0.10,-1.64,2.463,1.18
2017-02-16,5.98,6.06,6.09,5.96,84878,51232400,0.07,1.17,2.17,1.05
2017-02-17,6.05,6.00,6.06,5.97,68579,41223000,-0.06,-0.99,1.485,0.85
2017-02-20,6.00,6.00,6.02,5.95,67928,40690500,0.00,0.00,1.167,0.84
2017-02-21,6.00,6.02,6.03,5.99,64231,38602300,0.02,0.33,0.67,0.79
2017-02-22,6.01,6.07,6.08,5.97,75406,45478200,0.05,0.83,1.83,0.93
2017-02-23,6.06,6.20,6.26,6.04,155255,95540300,0.13,2.14,3.62,1.91
2017-02-24,6.16,6.17,6.27,6.14,84690,52449500,-0.03,-0.48,2.10,1.04
2017-02-27,6.16,6.15,6.22,6.11,81926,50534400,-0.02,-0.32,1.78,1.01
2017-02-28,6.15,6.17,6.22,6.12,51391,31686200,0.02,0.33,1.63,0.63
2017-03-01,6.17,6.23,6.30,6.14,92951,57793500,0.06,0.97,2.59,1.15
2017-03-02,6.25,6.39,6.49,6.23,183751,117341200,0.16,2.57,4.17,2.27
2017-03-03,6.60,6.50,6.60,6.43,211892,138090700,0.11,1.72,2.66,2.61
2017-03-06,6.49,6.83,6.83,6.49,70481,47422500,0.33,5.08,5.23,0.87
2017-03-07,7.09,6.83,7.09,6.82,227924,158190700,0.00,0.00,3.95,2.81
2017-03-08,6.84,6.83,6.96,6.72,131350,89667800,0.00,0.00,3.51,1.62
2017-03-09,6.82,6.81,6.90,6.71,102617,69926900,-0.02,-0.29,2.78,1.27
2017-03-10,6.78,6.70,6.88,6.68,83830,56873800,-0.11,-1.62,2.94,1.03
2017-03-13,6.68,6.70,6.71,6.52,79828,52926800,0.00,0.00,2.84,0.98
2017-03-14,6.73,6.78,6.87,6.72,73757,50099800,0.08,1.19,2.24,0.91
2017-03-15,6.80,6.88,6.95,6.76,84869,58338400,0.10,1.47,2.80,1.05
2017-03-16,6.86,7.11,7.17,6.85,116002,80981747,0.23,3.34,4.65,1.43
2017-03-17,7.10,7.21,7.38,7.06,175210,126410845,0.10,1.41,4.50,2.16
2017-03-20,7.21,7.27,7.46,7.21,143266,105032728,0.06,0.83,3.47,1.77
2017-03-21,7.22,7.10,7.25,7.05,114603,81864738,-0.17,-2.34,2.75,1.41
2017-03-22,7.07,7.03,7.20,7.00,98524,69981118,-0.07,-0.99,2.82,1.22
2017-03-23,7.02,6.94,7.08,6.83,99243,69167469,-0.09,-1.28,3.56,1.22
2017-03-24,6.94,6.89,7.00,6.85,84167,58234253,-0.05,-0.72,2.16,1.04
2017-03-27,6.90,6.66,6.92,6.55,147501,98731701,-0.23,-3.34,5.37,1.82
2017-03-28,6.61,6.78,6.80,6.61,78639,52946064,0.12,1.80,2.85,0.97
2017-03-29,6.75,6.66,6.87,6.59,88233,59753133,-0.12,-1.77,4.13,1.09
2017-03-30,6.67,6.47,6.70,6.41,110820,72516061,-0.19,-2.85,4.35,1.37
2017-03-31,6.44,6.55,6.58,6.44,54103,35315462,0.08,1.24,2.16,0.67
2017-04-05,6.55,6.78,6.83,6.54,65931,44164234,0.23,3.51,4.43,0.81
2017-04-06,6.78,6.52,6.79,6.45,216096,142880907,-0.26,-3.83,5.01,2.66
2017-04-07,6.51,6.55,6.68,6.51,110860,73125924,0.03,0.46,2.61,1.37
2017-04-10,6.55,6.44,6.57,6.35,162661,105034928,-0.11,-1.68,3.36,2.00
2017-04-11,6.43,6.31,6.53,6.22,177421,112290175,-0.13,-2.02,4.81,2.19
2017-04-12,6.28,6.63,6.63,6.23,138152,89396324,0.32,5.07,6.34,1.70
2017-04-13,6.71,6.81,6.96,6.66,217076,149618606,0.18,2.71,4.52,2.68
2017-04-14,6.90,7.15,7.15,6.82,300614,212799853,0.34,4.99,4.85,3.71
2017-04-17,6.96,6.79,6.96,6.79,183567,125185379,-0.36,-5.03,2.38,2.26
2017-04-18,6.56,6.64,6.85,6.51,175573,116946833,-0.15,-2.21,5.01,2.17
2017-04-19,6.64,6.65,6.78,6.51,152132,101089362,0.01,0.15,4.07,1.88
2017-04-20,6.66,6.93,6.97,6.65,168786,115075879,0.28,4.21,4.81,2.08
2017-04-21,6.98,6.98,7.18,6.91,226043,159604262,0.05,0.72,3.90,2.79
2017-04-24,7.01,6.89,7.06,6.81,170288,118129966,-0.09,-1.29,3.58,2.10
2017-04-25,6.91,6.86,6.97,6.55,152144,102706919,-0.03,-0.44,6.10,1.88
2017-04-26,6.85,6.74,6.85,6.72,107237,72701175,-0.12,-1.75,1.90,1.32
2017-04-27,6.76,6.64,6.79,6.61,163885,110212873,-0.10,-1.48,2.67,2.02
2017-04-28,6.64,6.74,6.85,6.54,279708,187016118,0.10,1.51,4.67,3.45
