日期,开盘,收盘,最高,最低,交易量(手),交易金额(元),涨跌额,涨跌幅(%),振幅(%),换手率(%)
2015-03-26,17.40,17.40,17.40,17.40,159,280000,5.32,44.04,0.00,0.06
2015-03-27,19.14,19.14,19.14,19.14,66,130000,1.74,10.00,0.00,0.02
2015-03-30,21.05,21.05,21.05,21.05,174,370000,1.91,9.98,0.00,0.06
2015-03-31,23.16,23.16,23.16,23.16,626,1450000,2.11,10.02,0.00,0.23
2015-04-01,25.48,25.48,25.48,25.48,1591,4050000,2.32,10.02,0.00,0.57
2015-04-02,28.03,28.03,28.03,28.03,1932,5420000,2.55,10.01,0.00,0.70
2015-04-03,30.83,30.83,30.83,30.83,5570,17170000,2.80,9.99,0.00,2.01
2015-04-07,33.91,33.91,33.91,33.91,5585,18940000,3.08,9.99,0.00,2.02
2015-04-08,37.30,37.30,37.30,37.30,4496,16770000,3.39,10.00,0.00,1.62
2015-04-09,41.03,41.03,41.03,38.88,130756,533600000,3.73,10.00,5.76,47.24
2015-04-10,43.00,42.98,44.97,42.00,128988,560950000,1.95,4.75,7.24,46.60
2015-04-13,41.02,42.24,43.00,40.34,79859,332850000,-0.74,-1.72,6.19,28.85
2015-04-14,41.51,41.66,43.00,41.02,55113,230850000,-0.58,-1.37,4.69,19.91
2015-04-15,41.03,38.61,41.60,38.55,55735,221960000,-3.05,-7.32,7.32,20.14
2015-04-16,38.20,39.11,39.90,37.69,31588,123150000,0.50,1.30,5.72,11.41
2015-04-17,39.59,40.36,40.98,39.56,44471,179250000,1.25,3.20,3.63,16.07
2015-04-20,39.50,38.50,40.80,38.48,38002,149870000,-1.86,-4.61,5.75,13.73
2015-04-21,38.50,39.69,39.74,38.19,26763,104370000,1.19,3.09,4.03,9.67
2015-04-22,39.75,40.36,40.38,39.65,31956,127970000,0.67,1.69,1.84,11.54
2015-04-23,40.50,40.18,40.50,39.76,25324,101410000,-0.18,-0.45,1.83,9.15
2015-04-24,39.38,39.91,39.99,39.11,21466,85090000,-0.27,-0.67,2.19,7.75
2015-04-27,40.50,43.47,43.50,40.06,64211,269200000,3.56,8.92,8.62,23.20
2015-04-28,42.00,39.98,42.00,39.30,54065,220120000,-3.49,-8.03,6.21,19.53
2015-04-29,39.50,40.39,40.58,39.30,23785,95420000,0.41,1.03,3.20,8.59
2015-04-30,40.57,40.43,41.55,40.01,33605,136750000,0.04,0.10,3.81,12.14
2015-05-04,40.10,39.96,40.33,39.43,17837,71200000,-0.47,-1.16,2.23,6.44
2015-05-05,39.81,38.60,40.00,38.31,20366,79930000,-1.36,-3.40,4.23,7.36
2015-05-06,38.79,39.14,39.50,38.66,18856,73750000,0.54,1.40,2.18,6.81
2015-05-07,38.66,38.21,39.10,38.05,15148,58020000,-0.93,-2.38,2.68,5.47
2015-05-08,38.26,39.47,39.50,38.26,18756,73280000,1.26,3.30,3.25,6.78
2015-05-11,39.85,42.01,42.60,39.51,50133,207040000,2.54,6.44,7.83,18.11
2015-05-12,42.38,42.78,43.99,41.58,46930,200990000,0.77,1.83,5.74,16.95
2015-05-13,42.00,45.34,47.05,41.62,61830,277430000,2.56,5.98,12.69,22.34
2015-05-14,47.00,48.00,48.50,45.10,57717,272620000,2.66,5.87,7.50,20.85
2015-05-15,47.50,48.03,49.50,45.02,64757,303210000,0.03,0.06,9.33,23.39
2015-05-18,47.40,52.83,52.83,47.01,62621,318860000,4.80,9.99,12.12,22.62
2015-05-19,55.00,52.11,58.10,50.88,68717,368780000,-0.72,-1.36,13.67,24.83
2015-05-20,51.56,51.38,53.87,50.56,51412,270820000,-0.73,-1.40,6.35,18.57
2015-05-21,51.00,50.91,51.60,49.59,40312,203360000,-0.47,-0.91,3.91,14.56
2015-05-22,52.10,56.00,56.00,49.88,58190,306950000,5.09,10.00,12.02,21.02
2015-05-25,54.50,59.94,61.50,53.02,64398,377470000,3.94,7.04,15.14,23.27
2015-05-26,59.90,65.93,65.93,59.30,53655,339040000,5.99,9.99,11.06,19.38
2015-05-27,67.20,72.52,72.52,65.90,57134,397880000,6.59,10.00,10.04,20.64
2015-05-28,75.00,65.28,79.77,65.27,87369,678070000,-7.24,-9.98,19.99,31.56
2015-05-29,62.00,62.85,68.51,58.75,76207,479720000,-2.43,-3.72,14.95,27.53
2015-06-01,62.69,61.16,62.69,57.88,51744,312820000,-1.69,-2.69,7.65,18.69
2015-06-02,62.96,61.50,62.97,59.50,45630,279500000,0.34,0.56,5.67,16.48
2015-06-03,61.33,62.58,65.50,60.58,49489,313340000,1.08,1.76,8.00,17.88
2015-06-04,62.95,58.37,63.48,56.32,48040,278840000,-4.21,-6.73,11.44,17.36
2015-06-05,59.00,57.08,60.56,54.53,35876,209450000,-1.29,-2.21,10.33,12.96
2015-06-08,57.88,56.76,57.88,54.53,41173,228670000,-0.32,-0.56,5.87,14.87
2015-06-09,55.99,57.81,58.10,55.81,38069,217580000,1.05,1.85,4.03,13.75
2015-06-10,57.80,61.51,63.00,56.91,46199,278890000,3.70,6.40,10.53,16.69
2015-06-11,60.95,62.49,63.42,60.00,36865,229480000,0.98,1.59,5.56,13.32
2015-06-12,62.00,61.19,62.46,60.21,35531,217080000,-1.30,-2.08,3.60,12.84
2015-06-15,60.60,56.18,60.70,56.00,37525,215960000,-5.01,-8.19,7.68,13.56
2015-06-16,57.00,56.67,57.17,54.68,27133,151640000,0.49,0.87,4.43,9.80
2015-06-17,56.01,56.87,57.60,54.90,22681,127500000,0.20,0.35,4.76,8.19
2015-06-18,56.00,53.98,56.50,53.80,22506,123980000,-2.89,-5.08,4.75,8.13
2015-06-19,53.90,48.66,53.90,48.58,19340,96340000,-5.32,-9.86,9.86,6.99
2015-06-23,47.67,49.58,49.72,45.25,21411,102860000,0.92,1.89,9.19,7.74
2015-06-24,49.80,50.26,50.97,49.68,25216,126570000,0.68,1.37,2.60,9.11
2015-06-25,50.25,47.07,50.26,46.30,14736,71320000,-3.19,-6.35,7.88,5.32
2015-06-26,45.80,42.36,46.45,42.36,17010,73810000,-4.71,-10.01,8.69,6.15
2015-06-29,43.80,43.50,45.01,38.12,42564,181040000,1.14,2.69,16.27,15.38
2015-06-30,42.87,47.21,47.48,39.50,27648,119860000,3.71,8.53,18.34,9.99
2015-07-01,46.70,47.22,48.12,45.37,28599,134250000,0.01,0.02,5.83,10.33
2015-07-02,48.10,51.70,51.94,46.67,76736,390870000,4.48,9.49,11.16,27.72
2015-07-03,49.77,50.02,54.65,48.10,32364,164170000,-1.68,-3.25,12.67,11.69
2015-07-06,53.30,46.86,54.30,45.02,27693,139810000,-3.16,-6.32,18.55,10.00
2015-07-07,45.50,48.31,49.00,42.17,39282,169220000,1.45,3.09,14.58,14.19
2015-07-08,43.48,44.94,48.04,43.48,25515,114050000,-3.37,-6.98,9.44,9.22
2015-07-09,45.98,49.43,49.43,44.00,32347,153270000,4.49,9.99,12.08,11.69
2015-07-10,50.85,54.37,54.37,50.58,38775,209620000,4.94,9.99,7.67,14.01
2015-07-13,56.00,59.80,59.81,54.51,65758,381860000,5.43,9.99,9.75,23.76
2015-07-14,58.01,55.13,59.00,54.69,43437,247070000,-4.67,-7.81,7.21,15.69
2015-07-15,52.50,52.25,57.00,49.51,37227,195790000,-2.76,-5.02,13.62,13.45
2015-07-16,50.00,52.00,54.41,49.02,33162,173190000,-0.25,-0.48,10.32,11.98
2015-07-17,52.01,54.46,54.77,52.01,36826,197230000,2.46,4.73,5.31,13.30
2015-07-20,54.00,55.25,56.18,51.00,36552,196680000,0.79,1.45,9.51,13.21
2015-07-21,53.62,56.98,57.67,52.50,34767,194390000,1.73,3.13,9.36,12.56
2015-07-22,57.00,54.56,57.50,53.50,27220,150760000,-2.42,-4.25,7.02,9.83
2015-07-23,54.89,60.02,60.02,53.41,50434,286890000,5.46,10.01,12.12,18.22
2015-07-24,59.80,59.97,63.00,57.01,53538,316860000,-0.05,-0.08,9.98,19.34
2015-07-27,57.80,53.97,62.50,53.97,44955,266460000,-6.00,-10.01,14.22,16.24
2015-07-28,48.60,53.62,54.88,48.57,39873,202040000,-0.35,-0.65,11.69,14.40
2015-07-29,53.35,55.98,56.10,50.25,30284,162360000,2.36,4.40,10.91,10.94
2015-07-30,56.00,54.00,58.90,52.02,44746,256030000,-1.98,-3.54,12.29,16.17
2015-07-31,52.37,53.17,53.99,50.88,27359,142530000,-0.83,-1.54,5.76,9.88
2015-08-03,52.00,48.57,52.00,48.01,23722,117850000,-4.60,-8.65,7.50,8.57
2015-08-04,48.60,52.39,53.00,48.02,16591,84850000,3.82,7.86,10.25,5.99
2015-08-05,51.70,52.59,54.04,50.55,19148,100260000,0.20,0.38,6.66,6.92
2015-08-06,51.85,52.67,53.48,50.59,16549,86230000,0.08,0.15,5.50,5.98
2015-08-07,52.34,55.10,55.50,52.34,16032,86780000,2.43,4.61,6.00,5.79
2015-08-10,56.40,57.54,58.36,55.20,28679,164330000,2.44,4.43,5.74,10.36
2015-08-11,57.70,58.81,62.00,56.70,48806,288960000,1.27,2.21,9.21,17.63
2015-08-12,57.88,63.99,64.63,57.00,67225,405930000,5.18,8.81,12.97,24.29
2015-08-13,62.00,64.32,65.36,61.08,41798,262930000,0.33,0.52,6.69,15.10
2015-08-14,64.06,63.73,65.00,61.00,36396,230690000,-0.59,-0.92,6.22,13.15
2015-08-17,62.95,62.60,62.95,60.51,25010,154410000,-1.13,-1.77,3.83,9.04
2015-08-18,61.18,57.38,62.00,56.50,36748,220230000,-5.22,-8.34,8.79,13.28
2015-08-19,56.91,59.11,59.23,53.00,27373,153590000,1.73,3.02,10.86,9.89
2015-08-20,57.10,59.34,60.47,56.06,30173,177800000,0.23,0.39,7.46,10.90
2015-08-21,57.98,58.98,59.70,56.00,37232,218280000,-0.36,-0.61,6.24,13.45
2015-08-24,55.00,53.22,57.67,53.08,15494,82880000,-5.76,-9.77,7.78,5.60
2015-08-25,48.50,51.32,55.66,47.90,37510,182890000,-1.90,-3.57,14.58,13.55
2015-08-26,49.33,50.86,55.26,49.33,32895,171800000,-0.46,-0.90,11.55,11.88
2015-08-27,51.00,53.82,53.97,50.01,42253,220730000,2.96,5.82,7.79,15.27
2015-08-28,53.84,56.09,56.45,51.50,38161,204850000,2.27,4.22,9.20,13.79
2015-08-31,54.51,58.93,60.87,53.40,44520,256070000,2.84,5.06,13.32,16.08
2015-09-01,58.00,56.97,60.77,53.04,56821,327830000,-1.96,-3.33,13.12,20.53
2015-09-02,51.30,51.27,55.70,51.27,73777,382420000,-5.70,-10.01,7.78,26.65
2015-09-07,46.25,46.14,51.20,46.14,83430,400610000,-5.13,-10.01,9.87,30.14
2015-09-08,43.10,45.81,46.18,41.53,86838,377330000,-0.33,-0.72,10.08,31.37
2015-09-09,44.51,49.09,49.60,42.00,86578,411130000,3.28,7.16,16.59,31.28
2015-09-10,47.00,52.08,52.29,46.03,72909,361830000,2.99,6.09,12.75,26.34
2015-09-11,51.97,52.66,54.00,50.70,81464,426930000,0.58,1.11,6.34,29.43
2015-09-14,52.66,50.21,55.47,50.00,93911,500910000,-2.45,-4.65,10.39,33.93
2015-09-15,47.20,45.19,48.00,45.19,30582,140650000,-5.02,-10.00,5.60,11.05
2015-09-16,45.19,45.25,49.32,41.54,87800,401050000,0.06,0.13,17.22,31.72
2015-09-17,44.40,41.66,45.45,41.60,63756,280060000,-3.59,-7.93,8.51,23.03
2015-09-18,41.54,42.60,43.37,41.01,41367,174460000,0.94,2.26,5.66,14.94
2015-09-21,42.40,45.23,45.29,41.61,47472,209290000,2.63,6.17,8.64,17.15
2015-09-22,45.33,43.58,45.80,43.01,49741,219480000,-1.65,-3.65,6.17,17.97
2015-09-23,42.00,42.10,43.17,41.88,27448,116420000,-1.48,-3.40,2.96,9.92
2015-09-24,42.39,43.28,43.75,42.39,29278,126230000,1.18,2.80,3.23,10.58
2015-09-25,43.28,40.89,43.28,40.80,29590,123580000,-2.39,-5.52,5.73,10.69
2015-09-28,41.07,42.20,42.38,41.00,22477,94150000,1.31,3.20,3.37,8.12
2015-09-29,41.85,41.03,42.20,40.90,19216,79640000,-1.17,-2.77,3.08,6.94
2015-09-30,41.60,40.96,41.97,40.10,16324,66860000,-0.07,-0.17,4.56,5.90
2015-10-08,42.20,42.39,42.63,41.57,24930,105000000,1.43,3.49,2.59,9.01
2015-10-09,42.40,42.06,42.40,41.74,20284,85250000,-0.33,-0.78,1.56,7.33
2015-10-12,42.19,43.54,44.38,42.19,38165,165100000,1.48,3.52,5.21,13.79
2015-10-13,43.20,43.66,44.10,42.86,30587,133070000,0.12,0.28,2.85,11.05
2015-10-14,43.39,43.73,44.30,43.22,30397,133240000,0.07,0.16,2.47,10.98
2015-10-15,43.48,45.40,45.63,43.32,41303,184250000,1.67,3.82,5.28,14.92
2015-10-16,45.73,44.89,46.23,44.01,45911,207390000,-0.51,-1.12,4.89,16.59
2015-10-19,44.89,44.19,45.40,43.77,31653,141140000,-0.70,-1.56,3.63,11.44
2015-10-20,43.86,44.81,44.95,43.70,26369,117340000,0.62,1.40,2.83,9.53
2015-10-21,44.90,40.61,45.56,40.50,36314,157040000,-4.20,-9.37,11.29,13.12
2015-10-22,40.80,41.56,41.79,40.21,27048,111230000,0.95,2.34,3.89,9.77
2015-10-23,42.11,41.99,42.35,41.01,24104,100400000,0.43,1.03,3.22,8.71
2015-10-26,42.43,42.49,42.79,41.70,21777,92160000,0.50,1.19,2.60,7.87
2015-10-27,42.58,43.37,43.65,41.60,29010,124010000,0.88,2.07,4.82,10.48
2015-10-28,43.01,41.79,43.70,41.50,25665,109900000,-1.58,-3.64,5.07,9.27
2015-10-29,42.39,42.27,42.65,41.67,17604,74280000,0.48,1.15,2.35,6.36
2015-10-30,42.38,42.08,42.49,41.38,13374,56210000,-0.19,-0.45,2.63,4.83
2015-11-02,41.66,42.81,44.05,41.01,29925,128700000,0.73,1.73,7.22,10.81
2015-11-03,43.00,44.59,44.80,42.80,36753,161370000,1.78,4.16,4.67,13.28
2015-11-04,45.10,45.98,46.05,44.08,47369,213880000,1.39,3.12,4.42,17.11
2015-11-05,45.55,44.99,46.10,44.60,35007,158270000,-0.99,-2.15,3.26,12.65
2015-11-06,45.05,46.44,46.50,45.05,36014,166040000,1.45,3.22,3.22,13.01
2015-11-09,46.40,48.26,48.50,46.00,45860,217030000,1.82,3.92,5.38,16.57
2015-11-10,47.60,47.59,49.49,46.91,37803,181570000,-0.67,-1.39,5.35,13.66
2015-11-11,47.59,50.59,50.80,47.11,47303,230560000,3.00,6.30,7.75,17.09
2015-11-12,51.72,52.51,54.55,49.60,57144,294810000,1.92,3.80,9.78,20.64
2015-11-13,51.70,51.54,53.46,49.49,46809,240530000,-0.97,-1.85,7.56,16.91
2015-11-16,49.50,52.47,52.51,49.20,27874,142490000,0.93,1.80,6.42,10.07
2015-11-17,52.90,50.16,53.39,50.03,29313,151680000,-2.31,-4.40,6.40,10.59
2015-11-18,50.25,48.58,51.09,48.20,21774,108820000,-1.58,-3.15,5.76,7.87
2015-11-19,48.63,49.62,49.99,48.23,18703,91640000,1.04,2.14,3.62,6.76
2015-11-20,49.61,50.48,50.61,49.52,22783,114270000,0.86,1.73,2.20,8.23
2015-11-23,50.38,49.82,50.50,49.53,20703,103500000,-0.66,-1.31,1.92,7.48
2015-11-24,50.00,52.21,52.50,49.52,25385,129980000,2.39,4.80,5.98,9.17
2015-11-25,51.79,52.31,53.50,51.38,32199,168610000,0.10,0.19,4.06,11.63
2015-11-26,52.06,51.32,53.08,50.70,26176,136000000,-0.99,-1.89,4.55,9.46
2015-11-27,51.17,48.71,51.85,47.52,26239,130690000,-2.61,-5.09,8.44,9.48
2015-11-30,48.68,49.32,49.67,46.00,21894,105810000,0.61,1.25,7.53,7.91
2015-12-01,49.09,49.63,50.00,48.00,23066,113780000,0.31,0.63,4.06,8.33
2015-12-02,49.23,48.76,49.50,46.38,15834,76690000,-0.87,-1.75,6.29,5.72
2015-12-03,48.76,50.57,50.80,48.76,14725,73520000,1.81,3.71,4.18,5.32
2015-12-04,50.65,50.77,51.20,49.80,16721,84380000,0.20,0.40,2.77,6.04
2015-12-07,50.94,50.94,52.00,50.31,21067,107560000,0.17,0.33,3.33,7.61
2015-12-08,50.84,49.79,50.85,49.67,13897,69780000,-1.15,-2.26,2.32,5.02
2015-12-09,49.68,48.14,49.70,48.00,13927,67940000,-1.65,-3.31,3.41,5.03
2015-12-10,48.16,48.05,48.69,47.93,11728,56630000,-0.09,-0.19,1.58,4.24
2015-12-11,48.00,48.17,48.58,47.71,6736,32500000,0.12,0.25,1.81,2.43
2015-12-14,48.15,49.62,49.65,47.90,12195,59370000,1.45,3.01,3.63,4.41
2015-12-15,49.66,50.28,50.80,49.46,10855,54750000,0.66,1.33,2.70,3.92
2015-12-16,50.75,49.70,51.15,49.00,21698,108750000,-0.58,-1.15,4.28,7.84
2015-12-17,49.92,52.27,52.38,49.92,29351,150380000,2.57,5.17,4.95,10.60
2015-12-18,52.03,51.65,52.30,51.04,20350,105070000,-0.62,-1.19,2.41,7.35
2015-12-21,51.50,52.54,53.40,51.45,21737,114320000,0.89,1.72,3.78,7.85
2015-12-22,52.63,52.20,52.80,51.70,15766,82160000,-0.34,-0.65,2.09,5.70
2015-12-23,52.01,52.84,53.84,52.01,31547,167120000,0.64,1.23,3.51,11.40
2015-12-24,52.01,52.69,52.97,51.55,17525,91410000,-0.15,-0.28,2.69,6.33
2015-12-25,52.57,53.06,53.30,52.57,13761,72870000,0.37,0.70,1.39,4.97
2015-12-28,53.09,51.38,53.50,51.22,21609,113530000,-1.68,-3.17,4.30,7.81
2015-12-29,51.10,51.79,51.83,50.92,9156,47110000,0.41,0.80,1.77,3.31
2015-12-30,51.88,53.27,53.40,51.55,14365,75100000,1.48,2.86,3.57,5.19
2015-12-31,53.16,51.30,53.42,51.20,11790,61650000,-1.97,-3.70,4.17,4.26
2016-01-04,51.45,46.17,51.45,46.17,18010,88990000,-5.13,-10.00,10.29,6.51
2016-01-05,45.80,47.52,47.75,43.01,41187,189920000,1.35,2.92,10.27,14.88
2016-01-06,46.99,48.27,48.29,46.30,17339,82020000,0.75,1.58,4.19,6.26
2016-01-07,47.30,43.49,47.31,43.44,3578,16110000,-4.78,-9.90,8.02,1.29
2016-01-08,44.60,44.08,45.00,42.01,31317,137170000,0.59,1.36,6.88,11.31
2016-01-11,42.50,40.04,43.51,39.88,15350,63970000,-4.04,-9.17,8.24,5.55
2016-01-12,40.21,41.20,41.51,39.68,12770,51930000,1.16,2.90,4.57,4.61
2016-01-13,41.49,40.83,41.67,39.70,12057,49200000,-0.37,-0.90,4.78,4.36
2016-01-14,40.00,41.89,42.20,38.00,9067,37060000,1.06,2.60,10.29,3.28
2016-01-15,41.35,40.91,41.98,39.88,9573,39260000,-0.98,-2.34,5.01,3.46
2016-01-18,40.56,41.23,41.64,40.10,9861,40500000,0.32,0.78,3.76,3.56
2016-01-19,41.20,41.98,42.20,40.70,14504,60230000,0.75,1.82,3.64,5.24
2016-01-20,41.80,41.36,42.25,41.00,11742,48940000,-0.62,-1.48,2.98,4.24
2016-01-21,40.89,40.86,41.36,40.01,10205,41480000,-0.50,-1.21,3.26,3.69
2016-01-22,40.60,40.70,40.98,39.50,7563,30570000,-0.16,-0.39,3.62,2.73
2016-01-25,40.81,40.57,40.97,40.28,6835,27820000,-0.13,-0.32,1.70,2.47
2016-01-26,40.25,37.43,40.37,36.57,12669,48450000,-3.14,-7.74,9.37,4.58
2016-01-27,37.40,35.15,37.41,33.69,27093,94700000,-2.28,-6.09,9.94,9.79
2016-01-28,34.53,34.00,34.77,33.58,11726,40090000,-1.15,-3.27,3.39,4.24
2016-01-29,33.60,35.20,35.88,33.46,19854,69170000,1.20,3.53,7.12,7.17
2016-02-01,34.99,36.94,37.00,34.46,34549,122220000,1.74,4.94,7.22,12.48
2016-02-02,36.39,37.01,37.58,36.12,17383,64320000,0.07,0.19,3.95,6.28
2016-02-03,36.30,37.15,37.87,36.20,18233,68090000,0.14,0.38,4.51,6.59
2016-02-04,36.88,37.35,37.48,36.88,20201,75260000,0.20,0.54,1.62,7.30
2016-02-05,37.30,36.32,37.73,36.30,11814,43380000,-1.03,-2.76,3.83,4.27
2016-02-15,35.02,35.95,36.23,34.78,8969,31890000,-0.37,-1.02,3.99,3.24
2016-02-16,36.20,37.30,37.90,36.00,16685,61810000,1.35,3.76,5.29,6.03
2016-02-17,37.49,37.28,37.49,36.60,16256,60230000,-0.02,-0.05,2.39,5.87
2016-02-18,37.48,37.34,37.68,37.13,16208,60600000,0.06,0.16,1.48,5.86
2016-02-19,37.30,37.49,37.50,36.80,12382,46040000,0.15,0.40,1.87,4.47
2016-02-22,37.79,38.67,38.98,37.57,23790,90810000,1.18,3.15,3.76,8.59
2016-02-23,38.39,37.94,38.80,37.46,15602,59320000,-0.73,-1.89,3.47,5.64
2016-02-24,37.59,37.92,38.59,37.15,18865,71480000,-0.02,-0.05,3.80,6.82
2016-02-25,37.94,34.13,37.94,34.13,18128,64700000,-3.79,-9.99,10.05,6.55
2016-02-26,34.44,34.11,34.90,33.68,10214,34940000,-0.02,-0.06,3.57,3.69
2016-02-29,34.22,31.55,34.22,31.02,10650,34240000,-2.56,-7.51,9.38,3.85
2016-03-01,31.88,32.17,32.54,31.22,8718,27750000,0.62,1.97,4.18,3.15
2016-03-02,32.17,33.68,33.72,31.88,10962,36130000,1.51,4.69,5.72,3.96
2016-03-03,33.70,33.40,34.40,33.25,11722,39640000,-0.28,-0.83,3.41,4.24
2016-03-04,33.51,31.80,33.65,31.50,11135,36130000,-1.60,-4.79,6.44,4.02
2016-03-07,32.40,32.88,33.15,32.09,9322,30480000,1.08,3.40,3.33,3.37
2016-03-08,32.89,33.73,33.95,31.61,12745,41970000,0.85,2.59,7.12,4.60
2016-03-09,32.82,32.86,33.58,32.58,7422,24500000,-0.87,-2.58,2.96,2.68
2016-03-10,32.88,32.56,33.20,32.42,6323,20720000,-0.30,-0.91,2.37,2.28
2016-03-11,32.40,32.82,33.49,32.11,6569,21560000,0.26,0.80,4.24,2.37
2016-03-14,33.25,33.84,34.40,33.00,15859,53780000,1.02,3.11,4.27,5.73
2016-03-15,33.64,33.35,34.10,33.15,9222,30990000,-0.49,-1.45,2.81,3.33
2016-03-16,33.51,32.36,33.80,32.31,10903,35770000,-0.99,-2.97,4.47,3.94
2016-03-17,32.35,33.37,33.48,32.35,11892,39340000,1.01,3.12,3.49,4.30
2016-03-18,33.38,34.99,35.18,33.38,20605,71040000,1.62,4.85,5.39,7.44
2016-03-21,35.30,35.41,35.83,34.95,25092,88480000,0.42,1.20,2.52,9.06
2016-03-22,35.00,38.95,38.95,34.69,50861,187390000,3.54,10.00,12.03,18.37
2016-03-23,38.00,38.00,38.69,37.44,36425,138520000,-0.95,-2.44,3.21,13.16
2016-03-24,37.58,37.81,38.97,37.12,48413,184290000,-0.19,-0.50,4.87,17.49
2016-03-25,37.39,36.75,37.69,36.37,22565,83600000,-1.06,-2.80,3.49,8.15
2016-03-28,36.90,37.04,37.68,36.80,18731,69780000,0.29,0.79,2.39,2.57
2016-03-29,37.06,35.86,37.09,35.31,14141,51070000,-1.18,-3.19,4.81,1.94
2016-03-30,36.18,37.16,37.19,36.01,14573,53410000,1.30,3.63,3.29,2.00
2016-03-31,37.26,37.38,38.00,37.22,19877,74720000,0.22,0.59,2.10,2.72
2016-04-01,37.11,38.43,38.46,37.11,23339,88210000,1.05,2.81,3.61,3.20
2016-04-05,38.47,38.92,39.00,37.71,27096,103870000,0.49,1.28,3.36,3.71
2016-04-06,38.61,38.64,38.85,37.91,20809,80010000,-0.28,-0.72,2.42,2.85
2016-04-07,38.66,37.45,38.98,37.40,18493,70370000,-1.19,-3.08,4.09,2.54
2016-04-08,37.30,39.35,39.72,37.08,34070,131130000,1.90,5.07,7.05,4.67
2016-04-11,39.41,40.36,41.50,39.06,39280,157600000,1.01,2.57,6.20,5.38
2016-04-12,40.12,39.62,40.85,39.01,21522,85600000,-0.74,-1.83,4.56,2.95
2016-04-13,39.80,40.46,40.90,39.51,35481,143140000,0.84,2.12,3.51,4.86
2016-04-14,40.67,39.87,40.67,39.60,29965,119800000,-0.59,-1.46,2.64,4.11
2016-04-15,39.05,38.71,39.39,38.42,34423,133470000,-1.16,-2.91,2.43,4.72
2016-04-18,38.60,38.71,39.07,38.57,20882,80980000,0.00,0.00,1.29,2.86
2016-04-19,38.83,38.77,39.15,38.44,14901,57640000,0.06,0.16,1.83,2.04
2016-04-20,38.98,36.16,38.98,35.51,27760,102770000,-2.61,-6.73,8.95,3.81
2016-04-21,36.09,35.62,36.19,35.60,14291,51350000,-0.54,-1.49,1.63,1.96
2016-04-22,35.41,36.20,36.27,35.21,12269,43920000,0.58,1.63,2.98,1.68
2016-04-25,36.00,36.10,36.38,35.50,13344,48010000,-0.10,-0.28,2.43,1.83
2016-04-26,36.11,36.62,36.65,35.70,12903,46720000,0.52,1.44,2.63,1.77
2016-04-27,36.64,37.15,37.27,36.51,13590,50250000,0.53,1.45,2.08,1.86
2016-04-28,37.03,37.62,37.78,36.05,17158,63600000,0.47,1.27,4.66,2.35
2016-04-29,37.25,37.78,38.28,37.25,15644,59310000,0.16,0.43,2.74,2.14
2016-05-03,37.52,38.47,38.50,37.35,17521,66570000,0.69,1.83,3.04,2.40
2016-05-04,38.41,38.29,38.56,38.16,13992,53690000,-0.18,-0.47,1.04,1.92
2016-05-05,38.28,37.89,38.28,37.55,12025,45590000,-0.40,-1.04,1.91,1.65
2016-05-06,37.92,36.52,38.15,36.30,13528,50440000,-1.37,-3.62,4.88,1.85
2016-05-09,36.52,34.46,36.52,34.34,12020,42340000,-2.06,-5.64,5.97,1.65
2016-05-10,34.47,34.80,35.00,34.47,6963,24180000,0.34,0.99,1.54,0.95
2016-05-11,34.88,34.69,35.14,34.21,9026,31450000,-0.11,-0.32,2.67,1.24
2016-05-12,34.31,34.61,34.75,33.92,6627,22800000,-0.08,-0.23,2.39,0.91
2016-05-13,34.57,34.56,35.00,34.40,7276,25230000,-0.05,-0.14,1.73,1.00
2016-05-16,34.56,35.14,35.30,34.19,6819,23770000,0.58,1.68,3.21,0.93
2016-05-17,35.15,34.93,35.21,34.76,6461,22600000,-0.21,-0.60,1.28,0.89
2016-05-18,34.72,33.36,34.93,33.20,9100,30850000,-1.57,-4.49,4.95,1.25
2016-05-19,33.39,33.51,33.98,33.36,7343,24750000,0.15,0.45,1.86,1.01
2016-05-20,33.20,33.89,33.92,33.05,7473,25040000,0.38,1.13,2.60,1.02
2016-05-23,33.99,34.50,34.59,33.81,9265,31740000,0.61,1.80,2.30,1.27
2016-05-24,34.30,33.97,34.43,33.70,5900,20110000,-0.53,-1.54,2.12,0.81
2016-05-25,34.35,34.06,34.53,33.91,5782,19780000,0.09,0.26,1.83,0.79
2016-05-26,34.00,34.06,34.16,33.25,9763,32930000,0.00,0.00,2.67,1.34
2016-05-27,34.07,34.49,34.84,34.02,12347,42580000,0.43,1.26,2.41,1.69
2016-05-30,34.30,34.24,34.59,33.60,6720,22970000,-0.25,-0.72,2.87,0.92
2016-05-31,34.00,35.74,35.79,34.00,17258,60660000,1.50,4.38,5.23,2.37
2016-06-01,35.75,35.70,36.30,35.50,19220,68720000,-0.04,-0.11,2.24,2.63
2016-06-02,35.51,36.03,36.15,35.49,15537,55760000,0.33,0.92,1.85,2.13
2016-06-03,36.20,36.80,37.06,35.93,20359,74410000,0.77,2.14,3.14,2.79
2016-06-06,36.61,37.03,37.80,36.61,18364,68360000,0.23,0.63,3.23,2.52
2016-06-07,37.04,37.45,37.51,36.48,16947,62740000,0.42,1.13,2.78,2.32
2016-06-08,37.18,37.49,37.55,36.65,15210,56440000,0.04,0.11,2.40,2.09
2016-06-13,36.70,35.08,37.35,34.91,16082,58510000,-2.41,-6.43,6.51,2.20
2016-06-14,34.95,34.87,35.47,34.51,11642,40790000,-0.21,-0.60,2.74,1.60
2016-06-15,34.61,36.26,36.33,34.60,15033,53840000,1.39,3.99,4.96,2.06
2016-06-16,36.20,36.36,36.48,35.90,11596,42010000,0.10,0.28,1.60,1.59
2016-06-17,36.29,37.08,37.34,36.28,15777,58450000,0.72,1.98,2.92,2.16
2016-06-20,37.15,37.65,37.82,36.52,17617,65770000,0.57,1.54,3.51,2.42
2016-06-21,37.84,36.80,37.89,36.60,16580,61960000,-0.85,-2.26,3.43,2.27
2016-06-22,36.57,38.87,39.10,36.57,34921,133850000,2.07,5.63,6.88,4.79
2016-06-23,38.55,39.24,39.60,38.31,27049,105270000,0.37,0.95,3.32,3.71
2016-06-24,38.78,38.70,39.20,37.38,18357,70700000,-0.54,-1.38,4.64,2.52
2016-06-27,40.71,41.75,42.56,40.07,39384,162070000,3.05,7.88,6.43,5.40
2016-06-28,45.00,44.81,45.78,44.20,67003,301420000,3.19,7.66,3.80,9.19
2016-06-29,44.30,47.45,48.58,44.05,59168,274300000,2.64,5.89,10.11,8.11
2016-06-30,47.20,47.40,47.87,46.03,42057,197760000,-0.05,-0.11,3.88,5.77
2016-07-01,47.81,47.05,49.80,46.70,40119,192630000,-0.35,-0.74,6.54,5.50
2016-07-04,46.55,48.09,48.16,46.00,28335,133740000,1.04,2.21,4.59,3.88
2016-07-05,48.00,47.30,48.25,47.11,29548,140550000,-0.79,-1.64,2.37,4.05
2016-07-06,47.20,46.88,47.98,46.30,20724,97410000,-0.42,-0.89,3.55,2.84
2016-07-07,47.15,48.96,49.60,47.00,38787,187730000,2.08,4.44,5.55,5.32
2016-07-08,48.69,46.26,49.20,45.70,45117,210990000,-2.70,-5.51,7.15,6.19
2016-07-11,46.04,43.29,46.57,43.05,49558,220650000,-2.97,-6.42,7.61,6.79
2016-07-12,41.28,41.86,41.95,40.52,64199,265020000,-1.43,-3.30,3.30,8.80
2016-07-13,41.75,41.67,42.18,41.16,31209,129980000,-0.19,-0.45,2.44,4.28
2016-07-14,41.50,41.65,42.15,41.36,21080,87950000,-0.02,-0.05,1.90,2.89
2016-07-15,41.51,41.39,41.96,41.37,19609,81550000,-0.26,-0.62,1.42,2.69
2016-07-18,41.38,41.50,41.60,40.51,21284,87440000,0.11,0.27,2.63,2.92
2016-07-19,41.55,41.33,41.55,40.90,13007,53550000,-0.17,-0.41,1.57,1.78
2016-07-20,41.37,41.72,42.00,41.21,25041,104570000,0.39,0.94,1.91,3.43
2016-07-21,41.72,41.37,41.87,41.01,16607,68880000,-0.35,-0.84,2.06,2.28
2016-07-22,41.37,40.72,41.50,40.56,15493,63690000,-0.65,-1.57,2.27,2.12
2016-07-25,40.51,40.67,40.94,40.45,10635,43250000,-0.05,-0.12,1.20,1.46
2016-07-26,40.60,41.39,41.46,40.60,12926,53270000,0.72,1.77,2.11,1.77
2016-07-27,41.47,39.33,41.47,39.10,20845,83710000,-2.06,-4.98,5.73,2.86
2016-07-28,39.30,39.84,40.10,38.92,13752,54510000,0.51,1.30,3.00,1.89
2016-07-29,40.05,39.24,40.05,39.00,11218,44140000,-0.60,-1.51,2.64,1.54
2016-08-01,39.00,38.43,39.27,38.09,9920,38120000,-0.81,-2.06,3.01,1.36
2016-08-02,38.50,38.87,39.10,38.43,8055,31240000,0.44,1.14,1.74,1.10
2016-08-03,38.96,38.82,39.19,38.56,9525,37030000,-0.05,-0.13,1.62,1.31
2016-08-04,38.88,39.19,39.28,38.65,10117,39540000,0.37,0.95,1.62,1.39
2016-08-05,39.19,39.22,39.40,39.05,7699,30190000,0.03,0.08,0.89,1.06
2016-08-08,39.23,40.04,40.06,38.93,10506,41710000,0.82,2.09,2.88,1.44
2016-08-09,39.88,40.17,40.28,39.71,8614,34440000,0.13,0.32,1.42,1.18
2016-08-10,40.19,40.85,41.30,40.19,19829,81240000,0.68,1.69,2.76,2.72
2016-08-11,40.57,39.92,40.77,39.81,10771,43470000,-0.93,-2.28,2.35,1.48
2016-08-12,39.90,40.24,40.32,39.71,7572,30350000,0.32,0.80,1.53,1.04
2016-08-15,40.28,41.00,41.12,40.28,16038,65490000,0.76,1.89,2.09,2.20
2016-08-16,41.14,41.72,42.20,41.10,23675,98890000,0.72,1.76,2.68,3.25
2016-08-17,41.85,41.59,41.96,41.30,12733,52970000,-0.13,-0.31,1.58,1.75
2016-08-18,41.61,41.20,41.75,41.10,9696,40110000,-0.39,-0.94,1.56,1.33
2016-08-19,41.20,41.59,41.70,40.96,10908,45050000,0.39,0.95,1.80,1.50
2016-08-22,41.58,40.65,41.61,40.62,12284,50550000,-0.94,-2.26,2.38,1.68
2016-08-23,40.77,41.25,41.27,40.66,8807,36170000,0.60,1.48,1.50,1.21
2016-08-24,41.34,41.37,41.60,40.92,7037,29120000,0.12,0.29,1.65,0.96
2016-08-25,41.36,41.12,41.36,40.67,7203,29530000,-0.25,-0.60,1.67,0.99
2016-08-26,41.21,41.39,41.73,41.07,8685,35970000,0.27,0.66,1.61,1.19
2016-08-29,41.39,41.60,41.61,41.18,7829,32460000,0.21,0.51,1.04,1.07
2016-08-30,41.63,42.98,44.30,41.63,33110,142080000,1.38,3.32,6.42,4.54
2016-08-31,42.89,43.20,43.35,42.43,19587,84040000,0.22,0.51,2.14,2.69
2016-09-01,43.20,42.42,43.35,42.40,15934,68050000,-0.78,-1.81,2.20,2.18
2016-09-02,42.50,41.88,42.78,41.76,11232,47290000,-0.54,-1.27,2.40,1.54
2016-09-05,42.25,42.48,42.50,41.92,9387,39680000,0.60,1.43,1.38,1.29
2016-09-06,42.48,42.77,42.82,41.88,11358,48070000,0.29,0.68,2.21,1.56
2016-09-07,42.85,42.85,43.48,42.56,12790,55020000,0.08,0.19,2.15,1.75
2016-09-08,42.85,43.04,43.10,42.68,7870,33750000,0.19,0.44,0.98,1.08
2016-09-09,43.04,43.76,43.98,42.82,21467,93450000,0.72,1.67,2.70,2.94
2016-09-12,42.90,42.19,43.69,42.10,21353,91750000,-1.57,-3.59,3.63,2.93
2016-09-13,42.50,42.39,42.77,42.02,10735,45450000,0.20,0.47,1.78,1.47
2016-09-14,42.10,41.15,42.36,40.68,15485,64280000,-1.24,-2.93,3.96,2.12
2016-09-19,41.03,41.67,41.74,41.03,7702,31820000,0.52,1.26,1.73,1.06
2016-09-20,41.70,41.40,41.72,41.23,7083,29330000,-0.27,-0.65,1.18,0.97
2016-09-21,41.30,41.61,42.09,41.30,9190,38430000,0.21,0.51,1.91,1.26
2016-09-22,42.00,41.95,42.19,41.80,10097,42370000,0.34,0.82,0.94,1.38
2016-09-23,42.09,42.40,42.88,41.97,12719,53980000,0.45,1.07,2.17,1.74
2016-09-26,42.24,40.74,42.88,40.71,15980,66740000,-1.66,-3.92,5.12,2.19
2016-09-27,40.50,40.72,40.78,40.28,8315,33700000,-0.02,-0.05,1.23,1.14
2016-09-28,40.90,40.56,40.90,40.15,8412,34050000,-0.16,-0.39,1.84,1.15
2016-09-29,40.59,40.45,40.72,40.00,6344,25720000,-0.11,-0.27,1.78,0.87
2016-09-30,40.48,40.67,40.75,40.45,5040,20480000,0.22,0.54,0.74,0.69
2016-10-10,40.78,41.45,41.49,40.63,9319,38330000,0.78,1.92,2.11,1.28
2016-10-11,41.42,41.27,41.64,41.11,9307,38380000,-0.18,-0.43,1.28,1.28
2016-10-12,41.19,41.32,41.64,41.09,9488,39250000,0.05,0.12,1.33,1.30
2016-10-13,41.55,41.38,41.58,41.19,7336,30370000,0.06,0.15,0.94,1.01
2016-10-14,41.25,41.23,41.37,41.03,6952,28610000,-0.15,-0.36,0.82,0.95
2016-10-17,41.26,40.71,41.29,40.71,14385,58890000,-0.52,-1.26,1.41,1.97
2016-10-18,40.70,41.29,41.30,40.53,8587,35180000,0.58,1.42,1.89,1.18
2016-10-19,41.33,41.45,41.65,41.18,11262,46680000,0.16,0.39,1.14,1.54
2016-10-20,41.42,41.67,41.80,41.40,8835,36760000,0.22,0.53,0.97,1.21
2016-10-21,41.55,41.51,41.70,41.15,8042,33270000,-0.16,-0.38,1.32,1.10
2016-10-24,41.59,41.79,41.86,41.35,8344,34820000,0.28,0.67,1.23,1.14
2016-10-25,41.91,42.33,42.45,41.68,9550,40150000,0.54,1.29,1.84,1.31
2016-10-26,43.30,41.87,43.30,41.71,10546,44570000,-0.46,-1.09,3.76,1.45
2016-10-27,41.91,41.76,42.27,41.55,8515,35720000,-0.11,-0.26,1.72,1.17
2016-10-28,41.70,41.49,42.04,41.35,7711,32120000,-0.27,-0.65,1.65,1.06
2016-10-31,41.40,42.42,42.45,41.18,14695,61740000,0.93,2.24,3.06,2.01
2016-11-01,42.39,43.07,43.65,42.31,26241,113110000,0.65,1.53,3.16,3.60
2016-11-02,43.07,42.93,43.57,42.65,15021,64760000,-0.14,-0.33,2.14,2.06
2016-11-03,42.82,43.17,43.78,42.68,14124,61150000,0.24,0.56,2.56,1.94
2016-11-04,43.38,43.88,44.00,43.06,15808,69000000,0.71,1.64,2.18,2.17
2016-11-07,43.80,42.89,44.21,42.65,16957,73380000,-0.99,-2.26,3.56,2.32
2016-11-08,42.98,43.05,43.30,42.82,9807,42260000,0.16,0.37,1.12,1.34
2016-11-09,42.91,42.52,43.27,41.81,13015,55430000,-0.53,-1.23,3.39,1.78
2016-11-10,42.81,43.69,43.90,42.81,16321,70790000,1.17,2.75,2.56,2.24
2016-11-11,43.50,43.78,43.83,43.36,11675,50850000,0.09,0.21,1.08,1.60
2016-11-14,43.70,43.70,44.20,43.31,13426,58840000,-0.08,-0.18,2.03,1.84
2016-11-15,43.65,44.16,44.18,43.60,12166,53410000,0.46,1.05,1.33,1.67
2016-11-16,44.10,43.73,44.37,43.70,10226,45070000,-0.43,-0.97,1.52,1.40
2016-11-17,43.50,43.14,43.80,43.00,10361,44820000,-0.59,-1.35,1.83,1.42
2016-11-18,43.38,44.54,45.00,43.27,23604,104850000,1.40,3.25,4.01,3.24
2016-11-21,44.68,45.73,45.87,44.44,27704,125400000,1.19,2.67,3.21,3.80
2016-11-22,45.90,45.46,45.90,45.15,20610,93670000,-0.27,-0.59,1.64,2.83
2016-11-23,45.41,45.16,45.45,44.72,14910,67250000,-0.30,-0.66,1.61,2.04
2016-11-24,45.19,44.52,45.40,44.34,14780,66300000,-0.64,-1.42,2.35,2.03
2016-11-25,44.50,44.04,44.54,42.60,14025,61200000,-0.48,-1.08,4.36,1.92
2016-11-28,44.04,43.41,44.18,43.34,12276,53470000,-0.63,-1.43,1.91,1.68
2016-11-29,43.30,42.95,43.84,42.84,10384,45110000,-0.46,-1.06,2.30,1.42
2016-11-30,42.96,43.14,43.35,42.87,8103,34900000,0.19,0.44,1.12,1.11
2016-12-01,43.17,43.13,43.49,42.92,7835,33820000,-0.01,-0.02,1.32,1.07
2016-12-02,43.01,41.58,43.28,41.50,14163,59770000,-1.55,-3.59,4.13,1.94
2016-12-05,40.80,41.50,41.78,40.80,6183,25620000,-0.08,-0.19,2.36,0.85
2016-12-06,41.50,41.59,41.81,41.50,4555,18980000,0.09,0.22,0.75,0.62
2016-12-07,41.49,42.32,42.46,41.49,7300,30710000,0.73,1.76,2.33,1.00
2016-12-08,42.46,42.05,42.46,41.91,7425,31370000,-0.27,-0.64,1.30,1.02
2016-12-09,42.03,41.58,42.21,41.51,7214,30170000,-0.47,-1.12,1.66,0.99
2016-12-12,41.40,39.36,41.78,39.10,10667,42860000,-2.22,-5.34,6.45,1.46
2016-12-13,39.27,39.42,39.66,39.11,6543,25760000,0.06,0.15,1.40,0.90
2016-12-14,39.48,39.25,39.50,38.71,8418,32980000,-0.17,-0.43,2.00,1.15
2016-12-15,39.23,39.58,40.05,39.00,5060,20070000,0.33,0.84,2.68,0.69
2016-12-16,39.80,39.97,40.15,39.59,3616,14430000,0.39,0.99,1.41,0.50
2016-12-19,39.88,39.68,40.14,39.60,3926,15610000,-0.29,-0.73,1.35,0.54
2016-12-20,39.87,40.07,40.10,39.65,5292,21140000,0.39,0.98,1.13,0.73
2016-12-21,40.07,40.22,40.37,40.07,3841,15460000,0.15,0.37,0.75,0.53
2016-12-22,40.25,40.16,40.32,39.90,3508,14050000,-0.06,-0.15,1.04,0.48
2016-12-23,39.99,39.78,40.21,39.44,3374,13410000,-0.38,-0.95,1.92,0.46
2016-12-26,39.26,39.76,39.85,38.94,4305,16960000,-0.02,-0.05,2.29,0.59
2016-12-27,39.99,40.20,40.47,39.85,5621,22550000,0.44,1.11,1.56,0.77
2016-12-28,40.25,39.85,40.25,39.76,3856,15440000,-0.35,-0.87,1.22,0.53
2016-12-29,39.82,39.62,40.03,39.49,5368,21320000,-0.23,-0.58,1.36,0.74
2016-12-30,39.68,39.59,39.80,39.34,4287,16960000,-0.03,-0.08,1.16,0.59
2017-01-03,39.60,40.83,41.28,39.58,13915,56600000,1.24,3.13,4.29,1.91
2017-01-04,40.79,40.82,40.89,40.02,9020,36570000,-0.01,-0.02,2.13,1.24
2017-01-05,40.80,40.92,41.07,40.68,5774,23620000,0.10,0.25,0.96,0.79
2017-01-06,40.92,40.41,40.92,40.20,4046,16360000,-0.51,-1.25,1.76,0.55
2017-01-09,40.41,39.99,40.41,39.60,10879,43310000,-0.42,-1.04,2.00,1.49
2017-01-10,39.80,39.75,40.07,39.73,6495,25910000,-0.24,-0.60,0.85,0.89
2017-01-11,39.63,39.37,39.94,39.20,4927,19490000,-0.38,-0.96,1.86,0.68
2017-01-12,39.48,38.55,39.64,38.45,6780,26400000,-0.82,-2.08,3.02,0.93
2017-01-13,38.63,37.61,38.68,37.38,8590,32860000,-0.94,-2.44,3.37,1.18
2017-01-16,37.44,35.54,37.96,34.81,10001,36400000,-2.07,-5.50,8.38,1.37
2017-01-17,35.53,35.95,35.96,34.91,13580,48160000,0.41,1.15,2.95,1.86
2017-01-18,35.81,35.29,35.88,35.17,6132,21790000,-0.66,-1.84,1.98,0.84
2017-01-19,35.16,35.25,35.76,34.61,7208,25360000,-0.04,-0.11,3.26,0.99
2017-01-20,35.29,36.17,36.48,35.07,8440,30300000,0.92,2.61,4.00,1.16
2017-01-23,36.13,36.45,36.93,36.11,7368,26840000,0.28,0.77,2.27,1.01
2017-01-24,36.35,36.20,36.66,35.71,5562,20170000,-0.25,-0.69,2.61,0.76
2017-01-25,36.19,36.68,36.78,36.01,4091,14950000,0.48,1.33,2.13,0.56
2017-01-26,36.60,36.96,37.16,36.60,3314,12220000,0.28,0.76,1.53,0.45
2017-02-03,37.19,36.92,37.28,36.73,3379,12480000,-0.04,-0.11,1.49,0.46
2017-02-06,37.05,37.27,37.38,36.89,5130,19050000,0.35,0.95,1.33,0.70
2017-02-07,37.27,37.00,37.45,36.71,4890,18104900,-0.27,-0.72,1.986,0.67
2017-02-08,37.08,37.45,37.69,36.71,3947,14657000,0.45,1.22,2.649,0.54
2017-02-09,37.46,37.60,37.70,37.28,5014,18818800,0.15,0.40,1.121,0.69
2017-02-10,37.60,37.58,37.90,37.41,5176,19502400,-0.02,-0.05,1.303,0.71
2017-02-13,37.18,37.80,38.00,37.18,5930,22345100,0.22,0.59,2.182,0.81
2017-02-14,37.89,38.91,39.24,37.57,9499,36225800,1.11,2.94,4.418,1.30
2017-02-15,38.70,39.14,39.19,38.70,15627,60976200,0.23,0.59,1.259,2.14
2017-02-16,39.00,38.79,39.08,38.62,6706,26021400,-0.35,-0.89,1.175,0.92
2017-02-17,38.63,38.51,39.05,38.20,7648,29461800,-0.28,-0.72,2.191,1.05
2017-02-20,38.52,38.60,38.69,38.08,6277,24025900,0.09,0.23,1.584,0.86
2017-02-21,38.31,38.59,38.65,38.31,7720,29731200,-0.01,-0.03,0.88,1.06
2017-02-22,38.51,38.60,38.78,38.50,6260,24158500,0.01,0.03,0.73,0.86
2017-02-23,38.60,38.60,38.65,38.38,5183,19960600,0.00,0.00,0.70,0.71
2017-02-24,38.60,38.71,38.78,38.52,4468,17270700,0.11,0.28,0.67,0.61
2017-02-27,38.71,38.38,38.84,38.20,6553,25240700,-0.33,-0.85,1.65,0.90
2017-02-28,38.44,38.42,38.50,38.27,3774,14495600,0.04,0.10,0.60,0.52
2017-03-01,38.42,38.52,38.72,38.31,5482,21117300,0.10,0.26,1.07,0.75
2017-03-02,38.66,38.57,38.66,38.25,6234,23951200,0.05,0.13,1.06,0.85
2017-03-03,38.50,38.76,38.78,38.46,7546,29167900,0.19,0.49,0.83,1.03
2017-03-06,38.70,38.93,39.20,38.59,6184,24074100,0.17,0.44,1.57,0.85
2017-03-07,38.93,39.06,39.15,38.80,5715,22250700,0.13,0.33,0.90,0.78
2017-03-08,39.06,38.85,39.13,38.62,5640,21928600,-0.21,-0.54,1.31,0.77
2017-03-09,38.70,38.13,38.79,38.00,6366,24360200,-0.72,-1.85,2.03,0.87
2017-03-10,38.14,38.19,38.30,37.90,4780,18242800,0.06,0.16,1.05,0.66
2017-03-13,38.05,38.42,38.48,38.03,5134,19678200,0.23,0.60,1.18,0.70
2017-03-14,38.44,39.24,39.36,38.30,11989,46445500,0.82,2.13,2.76,1.64
2017-03-15,39.24,40.06,40.31,38.81,36650,145617000,0.82,2.09,3.82,5.02
2017-03-16,39.75,39.67,40.25,39.33,39708,157741392,-0.39,-0.97,2.30,5.44
2017-03-17,39.45,38.81,39.63,38.78,17446,68467517,-0.86,-2.17,2.14,2.39
2017-03-20,38.80,39.21,39.26,38.62,8233,32065636,0.40,1.03,1.65,1.13
2017-03-21,39.19,39.25,39.38,39.11,7454,29255806,0.04,0.10,0.69,1.02
2017-03-22,39.00,39.10,39.30,38.89,10303,40291339,-0.15,-0.38,1.04,1.41
2017-03-23,39.10,39.10,39.60,38.82,10742,42112602,0.00,0.00,1.99,1.47
2017-03-24,39.10,39.02,39.18,38.71,8096,31554463,-0.08,-0.20,1.20,1.11
2017-03-27,38.97,39.30,39.44,38.96,9542,37465499,0.28,0.72,1.23,1.31
2017-03-28,39.27,38.92,39.27,38.80,6167,24030329,-0.38,-0.97,1.20,0.85
2017-03-29,38.90,37.93,38.92,37.90,10892,41795439,-0.99,-2.54,2.62,1.49
2017-03-30,37.88,36.59,38.44,36.43,10978,40613520,-1.34,-3.53,5.30,1.50
2017-03-31,36.79,36.68,37.20,36.45,7043,25839065,0.09,0.25,2.05,0.97
2017-04-05,36.85,37.22,37.69,36.68,7203,26668833,0.54,1.47,2.75,0.99
2017-04-06,37.02,37.83,37.87,37.02,7925,29752962,0.61,1.64,2.28,1.09
2017-04-07,37.78,37.74,37.92,37.64,5130,19388791,-0.09,-0.24,0.74,0.70
2017-04-10,37.76,36.92,37.76,36.80,6399,23836724,-0.82,-2.17,2.54,0.88
2017-04-11,36.83,37.00,37.16,36.48,6012,22134087,0.08,0.22,1.84,0.82
2017-04-12,37.00,38.10,38.88,36.70,14757,56137372,1.10,2.97,5.89,2.02
2017-04-13,37.50,37.63,37.95,37.39,7973,29982091,-0.47,-1.23,1.47,1.09
2017-04-14,37.53,37.12,37.55,36.89,6252,23180016,-0.51,-1.36,1.75,0.86
2017-04-17,37.00,36.04,37.00,35.74,8487,30765553,-1.08,-2.91,3.39,1.16
2017-04-18,36.01,35.72,36.32,35.60,5668,20422886,-0.32,-0.89,2.00,0.78
2017-04-19,35.66,35.86,35.89,35.38,5679,20227202,0.14,0.39,1.43,0.78
2017-04-20,35.86,36.01,36.14,35.56,5349,19199866,0.15,0.42,1.62,0.73
2017-04-21,36.10,36.05,36.52,35.98,3856,13973944,0.04,0.11,1.50,0.53
2017-04-24,36.05,35.57,36.05,35.03,6050,21505654,-0.48,-1.33,2.83,0.83
2017-04-25,35.50,35.75,36.00,35.50,2792,9990506,0.18,0.51,1.41,0.38
2017-04-26,35.83,36.33,36.52,35.76,5716,20684796,0.58,1.62,2.13,0.78
2017-04-27,36.21,37.37,37.40,35.58,11752,43190521,1.04,2.86,5.01,1.61
2017-04-28,37.18,37.37,37.85,37.02,11630,43696259,0.00,0.00,2.22,1.59
2017-05-02,37.30,37.37,37.56,36.90,5174,19279898,0.00,0.00,1.77,0.71
2017-05-03,38.62,37.33,38.62,37.00,9707,36534452,-0.04,-0.11,4.34,1.33
2017-05-04,37.35,37.56,37.81,37.10,6048,22739722,0.23,0.62,1.90,0.83
2017-05-05,37.54,37.38,37.59,37.10,4595,17156034,-0.18,-0.48,1.30,0.63
2017-05-08,37.09,37.30,37.38,37.08,3821,14225179,-0.08,-0.21,0.80,0.52
2017-05-09,37.01,37.19,37.30,36.98,3247,12050266,-0.11,-0.29,0.86,0.45
2017-05-10,37.19,36.64,37.37,35.99,7283,26857376,-0.55,-1.48,3.71,1.00
2017-05-11,36.13,36.76,37.15,35.30,6885,24806307,0.12,0.33,5.05,0.94
2017-05-12,36.68,37.23,37.71,36.36,9627,35717352,0.47,1.28,3.67,1.32
2017-05-15,37.23,37.23,37.50,37.04,2771,10306343,0.00,0.00,1.24,0.38
2017-05-16,37.15,37.68,37.70,36.73,6846,25504370,0.45,1.21,2.61,0.94
2017-05-17,37.38,37.62,37.87,37.36,7303,27421184,-0.06,-0.16,1.35,1.00
2017-05-18,37.49,37.15,37.90,37.14,16963,63754626,-0.47,-1.25,2.02,2.33
2017-05-19,37.16,37.65,37.68,36.42,9226,34134550,0.50,1.35,3.39,1.26
2017-05-22,37.48,38.43,39.15,37.09,23895,91567688,0.78,2.07,5.47,3.28
2017-05-23,38.07,38.13,38.74,37.83,15197,58305355,-0.30,-0.78,2.37,2.08
2017-05-24,37.92,36.14,38.24,35.35,11271,41293561,-1.99,-5.22,7.58,1.54
2017-05-25,36.00,36.14,36.45,35.53,6718,24131791,0.00,0.00,2.55,0.92
2017-05-26,36.13,36.33,36.60,35.80,5057,18357462,0.19,0.53,2.21,0.69
2017-05-31,36.60,36.35,37.06,36.18,4748,17372630,0.02,0.06,2.42,0.65
2017-06-01,36.38,35.21,36.56,35.20,5902,21061817,-1.14,-3.14,3.74,0.81
2017-06-02,35.04,36.38,36.56,34.91,7197,25609088,1.17,3.32,4.69,0.99
2017-06-05,36.32,36.47,36.70,35.82,10178,36909372,0.09,0.25,2.42,1.40
2017-06-06,36.68,36.10,36.68,36.03,3834,13891950,-0.37,-1.01,1.78,0.53
2017-06-07,36.10,36.70,36.79,36.08,7678,28022755,0.60,1.66,1.97,1.05
2017-06-08,36.59,36.58,36.78,36.50,3736,13683476,-0.12,-0.33,0.76,0.51
2017-06-09,36.58,36.40,36.70,36.16,4112,14949625,-0.18,-0.49,1.48,0.56
2017-06-12,36.18,35.88,36.49,35.83,3219,11631007,-0.52,-1.43,1.81,0.44
2017-06-13,35.86,36.23,36.35,35.81,4571,16514078,0.35,0.98,1.51,0.63
2017-06-14,36.24,36.77,37.00,36.15,7954,29038646,0.54,1.49,2.35,1.09
2017-06-15,36.57,38.61,38.80,36.47,35084,132370771,1.84,5.00,6.34,4.81
