日期,开盘,收盘,最高,最低,交易量(手),交易金额(元),涨跌额,涨跌幅(%),振幅(%),换手率(%)
2015-03-25,42.57,42.57,42.57,42.57,207,880000,13.01,44.01,0.00,0.13
2015-03-26,46.83,46.83,46.83,46.83,75,350000,4.26,10.01,0.00,0.05
2015-03-27,51.51,51.51,51.51,51.51,221,1140000,4.68,9.99,0.00,0.14
2015-03-30,56.66,56.66,56.66,56.66,352,1990000,5.15,10.00,0.00,0.22
2015-03-31,62.33,60.53,62.33,58.95,73859,446640000,3.87,6.83,5.97,45.45
2015-04-01,59.90,60.57,61.50,59.11,40327,242550000,0.04,0.07,3.95,24.82
2015-04-02,60.70,64.57,66.00,60.46,44049,277880000,4.00,6.60,9.15,27.11
2015-04-03,63.04,67.95,69.99,62.35,34709,227710000,3.38,5.23,11.83,21.36
2015-04-07,67.72,69.54,71.17,67.00,28508,199040000,1.59,2.34,6.14,17.54
2015-04-08,69.21,67.38,71.00,65.85,31050,209780000,-2.16,-3.11,7.41,19.11
2015-04-09,67.20,69.29,69.98,64.03,29989,201570000,1.91,2.83,8.83,18.46
2015-04-10,68.45,69.25,69.99,67.80,18264,126590000,-0.04,-0.06,3.16,11.24
2015-04-13,69.10,70.39,71.59,68.68,22612,159510000,1.14,1.65,4.20,13.92
2015-04-14,69.68,68.75,70.41,68.10,21595,149410000,-1.64,-2.33,3.28,13.29
2015-04-15,68.08,65.00,68.47,64.99,17397,115310000,-3.75,-5.45,5.06,10.71
2015-04-16,64.80,66.63,67.23,64.08,12825,84730000,1.63,2.51,4.85,7.89
2015-04-17,66.99,66.13,67.98,66.01,14923,99650000,-0.50,-0.75,2.96,9.18
2015-04-20,65.85,65.52,67.58,65.30,13278,88270000,-0.61,-0.92,3.45,8.17
2015-04-21,65.50,67.45,67.50,65.50,12304,82250000,1.93,2.95,3.05,7.57
2015-04-22,67.45,68.13,68.69,67.45,15987,108970000,0.68,1.01,1.84,9.84
2015-04-23,68.50,67.85,68.58,66.90,15760,106650000,-0.28,-0.41,2.47,9.70
2015-04-24,66.93,69.03,69.97,66.50,19806,136240000,1.18,1.74,5.11,12.19
2015-04-27,69.02,75.93,75.93,69.02,42086,310190000,6.90,10.00,10.01,25.90
2015-04-28,75.73,75.96,80.36,74.00,37205,285870000,0.03,0.04,8.38,22.90
2015-04-29,75.00,78.17,78.22,74.05,24865,188690000,2.21,2.91,5.49,15.30
2015-04-30,79.12,78.98,83.98,78.00,27951,227990000,0.81,1.04,7.65,17.20
2015-05-04,78.40,77.55,80.35,77.00,14749,115000000,-1.43,-1.81,4.24,9.08
2015-05-05,77.55,75.03,78.00,74.16,17028,128800000,-2.52,-3.25,4.95,10.48
2015-05-06,74.97,73.30,76.95,72.20,13001,97730000,-1.73,-2.31,6.33,8.00
2015-05-07,72.30,71.82,73.72,71.50,9421,67890000,-1.48,-2.02,3.03,5.80
2015-05-08,73.40,76.04,76.18,72.85,14067,104540000,4.22,5.88,4.64,8.66
2015-05-11,77.93,83.64,83.64,77.00,20399,166530000,7.60,9.99,8.73,12.55
2015-05-12,86.00,89.97,91.79,84.00,32485,285700000,6.33,7.57,9.31,19.99
2015-05-13,87.60,93.37,98.01,86.18,22318,203660000,3.40,3.78,13.15,13.73
2015-05-14,92.50,94.15,95.70,91.52,13699,127850000,0.78,0.84,4.48,8.43
2015-05-15,93.03,103.57,103.57,92.00,28608,286090000,9.42,10.01,12.29,17.60
2015-05-18,105.00,108.72,112.88,103.00,24500,264960000,5.15,4.97,9.54,15.08
2015-05-19,106.00,103.49,110.91,101.45,22068,229980000,-5.23,-4.81,8.70,13.58
2015-05-20,101.50,108.95,113.77,99.01,21799,231880000,5.46,5.28,14.26,13.42
2015-05-21,105.13,109.56,115.98,105.13,17630,194940000,0.61,0.56,9.96,10.85
2015-05-22,110.50,108.32,114.30,106.00,21368,233430000,-1.24,-1.13,7.58,13.15
2015-05-25,106.35,116.13,117.50,103.51,23184,257560000,7.81,7.21,12.92,14.27
2015-05-26,113.88,121.95,123.50,113.38,16035,193070000,5.82,5.01,8.71,9.87
2015-05-27,122.32,134.15,134.15,122.32,17613,230390000,12.20,10.00,9.70,10.84
2015-05-28,140.05,122.94,147.57,120.74,38249,556430000,-11.21,-8.36,20.00,23.54
2015-05-29,122.03,129.31,134.78,112.00,32581,409110000,6.37,5.18,18.53,20.05
2015-06-01,129.84,129.22,134.10,123.00,18680,239880000,-0.09,-0.07,8.58,11.50
2015-06-02,129.10,126.60,129.10,122.99,15832,198580000,-2.62,-2.03,4.73,9.74
2015-06-03,123.37,139.26,139.26,123.20,22927,310020000,12.66,10.00,12.69,14.11
2015-06-04,145.00,153.00,153.16,125.99,28653,416430000,13.74,9.87,19.51,17.63
2015-06-05,150.00,153.39,166.00,147.20,19554,302950000,0.39,0.25,12.29,12.03
2015-06-08,149.51,153.66,155.00,145.00,15064,223940000,0.27,0.18,6.52,9.27
2015-06-09,153.00,145.79,153.00,145.01,8402,124150000,-7.87,-5.12,5.20,5.17
2015-06-10,142.01,149.90,151.05,140.00,8585,127870000,4.11,2.82,7.58,5.28
2015-06-11,150.46,156.94,157.05,150.46,12223,188890000,7.04,4.70,4.40,7.52
2015-06-12,158.83,153.10,160.00,152.10,8588,131900000,-3.84,-2.45,5.03,5.29
2015-06-15,150.00,139.32,151.99,137.79,11052,159920000,-13.78,-9.00,9.28,6.80
2015-06-16,134.00,142.72,143.88,132.35,9470,132890000,3.40,2.44,8.28,5.83
2015-06-17,140.00,143.68,144.98,135.00,5626,79800000,0.96,0.67,6.99,3.46
2015-06-18,143.80,141.00,145.75,138.00,6804,96550000,-2.68,-1.87,5.39,4.19
2015-06-19,138.88,141.83,150.00,129.00,11680,164500000,0.83,0.59,14.89,7.19
2015-06-23,156.01,156.01,156.01,155.10,10775,168070000,14.18,10.00,0.64,6.63
2015-06-24,171.61,171.61,171.61,163.11,37300,632780000,15.60,10.00,5.45,22.95
2015-06-25,171.00,155.90,171.00,154.99,26193,420330000,-15.71,-9.15,9.33,16.12
2015-06-26,146.78,140.65,147.00,140.31,20360,287410000,-15.25,-9.78,4.29,12.53
2015-06-29,141.00,126.66,142.00,126.59,17413,231900000,-13.99,-9.95,10.96,10.72
2015-06-30,123.15,137.99,138.83,113.99,18017,224130000,11.33,8.95,19.61,11.09
2015-07-01,130.00,127.66,141.79,124.50,15973,214980000,-10.33,-7.49,12.53,9.83
2015-07-02,127.00,132.27,138.80,116.01,13090,162590000,4.61,3.61,17.85,8.06
2015-07-03,125.00,141.07,144.00,121.49,15893,213580000,8.80,6.65,17.02,9.78
2015-07-06,153.99,147.67,153.99,127.50,21855,308230000,6.60,4.68,18.78,13.45
2015-07-07,135.01,132.90,139.60,132.90,8407,113470000,-14.77,-10.00,4.54,5.17
2015-07-13,145.00,146.19,146.19,134.61,30195,430280000,13.29,10.00,8.71,18.58
2015-07-14,140.58,139.19,148.88,137.10,22346,317410000,-7.00,-4.79,8.06,13.75
2015-07-15,131.01,125.27,134.50,125.27,12260,156170000,-13.92,-10.00,6.63,7.54
2015-07-16,122.00,123.66,125.61,112.74,15268,179610000,-1.61,-1.29,10.27,9.40
2015-07-17,122.00,128.20,130.00,120.01,12618,159350000,4.54,3.67,8.08,7.76
2015-07-20,125.88,123.68,128.39,122.01,9122,114260000,-4.52,-3.53,4.98,5.61
2015-07-21,121.00,128.84,132.00,121.00,11502,147170000,5.16,4.17,8.89,7.08
2015-07-22,130.00,128.89,130.55,124.04,10312,131530000,0.05,0.04,5.05,6.35
2015-07-23,127.52,135.96,139.00,127.50,14817,197780000,7.07,5.49,8.92,9.12
2015-07-24,136.80,133.77,138.60,132.18,12194,165060000,-2.19,-1.61,4.72,7.50
2015-07-27,128.00,130.17,136.79,124.60,14049,183700000,-3.60,-2.69,9.11,8.65
2015-07-28,127.96,130.44,132.00,117.50,10837,136370000,0.27,0.21,11.14,6.67
2015-07-29,130.01,134.93,135.49,126.21,7974,105050000,4.49,3.44,7.11,4.91
2015-07-30,134.00,138.84,146.00,131.05,22156,310760000,3.91,2.90,11.08,13.63
2015-07-31,137.69,132.64,139.88,131.90,13515,182620000,-6.20,-4.47,5.75,8.32
2015-08-03,127.51,119.38,128.88,119.38,13506,164970000,-13.26,-10.00,7.16,8.31
2015-08-04,119.99,124.27,125.38,118.00,17020,209850000,4.89,4.10,6.18,10.47
2015-08-05,128.60,125.89,130.00,124.00,22768,289950000,1.62,1.30,4.83,14.01
2015-08-06,122.00,120.10,123.99,120.00,9376,114180000,-5.79,-4.60,3.17,5.77
2015-08-07,121.50,122.83,126.39,120.10,9192,113340000,2.73,2.27,5.24,5.66
2015-08-10,123.37,127.48,128.36,121.51,13906,174900000,4.65,3.79,5.58,8.56
2015-08-11,127.57,129.36,131.38,126.60,16227,209290000,1.88,1.47,3.75,9.99
2015-08-12,128.66,125.06,129.34,125.02,9677,123020000,-4.30,-3.32,3.34,5.95
2015-08-13,124.90,127.60,127.99,124.11,7983,101130000,2.54,2.03,3.10,4.91
2015-08-14,129.02,140.36,140.36,129.02,31118,428740000,12.76,10.00,8.89,19.15
2015-08-17,139.44,136.18,140.20,134.02,16316,222320000,-4.18,-2.98,4.40,10.04
2015-08-18,136.18,127.74,143.79,126.02,19108,261630000,-8.44,-6.20,13.05,11.76
2015-08-19,123.00,133.63,135.61,122.00,12954,165870000,5.89,4.61,10.65,7.97
2015-08-20,132.00,126.98,132.67,126.00,7633,98820000,-6.65,-4.98,4.99,4.70
2015-08-21,125.01,114.28,125.87,114.28,12983,153750000,-12.70,-10.00,9.13,7.99
2015-08-24,104.28,102.85,106.00,102.85,6324,65290000,-11.43,-10.00,2.76,3.89
2015-08-25,92.57,92.57,96.97,92.57,9510,88330000,-10.28,-10.00,4.28,5.85
2015-08-26,83.32,83.31,95.00,83.31,27074,234830000,-9.26,-10.00,12.63,16.66
2015-08-27,87.00,85.58,89.00,77.20,16774,142610000,2.27,2.72,14.16,10.32
2015-08-28,86.40,94.11,94.14,86.00,20736,186480000,8.53,9.97,9.51,12.76
2015-08-31,93.00,86.02,95.36,85.99,15707,142250000,-8.09,-8.60,9.96,9.67
2015-09-01,83.00,77.42,85.80,77.42,17467,137350000,-8.60,-10.00,9.74,10.75
2015-09-02,29.02,34.02,34.02,29.02,38902,128630000,3.09,9.99,16.17,9.58
2015-09-07,32.90,36.13,37.42,32.88,81502,289090000,2.11,6.20,13.35,20.06
2015-09-08,35.45,36.03,37.19,33.50,55325,196690000,-0.10,-0.28,10.21,13.62
2015-09-09,36.48,38.26,39.15,36.04,58413,220080000,2.23,6.19,8.63,14.38
2015-09-10,38.50,39.47,40.50,37.60,66189,261040000,1.21,3.16,7.58,16.29
2015-09-11,39.35,39.59,40.95,38.03,41509,162950000,0.12,0.30,7.40,10.22
2015-09-14,39.62,35.63,39.62,35.63,36722,136260000,-3.96,-10.00,10.08,9.04
2015-09-15,32.08,32.07,33.99,32.07,50130,161140000,-3.56,-9.99,5.39,12.34
2015-09-16,32.01,34.10,35.15,30.30,60893,195910000,2.03,6.33,15.12,14.99
2015-09-17,33.00,30.69,33.60,30.69,51314,166370000,-3.41,-10.00,8.53,12.63
2015-09-18,30.31,31.03,31.94,30.31,29552,91910000,0.34,1.11,5.31,7.27
2015-09-21,30.58,33.63,34.08,29.70,48196,155120000,2.60,8.38,14.12,11.86
2015-09-22,33.65,33.46,34.65,32.62,42311,142570000,-0.17,-0.51,6.04,10.41
2015-09-23,32.80,32.25,32.85,32.02,25965,84240000,-1.21,-3.62,2.48,6.39
2015-09-24,32.38,33.78,34.45,32.33,35623,119970000,1.53,4.74,6.57,8.77
2015-09-25,33.70,31.86,34.25,31.10,29490,96280000,-1.92,-5.68,9.33,7.26
2015-09-28,31.98,32.45,32.60,31.18,19081,61190000,0.59,1.85,4.46,4.70
2015-09-29,31.78,31.92,32.37,31.30,15914,50810000,-0.53,-1.63,3.30,3.92
2015-09-30,32.60,35.11,35.11,32.46,71218,247370000,3.19,9.99,8.30,17.53
2015-10-08,36.00,37.24,37.70,34.82,65596,237550000,2.13,6.07,8.20,16.15
2015-10-09,36.61,37.69,37.97,36.31,47752,177830000,0.45,1.21,4.46,11.75
2015-10-12,37.75,40.83,41.46,37.71,53603,213430000,3.14,8.33,9.95,13.19
2015-10-13,40.40,40.28,41.20,38.98,45151,180230000,-0.55,-1.35,5.44,11.11
2015-10-14,39.90,39.70,40.81,38.91,38300,152090000,-0.58,-1.44,4.72,9.43
2015-10-15,39.45,42.04,42.30,39.01,39877,163110000,2.34,5.89,8.29,9.82
2015-10-16,42.08,41.94,43.20,41.25,36138,152030000,-0.10,-0.24,4.64,8.90
2015-10-19,42.00,41.21,42.25,39.83,36387,148010000,-0.73,-1.74,5.77,8.96
2015-10-20,41.40,42.02,42.30,40.50,33882,140570000,0.81,1.97,4.37,8.34
2015-10-21,42.20,37.82,42.20,37.82,38264,151940000,-4.20,-10.00,10.42,9.42
2015-10-22,37.56,38.52,38.80,37.20,36149,138250000,0.70,1.85,4.23,8.90
2015-10-23,39.50,42.37,42.37,39.50,56852,238490000,3.85,9.99,7.45,13.99
2015-10-26,42.90,44.18,44.30,41.78,71792,310090000,1.81,4.27,5.95,17.67
2015-10-27,43.50,43.14,43.65,42.02,38433,164400000,-1.04,-2.35,3.69,9.46
2015-10-28,43.61,43.84,46.98,43.14,66817,303190000,0.70,1.62,8.90,16.45
2015-10-29,44.57,44.16,45.40,42.50,34491,151100000,0.32,0.73,6.62,8.49
2015-10-30,43.60,42.98,43.78,42.50,21244,91510000,-1.18,-2.67,2.90,5.23
2015-11-02,41.70,43.51,44.93,41.22,34751,151670000,0.53,1.23,8.63,8.55
2015-11-03,42.80,44.92,44.97,42.48,32384,142150000,1.41,3.24,5.72,7.97
2015-11-04,44.97,46.99,47.45,44.52,43642,201300000,2.07,4.61,6.52,10.74
2015-11-05,46.70,45.84,47.37,45.50,39322,181480000,-1.15,-2.45,3.98,9.68
2015-11-06,45.80,46.56,46.99,45.70,24738,115120000,0.72,1.57,2.81,6.09
2015-11-09,46.66,49.61,50.99,44.91,48432,230100000,3.05,6.55,13.06,11.92
2015-11-10,49.00,49.31,50.55,48.00,36183,178010000,-0.30,-0.60,5.14,8.91
2015-11-11,48.79,51.60,52.48,48.42,33727,171910000,2.29,4.64,8.23,8.30
2015-11-12,51.92,56.76,56.76,51.80,67174,372130000,5.16,10.00,9.61,16.54
2015-11-13,56.10,53.14,56.60,52.00,54602,296360000,-3.62,-6.38,8.10,13.44
2015-11-16,50.90,58.45,58.45,50.27,59405,335440000,5.31,9.99,15.39,14.62
2015-11-17,61.00,58.12,62.90,57.61,65285,392250000,-0.33,-0.56,9.05,16.07
2015-11-18,57.44,55.79,60.56,54.61,47392,274350000,-2.33,-4.01,10.24,11.67
2015-11-19,55.38,59.99,60.00,55.38,50178,294140000,4.20,7.53,8.28,12.35
2015-11-20,59.60,60.11,61.88,58.20,48951,291570000,0.12,0.20,6.13,12.05
2015-11-23,60.00,57.69,60.00,57.00,32924,191860000,-2.42,-4.03,4.99,8.10
2015-11-24,57.06,59.48,59.61,57.06,31995,187440000,1.79,3.10,4.42,7.88
2015-11-25,59.00,59.51,60.50,58.04,33247,197320000,0.03,0.05,4.14,8.18
2015-11-26,59.70,57.03,59.80,56.95,38532,224030000,-2.48,-4.17,4.79,9.48
2015-11-27,57.04,52.18,57.05,51.58,34776,190260000,-4.85,-8.50,9.59,8.56
2015-11-30,51.85,52.30,54.78,48.11,46952,241230000,0.12,0.23,12.78,11.56
2015-12-01,51.96,51.27,53.51,50.19,31399,163090000,-1.03,-1.97,6.35,7.73
2015-12-02,51.56,50.28,51.65,48.63,19903,99870000,-0.99,-1.93,5.89,4.90
2015-12-03,50.31,53.81,54.20,50.31,30325,160610000,3.53,7.02,7.74,7.46
2015-12-04,53.90,52.88,54.60,52.53,22730,121550000,-0.93,-1.73,3.85,5.60
2015-12-07,52.75,53.41,53.60,52.18,21501,113930000,0.53,1.00,2.69,5.29
2015-12-08,53.40,51.31,53.40,51.30,24095,124910000,-2.10,-3.93,3.93,5.93
2015-12-09,50.30,49.10,51.02,48.89,27326,135670000,-2.21,-4.31,4.15,6.73
2015-12-10,47.80,48.72,50.30,47.80,18657,91950000,-0.38,-0.77,5.09,4.59
2015-12-11,48.82,50.59,52.59,48.50,29235,148600000,1.87,3.84,8.39,7.20
2015-12-14,49.80,51.79,52.55,49.80,19896,102390000,1.20,2.37,5.44,4.90
2015-12-15,51.10,51.32,52.10,51.10,15763,81100000,-0.47,-0.91,1.93,3.88
2015-12-16,51.85,51.67,52.30,51.51,14978,77840000,0.35,0.68,1.54,3.69
2015-12-17,51.86,52.95,53.35,51.76,27057,142350000,1.28,2.48,3.08,6.66
2015-12-18,52.80,51.49,52.90,51.10,23638,122080000,-1.46,-2.76,3.40,5.82
2015-12-21,51.44,50.81,51.44,49.88,22844,114970000,-0.68,-1.32,3.03,5.62
2015-12-22,50.75,51.60,51.80,50.40,15266,77900000,0.79,1.55,2.76,3.76
2015-12-23,51.60,52.82,53.60,51.60,31904,168530000,1.22,2.36,3.88,7.85
2015-12-24,53.05,52.09,53.46,51.31,17346,90410000,-0.73,-1.38,4.07,4.27
2015-12-25,52.32,52.02,52.85,51.51,15555,80760000,-0.07,-0.13,2.57,3.83
2015-12-28,52.64,52.02,53.48,51.81,27294,143550000,0.00,0.00,3.21,6.72
2015-12-29,51.80,51.58,52.19,50.80,14261,73110000,-0.44,-0.85,2.67,3.51
2015-12-30,51.80,55.47,56.00,51.58,47462,255560000,3.89,7.54,8.57,11.68
2015-12-31,55.49,53.37,56.00,53.08,31280,170460000,-2.10,-3.79,5.26,7.70
2016-01-04,53.58,48.03,53.90,48.03,22440,112490000,-5.34,-10.01,11.00,5.52
2016-01-05,44.48,46.85,48.48,44.44,30239,140550000,-1.18,-2.46,8.41,7.44
2016-01-06,47.45,48.73,48.80,47.45,21189,101890000,1.88,4.01,2.88,5.22
2016-01-07,48.00,43.90,48.02,43.86,5481,25020000,-4.83,-9.91,8.54,1.35
2016-01-08,45.22,43.81,46.22,42.00,29221,130150000,-0.09,-0.21,9.61,7.19
2016-01-11,42.81,39.43,43.18,39.43,26060,106380000,-4.38,-10.00,8.56,6.41
2016-01-12,39.88,39.96,40.20,37.93,21393,83870000,0.53,1.34,5.76,5.27
2016-01-13,40.20,38.04,40.75,37.96,13676,54320000,-1.92,-4.80,6.98,3.37
2016-01-14,37.52,39.39,40.00,36.50,16487,62950000,1.35,3.55,9.20,4.06
2016-01-15,39.39,38.10,40.45,37.50,16722,65030000,-1.29,-3.27,7.49,4.12
2016-01-18,37.72,40.56,41.43,37.50,25739,102500000,2.46,6.46,10.32,6.34
2016-01-19,40.56,42.61,43.49,39.94,27557,113540000,2.05,5.05,8.75,6.78
2016-01-20,42.50,43.02,43.31,41.85,23369,99780000,0.41,0.96,3.43,5.75
2016-01-21,42.16,40.96,44.14,40.69,18382,78720000,-2.06,-4.79,8.02,4.52
2016-01-22,41.40,42.08,42.70,40.20,12559,52040000,1.12,2.73,6.10,3.09
2016-01-25,42.11,43.18,43.98,42.11,14622,62990000,1.10,2.61,4.44,3.60
2016-01-26,43.50,40.00,43.50,39.50,14808,61160000,-3.18,-7.36,9.26,3.65
2016-01-27,39.98,41.14,41.50,37.78,17783,70990000,1.14,2.85,9.30,4.38
2016-01-28,40.49,40.93,42.50,40.06,14004,58140000,-0.21,-0.51,5.93,3.45
2016-01-29,40.90,43.70,44.28,40.89,23420,101430000,2.77,6.77,8.28,5.76
2016-02-01,43.71,42.33,44.22,41.18,23730,100680000,-1.37,-3.14,6.96,5.84
2016-02-02,42.01,43.08,43.63,42.01,14858,64070000,0.75,1.77,3.83,3.66
2016-02-03,42.60,42.38,42.60,38.77,13600,56460000,-0.70,-1.62,8.89,3.35
2016-02-04,42.15,42.64,43.55,42.05,15907,68170000,0.26,0.61,3.54,3.92
2016-02-05,42.80,40.79,43.12,40.70,13702,56930000,-1.85,-4.34,5.68,3.37
2016-02-15,39.80,40.52,41.20,39.20,8945,36160000,-0.27,-0.66,4.90,2.20
2016-02-16,40.65,42.38,42.70,40.65,16120,67850000,1.86,4.59,5.06,3.97
2016-02-17,42.39,43.82,43.97,41.82,18776,80520000,1.44,3.40,5.07,4.62
2016-02-18,44.30,43.00,44.50,42.77,20639,89710000,-0.82,-1.87,3.95,5.08
2016-02-19,42.51,42.56,43.45,42.40,19593,83920000,-0.44,-1.02,2.44,4.82
2016-02-22,43.00,43.88,43.96,42.70,19093,82820000,1.32,3.10,2.96,4.70
2016-02-23,43.95,42.69,43.99,42.13,15634,67010000,-1.19,-2.71,4.24,3.85
2016-02-24,42.35,42.40,43.19,41.49,12263,51870000,-0.29,-0.68,3.98,3.02
2016-02-25,42.58,38.49,42.88,38.16,19039,76610000,-3.91,-9.22,11.13,4.69
2016-02-26,38.80,38.33,39.68,37.31,15786,60590000,-0.16,-0.42,6.16,3.89
2016-02-29,38.33,35.56,38.45,35.00,12253,44180000,-2.77,-7.23,9.00,3.02
2016-03-01,35.40,36.21,36.40,34.99,10782,38650000,0.65,1.83,3.97,2.65
2016-03-02,36.30,38.03,38.20,36.00,12265,45640000,1.82,5.03,6.08,3.02
2016-03-03,38.18,37.67,38.75,37.55,14417,54740000,-0.36,-0.95,3.16,3.55
2016-03-04,37.85,35.91,37.85,35.75,11510,42040000,-1.76,-4.67,5.57,2.83
2016-03-07,36.65,36.67,37.68,36.18,9792,36170000,0.76,2.12,4.18,2.41
2016-03-08,36.67,36.17,36.69,34.10,9371,33290000,-0.50,-1.36,7.06,2.31
2016-03-09,35.50,35.22,36.00,35.00,6055,21530000,-0.95,-2.63,2.76,1.49
2016-03-10,35.37,35.35,36.88,35.00,11008,39280000,0.13,0.37,5.34,2.71
2016-03-11,35.00,35.66,35.80,34.50,9653,34030000,0.31,0.88,3.68,2.38
2016-03-14,35.88,36.85,37.20,35.88,15025,55340000,1.19,3.34,3.70,3.70
2016-03-15,36.37,36.36,36.87,36.03,9626,34980000,-0.49,-1.33,2.28,2.37
2016-03-16,36.45,35.72,36.78,35.50,7451,26840000,-0.64,-1.76,3.52,1.83
2016-03-17,35.95,36.72,36.99,35.50,12336,45000000,1.00,2.80,4.17,3.04
2016-03-18,36.90,38.02,38.45,36.90,22117,83770000,1.30,3.54,4.22,5.44
2016-03-21,38.48,39.84,40.61,38.30,25998,102710000,1.82,4.79,6.08,6.40
2016-03-22,39.49,39.00,39.70,38.92,15681,61560000,-0.84,-2.11,1.96,3.86
2016-03-23,39.33,39.33,39.59,38.95,11125,43650000,0.33,0.85,1.64,2.74
2016-03-24,39.40,39.54,40.59,38.63,23435,92860000,0.21,0.53,4.98,5.77
2016-03-25,39.20,39.52,39.85,38.90,15627,61510000,-0.02,-0.05,2.40,3.38
2016-03-28,39.95,39.17,40.74,39.05,15590,62290000,-0.35,-0.89,4.28,3.37
2016-03-29,39.33,38.02,39.69,37.80,11051,42690000,-1.15,-2.94,4.83,2.39
2016-03-30,38.45,39.75,39.77,38.41,16905,66460000,1.73,4.55,3.58,3.66
2016-03-31,39.95,39.58,40.35,39.52,21315,85200000,-0.17,-0.43,2.09,4.61
2016-04-01,39.68,40.22,40.27,39.05,20245,80950000,0.64,1.62,3.08,4.38
2016-04-05,40.88,42.49,42.90,40.88,23528,98640000,2.27,5.64,5.02,5.09
2016-04-06,42.50,41.67,42.50,41.30,27159,113240000,-0.82,-1.93,2.82,5.88
2016-04-07,41.90,40.86,42.00,40.50,19267,79290000,-0.81,-1.94,3.60,4.17
2016-04-08,40.49,41.75,41.80,40.00,21339,87110000,0.89,2.18,4.41,4.62
2016-04-11,40.71,42.29,42.60,40.70,38051,159100000,0.54,1.29,4.55,8.23
2016-04-12,41.85,40.61,42.29,40.28,26698,109660000,-1.68,-3.97,4.75,5.78
2016-04-13,41.02,41.09,42.02,40.70,26864,111690000,0.48,1.18,3.25,5.81
2016-04-14,41.50,41.38,41.81,40.81,12435,51260000,0.29,0.71,2.43,2.69
2016-04-15,41.15,41.12,41.59,40.71,11100,45570000,-0.26,-0.63,2.13,2.40
2016-04-18,41.25,41.26,41.99,40.70,17071,70680000,0.14,0.34,3.14,3.69
2016-04-19,41.26,40.88,41.87,40.74,12712,52160000,-0.38,-0.92,2.74,2.75
2016-04-20,41.01,38.59,41.16,38.00,24195,95060000,-2.29,-5.60,7.73,5.23
2016-04-21,38.59,37.80,38.80,37.77,11465,44040000,-0.79,-2.05,2.67,2.48
2016-04-22,37.77,37.96,38.19,37.44,9117,34500000,0.16,0.42,1.98,1.97
2016-04-25,37.55,38.03,38.35,37.33,6154,23310000,0.07,0.18,2.69,1.33
2016-04-26,38.05,38.34,38.45,37.88,5545,21190000,0.31,0.82,1.50,1.20
2016-04-27,38.45,38.02,38.57,38.00,6216,23780000,-0.32,-0.83,1.49,1.34
2016-04-28,38.38,37.80,38.38,37.23,6090,22950000,-0.22,-0.58,3.02,1.32
2016-04-29,37.95,38.28,38.39,37.20,8353,31750000,0.48,1.27,3.15,1.81
2016-05-03,38.28,39.41,39.55,38.11,11918,46660000,1.13,2.95,3.76,2.58
2016-05-04,39.45,39.19,39.65,38.92,10241,40180000,-0.22,-0.56,1.85,2.22
2016-05-05,38.82,39.17,39.43,38.82,8069,31510000,-0.02,-0.05,1.56,1.75
2016-05-06,39.18,37.66,39.40,37.60,11351,43670000,-1.51,-3.86,4.60,2.46
2016-05-09,37.89,36.35,37.89,35.89,12805,46830000,-1.31,-3.48,5.31,2.77
2016-05-10,36.38,37.00,37.38,36.20,7547,27780000,0.65,1.79,3.25,1.63
2016-05-11,37.54,36.51,37.54,36.30,4838,17760000,-0.49,-1.32,3.35,1.05
2016-05-12,36.39,36.36,36.39,35.55,5330,19170000,-0.15,-0.41,2.30,1.15
2016-05-13,36.20,37.23,37.34,36.17,10357,38010000,0.87,2.39,3.22,2.24
2016-05-16,37.10,38.06,38.25,36.55,12323,46230000,0.83,2.23,4.57,2.67
2016-05-17,38.35,38.88,38.95,37.62,14245,54880000,0.82,2.15,3.49,3.08
2016-05-18,38.78,38.41,39.50,37.50,12202,47090000,-0.47,-1.21,5.14,2.64
2016-05-19,38.20,38.49,38.65,37.22,11116,42360000,0.12,0.31,3.73,2.40
2016-05-20,38.58,38.93,38.96,38.30,10925,42210000,0.44,1.14,1.71,2.36
2016-05-23,39.30,39.11,39.97,39.01,23303,91970000,0.18,0.46,2.47,5.04
2016-05-24,39.09,38.08,39.09,37.63,16387,62660000,-1.03,-2.63,3.73,3.55
2016-05-25,38.38,37.99,38.46,37.90,7612,29050000,-0.09,-0.24,1.47,1.65
2016-05-26,37.90,39.17,39.25,37.26,14258,54610000,1.18,3.11,5.24,3.08
2016-05-27,39.13,38.94,39.15,38.65,10502,40830000,-0.23,-0.59,1.28,2.27
2016-05-30,38.90,39.29,39.58,38.70,16712,65680000,0.35,0.90,2.26,3.62
2016-05-31,39.48,40.88,40.95,39.27,29441,118960000,1.59,4.05,4.28,6.37
2016-06-01,40.87,40.33,41.25,40.20,23845,96870000,-0.55,-1.35,2.57,5.16
2016-06-02,40.21,40.25,40.63,39.52,20812,83320000,-0.08,-0.20,2.75,4.50
2016-06-03,40.28,40.33,40.42,39.61,18531,74330000,0.08,0.20,2.01,4.01
2016-06-06,40.25,41.48,41.78,40.00,32803,135110000,1.15,2.85,4.41,7.10
2016-06-07,41.27,43.91,44.40,41.13,51964,222610000,2.43,5.86,7.88,11.24
2016-06-08,43.55,43.98,44.89,42.59,36242,158970000,0.07,0.16,5.24,7.84
2016-06-13,42.55,40.51,44.20,40.45,27266,116720000,-3.47,-7.89,8.53,5.90
2016-06-14,40.55,41.21,41.87,40.50,20640,85380000,0.70,1.73,3.38,4.47
2016-06-15,40.80,43.78,44.25,40.72,28834,124540000,2.57,6.24,8.57,6.24
2016-06-16,43.40,45.58,46.18,43.35,37391,170210000,1.80,4.11,6.46,8.09
2016-06-17,45.81,45.15,45.81,44.58,21041,95080000,-0.43,-0.94,2.70,4.55
2016-06-20,45.90,47.44,47.68,45.31,30599,143930000,2.29,5.07,5.25,6.62
2016-06-21,47.89,47.06,48.32,46.35,32345,153140000,-0.38,-0.80,4.15,7.00
2016-06-22,47.10,46.83,47.49,45.80,16460,76490000,-0.23,-0.49,3.59,3.56
2016-06-23,46.80,45.59,46.85,45.50,12412,57030000,-1.24,-2.65,2.88,2.69
2016-06-24,46.03,46.48,47.50,43.10,21141,97850000,0.89,1.95,9.65,4.57
2016-06-27,45.81,47.03,47.40,45.50,16290,75970000,0.55,1.18,4.09,3.52
2016-06-28,47.10,46.15,47.18,45.15,24104,110820000,-0.88,-1.87,4.32,5.21
2016-06-29,46.29,46.16,46.29,45.58,15584,71520000,0.01,0.02,1.54,3.37
2016-06-30,46.48,46.10,46.50,45.78,10768,49740000,-0.06,-0.13,1.56,2.33
2016-07-01,46.25,47.46,48.18,46.09,22066,104490000,1.36,2.95,4.53,4.77
2016-07-04,47.05,49.70,51.56,47.00,30371,151570000,2.24,4.72,9.61,6.57
2016-07-05,49.39,49.49,50.74,49.00,20970,104660000,-0.21,-0.42,3.50,4.54
2016-07-06,49.80,49.08,49.96,48.50,14275,69740000,-0.41,-0.83,2.95,3.09
2016-07-07,49.36,48.86,50.08,48.15,15177,74280000,-0.22,-0.45,3.93,3.28
2016-07-08,49.09,48.72,49.38,48.58,8708,42510000,-0.14,-0.29,1.64,1.88
2016-07-11,48.53,48.52,49.25,48.10,9730,47240000,-0.20,-0.41,2.36,2.10
2016-07-12,48.75,47.13,48.75,45.80,21818,102440000,-1.39,-2.86,6.08,4.72
2016-07-13,47.29,47.17,48.24,46.78,15894,75460000,0.04,0.08,3.10,3.44
2016-07-14,47.22,47.33,47.39,46.80,8392,39480000,0.16,0.34,1.25,1.82
2016-07-15,47.37,47.76,48.09,47.20,9334,44570000,0.43,0.91,1.88,2.02
2016-07-18,47.80,46.77,47.80,44.00,11053,51410000,-0.99,-2.07,7.96,2.39
2016-08-02,45.00,45.06,46.60,44.00,15259,68810000,-1.71,-3.66,5.56,3.30
2016-08-03,44.66,45.08,46.22,44.37,9383,42760000,0.02,0.04,4.11,2.03
2016-08-04,45.10,44.97,45.28,44.30,6840,30670000,-0.11,-0.24,2.17,1.48
2016-08-05,44.96,44.99,45.28,44.59,5542,24950000,0.02,0.04,1.53,1.20
2016-08-08,45.08,45.73,45.76,44.80,7705,34900000,0.74,1.64,2.13,1.67
2016-08-09,45.88,46.10,46.27,45.73,7924,36490000,0.37,0.81,1.18,1.71
2016-08-10,46.10,45.37,46.53,45.12,8799,40360000,-0.73,-1.58,3.06,1.90
2016-08-11,45.03,44.06,45.95,44.00,10992,49010000,-1.31,-2.89,4.30,2.38
2016-08-12,44.41,44.54,44.74,43.88,8415,37300000,0.48,1.09,1.95,1.82
2016-08-15,44.90,45.65,45.88,44.51,12888,58690000,1.11,2.49,3.08,2.79
2016-08-16,45.65,47.40,47.55,45.65,18381,86390000,1.75,3.83,4.16,3.98
2016-08-17,47.79,47.23,47.94,46.88,10326,48760000,-0.17,-0.36,2.24,2.23
2016-08-18,47.40,47.15,47.40,46.90,6671,31450000,-0.08,-0.17,1.06,1.44
2016-08-19,47.13,47.01,47.75,46.94,6621,31270000,-0.14,-0.30,1.72,1.43
2016-08-22,47.38,45.95,47.46,45.62,7940,36920000,-1.06,-2.25,3.91,1.72
2016-08-23,45.95,45.94,46.19,45.53,6825,31270000,-0.01,-0.02,1.44,1.48
2016-08-24,45.82,46.05,46.93,45.69,6472,29920000,0.11,0.24,2.70,1.40
2016-08-25,45.85,46.73,46.77,45.67,9492,43830000,0.68,1.48,2.39,2.05
2016-08-26,46.96,46.87,47.59,46.62,10817,51160000,0.14,0.30,2.08,2.34
2016-08-29,46.87,47.30,47.78,46.51,9766,46310000,0.43,0.92,2.71,2.11
2016-08-30,47.70,46.28,47.75,46.10,10710,50240000,-1.02,-2.16,3.49,2.32
2016-08-31,46.28,46.30,46.49,45.89,4692,21690000,0.02,0.04,1.30,1.02
2016-09-01,46.38,46.43,46.97,46.30,6412,29920000,0.13,0.28,1.45,1.39
2016-09-02,46.38,45.95,46.62,45.71,6190,28530000,-0.48,-1.03,1.96,1.34
2016-09-05,46.00,45.49,46.55,45.45,6611,30380000,-0.46,-1.00,2.39,1.43
2016-09-06,45.49,46.84,46.94,45.21,10439,48000000,1.35,2.97,3.80,2.26
2016-09-07,46.79,46.37,46.97,46.20,7743,36110000,-0.47,-1.00,1.64,1.68
2016-09-08,46.24,46.71,46.77,46.02,4837,22520000,0.34,0.73,1.62,1.05
2016-09-09,46.72,46.17,46.95,46.14,5620,26130000,-0.54,-1.16,1.73,1.22
2016-09-12,45.00,44.50,45.62,44.32,9113,40890000,-1.67,-3.62,2.82,1.97
2016-09-13,44.69,45.16,45.16,44.51,5133,23000000,0.66,1.48,1.46,1.11
2016-09-14,45.05,44.59,45.10,44.40,3272,14630000,-0.57,-1.26,1.55,0.71
2016-09-19,44.65,44.85,45.45,44.47,3866,17320000,0.26,0.58,2.20,0.84
2016-09-20,44.85,44.92,45.25,44.62,5886,26430000,0.07,0.16,1.40,1.27
2016-09-21,44.92,45.62,45.77,44.75,7107,32210000,0.70,1.56,2.27,1.54
2016-09-22,45.70,45.34,46.05,45.33,4966,22710000,-0.28,-0.61,1.58,1.07
2016-09-23,45.68,45.47,45.89,45.40,3042,13880000,0.13,0.29,1.08,0.66
2016-09-26,45.70,44.79,45.70,44.51,5611,25370000,-0.68,-1.50,2.62,1.21
2016-09-27,44.82,44.74,45.00,44.08,3785,16890000,-0.05,-0.11,2.05,0.82
2016-09-28,44.60,45.04,45.20,44.00,3131,14040000,0.30,0.67,2.68,0.68
2016-09-29,45.26,45.34,45.85,44.80,3798,17270000,0.30,0.67,2.33,0.82
2016-09-30,45.57,46.00,46.27,45.00,6076,27900000,0.66,1.46,2.80,1.31
2016-10-10,46.10,47.03,47.40,46.10,10329,48470000,1.03,2.24,2.83,2.23
2016-10-11,47.18,47.04,47.28,46.71,7173,33720000,0.01,0.02,1.21,1.55
2016-10-12,47.00,48.16,48.30,46.67,17657,84420000,1.12,2.38,3.47,3.82
2016-10-13,47.91,47.27,48.35,47.00,10361,49150000,-0.89,-1.85,2.80,2.24
2016-10-14,47.10,47.29,47.40,47.01,6519,30820000,0.02,0.04,0.83,1.41
2016-10-17,47.43,46.97,47.49,46.60,6765,31750000,-0.32,-0.68,1.88,1.46
2016-10-18,47.03,47.52,47.56,46.74,8069,38120000,0.55,1.17,1.75,1.75
2016-10-19,47.88,47.14,47.98,47.06,6590,31240000,-0.38,-0.80,1.94,1.43
2016-10-20,47.25,47.04,47.43,46.98,5031,23750000,-0.10,-0.21,0.95,1.09
2016-10-21,47.04,46.79,47.27,46.31,4672,21850000,-0.25,-0.53,2.04,1.01
2016-10-24,46.50,47.28,47.30,46.50,4589,21600000,0.49,1.05,1.71,0.99
2016-10-25,47.28,47.21,47.50,47.04,5479,25880000,-0.07,-0.15,0.97,1.19
2016-10-26,47.04,46.57,47.37,46.26,6892,32160000,-0.64,-1.36,2.35,1.49
2016-10-27,46.59,47.82,48.23,46.59,14527,69180000,1.25,2.68,3.52,3.14
2016-10-28,47.90,47.04,47.93,47.00,9233,43790000,-0.78,-1.63,1.94,2.00
2016-10-31,47.30,49.59,50.80,46.70,28426,138280000,2.55,5.42,8.72,6.15
2016-11-01,49.61,50.52,50.59,48.92,24746,123270000,0.93,1.88,3.37,5.35
2016-11-02,50.01,50.49,52.50,49.90,27224,139670000,-0.03,-0.06,5.15,5.89
2016-11-03,50.40,50.60,51.60,49.94,17760,90180000,0.11,0.22,3.29,3.84
2016-11-04,50.62,49.83,51.81,49.60,20712,105170000,-0.77,-1.52,4.37,4.48
2016-11-07,49.81,50.17,50.58,49.73,14189,71090000,0.34,0.68,1.71,3.07
2016-11-08,50.20,50.60,50.96,50.02,9302,46990000,0.43,0.86,1.87,2.01
2016-11-09,50.59,50.83,51.20,49.35,14337,72530000,0.23,0.45,3.66,3.10
2016-11-10,51.32,54.47,55.91,51.32,40095,217540000,3.64,7.16,9.03,8.67
2016-11-11,54.47,53.75,55.65,53.64,32089,175140000,-0.72,-1.32,3.69,6.94
2016-11-14,53.98,54.24,55.90,53.55,21627,118210000,0.49,0.91,4.37,4.68
2016-11-15,54.80,53.56,54.80,53.51,12905,69510000,-0.68,-1.25,2.38,2.79
2016-11-16,53.56,52.29,53.76,51.80,19781,103900000,-1.27,-2.37,3.66,4.28
2016-11-17,52.18,52.44,52.56,51.82,11025,57670000,0.15,0.29,1.42,2.39
2016-11-18,52.90,52.74,54.49,52.61,17993,96170000,0.30,0.57,3.59,3.89
2016-11-21,53.24,52.98,53.50,52.53,16522,87700000,0.24,0.46,1.84,3.57
2016-11-22,53.32,53.60,54.77,53.00,26327,141990000,0.62,1.17,3.34,5.70
2016-11-23,53.74,52.06,53.75,51.95,21229,111830000,-1.54,-2.87,3.36,4.59
2016-11-24,52.08,51.23,52.49,51.20,13010,67460000,-0.83,-1.59,2.48,2.81
2016-11-25,51.25,51.78,51.94,49.73,15691,79480000,0.55,1.07,4.31,3.39
2016-11-28,51.85,51.52,52.10,51.20,8818,45660000,-0.26,-0.50,1.74,1.91
2016-11-29,51.70,50.62,51.70,50.56,9523,48480000,-0.90,-1.75,2.21,2.06
2016-11-30,50.20,50.53,50.96,49.50,11390,57210000,-0.09,-0.18,2.88,2.46
2016-12-01,50.65,52.06,52.09,50.65,14846,76870000,1.53,3.03,2.85,3.21
2016-12-02,51.99,51.35,52.78,51.00,23370,122010000,-0.71,-1.36,3.42,5.06
2016-12-05,50.75,51.89,52.45,50.25,10259,52990000,0.54,1.05,4.28,2.22
2016-12-06,52.01,52.94,53.95,51.05,18573,97600000,1.05,2.02,5.59,4.02
2016-12-07,53.00,53.01,53.45,52.18,9079,47890000,0.07,0.13,2.40,1.96
2016-12-08,53.20,52.68,53.78,52.56,9920,52760000,-0.33,-0.62,2.30,2.15
2016-12-09,52.56,51.84,52.86,51.52,8242,42800000,-0.84,-1.59,2.54,1.78
2016-12-12,51.87,49.00,51.94,48.60,15038,74920000,-2.84,-5.48,6.44,3.25
2016-12-13,48.79,49.20,49.88,48.76,6539,32180000,0.20,0.41,2.29,1.41
2016-12-14,49.21,48.55,49.48,48.37,5792,28260000,-0.65,-1.32,2.26,1.25
2016-12-15,48.56,48.93,49.53,48.55,5597,27510000,0.38,0.78,2.02,1.21
2016-12-16,48.92,49.74,50.50,48.92,6549,32610000,0.81,1.66,3.23,1.42
2016-12-19,49.75,49.79,49.99,49.56,2594,12900000,0.05,0.10,0.86,0.56
2016-12-20,49.89,49.34,49.89,49.00,5079,25040000,-0.45,-0.90,1.79,1.10
2016-12-21,49.35,49.95,50.00,49.10,4747,23630000,0.61,1.24,1.82,1.03
2016-12-22,49.95,49.85,50.45,49.58,4945,24760000,-0.10,-0.20,1.74,1.07
2016-12-23,49.86,49.91,50.28,49.30,7526,37430000,0.06,0.12,1.97,1.63
2016-12-26,49.63,50.13,50.38,48.60,12231,60200000,0.22,0.44,3.57,2.65
2016-12-27,50.14,50.89,51.46,49.81,6657,33850000,0.76,1.52,3.29,1.44
2016-12-28,51.10,50.91,51.59,50.69,5790,29670000,0.02,0.04,1.77,1.25
2016-12-29,50.65,51.42,52.06,50.65,12827,66200000,0.51,1.00,2.77,2.77
2016-12-30,51.44,52.11,52.50,50.04,13338,68480000,0.69,1.34,4.78,2.89
2017-01-03,52.18,51.37,52.42,51.00,10253,52660000,-0.74,-1.42,2.73,2.22
2017-01-04,51.11,51.41,52.14,51.07,6319,32570000,0.04,0.08,2.08,1.37
2017-01-05,51.42,50.89,52.04,50.83,7440,38150000,-0.52,-1.01,2.35,1.61
2017-01-06,50.91,49.97,51.25,49.88,8832,44430000,-0.92,-1.81,2.69,1.91
2017-01-09,49.92,50.17,50.22,49.33,6513,32500000,0.20,0.40,1.78,1.41
2017-01-10,50.17,50.34,50.36,49.94,3630,18210000,0.17,0.34,0.84,0.79
2017-01-11,50.34,49.43,50.38,49.40,6267,31200000,-0.91,-1.81,1.95,1.36
2017-01-12,49.76,48.02,49.76,48.00,6166,29990000,-1.41,-2.85,3.56,1.33
2017-01-13,47.95,45.83,48.26,45.00,13464,62410000,-2.19,-4.56,6.79,2.91
2017-01-16,46.60,44.30,46.60,42.87,9510,42990000,-1.53,-3.34,8.14,2.06
2017-01-17,44.30,45.73,46.15,43.67,7343,33290000,1.43,3.23,5.60,1.59
2017-01-18,45.99,46.72,47.00,45.82,5201,24300000,0.99,2.16,2.58,1.13
2017-01-19,46.70,46.08,47.00,45.76,3538,16380000,-0.64,-1.37,2.65,0.77
2017-01-20,46.18,46.89,46.96,46.08,2565,11990000,0.81,1.76,1.91,0.55
2017-01-23,46.92,46.78,47.83,46.60,4356,20510000,-0.11,-0.23,2.62,0.94
2017-01-24,46.66,46.77,47.23,46.60,2699,12680000,-0.01,-0.02,1.35,0.58
2017-01-25,47.15,46.75,47.15,46.51,7906,37000000,-0.02,-0.04,1.37,1.71
2017-01-26,46.86,46.99,47.10,46.60,4373,20500000,0.24,0.51,1.07,0.95
2017-02-03,47.45,47.04,47.78,46.31,4639,21660000,0.05,0.11,3.13,1.00
2017-02-06,46.78,47.86,47.96,46.72,4433,21000000,0.82,1.74,2.64,0.96
2017-02-07,47.55,47.13,47.95,46.78,5915,27899800,-0.73,-1.53,2.445,1.28
2017-02-08,46.85,47.30,47.40,46.82,3762,17714700,0.17,0.36,1.231,0.81
2017-02-09,47.01,47.28,47.60,47.01,3050,14427700,-0.02,-0.04,1.247,0.66
2017-02-10,47.41,47.52,47.85,47.33,5182,24608100,0.24,0.51,1.1,1.12
2017-02-13,47.75,48.13,48.25,47.58,5461,26243400,0.61,1.28,1.41,1.18
2017-02-14,48.00,48.59,48.77,47.83,6252,30101100,0.46,0.96,1.953,1.35
2017-02-15,48.60,47.92,48.94,47.82,5419,26177400,-0.67,-1.38,2.305,1.17
2017-02-16,47.62,47.96,48.18,47.56,3362,16088100,0.04,0.08,1.294,0.73
2017-02-17,47.90,46.50,48.15,46.49,7298,34407000,-1.46,-3.04,3.461,1.58
2017-02-20,46.12,47.04,47.27,46.01,5255,24626700,0.54,1.16,2.71,1.14
2017-02-21,47.14,46.63,47.19,46.51,6846,32054200,-0.41,-0.87,1.45,1.48
2017-02-22,46.57,47.26,47.69,46.57,8126,38407100,0.63,1.35,2.40,1.76
2017-02-23,47.20,48.82,49.03,47.20,12617,61182900,1.56,3.30,3.87,2.73
2017-02-24,49.05,48.82,49.05,48.42,10503,51240400,0.00,0.00,1.29,2.27
2017-02-27,48.64,49.29,49.55,48.64,11688,57542800,0.47,0.96,1.86,2.53
2017-02-28,48.70,49.26,49.39,47.69,13705,66639400,-0.03,-0.06,3.45,2.96
2017-03-01,49.26,51.39,53.15,48.78,25755,130990700,2.13,4.32,8.87,5.57
2017-03-02,51.43,50.42,51.46,50.28,14507,73651200,-0.97,-1.89,2.30,3.14
2017-03-03,50.68,50.32,50.93,50.13,6542,33039600,-0.10,-0.20,1.59,1.42
2017-03-06,50.21,51.91,52.79,50.03,18595,96900900,1.59,3.16,5.49,4.02
2017-03-07,51.75,51.93,52.83,51.70,12904,67542800,0.02,0.04,2.18,2.79
2017-03-08,51.80,52.25,52.28,50.87,9271,47857100,0.32,0.62,2.71,2.01
2017-03-09,52.00,51.94,52.19,51.00,7006,36207600,-0.31,-0.59,2.28,1.52
2017-03-10,51.57,52.80,53.59,51.57,16675,88412900,0.86,1.66,3.89,3.61
2017-03-13,52.53,52.69,53.14,52.42,6710,35382600,-0.11,-0.21,1.36,1.45
2017-03-14,52.91,52.23,53.25,52.12,8052,42118600,-0.46,-0.87,2.15,1.74
2017-03-15,52.06,51.75,52.55,51.70,6504,33842300,-0.48,-0.92,1.63,1.41
2017-03-16,51.55,53.57,53.92,51.55,14211,75440971,1.82,3.52,4.58,3.07
2017-03-17,53.08,53.89,55.80,53.08,18461,100854028,0.32,0.60,5.08,3.99
2017-03-20,53.64,53.29,54.80,53.03,9974,53595050,-0.60,-1.11,3.28,2.16
2017-03-21,53.32,54.28,55.30,53.10,17335,93950432,0.99,1.86,4.13,3.75
2017-03-22,53.53,53.71,54.26,53.00,8903,47719179,-0.57,-1.05,2.32,1.93
2017-03-23,53.65,55.04,55.70,53.36,21725,119237439,1.33,2.48,4.36,4.70
2017-03-24,55.17,55.62,56.35,54.82,16993,94846224,0.58,1.05,2.78,3.68
2017-03-27,55.48,55.74,55.98,54.50,9846,54413216,0.12,0.22,2.66,2.13
2017-03-28,55.60,55.69,55.84,54.50,9611,53145529,-0.05,-0.09,2.40,2.08
2017-03-29,55.68,53.39,55.88,53.23,11240,61227507,-2.30,-4.13,4.76,2.43
2017-03-30,53.40,52.86,54.07,52.54,10965,58508534,-0.53,-0.99,2.87,2.37
2017-03-31,52.56,55.98,56.38,52.56,21891,121282387,3.12,5.90,7.23,4.74
2017-04-05,56.21,55.92,57.60,55.40,15158,85616013,-0.06,-0.11,3.93,3.28
2017-04-06,55.53,56.14,56.38,55.26,7801,43443722,0.22,0.39,2.00,1.69
2017-04-07,56.19,54.85,56.39,54.80,8323,45983769,-1.11,-1.98,2.84,1.80
2017-04-10,55.00,54.27,55.55,53.70,8771,47679221,-0.58,-1.06,3.37,1.90
2017-04-11,54.27,54.42,54.55,53.73,6664,36077184,0.15,0.28,1.51,1.44
2017-04-12,54.41,54.29,54.95,53.30,7187,39082352,-0.13,-0.24,3.03,1.55
2017-04-13,53.91,54.28,54.76,53.65,5333,28950092,-0.01,-0.02,2.04,1.15
2017-04-14,54.06,53.74,54.68,53.63,5016,27183391,-0.54,-0.99,1.93,1.09
2017-04-17,53.11,53.85,54.24,52.75,4991,26794600,0.11,0.20,2.77,1.08
2017-04-18,53.99,53.28,54.11,53.18,3610,19356311,-0.57,-1.06,1.73,0.78
2017-04-19,53.03,53.97,54.14,52.40,5549,29574682,0.69,1.30,3.27,1.20
2017-04-20,54.24,52.78,54.39,52.48,9997,52904451,-1.19,-2.20,3.54,2.16
2017-04-21,52.90,52.95,53.44,52.17,2835,14960352,0.17,0.32,2.41,0.61
2017-04-24,52.95,52.77,53.87,51.62,4819,25495622,-0.18,-0.34,4.25,1.04
2017-04-25,54.40,55.96,56.25,54.40,20235,112610914,3.19,6.05,3.51,4.38
2017-04-26,55.80,57.44,58.57,55.60,19660,113005215,1.48,2.64,5.31,4.25
2017-04-27,57.40,57.91,58.15,56.30,10626,61101747,0.47,0.82,3.22,2.30
2017-04-28,57.68,57.59,58.10,56.46,8570,49129795,-0.32,-0.55,2.83,1.85
2017-05-02,57.72,59.63,60.00,57.05,14079,82460984,2.04,3.54,5.12,3.05
2017-05-03,59.80,59.99,60.43,58.77,11408,68378328,0.36,0.60,2.78,2.47
2017-05-04,59.99,59.55,60.58,58.22,12672,75381604,-0.44,-0.73,3.93,2.74
2017-05-05,59.08,58.70,59.60,58.20,6333,37347957,-0.85,-1.43,2.35,1.37
2017-05-08,58.16,57.81,59.45,57.77,12109,71004450,-0.89,-1.52,2.86,2.62
2017-05-09,57.80,58.04,59.15,57.18,9108,53008216,0.23,0.40,3.41,1.97
2017-05-10,58.00,56.33,58.40,56.05,17447,99418165,-1.71,-2.95,4.05,3.77
2017-05-11,56.07,58.00,58.05,56.07,11359,64732487,1.67,2.96,3.52,2.46
2017-05-12,58.29,57.85,58.96,57.05,12292,71338484,-0.15,-0.26,3.29,2.66
2017-05-15,57.30,58.37,58.80,56.00,8420,48676832,0.52,0.90,4.84,1.82
2017-05-16,58.25,60.04,60.08,57.71,10812,64239518,1.67,2.86,4.06,2.34
2017-05-17,60.06,60.17,60.70,59.61,7756,46616398,0.13,0.22,1.82,1.68
2017-05-18,59.63,59.69,60.22,59.20,4414,26434215,-0.48,-0.80,1.70,0.95
2017-05-19,60.10,58.42,60.10,58.30,4473,26371422,-1.27,-2.13,3.02,0.97
2017-05-22,58.22,58.03,58.76,57.81,5049,29422503,-0.39,-0.67,1.63,1.09
2017-05-23,58.01,55.68,58.36,55.60,11951,67611210,-2.35,-4.05,4.76,2.59
2017-05-24,55.50,56.33,56.66,55.23,7995,44753892,0.65,1.17,2.57,1.73
2017-05-25,56.34,56.12,56.34,54.80,10150,56354544,-0.21,-0.37,2.73,2.20
2017-05-26,56.34,56.64,56.77,55.80,4548,25659885,0.52,0.93,1.73,0.98
2017-05-31,56.86,56.28,58.30,56.25,3535,20188047,-0.36,-0.64,3.62,0.77
2017-06-01,56.45,56.13,57.28,56.00,5712,32442575,-0.15,-0.27,2.27,1.24
2017-06-02,56.13,56.64,56.96,55.66,4665,26244904,0.51,0.91,2.32,1.01
2017-06-05,56.56,56.10,57.57,56.02,6321,35868334,-0.54,-0.95,2.74,1.37
2017-06-06,56.15,56.08,56.52,55.62,5167,29076392,-0.02,-0.04,1.60,1.12
2017-06-07,56.08,59.26,59.34,55.82,13175,75836309,3.18,5.67,6.28,2.85
2017-06-08,59.95,60.07,60.97,59.36,17907,108120987,0.81,1.37,2.72,3.87
2017-06-09,60.08,61.44,61.97,60.08,10409,63781387,1.37,2.28,3.15,2.25
2017-06-12,61.79,60.64,61.80,60.53,8372,51088066,-0.80,-1.30,2.07,1.81
2017-06-13,60.50,60.82,61.35,60.12,6504,39659116,0.18,0.30,2.03,1.41
2017-06-14,61.30,60.74,61.30,60.35,5179,31466966,-0.08,-0.13,1.56,1.12
2017-06-15,60.74,60.75,61.78,60.40,7789,47561784,0.01,0.02,2.27,1.69
2017-06-16,60.50,61.17,62.33,60.42,10967,67360166,0.42,0.69,3.14,2.37
