日期,开盘,收盘,最高,最低,交易量(手),交易金额(元),涨跌额,涨跌幅(%),振幅(%),换手率(%)
2014-09-09,24.59,29.51,29.51,24.59,1873,5510000,9.02,44.02,24.01,0.26
2014-09-10,32.46,32.46,32.46,32.46,842,2730000,2.95,10.00,0.00,0.12
2014-09-11,35.71,35.71,35.71,35.71,1079,3850000,3.25,10.01,0.00,0.15
2014-09-12,39.28,39.28,39.28,39.28,4883,19180000,3.57,10.00,0.00,0.68
2014-09-15,43.21,43.21,43.21,41.00,453861,1927590000,3.93,10.01,5.63,63.04
2014-09-16,42.00,43.43,43.68,41.50,255379,1089010000,0.22,0.51,5.05,35.47
2014-09-17,43.56,42.83,46.66,42.80,244099,1078940000,-0.60,-1.38,8.89,33.90
2014-09-18,41.59,41.08,42.26,40.78,160054,661400000,-1.75,-4.09,3.46,22.23
2014-09-19,41.30,41.43,41.78,40.92,79427,328910000,0.35,0.85,2.09,11.03
2014-09-22,41.28,40.15,41.28,39.81,96415,388970000,-1.28,-3.09,3.55,13.39
2014-09-23,40.28,40.18,40.69,39.90,65860,264610000,0.03,0.07,1.97,9.15
2014-09-24,40.15,40.56,41.36,39.91,76061,308840000,0.38,0.95,3.61,10.56
2014-09-25,40.50,39.67,40.58,39.59,75621,303310000,-0.89,-2.19,2.44,10.50
2014-09-26,39.44,38.91,39.49,38.70,56487,220320000,-0.76,-1.92,1.99,7.85
2014-09-29,39.17,39.54,39.93,39.10,41312,163460000,0.63,1.62,2.13,5.74
2014-09-30,39.70,40.12,40.27,39.56,41740,166900000,0.58,1.47,1.80,5.80
2014-10-08,40.30,40.59,40.87,40.30,48746,197700000,0.47,1.17,1.42,6.77
2014-10-09,40.73,40.39,40.73,39.90,47340,190620000,-0.20,-0.49,2.04,6.58
2014-10-10,40.24,39.92,40.34,39.80,35832,143540000,-0.47,-1.16,1.34,4.98
2014-10-13,39.70,40.15,40.20,39.20,35173,139110000,0.23,0.58,2.51,4.89
2014-10-14,40.05,39.81,40.40,39.62,32817,131450000,-0.34,-0.85,1.94,4.56
2014-10-15,39.75,39.83,39.98,39.32,30363,120390000,0.02,0.05,1.66,4.22
2014-10-16,39.56,39.47,40.10,39.36,30895,122750000,-0.36,-0.90,1.86,4.29
2014-10-17,39.41,41.18,41.48,39.36,101866,413610000,1.71,4.33,5.37,14.15
2014-10-20,41.45,41.21,41.80,41.04,65347,270430000,0.03,0.07,1.85,9.08
2014-10-21,41.12,42.02,42.58,41.05,98984,416430000,0.81,1.97,3.71,13.75
2014-10-22,42.07,42.58,43.99,42.03,105909,455560000,0.56,1.33,4.66,14.71
2014-10-23,42.74,41.70,43.43,41.66,77252,328700000,-0.88,-2.07,4.16,10.73
2014-10-24,41.71,41.19,42.15,40.95,60556,251340000,-0.51,-1.22,2.88,8.41
2014-10-27,41.01,40.40,41.01,40.00,38276,155090000,-0.79,-1.92,2.45,5.32
2014-10-28,41.00,42.66,42.76,40.51,85095,358010000,2.26,5.59,5.57,11.82
2014-10-29,43.00,42.80,43.52,42.60,95920,412490000,0.14,0.33,2.16,13.32
2014-10-30,42.78,43.10,43.93,42.60,85733,371120000,0.30,0.70,3.11,11.91
2014-10-31,43.90,46.82,47.38,43.66,162060,745740000,3.72,8.63,8.63,22.51
2014-11-03,46.47,46.81,48.75,46.30,125928,599500000,-0.01,-0.02,5.23,17.49
2014-11-04,46.85,47.96,48.30,46.32,89157,422300000,1.15,2.46,4.23,12.38
2014-11-05,47.50,47.46,48.50,46.80,66874,318040000,-0.50,-1.04,3.54,9.29
2014-11-06,47.31,48.60,48.98,47.03,86517,416660000,1.14,2.40,4.11,12.02
2014-11-07,48.61,46.74,49.96,46.45,130353,629170000,-1.86,-3.83,7.22,18.10
2014-11-10,46.66,47.68,47.92,46.62,66193,313100000,0.94,2.01,2.78,9.19
2014-11-11,47.91,45.66,47.96,45.62,85596,399060000,-2.02,-4.24,4.91,11.89
2014-11-12,45.50,49.21,49.93,45.41,120688,577160000,3.55,7.77,9.90,16.76
2014-11-13,48.48,49.97,51.33,47.82,145837,727450000,0.76,1.54,7.13,20.26
2014-11-14,49.29,48.03,49.97,46.65,93772,452690000,-1.94,-3.88,6.64,13.02
2014-11-17,47.80,49.24,50.30,46.99,76991,378620000,1.21,2.52,6.89,10.69
2014-11-18,49.43,50.47,50.65,49.00,77771,388780000,1.23,2.50,3.35,10.80
2014-11-19,50.35,49.54,50.86,48.80,67638,336360000,-0.93,-1.84,4.08,9.39
2014-11-20,48.99,48.91,49.65,48.61,46392,227550000,-0.63,-1.27,2.10,6.44
2014-11-21,48.78,49.40,49.95,48.78,56819,280830000,0.49,1.00,2.39,7.89
2014-11-24,49.70,49.22,50.26,48.80,65264,322760000,-0.18,-0.36,2.96,9.06
2014-11-25,49.25,47.95,49.25,47.30,72271,347620000,-1.27,-2.58,3.96,10.04
2014-11-26,48.05,48.24,48.53,47.50,40908,196430000,0.29,0.60,2.15,5.68
2014-11-27,48.70,48.96,49.77,48.42,56955,279480000,0.72,1.49,2.80,7.91
2014-11-28,49.15,48.02,49.15,47.52,55315,266310000,-0.94,-1.92,3.33,7.68
2014-12-01,47.80,47.64,48.00,46.96,45284,214720000,-0.38,-0.79,2.17,6.29
2014-12-02,47.80,48.79,49.55,47.57,68216,333510000,1.15,2.41,4.16,9.47
2014-12-03,48.80,49.17,49.28,47.80,60863,295390000,0.38,0.78,3.03,8.45
2014-12-04,49.43,48.79,49.69,48.70,57282,280400000,-0.38,-0.77,2.01,7.96
2014-12-05,48.45,47.16,48.70,46.98,62705,298480000,-1.63,-3.34,3.53,8.71
2014-12-08,46.80,46.90,47.72,46.33,42374,198830000,-0.26,-0.55,2.95,5.89
2014-12-09,46.76,43.71,46.76,43.62,78274,352670000,-3.19,-6.80,6.70,10.87
2014-12-10,43.60,44.68,45.08,43.30,35095,156100000,0.97,2.22,4.07,4.87
2014-12-11,44.40,45.34,45.55,44.25,30452,137540000,0.66,1.48,2.91,4.23
2014-12-12,45.30,45.66,45.80,44.67,26962,121560000,0.32,0.71,2.49,3.74
2014-12-15,45.47,45.94,46.20,45.02,28384,130040000,0.28,0.61,2.58,3.94
2014-12-16,45.71,44.89,46.00,44.88,32443,146590000,-1.05,-2.29,2.44,4.51
2014-12-17,44.52,42.95,44.58,42.80,59023,256630000,-1.94,-4.32,3.97,8.20
2014-12-18,43.00,43.17,43.79,42.96,28643,124100000,0.22,0.51,1.93,3.98
2014-12-19,43.14,41.52,43.15,40.70,44933,186640000,-1.65,-3.82,5.68,6.24
2014-12-22,41.33,39.88,41.33,39.50,32930,131540000,-1.64,-3.95,4.41,4.57
2014-12-23,39.88,41.57,41.80,39.87,33992,140240000,1.69,4.24,4.84,4.72
2014-12-24,42.01,43.61,43.99,41.88,47997,206750000,2.04,4.91,5.08,6.67
2014-12-25,43.30,43.37,43.51,42.54,32386,139360000,-0.24,-0.55,2.22,4.50
2014-12-26,43.18,43.77,44.13,42.78,27299,118790000,0.40,0.92,3.11,3.79
2014-12-29,43.66,42.73,43.66,42.68,23723,102180000,-1.04,-2.38,2.24,3.29
2014-12-30,42.81,41.69,43.10,41.50,21637,90900000,-1.04,-2.43,3.74,3.01
2014-12-31,41.50,42.03,42.25,41.46,16889,70750000,0.34,0.82,1.89,2.35
2015-01-05,41.90,42.74,43.48,40.90,34359,145450000,0.71,1.69,6.14,4.77
2015-01-06,42.49,43.83,43.88,42.01,40583,175740000,1.09,2.55,4.38,5.64
2015-01-07,43.81,43.08,43.81,42.71,27523,118830000,-0.75,-1.71,2.51,3.82
2015-01-08,42.80,45.25,45.83,42.64,64991,288660000,2.17,5.04,7.40,9.03
2015-01-09,44.65,44.04,45.88,44.00,62434,281330000,-1.21,-2.67,4.15,8.67
2015-01-12,43.70,45.91,45.98,43.65,67319,304010000,1.87,4.25,5.29,9.35
2015-01-13,45.91,45.46,45.96,44.90,43909,199170000,-0.45,-0.98,2.31,6.10
2015-01-14,45.42,43.99,45.88,43.90,37572,167330000,-1.47,-3.23,4.36,5.22
2015-01-15,43.82,43.92,44.47,43.50,26505,116140000,-0.07,-0.16,2.21,3.68
2015-01-16,43.83,44.60,45.50,43.78,33126,148140000,0.68,1.55,3.92,4.60
2015-01-19,44.00,43.19,45.80,42.30,48870,216810000,-1.41,-3.16,7.85,6.79
2015-01-20,44.39,47.01,47.33,44.37,89099,409230000,3.82,8.84,6.85,12.37
2015-01-21,46.90,47.53,47.98,46.71,68469,323790000,0.52,1.11,2.70,9.51
2015-01-22,47.53,47.22,47.53,46.88,33466,157780000,-0.31,-0.65,1.37,4.65
2015-01-23,47.54,47.78,48.80,47.33,60992,293410000,0.56,1.19,3.11,8.47
2015-01-26,47.71,48.67,49.28,47.71,45990,223360000,0.89,1.86,3.29,6.39
2015-01-27,48.80,47.52,48.84,47.00,44533,212470000,-1.15,-2.36,3.78,6.19
2015-01-28,47.11,46.82,47.18,46.53,28569,133870000,-0.70,-1.47,1.37,3.97
2015-01-29,46.50,46.89,47.35,46.20,20291,95100000,0.07,0.15,2.46,2.82
2015-01-30,46.82,46.09,47.28,46.01,17547,81740000,-0.80,-1.71,2.71,2.44
2015-02-02,45.78,45.39,45.99,45.24,16527,75390000,-0.70,-1.52,1.63,2.30
2015-02-03,45.50,46.39,46.46,45.39,21172,97300000,1.00,2.20,2.36,2.94
2015-02-04,46.50,45.07,46.65,45.05,32077,146370000,-1.32,-2.85,3.45,4.46
2015-02-05,45.51,45.02,45.80,44.75,23202,104870000,-0.05,-0.11,2.33,3.22
2015-02-06,44.95,43.71,44.95,43.65,22100,97620000,-1.31,-2.91,2.89,3.07
2015-02-09,43.40,43.75,44.20,43.35,10286,45200000,0.04,0.09,1.94,1.43
2015-02-10,43.62,43.96,44.07,43.53,13715,60020000,0.21,0.48,1.23,1.90
2015-02-11,43.98,43.96,44.20,43.79,16713,73500000,0.00,0.00,0.93,2.32
2015-02-12,43.96,45.63,46.32,43.96,35413,160020000,1.67,3.80,5.37,4.92
2015-02-13,45.83,45.87,46.30,45.50,31259,143840000,0.24,0.53,1.75,4.34
2015-02-16,45.92,46.78,47.18,45.92,26758,125260000,0.91,1.98,2.75,3.72
2015-02-17,46.75,46.98,47.08,46.18,23426,109080000,0.20,0.43,1.92,3.25
2015-02-25,47.15,46.10,47.29,46.09,18972,88210000,-0.88,-1.87,2.55,2.64
2015-02-26,46.15,46.92,47.08,45.80,19709,91750000,0.82,1.78,2.78,2.74
2015-02-27,46.95,46.70,47.00,46.57,17488,81700000,-0.22,-0.47,0.92,2.43
2015-03-02,46.97,47.84,47.94,46.80,33601,159110000,1.14,2.44,2.44,4.67
2015-03-03,47.55,47.31,48.59,47.16,46224,221660000,-0.53,-1.11,2.99,6.42
2015-03-04,47.20,47.41,47.57,46.92,23921,112980000,0.10,0.21,1.37,3.32
2015-03-05,47.20,47.28,47.38,46.50,25490,119510000,-0.13,-0.27,1.86,3.54
2015-03-06,47.71,50.52,50.85,47.33,75250,369450000,3.24,6.85,7.45,10.45
2015-03-09,50.51,50.76,52.44,50.07,63675,325530000,0.24,0.48,4.69,8.84
2015-03-10,50.85,51.38,52.16,50.22,43731,224860000,0.62,1.22,3.82,6.07
2015-03-11,51.00,50.15,51.34,49.80,34736,175220000,-1.23,-2.39,3.00,4.82
2015-03-12,50.06,52.33,53.98,50.05,63303,331350000,2.18,4.35,7.84,8.79
2015-03-13,52.96,52.80,53.97,51.85,36023,189930000,0.47,0.90,4.05,5.00
2015-03-16,53.00,53.53,53.60,52.78,38864,206900000,0.73,1.38,1.55,5.40
2015-03-17,53.55,54.72,54.96,53.03,50505,272610000,1.19,2.22,3.61,7.01
2015-03-18,54.93,56.47,56.98,54.42,46407,260260000,1.75,3.20,4.68,6.45
2015-03-19,56.38,57.64,57.85,55.60,50529,286080000,1.17,2.07,3.98,7.02
2015-03-20,57.11,58.12,58.48,56.20,36685,211930000,0.48,0.83,3.96,5.10
2015-03-23,58.31,62.30,63.63,58.31,63281,388970000,4.18,7.19,9.15,8.79
2015-03-24,61.90,67.32,67.50,61.02,98818,636630000,5.02,8.06,10.40,13.72
2015-03-25,69.06,65.79,71.88,65.65,158982,1087420000,-1.53,-2.27,9.25,22.08
2015-03-26,65.80,61.99,65.95,61.88,100927,636070000,-3.80,-5.78,6.19,14.02
2015-03-27,61.70,62.34,62.97,61.58,48634,303060000,0.35,0.56,2.24,6.75
2015-03-30,62.21,62.10,63.58,61.79,55124,343970000,-0.24,-0.39,2.87,7.66
2015-03-31,62.11,61.88,62.53,61.41,47096,291790000,-0.22,-0.35,1.80,6.54
2015-04-01,61.80,64.53,65.59,61.52,73210,468790000,2.65,4.28,6.58,10.17
2015-04-02,64.75,65.04,66.50,63.80,51958,338370000,0.51,0.79,4.18,7.22
2015-04-03,64.70,65.57,65.67,64.02,54183,353320000,0.53,0.81,2.54,7.53
2015-04-07,66.16,69.89,69.97,66.12,73574,505240000,4.32,6.59,5.87,10.22
2015-04-08,71.02,68.54,71.85,67.07,71300,492610000,-1.35,-1.93,6.84,9.90
2015-04-09,68.99,67.97,69.34,64.78,57279,383240000,-0.57,-0.83,6.65,7.96
2015-04-10,67.58,69.14,69.79,67.02,50351,347200000,1.17,1.72,4.08,6.99
2015-04-13,69.70,69.30,70.70,68.72,52371,365310000,0.16,0.23,2.86,7.27
2015-04-14,69.32,67.31,69.50,66.88,50561,342450000,-1.99,-2.87,3.78,7.02
2015-04-15,67.27,63.69,67.27,63.60,47613,310590000,-3.62,-5.38,5.45,6.61
2015-04-16,62.52,64.38,65.46,61.87,35723,228390000,0.69,1.08,5.64,4.96
2015-04-17,65.41,65.56,66.29,64.51,36731,240140000,1.18,1.83,2.76,5.10
2015-04-20,65.45,63.41,65.51,62.80,38817,248590000,-2.15,-3.28,4.13,5.39
2015-04-21,63.30,66.88,67.27,63.20,39940,261840000,3.47,5.47,6.42,5.55
2015-04-22,67.25,67.94,69.65,67.25,47037,321540000,1.06,1.58,3.59,6.53
2015-04-23,67.96,66.72,67.99,66.00,39663,264840000,-1.22,-1.80,2.93,5.51
2015-04-24,65.42,65.30,65.85,64.38,35121,228580000,-1.42,-2.13,2.20,4.88
2015-04-27,65.78,66.49,67.55,65.23,39265,260290000,1.19,1.82,3.55,5.45
2015-04-28,66.22,63.32,66.22,63.00,48673,312820000,-3.17,-4.77,4.84,6.76
2015-04-29,63.43,64.35,65.08,63.43,26990,173530000,1.03,1.63,2.61,3.75
2015-04-30,66.20,66.29,67.00,65.36,47345,314260000,1.94,3.01,2.55,6.58
2015-05-04,67.03,70.00,70.50,66.11,64737,445470000,3.71,5.60,6.62,8.99
2015-05-05,70.10,67.24,70.10,66.78,48072,326230000,-2.76,-3.94,4.74,6.68
2015-05-06,67.25,68.28,69.50,67.25,49463,339190000,1.04,1.55,3.35,6.87
2015-05-07,68.53,65.90,68.98,64.88,42235,278950000,-2.38,-3.49,6.00,5.87
2015-05-08,33.00,32.19,33.68,31.68,47053,152370000,-0.26,-0.80,6.16,3.27
2015-05-11,32.00,33.41,33.47,30.78,166098,535060000,1.22,3.79,8.36,11.53
2015-05-12,33.30,35.69,36.28,32.91,198812,679310000,2.28,6.82,10.09,13.81
2015-05-13,35.00,34.83,36.40,34.51,152510,539710000,-0.86,-2.41,5.30,10.59
2015-05-14,34.65,34.56,35.49,34.30,97580,338770000,-0.27,-0.78,3.42,6.78
2015-05-15,34.89,34.04,34.99,33.50,101433,345650000,-0.52,-1.50,4.31,7.04
2015-05-18,33.91,35.93,35.99,33.40,173505,609260000,1.89,5.55,7.61,12.05
2015-05-19,36.20,36.09,37.80,35.89,168436,616120000,0.16,0.45,5.32,11.70
2015-05-20,36.38,36.23,37.50,36.00,154660,570860000,0.14,0.39,4.16,10.74
2015-05-21,36.24,37.38,37.66,35.81,140820,521600000,1.15,3.17,5.11,9.78
2015-05-22,38.08,37.40,38.40,36.40,139460,519430000,0.02,0.05,5.35,9.68
2015-05-25,36.83,39.10,39.45,36.37,215200,825900000,1.70,4.55,8.24,14.94
2015-05-26,39.30,41.49,41.50,39.30,193041,779800000,2.39,6.11,5.63,13.41
2015-05-27,41.68,44.33,45.00,40.02,240069,1022630000,2.84,6.85,12.00,16.67
2015-05-28,43.91,42.19,47.75,41.75,290411,1322680000,-2.14,-4.83,13.53,20.17
2015-05-29,41.53,40.54,43.24,38.70,193277,792340000,-1.65,-3.91,10.76,13.42
2015-06-01,40.80,41.84,41.87,39.60,145304,595050000,1.30,3.21,5.60,10.09
2015-06-02,41.85,42.65,43.00,40.16,163311,678480000,0.81,1.94,6.79,11.34
2015-06-03,42.73,40.99,42.73,40.80,114562,475870000,-1.66,-3.89,4.53,7.96
2015-06-04,41.10,39.26,41.44,37.00,143533,558220000,-1.73,-4.22,10.83,9.97
2015-06-05,39.60,39.57,40.72,38.64,110550,439720000,0.31,0.79,5.30,7.68
2015-06-08,39.64,39.83,40.64,38.90,107698,428750000,0.26,0.66,4.40,7.48
2015-06-09,39.89,40.19,40.50,39.55,92625,370950000,0.36,0.90,2.39,6.43
2015-06-10,40.10,41.19,41.70,38.88,124589,503810000,1.00,2.49,7.02,8.65
2015-06-11,41.19,41.94,42.17,40.80,136969,569930000,0.75,1.82,3.33,9.51
2015-06-12,41.94,40.83,42.10,40.50,108344,445080000,-1.11,-2.65,3.82,7.52
2015-06-15,40.60,38.45,40.60,38.39,126044,492920000,-2.38,-5.83,5.41,8.75
2015-06-16,38.00,35.98,38.00,35.95,95661,351760000,-2.47,-6.42,5.33,6.64
2015-06-17,35.80,36.68,36.78,34.76,75039,269160000,0.70,1.95,5.61,5.21
2015-06-18,36.10,34.39,37.08,34.35,66172,237310000,-2.29,-6.24,7.44,4.60
2015-06-19,33.80,30.95,33.80,30.95,88665,285600000,-3.44,-10.00,8.29,6.16
2015-06-23,30.95,31.35,31.49,28.55,86483,263180000,0.40,1.29,9.50,6.01
2015-06-24,32.00,32.45,32.86,31.41,98458,317430000,1.10,3.51,4.63,6.84
2015-06-25,32.45,30.52,32.75,30.00,72833,229740000,-1.93,-5.95,8.47,5.06
2015-06-26,29.88,27.69,29.88,27.47,101194,288050000,-2.83,-9.27,7.90,7.03
2015-06-29,28.99,26.05,28.99,24.92,119676,321750000,-1.64,-5.92,14.70,8.31
2015-06-30,26.09,28.66,28.66,25.09,113762,305980000,2.61,10.02,13.70,7.90
2015-07-01,29.00,27.80,30.08,27.77,125023,365260000,-0.86,-3.00,8.06,8.68
2015-07-02,28.30,27.85,28.88,27.00,104959,294290000,0.05,0.18,6.76,7.29
2015-07-03,27.49,27.93,29.50,25.46,115666,319110000,0.08,0.29,14.51,8.03
2015-07-06,30.70,29.46,30.72,25.80,167108,485580000,1.53,5.48,17.62,11.60
2015-07-07,28.56,26.52,29.28,26.51,134562,368460000,-2.94,-9.98,9.40,9.34
2015-07-08,23.87,25.13,26.49,23.87,248236,617770000,-1.39,-5.24,9.88,17.24
2015-07-09,25.13,27.64,27.64,25.13,85740,231670000,2.51,9.99,9.99,5.95
2015-07-10,29.02,30.40,30.40,29.01,134507,405740000,2.76,9.99,5.03,9.34
2015-07-13,31.00,33.44,33.44,30.05,210677,674880000,3.04,10.00,11.15,14.63
2015-07-14,32.50,31.49,33.72,31.30,179326,578880000,-1.95,-5.83,7.24,12.45
2015-07-15,30.60,28.34,30.99,28.34,111448,328730000,-3.15,-10.00,8.42,7.74
2015-07-16,28.34,29.39,30.02,27.18,76786,223470000,1.05,3.71,10.02,5.33
2015-07-17,29.45,31.16,31.45,29.45,69495,213420000,1.77,6.02,6.81,4.83
2015-07-20,31.40,30.66,31.85,29.88,91844,284170000,-0.50,-1.60,6.32,6.38
2015-07-21,30.01,30.98,31.15,29.68,55019,168170000,0.32,1.04,4.79,3.82
2015-07-22,30.85,31.48,31.65,30.49,79472,247340000,0.50,1.61,3.74,5.52
2015-07-23,31.60,32.50,32.98,31.26,116088,373770000,1.02,3.24,5.46,8.06
2015-07-24,32.97,31.02,32.97,30.91,116451,372240000,-1.48,-4.55,6.34,8.09
2015-07-27,30.83,28.47,32.09,28.36,115094,353610000,-2.55,-8.22,12.02,7.99
2015-07-28,27.90,30.00,30.50,27.02,121518,353670000,1.53,5.37,12.22,8.44
2015-07-29,30.39,32.92,32.98,30.39,119557,376300000,2.92,9.73,8.63,8.30
2015-08-06,32.00,30.67,32.50,30.00,73745,230590000,-2.25,-6.83,7.59,5.12
2015-08-07,30.65,30.99,31.46,30.65,56232,173940000,0.32,1.04,2.64,3.91
2015-08-10,31.15,32.11,32.47,30.70,90429,287310000,1.12,3.61,5.71,6.28
2015-08-11,32.10,32.69,32.72,31.50,90500,290390000,0.58,1.81,3.80,6.28
2015-08-12,32.48,31.45,32.48,31.30,60028,191940000,-1.24,-3.79,3.61,4.17
2015-08-13,31.03,31.55,31.69,30.57,44883,140160000,0.10,0.32,3.56,3.12
2015-08-14,31.75,30.81,31.95,30.76,65173,203360000,-0.74,-2.35,3.77,4.53
2015-08-17,30.58,30.42,30.60,30.00,50370,152790000,-0.39,-1.27,1.95,3.50
2015-08-18,30.49,27.88,31.19,27.39,66537,198520000,-2.54,-8.35,12.49,4.62
2015-08-19,27.54,29.57,29.66,27.00,63638,180310000,1.69,6.06,9.54,4.42
2015-08-20,29.43,27.99,29.43,27.95,35128,101160000,-1.58,-5.34,5.01,2.44
2015-08-21,27.67,26.64,28.39,26.30,43361,118460000,-1.35,-4.82,7.47,3.01
2015-08-24,25.50,23.98,25.50,23.98,41571,100690000,-2.66,-9.99,5.71,2.89
2015-08-25,21.58,21.58,22.44,21.58,47142,102250000,-2.40,-10.01,3.59,3.27
2015-08-26,21.58,20.04,22.50,20.00,72479,153450000,-1.54,-7.14,11.58,5.03
2015-08-27,20.68,20.93,21.98,19.60,45709,94600000,0.89,4.44,11.88,3.17
2015-08-28,21.44,22.18,22.40,20.71,77383,165760000,1.25,5.97,8.07,5.37
2015-08-31,21.82,20.79,21.88,20.70,41631,88350000,-1.39,-6.27,5.32,2.89
2015-09-01,20.50,18.87,20.50,18.80,46298,90150000,-1.92,-9.24,8.18,3.22
2015-09-02,18.06,19.67,19.68,17.92,58408,110640000,0.80,4.24,9.33,4.06
2015-09-07,19.80,19.84,20.48,19.80,38624,77870000,0.17,0.86,3.46,2.68
2015-09-08,19.88,20.58,20.70,19.01,40678,81360000,0.74,3.73,8.52,2.82
2015-09-09,19.88,21.24,21.72,19.88,118876,249280000,0.66,3.21,8.94,3.14
2015-09-10,20.60,20.21,20.87,20.00,66672,136790000,-1.03,-4.85,4.10,1.76
2015-09-11,20.27,20.02,20.48,19.61,42390,84850000,-0.19,-0.94,4.30,1.12
2015-09-14,20.20,18.02,20.42,18.02,54884,103230000,-2.00,-9.99,11.99,1.45
2015-09-15,17.50,16.53,17.85,16.39,53310,91500000,-1.49,-8.27,8.10,1.41
2015-09-16,17.00,18.02,18.18,16.60,70448,121400000,1.49,9.01,9.56,1.86
2015-09-17,17.79,17.40,18.19,17.30,62771,111680000,-0.62,-3.44,4.94,1.66
2015-09-18,17.40,17.51,17.77,17.24,30515,53240000,0.11,0.63,3.05,0.81
2015-09-21,17.25,18.11,18.16,17.02,49564,88630000,0.60,3.43,6.51,1.31
2015-09-22,18.31,18.22,18.60,18.03,49964,91450000,0.11,0.61,3.15,1.32
2015-09-23,17.99,17.84,18.09,17.60,38366,68580000,-0.38,-2.09,2.69,1.01
2015-09-24,17.88,18.31,18.40,17.88,47959,87350000,0.47,2.63,2.91,1.27
2015-09-25,18.27,17.74,18.27,17.61,35787,63980000,-0.57,-3.11,3.60,0.94
2015-09-28,17.79,17.97,17.98,17.40,23538,41840000,0.23,1.30,3.27,0.62
2015-09-29,17.79,17.71,17.80,17.56,21141,37390000,-0.26,-1.45,1.34,0.56
2015-09-30,17.72,17.78,17.96,17.72,15356,27390000,0.07,0.40,1.36,0.41
2015-10-08,18.35,18.75,18.94,18.15,80969,149920000,0.97,5.46,4.44,2.14
2015-10-09,18.80,18.85,18.96,18.55,60202,113000000,0.10,0.53,2.19,1.59
2015-10-12,18.87,19.92,20.10,18.87,106058,207400000,1.07,5.68,6.53,2.80
2015-10-13,19.61,20.04,20.09,19.51,65384,129830000,0.12,0.60,2.91,1.73
2015-10-14,19.98,19.66,20.03,19.52,70765,140070000,-0.38,-1.90,2.54,1.87
2015-10-15,19.50,20.47,20.54,19.33,89867,180540000,0.81,4.12,6.15,2.37
2015-10-16,20.63,20.58,20.73,20.05,87563,178630000,0.11,0.54,3.32,2.31
2015-10-19,20.65,20.17,20.73,20.04,78036,158450000,-0.41,-1.99,3.35,2.06
2015-10-20,20.18,20.57,20.60,20.03,84604,172140000,0.40,1.98,2.83,2.23
2015-10-21,20.59,19.10,20.59,18.95,111315,220820000,-1.47,-7.15,7.97,2.94
2015-10-22,19.18,19.54,19.59,18.91,70422,136020000,0.44,2.30,3.56,1.86
2015-10-23,19.70,20.20,20.40,19.43,83948,166420000,0.66,3.38,4.96,2.21
2015-10-26,20.50,20.45,20.66,20.17,97605,199350000,0.25,1.24,2.43,2.58
2015-10-27,20.20,20.65,20.68,19.48,84895,171010000,0.20,0.98,5.87,2.24
2015-10-28,20.60,20.92,21.61,20.32,141549,300400000,0.27,1.31,6.25,3.73
2015-10-29,21.00,21.11,21.59,20.80,88070,186650000,0.19,0.91,3.78,2.32
2015-10-30,21.05,20.74,21.05,20.33,63704,132260000,-0.37,-1.75,3.41,1.68
2015-11-02,20.27,20.35,21.35,19.94,74695,154530000,-0.39,-1.88,6.80,1.97
2015-11-03,20.34,21.34,21.67,20.29,132491,279170000,0.99,4.86,6.78,3.50
2015-11-04,21.66,22.41,22.44,21.33,187740,409720000,1.07,5.01,5.20,4.95
2015-11-05,22.26,22.18,22.50,21.81,149531,331850000,-0.23,-1.03,3.08,3.95
2015-11-06,22.11,22.80,23.00,22.11,118376,268630000,0.62,2.80,4.01,3.12
2015-11-09,22.68,23.22,23.36,22.41,120964,277690000,0.42,1.84,4.17,3.19
2015-11-10,22.96,22.88,23.16,22.62,88447,202720000,-0.34,-1.46,2.33,2.33
2015-11-11,22.89,23.33,23.36,22.60,104927,241820000,0.45,1.97,3.32,2.77
2015-11-12,23.45,24.58,24.94,23.31,168266,402890000,1.25,5.36,6.99,4.44
2015-11-13,24.07,23.28,24.27,23.13,116348,275780000,-1.30,-5.29,4.64,3.07
2015-11-16,22.50,23.27,23.29,22.40,64026,146630000,-0.01,-0.04,3.82,1.69
2015-11-17,23.58,22.94,23.95,22.91,83333,195500000,-0.33,-1.42,4.47,2.20
2015-11-18,22.82,22.30,23.02,22.24,53190,120740000,-0.64,-2.79,3.40,1.40
2015-11-19,22.35,22.98,22.99,22.35,51674,117170000,0.68,3.05,2.87,1.36
2015-11-20,23.10,23.37,23.70,23.00,61846,144720000,0.39,1.70,3.05,1.63
2015-11-23,23.40,23.41,24.09,23.22,76661,181360000,0.04,0.17,3.72,2.02
2015-11-24,23.27,23.65,23.68,23.03,58022,135190000,0.24,1.03,2.78,1.53
2015-11-25,23.66,23.65,23.69,23.33,117947,276870000,0.00,0.00,1.52,3.11
2015-11-26,23.58,24.05,24.50,23.51,179384,432160000,0.40,1.69,4.19,4.73
2015-11-27,23.70,21.80,23.87,21.65,185507,420650000,-2.25,-9.36,9.23,4.89
2015-11-30,21.80,21.40,21.98,20.52,107356,228430000,-0.40,-1.83,6.70,2.83
2015-12-01,21.22,21.44,21.74,21.16,69852,150110000,0.04,0.19,2.71,1.84
2015-12-02,21.31,21.24,21.50,20.60,64121,134830000,-0.20,-0.93,4.20,1.69
2015-12-03,21.36,21.76,21.83,21.25,52515,113310000,0.52,2.45,2.73,1.39
2015-12-04,21.68,21.57,22.10,21.47,63682,138530000,-0.19,-0.87,2.90,1.68
2015-12-07,21.63,21.67,21.78,21.40,45187,97610000,0.10,0.46,1.76,1.19
2015-12-08,21.51,20.95,21.54,20.81,63816,135070000,-0.72,-3.32,3.37,1.68
2015-12-09,20.95,20.98,21.13,20.78,41096,85960000,0.03,0.14,1.67,1.08
2015-12-10,20.91,20.88,21.17,20.72,42903,89920000,-0.10,-0.48,2.14,1.13
2015-12-11,20.92,20.79,21.06,20.62,33608,69840000,-0.09,-0.43,2.11,0.89
2015-12-14,20.51,21.32,21.37,20.48,47852,100440000,0.53,2.55,4.28,1.26
2015-12-15,21.38,21.31,21.65,21.07,47187,100740000,-0.01,-0.05,2.72,1.25
2015-12-16,21.36,21.40,21.63,21.30,47905,102910000,0.09,0.42,1.55,1.26
2015-12-17,21.46,21.94,22.00,21.44,84419,183690000,0.54,2.52,2.62,2.23
2015-12-18,21.93,21.81,22.20,21.70,68418,150010000,-0.13,-0.59,2.28,1.81
2015-12-21,21.75,22.38,22.50,21.75,81982,182240000,0.57,2.61,3.44,2.16
2015-12-22,22.40,22.61,22.62,22.17,67615,151510000,0.23,1.03,2.01,1.78
2015-12-23,22.58,22.10,22.75,22.07,66455,149220000,-0.51,-2.26,3.01,1.75
2015-12-24,22.10,22.02,22.30,21.58,54786,120070000,-0.08,-0.36,3.26,1.45
2015-12-25,21.98,22.24,22.28,21.98,44667,98840000,0.22,1.00,1.36,1.18
2015-12-28,22.30,21.81,22.70,21.77,75311,168090000,-0.43,-1.93,4.18,1.99
2015-12-29,21.83,22.23,22.25,21.70,39088,85620000,0.42,1.93,2.52,1.03
2015-12-30,22.25,22.80,22.84,22.25,100911,228260000,0.57,2.56,2.65,2.66
2015-12-31,22.75,22.38,22.75,22.25,56284,126490000,-0.42,-1.84,2.19,1.49
2016-01-04,22.36,20.14,22.36,20.14,57854,123210000,-2.24,-10.01,9.92,1.53
2016-01-05,19.38,19.98,20.51,19.01,68823,136230000,-0.16,-0.79,7.45,1.82
2016-01-06,19.99,20.38,20.40,19.96,61365,123540000,0.40,2.00,2.20,1.62
2016-01-07,20.00,18.34,20.00,18.34,15841,30190000,-2.04,-10.01,8.15,0.42
2016-01-08,19.20,18.91,19.30,17.81,62138,116490000,0.57,3.11,8.12,1.64
2016-01-11,18.41,17.50,18.75,17.40,51543,93690000,-1.41,-7.46,7.14,1.36
2016-01-12,17.59,17.65,17.91,17.01,33794,59430000,0.15,0.86,5.14,0.89
2016-01-13,17.91,17.09,17.98,17.02,33628,59160000,-0.56,-3.17,5.44,0.89
2016-01-14,16.65,17.67,17.72,16.63,38451,66270000,0.58,3.39,6.38,1.01
2016-01-15,17.60,17.07,17.73,16.90,35289,61100000,-0.60,-3.40,4.70,0.93
2016-01-18,17.00,17.42,17.55,16.65,36832,63640000,0.35,2.05,5.27,0.97
2016-01-19,17.21,18.06,18.08,17.21,49721,88190000,0.64,3.67,4.99,1.31
2016-01-20,17.90,17.73,18.14,17.64,38833,69400000,-0.33,-1.83,2.77,1.02
2016-01-21,17.50,17.04,17.89,17.00,37210,65040000,-0.69,-3.89,5.02,0.98
2016-01-22,17.22,17.28,17.47,16.88,27182,46680000,0.24,1.41,3.46,0.72
2016-01-25,17.50,17.51,17.74,17.30,24608,43120000,0.23,1.33,2.55,0.65
2016-01-26,17.30,16.08,17.30,16.01,48918,81720000,-1.43,-8.17,7.37,1.29
2016-01-27,16.09,15.79,16.29,15.15,46760,73510000,-0.29,-1.80,7.09,1.23
2016-01-28,15.60,15.16,15.92,15.11,24616,38310000,-0.63,-3.99,5.13,0.65
2016-01-29,15.16,15.58,15.82,15.15,42530,66240000,0.42,2.77,4.42,1.12
2016-02-01,15.69,15.39,15.74,15.14,28107,43400000,-0.19,-1.22,3.85,0.74
2016-02-02,15.40,15.90,15.96,15.20,47583,75000000,0.51,3.31,4.94,1.26
2016-02-03,15.60,15.76,15.86,15.40,50063,77970000,-0.14,-0.88,2.89,1.32
2016-02-04,15.73,16.05,16.10,15.73,53884,86070000,0.29,1.84,2.35,1.42
2016-02-05,15.96,15.92,16.08,15.88,47585,76020000,-0.13,-0.81,1.25,1.26
2016-02-15,15.34,15.65,15.77,15.26,27125,42040000,-0.27,-1.70,3.20,0.72
2016-02-16,15.69,16.34,16.48,15.66,62585,100820000,0.69,4.41,5.24,1.65
2016-02-17,16.20,16.37,16.43,16.11,57162,92850000,0.03,0.18,1.96,1.51
2016-02-18,16.46,16.40,16.69,16.35,76517,126360000,0.03,0.18,2.08,2.02
2016-02-19,16.32,16.75,16.80,16.26,73022,120650000,0.35,2.13,3.29,1.93
2016-04-29,17.00,17.36,17.98,16.85,136978,239710000,0.61,3.64,6.75,3.61
2016-05-03,17.10,17.47,17.48,16.80,97220,167450000,0.11,0.63,3.92,2.57
2016-05-04,17.31,17.27,17.40,17.11,66617,114940000,-0.20,-1.14,1.66,1.76
2016-05-05,17.16,17.20,17.26,16.91,54293,92740000,-0.07,-0.41,2.03,1.43
2016-05-06,17.10,16.37,17.27,16.36,70038,117790000,-0.83,-4.83,5.29,1.85
2016-05-09,16.42,15.81,16.43,15.64,55090,87780000,-0.56,-3.42,4.83,1.45
2016-05-10,15.65,15.75,15.88,15.65,28539,45000000,-0.06,-0.38,1.45,0.75
2016-05-11,15.92,15.73,15.95,15.53,30948,48810000,-0.02,-0.13,2.67,0.82
2016-05-12,15.50,16.18,16.19,15.20,45639,71580000,0.45,2.86,6.29,1.20
2016-05-13,16.15,17.38,17.67,16.05,114730,193290000,1.20,7.42,10.01,3.03
2016-05-16,17.50,17.69,17.85,16.92,142719,249570000,0.31,1.78,5.35,3.77
2016-05-17,17.50,17.40,17.88,17.26,105734,185340000,-0.29,-1.64,3.50,2.79
2016-05-18,17.24,17.05,17.24,16.65,75393,127950000,-0.35,-2.01,3.39,1.99
2016-05-19,17.00,17.14,17.47,16.98,74961,129380000,0.09,0.53,2.87,1.98
2016-05-20,16.87,17.44,17.47,16.75,68916,118610000,0.30,1.75,4.20,1.82
2016-05-23,17.51,17.57,17.71,17.32,80449,140920000,0.13,0.75,2.24,2.12
2016-05-24,17.50,17.11,17.54,16.95,54041,92990000,-0.46,-2.62,3.36,1.43
2016-05-25,17.28,16.96,17.46,16.92,45920,78930000,-0.15,-0.88,3.16,1.21
2016-05-26,16.92,16.90,17.10,16.38,53413,89170000,-0.06,-0.35,4.25,1.41
2016-05-27,16.92,16.80,17.03,16.61,43840,73660000,-0.10,-0.59,2.49,1.16
2016-05-30,16.70,16.46,16.70,16.36,34652,57270000,-0.34,-2.02,2.02,0.91
2016-05-31,16.58,17.56,17.58,16.55,83769,143800000,1.10,6.68,6.26,2.21
2016-06-01,17.60,17.52,17.75,17.45,82064,144160000,-0.04,-0.23,1.71,2.17
2016-06-02,17.55,18.46,18.60,17.40,143323,259550000,0.94,5.37,6.85,3.78
2016-06-03,18.36,18.38,18.50,18.11,94737,173500000,-0.08,-0.43,2.11,2.50
2016-06-06,18.39,18.31,18.49,18.14,67864,123980000,-0.07,-0.38,1.90,1.79
2016-06-07,17.80,17.63,17.80,17.32,73425,128530000,-0.18,-1.01,2.70,1.94
2016-06-08,17.54,17.63,17.76,17.32,75652,133120000,0.00,0.00,2.50,2.00
2016-06-13,17.35,16.63,17.39,16.60,72517,124120000,-1.00,-5.67,4.48,1.91
2016-06-14,16.55,16.41,16.75,16.25,42684,70020000,-0.22,-1.32,3.01,1.13
2016-06-15,16.24,17.13,17.23,16.24,64920,109610000,0.72,4.39,6.03,1.71
2016-06-16,17.12,17.08,17.21,16.92,44091,75240000,-0.05,-0.29,1.69,1.16
2016-06-17,17.08,17.25,17.56,17.06,56184,97480000,0.17,1.00,2.93,1.48
2016-06-20,17.35,17.24,17.39,16.99,35428,60830000,-0.01,-0.06,2.32,0.93
2016-06-21,17.41,17.86,17.98,17.30,111117,196010000,0.62,3.60,3.94,2.93
2016-06-22,17.89,17.87,17.89,17.51,71898,127460000,0.01,0.06,2.13,1.90
2016-06-23,17.89,17.70,18.14,17.63,72535,129480000,-0.17,-0.95,2.85,1.91
2016-06-24,17.66,17.14,17.88,16.80,73456,127270000,-0.56,-3.16,6.10,1.94
2016-06-27,17.10,17.59,17.63,17.01,50493,88020000,0.45,2.63,3.62,1.33
2016-06-28,17.47,17.77,17.79,17.43,55097,97270000,0.18,1.02,2.05,1.45
2016-06-29,17.80,17.68,18.11,17.65,64904,115990000,-0.09,-0.51,2.59,1.71
2016-06-30,17.74,17.96,18.07,17.69,63830,114380000,0.28,1.58,2.15,1.68
2016-07-01,17.92,17.84,18.04,17.71,41464,73960000,-0.12,-0.67,1.84,1.09
2016-07-04,17.75,18.47,18.67,17.71,139565,256560000,0.63,3.53,5.38,3.68
2016-07-05,18.38,18.35,18.46,18.20,80739,147870000,-0.12,-0.65,1.41,2.13
2016-07-06,18.30,18.49,18.57,18.19,65071,119750000,0.14,0.76,2.07,1.72
2016-07-07,18.45,18.29,18.46,18.03,58819,107500000,-0.20,-1.08,2.33,1.55
2016-07-08,18.28,18.25,18.38,18.07,40645,74050000,-0.04,-0.22,1.69,1.07
2016-07-11,18.26,18.17,18.60,18.13,72481,133670000,-0.08,-0.44,2.58,1.91
2016-07-12,18.12,18.41,18.45,17.86,70964,128870000,0.24,1.32,3.25,1.87
2016-07-13,18.45,18.74,18.84,18.29,103514,192960000,0.33,1.79,2.99,2.73
2016-07-14,18.60,19.93,19.97,18.60,233943,457190000,1.19,6.35,7.31,6.17
2016-07-15,20.03,20.29,20.93,20.03,287277,588790000,0.36,1.81,4.52,7.58
2016-07-18,19.66,19.33,20.10,19.01,213686,413900000,-0.96,-4.73,5.37,5.64
2016-07-19,19.32,21.26,21.26,19.23,248768,508420000,1.93,9.98,10.50,6.56
2016-07-20,20.79,21.39,21.90,20.58,257761,544140000,0.13,0.61,6.21,6.80
2016-07-21,21.39,20.91,21.55,20.78,141620,298640000,-0.48,-2.24,3.60,3.74
2016-07-22,20.81,20.35,20.82,20.15,100612,206060000,-0.56,-2.68,3.20,2.65
2016-07-25,20.40,20.80,20.85,20.11,112301,230520000,0.45,2.21,3.64,2.96
2016-07-26,20.66,20.66,20.78,20.37,82089,168960000,-0.14,-0.67,1.97,2.17
2016-07-27,20.68,19.66,20.87,19.00,132357,265980000,-1.00,-4.84,9.05,3.49
2016-07-28,19.68,20.71,20.80,19.49,145234,291010000,1.05,5.34,6.66,3.83
2016-07-29,20.90,20.53,21.38,20.50,188215,394790000,-0.18,-0.87,4.25,4.97
2016-08-01,20.40,19.63,20.42,19.40,103772,205440000,-0.90,-4.38,4.97,2.74
2016-08-02,19.53,19.84,19.89,19.16,63760,124930000,0.21,1.07,3.72,1.68
2016-08-03,19.69,19.48,19.81,19.36,68502,133730000,-0.36,-1.81,2.27,1.81
2016-08-04,19.48,19.67,19.85,19.43,55753,109830000,0.19,0.98,2.16,1.47
2016-08-05,19.66,19.83,20.05,19.55,63546,126080000,0.16,0.81,2.54,1.68
2016-08-08,19.87,19.92,19.97,19.45,57367,112870000,0.09,0.45,2.62,1.51
2016-08-09,19.89,20.42,20.55,19.63,104512,211050000,0.50,2.51,4.62,2.76
2016-08-10,20.45,20.10,20.54,20.05,87852,177580000,-0.32,-1.57,2.40,2.32
2016-08-11,20.17,19.28,20.17,19.27,101896,199420000,-0.82,-4.08,4.48,2.69
2016-08-12,19.19,19.65,19.80,19.11,68088,132960000,0.37,1.92,3.58,1.80
2016-08-15,19.63,19.99,20.14,19.48,67900,134890000,0.34,1.73,3.36,1.79
2016-08-16,19.98,19.90,20.14,19.77,54008,107600000,-0.09,-0.45,1.85,1.43
2016-08-17,19.98,20.25,20.34,19.60,75248,150410000,0.35,1.76,3.72,1.99
2016-08-18,20.20,19.78,20.53,19.75,77853,156580000,-0.47,-2.32,3.85,2.05
2016-08-19,19.73,19.44,19.80,19.35,69462,135210000,-0.34,-1.72,2.28,1.83
2016-08-22,19.35,19.39,19.57,19.32,31190,60600000,-0.05,-0.26,1.29,0.82
2016-08-23,19.47,19.36,19.54,19.23,32833,63610000,-0.03,-0.15,1.60,0.87
2016-08-24,19.39,19.27,19.47,19.23,39287,75970000,-0.09,-0.46,1.24,1.04
2016-08-25,19.16,19.19,19.21,18.93,46930,89520000,-0.08,-0.42,1.45,1.24
2016-08-26,19.18,19.22,19.44,19.15,43580,84050000,0.03,0.16,1.51,1.15
2016-08-29,19.25,19.39,19.44,19.21,29702,57440000,0.17,0.88,1.20,0.78
2016-08-30,19.39,19.42,19.63,19.35,36050,70270000,0.03,0.15,1.44,0.95
2016-08-31,19.45,19.44,19.54,19.24,29822,57730000,0.02,0.10,1.54,0.79
2016-09-01,19.54,18.98,19.54,18.97,54132,103780000,-0.46,-2.37,2.93,1.43
2016-09-02,18.88,18.31,18.93,18.30,88335,164130000,-0.67,-3.53,3.32,2.33
2016-09-05,18.46,18.42,18.55,18.32,37390,68970000,0.11,0.60,1.26,0.99
2016-09-06,18.54,18.71,18.73,18.20,38619,71520000,0.29,1.57,2.88,1.02
2016-09-07,18.73,18.65,18.78,18.63,28842,53960000,-0.06,-0.32,0.80,0.76
2016-09-08,18.60,18.58,18.70,18.40,37249,69070000,-0.07,-0.38,1.61,0.98
2016-09-09,18.53,18.23,18.65,18.23,45022,82660000,-0.35,-1.88,2.26,1.19
2016-09-12,18.00,17.74,18.00,17.64,55703,99220000,-0.49,-2.69,1.97,1.47
2016-09-13,17.80,17.79,17.93,17.70,28370,50410000,0.05,0.28,1.30,0.75
2016-09-14,17.75,17.60,17.85,17.50,35336,62470000,-0.19,-1.07,1.97,0.93
2016-09-19,17.63,17.73,17.74,17.61,29364,51920000,0.13,0.74,0.74,0.77
2016-09-20,17.72,18.03,18.15,17.67,51973,93160000,0.30,1.69,2.71,1.37
2016-09-21,18.03,17.87,18.08,17.81,31470,56470000,-0.16,-0.89,1.50,0.83
2016-09-22,18.00,17.99,18.14,17.96,35628,64290000,0.12,0.67,1.01,0.94
2016-09-23,17.98,17.86,18.07,17.83,29890,53500000,-0.13,-0.72,1.33,0.79
2016-09-26,17.91,17.52,17.91,17.50,35372,62360000,-0.34,-1.90,2.30,0.93
2016-09-27,17.47,17.68,17.69,17.45,25330,44390000,0.16,0.91,1.37,0.67
2016-09-28,17.68,17.61,17.73,17.52,16840,29640000,-0.07,-0.40,1.19,0.44
2016-09-29,17.73,17.52,17.73,17.50,26807,47230000,-0.09,-0.51,1.31,0.71
2016-09-30,17.54,17.83,17.94,17.50,26610,47210000,0.31,1.77,2.51,0.70
2016-10-10,18.06,18.10,18.11,17.88,36620,66030000,0.27,1.51,1.29,0.97
2016-10-11,18.10,18.15,18.18,18.00,32268,58350000,0.05,0.28,0.99,0.85
2016-10-12,18.07,18.19,18.23,18.01,30669,55560000,0.04,0.22,1.21,0.81
2016-10-13,18.19,18.56,18.75,18.12,69371,128270000,0.37,2.03,3.46,1.83
2016-10-14,18.67,18.41,18.67,18.27,39446,72550000,-0.15,-0.81,2.16,1.04
2016-10-17,18.41,18.07,18.47,18.04,36859,67250000,-0.34,-1.85,2.34,0.97
2016-10-18,18.10,18.20,18.23,17.94,61357,110890000,0.13,0.72,1.60,1.62
2016-10-19,18.23,18.09,18.29,18.00,33653,61080000,-0.11,-0.60,1.59,0.89
2016-10-20,18.13,18.17,18.24,18.07,32133,58390000,0.08,0.44,0.94,0.85
2016-10-21,18.20,18.46,18.55,18.13,75475,138620000,0.29,1.60,2.31,1.99
2016-10-24,18.45,18.59,18.65,18.34,46598,86490000,0.13,0.70,1.68,1.23
2016-10-25,18.60,18.55,18.67,18.45,37572,69540000,-0.04,-0.22,1.18,0.99
2016-10-26,18.63,18.45,18.67,18.39,39872,73880000,-0.10,-0.54,1.51,1.05
2016-10-27,18.52,18.52,18.59,18.41,28530,52770000,0.07,0.38,0.98,0.75
2016-10-28,18.53,18.11,18.57,18.08,63465,115850000,-0.41,-2.21,2.65,1.67
2016-10-31,18.02,18.21,18.23,18.00,31846,57690000,0.10,0.55,1.27,0.84
2016-11-01,18.20,18.47,18.48,18.20,44799,82210000,0.26,1.43,1.54,1.18
2016-11-02,18.50,18.40,18.56,18.37,35033,64670000,-0.07,-0.38,1.03,0.92
2016-11-03,18.40,18.43,18.58,18.32,41980,77520000,0.03,0.16,1.41,1.11
2016-11-04,18.43,18.55,18.65,18.40,46583,86350000,0.12,0.65,1.36,1.23
2016-11-07,18.50,18.37,18.50,18.32,46536,85560000,-0.18,-0.97,0.97,1.23
2016-11-08,18.46,18.58,18.59,18.35,53774,99320000,0.21,1.14,1.31,1.42
2016-11-09,18.58,19.22,19.45,18.50,202653,386860000,0.64,3.44,5.11,5.35
2016-11-10,19.28,19.50,19.65,19.10,175132,340000000,0.28,1.46,2.86,4.62
2016-11-11,19.40,19.41,19.81,19.30,152470,298270000,-0.09,-0.46,2.62,4.02
2016-11-14,19.41,19.40,19.58,19.22,84804,164290000,-0.01,-0.05,1.85,2.24
2016-11-15,19.45,19.28,19.49,19.13,64448,124140000,-0.12,-0.62,1.86,1.70
2016-11-16,19.28,19.26,19.35,19.18,60356,116170000,-0.02,-0.10,0.88,1.59
2016-11-17,19.21,19.39,19.44,19.15,52699,101470000,0.13,0.68,1.51,1.39
2016-11-18,19.36,19.56,19.67,19.26,106889,208630000,0.17,0.88,2.11,2.82
2016-11-21,19.50,19.45,19.66,19.31,74626,145110000,-0.11,-0.56,1.79,1.97
2016-11-22,19.50,19.82,19.88,19.39,99604,195350000,0.37,1.90,2.52,2.63
2016-11-23,19.88,19.31,19.89,19.30,88323,173120000,-0.51,-2.57,2.98,2.33
2016-11-24,19.32,19.12,19.38,19.07,64907,124630000,-0.19,-0.98,1.61,1.71
2016-11-25,19.12,19.30,19.35,18.96,47332,90690000,0.18,0.94,2.04,1.25
2016-11-28,19.40,19.49,19.65,19.34,70934,138450000,0.19,0.98,1.61,1.87
2016-11-29,19.48,19.54,19.68,19.39,73651,144140000,0.05,0.26,1.49,1.94
2016-11-30,19.57,19.08,19.58,19.05,58825,113210000,-0.46,-2.35,2.71,1.55
2016-12-01,19.11,19.29,19.34,19.07,41713,80250000,0.21,1.10,1.42,1.10
2016-12-02,19.31,18.78,19.34,18.65,56471,107020000,-0.51,-2.64,3.58,1.49
2016-12-05,18.71,18.78,18.93,18.56,32576,61240000,0.00,0.00,1.97,0.86
2016-12-06,18.79,18.78,18.92,18.76,23018,43390000,0.00,0.00,0.85,0.61
2016-12-07,18.80,18.93,18.97,18.68,22125,41720000,0.15,0.80,1.54,0.58
2016-12-08,18.94,18.81,19.03,18.79,20880,39380000,-0.12,-0.63,1.27,0.55
2016-12-09,18.81,18.66,18.85,18.64,26446,49510000,-0.15,-0.80,1.12,0.70
2016-12-12,18.71,17.63,18.80,17.58,70277,127080000,-1.03,-5.52,6.54,1.85
2016-12-13,17.61,17.66,17.73,17.47,48141,84730000,0.03,0.17,1.47,1.27
2016-12-14,17.69,17.55,17.77,17.49,33862,59700000,-0.11,-0.62,1.59,0.89
2016-12-15,17.50,17.66,17.80,17.49,28581,50560000,0.11,0.63,1.77,0.75
2016-12-16,17.70,17.83,17.94,17.62,29170,51960000,0.17,0.96,1.81,0.77
2016-12-19,17.83,17.83,17.99,17.69,26894,47870000,0.00,0.00,1.68,0.71
2016-12-20,17.83,17.83,17.90,17.76,20857,37170000,0.00,0.00,0.79,0.55
2016-12-21,17.90,17.93,17.97,17.83,29076,52030000,0.10,0.56,0.79,0.77
2016-12-22,17.98,17.81,17.98,17.71,25187,44860000,-0.12,-0.67,1.51,0.66
2016-12-23,17.84,17.66,17.85,17.63,19699,34930000,-0.15,-0.84,1.24,0.52
2016-12-26,17.60,17.96,17.98,17.50,30349,53860000,0.30,1.70,2.72,0.80
2016-12-27,17.93,17.85,17.95,17.81,18171,32490000,-0.11,-0.61,0.78,0.48
2016-12-28,17.85,17.92,17.93,17.81,14667,26200000,0.07,0.39,0.67,0.39
2016-12-29,17.88,17.80,17.92,17.74,15719,28010000,-0.12,-0.67,1.00,0.41
2016-12-30,17.80,17.86,17.93,17.77,19252,34360000,0.06,0.34,0.90,0.51
2017-01-03,17.86,18.15,18.23,17.79,35057,63490000,0.29,1.62,2.46,0.93
2017-01-04,18.09,18.32,18.34,18.04,35790,65200000,0.17,0.94,1.65,0.94
2017-01-05,18.31,18.20,18.45,18.18,31450,57590000,-0.12,-0.66,1.47,0.83
2017-01-06,18.16,18.12,18.24,18.04,23899,43290000,-0.08,-0.44,1.10,0.63
2017-01-09,18.11,18.28,18.29,18.09,24073,43810000,0.16,0.88,1.10,0.64
2017-01-10,18.33,18.11,18.33,18.09,16152,29370000,-0.17,-0.93,1.31,0.43
2017-01-11,18.10,18.12,18.28,18.08,22670,41180000,0.01,0.06,1.10,0.60
2017-01-12,18.13,18.24,18.42,18.04,32158,58730000,0.12,0.66,2.10,0.85
2017-01-13,18.22,17.65,18.24,17.51,49810,88800000,-0.59,-3.23,4.00,1.31
2017-01-16,17.61,16.93,17.74,16.45,53212,91380000,-0.72,-4.08,7.31,1.40
2017-01-17,16.94,17.08,17.11,16.67,29431,49820000,0.15,0.89,2.60,0.78
2017-01-18,17.01,17.10,17.20,16.93,23317,39850000,0.02,0.12,1.58,0.62
2017-01-19,17.01,17.08,17.20,17.01,11968,20480000,-0.02,-0.12,1.11,0.32
2017-01-20,17.01,17.28,17.35,17.01,22631,39040000,0.20,1.17,1.99,0.60
2017-01-23,17.28,17.45,17.53,17.28,24883,43390000,0.17,0.98,1.45,0.66
2017-01-24,17.47,17.49,17.52,17.35,17712,30850000,0.04,0.23,0.97,0.47
2017-01-25,17.45,17.51,17.64,17.42,18574,32550000,0.02,0.11,1.26,0.49
2017-01-26,17.58,17.68,17.76,17.51,21615,38190000,0.17,0.97,1.43,0.57
2017-02-03,17.69,17.37,17.70,17.36,23962,41870000,-0.31,-1.75,1.92,0.63
2017-02-06,17.41,18.02,18.05,17.41,39122,69730000,0.65,3.74,3.68,1.03
2017-02-07,17.94,18.06,18.26,17.84,39010,70433800,0.04,0.22,2.331,1.03
2017-02-08,18.06,18.15,18.17,17.94,30227,54567800,0.09,0.50,1.274,0.80
2017-02-09,18.14,18.12,18.22,18.06,37345,67717200,-0.03,-0.17,0.882,0.99
2017-02-10,18.16,18.11,18.36,18.06,45133,82052400,-0.01,-0.06,1.656,1.19
2017-02-13,18.16,18.61,18.76,18.05,74777,138044100,0.50,2.76,3.92,1.97
2017-02-14,18.70,18.65,18.99,18.51,88712,166359500,0.04,0.21,2.579,2.34
2017-02-15,18.56,18.27,18.72,18.21,52548,96969900,-0.38,-2.04,2.735,1.39
2017-02-16,18.32,18.55,18.58,18.29,44874,82935100,0.28,1.53,1.587,1.18
2017-02-17,18.48,18.40,18.68,18.36,45784,84728500,-0.15,-0.81,1.725,1.21
2017-02-20,18.41,18.60,18.62,18.35,41414,76529700,0.20,1.09,1.467,1.09
2017-02-21,18.62,18.74,18.91,18.53,52495,98355800,0.14,0.75,2.04,1.39
2017-02-22,18.73,18.77,18.89,18.63,34243,64149700,0.03,0.16,1.39,0.90
2017-02-23,18.80,18.45,18.83,18.31,56091,103770000,-0.32,-1.70,2.77,1.48
2017-02-24,18.44,18.54,18.62,18.37,36090,66734000,0.09,0.49,1.36,0.95
2017-02-27,18.58,18.35,18.73,18.30,53200,98287600,-0.19,-1.02,2.32,1.40
2017-02-28,18.36,18.39,18.47,18.12,40346,73840900,0.04,0.22,1.91,1.06
2017-03-01,18.42,18.57,18.72,18.34,60017,111571300,0.18,0.98,2.07,1.58
2017-03-02,18.57,18.83,19.10,18.57,99374,187288200,0.26,1.40,2.85,2.62
2017-03-03,18.70,18.72,18.77,18.58,49028,91616100,-0.11,-0.58,1.01,1.29
2017-03-06,18.72,18.81,18.94,18.68,47573,89586100,0.09,0.48,1.39,1.26
2017-03-07,18.88,18.66,18.88,18.47,57418,106915400,-0.15,-0.80,2.18,1.51
2017-03-08,18.67,18.43,18.67,18.35,46018,85079100,-0.23,-1.23,1.72,1.21
2017-03-09,18.36,18.41,18.46,18.30,33257,61052000,-0.02,-0.11,0.87,0.88
2017-03-10,18.37,18.37,18.45,18.33,22050,40520900,-0.04,-0.22,0.65,0.58
2017-03-13,18.35,18.51,18.56,18.26,37431,69106800,0.14,0.76,1.63,0.99
2017-03-14,18.57,18.40,18.63,18.39,29346,54309200,-0.11,-0.59,1.30,0.77
2017-03-15,18.41,18.42,18.51,18.31,30115,55386400,0.02,0.11,1.09,0.79
2017-03-16,18.50,18.82,18.84,18.47,62922,117589678,0.40,2.17,2.01,1.66
2017-03-17,18.82,18.46,18.94,18.41,65935,123269022,-0.36,-1.91,2.82,1.74
2017-03-20,18.45,18.60,18.63,18.43,36579,67780883,0.14,0.76,1.08,0.96
2017-03-21,18.61,18.70,18.75,18.52,43250,80597344,0.10,0.54,1.24,1.14
2017-03-22,18.60,18.46,18.68,18.39,35065,64901411,-0.24,-1.28,1.55,0.93
2017-03-23,18.46,18.33,18.55,18.18,43519,79957235,-0.13,-0.70,2.00,1.15
2017-03-24,18.31,18.58,18.60,18.28,37035,68290328,0.25,1.36,1.75,0.98
2017-03-27,18.55,18.64,18.79,18.51,44265,82454239,0.06,0.32,1.51,1.17
2017-03-28,18.50,18.55,18.60,18.35,38663,71312083,-0.09,-0.48,1.34,1.02
2017-03-29,18.53,18.36,18.63,18.35,32668,60308925,-0.19,-1.02,1.51,0.86
2017-03-30,18.24,18.17,18.49,18.12,50744,92611565,-0.19,-1.03,2.02,1.34
2017-03-31,18.16,18.20,18.34,18.13,24989,45505678,0.03,0.17,1.16,0.66
2017-04-05,18.25,18.51,18.57,18.23,50802,93582838,0.31,1.70,1.87,1.34
2017-04-06,18.52,18.44,18.56,18.37,38047,70088349,-0.07,-0.38,1.03,1.00
2017-04-07,18.41,18.36,18.41,18.25,44662,81854454,-0.08,-0.43,0.87,1.18
2017-04-10,18.37,18.82,18.86,18.27,82451,153169420,0.46,2.51,3.21,2.17
2017-04-11,18.76,18.96,19.08,18.58,89346,168101095,0.14,0.74,2.66,2.36
2017-04-12,18.98,18.58,19.02,18.55,59587,111870225,-0.38,-2.00,2.48,1.57
2017-04-13,18.61,19.30,19.48,18.55,147895,284197022,0.72,3.88,5.01,3.90
2017-04-14,19.29,19.17,19.35,19.00,74421,142420312,-0.13,-0.67,1.81,1.96
2017-04-17,19.15,18.84,19.23,18.66,65919,124486486,-0.33,-1.72,2.97,1.74
2017-04-18,18.87,18.69,19.05,18.62,47536,89629440,-0.15,-0.80,2.28,1.25
2017-04-19,18.57,18.02,18.58,17.82,87534,158809946,-0.67,-3.58,4.07,2.31
2017-04-20,17.97,17.89,18.12,17.59,59611,106090345,-0.13,-0.72,2.94,1.57
2017-04-21,17.90,17.87,18.10,17.80,42329,76018616,-0.02,-0.11,1.68,1.12
2017-04-24,17.80,17.44,17.95,17.33,40471,71483694,-0.43,-2.41,3.47,1.07
2017-04-25,17.46,17.28,17.72,17.25,53213,93024560,-0.16,-0.92,2.69,1.40
2017-04-26,17.28,17.32,17.42,17.25,37011,64099264,0.04,0.23,0.98,0.98
2017-04-27,17.42,17.67,17.74,17.34,58127,102162596,0.35,2.02,2.31,1.53
2017-04-28,17.68,17.68,17.79,17.51,29569,52087634,0.01,0.06,1.58,0.78
2017-05-02,17.65,17.73,17.85,17.61,32721,58061624,0.05,0.28,1.36,0.86
2017-05-03,17.66,17.74,17.82,17.52,25241,44588338,0.01,0.06,1.69,0.67
2017-05-04,17.72,17.63,17.85,17.56,27611,49010573,-0.11,-0.62,1.63,0.73
2017-05-05,17.60,17.56,17.80,17.46,26981,47543121,-0.07,-0.40,1.93,0.71
2017-05-08,17.53,17.28,17.58,17.27,27018,46968917,-0.28,-1.59,1.77,0.71
2017-05-09,17.26,17.50,17.51,17.20,34262,59462472,0.22,1.27,1.79,0.90
2017-05-10,17.49,16.96,17.56,16.94,32198,55750191,-0.54,-3.09,3.54,0.85
2017-05-11,16.94,17.07,17.11,16.56,43504,73298571,0.11,0.65,3.24,1.15
2017-05-12,17.07,16.97,17.09,16.82,22878,38800618,-0.10,-0.59,1.58,0.60
2017-05-15,16.91,16.96,17.19,16.90,24357,41498392,-0.01,-0.06,1.71,0.64
2017-05-16,16.96,17.31,17.32,16.73,37366,63432893,0.35,2.06,3.48,0.99
2017-05-17,17.26,17.26,17.32,17.17,30977,53394202,-0.05,-0.29,0.87,0.82
2017-05-18,17.13,17.17,17.27,17.08,21936,37713214,-0.09,-0.52,1.10,0.58
2017-05-19,17.23,17.13,17.30,17.07,19253,33122293,-0.04,-0.23,1.34,0.51
2017-05-22,17.11,16.85,17.23,16.76,29801,50655866,-0.28,-1.63,2.74,0.79
2017-05-23,16.75,16.54,16.90,16.51,28508,47614402,-0.31,-1.84,2.31,0.75
2017-05-24,16.50,16.76,16.80,16.42,22635,37595977,0.22,1.33,2.30,0.60
2017-05-25,16.76,16.89,16.97,16.57,25385,42633387,0.13,0.78,2.39,0.67
2017-05-26,16.89,16.89,17.01,16.84,16949,28678531,0.00,0.00,1.01,0.45
2017-05-31,17.02,16.94,17.16,16.92,25110,42780162,0.05,0.30,1.42,0.66
2017-06-01,17.00,16.86,17.10,16.84,27205,46212278,-0.08,-0.47,1.53,0.72
2017-06-02,16.87,17.09,17.17,16.67,28958,49042221,0.23,1.36,2.97,0.76
2017-06-05,17.15,17.19,17.32,17.07,23476,40396901,0.10,0.59,1.46,0.62
2017-06-06,17.24,17.29,17.30,17.11,15144,26065942,0.10,0.58,1.11,0.40
2017-06-07,17.32,17.57,17.62,17.26,39407,68906973,0.28,1.62,2.08,1.04
2017-06-08,17.25,16.95,17.25,16.92,28731,48902679,-0.12,-0.70,1.93,0.76
2017-06-09,16.96,16.98,17.07,16.88,21191,35945332,0.03,0.18,1.12,0.56
