日期,开盘,收盘,最高,最低,交易量(手),交易金额(元),涨跌额,涨跌幅(%),振幅(%),换手率(%)
2011-11-07,13.50,13.24,13.77,13.06,533114,712160000,2.44,22.59,6.57,83.82
2011-11-08,12.97,12.99,13.09,12.66,240294,309020000,-0.25,-1.89,3.25,37.78
2011-11-09,12.98,13.27,13.36,12.92,229176,301800000,0.28,2.16,3.39,36.03
2011-11-10,13.01,12.90,13.18,12.70,166994,216180000,-0.37,-2.79,3.62,26.26
2011-11-11,12.80,12.50,12.95,12.44,143871,181930000,-0.40,-3.10,3.95,22.62
2011-11-14,12.63,13.18,13.30,12.48,210794,272680000,0.68,5.44,6.56,33.14
2011-11-15,13.00,13.52,13.55,12.91,227575,301530000,0.34,2.58,4.86,35.78
2011-11-16,13.45,13.40,13.75,13.30,185922,250680000,-0.12,-0.89,3.33,29.23
2011-11-17,13.47,13.29,13.55,13.23,128550,171930000,-0.11,-0.82,2.39,20.21
2011-11-18,13.15,12.44,13.15,12.35,219631,275320000,-0.85,-6.40,6.02,34.53
2011-11-21,12.25,12.07,12.30,11.84,106351,127980000,-0.37,-2.97,3.70,16.72
2011-11-22,11.89,11.92,12.04,11.67,64849,76970000,-0.15,-1.24,3.07,10.20
2011-11-23,11.90,11.84,12.05,11.82,50379,60130000,-0.08,-0.67,1.93,7.92
2011-11-24,11.67,11.65,11.81,11.52,61410,71520000,-0.19,-1.60,2.45,9.66
2011-11-25,11.67,11.56,11.80,11.53,46778,54500000,-0.09,-0.77,2.32,7.36
2011-11-28,11.58,11.51,11.66,11.40,40533,46810000,-0.05,-0.43,2.25,6.37
2011-11-29,11.64,11.76,11.78,11.48,60652,70530000,0.25,2.17,2.61,9.54
2011-11-30,11.66,10.84,11.69,10.80,84885,94800000,-0.92,-7.82,7.57,13.35
2011-12-01,11.18,11.04,11.38,11.01,71779,80310000,0.20,1.85,3.41,11.29
2011-12-02,10.90,10.64,11.06,10.58,49968,53830000,-0.40,-3.62,4.35,7.86
2011-12-05,10.60,10.27,10.60,10.24,39532,40950000,-0.37,-3.48,3.38,6.22
2011-12-06,10.26,10.39,10.45,10.18,35949,37180000,0.12,1.17,2.63,5.65
2011-12-07,10.37,10.37,10.44,10.26,25885,26810000,-0.02,-0.19,1.73,4.07
2011-12-08,10.43,10.52,10.62,10.06,55094,57250000,0.15,1.45,5.40,8.66
2011-12-09,10.33,10.26,10.51,10.25,28827,29840000,-0.26,-2.47,2.47,4.53
2011-12-12,10.25,10.19,10.37,10.16,21619,22170000,-0.07,-0.68,2.05,3.40
2011-12-13,10.12,9.70,10.16,9.66,37135,36550000,-0.49,-4.81,4.91,5.84
2011-12-14,9.72,9.20,9.72,9.17,38865,36710000,-0.50,-5.15,5.67,6.11
2011-12-15,9.07,9.04,9.35,9.00,37381,34220000,-0.16,-1.74,3.80,5.88
2011-12-16,9.11,9.27,9.28,8.92,39068,35640000,0.23,2.54,3.98,6.14
2011-12-19,9.20,9.16,9.23,8.87,35981,32590000,-0.11,-1.19,3.88,5.66
2011-12-20,9.18,9.13,9.30,9.07,28551,26260000,-0.03,-0.33,2.51,4.49
2011-12-21,9.23,8.60,9.27,8.59,33917,30450000,-0.53,-5.81,7.45,5.33
2011-12-22,8.45,8.36,8.57,8.12,36004,30010000,-0.24,-2.79,5.23,5.66
2011-12-23,8.31,8.45,8.64,8.30,28427,24050000,0.09,1.08,4.07,4.47
2011-12-26,8.41,8.42,8.65,8.32,21490,18250000,-0.03,-0.36,3.91,3.38
2011-12-27,8.36,8.21,8.50,8.13,26566,21960000,-0.21,-2.49,4.39,4.18
2011-12-28,8.00,8.26,8.30,7.96,20805,16900000,0.05,0.61,4.14,3.27
2011-12-29,8.20,8.35,8.43,8.20,22390,18620000,0.09,1.09,2.78,3.52
2011-12-30,8.37,8.43,8.54,8.33,30751,25920000,0.08,0.96,2.52,4.84
2012-01-04,8.48,8.07,8.53,8.07,24741,20630000,-0.36,-4.27,5.46,3.89
2012-01-05,8.01,7.66,8.12,7.62,23725,18600000,-0.41,-5.08,6.20,3.73
2012-01-06,7.66,7.75,7.78,7.47,21309,16220000,0.09,1.17,4.05,3.35
2012-01-09,7.74,8.13,8.15,7.63,37169,29590000,0.38,4.90,6.71,5.84
2012-01-10,8.09,8.90,8.94,8.03,109144,94430000,0.77,9.47,11.19,17.16
2012-01-11,8.78,9.08,9.47,8.68,101990,90800000,0.18,2.02,8.88,16.04
2012-01-12,8.81,8.81,9.04,8.74,51496,45660000,-0.27,-2.97,3.30,8.10
2012-01-13,8.80,8.37,8.85,8.35,44052,37480000,-0.44,-4.99,5.68,6.93
2012-01-16,8.22,8.14,8.34,8.12,17376,14300000,-0.23,-2.75,2.63,2.73
2012-01-17,8.10,8.64,8.68,8.04,35591,30030000,0.50,6.14,7.86,5.60
2012-01-18,8.57,8.61,8.98,8.57,57781,50720000,-0.03,-0.35,4.75,9.09
2012-01-19,8.62,8.72,8.88,8.56,39546,34600000,0.11,1.28,3.72,6.22
2012-01-20,8.72,8.88,8.95,8.65,32239,28460000,0.16,1.83,3.44,5.07
2012-01-30,8.98,8.72,9.04,8.71,34520,30420000,-0.16,-1.80,3.72,5.43
2012-01-31,8.71,8.58,8.75,8.43,22794,19500000,-0.14,-1.61,3.67,3.58
2012-02-01,8.55,8.54,8.69,8.48,16800,14410000,-0.04,-0.47,2.45,2.64
2012-02-02,8.55,8.64,8.65,8.47,23559,20170000,0.10,1.17,2.11,3.70
2012-02-03,8.65,8.76,8.82,8.58,33157,28890000,0.12,1.39,2.78,5.21
2012-02-06,8.80,8.93,8.95,8.69,44297,39060000,0.17,1.94,2.97,6.97
2012-02-07,8.83,8.58,8.95,8.57,57708,50590000,-0.35,-3.92,4.26,7.26
2012-02-08,8.52,8.82,8.84,8.51,46876,40780000,0.24,2.80,3.85,5.90
2012-02-09,8.79,9.02,9.20,8.77,107643,96790000,0.20,2.27,4.88,13.54
2012-02-10,9.05,8.96,9.10,8.87,82090,73700000,-0.06,-0.67,2.55,10.33
2012-02-13,8.88,9.29,9.45,8.83,113961,104740000,0.33,3.68,6.92,14.33
2012-02-14,9.23,9.23,9.27,9.10,61120,56110000,-0.06,-0.65,1.83,7.69
2012-02-15,9.22,9.38,9.39,9.16,79962,74320000,0.15,1.63,2.49,10.06
2012-02-16,9.35,9.25,9.41,9.13,63988,59350000,-0.13,-1.39,2.99,8.05
2012-02-17,9.28,9.17,9.34,9.09,47047,43220000,-0.08,-0.86,2.70,5.92
2012-02-20,9.27,9.18,9.36,9.17,47423,43860000,0.01,0.11,2.07,5.97
2012-02-21,9.20,9.32,9.33,9.12,45384,41890000,0.14,1.53,2.29,5.71
2012-02-22,9.31,9.50,9.52,9.29,81093,76400000,0.18,1.93,2.47,10.20
2012-02-23,9.50,9.67,9.81,9.43,109609,105840000,0.17,1.79,4.00,13.79
2012-02-24,9.65,9.78,9.84,9.59,82931,80640000,0.11,1.14,2.59,10.43
2012-02-27,9.85,9.77,9.95,9.71,94601,92830000,-0.01,-0.10,2.45,11.90
2012-02-28,9.75,9.83,9.91,9.52,90595,88220000,0.06,0.61,3.99,11.40
2012-02-29,9.78,9.60,9.86,9.58,42746,41510000,-0.23,-2.34,2.85,5.38
2012-03-01,9.53,10.11,10.47,9.41,174214,171670000,0.51,5.31,11.04,21.91
2012-03-02,10.02,10.59,10.88,9.98,259388,269540000,0.48,4.75,8.90,32.63
2012-03-05,10.45,10.43,10.55,10.31,126055,131400000,-0.16,-1.51,2.27,15.86
2012-03-06,10.39,10.69,10.78,10.34,150069,159500000,0.26,2.49,4.22,18.88
2012-03-07,10.55,10.73,11.08,10.50,116706,125980000,0.04,0.37,5.43,14.68
2012-03-08,10.79,10.72,10.95,10.65,69809,75030000,-0.01,-0.09,2.80,8.78
2012-03-09,10.66,10.75,10.77,10.48,84307,89620000,0.03,0.28,2.71,10.60
2012-03-12,10.76,10.67,10.86,10.57,55538,59500000,-0.08,-0.74,2.70,6.99
2012-03-13,10.69,10.69,10.72,10.53,60551,64470000,0.02,0.19,1.78,7.62
2012-03-14,10.72,10.18,11.06,10.05,118355,126520000,-0.51,-4.77,9.45,14.89
2012-03-15,10.11,9.99,10.35,9.76,67043,67250000,-0.19,-1.87,5.80,8.43
2012-03-16,10.02,10.31,10.48,10.02,57885,59480000,0.32,3.20,4.60,7.28
2012-03-19,10.31,10.71,10.78,10.12,60542,63550000,0.40,3.88,6.40,7.62
2012-03-20,10.58,10.26,10.65,10.21,47983,50030000,-0.45,-4.20,4.11,6.04
2012-03-21,10.21,10.43,10.54,10.18,40536,42040000,0.17,1.66,3.51,5.10
2012-03-22,10.41,10.60,10.67,10.29,48353,51060000,0.17,1.63,3.64,6.08
2012-03-23,10.56,10.24,10.56,10.11,32965,33970000,-0.36,-3.40,4.25,4.15
2012-03-26,10.14,10.13,10.26,9.98,25080,25390000,-0.11,-1.07,2.73,3.15
2012-03-27,10.24,10.04,10.24,9.99,23980,24190000,-0.09,-0.89,2.47,3.02
2012-03-28,10.01,9.12,10.01,9.08,43918,41780000,-0.92,-9.16,9.26,5.52
2012-03-29,8.91,9.09,9.31,8.88,39906,36250000,-0.03,-0.33,4.71,5.02
2012-03-30,9.09,8.91,9.17,8.80,20565,18470000,-0.18,-1.98,4.07,2.59
2012-04-05,9.00,9.25,9.26,8.99,25545,23400000,0.34,3.82,3.03,3.21
2012-04-06,9.28,9.26,9.38,9.16,23869,22140000,0.01,0.11,2.38,3.00
2012-04-09,9.26,9.30,9.54,9.18,19381,18130000,0.04,0.43,3.89,2.44
2012-04-10,9.23,9.29,9.32,8.88,28249,25760000,-0.01,-0.11,4.73,3.55
2012-04-11,9.18,9.28,9.36,9.07,20400,18890000,-0.01,-0.11,3.12,2.57
2012-04-12,9.28,9.48,9.50,9.28,28636,26980000,0.20,2.16,2.37,3.60
2012-04-13,9.50,9.60,9.71,9.44,31938,30740000,0.12,1.27,2.85,4.02
2012-04-16,9.57,9.57,9.67,9.43,20960,20020000,-0.03,-0.31,2.50,2.64
2012-04-17,9.69,9.75,9.83,9.52,42220,40950000,0.18,1.88,3.24,5.31
2012-04-18,9.68,10.73,10.73,9.50,189338,195410000,0.98,10.05,12.62,23.82
2012-04-19,10.75,10.50,11.17,10.49,275897,297830000,-0.23,-2.14,6.34,34.70
2012-04-20,10.29,10.55,10.96,10.18,154703,163580000,0.05,0.48,7.43,19.46
2012-04-23,10.49,10.24,10.49,10.10,90939,93360000,-0.31,-2.94,3.70,11.44
2012-04-24,10.13,10.59,10.68,10.13,125352,130740000,0.35,3.42,5.37,15.77
2012-04-25,10.45,10.77,10.86,10.20,104700,110490000,0.18,1.70,6.23,13.17
2012-04-26,10.70,10.94,10.97,10.40,97494,104430000,0.17,1.58,5.29,12.26
2012-04-27,10.95,10.63,11.26,10.60,140499,153460000,-0.31,-2.83,6.03,17.67
2012-05-02,10.70,10.61,10.76,10.41,70471,74610000,-0.02,-0.19,3.29,8.86
2012-05-03,10.57,10.54,10.67,10.42,40390,42520000,-0.07,-0.66,2.36,5.08
2012-05-04,10.51,10.55,10.82,10.46,76427,81610000,0.01,0.09,3.42,9.61
2012-05-07,10.40,10.31,10.50,10.19,59148,60990000,-0.24,-2.27,2.94,7.44
2012-05-08,10.31,10.53,10.57,10.22,54550,56810000,0.22,2.13,3.39,6.86
2012-05-10,10.30,10.89,10.97,10.24,130101,138690000,0.36,3.42,6.93,16.36
2012-05-11,10.80,10.56,11.15,10.54,107320,115810000,-0.33,-3.03,5.60,13.50
2012-05-14,10.56,10.15,10.68,10.13,65508,67750000,-0.41,-3.88,5.21,8.24
2012-05-15,10.15,10.26,10.26,10.06,34124,34760000,0.11,1.08,1.97,4.29
2012-05-16,10.28,10.07,10.28,10.02,33009,33540000,-0.19,-1.85,2.53,4.15
2012-05-17,10.03,10.23,10.27,9.91,49254,50010000,0.16,1.59,3.58,6.20
2012-05-18,10.20,10.47,10.57,10.10,123068,128010000,0.24,2.35,4.59,15.48
2012-05-21,10.40,10.29,10.78,10.20,84512,87830000,-0.18,-1.72,5.54,10.63
2012-05-22,10.31,10.23,10.42,10.02,56864,57930000,-0.06,-0.58,3.89,7.15
2012-05-23,10.16,10.09,10.21,9.97,36993,37280000,-0.14,-1.37,2.35,4.65
2012-05-24,10.03,9.94,10.14,9.89,38063,38010000,0.05,0.51,2.53,4.79
2012-05-25,9.92,9.39,9.93,9.27,58469,55690000,-0.55,-5.53,6.64,7.35
2012-05-28,9.33,9.37,9.42,9.02,31996,29540000,-0.02,-0.21,4.26,4.02
2012-05-29,9.43,9.53,9.60,9.37,30491,29030000,0.16,1.71,2.45,3.84
2012-05-30,9.53,10.17,10.48,9.46,121307,121870000,0.64,6.72,10.70,15.26
2012-05-31,10.04,9.87,10.04,9.75,64706,64040000,-0.30,-2.95,2.85,8.14
2012-06-01,9.84,9.82,9.99,9.73,36308,35830000,-0.05,-0.51,2.63,4.57
2012-06-04,9.51,9.21,9.62,9.18,44037,41440000,-0.61,-6.21,4.48,5.54
2012-06-05,9.29,9.20,9.30,9.12,20402,18810000,-0.01,-0.11,1.95,2.57
2012-06-06,9.23,9.20,9.35,9.12,16254,14990000,0.00,0.00,2.50,2.04
2012-06-07,9.34,9.07,9.37,9.00,19598,17980000,-0.13,-1.41,4.02,2.47
2012-06-08,9.18,9.03,9.19,8.97,17710,16060000,-0.04,-0.44,2.43,2.23
2012-06-11,9.00,9.22,9.25,9.00,15981,14620000,0.19,2.10,2.77,2.01
2012-06-12,9.13,9.10,9.19,9.06,13469,12280000,-0.12,-1.30,1.41,1.69
2012-06-13,9.10,9.25,9.26,9.08,20554,18890000,0.15,1.65,1.98,2.59
2012-06-14,9.22,9.31,9.49,9.20,32140,30070000,0.06,0.65,3.14,4.04
2012-06-15,9.36,9.17,9.38,9.01,20638,19010000,-0.14,-1.50,3.97,2.60
2012-06-18,9.18,9.24,9.33,9.18,13858,12840000,0.07,0.76,1.64,1.74
2012-06-19,9.20,9.19,9.27,9.18,13607,12560000,-0.05,-0.54,0.97,1.71
2012-06-20,9.25,9.13,9.25,9.10,18218,16700000,-0.06,-0.65,1.63,2.29
2012-06-21,9.11,8.97,9.11,8.93,17117,15410000,-0.16,-1.75,1.97,2.15
2012-06-25,8.93,8.62,8.99,8.58,17683,15510000,-0.35,-3.90,4.57,2.22
2012-06-26,8.62,8.67,8.73,8.52,15486,13390000,0.05,0.58,2.44,1.95
2012-06-27,8.69,8.71,8.96,8.69,23420,20700000,0.04,0.46,3.11,2.95
2012-06-28,8.80,8.41,8.86,8.38,22916,19790000,-0.30,-3.44,5.51,2.88
2012-06-29,8.40,8.51,8.65,8.26,18791,15940000,0.10,1.19,4.64,2.36
2012-07-02,8.55,8.58,8.67,8.53,13581,11660000,0.07,0.82,1.65,1.71
2012-07-03,8.62,8.67,8.74,8.58,19750,17090000,0.09,1.05,1.86,2.48
2012-07-04,8.67,8.55,8.70,8.47,19733,16880000,-0.12,-1.38,2.65,2.48
2012-07-05,8.55,8.22,8.55,8.18,18392,15220000,-0.33,-3.86,4.33,2.31
2012-07-06,8.23,8.40,8.42,8.12,19947,16500000,0.18,2.19,3.65,2.51
2012-07-09,8.30,8.16,8.59,8.15,18188,15200000,-0.24,-2.86,5.24,2.29
2012-07-10,8.13,8.09,8.20,8.03,11419,9240000,-0.07,-0.86,2.08,1.44
2012-07-11,8.12,8.23,8.47,8.05,12921,10670000,0.14,1.73,5.19,1.63
2012-07-12,8.19,8.35,8.40,8.13,18750,15520000,0.12,1.46,3.28,2.36
2012-07-13,8.37,8.23,8.37,8.20,13136,10850000,-0.12,-1.44,2.04,1.65
2012-07-16,8.26,7.93,8.31,7.91,22001,17810000,-0.30,-3.65,4.86,2.77
2012-07-17,8.09,8.02,8.15,7.88,22501,17990000,0.09,1.13,3.40,2.83
2012-07-18,7.94,7.95,7.99,7.75,26100,20480000,-0.07,-0.87,2.99,3.28
2012-07-19,7.91,8.10,8.17,7.90,30790,24830000,0.15,1.89,3.40,3.87
2012-07-20,8.12,7.98,8.13,7.95,16373,13150000,-0.12,-1.48,2.22,2.06
2012-07-23,7.98,8.05,8.30,7.76,22778,18360000,0.07,0.88,6.77,2.87
2012-07-24,8.00,8.16,8.24,7.95,21306,17340000,0.11,1.37,3.60,2.68
2012-07-25,8.11,8.15,8.29,8.11,20156,16550000,-0.01,-0.12,2.21,2.54
2012-07-26,8.16,8.01,8.20,7.98,12976,10490000,-0.14,-1.72,2.70,1.63
2012-07-27,8.08,8.07,8.09,7.91,12866,10290000,0.06,0.75,2.25,1.62
2012-07-30,8.02,7.97,8.15,7.92,11452,9190000,-0.10,-1.24,2.85,1.44
2012-07-31,7.95,7.84,8.10,7.72,16153,12750000,-0.13,-1.63,4.77,2.03
2012-08-01,7.85,7.96,8.03,7.85,9740,7750000,0.12,1.53,2.30,1.23
2012-08-02,7.99,7.86,8.10,7.81,12498,9890000,-0.10,-1.26,3.64,1.57
2012-08-03,7.87,8.05,8.05,7.86,15023,11990000,0.19,2.42,2.42,1.89
2012-08-06,8.00,8.17,8.18,7.98,20936,16930000,0.12,1.49,2.48,2.63
2012-08-07,8.17,8.24,8.26,8.15,23824,19550000,0.07,0.86,1.35,3.00
2012-08-08,8.21,8.26,8.27,8.15,20583,16930000,0.02,0.24,1.46,2.59
2012-08-09,8.24,8.43,8.49,8.20,37055,31000000,0.17,2.06,3.51,4.66
2012-08-10,8.40,8.61,8.88,8.37,72376,62700000,0.18,2.14,6.05,9.10
2012-08-13,8.52,8.28,8.59,8.25,32772,27660000,-0.33,-3.83,3.95,4.12
2012-08-14,8.25,8.81,8.92,8.21,74035,64060000,0.53,6.40,8.57,9.31
2012-08-15,8.75,8.59,8.98,8.54,64284,56220000,-0.22,-2.50,4.99,8.09
2012-08-16,8.50,8.46,8.51,8.35,26361,22260000,-0.13,-1.51,1.86,3.32
2012-08-17,8.41,8.39,8.56,8.28,22839,19250000,-0.07,-0.83,3.31,2.87
2012-08-20,8.37,9.19,9.23,8.31,83545,74240000,0.80,9.54,10.97,10.51
2012-08-21,9.09,9.28,9.45,9.01,133496,123450000,0.09,0.98,4.79,16.79
2012-08-22,9.12,9.46,10.06,9.12,128364,122340000,0.18,1.94,10.13,16.15
2012-08-23,9.48,9.26,9.69,9.24,88393,83120000,-0.20,-2.11,4.76,11.12
2012-08-24,9.15,8.91,9.17,8.90,61078,54960000,-0.35,-3.78,2.92,7.68
2012-08-27,9.70,9.80,9.80,9.70,82792,81050000,0.89,9.99,1.12,10.41
2012-08-28,10.59,10.46,10.78,10.14,380733,402980000,0.66,6.73,6.53,47.89
2012-08-29,10.39,10.65,11.51,10.39,379359,417370000,0.19,1.82,10.71,47.72
2012-08-30,10.40,9.61,10.63,9.59,262789,260420000,-1.04,-9.77,9.77,33.06
2012-08-31,9.49,9.99,10.35,9.38,258410,254360000,0.38,3.95,10.09,32.50
2012-09-03,9.73,9.93,10.24,9.48,182080,178850000,-0.06,-0.60,7.61,22.90
2012-09-04,9.80,10.21,10.65,9.72,225105,229840000,0.28,2.82,9.37,28.32
2012-09-05,10.00,9.79,10.16,9.60,153919,151050000,-0.42,-4.11,5.48,19.36
2012-09-06,9.81,9.79,9.97,9.60,97729,95140000,0.00,0.00,3.78,12.29
2012-09-07,9.85,10.11,10.44,9.72,185079,186520000,0.32,3.27,7.35,23.28
2012-09-10,10.02,10.38,10.41,9.86,189823,192730000,0.27,2.67,5.44,23.88
2012-09-11,10.24,10.12,10.45,10.02,132654,135620000,-0.26,-2.50,4.14,16.69
2012-09-12,10.17,10.83,11.13,10.15,273996,294610000,0.71,7.02,9.68,34.46
2012-09-13,10.70,10.46,10.97,10.45,199330,213250000,-0.37,-3.42,4.80,25.07
2012-09-14,10.45,10.07,10.56,9.93,119736,121810000,-0.39,-3.73,6.02,15.06
2012-09-17,10.05,9.60,10.07,9.55,75672,73450000,-0.47,-4.67,5.16,9.52
2012-09-18,9.60,9.58,9.70,9.41,43051,41120000,-0.02,-0.21,3.02,5.42
2012-09-19,9.57,9.56,9.67,9.42,35394,33790000,-0.02,-0.21,2.61,4.45
2012-09-20,9.63,8.95,9.63,8.93,63134,58420000,-0.61,-6.38,7.32,7.94
2012-09-21,8.95,8.87,9.08,8.83,38878,34870000,-0.08,-0.89,2.79,4.89
2012-09-24,8.88,8.97,9.05,8.73,30896,27560000,0.10,1.13,3.61,3.89
2012-09-25,9.00,9.09,9.24,8.88,47694,43310000,0.12,1.34,4.01,6.00
2012-09-26,9.02,8.57,9.06,8.48,49915,43570000,-0.52,-5.72,6.38,6.28
2012-09-27,8.58,8.73,8.84,8.50,38776,33710000,0.16,1.87,3.97,4.88
2012-09-28,8.64,8.76,8.78,8.55,35275,30650000,0.03,0.34,2.63,4.44
2012-10-08,8.79,8.83,8.96,8.73,28839,25470000,0.07,0.80,2.63,3.63
2012-10-09,8.79,9.11,9.23,8.79,56122,50680000,0.28,3.17,4.98,7.06
2012-10-10,9.05,9.18,9.25,8.99,57833,52840000,0.07,0.77,2.85,7.27
2012-10-11,9.16,8.82,9.16,8.80,45533,40710000,-0.36,-3.92,3.92,5.73
2012-10-12,8.90,8.72,8.95,8.63,24517,21510000,-0.10,-1.13,3.63,3.08
2012-10-15,8.75,8.53,8.75,8.31,34792,29380000,-0.19,-2.18,5.05,4.38
2012-10-16,8.54,8.79,8.90,8.54,50110,44020000,0.26,3.05,4.22,6.30
2012-10-17,9.20,9.09,9.66,9.00,94045,86810000,0.30,3.41,7.51,11.83
2012-10-18,8.84,9.26,9.35,8.81,82830,76060000,0.17,1.87,5.94,10.42
2012-10-19,9.21,9.15,9.30,9.10,42084,38700000,-0.11,-1.19,2.16,5.29
2012-10-22,9.06,9.25,9.35,8.95,54041,49610000,0.10,1.09,4.37,6.80
2012-10-23,9.15,9.05,9.29,9.01,35863,32780000,-0.20,-2.16,3.03,4.51
2012-10-24,8.86,8.88,9.02,8.84,29217,26080000,-0.17,-1.88,1.99,3.68
2012-10-25,8.92,8.87,9.06,8.82,24822,22230000,-0.01,-0.11,2.70,3.12
2012-10-26,8.69,8.48,8.84,8.46,31218,26840000,-0.39,-4.40,4.28,3.93
2012-10-29,8.54,8.47,8.58,8.39,16568,14070000,-0.01,-0.12,2.24,2.08
2012-10-30,8.46,8.52,8.66,8.46,15272,13060000,0.05,0.59,2.36,1.92
2012-10-31,8.52,8.34,8.57,8.25,22609,18860000,-0.18,-2.11,3.76,2.84
2012-11-01,8.31,8.47,8.49,8.30,24872,20960000,0.13,1.56,2.28,3.13
2012-11-02,8.79,8.66,8.99,8.63,84806,74670000,0.19,2.24,4.25,10.67
2012-11-05,8.55,8.48,8.57,8.43,42396,35990000,-0.18,-2.08,1.62,5.33
2012-11-06,8.56,8.49,8.67,8.36,31184,26450000,0.01,0.12,3.66,3.92
2012-11-07,8.44,8.45,8.54,8.37,24533,20710000,-0.04,-0.47,2.00,2.54
2012-11-08,8.37,8.13,8.37,8.12,27338,22490000,-0.32,-3.79,2.96,2.83
2012-11-09,8.15,8.07,8.22,8.03,15795,12810000,-0.06,-0.74,2.34,1.64
2012-11-12,8.04,8.14,8.19,8.04,11938,9680000,0.07,0.87,1.86,1.24
2012-11-13,8.15,8.00,8.15,7.98,15484,12450000,-0.14,-1.72,2.09,1.60
2012-11-14,7.99,8.08,8.09,7.95,10074,8070000,0.08,1.00,1.75,1.04
2012-11-15,8.07,7.92,8.12,7.90,13989,11220000,-0.16,-1.98,2.72,1.45
2012-11-16,7.93,7.96,8.04,7.88,13312,10570000,0.04,0.51,2.02,1.38
2012-11-19,7.96,7.98,7.99,7.83,12694,10020000,0.02,0.25,2.01,1.31
2012-11-20,7.98,8.03,8.06,7.97,16478,13210000,0.05,0.63,1.13,1.71
2012-11-21,8.03,8.13,8.13,7.98,18403,14850000,0.10,1.25,1.87,1.91
2012-11-22,8.18,8.11,8.19,8.08,19108,15520000,-0.02,-0.25,1.35,1.98
2012-11-23,8.14,8.12,8.21,8.09,20734,16900000,0.01,0.12,1.48,2.15
2012-11-26,8.11,7.89,8.12,7.88,16325,13040000,-0.23,-2.83,2.96,1.69
2012-11-27,7.88,7.55,7.88,7.52,21804,16720000,-0.34,-4.31,4.56,2.26
2012-11-28,7.55,7.27,7.55,7.24,17721,12990000,-0.28,-3.71,4.11,1.83
2012-11-29,7.25,7.13,7.37,7.09,14845,10710000,-0.14,-1.93,3.85,1.54
2012-11-30,7.13,7.19,7.24,7.12,14352,10310000,0.06,0.84,1.68,1.49
2012-12-03,7.20,6.91,7.27,6.81,15314,10870000,-0.28,-3.89,6.40,1.59
2012-12-04,6.91,6.99,7.02,6.65,38087,25960000,0.08,1.16,5.35,3.94
2012-12-05,6.92,7.31,7.33,6.87,48476,34970000,0.32,4.58,6.58,5.02
2012-12-06,7.36,7.51,7.61,7.30,56199,41970000,0.20,2.74,4.24,5.82
2012-12-07,7.42,7.57,7.61,7.39,59158,44480000,0.06,0.80,2.93,6.12
2012-12-10,7.57,7.65,7.75,7.50,54798,41730000,0.08,1.06,3.30,5.67
2012-12-11,7.60,7.81,8.19,7.52,75765,58650000,0.16,2.09,8.76,7.84
2012-12-12,7.78,7.77,7.92,7.69,38395,29870000,-0.04,-0.51,2.94,3.97
2012-12-13,7.78,7.89,8.06,7.62,82402,65340000,0.12,1.54,5.66,8.53
2012-12-14,7.82,8.10,8.17,7.80,65626,52870000,0.21,2.66,4.69,6.79
2012-12-17,8.10,8.24,8.32,8.09,69162,56850000,0.14,1.73,2.84,7.16
2012-12-18,8.22,8.09,8.30,8.06,42806,35000000,-0.15,-1.82,2.91,4.43
2012-12-19,8.07,8.16,8.23,8.05,43182,35220000,0.07,0.87,2.23,4.47
2012-12-20,8.14,8.36,8.37,7.96,92432,75740000,0.20,2.45,5.02,9.57
2012-12-21,8.29,8.34,8.42,8.16,68135,56650000,-0.02,-0.24,3.11,7.05
2012-12-24,8.34,8.30,8.34,8.20,23248,19250000,-0.04,-0.48,1.68,2.41
2012-12-25,8.30,8.79,8.84,8.23,186248,159980000,0.49,5.90,7.35,19.28
2012-12-26,8.79,9.39,9.48,8.68,246864,224020000,0.60,6.83,9.10,25.56
2012-12-27,9.45,9.33,9.67,9.27,227205,213760000,-0.06,-0.64,4.26,23.52
2012-12-28,9.38,9.35,9.51,9.10,160958,149520000,0.02,0.21,4.39,16.66
2012-12-31,9.45,9.08,9.74,9.01,205219,190040000,-0.27,-2.89,7.81,21.24
2013-01-04,9.00,8.73,9.05,8.65,107921,94960000,-0.35,-3.85,4.41,11.17
2013-01-07,8.71,8.78,8.82,8.61,48514,42390000,0.05,0.57,2.41,5.02
2013-01-08,8.80,8.86,8.96,8.65,71295,62780000,0.08,0.91,3.53,7.38
2013-01-09,8.81,8.76,8.90,8.68,73732,64520000,-0.10,-1.13,2.48,7.63
2013-01-10,8.72,8.89,8.93,8.72,73249,64870000,0.13,1.48,2.40,7.58
2013-01-11,8.92,8.46,8.93,8.38,70814,61290000,-0.43,-4.84,6.19,7.33
2013-01-14,8.42,8.77,8.81,8.37,63353,54890000,0.31,3.66,5.20,6.56
2013-01-15,8.75,8.94,9.02,8.71,89575,79620000,0.17,1.94,3.53,9.27
2013-01-16,8.95,8.82,8.95,8.68,60643,53500000,-0.12,-1.34,3.02,6.28
2013-01-17,8.78,9.03,9.15,8.76,87428,78250000,0.21,2.38,4.42,9.05
2013-01-18,8.96,9.02,9.05,8.87,69085,62010000,-0.01,-0.11,1.99,7.15
2013-01-21,9.07,8.94,9.08,8.86,42609,38050000,-0.08,-0.89,2.44,4.41
2013-01-22,8.90,8.65,8.99,8.55,48930,43000000,-0.29,-3.24,4.92,5.07
2013-01-23,8.59,8.59,8.72,8.42,28698,24580000,-0.06,-0.69,3.47,2.97
2013-01-24,8.60,8.31,8.72,8.25,39073,33190000,-0.28,-3.26,5.47,4.04
2013-01-25,8.35,8.36,8.42,8.27,17317,14440000,0.05,0.60,1.81,1.79
2013-01-28,8.36,8.54,8.56,8.35,22769,19340000,0.18,2.15,2.51,2.36
2013-01-29,8.48,8.62,8.66,8.48,23856,20510000,0.08,0.94,2.11,2.47
2013-01-30,8.62,8.69,8.72,8.52,36596,31630000,0.07,0.81,2.32,3.79
2013-01-31,8.70,8.93,9.05,8.68,76938,68500000,0.24,2.76,4.26,7.96
2013-02-01,8.93,8.98,8.99,8.76,41355,36760000,0.05,0.56,2.58,4.28
2013-02-04,9.00,9.71,9.87,8.87,171391,161770000,0.73,8.13,11.14,17.74
2013-02-05,9.50,10.13,10.22,9.36,192393,189850000,0.42,4.33,8.86,19.92
2013-02-06,9.96,9.82,10.58,9.58,208811,206080000,-0.31,-3.06,9.87,21.62
2013-02-07,9.70,9.43,9.94,9.37,105315,100320000,-0.39,-3.97,5.80,10.90
2013-02-08,9.41,9.47,9.57,9.30,53259,50150000,0.04,0.42,2.86,5.51
2013-02-18,9.44,9.50,9.55,9.35,42182,39860000,0.03,0.32,2.11,4.37
2013-02-19,9.47,9.14,9.49,9.07,48499,44800000,-0.36,-3.79,4.42,5.02
2013-02-20,9.16,9.27,9.28,9.09,27886,25680000,0.13,1.42,2.08,2.89
2013-02-21,9.18,9.01,9.26,8.95,33355,30320000,-0.26,-2.80,3.34,3.45
2013-02-22,8.98,9.06,9.13,8.94,23266,21020000,0.05,0.55,2.11,2.41
2013-02-25,9.07,9.33,9.34,9.06,35729,32920000,0.27,2.98,3.09,3.70
2013-02-26,9.28,9.14,9.35,9.13,37340,34560000,-0.19,-2.04,2.36,3.87
2013-02-27,9.16,9.13,9.26,9.05,25683,23460000,-0.01,-0.11,2.30,2.66
2013-02-28,9.14,9.29,9.30,9.08,35945,33130000,0.16,1.75,2.41,3.72
2013-03-01,9.31,9.35,9.39,9.21,48675,45320000,0.06,0.65,1.94,5.04
2013-03-04,9.32,8.89,9.32,8.83,40648,36740000,-0.46,-4.92,5.24,4.21
2013-03-05,8.91,9.01,9.02,8.81,22607,20240000,0.12,1.35,2.36,2.34
2013-03-06,9.02,9.20,9.25,9.02,33236,30490000,0.19,2.11,2.55,3.44
2013-03-07,9.20,9.05,9.21,8.99,28644,26070000,-0.15,-1.63,2.39,2.97
2013-03-08,9.05,9.21,9.27,9.01,40180,36930000,0.16,1.77,2.87,4.16
2013-03-11,9.22,9.20,9.28,9.13,25799,23780000,-0.01,-0.11,1.63,2.67
2013-03-12,9.23,8.93,9.26,8.78,36676,33000000,-0.27,-2.93,5.22,3.80
2013-03-13,8.92,8.93,9.00,8.79,17821,15830000,0.00,0.00,2.35,1.84
2013-03-14,8.88,8.77,8.93,8.76,22249,19720000,-0.16,-1.79,1.90,2.30
2013-03-15,8.76,8.84,8.92,8.63,29987,26360000,0.07,0.80,3.31,3.10
2013-03-18,8.78,8.74,8.91,8.71,16513,14540000,-0.10,-1.13,2.26,1.71
2013-03-19,8.83,9.15,9.16,8.76,61492,55330000,0.41,4.69,4.58,6.37
2013-03-20,9.28,9.54,9.78,9.20,151891,143930000,0.39,4.26,6.34,15.72
2013-03-21,9.75,9.90,10.22,9.75,221003,220580000,0.36,3.77,4.93,22.88
2013-03-22,9.73,9.72,9.90,9.60,116833,113540000,-0.18,-1.82,3.03,12.09
2013-03-25,9.90,9.52,9.99,9.52,110146,107410000,-0.20,-2.06,4.84,11.40
2013-03-26,9.37,9.25,9.37,9.13,76234,70330000,-0.27,-2.84,2.52,7.89
2013-03-27,9.25,9.30,9.31,9.15,46228,42630000,0.05,0.54,1.73,4.79
2013-03-28,9.20,9.28,9.51,9.01,82138,76610000,-0.02,-0.22,5.38,8.50
2013-03-29,9.20,9.16,9.29,9.11,35558,32720000,-0.12,-1.29,1.94,3.68
2013-04-01,9.13,9.18,9.27,9.11,24431,22480000,0.02,0.22,1.75,2.53
2013-04-02,9.18,9.35,9.38,9.17,66271,61490000,0.17,1.85,2.29,6.86
2013-04-03,9.20,8.76,9.20,8.73,69567,61750000,-0.59,-6.31,5.03,7.20
2013-04-08,8.58,8.43,8.58,8.00,33190,27720000,-0.33,-3.77,6.62,3.44
2013-04-09,8.58,8.51,8.66,8.47,23384,20000000,0.08,0.95,2.25,2.42
2013-04-10,8.51,8.52,8.60,8.28,25306,21440000,0.01,0.12,3.76,2.62
2013-04-11,8.59,8.44,8.59,8.40,17172,14560000,-0.08,-0.94,2.23,1.78
2013-04-12,8.44,8.32,8.48,8.29,18329,15320000,-0.12,-1.42,2.25,1.90
2013-04-15,8.31,8.26,8.39,8.16,15479,12850000,-0.06,-0.72,2.76,1.60
2013-04-16,8.20,8.32,8.35,8.16,13613,11260000,0.06,0.73,2.30,1.41
2013-04-17,8.32,8.34,8.38,8.26,11650,9690000,0.02,0.24,1.44,1.21
2013-04-18,8.30,8.31,8.38,8.22,17382,14450000,-0.03,-0.36,1.92,1.80
2013-04-19,8.35,8.64,8.71,8.30,46288,39550000,0.33,3.97,4.93,4.79
2013-04-22,8.56,8.64,8.67,8.52,24790,21330000,0.00,0.00,1.74,2.57
2013-04-23,8.64,8.24,8.64,8.23,27422,22980000,-0.40,-4.63,4.75,2.84
2013-04-24,8.25,8.38,8.40,8.24,18525,15420000,0.14,1.70,1.94,1.92
2013-04-25,8.36,8.17,8.40,8.16,18072,14960000,-0.21,-2.51,2.86,1.87
2013-04-26,8.23,8.17,8.27,8.12,15113,12400000,0.00,0.00,1.84,1.56
2013-05-02,8.17,8.03,8.17,7.99,15110,12170000,-0.14,-1.71,2.20,1.56
2013-05-03,8.10,8.17,8.24,8.06,13058,10680000,0.14,1.74,2.24,1.35
2013-05-06,8.18,8.34,8.35,8.18,16688,13850000,0.17,2.08,2.08,1.73
2013-05-07,8.34,8.40,8.42,8.25,16012,13390000,0.06,0.72,2.04,1.66
2013-05-08,8.40,8.43,8.51,8.38,22866,19300000,0.03,0.36,1.55,2.37
2013-05-09,8.47,8.55,8.58,8.43,30671,26080000,0.12,1.42,1.78,3.18
2013-05-10,8.51,8.56,8.57,8.43,18631,15880000,0.01,0.12,1.64,1.93
2013-05-13,8.56,8.69,8.71,8.56,26461,22860000,0.13,1.52,1.75,2.74
2013-05-14,8.68,8.56,8.68,8.43,21919,18670000,-0.13,-1.50,2.88,2.27
2013-05-15,8.19,8.33,8.35,8.19,13520,11210000,0.02,0.24,1.93,1.40
2013-05-16,8.33,8.44,8.45,8.25,17133,14370000,0.11,1.32,2.40,1.77
2013-05-17,8.40,8.50,8.55,8.37,23264,19720000,0.06,0.71,2.13,2.41
2013-05-20,8.51,8.81,8.86,8.51,56666,49360000,0.31,3.65,4.12,5.87
2013-05-21,8.81,8.86,8.89,8.71,41079,36170000,0.05,0.57,2.04,4.25
2013-05-22,8.83,8.82,8.93,8.76,38692,34180000,-0.04,-0.45,1.92,4.01
2013-05-23,8.98,9.10,9.24,8.98,82300,75130000,0.28,3.17,2.95,8.52
2013-05-24,8.95,9.10,9.20,8.92,50280,45640000,0.00,0.00,3.08,5.21
2013-05-27,9.08,9.28,9.31,8.97,76003,69360000,0.18,1.98,3.74,7.87
2013-05-28,9.33,9.25,9.42,9.17,58705,54410000,-0.03,-0.32,2.69,6.08
2013-05-29,9.24,9.15,9.28,9.06,46807,42790000,-0.10,-1.08,2.38,4.85
2013-05-30,9.11,9.21,9.25,9.08,32741,30080000,0.06,0.66,1.86,3.39
2013-05-31,9.16,9.30,9.42,9.09,76063,70500000,0.09,0.98,3.58,7.87
2013-06-03,9.35,9.17,9.38,9.14,47505,43970000,-0.13,-1.40,2.58,4.92
2013-06-04,9.21,8.94,9.24,8.85,42682,38600000,-0.23,-2.51,4.25,4.42
2013-06-05,8.97,9.10,9.16,8.88,34691,31400000,0.16,1.79,3.13,3.59
2013-06-06,9.02,9.01,9.19,8.90,30616,27670000,-0.09,-0.99,3.19,3.17
2013-06-07,9.00,8.78,9.03,8.60,27026,23780000,-0.23,-2.55,4.77,2.80
2013-06-13,8.62,8.37,8.62,8.20,19767,16500000,-0.41,-4.67,4.78,2.05
2013-06-14,8.54,8.69,8.77,8.50,34882,30220000,0.32,3.82,3.23,3.61
2013-06-17,8.69,8.78,8.87,8.47,39162,34000000,0.09,1.04,4.60,4.05
2013-06-18,8.76,8.88,8.95,8.67,33367,29380000,0.10,1.14,3.19,3.45
2013-06-19,8.78,9.04,9.05,8.64,50977,45230000,0.16,1.80,4.62,5.28
2013-06-20,9.07,8.69,9.07,8.67,34343,30600000,-0.35,-3.87,4.42,3.56
2013-06-21,8.26,8.42,8.55,8.26,23624,19880000,-0.27,-3.11,3.34,2.45
2013-06-24,8.45,7.82,8.53,7.61,34705,28050000,-0.60,-7.13,10.93,3.59
2013-06-25,7.62,7.95,8.01,7.28,37293,28990000,0.13,1.66,9.34,3.86
2013-06-26,7.97,8.17,8.23,7.84,28795,23110000,0.22,2.77,4.91,2.98
2013-06-27,8.15,7.95,8.23,7.90,24087,19500000,-0.22,-2.69,4.04,2.49
2013-06-28,7.91,7.94,8.12,7.77,14261,11340000,-0.01,-0.13,4.40,1.48
2013-07-01,7.87,8.32,8.35,7.82,21189,17090000,0.38,4.79,6.68,2.19
2013-07-02,8.30,8.33,8.48,8.15,21299,17680000,0.01,0.12,3.97,2.20
2013-07-03,8.24,8.20,8.32,8.04,15458,12620000,-0.13,-1.56,3.36,1.60
2013-07-04,8.12,8.34,8.40,8.00,26837,22100000,0.14,1.71,4.88,2.78
2013-07-05,8.33,8.35,8.59,8.22,33803,28440000,0.01,0.12,4.44,3.50
2013-07-08,8.17,7.86,8.22,7.85,20251,16270000,-0.49,-5.87,4.43,2.10
2013-07-09,7.82,8.15,8.65,7.82,26257,21490000,0.29,3.69,10.56,2.72
2013-07-10,8.15,8.28,8.31,8.08,16035,13190000,0.13,1.60,2.82,1.66
2013-07-11,8.30,8.44,8.54,8.28,32172,27130000,0.16,1.93,3.14,3.33
2013-07-12,8.38,8.35,8.64,8.33,30904,26180000,-0.09,-1.07,3.67,3.20
2013-07-15,8.32,8.45,8.54,8.32,26089,22010000,0.10,1.20,2.63,2.70
2013-07-16,8.46,8.57,8.58,8.38,36926,31390000,0.12,1.42,2.37,3.82
2013-07-17,8.57,8.41,8.57,8.32,28615,24170000,-0.16,-1.87,2.92,2.96
2013-07-18,8.35,8.26,8.43,8.24,26577,22170000,-0.15,-1.78,2.26,2.75
2013-07-19,8.26,7.99,8.34,7.95,25184,20530000,-0.27,-3.27,4.72,2.61
2013-07-22,8.00,7.99,8.19,7.78,19205,15280000,0.00,0.00,5.13,1.99
2013-07-23,8.00,8.29,8.29,7.95,26162,21390000,0.30,3.75,4.26,2.71
2013-07-24,8.24,8.16,8.32,8.06,28897,23600000,-0.13,-1.57,3.14,2.99
2013-07-25,8.13,8.06,8.26,8.00,21570,17430000,-0.10,-1.23,3.19,2.23
2013-07-26,8.01,8.02,8.13,7.95,13311,10670000,-0.04,-0.50,2.23,1.38
2013-07-29,7.82,7.84,8.03,7.82,14573,11510000,-0.18,-2.24,2.62,1.51
2013-07-30,7.86,7.88,7.96,7.73,16862,13230000,0.04,0.51,2.93,1.75
2013-07-31,7.90,8.01,8.13,7.90,22684,18210000,0.13,1.65,2.92,2.35
2013-08-01,8.28,8.19,8.40,8.12,29175,23970000,0.18,2.25,3.50,3.02
2013-08-02,8.19,8.26,8.37,8.16,30262,25040000,0.07,0.85,2.56,3.13
2013-08-05,8.23,8.34,8.35,8.20,16776,13880000,0.08,0.97,1.82,1.74
2013-08-06,8.35,8.37,8.41,8.22,24779,20670000,0.03,0.36,2.28,2.57
2013-08-07,8.32,8.38,8.47,8.28,41673,34940000,0.01,0.12,2.27,4.31
2013-08-08,8.38,8.36,8.44,8.24,24662,20630000,-0.02,-0.24,2.39,2.55
2013-08-09,8.32,8.58,8.60,8.25,38808,32760000,0.22,2.63,4.19,4.02
2013-08-12,8.54,8.66,8.72,8.54,37237,32110000,0.08,0.93,2.10,3.85
2013-08-13,8.66,8.88,8.97,8.62,49439,43690000,0.22,2.54,4.04,5.12
2013-08-14,8.94,8.67,8.94,8.66,30114,26380000,-0.21,-2.36,3.15,3.12
2013-08-15,8.67,8.72,8.98,8.67,32804,28940000,0.05,0.58,3.58,3.40
2013-08-16,8.71,8.58,8.84,8.49,23831,20590000,-0.14,-1.61,4.01,2.47
2013-08-19,8.50,8.76,8.78,8.44,17135,14820000,0.18,2.10,3.96,1.77
2013-08-20,8.74,8.69,8.88,8.68,18883,16570000,-0.07,-0.80,2.28,1.95
2013-08-21,8.70,8.69,8.76,8.65,12151,10570000,0.00,0.00,1.27,1.26
2013-08-22,8.75,8.56,8.75,8.54,18376,15870000,-0.13,-1.50,2.42,1.90
2013-08-23,8.63,9.13,9.25,8.56,120207,108320000,0.57,6.66,8.06,12.44
2013-08-26,9.13,9.17,9.21,9.06,45053,41190000,0.04,0.44,1.64,4.66
2013-08-27,9.12,9.50,9.62,9.04,77637,72850000,0.33,3.60,6.33,8.04
2013-08-28,9.40,9.33,9.85,9.31,110703,106390000,-0.17,-1.79,5.68,11.46
2013-08-29,9.35,9.59,9.65,9.28,66452,63320000,0.26,2.79,3.97,6.88
2013-08-30,9.59,9.67,9.82,9.40,60292,58090000,0.08,0.83,4.38,6.24
2013-09-02,9.60,9.79,10.16,9.50,86517,86000000,0.12,1.24,6.83,8.96
2013-09-03,9.75,9.97,10.10,9.63,44935,44310000,0.18,1.84,4.80,4.65
2013-09-04,9.97,10.00,10.18,9.77,64141,64160000,0.03,0.30,4.11,6.64
2013-09-05,10.20,10.12,10.46,9.95,79327,80670000,0.12,1.20,5.10,8.21
2013-09-06,10.15,10.22,10.44,9.80,111701,113270000,0.10,0.99,6.32,11.56
2013-09-09,10.33,10.06,10.33,9.91,67189,67590000,-0.16,-1.57,4.11,6.96
2013-09-10,10.17,10.10,10.27,10.00,43181,43680000,0.04,0.40,2.68,4.47
2013-09-11,10.12,10.80,11.11,10.12,126188,136120000,0.70,6.93,9.80,13.06
2013-09-12,10.59,11.15,11.25,10.45,73296,80760000,0.35,3.24,7.41,7.59
2013-09-13,11.14,10.95,11.18,10.80,46651,51090000,-0.20,-1.79,3.41,4.83
2013-09-16,11.10,11.01,11.50,10.85,42655,47410000,0.06,0.55,5.94,4.42
2013-09-17,10.96,10.82,11.07,10.65,23864,25810000,-0.19,-1.73,3.81,2.47
2013-09-18,10.74,10.87,11.17,10.74,26128,28680000,0.05,0.46,3.97,2.70
2013-09-23,10.91,11.40,11.49,10.87,42258,47740000,0.53,4.88,5.70,4.37
2013-09-24,11.47,11.41,11.48,11.16,30562,34470000,0.01,0.09,2.81,3.16
2013-09-25,11.29,11.25,11.59,11.01,29460,33250000,-0.16,-1.40,5.08,3.05
2013-09-26,11.15,11.14,11.24,10.91,23567,26100000,-0.11,-0.98,2.93,2.44
2013-09-27,11.10,11.13,11.35,10.95,24572,27490000,-0.01,-0.09,3.59,2.54
2013-09-30,11.05,11.05,11.15,10.77,24832,27170000,-0.08,-0.72,3.41,2.57
2013-10-08,10.93,11.59,11.87,10.91,30977,35440000,0.54,4.89,8.69,3.21
2013-10-09,11.53,11.39,11.53,11.28,17416,19830000,-0.20,-1.73,2.16,1.80
2013-10-10,11.43,11.05,11.48,11.02,27999,31490000,-0.34,-2.99,4.04,2.90
2013-10-11,11.05,11.37,11.43,10.97,21552,24180000,0.32,2.90,4.16,2.23
2013-10-14,11.45,11.76,11.82,11.45,40444,47350000,0.39,3.43,3.25,4.19
2013-10-15,11.68,12.07,12.15,11.46,37769,45010000,0.31,2.64,5.87,3.91
2013-10-16,12.00,11.86,12.26,11.61,25308,30080000,-0.21,-1.74,5.39,2.62
2013-10-17,11.86,12.71,12.96,11.86,49437,62230000,0.85,7.17,9.27,5.12
2013-10-18,13.15,12.53,13.15,12.23,26679,33530000,-0.18,-1.42,7.24,2.76
2013-10-21,12.53,12.97,13.03,12.25,26427,33530000,0.44,3.51,6.23,2.74
2013-10-22,13.29,13.41,13.45,12.80,33688,44230000,0.44,3.39,5.01,3.49
2013-10-23,13.45,13.30,13.54,12.70,36782,48480000,-0.11,-0.82,6.26,3.81
2013-10-24,13.20,12.75,13.32,12.72,25042,32690000,-0.55,-4.14,4.51,2.59
2013-11-01,11.66,11.83,12.65,11.66,56094,68150000,-0.92,-7.22,7.76,5.81
2013-11-04,11.84,12.92,12.93,11.83,34538,43220000,1.09,9.21,9.30,3.58
2013-11-05,12.80,14.21,14.21,12.70,109252,153700000,1.29,9.98,11.69,11.31
2013-11-06,14.10,14.01,14.50,13.63,93803,131780000,-0.20,-1.41,6.12,9.71
2013-11-07,13.71,13.45,14.01,13.36,47719,65090000,-0.56,-4.00,4.64,4.94
2013-11-08,13.27,13.07,13.62,12.81,44390,58200000,-0.38,-2.83,6.02,4.60
2013-11-11,13.00,13.42,13.56,13.00,33330,44590000,0.35,2.68,4.28,3.45
2013-11-12,13.40,13.01,13.40,12.79,30611,39810000,-0.41,-3.06,4.55,3.17
2013-11-13,12.80,12.60,12.91,12.22,37795,47490000,-0.41,-3.15,5.30,3.91
2013-11-14,12.68,13.14,13.20,12.32,26892,34320000,0.54,4.29,6.98,2.78
2013-11-15,13.24,13.00,13.56,12.88,29996,39780000,-0.14,-1.07,5.18,3.11
2013-11-18,12.92,13.45,13.50,12.90,30757,40760000,0.45,3.46,4.62,3.18
2013-11-19,13.47,13.27,13.47,13.10,24059,31990000,-0.18,-1.34,2.75,2.49
2013-11-20,13.30,13.34,13.60,13.14,23484,31340000,0.07,0.53,3.47,2.43
2013-11-21,13.30,13.17,13.30,12.81,30884,40150000,-0.17,-1.27,3.67,3.20
2013-11-22,13.09,12.81,13.20,12.81,13789,17880000,-0.36,-2.73,2.96,1.43
2013-11-25,13.58,12.94,13.97,12.81,44426,58740000,0.13,1.01,9.06,4.60
2013-11-26,12.54,12.65,12.85,12.20,36985,46320000,-0.29,-2.24,5.02,3.83
2013-11-27,12.65,13.04,13.16,12.35,32625,41700000,0.39,3.08,6.40,3.38
2013-11-28,12.97,13.02,13.35,12.97,19161,25230000,-0.02,-0.15,2.91,1.98
2013-11-29,13.02,13.15,13.31,13.00,27080,35600000,0.13,1.00,2.38,2.80
2013-12-02,12.90,12.04,12.90,12.00,43968,54640000,-1.11,-8.44,6.84,4.55
2013-12-03,11.92,12.26,12.41,11.92,15252,18620000,0.22,1.83,4.07,1.58
2013-12-04,12.30,12.44,12.56,12.28,21003,26140000,0.18,1.47,2.28,2.17
2013-12-05,12.40,12.11,12.46,12.00,23691,28740000,-0.33,-2.65,3.70,2.45
2013-12-06,12.19,11.93,12.25,11.72,31746,37780000,-0.18,-1.49,4.38,3.29
2013-12-09,11.89,12.46,12.51,11.89,45875,56380000,0.53,4.44,5.20,4.75
2013-12-10,12.41,12.44,12.53,12.30,19868,24610000,-0.02,-0.16,1.85,2.06
2013-12-11,12.30,12.17,12.37,12.06,20630,25140000,-0.27,-2.17,2.49,2.14
2013-12-12,12.26,11.96,12.34,11.93,33541,40570000,-0.21,-1.73,3.37,3.47
2013-12-13,11.86,12.02,12.13,11.86,14853,17820000,0.06,0.50,2.26,1.54
2013-12-16,12.01,11.77,12.20,11.76,19781,23760000,-0.25,-2.08,3.66,2.05
2013-12-17,11.83,11.44,11.83,11.37,25810,29620000,-0.33,-2.80,3.91,2.67
2013-12-18,11.42,11.93,12.00,11.42,26968,31910000,0.49,4.28,5.07,2.79
2013-12-19,11.93,11.45,12.00,11.31,20003,23310000,-0.48,-4.02,5.78,2.07
2013-12-20,11.45,11.46,11.69,11.37,12238,14110000,0.01,0.09,2.79,1.27
2013-12-23,11.59,11.74,11.79,11.20,13055,15170000,0.28,2.44,5.15,1.35
2013-12-24,11.75,12.03,12.05,11.69,17368,20630000,0.29,2.47,3.07,1.80
2013-12-25,11.92,12.51,12.52,11.92,35375,43770000,0.48,3.99,4.99,3.66
2013-12-26,12.52,12.71,12.75,12.42,37466,47210000,0.20,1.60,2.64,3.88
2013-12-27,12.63,13.01,13.08,12.40,33374,42650000,0.30,2.36,5.35,3.45
2013-12-30,13.07,13.08,13.10,12.68,29088,37430000,0.07,0.54,3.23,3.01
2013-12-31,12.90,12.70,13.00,12.56,28130,35950000,-0.38,-2.91,3.36,2.91
2014-01-02,12.70,12.50,12.82,12.48,21770,27350000,-0.20,-1.57,2.68,2.25
2014-01-03,12.51,12.30,12.61,12.29,18814,23430000,-0.20,-1.60,2.56,1.95
2014-01-06,12.28,11.85,12.35,11.82,13571,16270000,-0.45,-3.66,4.31,1.40
2014-01-07,11.89,11.80,11.95,11.68,13814,16280000,-0.05,-0.42,2.28,1.43
2014-01-08,11.85,11.97,11.98,11.70,12415,14690000,0.17,1.44,2.37,1.29
2014-01-09,11.98,12.44,12.54,11.86,26913,33320000,0.47,3.93,5.68,2.79
2014-01-10,12.39,11.89,12.50,11.46,36201,43460000,-0.55,-4.42,8.36,3.75
2014-01-13,11.79,11.70,11.91,11.36,17734,20740000,-0.19,-1.60,4.63,1.84
2014-01-14,11.70,12.15,12.20,11.70,12236,14670000,0.45,3.85,4.27,1.27
2014-01-15,12.16,12.08,12.28,11.80,15603,18700000,-0.07,-0.58,3.95,1.62
2014-01-16,12.09,11.93,12.10,11.53,14286,16940000,-0.15,-1.24,4.72,1.48
2014-01-17,11.78,11.68,11.85,11.61,8628,10120000,-0.25,-2.10,2.01,0.89
2014-01-20,11.70,11.49,11.80,11.45,7437,8610000,-0.19,-1.63,3.00,0.77
2014-01-21,11.63,11.58,11.76,11.50,7398,8610000,0.09,0.78,2.26,0.77
2014-01-22,11.60,12.37,12.45,11.60,26710,32620000,0.79,6.82,7.34,2.77
2014-01-23,12.24,12.84,13.08,12.12,34289,43350000,0.47,3.80,7.76,3.55
2014-01-24,12.84,12.91,12.96,12.72,27662,35620000,0.07,0.55,1.87,2.86
2014-01-27,12.92,12.80,12.92,12.65,17461,22270000,-0.11,-0.85,2.09,1.81
2014-01-28,12.71,12.61,12.85,12.49,14756,18690000,-0.19,-1.48,2.81,1.53
2014-01-29,12.78,12.95,12.99,12.47,18334,23520000,0.34,2.70,4.12,1.90
2014-01-30,12.95,12.85,12.95,12.75,13551,17380000,-0.10,-0.77,1.54,1.40
2014-02-07,12.56,12.84,12.99,12.56,12527,16050000,-0.01,-0.08,3.35,1.30
2014-02-10,12.84,14.12,14.12,12.75,66831,90850000,1.28,9.97,10.67,6.92
2014-02-11,14.20,14.22,14.33,13.83,42759,60390000,0.10,0.71,3.54,4.43
2014-02-12,14.22,14.34,14.44,13.93,31771,45170000,0.12,0.84,3.59,3.29
2014-02-13,14.34,15.24,15.77,14.34,92255,140990000,0.90,6.28,9.97,9.55
2014-02-14,15.00,16.00,16.70,14.88,51967,83060000,0.76,4.99,11.94,5.38
2014-02-17,16.01,16.15,16.38,15.52,50331,80310000,0.15,0.94,5.38,5.21
2014-02-18,16.15,15.60,16.32,15.35,71340,113260000,-0.55,-3.41,6.01,7.39
2014-02-19,15.62,15.80,16.18,15.36,35947,56580000,0.20,1.28,5.26,3.72
2014-02-20,16.01,15.98,17.10,15.81,68675,113570000,0.18,1.14,8.16,7.11
2014-02-21,15.68,15.92,16.26,15.51,37464,59370000,-0.06,-0.38,4.69,3.88
2014-02-24,15.63,16.09,16.19,15.01,38877,59900000,0.17,1.07,7.41,4.02
2014-02-25,16.09,16.17,16.84,15.77,58179,95070000,0.08,0.50,6.65,6.02
2014-02-26,16.08,15.80,16.08,14.61,23581,36540000,-0.37,-2.29,9.09,2.44
2014-02-27,15.80,14.90,15.80,14.77,26164,40100000,-0.90,-5.70,6.52,2.71
2014-02-28,14.83,14.93,15.18,14.24,27699,40710000,0.03,0.20,6.31,2.87
2014-03-03,14.93,15.42,15.60,14.63,20804,31840000,0.49,3.28,6.50,2.15
2014-03-04,15.40,15.70,16.23,15.10,29628,46960000,0.28,1.82,7.33,3.07
2014-03-05,15.75,16.02,16.23,15.51,29447,47150000,0.32,2.04,4.59,3.05
2014-03-06,16.06,16.15,16.35,15.52,18286,29340000,0.13,0.81,5.18,1.89
2014-03-07,16.00,15.76,16.16,15.70,14419,22920000,-0.39,-2.41,2.85,1.49
2014-03-10,15.70,14.61,15.70,14.21,32041,47420000,-1.15,-7.30,9.45,3.32
2014-03-11,14.61,14.73,14.90,14.00,15670,23040000,0.12,0.82,6.16,1.62
2014-03-12,14.73,14.60,14.99,14.56,15099,22380000,-0.13,-0.88,2.92,1.56
2014-03-13,14.60,14.64,15.09,14.55,9983,14770000,0.04,0.27,3.70,1.03
2014-03-14,14.64,14.40,14.79,14.30,6304,9130000,-0.24,-1.64,3.35,0.65
2014-03-17,14.40,15.27,15.35,14.40,24671,36510000,0.87,6.04,6.60,2.55
2014-03-18,14.97,15.55,15.72,14.71,37055,56070000,0.28,1.83,6.61,3.84
2014-03-19,15.26,15.19,15.40,14.95,16729,25320000,-0.36,-2.32,2.89,1.73
2014-03-20,15.00,14.73,15.50,14.70,11307,17150000,-0.46,-3.03,5.27,1.17
2014-03-21,14.60,14.55,14.75,14.15,21824,31550000,-0.18,-1.22,4.07,2.26
2014-03-24,14.52,14.39,14.61,14.31,8837,12760000,-0.16,-1.10,2.06,0.91
2014-03-27,14.44,14.16,15.18,14.04,24645,35380000,-0.23,-1.60,7.92,2.55
2014-03-28,14.09,13.91,14.36,13.16,21078,28730000,-0.25,-1.77,8.47,2.18
2014-03-31,13.80,14.01,14.04,13.62,9672,13400000,0.10,0.72,3.02,1.00
2014-04-01,13.98,13.67,13.98,13.40,22153,30170000,-0.34,-2.43,4.14,2.29
2014-04-02,13.67,13.42,13.67,13.30,12047,16240000,-0.25,-1.83,2.71,1.25
2014-04-03,13.44,13.44,13.59,13.20,9745,13030000,0.02,0.15,2.91,1.01
2014-04-04,13.42,13.59,13.66,13.25,12290,16620000,0.15,1.12,3.05,1.27
2014-04-08,13.50,13.77,13.95,13.40,14725,20270000,0.18,1.32,4.05,1.52
2014-04-09,13.77,13.88,13.95,13.70,21529,29830000,0.11,0.80,1.82,2.23
2014-04-10,13.88,13.79,13.93,13.71,20125,27760000,-0.09,-0.65,1.59,2.08
2014-04-11,13.79,13.42,13.92,13.30,22276,29950000,-0.37,-2.68,4.50,2.31
2014-04-14,13.33,13.51,13.54,13.33,15415,20740000,0.09,0.67,1.56,1.60
2014-04-15,13.62,13.89,13.94,13.52,26475,36580000,0.38,2.81,3.11,2.74
2014-04-16,13.89,13.88,14.06,13.70,20644,28650000,-0.01,-0.07,2.59,2.14
2014-04-17,13.88,14.64,14.66,13.80,32406,46280000,0.76,5.48,6.20,3.35
2014-04-18,14.50,14.28,15.20,14.20,49056,72080000,-0.36,-2.46,6.83,5.08
2014-04-21,14.11,13.69,14.18,13.60,26812,37410000,-0.59,-4.13,4.06,2.78
2014-04-22,13.60,13.69,13.75,13.48,10784,14660000,0.00,0.00,1.97,1.12
2014-04-23,13.53,13.62,13.70,13.53,6481,8810000,-0.07,-0.51,1.24,0.67
2014-04-24,13.63,13.29,13.85,13.28,10780,14650000,-0.33,-2.42,4.19,1.12
2014-04-25,13.31,12.42,13.48,12.06,33027,41730000,-0.87,-6.55,10.68,3.42
2014-04-28,12.40,11.72,12.40,11.52,27187,32000000,-0.70,-5.64,7.09,2.81
2014-04-29,11.68,11.87,12.00,11.68,12907,15320000,0.15,1.28,2.73,1.34
2014-04-30,11.87,11.95,12.21,11.75,18649,22230000,0.08,0.67,3.88,1.93
2014-05-05,11.95,11.91,11.95,11.58,12881,15110000,-0.04,-0.33,3.10,1.33
2014-05-06,11.88,12.28,12.44,11.76,20690,25150000,0.37,3.11,5.71,2.14
2014-05-07,12.34,12.19,12.42,12.10,13676,16760000,-0.09,-0.73,2.61,1.42
2014-05-08,12.10,12.22,12.54,12.05,11948,14680000,0.03,0.25,4.02,1.24
2014-05-09,12.34,12.51,12.75,12.01,29053,35940000,0.29,2.37,6.06,3.01
2014-05-12,12.61,12.96,12.97,12.47,30729,39180000,0.45,3.60,4.00,3.18
2014-05-13,13.50,13.31,14.26,13.29,122180,168940000,0.35,2.70,7.48,12.65
2014-05-14,13.61,13.76,14.60,13.53,132116,184590000,0.45,3.38,8.04,13.68
2014-05-15,13.55,14.19,14.21,13.20,107021,146020000,0.43,3.13,7.34,11.08
2014-05-16,14.45,14.17,14.65,13.81,90096,127650000,-0.02,-0.14,5.92,9.33
2014-05-19,14.25,14.49,14.50,13.68,94462,133500000,0.32,2.26,5.79,9.78
2014-05-20,14.65,14.47,14.95,14.01,168472,244380000,-0.02,-0.14,6.49,17.44
2014-05-21,13.94,13.44,13.94,13.18,147995,200210000,-1.03,-7.12,5.25,15.32
2014-05-22,14.51,14.51,14.51,14.23,132557,192260000,1.32,10.01,2.12,13.72
2014-05-23,15.10,14.86,15.28,14.50,228383,338390000,0.35,2.41,5.38,23.64
2014-05-26,14.45,14.26,14.70,14.14,147541,211830000,-0.60,-4.04,3.77,15.27
2014-05-27,14.15,13.71,14.24,13.60,118576,164190000,-0.55,-3.86,4.49,12.28
2014-05-28,13.61,13.74,13.80,13.50,104051,142320000,0.03,0.22,2.19,10.77
2014-05-29,13.67,13.26,13.69,13.20,91561,123030000,-0.48,-3.49,3.57,9.48
2014-05-30,13.10,13.24,13.57,13.10,51607,68920000,-0.02,-0.15,3.54,5.34
2014-06-03,13.33,13.37,13.55,13.25,54532,73270000,0.13,0.98,2.27,5.65
2014-06-04,13.56,13.03,13.69,12.80,66662,87720000,-0.34,-2.54,6.66,6.90
2014-06-05,13.04,13.60,13.68,12.78,117747,158270000,0.57,4.37,6.91,12.19
2014-06-06,13.59,13.31,13.59,13.19,64597,86510000,-0.29,-2.13,2.94,6.69
2014-06-09,13.27,12.87,13.40,12.85,45426,59600000,-0.44,-3.31,4.13,4.70
2014-06-10,12.84,13.00,13.05,12.53,53769,69000000,0.13,1.01,4.04,5.57
2014-06-11,12.89,12.98,13.08,12.80,44059,56900000,-0.02,-0.15,2.15,4.56
2014-06-12,12.98,12.94,13.13,12.82,34213,44390000,-0.04,-0.31,2.39,3.54
2014-06-13,12.86,13.08,13.33,12.83,40446,52840000,0.14,1.08,3.86,4.19
2014-06-16,13.35,13.43,13.62,13.27,95739,129130000,0.35,2.68,2.68,9.91
2014-06-17,13.36,13.51,13.60,13.20,64876,87130000,0.08,0.60,2.98,6.72
2014-06-18,13.47,12.95,13.47,12.91,42944,56540000,-0.56,-4.15,4.15,4.45
2014-06-19,12.99,12.23,13.05,12.18,36063,45400000,-0.72,-5.56,6.72,3.73
2014-06-20,12.23,12.32,12.34,12.08,17332,21210000,0.09,0.74,2.13,1.79
2014-06-23,12.32,12.43,12.50,12.32,19350,24110000,0.11,0.89,1.46,2.00
2014-06-24,12.44,12.44,12.52,12.34,20179,25020000,0.01,0.08,1.45,2.09
2014-06-25,12.46,12.56,12.78,12.12,34164,42290000,0.12,0.96,5.31,3.54
2014-06-26,12.70,12.62,12.94,12.61,54647,69640000,0.06,0.48,2.63,5.66
2014-06-27,12.66,12.68,12.76,12.54,27218,34530000,0.06,0.48,1.74,2.82
2014-06-30,12.75,12.83,12.84,12.68,26246,33550000,0.15,1.18,1.26,2.72
2014-07-01,12.88,12.83,12.92,12.75,28085,36010000,0.00,0.00,1.33,2.91
2014-07-02,12.85,12.78,12.85,12.61,24109,30700000,-0.05,-0.39,1.87,2.50
2014-07-03,12.78,12.68,12.85,12.64,45338,57570000,-0.10,-0.78,1.64,4.69
2014-07-04,12.70,12.35,12.72,12.30,60792,75480000,-0.33,-2.60,3.31,6.29
2014-07-07,12.14,12.20,12.38,12.14,40922,50030000,-0.15,-1.21,1.94,4.24
2014-07-08,12.20,12.35,12.35,12.14,46168,56520000,0.15,1.23,1.72,4.78
2014-07-09,12.34,12.39,12.41,12.25,39868,49250000,0.04,0.32,1.30,4.13
2014-07-10,12.39,12.78,12.80,12.30,62536,78880000,0.39,3.15,4.04,6.47
2014-07-11,12.87,12.65,12.93,12.59,68121,86560000,-0.13,-1.02,2.66,7.05
2014-07-14,12.69,12.90,12.95,12.58,53983,69110000,0.25,1.98,2.92,5.59
2014-07-15,12.88,12.89,12.95,12.74,39195,50450000,-0.01,-0.08,1.63,4.06
2014-07-16,12.89,12.68,12.97,12.67,37578,48160000,-0.21,-1.63,2.33,3.89
2014-07-17,12.61,12.49,12.70,12.38,23373,29170000,-0.19,-1.50,2.52,2.42
2014-07-18,12.37,12.69,12.75,12.36,26734,33500000,0.20,1.60,3.12,2.77
2014-07-21,12.61,12.39,12.68,12.33,26653,33210000,-0.30,-2.36,2.76,2.76
2014-07-22,12.45,12.45,12.50,12.34,25336,31520000,0.06,0.48,1.29,2.62
2014-07-23,12.46,12.18,12.48,12.15,33451,41110000,-0.27,-2.17,2.65,3.46
2014-07-24,12.17,12.16,12.28,12.00,24480,29740000,-0.02,-0.16,2.30,2.53
2014-07-25,12.18,12.46,12.54,12.16,36454,45320000,0.30,2.47,3.13,3.77
2014-07-28,12.53,12.80,12.90,12.48,49156,62750000,0.34,2.73,3.37,5.09
2014-07-29,12.85,12.79,12.85,12.61,31335,40030000,-0.01,-0.08,1.88,3.24
2014-07-30,12.83,13.17,13.45,12.81,97590,129260000,0.38,2.97,5.00,10.10
2014-07-31,13.18,13.20,13.22,13.04,36350,47800000,0.03,0.23,1.37,3.76
2014-08-01,13.20,12.99,13.27,12.97,38454,50560000,-0.21,-1.59,2.27,3.98
2014-08-04,12.97,13.06,13.10,12.90,35839,46520000,0.07,0.54,1.54,3.71
2014-08-05,13.10,13.19,13.20,12.92,32613,42690000,0.13,1.00,2.14,3.38
2014-08-06,13.25,13.39,13.50,13.25,58578,78480000,0.20,1.52,1.90,6.06
2014-08-07,13.35,13.29,13.49,13.28,60101,80580000,-0.10,-0.75,1.57,6.22
2014-08-08,13.28,13.32,13.39,13.21,22147,29410000,0.03,0.23,1.35,2.29
2014-08-11,13.29,13.40,13.40,13.26,31505,42010000,0.08,0.60,1.05,3.26
2014-08-12,13.38,13.51,13.65,13.30,35437,47800000,0.11,0.82,2.61,3.67
2014-08-13,13.80,13.78,14.07,13.54,72043,99400000,0.27,2.00,3.92,7.46
2014-08-14,13.66,13.64,13.86,13.58,47464,64920000,-0.14,-1.02,2.03,4.91
2014-08-15,13.75,13.78,13.96,13.72,51279,70840000,0.14,1.03,1.76,5.31
2014-08-18,13.80,13.91,13.96,13.69,46800,64600000,0.13,0.94,1.96,4.84
2014-08-19,13.93,13.85,14.06,13.71,35576,49250000,-0.06,-0.43,2.52,3.68
2014-08-20,13.86,13.65,13.89,13.55,59105,80780000,-0.20,-1.44,2.45,6.12
2014-08-21,13.63,13.82,13.83,13.43,48111,65530000,0.17,1.25,2.93,4.98
2014-08-22,13.61,13.63,13.71,13.50,35943,48960000,-0.19,-1.37,1.52,3.72
2014-08-25,13.62,13.77,13.87,13.51,54592,74990000,0.14,1.03,2.64,5.65
2014-08-26,13.80,13.33,13.80,13.21,42697,57420000,-0.44,-3.20,4.28,4.42
2014-08-27,13.26,13.29,13.42,13.11,20676,27540000,-0.04,-0.30,2.33,2.14
2014-08-28,13.32,13.38,13.41,13.13,21374,28360000,0.09,0.68,2.11,2.21
2014-08-29,13.66,13.97,14.69,13.66,89408,126040000,0.59,4.41,7.70,9.26
2014-09-01,13.86,14.39,14.48,13.70,85093,119770000,0.42,3.01,5.58,8.81
2014-09-02,14.46,14.62,14.67,14.30,97835,141740000,0.23,1.60,2.57,10.13
2014-09-03,14.66,14.51,14.70,14.45,50620,73610000,-0.11,-0.75,1.71,5.24
2014-09-04,14.47,14.49,14.58,14.32,47215,68230000,-0.02,-0.14,1.79,4.89
2014-09-05,14.38,14.28,14.51,14.15,42543,60710000,-0.21,-1.45,2.48,4.40
2014-09-09,14.28,14.55,14.70,14.15,55068,79920000,0.27,1.89,3.85,5.66
2014-09-10,14.50,14.61,14.62,14.30,32850,47620000,0.06,0.41,2.20,3.38
2014-09-11,14.74,14.69,15.22,14.60,78810,117430000,0.08,0.55,4.24,8.11
2014-09-12,14.69,14.94,14.94,14.61,42991,63640000,0.25,1.70,2.25,4.42
2014-09-15,15.10,15.61,15.79,15.10,84936,131680000,0.67,4.48,4.62,8.74
2014-09-16,15.60,14.75,15.66,14.72,60894,92710000,-0.86,-5.51,6.02,6.26
2014-09-17,14.77,15.64,16.22,14.74,95207,147620000,0.89,6.03,10.03,9.79
2014-09-18,15.69,15.78,16.09,15.31,52299,82570000,0.14,0.90,4.99,5.38
2014-09-19,15.67,15.63,15.80,15.37,32061,49880000,-0.15,-0.95,2.73,3.30
2014-09-22,15.61,15.27,15.61,15.21,28187,43230000,-0.36,-2.30,2.56,2.90
2014-09-23,15.25,15.39,15.44,15.04,33733,51350000,0.12,0.79,2.62,3.47
2014-09-24,15.42,15.55,15.75,15.16,35814,55280000,0.16,1.04,3.83,3.68
2014-09-25,15.53,15.94,16.20,15.44,61569,97840000,0.39,2.51,4.89,6.33
2014-09-26,15.90,15.81,16.03,15.56,32240,50810000,-0.13,-0.82,2.95,3.32
2014-09-29,15.78,16.04,16.12,15.72,35593,56520000,0.23,1.45,2.53,3.66
2014-09-30,16.15,15.85,16.15,15.72,36572,57960000,-0.19,-1.18,2.68,3.76
2014-10-08,15.88,15.67,15.98,15.54,40669,63640000,-0.18,-1.14,2.78,4.18
2014-10-09,15.68,15.91,15.92,15.30,57533,89590000,0.24,1.53,3.96,5.92
2014-10-10,15.88,15.50,16.08,15.38,90937,142840000,-0.41,-2.58,4.40,9.35
2014-10-13,15.55,15.38,15.55,15.08,40575,61740000,-0.12,-0.77,3.03,4.17
2014-10-14,15.39,15.30,15.53,15.28,34176,52640000,-0.08,-0.52,1.63,3.52
2014-10-15,15.29,15.32,15.38,15.10,26252,40000000,0.02,0.13,1.83,2.70
2014-10-16,15.23,15.30,15.42,15.15,25147,38500000,-0.02,-0.13,1.76,2.59
2014-10-17,15.35,14.90,15.35,14.81,32076,48020000,-0.40,-2.61,3.53,3.30
2014-10-20,14.91,15.00,15.10,14.83,24223,36140000,0.10,0.67,1.81,2.49
2014-10-21,15.00,15.02,15.04,14.87,19683,29430000,0.02,0.13,1.13,2.02
2014-10-22,14.93,15.01,15.27,14.85,19278,29080000,-0.01,-0.07,2.80,1.98
2014-10-23,15.12,14.88,15.47,14.70,23457,35330000,-0.13,-0.87,5.13,2.41
2014-10-24,14.86,14.72,15.00,14.66,13739,20430000,-0.16,-1.08,2.28,1.41
2014-10-27,14.73,14.90,14.91,14.42,10523,15470000,0.18,1.22,3.33,1.08
2014-10-28,14.85,15.16,15.18,14.85,16025,24170000,0.26,1.75,2.21,1.65
2014-10-29,15.18,15.17,15.34,15.06,26326,39950000,0.01,0.07,1.85,2.71
2014-10-30,15.30,15.75,15.83,15.16,69548,108290000,0.58,3.82,4.42,7.15
2014-10-31,15.78,15.88,16.00,15.55,64889,102670000,0.13,0.83,2.86,6.67
2014-11-03,15.84,15.65,15.88,15.62,43895,69000000,-0.23,-1.45,1.64,4.51
2014-11-04,15.41,17.21,17.22,15.36,93632,152860000,1.56,9.97,11.89,9.63
2014-11-05,17.00,17.25,17.71,16.20,115669,199430000,0.04,0.23,8.77,11.90
2014-11-06,17.00,17.22,17.50,16.83,52562,89890000,-0.03,-0.17,3.88,5.41
2014-11-07,17.02,17.22,17.45,16.85,51617,88990000,0.00,0.00,3.48,1.62
2014-11-10,17.69,18.50,18.70,17.53,99842,181000000,1.28,7.43,6.79,3.14
2014-11-11,18.11,17.09,18.35,16.81,64298,112630000,-1.41,-7.62,8.32,2.02
2014-11-12,17.03,17.16,17.49,16.92,35003,60140000,0.07,0.41,3.34,1.10
2014-11-13,17.19,17.12,17.23,16.31,55834,93750000,-0.04,-0.23,5.36,1.76
2014-11-14,16.95,16.71,16.95,16.37,30196,50070000,-0.41,-2.39,3.39,0.95
2014-11-17,16.77,17.03,17.39,16.48,34165,58460000,0.32,1.92,5.45,1.07
2014-11-18,17.04,16.88,17.34,16.62,23789,40280000,-0.15,-0.88,4.23,0.75
2014-11-19,16.70,16.72,16.95,16.61,24556,41140000,-0.16,-0.95,2.01,0.77
2014-11-20,16.70,17.33,17.55,16.53,37691,64720000,0.61,3.65,6.10,1.18
2014-11-21,17.62,17.75,18.00,17.33,39382,69890000,0.42,2.42,3.87,1.24
2014-11-24,17.78,17.60,18.45,17.52,56899,102070000,-0.15,-0.85,5.24,1.79
2014-11-25,17.65,17.85,18.06,17.30,72422,128080000,0.25,1.42,4.32,2.28
2014-11-26,19.64,19.64,19.64,19.64,13280,26080000,1.79,10.03,0.00,0.42
2014-11-27,21.60,21.60,21.60,21.60,18197,39310000,1.96,9.98,0.00,0.57
2014-11-28,23.60,23.74,23.76,22.60,617602,1443690000,2.14,9.91,5.37,19.41
2014-12-01,22.50,22.34,23.00,22.05,300068,675970000,-1.40,-5.90,4.00,9.43
2014-12-02,22.52,22.10,22.75,21.90,256368,570130000,-0.24,-1.07,3.80,8.06
2014-12-03,22.05,22.27,22.49,21.62,176863,390350000,0.17,0.77,3.94,5.56
2014-12-04,22.33,21.96,22.33,21.82,171681,377470000,-0.31,-1.39,2.29,5.40
2014-12-05,21.60,22.29,22.53,20.80,286541,625550000,0.33,1.50,7.88,9.01
2014-12-08,21.62,21.74,22.36,21.42,160339,350780000,-0.55,-2.47,4.22,5.04
2014-12-09,21.54,19.79,21.54,19.67,174233,363080000,-1.95,-8.97,8.60,5.48
2014-12-10,19.77,20.49,20.70,19.60,113913,230630000,0.70,3.54,5.56,3.58
2014-12-11,20.59,21.57,21.60,20.31,132283,278840000,1.08,5.27,6.30,4.16
2014-12-12,21.40,21.00,21.40,20.91,96136,203050000,-0.57,-2.64,2.27,3.02
2014-12-15,20.79,21.69,21.81,20.62,101163,217310000,0.69,3.29,5.67,3.18
2014-12-16,21.80,21.39,21.85,21.27,69203,148380000,-0.30,-1.38,2.67,2.18
2014-12-17,21.30,20.61,21.30,20.36,92593,192380000,-0.78,-3.65,4.39,2.91
2014-12-18,20.61,20.60,21.02,20.59,37399,77660000,-0.01,-0.05,2.09,1.18
2014-12-19,20.60,20.03,20.66,19.80,61099,122370000,-0.57,-2.77,4.17,1.92
2014-12-22,19.87,18.91,19.87,18.80,55320,105720000,-1.12,-5.59,5.34,1.74
2014-12-23,18.95,19.27,19.68,18.95,51644,99790000,0.36,1.90,3.86,1.62
2014-12-24,19.45,20.76,21.19,19.25,116470,238260000,1.49,7.73,10.07,3.66
2014-12-25,20.50,20.40,21.16,20.14,114186,235820000,-0.36,-1.73,4.91,3.59
2014-12-26,20.32,19.98,20.32,19.76,82464,164600000,-0.42,-2.06,2.75,2.59
2014-12-29,19.82,19.50,19.86,19.06,51943,100660000,-0.48,-2.40,4.00,1.63
2014-12-30,19.48,19.24,19.68,19.16,42018,81150000,-0.26,-1.33,2.67,1.32
2014-12-31,19.21,19.50,19.55,19.00,40532,78040000,0.26,1.35,2.86,1.27
2015-01-05,19.50,19.58,19.77,19.12,49281,95630000,0.08,0.41,3.33,1.55
2015-01-06,19.39,19.68,19.74,19.20,42034,81980000,0.10,0.51,2.76,1.32
2015-01-07,19.68,19.54,19.69,19.39,33123,64690000,-0.14,-0.71,1.52,1.04
2015-01-08,19.51,19.03,19.57,19.01,37810,72730000,-0.51,-2.61,2.87,1.19
2015-01-09,19.03,18.97,19.43,18.95,29691,57010000,-0.06,-0.32,2.52,0.93
2015-01-12,18.97,18.99,19.09,18.70,27228,51390000,0.02,0.11,2.06,0.86
2015-01-13,18.99,19.47,19.53,18.85,40832,78700000,0.48,2.53,3.58,1.28
2015-01-14,19.58,20.21,20.30,19.27,89599,177760000,0.74,3.80,5.29,2.82
2015-01-15,20.00,19.93,20.18,19.71,55754,110990000,-0.28,-1.39,2.33,1.75
2015-01-16,20.00,20.09,20.25,19.71,59309,118510000,0.16,0.80,2.71,1.86
2015-01-19,19.75,19.46,20.52,19.05,82369,164820000,-0.63,-3.14,7.32,2.59
2015-01-20,19.60,20.35,20.44,19.60,62530,125340000,0.89,4.57,4.32,1.97
2015-01-21,20.64,20.57,20.80,20.40,70794,145550000,0.22,1.08,1.97,2.23
2015-01-22,20.61,20.66,20.75,20.31,60070,123230000,0.09,0.44,2.14,1.89
2015-01-23,20.66,20.11,20.66,20.01,49916,101420000,-0.55,-2.66,3.15,1.57
2015-01-26,20.09,20.17,20.30,20.01,27227,54780000,0.06,0.30,1.44,0.86
2015-01-27,20.29,20.24,20.35,19.93,37821,76140000,0.07,0.35,2.08,1.19
2015-01-28,20.07,19.85,20.12,19.81,28963,57830000,-0.39,-1.93,1.53,0.91
2015-01-29,19.66,19.83,19.98,19.00,43873,85790000,-0.02,-0.10,4.94,1.38
2015-01-30,19.84,19.22,19.93,19.21,24932,48570000,-0.61,-3.08,3.63,0.78
2015-02-02,19.07,18.84,19.20,18.78,19948,37900000,-0.38,-1.98,2.19,0.63
2015-02-03,18.89,19.20,19.21,18.89,15186,29000000,0.36,1.91,1.70,0.48
2015-02-04,19.23,18.87,19.31,18.86,19324,36840000,-0.33,-1.72,2.34,0.61
2015-02-05,19.01,18.78,19.10,18.77,21732,41120000,-0.09,-0.48,1.75,0.68
2015-02-06,18.76,18.00,18.76,17.87,35486,64730000,-0.78,-4.15,4.74,1.12
2015-02-09,18.00,17.91,18.11,17.88,13472,24190000,-0.09,-0.50,1.28,0.42
2015-02-10,17.90,18.13,18.14,17.89,13907,25020000,0.22,1.23,1.40,0.44
2015-02-11,18.13,18.54,18.55,18.03,20455,37450000,0.41,2.26,2.87,0.64
2015-02-12,18.53,18.42,18.53,18.26,12014,22070000,-0.12,-0.65,1.46,0.38
2015-02-13,18.44,18.75,19.07,18.44,27452,51820000,0.33,1.79,3.42,0.86
2015-02-16,18.77,18.94,19.06,18.77,17938,33980000,0.19,1.01,1.55,0.56
2015-02-17,18.90,18.98,19.03,18.88,15514,29430000,0.04,0.21,0.79,0.49
2015-02-25,19.00,18.98,19.00,18.80,12384,23380000,0.00,0.00,1.05,0.39
2015-02-26,18.96,19.04,19.05,18.80,17955,34030000,0.06,0.32,1.32,0.56
2015-02-27,19.10,20.59,20.72,19.10,139327,281880000,1.55,8.14,8.51,4.38
2015-03-02,20.67,21.35,21.51,20.18,113533,238420000,0.76,3.69,6.46,3.57
2015-03-03,21.25,20.83,21.25,20.80,50801,106230000,-0.52,-2.44,2.11,1.60
2015-03-04,20.63,20.84,21.39,20.61,49957,105020000,0.01,0.05,3.74,1.57
2015-03-05,20.78,20.47,20.89,20.30,35887,73560000,-0.37,-1.78,2.83,1.13
2015-03-06,20.41,20.59,20.60,19.98,43427,88270000,0.12,0.59,3.03,1.37
2015-03-09,20.30,20.85,21.00,20.10,43815,90840000,0.26,1.26,4.37,1.38
2015-03-10,20.78,20.79,21.00,20.70,30006,62540000,-0.06,-0.29,1.44,0.94
2015-03-11,20.80,20.36,20.90,20.27,28406,58190000,-0.43,-2.07,3.03,0.89
2015-03-12,20.40,19.69,20.40,19.65,50427,100700000,-0.67,-3.29,3.68,1.59
2015-03-13,19.82,20.11,20.31,19.80,32954,66200000,0.42,2.13,2.59,1.04
2015-03-16,20.25,20.62,20.86,20.20,40953,84180000,0.51,2.54,3.28,1.29
2015-03-17,20.64,21.26,21.44,20.50,86679,182820000,0.64,3.10,4.56,2.72
2015-03-18,21.46,21.57,21.66,21.05,73515,157070000,0.31,1.46,2.87,2.31
2015-03-19,21.42,21.34,21.57,21.15,72786,155220000,-0.23,-1.07,1.95,2.29
2015-03-20,21.38,22.24,22.34,21.38,92207,201980000,0.90,4.22,4.50,2.90
2015-03-23,22.48,22.97,23.25,22.16,104730,237920000,0.73,3.28,4.90,3.29
2015-03-24,23.03,22.88,23.48,22.00,120324,274370000,-0.09,-0.39,6.44,3.78
2015-03-25,22.68,25.13,25.17,22.42,168991,409480000,2.25,9.83,12.02,5.31
2015-03-26,24.50,24.30,25.19,23.58,118658,290530000,-0.83,-3.30,6.41,3.73
2015-03-27,24.30,24.55,24.99,24.01,75150,184600000,0.25,1.03,4.03,2.36
2015-03-30,24.87,24.09,26.00,24.00,265982,669940000,-0.46,-1.87,8.15,8.36
2015-03-31,23.98,23.82,24.70,23.40,142063,339570000,-0.27,-1.12,5.40,4.47
2015-04-01,24.50,25.18,25.49,24.50,145836,365150000,1.36,5.71,4.16,4.58
2015-04-02,25.50,27.32,27.41,25.10,183242,483560000,2.14,8.50,9.17,5.76
2015-04-03,26.80,28.31,29.30,26.35,149156,420750000,0.99,3.62,10.80,4.69
2015-04-07,28.28,28.49,29.29,27.53,183105,516700000,0.18,0.64,6.22,5.76
2015-04-08,28.68,27.69,28.68,27.12,149781,418240000,-0.80,-2.81,5.48,4.71
2015-04-09,27.88,27.17,27.94,25.55,122693,329040000,-0.52,-1.88,8.63,3.86
2015-04-10,27.20,28.18,28.49,27.03,136380,381880000,1.01,3.72,5.37,4.29
2015-04-13,28.25,29.59,29.87,27.80,156779,452950000,1.41,5.00,7.35,4.93
2015-04-14,29.36,28.63,29.36,28.30,108684,313380000,-0.96,-3.24,3.58,3.42
2015-04-15,28.50,26.66,28.50,26.58,104237,284800000,-1.97,-6.88,6.71,3.28
2015-04-16,26.00,27.16,27.68,25.75,71212,191880000,0.50,1.88,7.24,2.24
2015-04-17,27.50,28.43,29.25,27.00,130175,366890000,1.27,4.68,8.28,4.09
2015-04-20,28.30,26.72,28.30,26.50,119880,328620000,-1.71,-6.01,6.33,3.77
2015-04-21,27.40,27.79,27.85,26.50,84881,231080000,1.07,4.00,5.05,2.67
2015-04-22,27.60,27.86,28.40,27.50,140446,391490000,0.07,0.25,3.24,4.41
2015-04-23,27.92,28.70,29.03,27.51,180800,511350000,0.84,3.02,5.46,5.68
2015-04-24,27.92,28.00,28.30,27.41,115798,322010000,-0.70,-2.44,3.10,3.64
2015-04-27,28.05,29.11,29.49,27.80,213342,613210000,1.11,3.96,6.04,6.71
2015-04-28,30.00,29.29,30.50,28.81,257337,764290000,0.18,0.62,5.81,8.09
2015-04-29,28.91,29.15,29.20,28.01,106193,305590000,-0.14,-0.48,4.06,3.34
2015-04-30,29.26,29.65,29.99,28.91,149634,440190000,0.50,1.72,3.71,4.70
2015-05-04,29.93,32.00,32.42,29.65,214573,671610000,2.35,7.93,9.34,6.74
2015-05-05,33.18,32.16,34.50,32.00,295112,976910000,0.16,0.50,7.81,9.28
2015-05-06,15.00,15.98,15.98,14.54,263777,407080000,1.45,9.98,9.91,3.77
2015-05-07,14.84,14.38,15.29,14.38,315614,462790000,-1.60,-10.01,5.69,4.51
2015-05-08,13.83,14.19,14.34,13.11,427692,588330000,-0.19,-1.32,8.55,6.11
2015-05-11,14.25,14.38,14.89,14.21,505807,733150000,0.19,1.34,4.79,7.23
2015-05-12,14.39,14.30,14.68,13.89,480759,682690000,-0.08,-0.56,5.49,6.87
2015-05-13,14.34,13.97,14.34,13.90,349520,490860000,-0.33,-2.31,3.08,4.99
2015-05-14,13.97,14.40,14.48,13.49,487930,682990000,0.43,3.08,7.09,6.97
2015-05-15,14.24,13.88,14.33,13.77,281898,394890000,-0.52,-3.61,3.89,4.03
2015-05-18,13.84,13.74,13.98,13.64,196103,270770000,-0.14,-1.01,2.45,2.80
2015-05-19,13.75,14.12,14.25,13.69,297480,414670000,0.38,2.77,4.08,4.25
2015-05-20,14.35,14.26,14.65,14.15,409096,589260000,0.14,0.99,3.54,5.85
2015-05-21,14.30,15.20,15.35,14.30,455612,671890000,0.94,6.59,7.36,6.51
2015-05-22,15.27,15.07,15.49,14.63,453084,681630000,-0.13,-0.86,5.66,6.47
2015-05-25,15.13,16.20,16.42,14.82,518972,808540000,1.13,7.50,10.62,7.42
2015-05-26,16.29,16.85,17.14,15.80,511563,846610000,0.65,4.01,8.27,7.31
2015-05-27,16.80,18.54,18.54,16.54,521393,921560000,1.69,10.03,11.87,7.45
2015-05-28,19.00,17.49,19.80,17.00,698748,1318810000,-1.05,-5.66,15.10,9.98
2015-05-29,17.28,17.01,17.93,15.75,477485,814290000,-0.48,-2.74,12.46,6.82
2015-06-01,16.81,17.59,17.72,16.70,353181,610950000,0.58,3.41,6.00,5.05
2015-06-02,17.81,18.00,18.29,17.40,361316,644630000,0.41,2.33,5.06,5.16
2015-06-03,17.98,17.33,17.99,16.80,318942,555650000,-0.67,-3.72,6.61,4.56
2015-06-04,17.24,17.10,17.30,15.68,346280,575910000,-0.23,-1.33,9.35,4.95
2015-06-05,17.17,18.08,18.37,17.10,389658,685900000,0.98,5.73,7.43,5.57
2015-06-08,18.11,18.23,18.50,17.81,389418,706090000,0.15,0.83,3.82,5.56
2015-06-09,18.25,17.69,18.38,17.49,260204,464520000,-0.54,-2.96,4.88,3.72
2015-06-10,17.50,17.87,18.12,17.03,271546,481270000,0.18,1.02,6.16,3.88
2015-06-11,17.80,18.40,18.41,17.55,314929,570730000,0.53,2.97,4.81,4.50
2015-06-12,19.00,18.65,19.20,18.50,442094,832030000,0.25,1.36,3.80,6.32
2015-06-15,18.72,17.93,18.86,17.80,341171,620090000,-0.72,-3.86,5.68,4.87
2015-06-16,17.68,16.73,17.68,16.28,235791,401740000,-1.20,-6.69,7.81,3.37
2015-06-17,16.41,16.75,17.00,15.60,184619,300990000,0.02,0.12,8.37,2.64
2015-06-18,16.75,16.10,17.30,16.01,169356,285950000,-0.65,-3.88,7.70,2.42
2015-06-19,15.90,14.49,15.99,14.49,146632,222270000,-1.61,-10.00,9.32,2.10
2015-06-23,14.49,14.28,14.78,13.07,158894,221930000,-0.21,-1.45,11.80,2.27
2015-06-24,14.42,14.40,14.90,13.95,184004,265660000,0.12,0.84,6.65,2.63
2015-06-25,14.41,14.08,14.74,13.81,185102,265230000,-0.32,-2.22,6.46,2.64
2015-06-26,13.75,12.67,13.75,12.67,176729,231450000,-1.41,-10.01,7.67,2.53
2015-06-29,13.11,11.40,13.21,11.40,202620,242790000,-1.27,-10.02,14.29,2.90
2015-06-30,11.40,12.02,12.03,10.26,222971,246920000,0.62,5.44,15.53,3.19
2015-07-01,12.03,11.56,12.48,11.38,211482,257070000,-0.46,-3.83,9.15,3.02
2015-07-02,11.60,10.40,11.60,10.40,172806,186970000,-1.16,-10.03,10.38,2.47
2015-07-03,10.00,9.36,10.55,9.36,206048,197870000,-1.04,-10.00,11.44,2.94
2015-07-06,10.28,8.52,10.28,8.42,207926,190540000,-0.84,-8.97,19.87,2.97
2015-07-07,8.30,7.67,8.30,7.67,94481,73640000,-0.85,-9.98,7.39,1.35
2015-07-13,8.44,8.44,8.44,8.44,7125,6010000,0.77,10.04,0.00,0.10
2015-07-14,9.28,9.28,9.28,9.28,5523,5130000,0.84,9.95,0.00,0.08
2015-07-15,10.21,9.01,10.21,8.75,437155,421490000,-0.27,-2.91,15.73,6.25
2015-07-16,8.30,9.21,9.55,8.18,223787,202410000,0.20,2.22,15.21,3.20
2015-07-17,9.30,10.11,10.12,9.25,221750,216020000,0.90,9.77,9.45,3.17
2015-07-20,10.23,10.83,10.85,10.08,278452,291550000,0.72,7.12,7.62,3.98
2015-07-21,10.84,11.00,11.26,10.50,286174,315840000,0.17,1.57,7.02,4.09
2015-07-22,11.01,10.91,11.22,10.58,237230,258480000,-0.09,-0.82,5.82,3.39
2015-07-23,11.00,11.29,11.30,10.92,261989,292680000,0.38,3.48,3.48,3.74
2015-07-24,11.30,11.00,11.68,10.88,324267,368840000,-0.29,-2.57,7.09,4.63
2015-07-27,10.65,9.90,11.12,9.90,226262,240090000,-1.10,-10.00,11.09,3.23
2015-07-28,9.10,9.25,9.96,8.91,209645,195290000,-0.65,-6.57,10.61,3.00
2015-07-29,9.50,9.96,10.00,9.10,135531,129050000,0.71,7.68,9.73,1.94
2015-07-30,10.00,10.89,10.96,9.94,410563,442490000,0.93,9.34,10.24,5.87
2015-07-31,10.61,10.13,10.86,9.87,262590,272480000,-0.76,-6.98,9.09,3.75
2015-08-03,10.00,9.32,10.00,9.20,156551,148970000,-0.81,-8.00,7.90,2.24
2015-08-04,9.45,10.13,10.15,9.43,127156,124190000,0.81,8.69,7.73,1.82
2015-08-05,10.18,10.41,10.93,10.03,215042,225390000,0.28,2.76,8.88,3.07
2015-08-06,10.00,10.15,10.35,10.00,118046,120140000,-0.26,-2.50,3.36,1.69
2015-08-07,10.36,10.49,10.59,10.21,173579,180850000,0.34,3.35,3.74,2.48
2015-08-10,10.80,11.13,11.30,10.52,234340,256020000,0.64,6.10,7.44,3.35
2015-08-11,11.15,11.91,12.20,10.99,377945,435720000,0.78,7.01,10.87,5.40
2015-08-12,11.56,11.33,11.87,11.32,185640,215210000,-0.58,-4.87,4.62,2.65
2015-08-13,11.31,11.81,11.90,11.21,206621,241210000,0.48,4.24,6.09,2.95
2015-08-14,11.99,11.66,12.06,11.56,189712,223130000,-0.15,-1.27,4.23,2.71
2015-08-17,11.51,11.78,11.79,11.30,150529,173290000,0.12,1.03,4.20,2.15
2015-08-18,11.80,10.60,11.85,10.60,246552,281080000,-1.18,-10.02,10.61,3.52
2015-08-19,10.38,11.24,11.40,10.18,206331,222230000,0.64,6.04,11.51,2.95
2015-08-20,10.99,10.78,11.39,10.75,123772,136900000,-0.46,-4.09,5.69,1.77
2015-08-21,10.59,10.23,10.87,9.99,111790,116470000,-0.55,-5.10,8.16,1.60
2015-08-24,9.88,9.21,9.88,9.21,114445,106520000,-1.02,-9.97,6.55,1.64
2015-08-25,8.30,8.29,10.13,8.29,146188,126620000,-0.92,-9.99,19.98,2.09
2015-08-26,8.55,8.31,8.74,7.91,132654,111830000,0.02,0.24,10.01,1.90
2015-08-27,8.50,8.96,9.08,8.11,103642,88440000,0.65,7.82,11.67,1.48
2015-08-28,9.22,9.86,9.86,9.19,202797,194160000,0.90,10.04,7.48,2.90
2015-08-31,9.88,9.72,9.88,9.20,162913,155680000,-0.14,-1.42,6.90,2.33
2015-09-01,9.50,8.75,9.52,8.75,106377,96310000,-0.97,-9.98,7.92,1.52
2015-09-02,8.00,8.18,8.92,8.00,125755,106720000,-0.57,-6.51,10.51,1.80
2015-09-07,8.47,8.22,8.70,8.12,83267,70110000,0.04,0.49,7.09,1.19
2015-09-08,8.24,8.66,8.68,8.01,71322,59760000,0.44,5.35,8.15,1.02
2015-09-09,8.62,8.97,8.98,8.62,131828,116550000,0.31,3.58,4.16,1.88
2015-09-10,8.81,8.64,8.96,8.60,78725,69440000,-0.33,-3.68,4.01,1.12
2015-09-11,8.64,8.69,8.79,8.49,65185,56480000,0.05,0.58,3.47,0.93
2015-09-14,8.75,7.82,8.79,7.82,93224,76250000,-0.87,-10.01,11.16,1.33
2015-09-15,7.60,7.04,7.61,7.04,107224,77360000,-0.78,-9.97,7.29,1.53
2015-09-16,7.15,7.67,7.74,7.01,92597,67800000,0.63,8.95,10.37,1.32
2015-09-17,7.59,7.37,7.82,7.30,99866,75790000,-0.30,-3.91,6.78,1.43
2015-09-18,7.37,7.30,7.55,7.11,79104,57860000,-0.07,-0.95,5.97,1.13
2015-09-21,7.11,7.65,7.66,7.07,86230,64050000,0.35,4.79,8.08,1.23
2015-09-22,7.90,7.99,8.20,7.80,179086,143310000,0.34,4.44,5.23,2.56
2015-09-23,7.70,7.73,7.92,7.68,89049,69190000,-0.26,-3.25,3.00,1.27
2015-09-24,8.10,8.05,8.27,7.76,177827,142740000,0.32,4.14,6.60,2.54
2015-09-25,7.89,7.58,7.95,7.43,111632,85920000,-0.47,-5.84,6.46,1.60
2015-09-28,7.53,7.60,7.61,7.31,109922,81630000,0.02,0.26,3.96,1.57
2015-09-29,7.39,7.26,7.45,7.16,100078,72940000,-0.34,-4.47,3.82,1.43
2015-09-30,7.33,7.28,7.38,7.23,51584,37670000,0.02,0.28,2.07,0.74
2015-10-08,7.55,7.60,7.66,7.42,102464,77610000,0.32,4.40,3.30,1.46
2015-10-09,7.50,7.74,7.82,7.50,100496,77010000,0.14,1.84,4.21,1.44
2015-10-12,7.80,8.36,8.43,7.74,196709,159780000,0.62,8.01,8.91,2.81
2015-10-13,8.28,8.36,8.37,8.18,130756,108140000,0.00,0.00,2.27,1.87
2015-10-14,8.29,8.34,8.50,8.24,136009,113940000,-0.02,-0.24,3.11,1.94
2015-10-15,8.54,9.17,9.17,8.45,515395,466540000,0.83,9.95,8.63,7.36
2015-10-16,9.52,9.75,9.85,9.26,469519,447610000,0.58,6.33,6.43,6.71
2015-10-19,9.58,10.05,10.30,9.55,321469,320600000,0.30,3.08,7.69,4.59
2015-10-20,10.06,10.01,10.28,9.79,189615,188840000,-0.04,-0.40,4.88,2.71
2015-10-21,9.98,9.01,10.03,9.01,242064,229970000,-1.00,-9.99,10.19,3.46
2015-10-22,9.20,9.54,9.55,9.03,172553,160570000,0.53,5.88,5.77,2.47
2015-10-23,9.56,9.88,10.00,9.50,181131,178080000,0.34,3.56,5.24,2.59
2015-10-26,10.19,9.62,10.20,9.40,180342,174190000,-0.26,-2.63,8.10,2.58
2015-10-27,9.55,9.53,9.62,9.15,113122,105950000,-0.09,-0.94,4.89,1.62
2015-10-28,9.62,9.50,9.88,9.45,133176,128290000,-0.03,-0.31,4.51,1.90
2015-10-29,9.37,9.43,9.64,9.20,126978,118910000,-0.07,-0.74,4.63,1.81
2015-10-30,9.37,9.22,9.42,9.15,90640,84080000,-0.21,-2.23,2.86,1.30
2015-11-02,9.07,8.87,9.15,8.82,120218,108040000,-0.35,-3.80,3.58,1.72
2015-11-03,8.81,8.78,8.97,8.71,77415,68550000,-0.09,-1.01,2.93,1.11
2015-11-04,8.85,9.30,9.30,8.85,130907,119370000,0.52,5.92,5.13,1.87
2015-11-05,9.39,9.28,9.45,9.16,164281,152620000,-0.02,-0.22,3.12,2.35
2015-11-06,9.31,9.52,9.53,9.25,219876,206070000,0.24,2.59,3.02,3.14
2015-11-09,9.40,9.84,9.98,9.26,303376,292140000,0.32,3.36,7.56,4.33
2015-11-10,9.68,9.69,9.82,9.51,223517,216490000,-0.15,-1.52,3.15,3.19
2015-11-11,9.73,9.70,9.75,9.58,215352,208430000,0.01,0.10,1.75,3.08
2015-11-12,9.70,9.59,9.75,9.41,190948,182990000,-0.11,-1.13,3.51,2.73
2015-11-13,9.46,9.24,9.50,9.09,162447,151100000,-0.35,-3.65,4.28,2.32
2015-11-16,9.03,9.50,9.54,9.00,119458,110640000,0.26,2.81,5.84,1.71
2015-11-17,9.59,9.29,9.64,9.26,163104,154910000,-0.21,-2.21,4.00,2.33
2015-11-18,9.24,9.06,9.34,9.00,127404,117040000,-0.23,-2.48,3.66,1.82
2015-11-19,9.12,9.26,9.28,9.10,78736,72470000,0.20,2.21,1.99,1.13
2015-11-20,9.29,9.27,9.29,9.08,258139,237140000,0.01,0.11,2.27,3.30
2015-11-23,9.28,9.56,9.60,9.20,343693,322910000,0.29,3.13,4.32,4.39
2015-11-24,9.49,9.41,9.53,9.26,201241,188430000,-0.15,-1.57,2.82,2.57
2015-11-25,9.45,9.54,9.62,9.38,248665,236230000,0.13,1.38,2.55,3.18
2015-11-26,9.65,9.99,10.18,9.50,483549,472490000,0.45,4.72,7.13,6.18
2015-11-27,9.84,9.01,9.94,8.99,375515,355730000,-0.98,-9.81,9.51,4.80
2015-11-30,8.98,8.74,9.10,8.20,233011,202160000,-0.27,-3.00,9.99,2.98
2015-12-01,8.75,8.68,8.80,8.51,157714,136780000,-0.06,-0.69,3.32,2.01
2015-12-02,8.76,8.66,8.78,8.28,126672,108490000,-0.02,-0.23,5.76,1.62
2015-12-03,8.63,8.90,8.98,8.63,137789,121720000,0.24,2.77,4.04,1.76
2015-12-04,8.81,8.75,8.89,8.70,118224,103880000,-0.15,-1.69,2.13,1.51
2015-12-07,8.78,8.80,8.84,8.68,95845,84020000,0.05,0.57,1.83,1.22
2015-12-08,8.78,8.36,8.78,8.34,172433,146390000,-0.44,-5.00,5.00,2.20
2015-12-09,8.36,8.24,8.45,8.20,120342,100130000,-0.12,-1.44,2.99,1.54
2015-12-10,8.26,8.22,8.34,8.18,85264,70440000,-0.02,-0.24,1.94,1.09
2015-12-11,8.29,8.13,8.29,8.02,120144,97750000,-0.09,-1.09,3.28,1.53
2015-12-14,8.04,8.34,8.36,8.00,129830,106410000,0.21,2.58,4.43,1.66
2015-12-15,8.35,8.45,8.59,8.30,125057,106110000,0.11,1.32,3.48,1.60
2015-12-16,8.45,8.46,8.66,8.41,113146,96580000,0.01,0.12,2.96,1.45
2015-12-17,8.55,8.67,8.75,8.54,132025,114220000,0.21,2.48,2.48,1.69
2015-12-18,8.68,8.78,8.82,8.58,154456,134450000,0.11,1.27,2.77,1.97
2015-12-21,8.75,8.84,8.87,8.70,146134,128640000,0.06,0.68,1.94,1.87
2015-12-22,8.82,9.03,9.08,8.79,170862,152240000,0.19,2.15,3.28,2.18
2015-12-23,9.05,8.82,9.07,8.81,140641,125530000,-0.21,-2.33,2.88,1.80
2015-12-24,8.78,8.67,8.80,8.61,100100,87000000,-0.15,-1.70,2.15,1.28
2015-12-25,8.71,9.16,9.28,8.71,223972,203040000,0.49,5.65,6.57,2.86
2015-12-28,9.25,9.15,9.59,9.12,359121,336590000,-0.01,-0.11,5.13,4.59
2015-12-29,9.15,9.34,9.40,8.80,252248,230770000,0.19,2.08,6.56,3.22
2015-12-30,9.48,9.35,9.59,9.19,240763,226360000,0.01,0.11,4.28,3.07
2015-12-31,9.30,9.37,9.68,9.30,213220,202000000,0.02,0.21,4.06,2.72
2016-01-04,9.37,8.53,9.46,8.50,161146,146110000,-0.84,-8.96,10.25,2.06
2016-01-05,8.12,8.87,9.10,8.06,258726,225290000,0.34,3.99,12.19,3.30
2016-01-06,8.94,9.36,9.38,8.86,257068,235020000,0.49,5.52,5.86,3.28
2016-01-07,9.10,8.43,9.26,8.42,72967,64030000,-0.93,-9.94,8.97,0.93
2016-01-08,8.69,8.60,8.86,8.09,212619,183710000,0.17,2.02,9.13,2.72
2016-01-11,8.40,7.78,8.54,7.74,193106,158260000,-0.82,-9.53,9.30,2.47
2016-01-12,7.98,7.59,7.99,7.49,129505,99680000,-0.19,-2.44,6.43,1.65
2016-01-13,7.70,7.45,7.78,7.38,102085,77680000,-0.14,-1.84,5.27,1.30
2016-01-14,7.20,7.74,7.80,7.10,133650,100200000,0.29,3.89,9.40,1.71
2016-01-15,7.69,7.15,7.72,7.10,169616,125470000,-0.59,-7.62,8.01,2.17
2016-01-18,7.09,7.31,7.39,7.00,96262,69680000,0.16,2.24,5.45,1.23
2016-01-19,7.35,7.54,7.57,7.22,85610,63650000,0.23,3.15,4.79,1.09
2016-01-20,7.50,7.45,7.63,7.36,96609,72430000,-0.09,-1.19,3.58,1.23
2016-01-21,7.30,7.15,7.52,7.11,85572,62720000,-0.30,-4.03,5.50,1.09
2016-01-22,7.20,7.19,7.33,7.02,76600,54960000,0.04,0.56,4.34,0.98
2016-01-25,7.22,7.34,7.35,7.17,88803,64580000,0.15,2.09,2.50,1.13
2016-01-26,7.21,6.61,7.28,6.61,115830,79720000,-0.73,-9.95,9.13,1.48
2016-01-27,6.55,6.52,6.70,6.06,99466,63760000,-0.09,-1.36,9.68,1.27
2016-01-28,6.42,6.18,6.47,6.14,59590,37640000,-0.34,-5.21,5.06,0.76
2016-01-29,6.18,6.37,6.45,6.14,75242,47540000,0.19,3.07,5.02,0.96
2016-02-01,6.35,6.25,6.38,6.15,56692,35640000,-0.12,-1.88,3.61,0.72
2016-02-02,6.24,6.46,6.55,6.24,74458,47960000,0.21,3.36,4.96,0.95
2016-02-03,6.39,6.46,6.52,6.33,46991,30070000,0.00,0.00,2.94,0.60
2016-02-04,6.51,6.56,6.66,6.50,48910,32140000,0.10,1.55,2.48,0.62
2016-02-05,6.58,6.56,6.69,6.54,39321,26000000,0.00,0.00,2.29,0.50
2016-02-15,6.25,6.46,6.50,6.20,49336,31550000,-0.10,-1.52,4.57,0.63
2016-02-16,6.45,6.88,6.95,6.45,109424,73360000,0.42,6.50,7.74,1.40
2016-02-17,6.82,6.87,6.93,6.69,112166,76000000,-0.01,-0.15,3.49,1.43
2016-02-18,6.88,6.85,7.06,6.78,133318,91760000,-0.02,-0.29,4.08,1.70
2016-02-19,6.84,6.84,6.87,6.75,72587,49450000,-0.01,-0.15,1.75,0.93
2016-02-22,6.93,6.97,7.05,6.86,134646,93690000,0.13,1.90,2.78,1.72
2016-02-23,7.10,6.86,7.12,6.75,92829,64260000,-0.11,-1.58,5.31,1.19
2016-02-24,6.77,6.89,6.95,6.70,113187,77120000,0.03,0.44,3.64,1.45
2016-02-25,6.88,6.20,6.88,6.20,138247,89670000,-0.69,-10.01,9.87,1.77
2016-02-26,6.28,6.28,6.32,6.11,94481,58920000,0.08,1.29,3.39,1.21
2016-02-29,6.27,5.83,6.27,5.65,95444,56100000,-0.45,-7.17,9.87,1.22
2016-03-01,5.88,5.96,5.99,5.81,73329,43290000,0.13,2.23,3.09,0.94
2016-03-02,5.96,6.26,6.28,5.96,132373,81550000,0.30,5.03,5.37,1.69
2016-03-03,6.27,6.27,6.37,6.23,118239,74380000,0.01,0.16,2.24,1.51
2016-03-04,6.29,6.07,6.32,5.97,104719,64320000,-0.20,-3.19,5.58,1.34
2016-03-07,6.14,6.24,6.30,6.14,87918,54740000,0.17,2.80,2.64,1.12
2016-03-08,6.29,6.61,6.62,6.08,193104,123220000,0.37,5.93,8.65,2.47
2016-03-09,6.35,6.29,6.43,6.21,105910,67040000,-0.32,-4.84,3.33,1.35
2016-03-10,6.33,6.12,6.37,6.09,76732,47940000,-0.17,-2.70,4.45,0.98
2016-03-11,6.09,6.15,6.20,6.06,48755,29910000,0.03,0.49,2.29,0.62
2016-03-14,6.25,6.35,6.41,6.21,83167,52730000,0.20,3.25,3.25,1.06
2016-03-15,6.38,6.25,6.39,6.20,51389,32270000,-0.10,-1.57,2.99,0.66
2016-03-16,6.28,6.15,6.32,6.10,57211,35600000,-0.10,-1.60,3.52,0.73
2016-03-17,6.21,6.34,6.39,6.18,77022,48450000,0.19,3.09,3.41,0.98
2016-03-18,6.35,6.97,6.97,6.35,367334,250910000,0.63,9.94,9.78,4.69
2016-03-21,7.32,7.47,7.62,7.15,432651,319110000,0.50,7.17,6.74,5.53
2016-03-22,7.40,7.71,7.96,7.36,328986,255130000,0.24,3.21,8.03,4.20
2016-03-24,7.55,7.35,7.69,7.27,207178,153900000,-0.36,-4.67,5.45,2.65
2016-03-25,7.35,7.36,7.45,6.99,240367,173150000,0.01,0.14,6.26,3.07
2016-03-28,7.30,7.51,7.73,7.19,270703,203660000,0.15,2.04,7.34,3.46
2016-03-29,7.45,7.32,7.51,7.17,146945,106910000,-0.19,-2.53,4.53,1.88
2016-03-30,7.33,8.05,8.05,7.33,370191,290210000,0.73,9.97,9.84,4.73
2016-03-31,8.06,7.98,8.20,7.88,261303,210360000,-0.07,-0.87,3.98,3.34
2016-04-01,8.00,8.20,8.46,7.96,278489,228910000,0.22,2.76,6.27,3.56
2016-04-05,8.22,8.32,8.48,8.02,197644,163310000,0.12,1.46,5.61,2.52
2016-04-06,8.20,8.04,8.22,8.00,204979,166090000,-0.28,-3.37,2.64,2.62
2016-04-07,8.10,7.85,8.12,7.80,171009,135560000,-0.19,-2.36,3.98,2.18
2016-04-08,7.73,7.80,7.93,7.66,107263,83660000,-0.05,-0.64,3.44,1.37
2016-04-11,7.85,8.13,8.20,7.85,156378,126280000,0.33,4.23,4.49,2.00
2016-04-12,8.06,8.04,8.15,7.89,127911,102620000,-0.09,-1.11,3.20,1.63
2016-04-13,8.03,8.10,8.31,8.01,163195,134120000,0.06,0.75,3.73,2.08
2016-04-14,8.11,8.18,8.26,8.04,92004,74790000,0.08,0.99,2.72,1.18
2016-04-15,8.26,8.19,8.26,8.13,86541,70920000,0.01,0.12,1.59,1.11
2016-04-18,8.17,7.83,8.18,7.66,158856,124610000,-0.36,-4.40,6.35,2.03
2016-04-19,7.79,7.68,7.86,7.49,186182,142020000,-0.15,-1.92,4.73,2.38
2016-04-20,7.60,7.19,7.74,7.09,190907,140360000,-0.49,-6.38,8.46,2.44
2016-04-21,7.15,7.29,7.57,7.11,137086,101050000,0.10,1.39,6.40,1.75
2016-04-22,7.25,7.26,7.35,7.04,127736,91580000,-0.03,-0.41,4.25,1.63
2016-04-25,7.20,7.20,7.25,7.01,110314,78740000,-0.06,-0.83,3.31,1.41
2016-04-26,7.18,7.22,7.29,7.06,92544,66390000,0.02,0.28,3.19,1.18
2016-04-27,7.23,7.24,7.34,7.18,95953,69620000,0.02,0.28,2.22,1.23
2016-04-28,7.25,7.09,7.26,6.96,103569,73300000,-0.15,-2.07,4.14,1.32
2016-04-29,7.10,7.18,7.23,7.05,99906,71430000,0.09,1.27,2.54,1.28
2016-05-03,7.13,7.39,7.40,7.13,126343,92310000,0.21,2.92,3.76,1.61
2016-05-04,7.36,7.40,7.47,7.30,104588,77230000,0.01,0.14,2.30,1.34
2016-05-05,7.38,7.41,7.45,7.31,70177,51750000,0.01,0.14,1.89,0.90
2016-05-06,7.43,6.91,7.48,6.88,142165,102750000,-0.50,-6.75,8.10,1.82
2016-05-09,6.84,6.46,6.84,6.44,157565,103920000,-0.45,-6.51,5.79,2.01
2016-05-10,6.48,6.47,6.57,6.40,72288,46940000,0.01,0.15,2.63,0.92
2016-05-11,6.51,6.39,6.56,6.35,73644,47690000,-0.08,-1.24,3.25,0.94
2016-05-12,6.26,6.48,6.49,6.11,75842,47660000,0.09,1.41,5.95,0.97
2016-05-13,6.53,6.37,6.54,6.32,67320,43310000,-0.11,-1.70,3.40,0.86
2016-05-16,6.33,6.49,6.51,6.17,77715,49350000,0.12,1.88,5.34,0.99
2016-05-17,6.44,6.41,6.49,6.35,65775,42180000,-0.08,-1.23,2.16,0.84
2016-05-18,6.35,6.16,6.37,6.05,84756,52490000,-0.25,-3.90,4.99,1.08
2016-05-19,6.18,6.20,6.31,6.18,65539,40910000,0.04,0.65,2.11,0.84
2016-05-20,6.13,6.36,6.36,6.08,58135,36390000,0.16,2.58,4.52,0.74
2016-05-23,6.42,6.40,6.48,6.33,55697,35770000,0.04,0.63,2.36,0.71
2016-05-24,6.39,6.36,6.41,6.26,40192,25480000,-0.04,-0.63,2.34,0.51
2016-05-25,6.39,6.34,6.50,6.29,51576,33020000,-0.02,-0.31,3.30,0.66
2016-05-26,6.31,6.77,6.79,6.22,200068,131290000,0.43,6.78,8.99,2.56
2016-05-27,6.78,6.75,6.99,6.72,153628,105070000,-0.02,-0.30,3.99,1.96
2016-05-30,6.77,6.73,6.94,6.49,99122,67250000,-0.02,-0.30,6.67,1.27
2016-05-31,6.69,6.99,7.09,6.68,128949,88870000,0.31,4.64,6.14,1.65
2016-06-01,7.00,6.93,7.10,6.89,95389,66480000,-0.06,-0.86,3.00,1.22
2016-06-02,6.92,6.90,7.00,6.80,96397,66490000,-0.03,-0.43,2.89,1.23
2016-06-03,6.86,6.90,6.95,6.76,95981,65800000,0.00,0.00,2.75,1.23
2016-06-06,6.89,7.08,7.19,6.86,121334,85810000,0.18,2.61,4.78,1.55
2016-06-07,7.16,7.07,7.19,7.00,111349,78800000,-0.01,-0.14,2.68,1.42
2016-06-08,7.07,7.01,7.08,6.91,79012,55230000,-0.06,-0.85,2.40,1.01
2016-06-13,6.84,6.67,6.95,6.65,78128,53240000,-0.34,-4.85,4.28,1.00
2016-06-14,6.61,6.76,6.80,6.61,41214,27640000,0.09,1.35,2.85,0.53
2016-06-15,6.61,7.21,7.39,6.61,213484,152990000,0.45,6.66,11.54,2.73
2016-06-16,7.19,7.31,7.48,7.12,182757,133620000,0.10,1.39,4.99,2.33
2016-06-17,7.33,7.23,7.43,7.16,113892,82820000,-0.08,-1.09,3.69,1.45
2016-06-20,7.19,7.47,7.49,7.16,180474,133280000,0.24,3.32,4.56,2.30
2016-06-21,7.51,7.25,7.64,7.19,187526,138830000,-0.22,-2.95,6.02,2.39
2016-06-22,7.18,7.37,7.40,7.18,72748,52880000,0.12,1.66,3.03,0.93
2016-06-23,7.32,7.27,7.35,7.19,65520,47530000,-0.10,-1.36,2.17,0.84
2016-06-24,7.25,7.15,7.33,6.85,97004,69240000,-0.12,-1.65,6.60,1.24
2016-06-27,7.10,7.20,7.21,7.03,82188,58850000,0.05,0.70,2.52,1.05
2016-06-28,7.18,7.28,7.31,7.07,103754,74620000,0.08,1.11,3.33,1.33
2016-06-29,7.29,7.21,7.38,7.15,81187,58810000,-0.07,-0.96,3.16,1.04
2016-06-30,7.19,7.14,7.24,7.09,68312,48810000,-0.07,-0.97,2.08,0.87
2016-07-01,7.17,7.16,7.25,7.14,51307,36870000,0.02,0.28,1.54,0.66
2016-07-04,7.10,7.31,7.35,7.10,101618,73970000,0.15,2.10,3.49,1.30
2016-07-05,7.29,7.50,7.56,7.26,154092,114200000,0.19,2.60,4.10,1.97
2016-07-06,7.50,7.45,7.68,7.44,130098,97940000,-0.05,-0.67,3.20,1.66
2016-07-07,7.45,7.48,7.54,7.35,94957,70790000,0.03,0.40,2.55,1.21
2016-07-08,7.48,7.77,7.88,7.43,123753,95470000,0.29,3.88,6.02,1.58
2016-07-20,8.55,8.55,8.55,8.55,15038,12860000,0.78,10.04,0.00,0.19
2016-07-21,9.41,8.88,9.41,8.65,613734,549780000,0.33,3.86,8.89,7.84
2016-07-22,8.95,9.25,9.55,8.95,469875,435720000,0.37,4.17,6.76,6.00
2016-07-25,9.09,9.63,10.00,8.95,480271,451800000,0.38,4.11,11.35,6.13
2016-07-26,9.50,9.57,9.77,9.42,268587,256590000,-0.06,-0.62,3.63,3.43
2016-07-27,9.51,9.11,9.68,8.66,290213,267540000,-0.46,-4.81,10.66,3.71
2016-07-28,9.12,9.21,9.32,8.86,200739,182570000,0.10,1.10,5.05,2.56
2016-07-29,9.25,9.10,9.25,8.98,101786,92460000,-0.11,-1.19,2.93,1.30
2016-08-01,8.92,8.72,9.00,8.61,159431,139940000,-0.38,-4.18,4.29,2.04
2016-08-02,8.68,8.85,8.93,8.67,86355,76250000,0.13,1.49,2.98,1.10
2016-08-03,8.92,9.14,9.28,8.88,186373,170040000,0.29,3.28,4.52,2.38
2016-08-04,9.21,9.17,9.45,9.14,172015,159180000,0.03,0.33,3.39,2.20
2016-08-05,9.10,9.17,9.36,9.04,132227,121950000,0.00,0.00,3.49,1.69
2016-08-08,9.11,9.21,9.32,9.10,115530,106570000,0.04,0.44,2.40,1.48
2016-08-09,9.20,9.38,9.40,9.05,147265,136050000,0.17,1.85,3.80,1.88
2016-08-10,9.29,9.16,9.40,9.14,136117,126120000,-0.22,-2.35,2.77,1.74
2016-08-11,9.09,8.92,9.15,8.91,121374,109440000,-0.24,-2.62,2.62,1.55
2016-08-12,8.96,9.09,9.10,8.91,77838,70070000,0.17,1.91,2.13,0.99
2016-08-15,9.10,9.21,9.25,8.96,160543,146580000,0.12,1.32,3.19,2.05
2016-08-16,9.21,9.31,9.48,9.12,207971,193640000,0.10,1.09,3.91,2.66
2016-08-17,9.31,9.68,9.72,9.29,276450,264990000,0.37,3.97,4.62,3.53
2016-08-18,9.57,9.50,9.66,9.45,145688,138750000,-0.18,-1.86,2.17,1.86
2016-08-19,9.48,9.43,9.72,9.42,123121,117570000,-0.07,-0.74,3.16,1.57
2016-08-22,9.44,9.43,9.66,9.31,170501,161160000,0.00,0.00,3.71,2.18
2016-08-23,9.43,9.36,9.50,9.21,132515,124410000,-0.07,-0.74,3.08,1.69
2016-08-24,9.35,9.31,9.41,9.22,77296,71980000,-0.05,-0.53,2.03,0.99
2016-08-25,9.33,9.50,9.54,9.12,144260,134390000,0.19,2.04,4.51,1.84
2016-08-26,9.48,9.54,9.68,9.43,95886,91520000,0.04,0.42,2.63,1.22
2016-08-29,9.50,9.40,9.53,9.36,76503,72100000,-0.14,-1.47,1.78,0.98
2016-08-30,9.37,9.73,9.95,9.29,275427,266900000,0.33,3.51,7.02,3.52
2016-08-31,9.80,9.81,9.85,9.61,147376,143600000,0.08,0.82,2.47,1.88
2016-09-01,9.84,10.35,10.79,9.76,413054,431660000,0.54,5.50,10.50,5.28
2016-09-02,10.28,10.54,10.55,10.22,192339,199990000,0.19,1.84,3.19,2.46
2016-09-05,10.60,10.41,10.99,10.40,260123,277410000,-0.13,-1.23,5.60,3.32
2016-09-06,10.49,10.56,10.68,10.33,189955,200320000,0.15,1.44,3.36,2.43
2016-09-07,10.59,10.91,10.95,10.48,216428,233840000,0.35,3.31,4.45,2.76
2016-09-08,10.84,11.11,11.17,10.70,236130,259240000,0.20,1.83,4.31,3.02
2016-09-09,11.18,10.96,11.30,10.92,180527,199520000,-0.15,-1.35,3.42,2.31
2016-09-12,10.72,10.35,10.83,10.22,233840,247470000,-0.61,-5.57,5.57,2.99
2016-09-13,10.49,10.58,10.73,10.32,156500,164300000,0.23,2.22,3.96,2.00
2016-09-14,11.05,10.66,11.38,10.56,324819,354950000,0.08,0.76,7.75,4.15
2016-09-19,10.54,10.48,10.83,10.30,186587,196070000,-0.18,-1.69,4.97,2.38
2016-09-20,10.48,10.65,10.73,10.36,119236,125930000,0.17,1.62,3.53,1.52
2016-09-21,10.56,10.49,10.71,10.45,98564,104390000,-0.16,-1.50,2.44,1.26
2016-09-22,10.51,10.70,10.85,10.51,108712,116270000,0.21,2.00,3.24,1.39
2016-09-23,10.62,10.68,10.80,10.60,89033,95040000,-0.02,-0.19,1.87,1.14
2016-09-26,10.65,10.05,10.71,10.01,235255,240850000,-0.63,-5.90,6.55,3.00
2016-09-27,9.99,10.07,10.17,9.72,108450,108180000,0.02,0.20,4.48,1.39
2016-09-28,10.07,10.04,10.15,10.00,61983,62470000,-0.03,-0.30,1.49,0.79
2016-09-29,10.09,10.13,10.16,9.92,59143,59560000,0.09,0.90,2.39,0.76
2016-09-30,10.10,10.33,10.39,10.09,71390,73180000,0.20,1.97,2.96,0.91
2016-10-10,10.38,10.45,10.50,10.33,78171,81440000,0.12,1.16,1.65,1.00
2016-10-11,10.45,10.63,10.72,10.36,106274,112560000,0.18,1.72,3.45,1.36
2016-10-12,10.56,10.59,10.74,10.52,80607,85460000,-0.04,-0.38,2.07,1.03
2016-10-13,10.60,10.44,10.66,10.39,65395,68650000,-0.15,-1.42,2.55,0.84
2016-10-14,10.30,10.36,10.42,10.15,113368,116370000,-0.08,-0.77,2.59,1.45
2016-10-17,10.21,10.16,10.42,10.14,65337,67070000,-0.20,-1.93,2.70,0.83
2016-10-18,10.26,10.71,10.74,10.22,140656,148040000,0.55,5.41,5.12,1.80
2016-10-19,10.66,10.90,11.05,10.62,180858,196790000,0.19,1.77,4.01,2.31
2016-10-20,10.88,10.92,10.98,10.73,102764,111530000,0.02,0.18,2.29,1.31
2016-10-21,10.92,10.75,10.98,10.51,94607,101810000,-0.17,-1.56,4.30,1.21
2016-10-24,10.71,10.70,10.78,10.59,94927,101190000,-0.05,-0.47,1.77,1.21
2016-10-25,10.71,10.72,10.75,10.60,67646,72140000,0.02,0.19,1.40,0.86
2016-10-26,10.70,10.48,10.70,10.47,78335,82840000,-0.24,-2.24,2.15,1.00
2016-10-27,10.46,10.47,10.59,10.43,52766,55390000,-0.01,-0.10,1.53,0.67
2016-10-28,10.49,10.32,10.55,10.28,75222,78480000,-0.15,-1.43,2.58,0.96
2016-10-31,10.24,10.36,10.43,10.20,49110,50700000,0.04,0.39,2.23,0.63
2016-11-01,10.36,10.49,10.56,10.31,66396,69140000,0.13,1.25,2.41,0.85
2016-11-02,10.48,10.27,10.48,10.24,84387,87200000,-0.22,-2.10,2.29,1.08
2016-11-03,10.31,10.45,10.60,10.26,118179,123880000,0.18,1.75,3.31,1.51
2016-11-04,10.40,10.88,11.03,10.35,179908,192870000,0.43,4.11,6.51,2.30
2016-11-07,10.88,10.77,11.00,10.70,133409,144820000,-0.11,-1.01,2.76,1.70
2016-11-08,10.80,10.94,11.00,10.76,120660,131450000,0.17,1.58,2.23,1.54
2016-11-09,10.90,10.83,11.15,10.71,141909,154930000,-0.11,-1.01,4.02,1.81
2016-11-10,10.91,10.95,11.07,10.88,76965,84310000,0.12,1.11,1.75,0.98
2016-11-11,10.94,10.94,11.02,10.80,75642,82480000,-0.01,-0.09,2.01,0.97
2016-11-14,11.36,11.39,11.76,11.15,209394,239250000,0.45,4.11,5.58,2.67
2016-11-15,11.35,11.63,11.78,11.22,216545,249940000,0.24,2.11,4.92,2.77
2016-11-16,11.55,11.64,11.73,11.52,119617,138990000,0.01,0.09,1.81,1.53
2016-11-17,11.66,11.42,11.70,11.30,96263,110320000,-0.22,-1.89,3.44,1.23
2016-11-18,11.43,11.20,11.52,11.19,111222,125530000,-0.22,-1.93,2.89,1.42
2016-11-21,11.17,11.27,11.29,11.10,78027,87450000,0.07,0.63,1.70,1.00
2016-11-22,11.25,11.29,11.35,11.22,62590,70560000,0.02,0.18,1.15,0.80
2016-11-23,11.35,11.23,11.49,11.22,81466,92570000,-0.06,-0.53,2.39,1.04
2016-11-24,11.22,11.09,11.25,11.03,81496,90780000,-0.14,-1.25,1.96,1.04
2016-11-25,11.08,11.24,11.26,10.92,78034,86670000,0.15,1.35,3.07,1.00
2016-11-28,11.28,11.20,11.33,11.16,59223,66420000,-0.04,-0.36,1.51,0.76
2016-11-29,11.21,11.03,11.28,11.00,75543,83790000,-0.17,-1.52,2.50,0.96
2016-11-30,10.96,10.94,11.10,10.81,75127,81950000,-0.09,-0.82,2.63,0.96
2016-12-01,10.98,10.99,11.07,10.84,50246,55170000,0.05,0.46,2.10,0.64
2016-12-02,11.04,11.13,11.16,10.89,77350,85510000,0.14,1.27,2.46,0.99
2016-12-05,10.90,11.00,11.14,10.85,64776,71510000,-0.13,-1.17,2.61,0.83
2016-12-06,11.01,11.01,11.06,10.91,49787,54740000,0.01,0.09,1.36,0.64
2016-12-07,11.06,11.27,11.28,10.95,94342,105370000,0.26,2.36,3.00,1.20
2016-12-08,11.31,11.11,11.32,10.99,81383,90670000,-0.16,-1.42,2.93,1.04
2016-12-09,11.08,10.78,11.08,10.70,141758,153680000,-0.33,-2.97,3.42,1.81
2016-12-12,10.66,10.15,10.69,10.06,158549,164970000,-0.63,-5.84,5.84,2.02
2016-12-13,10.10,10.05,10.21,9.91,86101,86660000,-0.10,-0.99,2.96,1.10
2016-12-14,10.05,10.08,10.15,10.01,60565,61010000,0.03,0.30,1.39,0.77
2016-12-15,10.08,10.22,10.40,10.02,72956,74470000,0.14,1.39,3.77,0.93
2016-12-16,10.33,10.61,10.68,10.33,72235,75730000,0.39,3.82,3.42,0.92
2016-12-19,10.60,10.64,10.74,10.41,55693,59030000,0.03,0.28,3.11,0.71
2016-12-20,10.61,10.42,10.65,10.39,37752,39580000,-0.22,-2.07,2.44,0.48
2016-12-21,10.45,10.51,10.53,10.38,26199,27410000,0.09,0.86,1.44,0.33
2016-12-22,10.59,10.51,10.69,10.50,39309,41630000,0.00,0.00,1.81,0.50
2016-12-23,10.48,10.39,10.49,10.38,28459,29640000,-0.12,-1.14,1.05,0.36
2016-12-26,10.36,10.30,10.36,10.14,41801,42690000,-0.09,-0.87,2.12,0.53
2016-12-27,10.30,10.38,10.47,10.28,27317,28350000,0.08,0.78,1.84,0.35
2016-12-28,10.40,10.44,10.55,10.37,26643,27860000,0.06,0.58,1.73,0.34
2016-12-29,10.41,10.38,10.49,10.37,23619,24610000,-0.06,-0.57,1.15,0.30
2016-12-30,10.45,10.65,10.78,10.40,61396,65370000,0.27,2.60,3.66,0.78
2017-01-03,10.70,10.69,10.83,10.60,38088,40690000,0.04,0.38,2.16,0.49
2017-01-04,10.70,10.86,10.89,10.64,70573,76170000,0.17,1.59,2.34,0.90
2017-01-05,10.80,10.84,10.94,10.77,40208,43650000,-0.02,-0.18,1.57,0.51
2017-01-06,10.83,10.71,10.89,10.69,36079,38800000,-0.13,-1.20,1.85,0.46
2017-01-09,10.69,10.60,10.77,10.58,39855,42350000,-0.11,-1.03,1.77,0.51
2017-01-10,10.59,10.65,10.68,10.53,30565,32430000,0.05,0.47,1.42,0.39
2017-01-11,10.65,10.64,10.71,10.49,38608,40910000,-0.01,-0.09,2.07,0.49
2017-01-12,10.65,10.60,10.66,10.46,30806,32520000,-0.04,-0.38,1.88,0.39
2017-01-13,10.59,10.46,10.60,10.41,31157,32750000,-0.14,-1.32,1.79,0.40
2017-01-16,10.38,10.01,10.39,9.49,94549,94440000,-0.45,-4.30,8.60,1.21
2017-01-17,9.99,10.05,10.08,9.73,37372,37150000,0.04,0.40,3.50,0.48
2017-01-18,9.91,9.93,10.03,9.90,25570,25460000,-0.12,-1.19,1.29,0.33
2017-01-19,9.93,9.84,9.97,9.74,31401,30850000,-0.09,-0.91,2.32,0.40
2017-01-20,9.84,9.97,9.98,9.84,29979,29700000,0.13,1.32,1.42,0.38
2017-01-23,9.96,10.07,10.17,9.96,23925,24100000,0.10,1.00,2.11,0.31
2017-01-24,10.07,10.04,10.07,9.98,18516,18560000,-0.03,-0.30,0.89,0.24
2017-01-25,10.04,10.12,10.13,9.99,16455,16610000,0.08,0.80,1.39,0.21
2017-01-26,10.10,10.36,10.44,10.10,29254,30030000,0.24,2.37,3.36,0.37
2017-02-03,10.39,10.50,10.55,10.26,31221,32590000,0.14,1.35,2.80,0.40
2017-02-06,10.51,10.48,10.60,10.42,30250,31790000,-0.02,-0.19,1.71,0.39
2017-02-21,11.00,10.62,11.11,10.51,254746,274862100,0.14,1.34,5.72,3.25
2017-02-22,10.52,10.43,10.67,10.39,124807,130996400,-0.19,-1.79,2.64,1.59
2017-02-23,10.45,10.35,10.47,10.28,77538,80132600,-0.08,-0.77,1.82,0.99
2017-02-24,10.36,10.37,10.43,10.30,38653,40071000,0.02,0.19,1.26,0.49
2017-02-27,10.33,10.31,10.38,10.28,49260,50862400,-0.06,-0.58,0.96,0.63
2017-02-28,10.33,10.32,10.34,10.22,41165,42317400,0.01,0.10,1.16,0.53
2017-03-01,10.33,10.32,10.34,10.27,36222,37340700,0.00,0.00,0.68,0.46
2017-03-02,10.32,10.32,10.36,10.28,35906,37065900,0.00,0.00,0.78,0.46
2017-03-03,10.31,10.33,10.36,10.29,40010,41263300,0.01,0.10,0.68,0.51
2017-03-06,10.33,10.30,10.33,10.27,45786,47132100,-0.03,-0.29,0.58,0.58
2017-03-07,10.30,10.26,10.31,10.24,50676,52016500,-0.04,-0.39,0.68,0.65
2017-03-08,10.26,10.27,10.27,10.24,23677,24284100,0.01,0.10,0.29,0.30
2017-03-09,10.25,10.32,10.33,10.18,58556,60085400,0.05,0.49,1.46,0.75
2017-03-10,10.32,10.29,10.32,10.28,24805,25546800,-0.03,-0.29,0.39,0.32
2017-03-13,10.30,10.33,10.40,10.29,57899,59943600,0.04,0.39,1.07,0.74
2017-03-14,10.33,10.38,10.39,10.31,30103,31156000,0.05,0.48,0.77,0.38
2017-03-15,10.35,10.35,10.39,10.32,26167,27085400,-0.03,-0.29,0.67,0.33
2017-03-16,10.37,10.38,10.39,10.33,35440,36731990,0.03,0.29,0.58,0.45
2017-03-17,10.38,10.37,10.39,10.35,37423,38821276,-0.01,-0.10,0.39,0.48
2017-03-20,10.38,10.44,10.44,10.35,50599,52503494,0.07,0.68,0.87,0.65
2017-03-21,10.43,10.89,10.90,10.41,166198,178720613,0.45,4.31,4.69,2.12
2017-03-22,10.80,10.76,10.92,10.66,74528,80366754,-0.13,-1.19,2.39,0.95
2017-03-23,10.75,10.75,10.88,10.68,72225,77928363,-0.01,-0.09,1.86,0.92
2017-03-27,10.86,10.26,10.86,10.25,106309,110965711,-0.49,-4.56,5.67,1.36
2017-03-28,10.16,10.09,10.19,9.90,95629,95846212,-0.17,-1.66,2.83,1.22
2017-03-29,10.07,9.96,10.07,9.92,40956,40879590,-0.13,-1.29,1.49,0.52
2017-03-30,10.00,9.60,10.00,9.55,86608,84236661,-0.36,-3.61,4.52,1.11
2017-03-31,9.54,9.70,9.80,9.54,40124,38915094,0.10,1.04,2.71,0.51
2017-04-05,10.16,10.23,10.58,10.01,134872,138426197,0.53,5.46,5.88,1.72
2017-04-06,10.29,10.13,10.29,10.07,67947,68950632,-0.10,-0.98,2.15,0.87
2017-04-07,10.10,10.44,10.55,10.10,110167,114960606,0.31,3.06,4.44,1.41
2017-04-10,10.57,10.67,10.87,10.38,124332,133059143,0.23,2.20,4.69,1.59
2017-04-11,10.73,10.67,10.74,10.43,97695,103421858,0.00,0.00,2.91,1.25
2017-04-12,10.61,10.39,10.61,10.36,68358,71581667,-0.28,-2.62,2.34,0.87
2017-04-13,10.42,10.38,10.48,10.19,55354,57231336,-0.01,-0.10,2.79,0.71
2017-04-14,10.35,10.38,10.53,10.35,47795,49805198,0.00,0.00,1.73,0.61
2017-04-17,10.35,10.07,10.35,9.97,57094,57838988,-0.31,-2.99,3.66,0.73
2017-04-18,10.02,10.07,10.17,10.01,31946,32234829,0.00,0.00,1.59,0.41
2017-04-19,10.10,10.03,10.10,9.88,47300,47136296,-0.04,-0.40,2.18,0.60
2017-04-20,10.02,10.04,10.06,9.85,47552,47222732,0.01,0.10,2.09,0.61
2017-04-21,10.01,10.08,10.14,10.00,27358,27570885,0.04,0.40,1.39,0.35
2017-04-24,10.10,9.86,10.10,9.83,29651,29346989,-0.22,-2.18,2.68,0.38
2017-04-25,9.94,9.86,9.98,9.80,25298,25045644,0.00,0.00,1.83,0.32
2017-04-26,9.89,9.93,9.95,9.80,22455,22153740,0.07,0.71,1.52,0.29
2017-04-27,9.95,9.92,10.00,9.83,34638,34325041,-0.01,-0.10,1.71,0.44
2017-04-28,10.00,10.11,10.15,9.94,39319,39567789,0.19,1.92,2.12,0.50
2017-05-02,10.09,10.11,10.23,10.05,26000,26321600,0.00,0.00,1.78,0.33
2017-05-03,10.14,9.92,10.14,9.88,36864,36736453,-0.19,-1.88,2.57,0.47
2017-05-04,9.96,9.92,10.00,9.88,22708,22566879,0.00,0.00,1.21,0.29
2017-05-05,9.95,9.88,9.97,9.87,24699,24464187,-0.04,-0.40,1.01,0.32
2017-05-08,9.93,9.74,9.95,9.74,33438,32909816,-0.14,-1.42,2.13,0.43
2017-05-09,9.76,9.70,9.80,9.61,27972,27121295,-0.04,-0.41,1.95,0.36
2017-05-10,9.74,9.60,9.78,9.51,29814,28817229,-0.10,-1.03,2.78,0.38
2017-05-11,9.66,8.83,9.66,8.64,129738,115092828,-0.77,-8.02,10.62,1.66
2017-05-12,8.80,8.54,8.80,8.32,61870,53065028,-0.29,-3.28,5.44,0.79
2017-05-15,8.50,8.50,8.66,8.43,33187,28221948,-0.04,-0.47,2.69,0.42
2017-05-16,8.51,8.52,8.57,8.34,53603,45260467,0.02,0.24,2.71,0.69
2017-05-17,8.56,8.76,9.10,8.48,66807,58445963,0.24,2.82,7.28,0.85
2017-05-18,8.74,8.63,8.86,8.56,51630,44898005,-0.13,-1.48,3.42,0.66
2017-05-19,8.58,8.67,8.73,8.58,19113,16559523,0.04,0.46,1.74,0.24
2017-05-22,8.68,8.76,9.08,8.68,62561,55443034,0.09,1.04,4.61,0.80
2017-05-23,8.60,8.39,8.70,8.35,50615,42976132,-0.37,-4.22,4.00,0.65
2017-05-24,8.38,8.48,8.49,8.14,32596,27094534,0.09,1.07,4.17,0.42
2017-05-25,8.45,8.48,8.57,8.38,32172,27282930,0.00,0.00,2.24,0.41
2017-05-26,8.42,8.49,8.55,8.42,27182,23080644,0.01,0.12,1.53,0.35
2017-05-31,8.57,8.51,8.58,8.46,18308,15611514,0.02,0.24,1.41,0.23
2017-06-01,8.49,8.17,8.49,8.16,35725,29593887,-0.34,-4.00,3.88,0.46
2017-06-02,8.14,8.15,8.23,7.96,29375,23782867,-0.02,-0.24,3.30,0.38
2017-06-05,8.22,8.27,8.29,8.14,16758,13786226,0.12,1.47,1.84,0.21
2017-06-06,8.20,8.29,8.32,8.17,11669,9643646,0.02,0.24,1.81,0.15
2017-06-07,8.30,8.41,8.46,8.28,30658,25715660,0.12,1.45,2.17,0.39
2017-06-08,8.40,8.41,8.46,8.36,19333,16235985,0.00,0.00,1.19,0.25
2017-06-09,8.39,8.43,8.44,8.31,21804,18276055,0.02,0.24,1.55,0.28
2017-06-12,8.36,8.15,8.40,8.10,29327,24223510,-0.28,-3.32,3.56,0.38
