日期,开盘,收盘,最高,最低,交易量(手),交易金额(元),涨跌额,涨跌幅(%),振幅(%),换手率(%)
2014-09-30,4.68,4.68,4.68,4.68,4504,2110000,1.43,44.00,0.00,0.29
2014-10-08,5.15,5.15,5.15,5.15,1201,620000,0.47,10.04,0.00,0.08
2014-10-09,5.67,5.67,5.67,5.67,1453,820000,0.52,10.10,0.00,0.09
2014-10-10,6.24,6.24,6.24,6.24,4235,2640000,0.57,10.05,0.00,0.27
2014-10-13,6.86,6.86,6.86,6.86,13637,9350000,0.62,9.94,0.00,0.87
2014-10-14,7.55,7.55,7.55,7.55,14299,10800000,0.69,10.06,0.00,0.92
2014-10-15,8.31,8.31,8.31,8.31,12997,10800000,0.76,10.07,0.00,0.83
2014-10-16,9.14,9.14,9.14,9.14,13891,12700000,0.83,9.99,0.00,0.89
2014-10-17,10.05,9.51,10.05,9.00,1010196,957070000,0.37,4.05,11.49,64.76
2014-10-20,9.13,9.09,9.23,8.85,465231,420930000,-0.42,-4.42,4.00,29.82
2014-10-21,9.03,9.13,9.26,8.90,412252,376110000,0.04,0.44,3.96,26.43
2014-10-22,9.05,8.84,9.19,8.81,312645,280440000,-0.29,-3.18,4.16,20.04
2014-10-23,8.76,8.94,9.16,8.76,268331,240920000,0.10,1.13,4.52,17.20
2014-10-24,8.81,8.55,8.92,8.52,240382,208820000,-0.39,-4.36,4.47,15.41
2014-10-27,8.50,8.14,8.52,8.04,184457,150530000,-0.41,-4.80,5.61,11.82
2014-10-28,8.19,8.33,8.36,8.19,141019,116860000,0.19,2.33,2.09,9.04
2014-10-29,8.38,9.07,9.16,8.32,417834,367810000,0.74,8.88,10.08,26.78
2014-10-30,8.92,8.83,8.98,8.77,259102,229350000,-0.24,-2.65,2.32,16.61
2014-10-31,8.85,8.83,8.92,8.70,203362,179260000,0.00,0.00,2.49,13.04
2014-11-03,8.82,8.92,9.01,8.82,193757,172690000,0.09,1.02,2.15,12.42
2014-11-04,8.91,8.75,8.92,8.70,155343,136350000,-0.17,-1.91,2.47,9.96
2014-11-05,8.72,9.00,9.28,8.65,318653,287110000,0.25,2.86,7.20,20.43
2014-11-06,8.90,9.90,9.90,8.86,567085,536850000,0.90,10.00,11.56,36.35
2014-11-07,10.06,10.89,10.89,10.05,761332,816940000,0.99,10.00,8.48,48.80
2014-11-10,11.30,11.98,11.98,10.90,791148,922020000,1.09,10.01,9.92,50.71
2014-11-11,12.30,13.18,13.18,11.86,679882,876960000,1.20,10.02,11.02,43.58
2014-11-12,13.50,12.95,14.25,11.86,869252,1143150000,-0.23,-1.75,18.13,55.72
2014-11-13,12.04,12.04,13.08,12.00,483043,598360000,-0.91,-7.03,8.34,30.96
2014-11-14,11.80,10.97,11.84,10.84,369535,412630000,-1.07,-8.89,8.31,23.69
2014-11-17,10.87,11.87,12.00,10.77,376561,438890000,0.90,8.20,11.21,24.14
2014-11-18,11.58,11.65,11.90,11.40,224174,260070000,-0.22,-1.85,4.21,14.37
2014-11-19,11.48,11.43,11.65,11.10,188210,213720000,-0.22,-1.89,4.72,12.06
2014-11-20,11.28,12.10,12.35,11.21,356641,421670000,0.67,5.86,9.97,22.86
2014-11-21,11.89,12.41,12.90,11.80,423656,528590000,0.31,2.56,9.09,27.16
2014-11-24,12.49,12.43,12.83,12.12,312489,389310000,0.02,0.16,5.72,20.03
2014-11-25,12.20,12.28,12.42,12.00,247859,301370000,-0.15,-1.21,3.38,15.89
2014-11-26,12.28,13.05,13.45,12.09,436474,556540000,0.77,6.27,11.07,27.98
2014-11-27,12.79,12.75,13.25,12.60,308790,396430000,-0.30,-2.30,4.98,19.79
2014-11-28,12.57,12.50,12.72,12.30,208848,260190000,-0.25,-1.96,3.29,13.39
2014-12-01,12.45,12.50,12.71,12.16,178951,223040000,0.00,0.00,4.40,11.47
2014-12-02,12.44,12.84,13.22,12.29,331032,427480000,0.34,2.72,7.44,21.22
2014-12-03,12.61,12.73,13.10,12.40,306847,387320000,-0.11,-0.86,5.45,19.67
2014-12-04,12.62,12.61,12.78,12.51,229127,288560000,-0.12,-0.94,2.12,14.69
2014-12-05,12.58,11.93,12.58,11.69,243961,295720000,-0.68,-5.39,7.06,15.64
2014-12-08,11.80,11.86,12.18,11.50,155387,183650000,-0.07,-0.59,5.70,9.96
2014-12-09,11.86,11.16,11.97,11.14,188058,218870000,-0.70,-5.90,7.00,12.06
2014-12-10,11.08,11.48,11.50,11.00,94547,107070000,0.32,2.87,4.48,6.06
2014-12-11,11.40,11.87,11.97,11.24,154394,181710000,0.39,3.40,6.36,9.90
2014-12-12,11.87,11.69,11.87,11.60,104065,121470000,-0.18,-1.52,2.27,6.67
2014-12-15,11.50,11.70,11.85,11.50,80474,93720000,0.01,0.09,2.99,5.16
2014-12-16,11.70,11.79,11.89,11.69,93288,109720000,0.09,0.77,1.71,5.98
2014-12-17,11.78,11.45,11.78,11.39,104112,119830000,-0.34,-2.88,3.31,6.67
2014-12-18,11.41,11.34,11.56,11.31,69486,79180000,-0.11,-0.96,2.18,4.45
2014-12-19,11.35,10.88,11.38,10.60,115108,125620000,-0.46,-4.06,6.88,7.38
2014-12-22,10.61,9.99,10.69,9.87,108144,108840000,-0.89,-8.18,7.54,6.93
2014-12-23,9.90,10.05,10.45,9.72,71875,73250000,0.06,0.60,7.31,4.61
2014-12-24,10.18,10.28,10.30,10.10,51159,52300000,0.23,2.29,1.99,3.28
2014-12-25,10.35,10.28,10.35,10.10,53646,54740000,0.00,0.00,2.43,3.44
2014-12-26,10.20,10.19,10.26,10.13,46652,47520000,-0.09,-0.88,1.26,2.99
2014-12-29,10.19,10.07,10.36,10.02,56471,57180000,-0.12,-1.18,3.34,3.62
2014-12-30,10.02,9.71,10.07,9.70,59154,58240000,-0.36,-3.58,3.67,3.79
2014-12-31,9.83,9.92,9.94,9.75,42871,42270000,0.21,2.16,1.96,2.75
2015-01-05,9.92,10.28,10.30,9.92,87550,89080000,0.36,3.63,3.83,5.61
2015-01-06,10.08,10.41,10.50,10.01,84901,87320000,0.13,1.26,4.77,5.44
2015-01-07,10.41,10.22,10.41,10.19,49792,50990000,-0.19,-1.83,2.11,3.19
2015-01-08,10.20,10.96,11.23,10.18,223716,245550000,0.74,7.24,10.27,14.34
2015-01-09,10.50,10.57,10.96,10.50,117962,125600000,-0.39,-3.56,4.20,7.56
2015-01-12,10.40,10.06,10.40,9.95,61334,61980000,-0.51,-4.83,4.26,3.93
2015-01-13,10.02,10.11,10.20,9.96,39080,39360000,0.05,0.50,2.39,2.51
2015-01-14,10.10,10.06,10.18,9.99,33396,33560000,-0.05,-0.49,1.88,2.14
2015-01-15,10.06,10.07,10.12,10.00,41622,41820000,0.01,0.10,1.19,2.67
2015-01-16,10.07,10.19,10.25,9.99,55878,56770000,0.12,1.19,2.58,3.58
2015-01-19,10.06,10.05,10.45,9.58,88909,89910000,-0.14,-1.37,8.54,5.70
2015-01-20,10.02,10.48,10.59,10.02,115248,119130000,0.43,4.28,5.67,7.39
2015-01-21,10.47,10.58,10.58,10.35,117562,123350000,0.10,0.95,2.19,7.54
2015-01-22,10.60,10.62,10.67,10.50,82364,87150000,0.04,0.38,1.61,5.28
2015-01-23,10.67,10.46,10.72,10.41,72471,76300000,-0.16,-1.51,2.92,4.65
2015-01-26,10.42,10.60,10.60,10.36,61767,64940000,0.14,1.34,2.29,3.96
2015-01-27,10.58,10.68,10.70,10.45,80567,85330000,0.08,0.75,2.36,5.16
2015-01-28,10.70,10.66,10.75,10.58,69725,74510000,-0.02,-0.19,1.59,4.47
2015-01-29,10.60,10.36,10.61,10.35,54414,56950000,-0.30,-2.81,2.44,3.49
2015-01-30,10.37,10.41,10.47,10.34,38284,39880000,0.05,0.48,1.25,2.45
2015-02-02,10.29,10.13,10.29,10.06,49321,50010000,-0.28,-2.69,2.21,3.16
2015-02-03,10.18,10.26,10.27,10.10,34100,34760000,0.13,1.28,1.68,2.19
2015-02-04,10.22,10.19,10.34,10.17,39343,40340000,-0.07,-0.68,1.66,2.52
2015-02-05,10.38,10.14,10.41,10.10,41094,42000000,-0.05,-0.49,3.04,2.63
2015-02-06,10.04,10.22,10.55,10.00,80968,83230000,0.08,0.79,5.42,5.19
2015-02-09,10.22,10.03,10.22,10.00,42175,42350000,-0.19,-1.86,2.15,2.70
2015-02-10,10.03,10.00,10.12,9.90,37731,37780000,-0.03,-0.30,2.19,2.42
2015-02-11,10.00,10.00,10.12,9.96,26609,26610000,0.00,0.00,1.60,1.71
2015-02-12,10.02,10.19,10.25,10.00,45227,45880000,0.19,1.90,2.50,2.90
2015-02-13,10.22,10.25,10.30,10.17,46923,48060000,0.06,0.59,1.28,3.01
2015-02-16,10.20,10.38,10.43,10.20,43979,45280000,0.13,1.27,2.24,2.82
2015-02-17,10.38,10.39,10.42,10.30,34904,36150000,0.01,0.10,1.16,2.24
2015-02-25,10.41,10.65,10.75,10.35,108392,115050000,0.26,2.50,3.85,6.95
2015-02-26,10.66,10.62,10.73,10.51,67760,71890000,-0.03,-0.28,2.07,4.34
2015-02-27,10.60,10.57,10.61,10.47,60363,63610000,-0.05,-0.47,1.32,3.87
2015-03-02,10.68,10.97,11.06,10.68,136066,148660000,0.40,3.78,3.60,8.72
2015-03-03,11.00,10.90,11.06,10.81,118127,129410000,-0.07,-0.64,2.28,7.57
2015-03-04,10.84,10.88,10.95,10.79,60995,66130000,-0.02,-0.18,1.47,3.91
2015-03-05,10.92,10.76,10.93,10.64,60185,64710000,-0.12,-1.10,2.67,3.86
2015-03-06,10.76,10.60,10.77,10.53,49216,52310000,-0.16,-1.49,2.23,3.15
2015-03-09,10.57,10.77,10.78,10.48,44504,47410000,0.17,1.60,2.83,2.85
2015-03-10,10.77,10.68,10.78,10.65,43795,46940000,-0.09,-0.84,1.21,2.81
2015-03-11,10.72,10.62,10.78,10.56,41541,44260000,-0.06,-0.56,2.06,2.66
2015-03-12,10.63,10.61,10.68,10.57,43931,46570000,-0.01,-0.09,1.04,2.82
2015-03-13,10.63,11.25,11.58,10.62,220788,246640000,0.64,6.03,9.05,14.15
2015-03-16,11.31,11.52,11.55,11.16,203247,230610000,0.27,2.40,3.47,13.03
2015-03-17,11.52,11.48,11.55,11.40,147958,169540000,-0.04,-0.35,1.30,9.48
2015-03-18,11.48,11.54,11.55,11.42,124068,142810000,0.06,0.52,1.13,7.95
2015-03-19,11.55,11.71,11.98,11.54,157135,184910000,0.17,1.47,3.81,10.07
2015-03-20,11.72,11.60,11.80,11.49,117668,136100000,-0.11,-0.94,2.65,7.54
2015-03-23,11.59,11.65,11.76,11.57,112849,131310000,0.05,0.43,1.64,7.23
2015-03-24,11.67,11.42,11.72,11.11,135579,155500000,-0.23,-1.97,5.24,8.69
2015-03-25,11.42,12.56,12.56,11.25,397244,482620000,1.14,9.98,11.47,25.46
2015-03-26,13.00,12.21,13.00,12.06,382261,476940000,-0.35,-2.79,7.48,24.50
2015-03-27,12.10,12.14,12.24,11.93,122499,147710000,-0.07,-0.57,2.54,7.85
2015-03-30,12.14,12.25,12.28,12.08,130200,158490000,0.11,0.91,1.65,8.35
2015-03-31,12.28,12.04,12.33,12.00,120162,145720000,-0.21,-1.71,2.69,7.70
2015-04-01,12.06,12.15,12.15,11.96,88652,107160000,0.11,0.91,1.58,5.68
2015-04-02,12.17,12.35,12.39,12.15,141579,173800000,0.20,1.65,1.98,9.08
2015-04-03,12.30,13.36,13.48,12.15,302028,385290000,1.01,8.18,10.77,19.36
2015-04-07,13.28,13.50,13.60,13.15,330733,443370000,0.14,1.05,3.37,21.20
2015-04-08,13.53,13.44,13.60,13.02,208620,278020000,-0.06,-0.44,4.30,13.37
2015-04-09,13.45,13.10,13.50,12.60,164106,214190000,-0.34,-2.53,6.70,10.52
2015-04-10,12.89,13.63,13.76,12.79,199329,263940000,0.53,4.05,7.40,12.78
2015-04-13,13.69,13.86,14.20,13.51,258194,359080000,0.23,1.69,5.06,16.55
2015-04-14,13.80,13.57,13.86,13.40,156548,213810000,-0.29,-2.09,3.32,10.04
2015-04-15,13.57,12.90,13.60,12.89,136221,180170000,-0.67,-4.94,5.23,8.73
2015-04-16,12.76,13.40,13.50,12.38,138116,179410000,0.50,3.88,8.68,8.85
2015-04-17,13.32,13.48,13.65,13.23,162576,218110000,0.08,0.60,3.13,10.42
2015-04-20,13.53,13.96,14.45,13.53,372898,523400000,0.48,3.56,6.82,23.90
2015-04-21,13.96,14.18,14.21,13.60,224694,314780000,0.22,1.58,4.37,14.40
2015-04-22,14.21,14.13,14.48,14.06,226346,321270000,-0.05,-0.35,2.96,14.51
2015-04-23,14.00,13.85,14.00,13.66,232126,320200000,-0.28,-1.98,2.41,14.88
2015-04-24,13.63,13.60,13.80,13.33,142693,193670000,-0.25,-1.81,3.39,9.15
2015-04-27,13.62,14.10,14.12,13.36,221714,304410000,0.50,3.68,5.59,14.21
2015-04-28,14.03,13.64,14.10,13.47,142327,195930000,-0.46,-3.26,4.47,9.12
2015-04-29,13.45,13.99,14.05,13.40,144348,199210000,0.35,2.57,4.77,9.25
2015-04-30,14.03,13.95,14.19,13.82,195664,274240000,-0.04,-0.29,2.64,12.54
2015-05-04,13.98,14.09,14.10,13.69,148514,207190000,0.14,1.00,2.94,9.52
2015-05-05,14.12,13.91,15.00,13.83,323518,464950000,-0.18,-1.28,8.30,20.74
2015-05-06,13.71,12.74,13.91,12.65,207214,276120000,-1.17,-8.41,9.06,13.28
2015-05-07,12.60,11.97,12.84,11.90,140331,171620000,-0.77,-6.04,7.38,9.00
2015-05-08,12.20,12.36,12.39,12.00,121214,147980000,0.39,3.26,3.26,7.77
2015-05-11,12.46,12.87,12.94,12.29,127317,160800000,0.51,4.13,5.26,8.16
2015-05-12,12.85,12.97,13.16,12.66,157378,202530000,0.10,0.78,3.89,10.09
2015-05-13,12.84,12.69,12.95,12.63,117187,149850000,-0.28,-2.16,2.47,7.51
2015-05-14,12.71,13.18,13.23,12.70,166964,217540000,0.49,3.86,4.18,10.70
2015-05-15,13.18,12.75,13.18,12.61,113090,145410000,-0.43,-3.26,4.32,7.25
2015-05-18,12.70,13.65,13.95,12.58,266712,356270000,0.90,7.06,10.75,17.10
2015-05-19,14.48,15.02,15.02,14.12,439058,651790000,1.37,10.04,6.59,28.14
2015-05-20,15.38,14.77,15.80,14.70,701102,1075370000,-0.25,-1.66,7.32,44.94
2015-05-21,14.19,14.98,15.20,14.19,323058,473290000,0.21,1.42,6.84,20.71
2015-05-22,14.80,16.48,16.48,14.47,481482,736950000,1.50,10.01,13.42,30.86
2015-05-25,16.48,16.67,17.29,15.82,468737,783750000,0.19,1.15,8.92,30.05
2015-05-26,16.58,17.35,17.67,16.35,376157,639840000,0.68,4.08,7.92,24.11
2015-05-27,17.24,18.55,19.01,16.78,453361,809610000,1.20,6.92,12.85,29.06
2015-05-28,18.25,17.42,20.19,17.13,559967,1076570000,-1.13,-6.09,16.50,35.90
2015-05-29,17.15,16.86,18.00,15.70,351708,597700000,-0.56,-3.21,13.20,22.55
2015-06-01,17.28,17.65,17.84,17.01,276387,480600000,0.79,4.69,4.92,17.72
2015-06-02,17.64,18.73,18.86,17.15,295608,525170000,1.08,6.12,9.69,18.95
2015-06-03,18.50,18.11,18.99,17.68,220957,405640000,-0.62,-3.31,6.99,14.16
2015-06-04,18.00,17.45,18.08,16.32,176454,305320000,-0.66,-3.64,9.72,11.31
2015-06-05,17.52,17.49,18.05,17.17,172087,302830000,0.17,0.98,5.08,11.03
2015-06-08,17.20,17.21,17.49,16.58,206473,351960000,-0.28,-1.60,5.20,13.24
2015-06-09,17.09,17.17,17.45,16.70,123965,211770000,-0.04,-0.23,4.36,7.95
2015-06-10,17.01,17.63,17.85,16.98,199534,349270000,0.46,2.68,5.07,12.79
2015-06-11,17.63,18.37,18.46,17.51,252940,456240000,0.74,4.20,5.39,16.21
2015-06-12,18.27,18.15,18.65,17.90,211064,383990000,-0.22,-1.20,4.08,13.53
2015-06-15,18.00,17.39,18.30,17.26,196331,350140000,-0.76,-4.19,5.73,12.59
2015-06-16,17.00,16.17,17.00,15.93,148971,244890000,-1.22,-7.02,6.15,9.55
2015-06-17,16.10,16.43,16.61,15.18,132560,211920000,0.26,1.61,8.84,8.50
2015-06-18,16.38,15.69,16.49,15.60,89376,144070000,-0.74,-4.50,5.42,5.73
2015-06-19,15.21,14.12,15.50,14.12,105071,155200000,-1.57,-10.01,8.80,6.74
2015-06-23,14.12,14.34,14.55,13.00,99731,139470000,0.22,1.56,10.98,6.39
2015-06-24,14.45,15.01,15.05,14.33,129166,189880000,0.67,4.67,5.02,8.28
2015-06-25,15.10,14.17,15.20,13.80,104823,153480000,-0.84,-5.60,9.33,6.72
2015-06-26,13.75,12.75,13.79,12.75,120010,158200000,-1.42,-10.02,7.34,7.69
2015-06-29,13.30,11.68,13.45,11.48,143633,175570000,-1.07,-8.39,15.45,9.21
2015-06-30,11.67,12.64,12.78,10.60,155282,181100000,0.96,8.22,18.66,9.95
2015-07-01,12.46,11.62,12.98,11.60,135088,169580000,-1.02,-8.07,10.92,8.66
2015-07-02,11.82,11.19,11.97,10.75,121904,138930000,-0.43,-3.70,10.50,7.81
2015-07-03,11.00,10.10,11.39,10.07,108198,114120000,-1.09,-9.74,11.80,6.94
2015-07-06,11.11,10.61,11.11,9.35,137258,142890000,0.51,5.05,17.43,8.80
2015-07-07,10.11,9.57,10.37,9.55,126263,122590000,-1.04,-9.80,7.73,8.09
2015-07-08,8.61,9.57,9.78,8.61,239308,220700000,0.00,0.00,12.23,15.34
2015-07-09,9.57,10.53,10.53,9.57,110740,113500000,0.96,10.03,10.03,7.10
2015-07-10,11.05,11.58,11.58,10.76,100433,114970000,1.05,9.97,7.79,6.44
2015-07-13,12.22,12.74,12.74,11.82,181239,225390000,1.16,10.02,7.94,11.62
2015-07-14,12.60,12.18,13.23,11.91,180320,225770000,-0.56,-4.40,10.36,11.56
2015-07-15,11.80,10.96,11.97,10.96,96414,109080000,-1.22,-10.02,8.29,6.18
2015-07-16,10.96,11.05,11.49,9.98,83193,91340000,0.09,0.82,13.78,5.33
2015-07-17,11.21,12.03,12.13,11.08,92284,107520000,0.98,8.87,9.50,5.92
2015-07-20,12.05,11.93,12.35,11.68,107072,128380000,-0.10,-0.83,5.57,6.86
2015-07-21,11.89,12.18,12.19,11.57,93066,111730000,0.25,2.10,5.20,5.97
2015-07-22,12.14,12.06,12.34,11.70,82914,99710000,-0.12,-0.99,5.25,5.32
2015-07-23,12.05,12.49,12.78,11.90,134731,166770000,0.43,3.57,7.30,8.64
2015-07-24,12.49,12.01,12.64,11.89,123373,152690000,-0.48,-3.84,6.00,7.91
2015-07-27,11.72,10.81,12.01,10.81,91149,104810000,-1.20,-9.99,9.99,5.84
2015-07-28,10.55,11.04,11.23,9.82,123760,131070000,0.23,2.13,13.04,7.93
2015-07-29,11.22,11.66,11.68,10.91,58726,65840000,0.62,5.62,6.97,3.76
2015-07-30,11.60,11.31,11.95,11.20,72670,84580000,-0.35,-3.00,6.43,4.66
2015-07-31,11.12,11.37,11.49,11.09,51238,57770000,0.06,0.53,3.54,3.28
2015-08-03,11.28,12.51,12.51,11.14,136311,162190000,1.14,10.03,12.05,8.74
2015-08-04,13.31,13.05,13.49,12.30,198864,256980000,0.54,4.32,9.51,12.75
2015-08-05,12.71,13.70,14.03,12.52,266040,354990000,0.65,4.98,11.57,17.05
2015-08-06,13.04,13.08,13.42,12.81,171470,224630000,-0.62,-4.53,4.45,10.99
2015-08-07,13.08,13.29,13.52,13.00,133280,176620000,0.21,1.61,3.98,8.54
2015-08-10,13.29,13.65,13.99,13.02,182792,246200000,0.36,2.71,7.30,11.72
2015-08-11,13.70,13.71,14.40,13.39,183238,254700000,0.06,0.44,7.40,11.75
2015-08-12,13.31,13.14,13.58,13.10,116342,154780000,-0.57,-4.16,3.50,7.46
2015-08-13,13.05,13.91,13.92,12.91,141414,191450000,0.77,5.86,7.69,9.07
2015-08-14,13.91,14.01,14.99,13.71,211078,301060000,0.10,0.72,9.20,13.53
2015-08-17,13.87,14.97,15.27,13.62,279509,408380000,0.96,6.85,11.78,17.92
2015-08-18,14.86,13.47,14.90,13.47,159146,226590000,-1.50,-10.02,9.55,10.20
2015-08-19,12.95,13.79,14.48,12.12,219394,292870000,0.32,2.38,17.52,14.06
2015-08-20,13.53,13.50,14.20,13.30,129238,178180000,-0.29,-2.10,6.53,8.28
2015-08-21,13.05,12.33,13.44,12.22,89599,114470000,-1.17,-8.67,9.04,5.74
2015-08-24,11.50,11.10,11.91,11.10,70373,79070000,-1.23,-9.98,6.57,4.51
2015-08-25,10.03,9.99,11.16,9.99,86542,88220000,-1.11,-10.00,10.54,5.55
2015-08-26,10.30,10.06,10.97,9.57,157099,162430000,0.07,0.70,14.01,10.07
2015-08-27,10.30,10.63,10.80,10.08,103401,107420000,0.57,5.67,7.16,6.63
2015-08-28,10.64,11.57,11.60,10.64,134344,149720000,0.94,8.84,9.03,8.61
2015-08-31,11.50,11.50,12.18,10.88,128031,145800000,-0.07,-0.61,11.24,8.21
2015-09-01,11.20,10.35,11.30,10.35,75615,81960000,-1.15,-10.00,8.26,4.85
2015-09-02,9.80,10.97,11.00,9.71,166752,175780000,0.62,5.99,12.46,10.69
2015-09-07,10.92,11.04,11.49,10.90,55986,62870000,0.07,0.64,5.38,3.59
2015-09-08,10.81,11.45,11.55,10.80,43050,48300000,0.41,3.71,6.79,2.76
2015-09-09,11.50,11.62,11.84,11.35,69159,80160000,0.17,1.48,4.28,4.43
2015-09-10,11.46,11.30,11.73,11.29,44903,51660000,-0.32,-2.75,3.79,2.88
2015-09-11,11.32,11.18,11.47,10.96,31965,35870000,-0.12,-1.06,4.51,2.05
2015-09-14,11.23,10.09,11.34,10.06,49408,52150000,-1.09,-9.75,11.45,3.17
2015-09-15,9.90,9.33,10.05,9.23,39844,38690000,-0.76,-7.53,8.13,2.55
2015-09-16,9.49,10.14,10.26,9.45,36717,36130000,0.81,8.68,8.68,2.35
2015-09-17,10.12,9.83,10.46,9.81,42954,43650000,-0.31,-3.06,6.41,2.75
2015-09-18,10.01,10.01,10.19,9.82,24842,24780000,0.18,1.83,3.76,1.59
2015-09-21,9.99,10.36,10.44,9.80,34409,35220000,0.35,3.50,6.39,2.21
2015-09-22,10.38,10.38,10.52,10.27,29003,30120000,0.02,0.19,2.41,1.86
2015-09-23,10.40,10.59,10.95,10.30,55912,59750000,0.21,2.02,6.26,3.58
2015-09-24,10.55,10.63,10.70,10.45,26907,28460000,0.04,0.38,2.36,1.72
2015-09-25,10.63,10.40,10.96,10.30,39438,42020000,-0.23,-2.16,6.21,2.53
2015-09-28,10.40,10.43,10.61,10.18,24171,25060000,0.03,0.29,4.13,1.55
2015-09-29,10.19,10.09,10.39,9.85,22201,22490000,-0.34,-3.26,5.18,1.42
2015-09-30,10.15,10.17,10.25,10.02,13519,13730000,0.08,0.79,2.28,0.87
2015-10-08,10.40,10.73,10.79,10.40,38581,40870000,0.56,5.51,3.83,2.47
2015-10-09,10.74,11.01,11.14,10.63,58629,64100000,0.28,2.61,4.75,3.76
2015-10-12,11.18,11.01,12.07,11.00,230153,260960000,0.00,0.00,9.72,14.75
2015-10-13,11.07,11.31,11.42,11.02,118260,132800000,0.30,2.72,3.63,7.58
2015-10-14,11.23,11.07,11.30,11.02,64688,72060000,-0.24,-2.12,2.48,4.15
2015-10-15,10.98,12.18,12.18,10.90,150489,174440000,1.11,10.03,11.56,9.65
2015-10-16,12.45,12.53,12.60,12.08,216471,266760000,0.35,2.87,4.27,13.88
2015-10-19,12.55,12.15,12.56,12.00,125165,151980000,-0.38,-3.03,4.47,8.02
2015-10-20,12.07,12.16,12.20,11.94,75931,91760000,0.01,0.08,2.14,4.87
2015-10-21,12.16,11.13,12.22,11.09,100992,118330000,-1.03,-8.47,9.29,6.47
2015-10-22,11.22,12.09,12.24,11.13,121500,143110000,0.96,8.63,9.97,7.79
2015-10-23,12.35,13.13,13.25,11.99,242745,307980000,1.04,8.60,10.42,15.56
2015-10-26,13.25,13.19,13.78,12.67,160912,209950000,0.06,0.46,8.45,10.31
2015-10-27,12.90,12.87,12.96,12.25,114225,144150000,-0.32,-2.43,5.38,7.32
2015-10-28,12.88,12.73,13.59,12.58,147459,193190000,-0.14,-1.09,7.85,9.45
2015-10-29,12.50,12.67,12.88,12.37,82621,104070000,-0.06,-0.47,4.01,5.30
2015-10-30,12.66,12.41,12.81,12.25,52949,66090000,-0.26,-2.05,4.42,3.39
2015-11-02,12.43,12.18,12.46,12.11,63986,78580000,-0.23,-1.85,2.82,4.10
2015-11-03,12.15,12.25,12.49,12.12,49258,60440000,0.07,0.57,3.04,3.16
2015-11-04,12.29,12.90,12.97,12.29,97219,123020000,0.65,5.31,5.55,6.23
2015-11-05,13.06,12.82,13.17,12.74,114414,148030000,-0.08,-0.62,3.33,7.33
2015-11-06,12.81,13.13,13.16,12.81,116666,151440000,0.31,2.42,2.73,7.48
2015-11-09,13.30,13.51,14.18,13.30,225286,306890000,0.38,2.89,6.70,14.44
2015-11-10,13.61,12.97,13.75,12.90,272000,362220000,-0.54,-4.00,6.29,17.44
2015-11-11,13.10,13.22,13.28,12.96,126233,165260000,0.25,1.93,2.47,8.09
2015-11-12,13.30,13.36,13.45,12.94,131404,173190000,0.14,1.06,3.86,8.42
2015-11-13,13.22,13.39,13.59,13.00,122251,162780000,0.03,0.22,4.42,7.84
2015-11-16,13.17,14.30,14.39,13.07,258254,361850000,0.91,6.80,9.86,16.55
2015-11-17,14.50,14.26,14.69,14.03,208758,299830000,-0.04,-0.28,4.62,13.38
2015-11-18,14.16,13.96,14.35,13.86,100574,142040000,-0.30,-2.10,3.44,6.45
2015-11-19,14.26,14.21,14.44,13.75,102177,143700000,0.25,1.79,4.94,6.55
2015-11-20,14.28,14.16,14.28,13.94,85107,119990000,-0.05,-0.35,2.39,5.46
2015-11-23,14.20,14.65,14.96,14.16,126809,184380000,0.49,3.46,5.65,8.13
2015-11-24,14.50,14.44,14.66,14.00,81479,116780000,-0.21,-1.43,4.51,5.22
2015-11-25,14.40,14.48,14.54,14.30,57081,82220000,0.04,0.28,1.66,3.66
2015-11-26,14.42,14.07,14.58,14.04,69280,98770000,-0.41,-2.83,3.73,4.44
2015-11-27,14.00,13.14,14.00,12.70,89759,122500000,-0.93,-6.61,9.24,5.75
2015-11-30,13.04,13.91,14.18,12.67,83352,112190000,0.77,5.86,11.49,5.34
2015-12-01,13.97,13.77,14.14,13.60,58205,81010000,-0.14,-1.01,3.88,3.73
2015-12-02,13.95,13.56,13.96,13.25,37773,51280000,-0.21,-1.53,5.16,2.42
2015-12-03,13.58,13.78,13.80,13.46,32782,44700000,0.22,1.62,2.51,2.10
2015-12-04,13.73,14.32,14.38,13.64,95435,135310000,0.54,3.92,5.37,6.12
2015-12-07,14.29,14.58,14.65,14.11,71261,102810000,0.26,1.82,3.77,4.57
2015-12-08,14.47,14.18,14.47,14.00,57920,82250000,-0.40,-2.74,3.22,3.71
2015-12-09,14.00,13.98,14.34,13.91,35349,49940000,-0.20,-1.41,3.03,2.27
2015-12-10,13.95,13.87,14.20,13.80,26776,37470000,-0.11,-0.79,2.86,1.72
2015-12-11,13.89,13.50,13.89,13.39,31479,42800000,-0.37,-2.67,3.60,2.02
2015-12-14,13.40,13.81,13.85,13.21,36719,49640000,0.31,2.30,4.74,2.35
2015-12-15,13.81,13.69,13.95,13.63,35665,49170000,-0.12,-0.87,2.32,2.29
2015-12-16,13.69,13.59,13.95,13.55,33585,46050000,-0.10,-0.73,2.92,2.15
2015-12-17,13.68,14.17,14.19,13.63,55113,77130000,0.58,4.27,4.12,3.53
2015-12-18,13.96,13.97,14.27,13.79,56646,79150000,-0.20,-1.41,3.39,3.63
2015-12-21,13.85,14.41,14.43,13.82,79264,112460000,0.44,3.15,4.37,5.08
2015-12-22,14.50,14.35,14.55,14.16,52769,75650000,-0.06,-0.42,2.71,3.38
2015-12-23,14.35,14.05,14.40,14.00,52699,74910000,-0.30,-2.09,2.79,3.38
2015-12-24,14.05,14.39,14.40,13.72,56676,79600000,0.34,2.42,4.84,3.63
2015-12-25,14.50,15.50,15.83,14.50,175438,271090000,1.11,7.71,9.24,11.25
2015-12-28,15.39,15.24,15.78,14.78,113272,172580000,-0.26,-1.68,6.45,7.26
2015-12-29,15.11,15.04,15.15,14.75,57001,85190000,-0.20,-1.31,2.62,3.65
2015-12-30,15.00,15.39,15.59,14.96,58720,89340000,0.35,2.33,4.19,3.76
2015-12-31,15.20,15.19,15.54,15.10,41862,64090000,-0.20,-1.30,2.86,2.68
2016-01-04,14.99,13.84,15.16,13.76,41516,59950000,-1.35,-8.89,9.22,2.66
2016-01-05,12.75,13.33,13.80,12.75,56289,74660000,-0.51,-3.69,7.59,3.61
2016-01-06,13.47,13.59,13.82,13.00,47394,63630000,0.26,1.95,6.15,3.04
2016-01-07,13.35,12.23,13.35,12.23,12722,16090000,-1.36,-10.01,8.24,0.82
2016-01-08,12.52,12.43,12.80,11.22,61778,75660000,0.20,1.64,12.92,3.96
2016-01-11,11.95,11.19,12.42,11.19,50633,58490000,-1.24,-9.98,9.90,3.25
2016-01-12,11.24,11.30,11.48,10.50,44597,49290000,0.11,0.98,8.76,2.86
2016-01-13,11.36,10.79,11.48,10.78,41103,45870000,-0.51,-4.51,6.19,2.63
2016-01-14,10.01,11.11,11.23,10.01,51925,55690000,0.32,2.97,11.31,3.33
2016-01-15,10.94,10.28,11.02,10.20,37553,39910000,-0.83,-7.47,7.38,2.41
2016-01-18,10.11,10.48,10.68,9.90,27555,28630000,0.20,1.95,7.59,1.77
2016-01-19,10.45,10.91,10.97,10.45,30409,32710000,0.43,4.10,4.96,1.95
2016-01-20,10.78,10.98,11.20,10.78,34707,38120000,0.07,0.64,3.85,2.22
2016-01-21,10.83,10.35,11.10,10.29,37670,40450000,-0.63,-5.74,7.38,2.41
2016-01-22,10.48,10.58,10.99,10.20,39198,41230000,0.23,2.22,7.63,2.51
2016-01-25,10.70,10.77,10.87,10.63,24014,25860000,0.19,1.80,2.27,1.54
2016-01-26,10.68,9.69,10.68,9.69,47857,48500000,-1.08,-10.03,9.19,3.07
2016-01-27,9.75,9.24,9.93,8.72,81592,74120000,-0.45,-4.64,12.49,5.23
2016-01-28,9.00,8.65,9.18,8.58,39722,35190000,-0.59,-6.39,6.49,2.55
2016-01-29,8.80,9.02,9.15,8.60,59465,52900000,0.37,4.28,6.36,3.81
2016-02-01,9.00,8.90,9.07,8.73,27360,24360000,-0.12,-1.33,3.77,1.75
2016-02-02,8.97,9.17,9.24,8.90,35851,32690000,0.27,3.03,3.82,2.30
2016-02-03,9.04,9.20,9.20,8.93,25616,23230000,0.03,0.33,2.94,1.64
2016-02-04,9.17,9.43,9.60,9.17,35505,33410000,0.23,2.50,4.67,2.28
2016-02-05,9.44,9.45,9.62,9.33,33606,32000000,0.02,0.21,3.08,2.15
2016-02-15,9.16,9.23,9.32,8.94,32395,29470000,-0.22,-2.33,4.02,2.08
2016-02-16,9.27,9.62,9.64,9.24,40658,38800000,0.39,4.23,4.33,2.61
2016-02-17,9.65,9.72,9.75,9.48,35293,34000000,0.10,1.04,2.81,2.26
2016-02-18,9.89,9.61,9.89,9.55,46827,45460000,-0.11,-1.13,3.50,3.00
2016-02-19,9.52,9.62,9.65,9.51,34270,32890000,0.01,0.10,1.46,2.20
2016-02-22,9.69,9.83,9.87,9.66,46371,45310000,0.21,2.18,2.18,2.97
2016-02-23,9.86,9.93,9.94,9.61,50052,48840000,0.10,1.02,3.36,3.21
2016-02-24,9.81,9.90,9.95,9.70,44361,43710000,-0.03,-0.30,2.52,2.84
2016-02-25,9.88,9.15,10.10,9.00,92890,90320000,-0.75,-7.58,11.11,5.95
2016-02-26,9.26,9.29,9.48,8.98,53444,49240000,0.14,1.53,5.46,3.43
2016-02-29,9.24,8.58,9.24,8.45,64086,55210000,-0.71,-7.64,8.50,4.11
2016-03-01,8.58,8.71,8.78,8.39,48660,41850000,0.13,1.52,4.55,3.12
2016-03-02,8.83,9.14,9.17,8.78,60716,54470000,0.43,4.94,4.48,3.89
2016-03-03,9.14,9.14,9.28,9.03,51423,47080000,0.00,0.00,2.74,3.30
2016-03-04,9.13,8.82,9.17,8.70,51320,45920000,-0.32,-3.50,5.14,3.29
2016-03-07,8.85,9.06,9.15,8.85,36650,33130000,0.24,2.72,3.40,2.35
2016-03-08,9.10,9.20,9.21,8.75,50879,45930000,0.14,1.55,5.08,3.26
2016-03-09,9.10,8.98,9.12,8.88,28335,25500000,-0.22,-2.39,2.61,1.82
2016-03-10,9.01,8.89,9.09,8.87,24479,21980000,-0.09,-1.00,2.45,1.57
2016-03-11,8.82,8.90,8.98,8.73,22292,19720000,0.01,0.11,2.81,1.43
2016-03-14,8.95,9.14,9.26,8.95,56560,51680000,0.24,2.70,3.48,3.63
2016-03-15,9.13,9.04,9.16,8.95,36835,33390000,-0.10,-1.09,2.30,2.36
2016-03-16,9.11,8.90,9.12,8.85,31392,28200000,-0.14,-1.55,2.99,2.01
2016-03-17,8.95,9.11,9.17,8.94,42983,38990000,0.21,2.36,2.58,2.76
2016-03-18,9.13,9.41,9.45,9.11,72430,67550000,0.30,3.29,3.73,4.64
2016-03-21,9.46,10.09,10.18,9.45,134985,132560000,0.68,7.23,7.76,8.65
2016-03-22,10.09,11.10,11.10,9.92,221798,236430000,1.01,10.01,11.69,14.22
2016-03-23,11.03,11.03,11.27,10.79,182647,201130000,-0.07,-0.63,4.32,11.71
2016-03-24,11.13,11.56,11.89,10.95,249507,283900000,0.53,4.81,8.52,15.99
2016-03-25,11.70,11.51,11.86,11.30,193510,222660000,-0.05,-0.43,4.84,12.40
2016-03-28,11.50,11.68,11.89,11.33,217953,253840000,0.17,1.48,4.87,13.97
2016-03-29,11.75,11.39,11.94,11.29,193742,223860000,-0.29,-2.48,5.57,12.42
2016-03-30,11.05,11.33,11.48,10.89,171422,191250000,-0.06,-0.53,5.18,10.99
2016-03-31,11.31,11.10,11.31,11.03,108867,121280000,-0.23,-2.03,2.47,6.98
2016-04-01,11.00,10.76,11.02,10.60,98655,105800000,-0.34,-3.06,3.78,6.32
2016-04-05,10.85,11.03,11.08,10.70,84117,92050000,0.27,2.51,3.53,5.39
2016-04-06,11.07,11.06,11.19,10.84,92028,101620000,0.03,0.27,3.17,5.90
2016-04-07,11.15,10.69,11.18,10.66,74058,80670000,-0.37,-3.35,4.70,4.75
2016-04-08,10.65,10.90,10.95,10.49,68104,72850000,0.21,1.96,4.30,4.37
2016-04-11,10.90,11.14,11.20,10.90,105086,116550000,0.24,2.20,2.75,6.74
2016-04-12,11.15,11.01,11.25,10.70,72597,79190000,-0.13,-1.17,4.94,4.65
2016-04-13,10.96,11.05,11.23,10.96,92023,102520000,0.04,0.36,2.45,5.90
2016-04-14,11.06,11.18,11.19,10.97,57885,64240000,0.13,1.18,1.99,3.71
2016-04-15,11.27,11.29,11.68,11.21,124363,142290000,0.11,0.98,4.20,7.97
2016-04-18,11.22,10.90,11.22,10.90,65409,71770000,-0.39,-3.45,2.83,4.19
2016-04-19,10.89,10.80,11.06,10.73,55252,59810000,-0.10,-0.92,3.03,3.54
2016-04-20,10.81,10.14,10.91,9.88,84093,86710000,-0.66,-6.11,9.54,5.39
2016-04-21,10.12,10.12,10.29,9.96,44055,44790000,-0.02,-0.20,3.25,2.82
2016-04-22,10.15,10.45,10.49,9.50,50497,51550000,0.33,3.26,9.78,3.24
2016-04-25,10.20,10.40,10.54,10.12,40491,42060000,-0.05,-0.48,4.02,2.60
2016-04-26,10.41,10.42,10.60,10.28,35240,36610000,0.02,0.19,3.08,2.26
2016-04-27,10.41,10.16,10.53,10.03,59772,61270000,-0.26,-2.50,4.80,3.83
2016-04-28,10.15,10.09,10.19,9.95,43883,44050000,-0.07,-0.69,2.36,2.81
2016-04-29,10.09,10.17,10.30,10.09,32326,32990000,0.08,0.79,2.08,2.07
2016-05-03,10.22,10.44,10.45,10.09,42160,43500000,0.27,2.65,3.54,2.70
2016-05-04,10.44,10.38,10.49,10.35,40865,42530000,-0.06,-0.57,1.34,2.62
2016-05-05,10.45,10.59,10.60,10.39,52398,55230000,0.21,2.02,2.02,3.36
2016-05-06,10.58,10.21,10.72,10.20,60949,63580000,-0.38,-3.59,4.91,3.91
2016-05-09,10.15,9.65,10.19,9.55,62942,61800000,-0.56,-5.48,6.27,4.03
2016-05-10,9.59,9.70,9.80,9.59,34739,33590000,0.05,0.52,2.18,2.23
2016-05-11,9.74,9.59,9.77,9.50,29894,28800000,-0.11,-1.13,2.78,1.92
2016-05-12,9.49,9.41,9.54,9.21,28434,26590000,-0.18,-1.88,3.44,1.82
2016-05-13,9.30,9.38,9.52,9.30,23219,21870000,-0.03,-0.32,2.34,1.49
2016-05-16,9.37,9.52,9.55,9.30,27601,26130000,0.14,1.49,2.67,1.77
2016-05-17,9.53,9.47,9.58,9.39,27880,26440000,-0.05,-0.53,2.00,1.79
2016-05-18,9.41,9.13,9.41,9.02,38574,35480000,-0.34,-3.59,4.12,2.47
2016-05-19,9.17,9.20,9.34,9.13,26988,24930000,0.07,0.77,2.30,1.73
2016-05-20,9.19,9.44,9.45,9.07,39219,36450000,0.24,2.61,4.13,2.51
2016-05-23,9.43,9.48,9.55,9.38,32541,30800000,0.04,0.42,1.80,2.09
2016-05-24,9.50,9.42,9.55,9.36,33790,31850000,-0.06,-0.63,2.00,2.17
2016-05-25,9.48,9.47,9.60,9.40,26597,25200000,0.05,0.53,2.12,1.70
2016-05-26,9.48,9.52,9.52,9.33,31713,29870000,0.05,0.53,2.01,2.03
2016-05-27,9.51,9.45,9.53,9.41,22814,21610000,-0.07,-0.74,1.26,1.46
2016-05-30,9.40,9.39,9.48,9.31,19381,18210000,-0.06,-0.63,1.80,1.24
2016-05-31,9.44,9.78,9.81,9.41,57746,55770000,0.39,4.15,4.26,3.70
2016-06-01,9.78,10.10,10.18,9.72,54374,53490000,0.32,3.27,4.70,3.49
2016-06-02,10.10,10.28,10.30,9.97,102116,104260000,0.18,1.78,3.27,6.55
2016-06-03,10.29,10.12,10.29,10.03,60231,61170000,-0.16,-1.56,2.53,3.86
2016-06-06,10.13,10.07,10.20,10.04,37583,37980000,-0.05,-0.49,1.58,2.41
2016-06-07,10.05,10.05,10.11,9.92,36163,36200000,-0.02,-0.20,1.89,2.32
2016-06-08,10.06,10.09,10.14,9.95,32566,32690000,0.04,0.40,1.89,2.09
2016-06-13,9.97,9.50,9.99,9.47,42521,41730000,-0.59,-5.85,5.15,2.73
2016-06-14,9.49,9.53,9.57,9.38,23891,22650000,0.03,0.32,2.00,1.53
2016-06-15,9.41,9.77,9.88,9.38,39841,38690000,0.24,2.52,5.25,2.55
2016-06-16,9.75,9.69,9.82,9.65,30481,29700000,-0.08,-0.82,1.74,1.95
2016-06-17,9.73,9.77,9.85,9.69,44092,43130000,0.08,0.83,1.65,2.83
2016-06-20,9.77,9.79,9.83,9.62,23710,23080000,0.02,0.20,2.15,1.52
2016-06-21,9.80,9.81,9.94,9.79,43660,43040000,0.02,0.20,1.53,2.80
2016-06-22,9.76,9.99,10.00,9.75,37049,36590000,0.18,1.83,2.55,2.37
2016-06-23,9.89,9.68,9.90,9.63,31709,30800000,-0.16,-1.63,2.74,2.03
2016-06-24,9.63,9.44,9.77,9.28,47147,44870000,-0.24,-2.48,5.06,3.02
2016-06-27,9.36,9.63,9.65,9.36,28116,26860000,0.19,2.01,3.07,1.80
2016-06-28,9.63,9.78,9.80,9.58,43466,42230000,0.15,1.56,2.28,2.79
2016-06-29,9.84,9.89,9.94,9.76,53429,52660000,0.11,1.12,1.84,3.42
2016-06-30,9.91,9.95,9.98,9.78,45043,44480000,0.06,0.61,2.02,2.89
2016-07-01,9.96,9.97,10.06,9.87,47254,47080000,0.02,0.20,1.91,3.03
2016-07-04,9.93,10.15,10.17,9.92,65499,66060000,0.18,1.81,2.51,4.20
2016-07-05,10.15,10.11,10.19,9.98,73342,73910000,-0.04,-0.39,2.07,4.70
2016-07-06,10.10,10.14,10.17,10.01,66682,67320000,0.03,0.30,1.58,4.27
2016-07-07,10.14,10.16,10.26,10.02,62813,63780000,0.02,0.20,2.37,4.03
2016-07-08,10.15,10.12,10.18,10.04,44636,45180000,-0.04,-0.39,1.38,2.86
2016-07-11,10.10,10.08,10.25,10.00,53011,53780000,-0.04,-0.40,2.47,3.40
2016-07-12,10.05,10.45,10.48,9.92,92182,94280000,0.37,3.67,5.56,5.91
2016-07-13,10.30,10.40,10.47,10.30,70987,73840000,-0.05,-0.48,1.63,4.55
2016-07-14,10.36,10.37,10.40,10.25,35904,37060000,-0.03,-0.29,1.44,2.30
2016-07-15,10.37,10.39,10.52,10.34,71833,74890000,0.02,0.19,1.74,4.60
2016-07-18,10.39,10.26,10.39,10.13,46555,47560000,-0.13,-1.25,2.50,2.98
2016-07-19,10.25,10.20,10.25,10.12,38968,39610000,-0.06,-0.58,1.27,2.50
2016-07-20,10.19,10.23,10.26,10.15,30460,31110000,0.03,0.29,1.08,1.95
2016-07-21,10.23,10.23,10.32,10.17,44274,45390000,0.00,0.00,1.47,2.84
2016-07-22,10.23,10.07,10.26,10.06,45241,45890000,-0.16,-1.56,1.96,2.90
2016-07-25,10.07,10.12,10.18,10.00,29997,30300000,0.05,0.50,1.79,1.92
2016-07-26,10.11,10.26,10.26,10.09,34054,34760000,0.14,1.38,1.68,2.18
2016-07-27,10.37,9.89,10.37,9.74,79191,79850000,-0.37,-3.61,6.14,5.08
2016-07-28,9.85,9.86,9.97,9.79,39731,39190000,-0.03,-0.30,1.82,2.55
2016-07-29,9.86,9.86,10.00,9.78,26349,25960000,0.00,0.00,2.23,1.69
2016-08-01,9.84,9.63,9.85,9.50,45739,43940000,-0.23,-2.33,3.55,2.93
2016-08-02,9.63,9.71,9.72,9.56,20978,20280000,0.08,0.83,1.66,1.34
2016-08-03,9.71,9.83,9.86,9.67,31943,31270000,0.12,1.24,1.96,2.05
2016-08-04,9.77,9.81,9.87,9.71,25093,24580000,-0.02,-0.20,1.63,1.61
2016-08-05,9.80,9.80,9.84,9.73,21975,21480000,-0.01,-0.10,1.12,1.41
2016-08-08,9.84,9.95,9.97,9.73,34267,33890000,0.15,1.53,2.45,2.20
2016-08-09,9.92,10.28,10.43,9.87,106426,108580000,0.33,3.32,5.63,6.82
2016-08-10,10.18,10.21,10.29,10.09,56170,57300000,-0.07,-0.68,1.95,3.60
2016-08-11,10.14,9.99,10.29,9.99,46863,47350000,-0.22,-2.15,2.94,3.00
2016-08-12,10.00,10.12,10.13,9.88,41898,41830000,0.13,1.30,2.50,2.69
2016-08-15,10.06,10.24,10.29,10.04,72460,73900000,0.12,1.19,2.47,4.64
2016-08-16,10.20,10.20,10.31,10.17,57846,59180000,-0.04,-0.39,1.37,3.71
2016-08-17,10.34,10.30,10.65,10.25,140909,146900000,0.10,0.98,3.92,9.03
2016-08-18,10.21,10.24,10.31,10.19,71157,72830000,-0.06,-0.58,1.17,4.56
2016-08-19,10.24,10.17,10.25,10.08,53062,53830000,-0.07,-0.68,1.66,3.40
2016-08-22,10.14,10.41,10.56,10.12,151890,158090000,0.24,2.36,4.33,9.74
2016-08-23,10.40,10.37,10.47,10.30,58955,61180000,-0.04,-0.38,1.63,3.78
2016-08-24,10.27,10.59,10.78,10.27,130981,138800000,0.22,2.12,4.92,8.40
2016-08-25,10.57,11.11,11.30,10.46,221394,241030000,0.52,4.91,7.93,14.19
2016-08-26,10.98,11.47,11.66,10.90,229843,262440000,0.36,3.24,6.84,14.73
2016-08-29,11.47,11.57,11.65,11.25,134608,154560000,0.10,0.87,3.49,8.63
2016-08-30,11.50,11.42,11.58,11.29,84475,96460000,-0.15,-1.30,2.51,5.42
2016-08-31,11.42,11.67,11.96,11.37,131689,153740000,0.25,2.19,5.17,8.44
2016-09-01,11.66,11.43,12.05,11.35,150240,175930000,-0.24,-2.06,6.00,9.63
2016-09-02,11.37,11.74,11.79,11.31,91475,105490000,0.31,2.71,4.20,5.86
2016-09-05,11.78,11.57,11.80,11.46,55503,64440000,-0.17,-1.45,2.90,3.56
2016-09-06,11.55,11.95,11.98,11.40,90171,105730000,0.38,3.28,5.01,5.78
2016-09-07,11.95,12.29,12.46,11.88,103407,126830000,0.34,2.85,4.85,6.63
2016-09-08,12.18,12.28,12.45,11.96,92641,112890000,-0.01,-0.08,3.99,5.94
2016-09-09,12.21,12.96,13.40,12.15,100328,128600000,0.68,5.54,10.18,6.43
2016-09-12,12.64,12.97,13.20,12.46,135566,174430000,0.01,0.08,5.71,8.69
2016-09-13,13.02,13.04,13.10,12.70,61005,78970000,0.07,0.54,3.08,3.91
2016-09-14,12.83,13.67,14.28,12.83,127237,174410000,0.63,4.83,11.12,8.16
2016-09-19,13.56,14.30,14.34,13.56,104203,145290000,0.63,4.61,5.71,6.68
2016-09-20,14.32,14.01,14.35,13.90,61445,86330000,-0.29,-2.03,3.15,3.94
2016-09-21,13.91,14.79,14.87,13.88,127762,184150000,0.78,5.57,7.07,8.19
2016-09-22,14.80,14.87,15.12,14.52,93596,138720000,0.08,0.54,4.06,6.00
2016-09-23,14.80,14.01,15.07,13.55,121984,174920000,-0.86,-5.78,10.22,7.82
2016-09-26,13.98,13.89,14.28,13.55,60667,85060000,-0.12,-0.86,5.21,3.89
2016-09-27,13.96,13.99,14.08,13.65,52597,73040000,0.10,0.72,3.10,3.37
2016-09-28,14.13,13.97,14.37,13.90,47668,67670000,-0.02,-0.14,3.36,3.06
2016-09-29,13.90,13.70,14.10,13.60,46304,63800000,-0.27,-1.93,3.58,2.97
2016-09-30,13.96,13.69,13.98,13.64,26391,36330000,-0.01,-0.07,2.48,1.69
2016-10-10,14.00,13.89,14.37,13.72,43378,60800000,0.20,1.46,4.75,2.78
2016-10-11,14.11,15.17,15.21,13.88,153010,226810000,1.28,9.22,9.58,9.81
2016-10-12,15.00,15.94,16.11,14.90,164889,259010000,0.77,5.08,7.98,10.57
2016-10-13,15.90,15.76,16.26,15.54,111791,178030000,-0.18,-1.13,4.52,7.17
2016-10-14,15.92,15.77,16.56,15.62,106301,170410000,0.01,0.06,5.96,6.81
2016-10-17,15.55,15.24,15.75,15.04,73003,111450000,-0.53,-3.36,4.50,4.68
2016-10-18,15.16,15.36,15.52,15.04,43775,67230000,0.12,0.79,3.15,2.81
2016-10-19,15.29,15.68,15.94,15.19,54859,85420000,0.32,2.08,4.88,3.52
2016-10-20,15.61,15.55,15.97,15.39,55789,87310000,-0.13,-0.83,3.70,3.58
2016-10-21,15.42,15.19,15.68,15.05,43029,65720000,-0.36,-2.32,4.05,2.76
2016-10-24,15.47,15.27,15.56,15.00,141830,217380000,0.08,0.53,3.69,9.09
2016-10-25,15.04,15.19,15.30,15.04,41915,63480000,-0.08,-0.52,1.70,2.69
2016-10-26,15.18,15.41,15.58,15.00,79742,122240000,0.22,1.45,3.82,5.11
2016-10-27,15.30,15.39,15.61,15.18,48908,75210000,-0.02,-0.13,2.79,3.14
2016-10-28,15.34,14.57,15.52,14.51,59557,89120000,-0.82,-5.33,6.56,3.82
2016-10-31,14.55,14.96,15.06,14.17,42240,62490000,0.39,2.68,6.11,2.71
2016-11-01,14.94,15.12,15.15,14.80,30321,45500000,0.16,1.07,2.34,1.94
2016-11-02,15.35,14.99,15.35,14.91,28331,42770000,-0.13,-0.86,2.91,1.82
2016-11-03,14.99,15.37,15.47,14.91,62935,96140000,0.38,2.54,3.74,4.03
2016-11-04,15.38,15.89,15.92,15.32,93435,145980000,0.52,3.38,3.90,5.99
2016-11-07,15.89,16.20,16.29,15.72,66436,106820000,0.31,1.95,3.59,4.26
2016-11-08,16.13,16.14,16.30,15.93,46191,74340000,-0.06,-0.37,2.28,2.96
2016-11-09,16.15,15.86,16.22,15.77,44109,70360000,-0.28,-1.73,2.79,2.83
2016-11-10,15.88,17.05,17.28,15.88,227411,380310000,1.19,7.50,8.83,14.58
2016-11-11,17.04,16.96,17.37,16.81,123052,211450000,-0.09,-0.53,3.28,7.89
2016-11-14,16.90,18.66,18.66,16.30,512082,889080000,1.70,10.02,13.92,32.83
2016-11-15,18.66,20.53,20.53,17.90,452025,891570000,1.87,10.02,14.09,28.98
2016-11-16,20.52,18.48,21.40,18.48,900264,1707880000,-2.05,-9.99,14.22,57.71
2016-11-17,16.75,16.71,17.50,16.63,556227,937210000,-1.77,-9.58,4.71,35.66
2016-11-18,16.54,16.14,16.54,15.95,398866,643010000,-0.57,-3.41,3.53,25.57
2016-11-21,16.05,15.66,16.08,15.51,288451,453710000,-0.48,-2.97,3.53,18.49
2016-11-22,15.75,15.71,15.76,15.51,190240,297540000,0.05,0.32,1.60,12.19
2016-11-23,15.75,15.76,15.83,15.62,172941,271590000,0.05,0.32,1.34,11.09
2016-11-24,15.73,15.16,15.75,15.11,209099,321420000,-0.60,-3.81,4.06,13.40
2016-11-25,15.20,14.98,15.23,14.63,166129,247040000,-0.18,-1.19,3.96,10.65
2016-11-28,14.99,14.87,15.00,14.79,97386,144880000,-0.11,-0.73,1.40,6.24
2016-11-29,14.80,14.67,15.05,14.66,112402,167080000,-0.20,-1.35,2.62,7.21
2016-11-30,14.61,14.32,14.61,14.21,126657,182390000,-0.35,-2.39,2.73,8.12
2016-12-01,14.41,14.48,14.57,14.27,95801,137930000,0.16,1.12,2.10,6.14
2016-12-02,14.47,14.02,14.50,13.96,113242,160560000,-0.46,-3.18,3.73,7.26
2016-12-05,13.97,13.85,13.99,13.80,69221,96110000,-0.17,-1.21,1.36,4.44
2016-12-06,13.90,14.13,14.16,13.87,82442,115770000,0.28,2.02,2.09,5.28
2016-12-07,14.16,14.18,14.24,14.04,68000,96170000,0.05,0.35,1.42,4.36
2016-12-08,14.20,13.94,14.22,13.91,70726,99390000,-0.24,-1.69,2.19,4.53
2016-12-09,13.96,13.93,14.08,13.86,69279,96700000,-0.01,-0.07,1.58,4.44
2016-12-12,14.03,12.98,14.05,12.88,122956,165000000,-0.95,-6.82,8.40,7.88
2016-12-13,12.85,12.96,12.99,12.62,80143,103010000,-0.02,-0.15,2.85,5.14
2016-12-14,12.95,13.09,13.34,12.90,89993,118660000,0.13,1.00,3.40,5.77
2016-12-15,12.99,13.23,13.24,12.90,80123,105170000,0.14,1.07,2.60,5.14
2016-12-16,13.23,13.35,13.46,13.13,79870,106300000,0.12,0.91,2.49,5.12
2016-12-19,13.28,13.10,13.36,13.03,56377,74350000,-0.25,-1.87,2.47,3.61
2016-12-20,13.14,13.32,13.33,12.95,75971,99830000,0.22,1.68,2.90,4.87
2016-12-21,13.33,14.41,14.65,13.33,294722,414210000,1.09,8.18,9.91,18.89
2016-12-22,14.40,14.51,14.86,14.27,277562,405820000,0.10,0.69,4.09,17.79
2016-12-23,14.45,13.90,14.45,13.89,139894,196360000,-0.61,-4.20,3.86,8.97
2016-12-26,13.70,13.77,13.86,13.16,97531,131700000,-0.13,-0.94,5.04,6.25
2016-12-27,13.69,13.53,13.69,13.44,75106,101740000,-0.24,-1.74,1.82,4.81
2016-12-28,13.58,13.50,13.66,13.42,57780,78170000,-0.03,-0.22,1.77,3.70
2016-12-29,13.45,13.22,13.47,13.16,66272,88340000,-0.28,-2.07,2.30,4.25
2016-12-30,13.18,13.19,13.32,13.17,40008,52930000,-0.03,-0.23,1.13,2.56
2017-01-03,13.24,13.49,13.53,13.24,53942,72410000,0.30,2.27,2.20,3.46
2017-01-04,13.49,13.56,13.56,13.32,59783,80370000,0.07,0.52,1.78,3.83
2017-01-05,13.55,13.94,14.20,13.41,127645,175780000,0.38,2.80,5.83,8.18
2017-01-06,13.88,13.80,14.09,13.78,106705,148470000,-0.14,-1.00,2.22,6.84
2017-01-09,13.67,14.15,14.18,13.58,125362,176300000,0.35,2.54,4.35,8.04
2017-01-10,14.09,14.52,14.78,14.03,240859,348730000,0.37,2.61,5.30,15.44
2017-01-11,14.98,14.43,15.50,14.38,284653,423790000,-0.09,-0.62,7.71,18.25
2017-01-12,14.31,13.86,14.35,13.84,149845,210150000,-0.57,-3.95,3.53,9.61
2017-01-13,13.76,13.38,13.94,13.34,94279,128370000,-0.48,-3.46,4.33,6.04
2017-01-16,13.31,12.37,13.31,12.04,111992,142600000,-1.01,-7.55,9.49,7.18
2017-01-17,12.32,12.59,12.66,12.10,64743,80260000,0.22,1.78,4.53,4.15
2017-01-18,12.54,12.45,12.76,12.42,54021,68010000,-0.14,-1.11,2.70,3.46
2017-01-19,12.40,12.33,12.46,12.21,45580,56120000,-0.12,-0.96,2.01,2.92
2017-01-20,12.33,12.45,12.59,12.27,47060,58680000,0.12,0.97,2.60,3.02
2017-01-23,12.43,12.56,12.68,12.42,41452,52020000,0.11,0.88,2.09,2.66
2017-01-24,12.58,12.39,12.59,12.35,36146,44920000,-0.17,-1.35,1.91,2.32
2017-01-25,12.40,12.36,12.48,12.32,31275,38660000,-0.03,-0.24,1.29,2.00
2017-01-26,12.38,12.50,12.50,12.38,27166,33830000,0.14,1.13,0.97,1.74
2017-02-03,12.57,12.44,12.60,12.40,24629,30740000,-0.06,-0.48,1.60,1.58
2017-02-06,12.44,12.58,12.60,12.42,33162,41550000,0.14,1.13,1.45,2.13
2017-02-07,12.59,12.59,12.61,12.50,40046,50281500,0.01,0.08,0.874,2.57
2017-02-08,12.59,13.15,13.33,12.59,120422,156403600,0.56,4.45,5.878,7.72
2017-02-09,13.05,13.09,13.12,12.92,73789,96128900,-0.06,-0.46,1.521,4.73
2017-02-10,13.11,13.03,13.18,13.02,56564,73974900,-0.06,-0.46,1.222,3.63
2017-02-13,12.98,13.06,13.09,12.91,44402,57783500,0.03,0.23,1.381,2.85
2017-02-14,13.00,13.17,13.23,13.00,54687,71803900,0.11,0.84,1.761,3.51
2017-02-15,13.16,13.13,13.39,13.02,79671,105289700,-0.04,-0.30,2.809,5.11
2017-02-16,13.03,13.18,13.24,13.02,52513,68955300,0.05,0.38,1.676,3.37
2017-02-17,13.17,12.78,13.17,12.76,79663,102834900,-0.40,-3.03,3.111,5.11
2017-02-20,12.78,12.90,12.91,12.75,30872,39711000,0.12,0.94,1.252,1.98
2017-02-21,12.90,12.93,12.96,12.82,38906,50176900,0.03,0.23,1.09,2.49
2017-02-22,12.94,13.10,13.13,12.93,57848,75542700,0.17,1.31,1.55,3.71
2017-02-23,13.10,13.18,13.20,12.90,66204,86137500,0.08,0.61,2.29,4.24
2017-02-24,13.20,13.37,13.38,13.10,119257,158344400,0.19,1.44,2.12,7.64
2017-02-27,13.30,13.11,13.34,13.06,63647,83981700,-0.26,-1.94,2.09,4.08
2017-02-28,13.11,13.09,13.17,13.01,36986,48313400,-0.02,-0.15,1.22,2.37
2017-03-01,13.05,13.04,13.13,13.03,39789,51977700,-0.05,-0.38,0.76,2.55
2017-03-02,13.05,12.86,13.09,12.85,52080,67349100,-0.18,-1.38,1.84,3.34
2017-03-03,12.78,12.74,12.82,12.67,39865,50744100,-0.12,-0.93,1.17,2.56
2017-03-06,12.76,12.94,12.95,12.76,28863,37112700,0.20,1.57,1.49,1.85
2017-03-07,12.94,13.09,13.17,12.90,59531,77902100,0.15,1.16,2.09,3.82
2017-03-08,13.11,12.96,13.14,12.92,36385,47186600,-0.13,-0.99,1.68,2.33
2017-03-09,12.95,12.84,12.99,12.79,32749,42081200,-0.12,-0.93,1.54,2.10
2017-03-10,12.84,12.85,12.93,12.81,22131,28481000,0.01,0.08,0.94,1.42
2017-03-13,12.86,12.85,12.93,12.63,37253,47515800,0.00,0.00,2.34,2.39
2017-03-14,12.80,12.72,12.85,12.71,30955,39459300,-0.13,-1.01,1.09,1.98
2017-03-15,12.68,12.65,12.73,12.62,27741,35110700,-0.07,-0.55,0.86,1.78
2017-03-16,12.67,12.83,12.87,12.67,38700,49451014,0.18,1.42,1.58,2.48
2017-03-17,12.80,12.80,12.93,12.77,48282,61940592,-0.03,-0.23,1.25,3.10
2017-03-20,12.76,12.81,12.84,12.73,25694,32812256,0.01,0.08,0.86,1.65
2017-03-21,12.83,12.72,12.83,12.68,29437,37456551,-0.09,-0.70,1.17,1.89
2017-03-22,12.65,12.55,12.68,12.48,39665,49811412,-0.17,-1.34,1.57,2.54
2017-03-23,12.56,12.40,12.58,12.31,38193,47500549,-0.15,-1.20,2.15,2.45
2017-03-24,12.44,12.45,12.46,12.31,28154,34818512,0.05,0.40,1.21,1.80
2017-03-27,12.43,12.59,12.65,12.41,35799,44960880,0.14,1.12,1.93,2.29
2017-03-28,12.55,12.57,12.68,12.52,19841,24985044,-0.02,-0.16,1.27,1.27
2017-03-29,12.56,12.41,12.60,12.40,28467,35513448,-0.16,-1.27,1.59,1.83
2017-03-30,12.40,12.20,12.40,12.14,37769,46215865,-0.21,-1.69,2.10,2.42
2017-03-31,12.23,12.13,12.29,12.06,21816,26577244,-0.07,-0.57,1.89,1.40
2017-04-05,12.14,12.37,12.42,12.08,37778,46474156,0.24,1.98,2.80,2.42
2017-04-06,12.41,12.35,12.44,12.33,27491,34036172,-0.02,-0.16,0.89,1.76
2017-04-07,12.35,12.27,12.35,12.23,25695,31557297,-0.08,-0.65,0.97,1.65
2017-04-10,12.25,12.30,12.47,12.20,34058,42071474,0.03,0.24,2.20,2.18
2017-04-11,12.30,12.27,12.35,12.11,32891,40164061,-0.03,-0.24,1.95,2.11
2017-04-12,12.29,12.36,12.45,12.16,44815,55311525,0.09,0.73,2.36,2.87
2017-04-13,12.35,12.51,12.55,12.31,44956,56094833,0.15,1.21,1.94,2.88
2017-04-14,12.43,12.31,12.50,12.25,33171,40959248,-0.20,-1.60,2.00,2.13
2017-04-17,12.34,12.07,12.34,11.93,42320,51159950,-0.24,-1.95,3.33,2.71
2017-04-18,12.16,11.83,12.16,11.83,28708,34383143,-0.24,-1.99,2.73,1.84
2017-04-19,11.83,11.30,11.84,11.27,49209,56078876,-0.53,-4.48,4.82,3.15
2017-04-20,11.30,11.10,11.40,11.03,38724,43322011,-0.20,-1.77,3.27,2.48
2017-04-21,11.10,10.83,11.17,10.82,29914,32852988,-0.27,-2.43,3.15,1.92
2017-04-24,10.85,10.15,10.86,10.13,45315,46948036,-0.68,-6.28,6.74,2.90
2017-04-25,10.20,10.23,10.32,10.13,22393,22923807,0.08,0.79,1.87,1.44
2017-04-26,10.25,10.31,10.38,10.21,19434,20023370,0.08,0.78,1.66,1.25
2017-04-27,10.29,10.51,10.53,10.25,33770,34967550,0.20,1.94,2.72,2.17
2017-04-28,10.50,10.57,10.59,10.45,23618,24878484,0.06,0.57,1.33,1.51
2017-05-02,10.57,10.49,10.60,10.47,17048,17924991,-0.08,-0.76,1.23,1.09
2017-05-03,10.50,10.75,10.77,10.47,29419,31237848,0.26,2.48,2.86,1.89
2017-05-04,10.73,10.61,10.78,10.55,23876,25487687,-0.14,-1.30,2.14,1.53
2017-05-05,10.54,10.54,10.64,10.51,13139,13870111,-0.07,-0.66,1.23,0.84
2017-05-08,10.57,10.17,10.57,10.16,17896,18416654,-0.37,-3.51,3.89,1.15
2017-05-09,10.18,10.28,10.30,10.11,16288,16636374,0.11,1.08,1.87,1.04
2017-05-10,10.28,10.14,10.35,10.11,16642,16996702,-0.14,-1.36,2.33,1.07
2017-05-11,10.10,10.12,10.19,9.97,26741,26973722,-0.02,-0.20,2.17,1.71
2017-05-12,10.20,10.18,10.22,10.05,15369,15590738,0.06,0.59,1.68,0.98
2017-05-15,10.20,10.16,10.26,10.12,12171,12405561,-0.02,-0.20,1.38,0.78
2017-05-16,10.16,10.34,10.37,10.01,19791,20165198,0.18,1.77,3.54,1.27
2017-05-17,10.36,10.32,10.43,10.28,21620,22396656,-0.02,-0.19,1.45,1.39
2017-05-18,10.27,10.20,10.30,10.15,23043,23543235,-0.12,-1.16,1.45,1.48
2017-05-19,10.20,10.48,10.65,10.17,46005,48073472,0.28,2.75,4.71,2.95
2017-05-22,10.54,10.25,10.66,10.20,36851,38495181,-0.23,-2.19,4.39,2.36
2017-05-23,10.15,9.68,10.15,9.64,44382,44134705,-0.57,-5.56,4.98,2.85
2017-05-24,9.58,9.49,9.61,9.25,33163,31202417,-0.19,-1.96,3.72,2.13
2017-05-25,9.52,9.49,9.53,9.30,30528,28793445,0.00,0.00,2.42,1.96
2017-05-26,9.50,9.48,9.55,9.44,20534,19473395,-0.01,-0.11,1.16,1.32
2017-05-31,9.53,9.49,9.64,9.48,17100,16322693,0.01,0.11,1.69,1.10
2017-06-01,9.46,9.20,9.49,9.19,20683,19359853,-0.29,-3.06,3.16,1.33
2017-06-02,9.22,9.31,9.33,9.12,15896,14665263,0.11,1.20,2.28,1.02
2017-06-05,9.30,9.40,9.43,9.30,13596,12768837,0.09,0.97,1.40,0.87
2017-06-06,9.39,9.48,9.52,9.33,14848,14018743,0.08,0.85,2.02,0.95
2017-06-07,9.46,9.59,9.59,9.41,26526,25317979,0.11,1.16,1.90,1.70
2017-06-08,9.59,9.53,9.61,9.50,18229,17397502,-0.06,-0.63,1.15,1.17
2017-06-09,9.53,9.53,9.54,9.43,15090,14309894,0.00,0.00,1.15,0.97
2017-06-12,9.53,9.43,9.53,9.42,15775,14954364,-0.10,-1.05,1.15,1.01
2017-06-13,9.49,9.54,9.54,9.41,13538,12871734,0.11,1.17,1.38,0.87
2017-06-14,9.53,9.54,9.58,9.50,15609,14878222,0.00,0.00,0.84,1.00
2017-06-15,9.49,9.69,9.73,9.48,30603,29566134,0.15,1.57,2.62,1.96
2017-06-16,9.60,9.53,9.65,9.52,17475,16692753,-0.03,-0.31,1.36,1.12
