日期,开盘,收盘,最高,最低,交易量(手),交易金额(元),涨跌额,涨跌幅(%),振幅(%),换手率(%)
2015-05-29,22.77,22.77,22.77,22.77,141,320000,6.96,44.02,0.00,0.06
2015-06-01,25.05,25.05,25.05,25.05,206,510000,2.28,10.01,0.00,0.08
2015-06-02,27.56,27.56,27.56,27.56,30,80000,2.51,10.02,0.00,0.01
2015-06-03,30.32,30.32,30.32,30.32,17,50000,2.76,10.01,0.00,0.01
2015-06-04,33.35,33.35,33.35,33.35,81,270000,3.03,9.99,0.00,0.03
2015-06-05,36.69,36.69,36.69,36.69,61,220000,3.34,10.02,0.00,0.02
2015-06-08,40.36,40.36,40.36,40.36,84,340000,3.67,10.00,0.00,0.03
2015-06-09,44.40,44.40,44.40,44.40,43,190000,4.04,10.01,0.00,0.02
2015-06-10,48.84,48.84,48.84,48.84,250,1220000,4.44,10.00,0.00,0.10
2015-06-11,53.72,53.72,53.72,53.72,113,610000,4.88,9.99,0.00,0.05
2015-06-12,59.09,59.09,59.09,59.09,181,1070000,5.37,10.00,0.00,0.07
2015-06-15,65.00,65.00,65.00,65.00,484,3150000,5.91,10.00,0.00,0.19
2015-06-16,71.50,71.50,71.50,71.50,6226,44520000,6.50,10.00,0.00,2.49
2015-06-17,72.00,69.08,77.00,68.29,139049,989200000,-2.42,-3.38,12.18,55.62
2015-06-18,62.85,62.17,64.87,62.17,30848,193820000,-6.91,-10.00,3.91,12.34
2015-06-19,55.95,55.95,59.50,55.95,65446,370630000,-6.22,-10.00,5.71,26.18
2015-06-23,55.00,58.25,59.59,52.22,62391,349470000,2.30,4.11,13.17,24.96
2015-06-24,59.23,55.36,60.49,53.50,66868,379960000,-2.89,-4.96,12.00,26.75
2015-06-25,54.50,52.80,57.96,52.70,50195,280190000,-2.56,-4.62,9.50,20.08
2015-06-26,50.01,47.52,51.98,47.52,33554,163140000,-5.28,-10.00,8.45,13.42
2015-06-29,48.28,42.77,48.46,42.77,37531,165660000,-4.75,-10.00,11.97,15.01
2015-06-30,42.30,45.00,45.50,38.49,48419,202670000,2.23,5.21,16.39,19.37
2015-07-01,43.89,44.27,49.36,43.03,59270,275350000,-0.73,-1.62,14.07,23.71
2015-07-02,43.01,46.00,46.88,42.55,51646,233180000,1.73,3.91,9.78,20.66
2015-07-03,44.00,43.37,47.65,41.40,52855,234850000,-2.63,-5.72,13.59,21.14
2015-07-06,47.71,41.71,47.71,39.30,45210,200280000,-1.66,-3.83,19.39,18.08
2015-07-07,41.99,40.26,44.96,39.89,60651,257900000,-1.45,-3.48,12.16,24.26
2015-07-08,36.23,36.23,36.23,36.23,8495,30780000,-4.03,-10.01,0.00,3.40
2015-07-09,32.61,39.85,39.85,32.61,50077,188670000,3.62,9.99,19.98,20.03
2015-07-10,42.00,43.84,43.84,41.50,22275,96210000,3.99,10.01,5.87,8.91
2015-07-13,47.90,48.22,48.22,46.36,44680,214390000,4.38,9.99,4.24,17.87
2015-07-14,49.68,51.00,53.04,48.22,83437,428680000,2.78,5.77,10.00,33.37
2015-07-15,49.09,45.90,49.97,45.90,42254,199440000,-5.10,-10.00,7.98,16.90
2015-07-16,42.11,46.22,48.91,41.50,38949,177200000,0.32,0.70,16.14,15.58
2015-07-17,46.66,50.84,50.84,46.66,41349,202820000,4.62,10.00,9.04,16.54
2015-07-20,52.31,50.61,53.30,48.88,58670,300660000,-0.23,-0.45,8.69,23.47
2015-07-21,50.01,53.48,55.00,48.02,53244,278840000,2.87,5.67,13.79,21.30
2015-07-22,53.80,52.40,53.80,50.50,49246,256720000,-1.08,-2.02,6.17,19.70
2015-07-23,52.59,57.64,57.64,51.40,65918,365660000,5.24,10.00,11.91,26.37
2015-07-24,58.50,55.86,59.95,55.43,75358,436100000,-1.78,-3.09,7.84,30.14
2015-07-27,53.34,50.27,56.70,50.27,42730,230820000,-5.59,-10.01,11.51,17.09
2015-07-28,46.78,47.14,51.35,45.24,48156,227750000,-3.13,-6.23,12.15,19.26
2015-07-29,48.80,51.85,51.85,45.30,42786,207960000,4.71,9.99,13.89,17.11
2015-07-30,50.20,51.15,55.97,50.20,54551,290180000,-0.70,-1.35,11.13,21.82
2015-07-31,49.75,56.27,56.27,49.14,43516,237410000,5.12,10.01,13.94,17.41
2015-08-03,58.00,61.90,61.90,56.00,110718,649870000,5.63,10.01,10.49,44.29
2015-08-04,59.88,57.69,61.30,55.71,95199,549300000,-4.21,-6.80,9.03,38.08
2015-08-05,56.13,61.54,63.46,55.68,95692,584020000,3.85,6.67,13.49,38.28
2015-08-06,58.79,56.63,60.20,55.82,67113,385250000,-4.91,-7.98,7.12,26.85
2015-08-07,56.00,56.96,58.55,55.80,45551,260520000,0.33,0.58,4.86,18.22
2015-08-10,56.80,59.00,60.38,56.70,56187,329020000,2.04,3.58,6.46,22.47
2015-08-11,59.00,60.17,62.28,58.68,49472,300900000,1.17,1.98,6.10,19.79
2015-08-12,58.80,56.85,60.00,56.30,41246,239960000,-3.32,-5.52,6.15,16.50
2015-08-13,56.66,57.69,57.97,54.81,31835,179670000,0.84,1.48,5.56,12.73
2015-08-14,58.00,57.73,58.80,56.65,30943,178550000,0.04,0.07,3.73,12.38
2015-08-31,51.96,51.96,51.96,51.96,842,4380000,-5.77,-9.99,0.00,0.34
2015-09-01,46.76,46.76,46.76,46.76,410,1920000,-5.20,-10.01,0.00,0.16
2015-09-02,42.08,42.08,51.44,42.08,58512,253780000,-4.68,-10.01,20.02,23.40
2015-09-07,42.08,37.96,43.08,37.88,44747,185070000,-4.12,-9.79,12.36,17.90
2015-09-08,37.04,41.06,41.48,36.77,32352,126800000,3.10,8.17,12.41,12.94
2015-09-09,41.34,42.00,43.46,40.90,42642,179400000,0.94,2.29,6.23,17.06
2015-09-10,41.70,40.72,42.80,40.60,25422,106230000,-1.28,-3.05,5.24,10.17
2015-09-11,40.40,40.95,41.49,40.01,20595,84160000,0.23,0.56,3.63,8.24
2015-09-14,41.15,36.86,41.80,36.86,22473,88540000,-4.09,-9.99,12.06,8.99
2015-09-15,35.00,33.17,36.50,33.17,27619,95240000,-3.69,-10.01,9.03,11.05
2015-09-16,33.60,36.49,36.49,33.60,26857,93990000,3.32,10.01,8.71,10.74
2015-09-17,35.52,35.99,38.75,35.51,30747,112970000,-0.50,-1.37,8.88,12.30
2015-09-18,36.05,36.85,37.20,36.05,18573,68010000,0.86,2.39,3.20,7.43
2015-09-21,36.48,39.36,39.50,36.00,26121,99590000,2.51,6.81,9.50,10.45
2015-09-22,40.00,40.02,41.39,39.38,30678,123530000,0.66,1.68,5.11,12.27
2015-09-23,39.10,40.71,41.38,39.09,29008,117150000,0.69,1.72,5.72,11.60
2015-09-24,41.10,44.78,44.78,41.10,57532,254340000,4.07,10.00,9.04,23.01
2015-09-25,43.50,40.30,43.97,40.30,45892,191610000,-4.48,-10.00,8.20,18.36
2015-09-28,41.11,42.99,43.43,40.30,27279,114360000,2.69,6.67,7.77,10.91
2015-09-29,41.70,43.56,44.21,41.00,29385,124750000,0.57,1.33,7.47,11.75
2015-09-30,44.09,43.34,44.80,42.58,26075,114070000,-0.22,-0.51,5.10,10.43
2015-10-08,45.00,46.22,46.50,43.34,37098,168390000,2.88,6.65,7.29,14.84
2015-10-09,23.25,23.56,25.39,23.00,60816,148030000,0.45,1.95,10.34,12.16
2015-10-12,22.70,25.01,25.80,22.20,142733,340060000,1.45,6.15,15.28,28.55
2015-10-13,24.27,24.55,24.80,24.00,85285,208540000,-0.46,-1.84,3.20,17.06
2015-10-14,24.45,23.56,24.90,23.47,65357,157380000,-0.99,-4.03,5.82,13.07
2015-10-15,23.40,24.33,24.49,23.01,60621,145390000,0.77,3.27,6.28,12.12
2015-10-16,24.49,25.44,25.86,24.49,96790,244110000,1.11,4.56,5.63,19.36
2015-10-19,25.52,25.01,25.70,24.40,76664,190740000,-0.43,-1.69,5.11,15.33
2015-10-20,25.15,25.82,25.97,24.81,76387,195210000,0.81,3.24,4.64,15.28
2015-10-21,25.70,23.24,25.83,23.24,80566,198150000,-2.58,-9.99,10.03,16.11
2015-10-22,23.60,24.23,24.35,23.07,47595,113630000,0.99,4.26,5.51,9.52
2015-10-23,24.54,25.25,25.56,24.00,66151,163320000,1.02,4.21,6.44,13.23
2015-10-26,25.60,27.64,27.70,25.23,107598,289280000,2.39,9.47,9.78,21.52
2015-10-27,27.30,27.06,27.30,25.20,82395,217800000,-0.58,-2.10,7.60,16.48
2015-10-28,27.07,26.75,27.86,26.15,64589,174640000,-0.31,-1.15,6.32,12.92
2015-10-29,27.02,27.29,27.80,26.39,64088,173410000,0.54,2.02,5.27,12.82
2015-10-30,27.10,26.48,27.10,26.00,47106,124900000,-0.81,-2.97,4.03,9.42
2015-11-02,25.80,25.67,27.36,23.83,44305,116230000,-0.81,-3.06,13.33,8.86
2015-11-03,25.66,26.89,27.28,25.11,63624,167600000,1.22,4.75,8.45,12.72
2015-11-04,26.98,28.48,28.88,26.70,86401,238390000,1.59,5.91,8.11,17.28
2015-11-05,28.20,27.60,29.54,27.56,68501,193510000,-0.88,-3.09,6.95,13.70
2015-11-06,27.60,28.70,29.55,27.60,72605,208270000,1.10,3.99,7.07,14.52
2015-11-09,28.70,30.93,31.57,28.31,105930,320050000,2.23,7.77,11.36,21.19
2015-11-10,30.01,30.35,30.93,29.70,94157,284540000,-0.58,-1.88,3.98,18.83
2015-11-11,30.73,32.14,33.00,30.20,102411,326730000,1.79,5.90,9.23,20.48
2015-11-12,32.50,34.43,34.99,32.39,103627,347690000,2.29,7.13,8.09,20.73
2015-11-13,34.01,31.73,34.10,31.51,102194,332150000,-2.70,-7.84,7.52,20.44
2015-11-16,31.20,33.36,33.75,30.22,73097,234800000,1.63,5.14,11.13,14.62
2015-11-17,34.97,32.10,35.00,31.92,78934,263990000,-1.26,-3.78,9.23,15.79
2015-11-18,32.15,31.99,33.25,31.49,57899,186920000,-0.11,-0.34,5.48,11.58
2015-11-19,32.48,34.13,34.80,32.12,86424,288860000,2.14,6.69,8.38,17.28
2015-11-20,35.00,34.09,35.15,33.13,92939,315990000,-0.04,-0.12,5.92,18.59
2015-11-23,34.00,32.47,34.00,31.95,78372,258520000,-1.62,-4.75,6.01,15.67
2015-11-24,32.47,33.36,33.50,32.03,55426,183200000,0.89,2.74,4.53,11.09
2015-11-25,33.44,33.39,33.50,32.33,65291,214700000,0.03,0.09,3.51,13.06
2015-11-26,33.25,32.59,33.55,32.50,50680,167160000,-0.80,-2.40,3.14,10.14
2015-11-27,32.00,29.57,32.40,29.40,54507,169000000,-3.02,-9.27,9.21,10.90
2015-11-30,29.56,31.61,31.65,29.00,62561,190240000,2.04,6.90,8.96,12.51
2015-12-01,31.52,32.30,32.80,30.39,63265,199510000,0.69,2.18,7.62,12.65
2015-12-02,31.70,30.52,32.30,29.60,36227,111650000,-1.78,-5.51,8.36,7.25
2015-12-03,30.70,30.97,31.47,30.35,30917,95850000,0.45,1.47,3.67,6.18
2015-12-04,30.90,30.81,31.49,30.49,35347,109600000,-0.16,-0.52,3.23,7.07
2015-12-07,30.80,30.62,30.96,30.36,27821,85100000,-0.19,-0.62,1.95,5.56
2015-12-08,30.55,29.49,30.55,29.30,36830,109460000,-1.13,-3.69,4.08,7.37
2015-12-09,29.27,28.85,29.60,28.70,30260,87830000,-0.64,-2.17,3.05,6.05
2015-12-10,28.84,29.15,30.13,28.83,29362,86540000,0.30,1.04,4.51,5.87
2015-12-11,29.16,29.23,29.55,28.90,15952,46560000,0.08,0.27,2.23,3.19
2015-12-14,29.30,30.09,30.18,29.20,25983,77240000,0.86,2.94,3.35,5.20
2015-12-15,30.12,30.01,30.80,29.95,26288,79630000,-0.08,-0.27,2.82,5.26
2015-12-16,30.11,30.50,30.77,30.05,28052,85550000,0.49,1.63,2.40,5.61
2015-12-17,30.70,31.15,31.45,30.70,43835,136070000,0.65,2.13,2.46,8.77
2015-12-18,31.15,31.40,32.27,31.15,48319,152590000,0.25,0.80,3.60,9.66
2015-12-21,31.30,31.31,31.86,30.80,30933,96680000,-0.09,-0.29,3.38,6.19
2015-12-22,31.31,32.72,32.99,31.18,53853,172150000,1.41,4.50,5.78,10.77
2015-12-23,32.69,31.66,32.70,31.56,46338,148240000,-1.06,-3.24,3.48,9.27
2015-12-24,31.30,31.05,31.62,30.48,24343,75190000,-0.61,-1.93,3.60,4.87
2015-12-25,31.09,32.11,32.15,30.91,38624,122040000,1.06,3.41,3.99,7.72
2015-12-28,32.27,33.31,34.88,32.20,97933,330010000,1.20,3.74,8.35,19.59
2015-12-29,33.39,36.13,36.64,32.10,119441,417970000,2.82,8.47,13.63,23.89
2015-12-30,36.41,39.74,39.74,35.77,137596,527350000,3.61,9.99,10.99,27.52
2015-12-31,38.99,37.42,39.33,36.80,97728,373120000,-2.32,-5.84,6.37,19.55
2016-01-04,37.55,34.85,38.54,34.50,57000,207670000,-2.57,-6.87,10.80,11.40
2016-01-05,33.88,37.13,37.50,33.80,84724,305500000,2.28,6.54,10.62,16.94
2016-01-06,36.53,40.84,40.84,36.00,117956,463710000,3.71,9.99,13.04,23.59
2016-01-07,40.00,36.76,40.26,36.76,25044,96240000,-4.08,-9.99,8.57,5.01
2016-01-08,38.60,35.21,38.68,33.37,123979,455160000,-1.55,-4.22,14.45,24.80
2016-01-11,33.00,31.69,34.58,31.69,76605,250260000,-3.52,-10.00,8.21,15.32
2016-01-12,31.90,30.12,32.00,29.88,39537,121290000,-1.57,-4.95,6.69,7.91
2016-01-13,30.35,28.56,31.00,28.45,32511,97720000,-1.56,-5.18,8.47,6.50
2016-01-14,27.66,30.23,30.56,27.20,38049,111460000,1.67,5.85,11.76,7.61
2016-01-15,30.23,27.54,30.23,27.28,41494,119250000,-2.69,-8.90,9.76,8.30
2016-01-18,27.68,29.04,30.00,27.00,38066,108110000,1.50,5.45,10.89,7.61
2016-01-19,29.40,30.82,31.30,28.80,34827,104340000,1.78,6.13,8.61,6.97
2016-01-20,30.30,31.82,32.49,30.20,44464,140870000,1.00,3.24,7.43,8.89
2016-01-21,31.15,29.72,32.90,29.70,41531,130140000,-2.10,-6.60,10.06,8.31
2016-01-22,30.58,30.36,30.76,29.00,27132,81270000,0.64,2.15,5.92,5.43
2016-01-25,30.37,30.97,31.79,30.37,24038,74860000,0.61,2.01,4.68,4.81
2016-01-26,30.49,27.87,30.62,27.87,28017,81680000,-3.10,-10.01,8.88,5.60
2016-01-27,27.86,26.47,27.87,25.10,34871,91590000,-1.40,-5.02,9.94,6.97
2016-01-28,25.98,23.85,26.46,23.82,27012,67090000,-2.62,-9.90,9.97,5.40
2016-01-29,23.74,24.80,25.29,23.72,25288,62540000,0.95,3.98,6.58,5.06
2016-02-01,25.00,24.12,25.47,23.65,22474,55250000,-0.68,-2.74,7.34,4.49
2016-02-02,24.30,25.59,25.96,24.30,26700,67770000,1.47,6.09,6.88,5.34
2016-02-03,25.10,25.75,25.85,24.49,25702,65150000,0.16,0.63,5.31,5.14
2016-02-04,25.75,26.38,27.20,25.75,21467,57130000,0.63,2.45,5.63,4.29
2016-02-05,26.40,26.45,27.10,26.11,17714,46930000,0.07,0.27,3.75,3.54
2016-02-15,25.21,26.16,26.26,25.00,12704,32730000,-0.29,-1.10,4.76,2.54
2016-02-16,26.16,27.53,27.68,26.16,25729,69820000,1.37,5.24,5.81,5.15
2016-02-17,27.29,27.60,27.69,26.80,26097,71170000,0.07,0.25,3.23,5.22
2016-02-18,27.63,27.18,27.90,26.88,23816,65020000,-0.42,-1.52,3.70,4.76
2016-02-19,26.84,27.04,27.29,26.60,17343,46630000,-0.14,-0.52,2.54,3.47
2016-02-22,27.46,27.89,27.95,27.12,27799,76590000,0.85,3.14,3.07,5.56
2016-02-23,28.10,27.99,28.48,27.40,29603,82950000,0.10,0.36,3.87,5.92
2016-02-24,27.67,27.51,28.25,26.77,24713,67680000,-0.48,-1.71,5.29,4.94
2016-02-25,27.49,24.76,27.49,24.76,31711,81650000,-2.75,-10.00,9.92,6.34
2016-02-26,24.90,24.68,25.50,24.21,18031,44730000,-0.08,-0.32,5.21,3.61
2016-02-29,24.37,22.43,24.60,22.31,21567,49210000,-2.25,-9.12,9.28,4.31
2016-03-01,22.70,23.35,23.85,21.70,19832,45140000,0.92,4.10,9.59,3.97
2016-03-02,23.02,24.29,24.65,22.88,26174,62410000,0.94,4.03,7.58,5.23
2016-03-03,24.15,23.87,24.65,23.75,28513,69040000,-0.42,-1.73,3.71,5.70
2016-03-04,23.55,22.39,23.81,22.00,25174,57420000,-1.48,-6.20,7.58,5.03
2016-03-07,23.20,23.14,23.49,22.66,13765,31840000,0.75,3.35,3.71,2.75
2016-03-08,23.00,23.35,23.50,22.00,17275,39350000,0.21,0.91,6.48,3.46
2016-03-09,23.60,25.69,25.69,23.41,40245,101390000,2.34,10.02,9.76,8.05
2016-03-10,27.00,26.39,27.97,25.80,92226,248990000,0.70,2.72,8.45,18.45
2016-03-11,25.36,24.68,25.57,24.03,52360,130630000,-1.71,-6.48,5.84,10.47
2016-03-14,24.99,25.64,26.18,24.88,51494,132320000,0.96,3.89,5.27,10.30
2016-03-15,24.65,24.89,25.38,24.65,34368,85920000,-0.75,-2.93,2.85,6.87
2016-03-16,25.28,24.36,25.36,23.76,40925,101170000,-0.53,-2.13,6.43,8.18
2016-03-17,24.51,25.46,25.50,24.32,45609,114600000,1.10,4.52,4.84,9.12
2016-03-18,25.52,26.49,27.25,25.33,55568,146210000,1.03,4.05,7.54,11.11
2016-03-21,27.05,29.14,29.14,26.51,61786,169120000,2.65,10.00,9.93,12.36
2016-03-22,30.15,29.66,32.05,29.20,127939,390910000,0.52,1.78,9.78,25.59
2016-03-23,28.70,29.37,29.61,28.63,78611,228240000,-0.29,-0.98,3.30,15.72
2016-03-24,28.85,29.29,30.78,28.50,76599,228070000,-0.08,-0.27,7.76,15.32
2016-03-25,29.00,30.87,32.20,28.80,69749,210790000,1.58,5.39,11.61,13.95
2016-03-28,30.86,29.75,31.57,29.53,53483,163100000,-1.12,-3.63,6.61,10.70
2016-03-29,29.85,30.35,31.00,29.00,53423,160630000,0.60,2.02,6.72,10.68
2016-03-30,30.78,31.77,31.85,30.27,63223,197440000,1.42,4.68,5.21,12.64
2016-03-31,32.70,31.19,32.98,31.08,61279,194480000,-0.58,-1.83,5.98,12.26
2016-04-01,31.30,30.98,32.16,30.61,39871,124760000,-0.21,-0.67,4.97,7.97
2016-04-05,30.51,31.77,32.18,30.40,50539,160320000,0.79,2.55,5.75,10.11
2016-04-06,31.78,31.92,33.00,31.50,55851,180390000,0.15,0.47,4.72,11.17
2016-04-07,31.95,31.34,32.49,30.94,48275,153090000,-0.58,-1.82,4.86,9.65
2016-04-08,30.51,30.58,31.10,29.80,38783,118140000,-0.76,-2.43,4.15,7.76
2016-04-22,29.99,28.65,29.99,27.96,38272,109290000,-1.93,-6.31,6.64,7.65
2016-04-25,28.50,28.67,28.86,27.91,17971,51070000,0.02,0.07,3.32,3.59
2016-04-26,28.79,28.99,29.21,28.20,17387,49930000,0.32,1.12,3.52,3.48
2016-04-27,29.00,28.43,29.10,28.40,16485,47370000,-0.56,-1.93,2.41,3.30
2016-04-28,28.60,28.64,28.66,27.63,18912,53320000,0.21,0.74,3.62,3.78
2016-04-29,28.35,30.57,31.50,28.03,30893,90820000,1.93,6.74,12.12,6.18
2016-05-03,30.25,31.13,31.46,29.81,36679,112850000,0.56,1.83,5.40,7.34
2016-05-04,31.08,30.87,31.31,30.68,29501,91360000,-0.26,-0.84,2.02,5.90
2016-05-05,30.81,32.28,32.50,30.63,55961,178520000,1.41,4.57,6.06,11.19
2016-05-06,32.53,30.98,32.80,30.88,65469,209030000,-1.30,-4.03,5.95,13.09
2016-05-09,30.52,28.30,30.60,28.10,38457,112280000,-2.68,-8.65,8.07,7.69
2016-05-10,28.88,30.15,31.13,28.82,45606,136760000,1.85,6.54,8.16,9.12
2016-05-11,29.73,29.21,30.45,28.70,34468,102000000,-0.94,-3.12,5.80,6.89
2016-05-12,28.45,29.65,29.77,27.20,26162,74780000,0.44,1.51,8.80,5.23
2016-05-13,29.66,31.45,32.12,29.65,64529,200760000,1.80,6.07,8.33,12.91
2016-05-16,16.00,16.12,17.19,15.41,108519,175350000,0.43,2.74,11.34,10.85
2016-05-17,15.50,15.57,15.95,15.21,144401,225180000,-0.55,-3.41,4.59,14.44
2016-05-18,15.39,14.13,15.39,14.01,114912,166810000,-1.44,-9.25,8.86,11.49
2016-05-19,13.91,14.07,14.50,13.80,74244,105480000,-0.06,-0.42,4.95,7.42
2016-05-20,14.00,14.93,14.99,13.56,100469,143810000,0.86,6.11,10.16,10.05
2016-05-23,14.77,15.58,15.70,14.75,123228,186510000,0.65,4.35,6.36,12.32
2016-05-24,15.29,14.99,15.49,14.85,76583,115580000,-0.59,-3.79,4.11,7.66
2016-05-25,15.21,16.49,16.49,15.02,226429,358440000,1.50,10.01,9.81,22.64
2016-05-26,16.50,16.93,17.01,15.66,265609,434980000,0.44,2.67,8.19,26.56
2016-05-27,16.49,16.39,17.30,16.21,240913,402450000,-0.54,-3.19,6.44,24.09
2016-05-30,16.00,15.92,16.24,15.51,112178,178530000,-0.47,-2.87,4.45,7.28
2016-05-31,15.99,16.81,16.86,15.92,165069,271970000,0.89,5.59,5.90,10.72
2016-06-01,16.88,16.92,17.38,16.75,190986,325620000,0.11,0.65,3.75,12.40
2016-06-02,17.00,17.92,18.32,16.60,226693,396950000,1.00,5.91,10.17,14.72
2016-06-03,17.51,17.41,17.82,17.28,158645,278350000,-0.51,-2.85,3.01,10.30
2016-06-06,17.42,17.51,17.97,17.30,121866,214000000,0.10,0.57,3.85,7.91
2016-06-07,17.50,18.24,18.35,17.28,192931,344370000,0.73,4.17,6.11,12.53
2016-06-08,18.32,17.64,18.52,17.36,184210,329520000,-0.60,-3.29,6.36,11.96
2016-06-13,16.99,15.88,17.19,15.88,149110,246880000,-1.76,-9.98,7.43,9.68
2016-06-14,15.60,15.60,16.09,15.15,93641,146220000,-0.28,-1.76,5.92,6.08
2016-06-15,15.66,16.36,16.52,15.40,113992,184520000,0.76,4.87,7.18,7.40
2016-06-16,16.38,16.74,16.96,16.00,141819,233540000,0.38,2.32,5.87,9.21
2016-06-17,16.60,16.51,16.92,16.25,102061,169790000,-0.23,-1.37,4.00,6.63
2016-06-20,16.41,16.95,17.10,16.33,114477,191910000,0.44,2.67,4.66,7.43
2016-06-21,17.03,16.31,17.16,16.10,114101,189860000,-0.64,-3.78,6.25,7.41
2016-06-22,16.49,16.53,16.54,16.05,65766,107570000,0.22,1.35,3.00,4.27
2016-06-23,16.66,17.28,17.74,16.46,209619,361260000,0.75,4.54,7.74,13.61
2016-06-24,17.00,16.67,17.15,15.80,168229,281790000,-0.61,-3.53,7.81,10.92
2016-06-27,16.35,17.03,17.13,16.23,118002,199550000,0.36,2.16,5.40,7.66
2016-06-28,16.99,17.27,17.57,16.89,178263,308420000,0.24,1.41,3.99,11.58
2016-06-29,17.49,17.45,17.75,17.01,189705,330190000,0.18,1.04,4.28,12.32
2016-06-30,17.40,17.98,18.68,17.16,320307,573420000,0.53,3.04,8.71,20.80
2016-07-01,17.80,17.73,18.25,17.70,226982,407840000,-0.25,-1.39,3.06,14.74
2016-07-04,17.45,17.96,18.00,17.31,150390,266520000,0.23,1.30,3.89,9.77
2016-07-05,18.01,17.84,18.08,17.53,130520,231640000,-0.12,-0.67,3.06,8.48
2016-07-06,17.70,17.84,17.88,17.53,102815,181690000,0.00,0.00,1.96,6.68
2016-07-07,17.94,17.47,17.94,17.30,108674,190700000,-0.37,-2.07,3.59,7.06
2016-07-08,17.51,17.32,17.58,17.31,62765,109550000,-0.15,-0.86,1.55,4.08
2016-07-11,17.26,17.13,17.56,17.11,68505,118410000,-0.19,-1.10,2.60,4.45
2016-07-12,17.20,17.20,17.35,16.50,84632,144000000,0.07,0.41,4.96,5.50
2016-07-13,17.18,17.44,17.58,17.18,98262,171380000,0.24,1.40,2.33,6.38
2016-07-14,17.29,17.27,17.50,17.10,60018,103750000,-0.17,-0.97,2.29,3.90
2016-07-15,17.33,17.62,17.74,17.32,112240,196980000,0.35,2.03,2.43,7.29
2016-07-18,17.53,17.18,17.53,17.08,67357,116310000,-0.44,-2.50,2.55,4.37
2016-07-19,17.18,17.29,17.34,16.98,54902,94160000,0.11,0.64,2.10,3.57
2016-07-20,17.35,17.46,17.68,17.15,83027,145010000,0.17,0.98,3.07,5.39
2016-07-21,17.41,17.21,17.54,17.17,64212,111300000,-0.25,-1.43,2.12,4.17
2016-07-22,17.23,16.86,17.28,16.82,56195,95400000,-0.35,-2.03,2.67,3.65
2016-07-25,16.78,16.83,16.99,16.70,32807,55240000,-0.03,-0.18,1.72,2.13
2016-07-26,16.92,17.03,17.14,16.82,35821,60800000,0.20,1.19,1.90,2.33
2016-07-27,17.02,15.62,17.02,15.40,110821,178340000,-1.41,-8.28,9.51,7.20
2016-07-28,15.68,15.39,15.69,14.81,75181,114750000,-0.23,-1.47,5.63,4.88
2016-07-29,15.31,15.11,15.42,15.03,32015,48620000,-0.28,-1.82,2.53,2.08
2016-08-01,15.20,14.53,15.20,14.49,57012,83350000,-0.58,-3.84,4.70,3.70
2016-08-02,14.54,14.79,14.81,14.54,27902,41060000,0.26,1.79,1.86,1.81
2016-08-03,14.78,15.02,15.12,14.62,46981,69980000,0.23,1.56,3.38,3.05
2016-08-04,15.05,14.97,15.05,14.65,33850,50320000,-0.05,-0.33,2.66,2.20
2016-08-05,14.98,14.86,14.98,14.75,29926,44400000,-0.11,-0.73,1.54,1.94
2016-08-08,14.89,14.99,15.00,14.58,31326,46390000,0.13,0.87,2.83,2.03
2016-08-09,15.09,15.15,15.30,15.00,41035,62270000,0.16,1.07,2.00,2.66
2016-08-10,15.13,15.16,15.29,15.10,38288,58160000,0.01,0.07,1.25,2.49
2016-08-11,14.86,14.76,15.17,14.70,43623,64750000,-0.40,-2.64,3.10,2.83
2016-08-12,14.73,15.01,15.04,14.70,35121,52210000,0.25,1.69,2.30,2.28
2016-08-15,15.07,15.32,15.47,14.80,56487,85630000,0.31,2.07,4.46,3.67
2016-08-16,15.35,15.31,15.45,15.22,40899,62700000,-0.01,-0.07,1.50,2.66
2016-08-17,15.32,15.68,15.69,15.21,64684,99920000,0.37,2.42,3.14,4.20
2016-08-18,15.70,15.49,15.79,15.47,45660,70990000,-0.19,-1.21,2.04,2.96
2016-08-19,15.47,15.28,15.49,15.20,45560,69720000,-0.21,-1.36,1.87,2.96
2016-08-22,15.30,15.08,15.41,15.07,31730,48300000,-0.20,-1.31,2.23,2.06
2016-08-23,15.10,15.24,15.30,14.99,29630,45000000,0.16,1.06,2.06,1.92
2016-08-24,15.30,15.54,15.69,15.15,64073,99360000,0.30,1.97,3.54,4.16
2016-08-25,15.41,15.22,15.41,15.01,56989,86300000,-0.32,-2.06,2.57,3.70
2016-08-26,15.26,15.33,15.58,15.23,53250,82190000,0.11,0.72,2.30,3.46
2016-08-29,15.21,15.29,15.46,15.17,28222,43240000,-0.04,-0.26,1.89,1.83
2016-08-30,15.33,15.62,15.85,15.22,102484,160610000,0.33,2.16,4.12,6.65
2016-08-31,15.51,15.69,15.72,15.36,52044,80760000,0.07,0.45,2.30,3.38
2016-09-01,15.65,15.32,15.70,15.30,41497,64410000,-0.37,-2.36,2.55,2.69
2016-09-02,15.32,15.24,15.49,15.08,32064,49080000,-0.08,-0.52,2.68,2.08
2016-09-05,15.30,15.22,15.38,15.14,27176,41410000,-0.02,-0.13,1.57,1.76
2016-09-06,15.30,15.38,15.38,15.00,34450,52340000,0.16,1.05,2.50,2.24
2016-09-07,15.37,15.50,15.56,15.31,42573,65890000,0.12,0.78,1.63,2.76
2016-09-08,15.62,15.52,15.68,15.41,31432,48790000,0.02,0.13,1.74,2.04
2016-09-09,15.51,15.28,15.58,15.28,29777,45810000,-0.24,-1.55,1.93,1.93
2016-09-12,15.05,15.00,15.20,14.91,30490,45830000,-0.28,-1.83,1.90,1.98
2016-09-13,15.04,15.13,15.25,14.91,24207,36460000,0.13,0.87,2.27,1.57
2016-09-14,15.06,15.03,15.14,15.00,18207,27400000,-0.10,-0.66,0.93,1.18
2016-09-19,15.07,15.11,15.19,15.01,15468,23370000,0.08,0.53,1.20,1.00
2016-09-20,15.11,14.98,15.11,14.93,27249,40840000,-0.13,-0.86,1.19,1.77
2016-09-21,14.88,14.93,15.04,14.88,18269,27360000,-0.05,-0.33,1.07,1.19
2016-09-22,15.04,14.94,15.07,14.93,18288,27420000,0.01,0.07,0.94,1.19
2016-09-23,14.94,14.87,15.01,14.87,18937,28280000,-0.07,-0.47,0.94,1.23
2016-09-26,14.90,14.82,14.94,14.79,21842,32470000,-0.05,-0.34,1.01,1.42
2016-09-27,14.80,14.99,15.02,14.71,19354,28720000,0.17,1.15,2.09,1.26
2016-09-28,15.00,14.84,15.05,14.80,15048,22340000,-0.15,-1.00,1.67,0.98
2016-09-29,14.86,14.86,15.00,14.84,12823,19130000,0.02,0.13,1.08,0.83
2016-09-30,14.90,15.10,15.15,14.86,24884,37400000,0.24,1.62,1.95,1.62
2016-10-10,15.15,15.26,15.31,15.14,29998,45700000,0.16,1.06,1.13,1.95
2016-10-11,15.35,15.37,15.60,15.34,84605,130720000,0.11,0.72,1.70,5.49
2016-10-12,15.39,15.40,15.54,15.31,35674,54950000,0.03,0.20,1.50,2.32
2016-10-13,15.40,15.35,15.60,15.31,38080,58680000,-0.05,-0.32,1.88,2.47
2016-10-14,15.26,15.16,15.30,15.04,31150,47150000,-0.19,-1.24,1.69,2.02
2016-10-17,15.21,15.07,15.24,15.03,25553,38700000,-0.09,-0.59,1.39,1.66
2016-10-18,15.04,15.19,15.20,15.04,26042,39430000,0.12,0.80,1.06,1.69
2016-10-19,15.24,15.10,15.31,15.05,34179,51760000,-0.09,-0.59,1.71,2.22
2016-10-20,15.10,15.58,15.62,15.05,91443,141030000,0.48,3.18,3.77,5.94
2016-10-21,15.46,15.30,15.55,15.19,56366,86520000,-0.28,-1.80,2.31,3.66
2016-10-24,15.29,15.36,15.48,15.23,43205,66460000,0.06,0.39,1.63,2.81
2016-10-25,15.43,15.34,15.48,15.25,31376,48160000,-0.02,-0.13,1.50,2.04
2016-10-26,15.34,15.23,15.39,15.22,32422,49540000,-0.11,-0.72,1.11,2.11
2016-10-27,15.25,15.26,15.42,15.17,32205,49220000,0.03,0.20,1.64,2.09
2016-10-28,15.27,15.33,15.36,15.22,32332,49450000,0.07,0.46,0.92,2.10
2016-10-31,15.33,15.30,15.33,15.06,27712,42100000,-0.03,-0.20,1.76,1.80
2016-11-01,15.35,15.43,15.54,15.25,63901,98590000,0.13,0.85,1.90,4.15
2016-11-02,15.43,15.90,16.35,15.33,194085,308350000,0.47,3.05,6.61,12.60
2016-11-03,15.69,15.80,16.06,15.64,103841,164540000,-0.10,-0.63,2.64,6.74
2016-11-04,15.76,16.28,16.37,15.75,162722,262540000,0.48,3.04,3.92,10.57
2016-11-07,16.46,16.11,16.47,16.00,103411,166880000,-0.17,-1.04,2.89,6.72
2016-11-08,16.28,16.00,16.28,15.87,81100,129820000,-0.11,-0.68,2.55,5.27
2016-11-09,15.94,15.84,16.17,15.61,79859,126670000,-0.16,-1.00,3.50,5.19
2016-11-10,15.93,16.16,16.28,15.85,115154,185160000,0.32,2.02,2.71,7.48
2016-11-11,16.16,15.85,16.18,15.76,90721,144320000,-0.31,-1.92,2.60,5.89
2016-11-14,15.81,15.86,15.98,15.70,62189,98570000,0.01,0.06,1.77,4.04
2016-11-15,15.85,16.27,16.35,15.75,110415,177280000,0.41,2.59,3.78,7.17
2016-11-16,16.25,16.16,16.57,16.11,125268,205330000,-0.11,-0.68,2.83,8.13
2016-11-17,16.10,15.99,16.18,15.80,63598,101410000,-0.17,-1.05,2.35,4.13
2016-11-18,16.00,15.89,16.34,15.83,71732,115190000,-0.10,-0.63,3.19,4.66
2016-11-21,15.85,16.18,16.25,15.73,82088,131150000,0.29,1.83,3.27,5.33
2016-11-22,16.16,16.31,16.32,16.03,91712,148520000,0.13,0.80,1.79,5.96
2016-11-23,16.33,16.05,16.49,15.95,71041,114710000,-0.26,-1.59,3.31,4.61
2016-11-24,16.14,17.66,17.66,16.05,280983,481020000,1.61,10.03,10.03,18.25
2016-11-25,18.10,17.64,18.10,16.93,397708,698630000,-0.02,-0.11,6.63,25.83
2016-11-28,17.40,16.87,17.49,16.82,225578,385340000,-0.77,-4.37,3.80,14.65
2016-11-29,16.68,16.27,17.15,16.24,177803,295790000,-0.60,-3.56,5.39,11.55
2016-11-30,16.27,16.43,16.53,15.91,113358,184380000,0.16,0.98,3.81,7.36
2016-12-01,16.30,16.22,16.37,16.02,100323,162440000,-0.21,-1.28,2.13,6.51
2016-12-02,16.15,15.51,16.28,15.50,114242,180510000,-0.71,-4.38,4.81,7.42
2016-12-05,15.31,15.60,15.62,15.18,52749,81280000,0.09,0.58,2.84,3.43
2016-12-06,15.64,15.55,15.77,15.53,41489,64870000,-0.05,-0.32,1.54,2.69
2016-12-07,15.58,15.71,15.72,15.32,46460,72350000,0.16,1.03,2.57,3.02
2016-12-08,15.78,15.39,15.78,15.33,47684,74210000,-0.32,-2.04,2.86,3.10
2016-12-09,15.34,15.23,15.45,15.20,43901,67160000,-0.16,-1.04,1.62,2.85
2016-12-12,15.20,14.18,15.38,14.02,84833,124950000,-1.05,-6.89,8.93,5.51
2016-12-13,14.15,14.36,14.44,14.05,43001,61350000,0.18,1.27,2.75,2.79
2016-12-14,14.34,14.05,14.34,13.94,40450,57200000,-0.31,-2.16,2.79,2.63
2016-12-15,14.05,14.24,14.41,14.00,34788,49630000,0.19,1.35,2.92,2.26
2016-12-16,14.27,14.45,14.54,14.25,37110,53510000,0.21,1.47,2.04,2.41
2016-12-19,14.50,14.38,14.56,14.31,22667,32570000,-0.07,-0.48,1.73,1.47
2016-12-20,14.42,14.41,14.53,14.31,23167,33360000,0.03,0.21,1.53,1.50
2016-12-21,14.46,14.62,14.65,14.42,35391,51570000,0.21,1.46,1.60,2.30
2016-12-22,14.65,14.66,14.78,14.52,30189,44200000,0.04,0.27,1.78,1.96
2016-12-23,14.73,14.26,14.74,14.25,32072,46190000,-0.40,-2.73,3.34,2.08
2016-12-26,14.20,14.42,14.46,13.97,32202,45610000,0.16,1.12,3.44,2.09
2016-12-27,14.41,14.34,14.47,14.32,20329,29210000,-0.08,-0.55,1.04,1.32
2016-12-28,14.36,14.19,14.40,14.15,22316,31830000,-0.15,-1.05,1.74,1.45
2016-12-29,14.24,14.14,14.32,14.11,21637,30770000,-0.05,-0.35,1.48,1.41
2016-12-30,14.16,14.19,14.29,14.08,22429,31780000,0.05,0.35,1.49,1.46
2017-01-03,14.21,14.39,14.45,14.21,28652,41160000,0.20,1.41,1.69,1.86
2017-01-04,14.45,14.61,14.63,14.38,35891,52160000,0.22,1.53,1.74,2.33
2017-01-05,14.60,14.65,14.71,14.47,40373,58920000,0.04,0.27,1.64,2.62
2017-01-06,14.61,14.54,14.88,14.43,39457,57600000,-0.11,-0.75,3.07,2.56
2017-01-09,14.42,14.70,14.81,14.42,37134,54570000,0.16,1.10,2.68,2.41
2017-01-10,14.68,14.64,14.72,14.50,24098,35220000,-0.06,-0.41,1.50,1.56
2017-01-11,14.54,14.48,14.74,14.47,22011,32060000,-0.16,-1.09,1.84,1.43
2017-01-12,14.44,14.38,14.57,14.37,21054,30480000,-0.10,-0.69,1.38,1.37
2017-01-13,14.38,13.92,14.45,13.90,31420,44360000,-0.46,-3.20,3.82,2.04
2017-01-16,14.00,13.10,14.00,12.55,43185,57470000,-0.82,-5.89,10.42,2.80
2017-01-17,13.10,13.25,13.33,12.73,27498,35890000,0.15,1.15,4.58,1.79
2017-01-18,13.19,13.16,13.34,13.03,15981,21100000,-0.09,-0.68,2.34,1.04
2017-01-19,13.15,13.09,13.28,13.01,15856,20830000,-0.07,-0.53,2.05,1.03
2017-01-20,13.09,13.37,13.45,13.06,18362,24490000,0.28,2.14,2.98,1.19
2017-01-23,13.39,13.60,13.64,13.39,18822,25520000,0.23,1.72,1.87,1.22
2017-01-24,13.69,13.56,13.69,13.50,11815,16020000,-0.04,-0.29,1.40,0.77
2017-01-25,13.51,13.81,13.90,13.41,23327,32130000,0.25,1.84,3.61,1.51
2017-01-26,13.85,13.84,13.88,13.76,10363,14320000,0.03,0.22,0.87,0.67
2017-02-03,13.83,13.71,13.86,13.59,11591,15860000,-0.13,-0.94,1.95,0.75
2017-02-06,13.66,13.79,13.85,13.63,12901,17750000,0.08,0.58,1.60,0.84
2017-02-07,13.70,13.78,13.83,13.61,14117,19369400,-0.01,-0.07,1.595,0.92
2017-02-08,13.80,14.26,14.50,13.65,38983,54982000,0.48,3.48,6.168,2.53
2017-02-09,14.13,14.22,14.36,14.12,22995,32762200,-0.04,-0.28,1.683,1.49
2017-02-10,14.22,14.23,14.38,14.16,22112,31571700,0.01,0.07,1.547,1.44
2017-02-13,14.23,14.48,14.61,14.22,34358,49659500,0.25,1.76,2.741,2.23
2017-02-14,14.50,14.29,14.60,14.26,21792,31261600,-0.19,-1.31,2.348,1.42
2017-02-15,14.32,14.06,14.37,14.05,26050,36925000,-0.23,-1.61,2.239,1.69
2017-02-16,14.07,14.18,14.19,14.00,15075,21291700,0.12,0.85,1.351,0.98
2017-02-17,14.17,13.97,14.27,13.95,24410,34408700,-0.21,-1.48,2.257,1.59
2017-02-20,13.97,14.15,14.16,13.91,13593,19120800,0.18,1.29,1.79,0.88
2017-02-21,14.13,14.38,14.47,14.09,33446,47756800,0.23,1.63,2.69,2.17
2017-02-22,14.42,14.27,14.42,14.17,22234,31723400,-0.11,-0.76,1.74,1.44
2017-02-23,14.25,14.35,14.35,14.21,21195,30291800,0.08,0.56,0.98,1.38
2017-02-24,14.38,14.43,14.48,14.31,22462,32342300,0.08,0.56,1.19,1.46
2017-02-27,14.45,14.28,14.55,14.25,26357,37908400,-0.15,-1.04,2.08,1.71
2017-02-28,14.28,14.33,14.40,14.21,17144,24535500,0.05,0.35,1.33,1.11
2017-03-01,14.32,14.50,14.78,14.25,41591,60472700,0.17,1.19,3.70,2.70
2017-03-02,14.50,14.42,14.59,14.39,22673,32825800,-0.08,-0.55,1.38,1.47
2017-03-03,14.41,14.40,14.46,14.20,18573,26637400,-0.02,-0.14,1.80,1.21
2017-03-06,14.52,15.13,15.17,14.52,93376,139694400,0.73,5.07,4.51,6.06
2017-03-07,15.17,15.11,15.33,14.92,80476,121734500,-0.02,-0.13,2.71,5.23
2017-03-08,15.00,14.86,15.13,14.77,54274,80648300,-0.25,-1.65,2.38,3.52
2017-03-09,14.85,14.89,15.06,14.64,52454,77960900,0.03,0.20,2.83,3.41
2017-03-10,14.75,14.74,14.85,14.71,28787,42503800,-0.15,-1.01,0.94,1.87
2017-03-13,14.74,14.82,14.89,14.66,46703,69029700,0.08,0.54,1.56,3.03
2017-03-14,14.78,15.35,15.38,14.69,129367,196307300,0.53,3.58,4.66,8.40
2017-03-15,15.12,15.04,15.34,14.94,75612,114196100,-0.31,-2.02,2.61,4.91
2017-03-16,15.05,15.31,15.35,15.02,69559,105914718,0.27,1.80,2.19,4.52
2017-03-17,15.35,15.52,15.89,15.25,172656,269848042,0.21,1.37,4.18,11.21
2017-03-20,15.43,15.41,15.64,15.15,81074,124311329,-0.11,-0.71,3.16,5.26
2017-03-21,15.45,15.53,15.62,15.25,62408,96490266,0.12,0.78,2.40,4.05
2017-03-22,15.32,15.29,15.49,15.19,54798,83800302,-0.24,-1.55,1.93,3.56
2017-03-23,15.25,15.16,15.51,14.95,69139,104458409,-0.13,-0.85,3.66,4.49
2017-03-24,15.16,14.96,15.21,14.82,53375,80016166,-0.20,-1.32,2.57,3.47
2017-03-27,14.95,15.15,15.27,14.79,60325,90412165,0.19,1.27,3.21,3.92
2017-03-28,15.10,14.87,15.10,14.82,29832,44637152,-0.28,-1.85,1.85,1.94
2017-03-29,14.94,14.84,14.98,14.58,32226,47607795,-0.03,-0.20,2.69,2.09
2017-03-30,14.81,14.39,14.81,14.20,42272,61224345,-0.45,-3.03,4.11,2.75
2017-03-31,14.35,14.20,14.59,14.12,29619,42482562,-0.19,-1.32,3.27,1.92
2017-04-05,14.18,14.48,14.59,14.12,28884,41715888,0.28,1.97,3.31,1.88
2017-04-06,14.44,14.38,14.53,14.32,28766,41414705,-0.10,-0.69,1.45,1.87
2017-04-07,14.38,14.37,14.46,14.32,20299,29204915,-0.01,-0.07,0.97,1.32
2017-04-10,14.37,13.84,14.42,13.72,45023,62936519,-0.53,-3.69,4.87,2.92
2017-04-11,13.80,14.05,14.08,13.75,26237,36513672,0.21,1.52,2.38,1.70
2017-04-12,14.03,13.79,14.03,13.76,21806,30213707,-0.26,-1.85,1.92,1.42
2017-04-13,13.89,13.79,13.94,13.75,14611,20225395,0.00,0.00,1.38,0.95
2017-04-14,13.79,13.48,13.79,13.44,30363,41156860,-0.31,-2.25,2.54,1.97
2017-04-17,13.45,13.55,13.61,13.37,15817,21361046,0.07,0.52,1.78,1.03
2017-04-18,13.55,13.35,13.57,13.33,14583,19592966,-0.20,-1.48,1.77,0.95
2017-04-19,13.28,13.12,13.37,12.92,25122,32813966,-0.23,-1.72,3.37,1.63
2017-04-20,13.18,13.12,13.26,12.93,17762,23204132,0.00,0.00,2.52,1.15
2017-04-21,13.17,13.12,13.32,13.06,18742,24677178,0.00,0.00,1.98,1.22
2017-04-24,13.11,12.94,13.25,12.89,16658,21714605,-0.18,-1.37,2.74,1.08
2017-04-25,12.86,12.75,13.05,12.74,22066,28413205,-0.19,-1.47,2.40,1.43
2017-04-26,12.79,12.67,12.84,12.63,19586,24958189,-0.08,-0.63,1.65,1.27
2017-04-27,12.67,12.72,12.77,12.27,26641,33383403,0.05,0.39,3.95,1.73
2017-04-28,12.72,12.88,12.88,12.62,19675,25108224,0.16,1.26,2.04,1.28
2017-05-02,12.89,12.84,12.90,12.72,16715,21432174,-0.04,-0.31,1.40,1.09
2017-05-03,12.76,12.96,13.03,12.70,25109,32308008,0.12,0.93,2.57,1.63
2017-05-04,12.94,13.00,13.06,12.87,18115,23549303,0.04,0.31,1.47,1.18
2017-05-05,13.00,12.68,13.01,12.67,15077,19392572,-0.32,-2.46,2.62,0.98
2017-05-08,12.69,12.56,12.79,12.30,13842,17429296,-0.12,-0.95,3.86,0.90
2017-05-09,12.52,12.63,12.65,12.31,13573,16866314,0.11,0.88,2.72,0.88
2017-05-10,12.60,12.27,12.67,12.27,14361,17870763,-0.36,-2.85,3.17,0.93
2017-05-11,12.20,11.97,12.20,11.51,25998,30912340,-0.30,-2.44,5.62,1.69
2017-05-12,11.97,11.63,12.09,11.61,17272,20409153,-0.34,-2.84,4.01,1.12
2017-05-15,11.63,11.71,11.77,11.61,10903,12777556,0.08,0.69,1.38,0.71
2017-05-16,11.72,12.07,12.15,11.55,19842,23523315,0.36,3.07,5.12,1.29
2017-05-17,12.10,12.16,12.22,12.00,14630,17764854,0.09,0.75,1.82,0.95
2017-05-18,12.09,12.23,12.46,11.96,20322,24986652,0.07,0.58,4.11,1.32
2017-05-19,12.16,12.22,12.33,12.16,8472,10347236,-0.01,-0.08,1.39,0.55
2017-05-22,12.21,11.94,12.21,11.87,11621,13977321,-0.28,-2.29,2.78,0.76
2017-05-23,12.02,11.64,12.02,11.56,11547,13616515,-0.30,-2.51,3.85,0.75
2017-05-24,11.61,11.72,11.78,11.40,11962,13827442,0.08,0.69,3.26,0.78
2017-05-25,11.77,11.74,11.82,11.48,14681,17087823,0.02,0.17,2.90,0.95
2017-05-26,11.74,11.80,11.90,11.67,10872,12799461,0.06,0.51,1.96,0.71
2017-05-31,12.28,11.99,12.58,11.96,38039,46654889,0.19,1.61,5.25,2.47
2017-06-01,11.90,11.90,12.26,11.83,28078,33763120,-0.09,-0.75,3.59,1.82
2017-06-02,11.90,12.06,12.09,11.50,26682,31386879,0.16,1.34,4.96,1.73
2017-06-05,12.06,12.10,12.17,11.99,17957,21700325,0.04,0.33,1.49,1.17
2017-06-06,12.12,12.02,12.13,11.98,11855,14289858,-0.08,-0.66,1.24,0.77
2017-06-07,11.99,12.33,12.37,11.99,30410,37236598,0.31,2.58,3.16,1.98
2017-06-08,12.28,12.20,12.41,12.20,14963,18383153,-0.13,-1.05,1.70,0.97
2017-06-09,12.20,12.28,12.30,12.13,11777,14381668,0.08,0.66,1.39,0.77
2017-06-12,12.26,11.72,12.26,11.69,18991,22799289,-0.56,-4.56,4.64,1.23
2017-06-13,11.71,11.94,12.03,11.70,14685,17439624,0.22,1.88,2.82,0.95
