日期,开盘,收盘,最高,最低,交易量(手),交易金额(元),涨跌额,涨跌幅(%),振幅(%),换手率(%)
2016-08-02,7.52,9.03,9.03,7.52,106695,95460000,2.76,44.02,24.08,0.92
2016-08-03,9.93,9.93,9.93,9.93,80270,79710000,0.90,9.97,0.00,0.70
2016-08-04,10.92,10.92,10.92,10.92,54761,59800000,0.99,9.97,0.00,0.47
2016-08-05,12.01,12.01,12.01,11.20,5469614,6432870000,1.09,9.98,7.42,47.38
2016-08-08,11.80,11.46,11.80,11.28,4064548,4670740000,-0.55,-4.58,4.33,35.21
2016-08-09,11.44,12.19,12.49,11.38,4727997,5584560000,0.73,6.37,9.69,40.95
2016-08-10,12.00,12.68,13.17,11.87,4381806,5435930000,0.49,4.02,10.66,37.96
2016-08-11,12.50,12.39,13.26,12.32,3634283,4626590000,-0.29,-2.29,7.41,31.48
2016-08-12,12.39,13.53,13.60,12.25,4045348,5222660000,1.14,9.20,10.90,35.04
2016-08-15,13.50,14.36,14.84,13.35,4546387,6350870000,0.83,6.13,11.01,39.38
2016-08-16,14.15,14.26,14.34,14.00,3111208,4400520000,-0.10,-0.70,2.37,26.95
2016-08-17,14.18,13.71,14.18,13.40,3045651,4193540000,-0.55,-3.86,5.47,26.38
2016-08-18,13.60,13.66,13.92,13.52,2071181,2833380000,-0.05,-0.36,2.92,17.94
2016-08-19,13.68,13.24,13.72,13.16,2031242,2705960000,-0.42,-3.07,4.10,17.59
2016-08-22,13.16,13.03,13.22,12.81,1602687,2085720000,-0.21,-1.59,3.10,13.88
2016-08-23,12.93,13.14,13.20,12.87,1552113,2023570000,0.11,0.84,2.53,13.44
2016-08-24,13.08,12.68,13.19,12.65,1722795,2219010000,-0.46,-3.50,4.11,14.92
2016-08-25,12.47,12.37,12.48,12.18,1425750,1759940000,-0.31,-2.44,2.37,12.35
2016-08-26,12.38,12.12,12.42,12.10,1174629,1441190000,-0.25,-2.02,2.59,10.17
2016-08-29,12.08,12.18,12.27,12.03,748149,909970000,0.06,0.50,1.98,6.48
2016-08-30,12.23,12.20,12.32,12.07,826425,1007220000,0.02,0.16,2.05,7.16
2016-08-31,12.23,12.38,12.65,12.09,1823037,2258230000,0.18,1.48,4.59,15.79
2016-09-01,12.30,12.01,12.33,11.99,1218159,1479900000,-0.37,-2.99,2.75,10.55
2016-09-02,11.90,11.81,11.98,11.74,943854,1119920000,-0.20,-1.67,2.00,8.18
2016-09-05,11.85,11.59,11.87,11.54,852996,998120000,-0.22,-1.86,2.79,7.39
2016-09-06,11.56,11.74,11.80,11.55,787036,919670000,0.15,1.29,2.16,6.82
2016-09-07,11.70,11.64,11.80,11.62,716304,836540000,-0.10,-0.85,1.53,6.20
2016-09-08,11.63,11.65,11.71,11.57,533484,620780000,0.01,0.09,1.20,4.62
2016-09-09,11.64,11.42,11.65,11.40,717560,826880000,-0.23,-1.97,2.15,6.22
2016-09-12,11.21,10.91,11.21,10.89,955649,1056020000,-0.51,-4.47,2.80,8.28
2016-09-13,10.99,11.05,11.19,10.92,735476,813750000,0.14,1.28,2.47,6.37
2016-09-14,10.97,10.89,11.00,10.84,454107,496160000,-0.16,-1.45,1.45,3.93
2016-09-19,10.89,11.00,11.08,10.89,417856,459940000,0.11,1.01,1.74,3.62
2016-09-20,10.98,11.01,11.15,10.91,489916,540220000,0.01,0.09,2.18,4.24
2016-09-21,10.98,10.96,11.00,10.92,370051,405390000,-0.05,-0.45,0.73,3.21
2016-09-22,11.01,10.93,11.05,10.91,499210,548010000,-0.03,-0.27,1.28,4.32
2016-09-23,10.94,10.66,10.95,10.65,675813,728750000,-0.27,-2.47,2.74,5.85
2016-09-26,10.60,10.13,10.61,10.11,891840,921770000,-0.53,-4.97,4.69,7.73
2016-09-27,10.07,10.18,10.20,10.02,526284,531110000,0.05,0.49,1.78,4.56
2016-09-28,10.14,10.04,10.15,10.01,397690,400130000,-0.14,-1.38,1.38,3.44
2016-09-29,10.07,10.05,10.13,10.03,363724,366750000,0.01,0.10,1.00,3.15
2016-09-30,10.01,10.00,10.04,9.96,364912,364660000,-0.05,-0.50,0.80,3.16
2016-10-10,10.03,10.17,10.19,9.98,545511,550970000,0.17,1.70,2.10,4.73
2016-10-11,10.18,10.19,10.26,10.14,478246,487360000,0.02,0.20,1.18,4.14
2016-10-12,10.17,10.13,10.20,10.09,371836,376970000,-0.06,-0.59,1.08,3.22
2016-10-13,10.15,10.07,10.17,10.06,378588,382250000,-0.06,-0.59,1.09,3.28
2016-10-14,10.07,10.20,10.22,10.04,670571,680870000,0.13,1.29,1.79,5.81
2016-10-17,10.20,10.02,10.20,10.00,523206,527690000,-0.18,-1.76,1.96,4.53
2016-10-18,10.00,10.17,10.18,9.98,600738,606180000,0.15,1.50,2.00,5.20
2016-10-19,10.18,10.12,10.18,10.06,429839,434920000,-0.05,-0.49,1.18,3.72
2016-10-20,10.11,10.08,10.13,10.02,352072,354870000,-0.04,-0.40,1.09,3.05
2016-10-21,10.06,10.13,10.18,10.03,467730,472530000,0.05,0.50,1.49,4.05
2016-10-24,10.15,10.43,10.57,10.09,1610456,1668950000,0.30,2.96,4.74,13.95
2016-10-25,10.38,10.40,10.45,10.33,668355,694390000,-0.03,-0.29,1.15,5.79
2016-10-26,10.39,10.25,10.39,10.19,693834,712510000,-0.15,-1.44,1.92,6.01
2016-10-27,10.25,10.19,10.26,10.16,365280,372320000,-0.06,-0.59,0.98,3.16
2016-10-28,10.19,10.35,10.74,10.19,1211451,1268740000,0.16,1.57,5.40,10.49
2016-10-31,10.30,10.39,10.45,10.19,694419,715650000,0.04,0.39,2.51,6.02
2016-11-01,10.33,10.38,10.43,10.26,478639,495600000,-0.01,-0.10,1.64,4.15
2016-11-02,10.34,10.20,10.36,10.19,584642,599430000,-0.18,-1.73,1.64,5.06
2016-11-03,10.16,10.21,10.28,10.13,492845,502720000,0.01,0.10,1.47,4.27
2016-11-04,10.20,10.15,10.24,10.13,428583,435910000,-0.06,-0.59,1.08,3.71
2016-11-07,10.15,10.13,10.17,10.09,322354,326260000,-0.02,-0.20,0.79,2.79
2016-11-08,10.16,10.37,10.55,10.12,902447,929520000,0.24,2.37,4.24,7.82
2016-11-09,10.32,10.16,10.35,10.11,737647,753520000,-0.21,-2.03,2.31,6.39
2016-11-10,10.22,10.44,10.55,10.21,1287017,1341450000,0.28,2.76,3.35,11.15
2016-11-11,10.46,10.53,10.62,10.36,1192556,1250790000,0.09,0.86,2.49,10.33
2016-11-14,10.46,10.72,10.84,10.43,1452966,1550960000,0.19,1.80,3.89,12.59
2016-11-15,10.63,10.60,10.69,10.53,635367,673060000,-0.12,-1.12,1.49,5.50
2016-11-16,10.60,10.54,10.65,10.52,445567,471030000,-0.06,-0.57,1.23,3.86
2016-11-17,10.50,10.51,10.54,10.42,420183,440290000,-0.03,-0.28,1.14,3.64
2016-11-18,10.49,10.39,10.51,10.37,444019,463400000,-0.12,-1.14,1.33,3.85
2016-11-21,10.38,10.44,10.53,10.36,516430,540490000,0.05,0.48,1.64,4.47
2016-11-22,10.46,10.59,10.60,10.44,748732,787960000,0.15,1.44,1.53,6.49
2016-11-23,10.61,10.75,10.99,10.56,1766201,1910720000,0.16,1.51,4.06,15.30
2016-11-24,10.70,11.11,11.16,10.67,1690298,1853150000,0.36,3.35,4.56,14.64
2016-11-25,11.09,11.12,11.27,10.92,989557,1098400000,0.01,0.09,3.15,8.57
2016-11-28,11.21,11.34,11.55,11.21,1411638,1612830000,0.22,1.98,3.06,12.23
2016-11-29,11.24,11.03,11.32,11.00,859018,958850000,-0.31,-2.73,2.82,7.44
2016-11-30,10.98,10.78,11.00,10.68,770952,833570000,-0.25,-2.27,2.90,6.68
2016-12-01,10.77,10.85,10.95,10.77,429351,466340000,0.07,0.65,1.67,3.72
2016-12-02,10.87,10.69,10.87,10.65,376450,403720000,-0.16,-1.47,2.03,3.26
2016-12-05,10.57,10.52,10.63,10.46,455637,479550000,-0.17,-1.59,1.59,3.95
2016-12-06,10.54,10.55,10.60,10.49,337025,355300000,0.03,0.29,1.05,2.92
2016-12-07,10.54,10.60,10.60,10.41,363470,381600000,0.05,0.47,1.80,3.15
2016-12-08,10.60,10.78,10.89,10.56,635050,683350000,0.18,1.70,3.11,5.50
2016-12-09,10.73,10.91,11.15,10.67,872863,959420000,0.13,1.21,4.45,7.56
2016-12-12,10.87,10.66,11.16,10.64,854525,929950000,-0.25,-2.29,4.77,7.40
2016-12-13,10.60,10.62,10.72,10.47,427474,451950000,-0.04,-0.38,2.35,3.70
2016-12-14,10.58,10.70,10.82,10.50,518985,555130000,0.08,0.75,3.01,4.50
2016-12-15,10.65,10.48,10.77,10.41,563706,592940000,-0.22,-2.06,3.36,4.88
2016-12-16,10.41,10.35,10.47,10.30,402450,417070000,-0.13,-1.24,1.62,3.49
2016-12-19,10.31,10.09,10.34,9.99,608411,616230000,-0.26,-2.51,3.38,5.27
2016-12-20,10.10,9.99,10.10,9.95,512735,512340000,-0.10,-0.99,1.49,4.44
2016-12-21,10.01,10.10,10.13,10.01,278204,280270000,0.11,1.10,1.20,2.41
2016-12-22,10.10,10.04,10.10,9.98,222390,222960000,-0.06,-0.59,1.19,1.93
2016-12-23,10.04,9.82,10.04,9.80,395046,391790000,-0.22,-2.19,2.39,3.42
2016-12-26,9.80,9.75,9.80,9.50,463864,445750000,-0.07,-0.71,3.06,4.02
2016-12-27,9.72,9.60,9.75,9.59,384907,371260000,-0.15,-1.54,1.64,3.33
2016-12-28,9.61,9.58,9.64,9.55,180013,172750000,-0.02,-0.21,0.94,1.56
2016-12-29,9.59,9.61,9.69,9.55,252194,242690000,0.03,0.31,1.46,2.18
2016-12-30,9.61,9.63,9.66,9.60,186057,179000000,0.02,0.21,0.62,1.61
2017-01-03,9.64,9.75,9.76,9.64,293717,285630000,0.12,1.25,1.25,2.54
2017-01-04,9.75,9.80,9.82,9.69,270386,263750000,0.05,0.51,1.33,2.34
2017-01-05,9.80,9.74,9.80,9.73,195946,191110000,-0.06,-0.61,0.71,1.70
2017-01-06,9.73,9.63,9.74,9.62,214133,206690000,-0.11,-1.13,1.23,1.85
2017-01-09,9.63,9.66,9.68,9.61,129731,125090000,0.03,0.31,0.73,1.12
2017-01-10,9.65,9.62,9.66,9.60,150975,145260000,-0.04,-0.41,0.62,1.31
2017-01-11,9.61,9.51,9.63,9.50,216860,207020000,-0.11,-1.14,1.35,1.88
2017-01-12,9.50,9.27,9.51,9.23,372177,348670000,-0.24,-2.52,2.94,3.22
2017-01-13,9.24,9.35,9.44,9.07,504468,464980000,0.08,0.86,3.99,4.37
2017-01-16,9.28,9.50,9.54,9.10,869621,814680000,0.15,1.60,4.71,7.53
2017-01-17,9.40,9.44,9.50,9.36,224968,212040000,-0.06,-0.63,1.47,1.95
2017-01-18,9.42,9.34,9.44,9.33,192685,180690000,-0.10,-1.06,1.17,1.67
2017-01-19,9.35,9.34,9.40,9.32,162770,152310000,0.00,0.00,0.86,1.41
2017-01-20,9.31,9.45,9.49,9.30,219808,207100000,0.11,1.18,2.03,1.90
2017-01-23,9.43,9.47,9.53,9.43,175718,166650000,0.02,0.21,1.06,1.52
2017-01-24,9.47,9.42,9.48,9.39,115526,108910000,-0.05,-0.53,0.95,1.00
2017-01-25,9.39,9.47,9.49,9.36,121557,115010000,0.05,0.53,1.38,1.05
2017-01-26,9.47,9.59,9.60,9.47,240324,229960000,0.12,1.27,1.37,2.08
2017-02-03,9.58,9.54,9.59,9.52,108887,103930000,-0.05,-0.52,0.73,0.94
2017-02-06,9.55,9.60,9.60,9.51,146057,139770000,0.06,0.63,0.94,1.27
2017-02-07,9.57,9.51,9.60,9.48,148159,141161200,-0.09,-0.94,1.25,1.28
2017-02-08,9.49,9.59,9.59,9.40,233230,221228500,0.08,0.84,1.998,2.02
2017-02-09,9.55,9.61,9.65,9.53,240135,230586900,0.02,0.21,1.251,2.08
2017-02-10,9.60,9.78,9.88,9.60,580402,569009400,0.17,1.77,2.914,5.03
2017-02-13,9.88,10.01,10.36,9.81,1027036,1034218600,0.23,2.35,5.624,8.90
2017-02-14,10.04,9.89,10.06,9.81,444717,440705700,-0.12,-1.20,2.498,3.85
2017-02-15,9.90,10.10,10.30,9.88,1066388,1083650500,0.21,2.12,4.247,9.24
2017-02-16,10.07,10.26,10.35,10.00,804084,819952400,0.16,1.58,3.465,6.97
2017-02-17,10.19,9.97,10.29,9.95,685201,692343500,-0.29,-2.83,3.314,5.94
2017-02-20,9.93,10.59,10.70,9.91,1685515,1750422800,0.62,6.22,7.924,14.60
2017-02-21,10.55,10.37,10.64,10.31,954801,993314300,-0.22,-2.08,3.12,8.27
2017-02-22,10.33,10.23,10.33,10.14,634358,647527700,-0.14,-1.35,1.83,5.49
2017-02-23,10.22,10.26,10.33,10.15,422323,432606600,0.03,0.29,1.76,3.66
2017-02-24,10.24,10.17,10.25,10.06,552613,559998900,-0.09,-0.88,1.85,4.79
2017-02-27,10.15,10.05,10.18,10.04,368522,371861600,-0.12,-1.18,1.38,3.19
2017-02-28,10.06,10.40,10.54,10.06,1218696,1262548800,0.35,3.48,4.78,10.56
2017-03-01,10.35,10.24,10.47,10.23,752033,777635900,-0.16,-1.54,2.31,6.51
2017-03-02,10.30,10.41,10.57,10.27,1126380,1175767000,0.17,1.66,2.93,9.76
2017-03-03,10.33,10.18,10.36,10.16,618196,632654600,-0.23,-2.21,1.92,5.35
2017-03-06,10.16,10.21,10.30,10.11,416136,424333800,0.03,0.29,1.87,3.60
2017-03-07,10.18,10.33,10.34,10.15,535925,550405800,0.12,1.18,1.86,4.64
2017-03-08,10.30,10.24,10.37,10.20,478925,492120900,-0.09,-0.87,1.65,4.15
2017-03-09,10.21,10.10,10.25,10.05,528597,535217100,-0.14,-1.37,1.95,4.58
2017-03-10,10.10,10.00,10.14,9.98,449496,451135200,-0.10,-0.99,1.58,3.89
2017-03-13,9.99,10.04,10.05,9.91,306419,305591500,0.04,0.40,1.40,2.65
2017-03-14,10.03,10.00,10.08,9.96,276127,276797000,-0.04,-0.40,1.20,2.39
2017-03-15,9.99,9.99,10.04,9.95,230579,230322400,-0.01,-0.10,0.90,2.00
2017-03-16,10.01,10.28,10.36,10.01,921255,942751600,0.29,2.90,3.50,7.98
2017-03-17,10.26,10.07,10.28,10.04,617407,626623601,-0.21,-2.04,2.33,5.35
2017-03-20,10.10,10.09,10.14,10.00,352152,354671562,0.02,0.20,1.39,3.05
2017-03-21,10.08,10.05,10.12,10.01,248184,249455286,-0.04,-0.40,1.09,2.15
2017-03-22,10.06,9.96,10.08,9.91,393242,392064547,-0.09,-0.90,1.69,3.41
2017-03-23,9.93,9.94,10.03,9.90,266722,265542492,-0.02,-0.20,1.31,2.31
2017-03-24,9.93,9.91,9.97,9.85,363047,359523408,-0.03,-0.30,1.21,3.15
2017-03-27,9.92,10.09,10.19,9.91,689807,695477228,0.18,1.82,2.83,5.97
2017-03-28,10.05,10.01,10.07,9.98,318433,318889196,-0.08,-0.79,0.89,2.76
2017-03-29,10.03,9.93,10.07,9.92,285995,285115208,-0.08,-0.80,1.50,2.48
2017-03-30,9.91,9.70,9.95,9.69,380475,372563460,-0.23,-2.32,2.62,3.30
2017-03-31,9.73,10.00,10.20,9.73,845759,849205701,0.30,3.09,4.85,7.33
2017-04-05,9.90,9.92,9.94,9.71,612447,602573077,-0.08,-0.80,2.30,5.30
2017-04-06,9.88,9.88,9.92,9.85,328796,324866434,-0.04,-0.40,0.71,2.85
2017-04-07,9.88,9.89,9.94,9.85,282414,279370154,0.01,0.10,0.91,2.45
2017-04-10,9.88,9.77,9.89,9.74,396941,388617972,-0.12,-1.21,1.52,3.44
2017-04-11,9.76,9.84,9.86,9.70,408305,399346872,0.07,0.72,1.64,3.54
2017-04-12,9.79,9.73,9.81,9.72,297090,289694460,-0.11,-1.12,0.91,2.57
2017-04-13,9.72,9.73,9.77,9.71,172505,167894910,0.00,0.00,0.62,1.49
2017-04-14,9.73,9.56,9.74,9.51,402120,386144132,-0.17,-1.75,2.36,3.48
2017-04-17,9.54,9.36,9.54,9.29,348356,326889159,-0.20,-2.09,2.62,3.02
2017-04-18,9.36,9.23,9.40,9.22,248367,231409334,-0.13,-1.39,1.92,2.15
2017-04-19,9.21,9.29,9.33,9.18,260832,241585412,0.06,0.65,1.63,2.26
2017-04-20,9.30,9.20,9.32,9.15,194385,179433964,-0.09,-0.97,1.83,1.68
2017-04-21,9.21,9.26,9.32,9.20,166250,153996664,0.06,0.65,1.30,1.44
2017-04-24,9.24,9.20,9.32,9.10,242078,222319956,-0.06,-0.65,2.38,2.10
2017-04-25,9.22,9.26,9.35,9.18,197334,183032843,0.06,0.65,1.85,1.71
2017-04-26,9.28,9.24,9.31,9.23,190564,176486479,-0.02,-0.22,0.86,1.65
2017-04-27,9.22,9.19,9.22,9.09,315982,289454219,-0.05,-0.54,1.41,2.74
2017-04-28,9.19,9.17,9.19,9.10,231336,211400997,-0.02,-0.22,0.98,2.00
2017-05-02,9.16,9.11,9.16,9.08,227746,207330554,-0.06,-0.65,0.87,1.97
2017-05-03,9.10,9.14,9.18,9.09,221261,201897497,0.03,0.33,0.99,1.92
2017-05-04,9.11,9.19,9.24,9.08,386743,354965206,0.05,0.55,1.75,3.35
2017-05-05,9.15,9.09,9.18,9.08,233619,212958898,-0.10,-1.09,1.09,2.02
2017-05-08,9.07,9.01,9.11,9.00,176820,160098824,-0.08,-0.88,1.21,1.53
2017-05-09,9.00,9.20,9.25,8.96,441360,404196764,0.19,2.11,3.22,3.82
2017-05-10,9.17,9.28,9.53,9.14,818413,764134935,0.08,0.87,4.24,7.09
2017-05-11,9.22,9.25,9.29,9.09,461655,424678736,-0.03,-0.32,2.16,4.00
2017-05-12,9.25,9.40,9.49,9.20,652980,613543835,0.15,1.62,3.14,5.66
2017-05-15,9.35,9.33,9.43,9.31,345348,322852444,-0.07,-0.74,1.28,2.99
2017-05-16,9.28,9.31,9.33,9.16,359846,332333727,-0.02,-0.21,1.82,3.12
2017-05-17,9.29,9.28,9.33,9.22,247921,229893062,-0.03,-0.32,1.18,2.15
2017-05-18,9.22,9.13,9.26,9.10,324118,297236590,-0.15,-1.62,1.72,2.81
2017-05-19,9.11,9.12,9.15,9.09,150437,137091906,-0.01,-0.11,0.66,1.30
2017-05-22,9.11,9.03,9.14,9.01,207791,188398938,-0.09,-0.99,1.43,1.80
2017-05-23,9.01,8.89,9.06,8.88,456185,408439252,-0.14,-1.55,1.99,3.95
2017-05-24,8.82,8.76,8.85,8.61,342464,298540320,-0.13,-1.46,2.70,2.97
2017-05-25,8.75,9.01,9.06,8.71,459945,411188731,0.25,2.85,4.00,3.98
2017-05-26,8.97,8.95,9.02,8.91,218675,196217462,-0.06,-0.67,1.22,1.89
2017-05-31,9.05,9.03,9.14,9.03,281893,256151499,0.08,0.89,1.23,2.44
2017-06-01,9.04,9.34,9.46,9.03,965070,899029752,0.31,3.43,4.76,8.36
2017-06-02,9.37,9.60,9.70,9.30,1285319,1227902634,0.26,2.78,4.28,11.13
2017-06-05,9.51,9.53,9.56,9.43,536517,509409960,-0.07,-0.73,1.35,4.65
2017-06-06,9.36,9.34,9.41,9.23,472829,440052147,-0.01,-0.11,1.93,4.10
2017-06-07,9.31,9.37,9.44,9.26,601089,562827100,0.03,0.32,1.93,5.21
2017-06-08,9.34,9.39,9.41,9.25,557037,519805904,0.02,0.21,1.71,4.83
2017-06-09,9.35,9.38,9.43,9.31,449294,421093658,-0.01,-0.11,1.28,3.89
2017-06-12,9.33,9.32,9.48,9.31,400671,376744466,-0.06,-0.64,1.81,3.47
2017-06-13,9.27,9.28,9.31,9.21,345280,319655631,-0.04,-0.43,1.07,2.99
2017-06-14,9.27,9.21,9.30,9.20,193836,179033374,-0.07,-0.75,1.08,1.68
2017-06-15,9.20,9.24,9.30,9.19,271217,250533537,0.03,0.33,1.19,2.35
