日期,开盘,收盘,最高,最低,交易量(手),交易金额(元),涨跌额,涨跌幅(%),振幅(%),换手率(%)
2012-07-31,8.55,8.90,9.84,8.55,429760,390540000,1.50,20.27,17.43,85.95
2012-08-01,8.09,9.45,9.75,8.09,340489,299340000,0.55,6.18,18.65,68.10
2012-08-02,9.08,10.40,10.40,9.06,361410,360100000,0.95,10.05,14.18,72.28
2012-08-03,10.50,11.44,11.44,10.25,320363,349080000,1.04,10.00,11.44,64.07
2012-08-06,11.75,12.58,12.58,11.73,207206,254250000,1.14,9.97,7.43,41.44
2012-08-07,13.22,13.84,13.84,12.81,272082,360500000,1.26,10.02,8.19,54.42
2012-08-13,13.53,14.38,15.15,13.03,288311,408480000,0.54,3.90,15.32,57.66
2012-08-14,13.66,13.80,14.34,13.16,224841,307510000,-0.58,-4.03,8.21,44.97
2012-08-15,13.53,13.99,14.75,13.52,226944,322060000,0.19,1.38,8.91,45.39
2012-08-16,13.50,13.95,13.96,12.75,216466,287760000,-0.04,-0.29,8.65,43.29
2012-08-17,13.75,13.69,14.66,13.31,210693,295840000,-0.26,-1.86,9.68,42.14
2012-08-20,13.25,15.06,15.06,12.88,227193,318380000,1.37,10.01,15.92,45.44
2012-08-21,14.90,14.54,15.22,14.40,242991,358200000,-0.52,-3.45,5.44,48.60
2012-08-22,14.11,14.02,14.75,14.01,184753,264370000,-0.52,-3.58,5.09,36.95
2012-08-23,13.83,13.59,14.18,13.55,160070,220570000,-0.43,-3.07,4.49,32.01
2012-08-24,13.63,13.55,14.03,13.51,133793,184050000,-0.04,-0.29,3.83,26.76
2012-08-27,13.50,12.20,13.50,12.20,153522,192770000,-1.35,-9.96,9.59,30.70
2012-08-28,12.02,12.52,12.73,11.87,138262,169980000,0.32,2.62,7.05,27.65
2012-08-29,12.33,12.65,13.32,12.33,153597,196380000,0.13,1.04,7.91,30.72
2012-08-30,12.41,12.75,13.09,11.50,139369,174120000,0.10,0.79,12.57,27.87
2012-08-31,12.59,13.45,13.98,12.50,192753,255060000,0.70,5.49,11.61,38.55
2012-09-03,13.05,13.47,13.80,13.00,160226,214850000,0.02,0.15,5.95,32.05
2012-09-04,13.40,13.99,14.50,13.21,211126,292570000,0.52,3.86,9.58,42.23
2012-09-05,13.73,13.31,13.95,13.29,145195,197740000,-0.68,-4.86,4.72,29.04
2012-09-06,13.29,13.09,13.55,13.01,105475,139370000,-0.22,-1.65,4.06,21.10
2012-09-07,13.25,13.76,14.20,13.08,168097,229690000,0.67,5.12,8.56,33.62
2012-09-10,13.71,14.13,14.33,13.55,150523,210300000,0.37,2.69,5.67,30.10
2012-09-11,14.00,13.52,14.00,13.45,101992,139140000,-0.61,-4.32,3.89,20.40
2012-09-12,13.49,13.60,13.66,13.16,92806,124610000,0.08,0.59,3.70,18.56
2012-09-13,13.50,12.74,13.53,12.71,81627,107550000,-0.86,-6.32,6.03,16.33
2012-09-14,12.77,12.77,13.13,12.55,68020,87450000,0.03,0.24,4.55,13.60
2012-09-17,12.66,12.45,12.90,12.40,46635,59150000,-0.32,-2.51,3.92,9.33
2012-09-18,12.17,12.20,12.55,11.94,51208,62740000,-0.25,-2.01,4.90,10.24
2012-09-19,12.22,12.31,12.42,12.08,41505,50890000,0.11,0.90,2.79,8.30
2012-09-20,12.31,11.57,12.36,11.50,58261,68900000,-0.74,-6.01,6.99,11.65
2012-09-21,11.46,11.15,11.63,11.05,57064,64540000,-0.42,-3.63,5.01,11.41
2012-09-24,11.10,11.25,11.45,10.90,41910,46830000,0.10,0.90,4.93,8.38
2012-09-25,11.25,11.38,11.43,10.97,52570,58860000,0.13,1.16,4.09,10.51
2012-09-26,11.33,11.38,11.77,11.06,82480,94700000,0.00,0.00,6.24,16.50
2012-09-27,11.15,11.46,11.69,11.12,73455,84140000,0.08,0.70,5.01,14.69
2012-09-28,11.36,11.44,11.56,11.26,58070,66240000,-0.02,-0.17,2.62,11.61
2012-10-08,11.50,11.65,11.74,11.46,48218,55930000,0.21,1.84,2.45,9.64
2012-10-09,11.60,12.03,12.26,11.56,75294,89990000,0.38,3.26,6.01,15.06
2012-10-10,11.88,12.44,12.65,11.80,103819,126960000,0.41,3.41,7.07,20.76
2012-10-11,12.28,11.70,12.33,11.62,78772,94670000,-0.74,-5.95,5.71,15.75
2012-10-12,11.70,11.75,11.98,11.41,45399,53200000,0.05,0.43,4.87,9.08
2012-10-15,11.74,11.38,11.83,11.21,38722,44180000,-0.37,-3.15,5.28,7.74
2012-10-16,11.47,11.42,11.61,11.35,27268,31330000,0.04,0.35,2.28,5.45
2012-10-17,11.48,11.85,11.96,11.35,56684,66320000,0.43,3.77,5.34,11.34
2012-10-18,11.80,11.96,12.10,11.76,63047,75540000,0.11,0.93,2.87,12.61
2012-10-19,11.90,11.94,12.10,11.89,38717,46460000,-0.02,-0.17,1.76,7.74
2012-10-22,11.50,11.92,11.97,11.50,39664,46600000,-0.02,-0.17,3.94,7.93
2012-10-23,11.98,11.81,12.07,11.81,40266,47920000,-0.11,-0.92,2.18,8.05
2012-10-24,11.69,11.38,11.70,11.37,41644,47960000,-0.43,-3.64,2.79,8.33
2012-10-25,11.30,11.01,11.58,10.91,43357,48520000,-0.37,-3.25,5.89,8.67
2012-10-26,11.09,10.58,11.09,10.45,37541,39980000,-0.43,-3.91,5.81,7.51
2012-10-29,10.56,10.63,10.70,10.50,18524,19670000,0.05,0.47,1.89,3.70
2012-10-30,10.63,10.71,10.93,10.58,22032,23680000,0.08,0.75,3.29,4.41
2012-10-31,10.73,10.63,10.80,10.56,17163,18250000,-0.08,-0.75,2.24,3.43
2012-11-01,10.68,10.92,11.13,10.65,42221,46260000,0.29,2.73,4.52,8.44
2012-11-02,10.93,11.07,11.11,10.89,30449,33510000,0.15,1.37,2.01,6.09
2012-11-05,11.05,11.01,11.25,10.91,28564,31600000,-0.06,-0.54,3.07,5.71
2012-11-06,11.01,10.77,11.03,10.55,27371,29360000,-0.24,-2.18,4.36,5.47
2012-11-07,10.77,10.88,10.94,10.65,20795,22490000,0.11,1.02,2.69,4.16
2012-11-08,10.75,10.38,10.75,10.36,26147,27590000,-0.50,-4.60,3.58,5.23
2012-11-09,10.30,10.38,10.60,10.30,15891,16590000,0.00,0.00,2.89,3.18
2012-11-12,10.39,10.47,10.55,10.29,13856,14460000,0.09,0.87,2.50,2.77
2012-11-13,10.42,10.17,10.47,9.95,34767,35220000,-0.30,-2.87,4.97,6.95
2012-11-14,10.25,11.19,11.19,10.15,83508,92050000,1.02,10.03,10.23,16.70
2012-11-15,11.60,11.45,11.97,11.35,206210,240050000,0.26,2.32,5.54,41.24
2012-11-16,11.02,10.85,11.11,10.55,99603,107890000,-0.60,-5.24,4.89,19.92
2012-11-19,10.75,11.54,11.69,10.51,119467,132090000,0.69,6.36,10.88,23.89
2012-11-20,11.39,12.28,12.60,11.32,202149,245670000,0.74,6.41,11.09,40.43
2012-11-21,12.00,12.32,12.45,11.90,128278,156630000,0.04,0.33,4.48,25.66
2012-11-22,12.34,11.94,12.34,11.77,92032,110080000,-0.38,-3.08,4.63,18.41
2012-11-23,11.86,11.94,12.16,11.59,93684,110960000,0.00,0.00,4.77,18.74
2012-11-26,11.94,11.71,11.94,11.62,49497,58150000,-0.23,-1.93,2.68,9.90
2012-11-27,11.52,10.57,11.53,10.54,87206,95550000,-1.14,-9.74,8.45,17.44
2012-11-28,10.26,10.64,10.78,10.25,57328,60490000,0.07,0.66,5.01,11.47
2012-11-29,10.66,10.61,10.98,10.34,62885,67020000,-0.03,-0.28,6.02,12.58
2012-11-30,10.38,10.61,10.77,10.11,48692,51300000,0.00,0.00,6.22,9.74
2012-12-03,10.46,10.78,11.12,10.43,78018,84540000,0.17,1.60,6.50,15.60
2012-12-04,10.60,11.07,11.18,10.58,82532,90410000,0.29,2.69,5.57,16.51
2012-12-05,10.98,11.47,11.90,10.82,111545,127010000,0.40,3.61,9.76,22.31
2012-12-06,11.25,11.38,11.56,11.25,57612,65690000,-0.09,-0.78,2.70,11.52
2012-12-07,11.37,11.62,11.84,11.07,96423,111210000,0.24,2.11,6.77,19.28
2012-12-10,11.51,12.14,12.49,11.50,124626,149790000,0.52,4.48,8.52,24.93
2012-12-11,12.10,11.71,12.10,11.70,80007,95170000,-0.43,-3.54,3.29,16.00
2012-12-12,11.62,12.14,12.15,11.50,90213,106780000,0.43,3.67,5.55,18.04
2012-12-13,12.01,11.73,12.30,11.72,73682,88230000,-0.41,-3.38,4.78,14.74
2012-12-14,11.60,12.38,12.76,11.56,122291,149780000,0.65,5.54,10.23,24.46
2012-12-17,12.34,12.31,12.58,12.20,82766,102280000,-0.07,-0.57,3.07,16.55
2012-12-18,12.26,12.00,12.31,11.90,76364,92500000,-0.31,-2.52,3.33,15.27
2012-12-19,11.96,12.18,12.40,11.91,71949,87970000,0.18,1.50,4.08,14.39
2012-12-20,12.20,12.63,13.16,12.19,153366,194900000,0.45,3.69,7.96,30.67
2012-12-21,12.54,13.29,13.68,12.43,173299,225880000,0.66,5.23,9.90,34.66
2012-12-24,13.20,13.26,13.44,12.96,102946,135700000,-0.03,-0.23,3.61,20.59
2012-12-25,13.20,14.13,14.48,13.06,152941,211200000,0.87,6.56,10.71,30.59
2012-12-26,14.10,15.54,15.54,13.95,222181,337800000,1.41,9.98,11.25,44.44
2012-12-27,16.12,15.13,16.38,15.03,233464,367220000,-0.41,-2.64,8.69,46.69
2012-12-28,14.81,15.30,15.98,14.75,172737,266300000,0.17,1.12,8.13,34.55
2012-12-31,15.00,15.15,15.27,14.37,123287,183030000,-0.15,-0.98,5.88,24.66
2013-01-04,15.16,15.35,15.49,14.78,122416,186040000,0.20,1.32,4.69,24.48
2013-01-07,15.22,15.20,15.35,14.76,88110,132510000,-0.15,-0.98,3.84,17.62
2013-01-08,15.18,15.20,15.59,14.88,100752,153760000,0.00,0.00,4.67,20.15
2013-01-09,15.00,14.70,15.11,14.64,101153,150010000,-0.50,-3.29,3.09,20.23
2013-01-10,14.61,14.60,14.93,14.43,63503,93210000,-0.10,-0.68,3.40,12.70
2013-01-11,14.68,15.05,15.60,14.61,143336,217750000,0.45,3.08,6.78,28.67
2013-01-14,15.20,15.80,15.97,15.01,143103,221790000,0.75,4.98,6.38,28.62
2013-01-15,15.55,15.77,15.80,15.44,107375,167450000,-0.03,-0.19,2.28,21.48
2013-01-16,15.70,15.25,15.75,15.05,78284,120470000,-0.52,-3.30,4.44,15.66
2013-01-17,15.13,15.04,15.44,15.00,41713,63440000,-0.21,-1.38,2.89,8.34
2013-01-18,15.07,15.13,15.38,14.86,46310,69930000,0.09,0.60,3.46,9.26
2013-01-21,15.10,15.55,15.80,15.00,92989,143710000,0.42,2.78,5.29,18.60
2013-01-22,15.45,14.75,15.46,14.58,80919,121350000,-0.80,-5.14,5.66,16.18
2013-01-23,14.62,14.47,14.63,14.18,55122,79190000,-0.28,-1.90,3.05,11.02
2013-01-24,14.46,13.94,14.77,13.84,55404,79340000,-0.53,-3.66,6.43,11.08
2013-01-25,13.97,13.81,14.17,13.75,29084,40520000,-0.13,-0.93,3.01,5.82
2013-01-28,13.83,14.23,14.29,13.83,34317,48330000,0.42,3.04,3.33,6.86
2013-01-29,14.25,14.35,14.48,14.13,34611,49660000,0.12,0.84,2.46,6.92
2013-01-30,14.42,15.09,15.17,14.31,97548,144760000,0.74,5.16,5.99,19.51
2013-01-31,15.30,14.79,15.50,14.74,79710,120540000,-0.30,-1.99,5.04,15.94
2013-02-01,14.62,14.45,14.64,14.04,42630,61220000,-0.34,-2.30,4.06,8.53
2013-02-04,14.46,14.12,14.56,14.02,35565,50560000,-0.33,-2.28,3.74,7.11
2013-02-05,14.04,14.52,14.70,14.02,37813,54890000,0.40,2.83,4.82,7.56
2013-02-06,14.55,14.38,14.55,14.23,24106,34630000,-0.14,-0.96,2.20,4.82
2013-02-07,14.51,14.47,14.70,14.35,24329,35280000,0.09,0.63,2.43,4.87
2013-02-08,14.47,14.77,14.99,14.47,42870,63430000,0.30,2.07,3.59,8.57
2013-02-18,14.75,15.10,15.32,14.72,52192,78410000,0.33,2.23,4.06,10.44
2013-02-19,15.15,14.49,15.15,14.47,39593,58050000,-0.61,-4.04,4.50,7.92
2013-02-20,14.50,14.67,14.75,14.42,26471,38700000,0.18,1.24,2.28,5.29
2013-02-21,14.53,14.14,14.53,14.09,35630,50680000,-0.53,-3.61,3.00,7.13
2013-02-22,14.10,14.16,14.48,14.10,21540,30780000,0.02,0.14,2.69,4.31
2013-02-25,14.25,14.33,14.39,14.19,16421,23490000,0.17,1.20,1.41,3.28
2013-02-26,14.31,14.33,14.46,14.11,25284,36190000,0.00,0.00,2.44,5.06
2013-02-27,14.21,14.25,14.45,14.21,17260,24740000,-0.08,-0.56,1.67,3.45
2013-02-28,14.29,14.35,14.39,13.88,35292,49900000,0.10,0.70,3.58,7.06
2013-03-01,14.40,14.85,14.93,14.31,70135,103250000,0.50,3.48,4.32,14.03
2013-03-04,14.65,14.23,14.73,14.01,38622,55560000,-0.62,-4.18,4.85,7.72
2013-03-05,14.17,14.36,14.45,14.11,25811,36880000,0.13,0.91,2.39,5.16
2013-03-06,14.39,14.80,14.88,14.32,51508,75760000,0.44,3.06,3.90,10.30
2013-03-07,14.80,15.03,15.28,14.66,73935,110610000,0.23,1.55,4.19,14.79
2013-03-08,15.04,14.60,15.16,14.58,35541,52520000,-0.43,-2.86,3.86,7.11
2013-03-11,14.62,14.65,14.78,14.35,20787,30270000,0.05,0.34,2.95,4.16
2013-03-12,14.60,13.87,14.88,13.55,46067,65390000,-0.78,-5.32,9.08,9.21
2013-03-13,13.80,13.28,13.80,13.28,30798,41260000,-0.59,-4.25,3.75,6.16
2013-03-14,13.35,13.31,13.52,13.20,20416,27210000,0.03,0.23,2.41,4.08
2013-03-15,13.33,13.26,13.55,13.16,20093,26800000,-0.05,-0.38,2.93,4.02
2013-03-18,13.21,12.89,13.29,12.88,19734,25730000,-0.37,-2.79,3.09,3.95
2013-03-19,12.89,13.05,13.13,12.82,12180,15830000,0.16,1.24,2.41,2.44
2013-03-20,13.00,13.44,13.49,12.91,25057,33310000,0.39,2.99,4.44,5.01
2013-03-21,13.44,13.55,13.57,13.40,25801,34800000,0.11,0.82,1.26,5.16
2013-03-22,13.50,13.40,13.50,13.33,18472,24740000,-0.15,-1.11,1.25,3.69
2013-03-25,13.50,13.50,13.59,13.40,16127,21780000,0.10,0.75,1.42,3.23
2013-03-26,13.49,13.12,13.49,12.95,21985,28790000,-0.38,-2.81,4.00,4.40
2013-03-27,13.14,13.08,13.28,13.01,14502,19050000,-0.04,-0.30,2.06,2.90
2013-03-28,13.02,12.44,13.02,12.40,25671,32230000,-0.64,-4.89,4.74,5.13
2013-03-29,12.44,12.30,12.53,12.22,12889,15920000,-0.14,-1.13,2.49,2.58
2013-04-01,12.38,12.47,12.60,12.23,9642,12010000,0.17,1.38,3.01,1.93
2013-04-02,12.47,12.26,12.65,12.21,13177,16350000,-0.21,-1.68,3.53,2.64
2013-04-03,12.39,12.28,12.39,12.13,9631,11800000,0.02,0.16,2.12,1.93
2013-04-08,12.10,12.19,12.21,11.88,11161,13410000,-0.09,-0.73,2.69,2.23
2013-04-09,12.10,12.35,12.44,12.10,12740,15740000,0.16,1.31,2.79,2.55
2013-04-10,12.43,12.52,12.58,12.26,15739,19570000,0.17,1.38,2.59,3.15
2013-04-11,12.54,12.55,12.75,12.53,21937,27770000,0.03,0.24,1.76,4.39
2013-04-12,12.64,12.18,12.64,12.18,13078,16200000,-0.37,-2.95,3.67,2.62
2013-04-15,12.08,11.80,12.08,11.69,15307,18160000,-0.38,-3.12,3.20,3.06
2013-04-16,11.52,11.93,12.03,11.52,9287,11010000,0.13,1.10,4.32,1.86
2013-04-17,11.93,11.99,12.05,11.80,8447,10100000,0.06,0.50,2.10,1.69
2013-04-18,12.00,12.26,12.54,11.90,22257,27480000,0.27,2.25,5.34,4.45
2013-04-19,12.12,12.46,12.48,12.12,18114,22430000,0.20,1.63,2.94,3.62
2013-04-22,12.30,12.37,12.44,12.25,13014,16040000,-0.09,-0.72,1.52,2.60
2013-04-23,12.21,11.59,12.35,11.58,26845,31920000,-0.78,-6.31,6.22,5.37
2013-04-24,11.60,11.77,11.92,11.60,14438,16990000,0.18,1.55,2.76,2.89
2013-04-25,11.77,11.71,12.04,11.70,18348,21820000,-0.06,-0.51,2.89,3.67
2013-04-26,11.60,10.66,11.60,10.55,38690,41900000,-1.05,-8.97,8.97,7.74
2013-05-02,10.59,10.75,10.80,10.42,14540,15440000,0.09,0.84,3.56,2.91
2013-05-03,10.72,10.78,10.98,10.71,17911,19470000,0.03,0.28,2.51,3.58
2013-05-06,10.89,11.20,11.30,10.75,25558,28420000,0.42,3.90,5.10,5.11
2013-05-07,11.20,11.42,11.45,11.06,28785,32450000,0.22,1.96,3.48,5.76
2013-05-08,11.43,11.40,11.51,11.14,20909,23640000,-0.02,-0.18,3.24,4.18
2013-05-09,11.36,11.05,11.40,10.94,21442,23920000,-0.35,-3.07,4.04,4.29
2013-05-10,10.95,11.41,11.50,10.95,23633,26710000,0.36,3.26,4.98,4.73
2013-05-13,11.37,11.32,11.49,11.22,14573,16510000,-0.09,-0.79,2.37,2.91
2013-05-14,11.38,10.90,11.39,10.90,17970,19860000,-0.42,-3.71,4.33,3.59
2013-05-15,10.93,11.01,11.13,10.87,14540,16000000,0.11,1.01,2.39,2.91
2013-05-16,11.02,12.11,12.11,10.91,57392,67190000,1.10,9.99,10.90,11.48
2013-05-17,12.20,12.23,12.30,11.92,79934,97170000,0.12,0.99,3.14,15.99
2013-05-20,12.05,12.30,12.49,12.05,51752,63510000,0.07,0.57,3.60,10.35
2013-05-21,12.28,12.50,12.60,12.18,47338,58520000,0.20,1.63,3.41,9.47
2013-05-22,12.41,12.20,12.55,12.13,33875,41680000,-0.30,-2.40,3.36,6.78
2013-05-23,12.26,12.10,12.40,12.06,23851,29100000,-0.10,-0.82,2.79,4.77
2013-05-24,12.06,12.38,12.43,12.06,28756,35320000,0.28,2.31,3.06,5.75
2013-05-27,12.53,12.93,13.16,12.53,71994,92450000,0.55,4.44,5.09,14.40
2013-05-28,12.80,12.65,12.83,12.52,36452,46160000,-0.28,-2.17,2.40,7.29
2013-05-29,12.65,12.78,13.07,12.60,35570,45580000,0.13,1.03,3.72,7.11
2013-05-30,12.75,12.57,12.76,12.55,24754,31230000,-0.21,-1.64,1.64,4.95
2013-05-31,12.60,12.45,12.72,12.38,21179,26530000,-0.12,-0.95,2.70,4.24
2013-06-03,12.41,12.13,12.43,12.10,22543,27660000,-0.32,-2.57,2.65,4.51
2013-06-04,12.23,12.03,12.30,11.98,16201,19600000,-0.10,-0.82,2.64,3.24
2013-06-05,11.94,12.10,12.18,11.93,11773,14200000,0.07,0.58,2.08,2.35
2013-06-06,12.10,11.68,12.14,11.63,13788,16450000,-0.42,-3.47,4.21,2.76
2013-06-07,11.79,11.36,11.85,11.25,16691,19220000,-0.32,-2.74,5.14,3.34
2013-06-13,11.00,10.76,11.20,10.60,13000,14100000,-0.60,-5.28,5.28,2.60
2013-06-14,10.80,11.04,11.12,10.80,12261,13510000,0.28,2.60,2.97,2.45
2013-06-17,11.04,10.86,11.11,10.68,15364,16720000,-0.18,-1.63,3.89,3.07
2013-06-18,10.95,10.86,10.98,10.66,12653,13680000,0.00,0.00,2.95,2.53
2013-06-19,10.81,11.15,11.17,10.53,24245,26400000,0.29,2.67,5.89,4.85
2013-06-20,10.99,10.71,11.08,10.70,13126,14330000,-0.44,-3.95,3.41,2.63
2013-06-21,10.30,10.42,10.59,10.02,11182,11620000,-0.29,-2.71,5.32,2.24
2013-06-24,10.42,9.60,10.56,9.60,14358,14380000,-0.82,-7.87,9.21,2.87
2013-06-25,9.60,9.35,9.60,8.64,21480,19680000,-0.25,-2.60,10.00,4.30
2013-06-26,9.37,9.51,9.55,9.20,18455,17320000,0.16,1.71,3.74,3.69
2013-06-27,9.50,9.91,9.99,9.44,30336,29280000,0.40,4.21,5.78,6.07
2013-06-28,9.80,9.80,10.22,9.60,31260,31050000,-0.11,-1.11,6.26,6.25
2013-07-01,9.69,9.79,9.86,9.53,13773,13370000,-0.01,-0.10,3.37,2.75
2013-07-02,9.76,9.90,9.94,9.63,17099,16800000,0.11,1.12,3.17,3.42
2013-07-03,9.80,9.68,9.93,9.45,17317,16670000,-0.22,-2.22,4.85,3.46
2013-07-04,9.62,9.77,9.90,9.36,22757,21960000,0.09,0.93,5.58,4.55
2013-07-05,9.76,9.62,9.85,9.54,16578,16010000,-0.15,-1.54,3.17,3.32
2013-07-08,9.56,8.77,9.56,8.75,17868,16180000,-0.85,-8.84,8.42,3.57
2013-07-09,8.70,8.83,8.95,8.70,10142,8990000,0.06,0.68,2.85,2.03
2013-07-10,8.92,9.22,9.26,8.80,17092,15550000,0.39,4.42,5.21,3.42
2013-07-11,9.18,9.47,9.58,9.10,22416,21140000,0.30,3.27,5.23,4.48
2013-07-12,9.49,9.69,9.72,9.42,29318,28150000,0.22,2.32,3.17,5.86
2013-07-15,9.66,10.09,10.14,9.55,48593,48220000,0.40,4.13,6.09,9.72
2013-07-16,9.97,9.90,10.09,9.70,30750,30430000,-0.19,-1.88,3.87,6.15
2013-07-17,9.85,9.56,9.92,9.55,21099,20520000,-0.34,-3.43,3.74,4.22
2013-07-18,9.56,9.59,9.79,9.53,10806,10420000,0.03,0.31,2.72,2.16
2013-07-19,9.55,9.08,9.69,9.01,17677,16670000,-0.51,-5.32,7.09,3.54
2013-07-22,8.97,9.39,9.42,8.90,23787,21810000,0.31,3.41,5.73,4.76
2013-07-23,9.38,9.62,9.63,9.31,24428,23200000,0.23,2.45,3.41,4.89
2013-07-24,9.63,9.44,9.63,9.31,19948,18790000,-0.18,-1.87,3.33,3.99
2013-07-25,9.44,10.38,10.38,9.13,66403,66300000,0.94,9.96,13.24,13.28
2013-07-26,10.15,10.21,10.42,10.08,64120,65430000,-0.17,-1.64,3.28,12.82
2013-07-29,10.01,9.58,10.09,9.58,38829,37930000,-0.63,-6.17,5.00,7.77
2013-07-30,9.56,9.76,9.79,9.25,31524,30300000,0.18,1.88,5.64,6.30
2013-07-31,9.75,9.95,9.98,9.66,40945,40260000,0.19,1.95,3.28,6.51
2013-08-01,9.91,10.03,10.29,9.90,41610,41940000,0.08,0.80,3.92,6.61
2013-08-02,9.96,9.98,10.25,9.92,35348,35600000,-0.05,-0.50,3.29,5.62
2013-08-05,9.85,10.14,10.19,9.83,27614,27860000,0.16,1.60,3.61,4.39
2013-08-06,10.14,10.82,11.15,10.01,88614,95070000,0.68,6.71,11.24,14.09
2013-08-07,10.77,10.50,10.80,10.43,48833,51850000,-0.32,-2.96,3.42,7.76
2013-08-08,10.51,10.57,10.61,10.33,23874,25020000,0.07,0.67,2.67,3.80
2013-08-09,10.32,10.72,10.79,10.32,30464,32420000,0.15,1.42,4.45,4.84
2013-08-12,10.70,10.95,11.28,10.60,59958,65900000,0.23,2.15,6.34,9.53
2013-08-13,10.82,10.87,11.20,10.72,38724,42460000,-0.08,-0.73,4.38,6.16
2013-08-14,10.82,10.70,10.96,10.60,31577,33890000,-0.17,-1.56,3.31,5.02
2013-08-15,10.76,10.41,10.76,10.38,20965,22160000,-0.29,-2.71,3.55,3.33
2013-08-16,10.30,10.09,10.69,10.01,24009,24820000,-0.32,-3.07,6.53,3.82
2013-08-19,10.06,10.25,10.29,9.95,15665,15900000,0.16,1.59,3.37,2.49
2013-08-20,10.22,10.15,10.36,10.11,15670,16010000,-0.10,-0.98,2.44,2.49
2013-08-21,10.20,10.39,10.44,10.11,18187,18730000,0.24,2.36,3.25,2.89
2013-08-22,10.31,10.49,10.59,10.31,20480,21430000,0.10,0.96,2.69,3.26
2013-08-23,10.47,10.23,10.52,10.10,17938,18460000,-0.26,-2.48,4.00,2.85
2013-08-26,10.24,10.57,10.59,10.23,23526,24640000,0.34,3.32,3.52,3.74
2013-08-27,10.61,10.53,10.69,10.47,19886,20990000,-0.04,-0.38,2.08,3.16
2013-08-28,10.51,10.54,10.79,10.23,39826,41910000,0.01,0.10,5.32,6.33
2013-08-29,10.52,10.28,10.68,10.25,24726,25710000,-0.26,-2.47,4.08,3.93
2013-08-30,10.25,10.20,10.43,10.06,25167,25790000,-0.08,-0.78,3.60,4.00
2013-09-02,10.12,10.35,10.63,10.12,17700,18240000,0.15,1.47,5.00,2.81
2013-09-03,10.35,10.38,10.42,10.23,18430,19060000,0.03,0.29,1.84,2.93
2013-09-04,10.38,10.56,10.59,10.30,34076,35600000,0.18,1.73,2.79,5.42
2013-09-05,10.51,10.32,10.55,10.31,18978,19730000,-0.24,-2.27,2.27,3.02
2013-09-06,10.35,10.32,10.43,10.25,15712,16240000,0.00,0.00,1.74,2.50
2013-09-09,10.35,10.42,10.50,10.25,17141,17790000,0.10,0.97,2.42,2.73
2013-09-10,10.36,10.60,10.68,10.36,36718,38660000,0.18,1.73,3.07,5.84
2013-09-11,10.59,10.76,10.95,10.49,59540,63980000,0.16,1.51,4.34,9.47
2013-09-12,10.76,10.52,10.79,10.50,32494,34490000,-0.24,-2.23,2.70,5.17
2013-09-13,10.52,10.42,10.52,10.35,18696,19490000,-0.10,-0.95,1.62,2.97
2013-09-16,10.35,10.65,10.75,10.34,39201,41580000,0.23,2.21,3.93,6.23
2013-09-17,10.65,10.93,11.20,10.65,114988,126290000,0.28,2.63,5.16,18.28
2013-09-18,10.73,10.75,10.86,10.60,42318,45330000,-0.18,-1.65,2.38,6.73
2013-09-23,10.82,10.92,10.93,10.61,29913,32290000,0.17,1.58,2.98,4.76
2013-09-24,10.95,11.20,11.34,10.86,72333,80710000,0.28,2.56,4.40,11.50
2013-09-25,11.11,11.04,11.42,10.88,52217,58010000,-0.16,-1.43,4.82,8.30
2013-09-26,11.08,10.63,11.22,10.60,30725,33400000,-0.41,-3.71,5.62,4.88
2013-09-27,10.65,10.39,10.77,10.24,28237,29580000,-0.24,-2.26,4.99,4.49
2013-09-30,10.55,10.41,10.55,10.31,10957,11380000,0.02,0.19,2.31,1.74
2013-10-08,10.41,10.63,10.72,10.35,16749,17630000,0.22,2.11,3.55,2.66
2013-10-09,10.62,10.54,10.67,10.35,24982,26200000,-0.09,-0.85,3.01,3.97
2013-10-10,10.50,10.23,10.53,10.21,25847,26740000,-0.31,-2.94,3.04,4.11
2013-10-11,10.29,10.41,10.42,10.26,16924,17530000,0.18,1.76,1.56,2.69
2013-10-14,10.41,10.53,10.53,10.35,24527,25680000,0.12,1.15,1.73,3.90
2013-10-15,10.52,10.85,10.90,10.40,56548,60620000,0.32,3.04,4.75,8.99
2013-10-16,10.80,11.13,11.21,10.71,74276,81460000,0.28,2.58,4.61,11.81
2013-10-17,11.10,11.48,11.80,10.95,141886,161650000,0.35,3.14,7.64,22.56
2013-10-18,11.25,11.08,11.25,10.89,69459,77170000,-0.40,-3.48,3.14,11.04
2013-10-21,10.92,11.33,11.36,10.85,101586,113170000,0.25,2.26,4.60,16.15
2013-10-22,11.18,11.40,11.45,11.13,73600,83180000,0.07,0.62,2.82,11.70
2013-10-23,11.33,10.60,11.38,10.56,55280,60390000,-0.80,-7.02,7.19,8.79
2013-10-24,10.58,10.63,10.76,10.51,21960,23460000,0.03,0.28,2.36,3.49
2013-10-25,10.62,10.20,10.67,10.16,30893,31910000,-0.43,-4.05,4.80,4.91
2013-10-28,10.18,9.50,10.20,9.20,30685,29380000,-0.70,-6.86,9.80,4.88
2013-10-29,9.44,9.18,9.58,8.90,28901,26690000,-0.32,-3.37,7.16,4.59
2013-10-30,9.19,9.37,9.44,9.15,14914,13920000,0.19,2.07,3.16,2.37
2013-10-31,9.35,9.32,9.54,9.26,15205,14290000,-0.05,-0.53,2.99,2.42
2013-11-01,9.30,9.48,9.56,9.24,14754,13890000,0.16,1.72,3.43,2.35
2013-11-04,9.45,9.49,9.73,9.42,12485,11890000,0.01,0.11,3.27,1.98
2013-11-05,9.50,9.53,9.59,9.31,15514,14680000,0.04,0.42,2.95,2.47
2013-11-06,9.46,9.48,9.65,9.44,14598,13940000,-0.05,-0.52,2.20,2.32
2013-11-07,9.36,9.23,9.48,9.23,14002,13070000,-0.25,-2.64,2.64,2.23
2013-11-08,9.23,9.42,9.56,9.12,17104,16040000,0.19,2.06,4.77,2.72
2013-11-11,9.40,9.50,9.60,9.21,15466,14630000,0.08,0.85,4.14,2.46
2013-11-12,9.51,9.70,9.83,9.46,26596,25750000,0.20,2.11,3.89,4.23
2013-11-13,9.63,9.47,9.69,9.45,13737,13100000,-0.23,-2.37,2.47,2.18
2013-11-14,9.46,9.78,9.81,9.40,25899,25160000,0.31,3.27,4.33,4.12
2013-11-15,9.74,9.91,10.06,9.74,34806,34510000,0.13,1.33,3.27,5.53
2013-11-18,9.91,10.02,10.19,9.86,29161,29260000,0.11,1.11,3.33,4.64
2013-11-19,10.02,9.95,10.02,9.84,20036,19860000,-0.07,-0.70,1.80,3.19
2013-11-20,9.89,10.00,10.10,9.81,24774,24660000,0.05,0.50,2.91,3.94
2013-11-21,10.00,9.92,10.00,9.85,20115,19940000,-0.08,-0.80,1.50,3.20
2013-11-22,9.89,9.92,10.14,9.86,23506,23530000,0.00,0.00,2.82,3.74
2013-11-25,9.90,9.85,10.04,9.75,19440,19240000,-0.07,-0.71,2.92,3.09
2013-11-26,9.80,9.92,9.96,9.80,14481,14320000,0.07,0.71,1.62,2.30
2013-11-27,9.90,10.20,10.42,9.88,47232,47810000,0.28,2.82,5.44,7.51
2013-11-28,10.15,10.22,10.30,10.10,29096,29720000,0.02,0.20,1.96,4.63
2013-11-29,10.20,10.42,10.59,10.16,44958,46760000,0.20,1.96,4.21,7.15
2013-12-02,10.05,9.42,10.15,9.41,43820,42900000,-1.00,-9.60,7.10,6.97
2013-12-03,9.30,9.61,9.65,9.29,20368,19350000,0.19,2.02,3.82,3.24
2013-12-04,9.56,9.76,9.87,9.56,21932,21430000,0.15,1.56,3.23,3.49
2013-12-05,9.75,9.94,10.13,9.72,29727,29670000,0.18,1.84,4.20,4.73
2013-12-06,9.91,9.85,10.03,9.81,18769,18520000,-0.09,-0.91,2.21,2.98
2013-12-09,9.90,10.19,10.19,9.85,27916,28120000,0.34,3.45,3.45,4.44
2013-12-10,10.15,10.28,10.46,10.12,48212,49760000,0.09,0.88,3.34,7.66
2013-12-11,10.28,10.17,10.29,9.98,26377,26740000,-0.11,-1.07,3.02,4.19
2013-12-12,10.16,10.51,10.88,10.16,76012,80120000,0.34,3.34,7.08,12.08
2013-12-13,10.31,10.33,10.46,10.21,39695,40990000,-0.18,-1.71,2.38,6.31
2013-12-16,10.30,10.16,10.33,10.07,24248,24670000,-0.17,-1.65,2.52,3.85
2013-12-17,10.16,10.14,10.23,10.03,14373,14550000,-0.02,-0.20,1.97,2.28
2013-12-18,10.16,10.40,10.44,10.11,29507,30520000,0.26,2.56,3.25,4.69
2013-12-19,10.46,10.15,10.53,10.15,21220,21780000,-0.25,-2.40,3.65,3.37
2013-12-20,10.11,9.72,10.21,9.68,20883,20780000,-0.43,-4.24,5.22,3.32
2013-12-23,9.75,9.65,9.77,9.50,12240,11820000,-0.07,-0.72,2.78,1.95
2013-12-24,9.74,9.73,9.82,9.60,11669,11330000,0.08,0.83,2.28,1.86
2013-12-25,9.74,9.93,9.98,9.66,13252,13040000,0.20,2.06,3.29,2.11
2013-12-26,9.92,9.54,9.92,9.50,15067,14580000,-0.39,-3.93,4.23,2.40
2013-12-27,9.55,9.77,9.87,9.50,14861,14460000,0.23,2.41,3.88,2.36
2013-12-30,9.78,10.18,10.18,9.75,27247,27230000,0.41,4.20,4.40,4.33
2013-12-31,10.18,10.16,10.37,9.94,28246,28610000,-0.02,-0.20,4.22,4.49
2014-01-02,10.16,10.17,10.22,10.08,15481,15740000,0.01,0.10,1.38,2.46
2014-01-03,10.19,10.17,10.35,10.13,29869,30550000,0.00,0.00,2.16,4.75
2014-01-06,10.17,9.62,10.18,9.60,26212,25540000,-0.55,-5.41,5.70,4.17
2014-01-07,9.57,9.71,9.74,9.55,9513,9210000,0.09,0.94,1.98,1.51
2014-01-08,9.71,9.75,9.83,9.65,11770,11470000,0.04,0.41,1.85,1.87
2014-01-09,9.80,9.42,9.80,9.42,18484,17750000,-0.33,-3.38,3.90,2.94
2014-01-10,9.38,9.04,9.38,9.03,16661,15290000,-0.38,-4.03,3.72,2.65
2014-01-13,9.00,9.11,9.40,8.99,11324,10340000,0.07,0.77,4.54,1.80
2014-01-14,9.12,9.24,9.25,9.06,8918,8190000,0.13,1.43,2.09,1.42
2014-01-15,9.30,9.31,9.33,9.20,10874,10070000,0.07,0.76,1.41,1.73
2014-01-16,9.23,9.60,9.64,9.23,27974,26610000,0.29,3.11,4.40,4.45
2014-01-17,9.51,9.86,9.94,9.45,22693,22020000,0.26,2.71,5.10,3.61
2014-01-20,9.84,9.63,9.95,9.61,44291,43650000,-0.23,-2.33,3.45,7.04
2014-01-21,9.62,9.78,9.78,9.46,23829,22860000,0.15,1.56,3.32,3.79
2014-01-22,9.70,9.98,10.08,9.70,41812,41500000,0.20,2.05,3.89,6.65
2014-01-23,9.90,9.85,9.99,9.78,32386,31990000,-0.13,-1.30,2.10,5.15
2014-01-24,9.82,9.85,9.95,9.80,19260,19010000,0.00,0.00,1.52,3.06
2014-01-27,9.80,9.68,9.80,9.60,14521,14080000,-0.17,-1.73,2.03,2.31
2014-01-28,9.68,9.44,9.68,9.37,17624,16710000,-0.24,-2.48,3.20,2.80
2014-01-29,9.45,9.57,9.66,9.45,11873,11360000,0.13,1.38,2.22,1.89
2014-01-30,9.52,9.44,9.60,9.44,7902,7520000,-0.13,-1.36,1.67,1.26
2014-02-07,9.41,9.69,9.69,9.36,10500,10080000,0.25,2.65,3.50,1.55
2014-02-10,9.68,9.98,10.05,9.66,24165,23930000,0.29,2.99,4.02,3.56
2014-02-11,10.00,10.14,10.21,9.91,33693,34000000,0.16,1.60,3.01,4.96
2014-02-12,10.14,10.18,10.22,10.08,26653,27060000,0.04,0.39,1.38,3.93
2014-02-13,10.18,9.93,10.21,9.93,21009,21160000,-0.25,-2.46,2.75,3.09
2014-02-14,9.92,10.37,10.38,9.88,57534,59180000,0.44,4.43,5.04,8.47
2014-02-17,10.38,10.59,10.65,10.27,56332,58950000,0.22,2.12,3.66,8.30
2014-02-18,10.50,10.43,10.64,10.35,39735,41480000,-0.16,-1.51,2.74,5.85
2014-02-19,10.51,10.46,10.55,10.35,27522,28740000,0.03,0.29,1.92,4.05
2014-02-20,10.46,10.70,10.98,10.21,61454,65050000,0.24,2.29,7.36,9.05
2014-02-21,10.52,10.45,10.60,10.31,33167,34690000,-0.25,-2.34,2.71,4.88
2014-02-24,10.44,10.33,10.45,10.20,19585,20220000,-0.12,-1.15,2.39,2.88
2014-02-25,10.28,9.98,10.43,9.89,29091,29650000,-0.35,-3.39,5.23,4.28
2014-02-26,9.96,10.14,10.15,9.90,19539,19680000,0.16,1.60,2.51,2.88
2014-02-27,10.11,10.08,10.26,10.06,19944,20220000,-0.06,-0.59,1.97,2.94
2014-02-28,10.05,10.34,10.35,9.97,26961,27520000,0.26,2.58,3.77,3.97
2014-03-03,10.38,10.62,10.69,10.31,35844,37650000,0.28,2.71,3.68,5.28
2014-03-04,10.53,10.80,10.95,10.45,70829,75960000,0.18,1.69,4.71,10.43
2014-03-05,10.79,10.67,10.86,10.60,33574,35990000,-0.13,-1.20,2.41,4.94
2014-03-06,10.64,11.05,11.18,10.52,76122,83320000,0.38,3.56,6.19,11.21
2014-03-07,10.95,11.00,11.11,10.84,30893,33840000,-0.05,-0.45,2.44,4.55
2014-03-10,10.87,10.66,10.96,10.60,22730,24410000,-0.34,-3.09,3.27,3.35
2014-03-11,10.54,11.05,11.13,10.50,37013,40520000,0.39,3.66,5.91,5.45
2014-03-12,10.93,11.14,11.24,10.82,60594,67170000,0.09,0.81,3.80,8.92
2014-03-13,11.08,10.91,11.13,10.84,30671,33610000,-0.23,-2.06,2.60,4.52
2014-03-14,10.84,10.82,10.94,10.62,20899,22550000,-0.09,-0.82,2.93,3.08
2014-03-17,10.85,11.04,11.19,10.70,25873,28440000,0.22,2.03,4.53,3.81
2014-03-18,10.95,10.85,11.12,10.81,36226,39710000,-0.19,-1.72,2.81,5.33
2014-03-19,10.84,11.50,11.66,10.67,85987,96880000,0.65,5.99,9.12,12.66
2014-03-20,11.29,11.45,12.00,11.15,120502,140210000,-0.05,-0.43,7.39,17.75
2014-03-21,11.24,11.27,11.47,10.74,57487,64140000,-0.18,-1.57,6.38,8.47
2014-03-24,11.24,12.40,12.40,11.18,181879,221970000,1.13,10.03,10.83,26.78
2014-03-25,12.30,12.10,12.36,11.94,119277,144640000,-0.30,-2.42,3.39,17.57
2014-03-26,12.33,12.06,12.77,12.02,133919,166120000,-0.04,-0.33,6.20,19.72
2014-03-27,12.19,11.64,12.31,11.61,89458,106420000,-0.42,-3.48,5.80,13.17
2014-03-28,11.45,10.51,11.49,10.48,102920,112440000,-1.13,-9.71,8.68,15.16
2014-03-31,10.56,10.44,10.65,10.35,34259,35980000,-0.07,-0.67,2.85,5.05
2014-04-01,10.43,10.62,10.67,10.39,27559,28970000,0.18,1.72,2.68,4.06
2014-04-02,10.56,10.73,10.90,10.53,39596,42440000,0.11,1.04,3.48,5.83
2014-04-03,10.60,10.44,10.64,10.30,40582,42310000,-0.29,-2.70,3.17,5.98
2014-04-04,10.48,10.56,10.69,10.42,30780,32530000,0.12,1.15,2.59,4.53
2014-04-08,10.48,10.48,10.48,10.20,35002,36230000,-0.08,-0.76,2.65,5.15
2014-04-09,10.47,10.63,10.74,10.43,36940,39160000,0.15,1.43,2.96,5.44
2014-04-10,10.59,10.74,10.85,10.56,48455,52030000,0.11,1.03,2.73,7.14
2014-04-11,10.68,10.87,10.90,10.62,38719,41790000,0.13,1.21,2.61,5.70
2014-04-14,10.81,11.24,11.27,10.73,73824,81410000,0.37,3.40,4.97,10.87
2014-04-15,11.07,11.30,11.58,11.02,72973,82140000,0.06,0.53,4.98,10.75
2014-04-16,11.20,11.66,11.80,11.11,95498,110250000,0.36,3.19,6.11,14.06
2014-04-17,11.40,11.30,11.66,11.24,51348,58500000,-0.36,-3.09,3.60,7.56
2014-04-18,11.25,10.96,11.25,10.78,37380,41070000,-0.34,-3.01,4.16,5.50
2014-04-21,10.90,10.84,10.91,10.68,29802,32150000,-0.12,-1.09,2.10,4.39
2014-04-22,10.81,11.17,11.20,10.81,46117,50700000,0.33,3.04,3.60,6.79
2014-04-23,11.13,10.53,11.13,10.53,35377,38300000,-0.64,-5.73,5.37,5.21
2014-04-24,10.56,10.71,10.85,10.36,26985,28650000,0.18,1.71,4.65,3.97
2014-04-25,10.66,10.98,11.11,10.66,39336,42860000,0.27,2.52,4.20,5.79
2014-04-28,10.83,10.94,11.19,10.75,61595,67810000,-0.04,-0.36,4.01,9.07
2014-04-29,10.80,11.24,11.28,10.20,63458,68910000,0.30,2.74,9.87,9.35
2014-04-30,11.09,11.14,11.44,11.06,62467,69860000,-0.10,-0.89,3.38,9.20
2014-05-05,11.01,11.33,11.33,10.96,48106,53830000,0.19,1.71,3.32,7.08
2014-05-06,11.29,11.21,11.40,11.14,42712,48190000,-0.12,-1.06,2.29,6.29
2014-05-07,11.15,11.39,11.55,10.97,72962,82590000,0.18,1.61,5.17,10.74
2014-05-08,11.39,11.57,11.93,11.12,90893,105400000,0.18,1.58,7.11,13.39
2014-05-09,11.40,11.26,11.50,11.04,49323,55500000,-0.31,-2.68,3.98,7.26
2014-05-12,11.26,11.74,11.82,11.17,71550,82470000,0.48,4.26,5.77,10.54
2014-05-13,11.69,11.62,11.80,11.43,46613,54120000,-0.12,-1.02,3.15,6.86
2014-05-14,11.66,11.32,11.76,11.30,45240,52100000,-0.30,-2.58,3.96,6.66
2014-05-15,11.27,10.93,11.43,10.93,42506,47500000,-0.39,-3.45,4.42,6.26
2014-05-16,11.08,10.76,11.08,10.56,33220,35700000,-0.17,-1.56,4.76,4.89
2014-05-19,10.78,10.82,10.86,10.63,15521,16730000,0.06,0.56,2.14,2.29
2014-05-20,10.80,10.59,10.93,10.57,23233,24920000,-0.23,-2.13,3.33,3.42
2014-05-21,10.56,10.75,10.77,10.49,17245,18410000,0.16,1.51,2.64,2.54
2014-05-22,10.70,10.88,10.98,10.69,29051,31500000,0.13,1.21,2.70,4.28
2014-05-23,10.87,10.92,11.02,10.83,20847,22740000,0.04,0.37,1.75,3.07
2014-05-26,10.93,10.97,10.99,10.81,27381,29930000,0.05,0.46,1.65,4.03
2014-05-27,10.99,10.73,10.99,10.71,21775,23740000,-0.24,-2.19,2.55,3.21
2014-05-28,10.74,11.00,11.00,10.51,32084,34640000,0.27,2.52,4.57,4.72
2014-05-29,10.99,10.86,10.99,10.82,19875,21640000,-0.14,-1.27,1.55,2.93
2014-05-30,10.82,11.08,11.15,10.81,29057,31990000,0.22,2.03,3.13,4.28
2014-06-03,11.09,11.46,11.62,11.00,88383,100350000,0.38,3.43,5.60,13.02
2014-06-04,11.25,11.45,11.54,11.22,48049,54490000,-0.01,-0.09,2.79,7.08
2014-06-05,11.40,11.40,11.45,11.22,31811,36060000,-0.05,-0.44,2.01,4.68
2014-06-06,11.37,11.26,11.60,11.25,37447,42810000,-0.14,-1.23,3.07,5.51
2014-06-09,11.26,11.10,11.33,11.09,24031,26910000,-0.16,-1.42,2.13,3.54
2014-06-10,11.09,11.16,11.19,10.87,27410,30220000,0.06,0.54,2.88,4.04
2014-06-11,11.15,11.23,11.28,11.07,21646,24220000,0.07,0.63,1.88,3.19
2014-06-12,11.18,11.32,11.42,10.88,37080,41320000,0.09,0.80,4.81,5.46
2014-06-13,11.30,11.36,11.44,11.17,30309,34330000,0.04,0.35,2.39,4.46
2014-06-16,11.37,11.47,11.53,11.30,30281,34630000,0.11,0.97,2.02,4.46
2014-06-17,11.46,11.19,11.46,11.18,21267,24030000,-0.26,-2.27,2.45,3.13
2014-06-18,11.23,11.56,11.72,11.15,53802,61930000,0.37,3.31,5.09,7.92
2014-06-19,11.52,11.05,11.80,10.87,58133,66120000,-0.51,-4.41,8.05,8.56
2014-06-20,11.05,11.18,11.19,10.61,26547,28970000,0.13,1.18,5.25,3.91
2014-06-23,11.18,11.47,11.49,11.06,32849,37370000,0.29,2.59,3.85,4.84
2014-06-24,11.45,11.60,11.67,11.35,40825,47130000,0.13,1.13,2.79,6.01
2014-06-25,11.61,11.61,11.87,11.42,62505,72800000,0.01,0.09,3.88,9.20
2014-06-26,11.57,11.71,11.83,11.57,52200,61270000,0.10,0.86,2.24,7.69
2014-06-27,11.71,11.81,12.03,11.66,57904,68860000,0.10,0.85,3.16,8.53
2014-06-30,11.85,11.79,11.86,11.64,33531,39350000,-0.02,-0.17,1.86,4.94
2014-07-01,11.80,11.82,11.82,11.59,33464,39110000,0.03,0.25,1.95,4.93
2014-07-02,11.78,11.80,11.87,11.58,33616,39380000,-0.02,-0.17,2.45,4.95
2014-07-03,11.76,12.04,12.33,11.66,76402,92180000,0.24,2.03,5.68,11.25
2014-07-04,12.00,11.97,12.12,11.85,36437,43630000,-0.07,-0.58,2.24,5.37
2014-07-07,11.99,11.96,12.11,11.68,28586,33920000,-0.01,-0.08,3.59,4.21
2014-07-08,11.94,12.17,12.26,11.86,46436,56210000,0.21,1.76,3.34,6.84
2014-07-09,12.19,11.67,12.19,11.67,42962,51180000,-0.50,-4.11,4.27,6.33
2014-07-10,11.69,11.73,11.83,11.60,30025,35150000,0.06,0.51,1.97,4.42
2014-07-11,11.73,12.07,12.18,11.62,41557,49750000,0.34,2.90,4.77,6.12
2014-07-14,12.09,12.14,12.19,11.95,32700,39440000,0.07,0.58,1.99,4.82
2014-07-15,12.14,12.05,12.19,11.78,30987,37090000,-0.09,-0.74,3.38,4.56
2014-07-16,12.00,12.35,12.53,11.91,86154,106010000,0.30,2.49,5.15,12.69
2014-07-17,12.31,12.19,12.33,11.96,36604,44320000,-0.16,-1.30,3.00,5.39
2014-07-18,12.20,12.06,12.24,12.02,26301,31880000,-0.13,-1.07,1.80,3.87
2014-07-21,12.07,11.86,12.25,11.85,24884,29840000,-0.20,-1.66,3.32,3.66
2014-07-22,11.85,11.99,12.04,11.75,25375,30320000,0.13,1.10,2.45,3.74
2014-07-23,11.98,11.61,11.98,11.51,39414,46200000,-0.38,-3.17,3.92,5.80
2014-07-24,11.61,11.62,11.70,11.45,20046,23210000,0.01,0.09,2.15,2.95
2014-07-25,11.62,11.81,11.84,11.57,18737,21970000,0.19,1.64,2.32,2.76
2014-07-28,11.81,11.97,11.99,11.81,35129,41840000,0.16,1.35,1.52,5.17
2014-07-29,12.00,12.07,12.30,11.98,64961,78780000,0.10,0.84,2.67,9.57
2014-07-30,12.01,12.13,12.25,11.93,40144,48490000,0.06,0.50,2.65,5.91
2014-07-31,12.10,12.13,12.15,12.01,23295,28180000,0.00,0.00,1.15,3.43
2014-08-01,12.03,11.98,12.38,11.95,47565,57870000,-0.15,-1.24,3.54,7.00
2014-08-04,11.86,12.10,12.10,11.65,36397,43370000,0.12,1.00,3.76,5.36
2014-08-05,12.16,12.39,12.49,12.05,82606,101720000,0.29,2.40,3.64,12.17
2014-08-06,12.33,12.62,12.68,12.25,74144,93040000,0.23,1.86,3.47,10.92
2014-08-07,12.59,12.83,13.36,12.51,157288,202930000,0.21,1.66,6.74,23.16
2014-08-08,12.75,12.72,12.98,12.56,90529,115480000,-0.11,-0.86,3.27,13.33
2014-08-11,12.66,12.74,12.83,12.56,53682,68050000,0.02,0.16,2.12,7.91
2014-08-12,12.73,12.60,12.73,12.49,40903,51420000,-0.14,-1.10,1.88,6.02
2014-08-13,12.61,12.70,12.80,12.53,37372,47270000,0.10,0.79,2.14,5.50
2014-08-14,12.70,12.55,12.78,12.53,35981,45550000,-0.15,-1.18,1.97,5.30
2014-08-15,12.53,12.54,12.65,12.41,31310,39230000,-0.01,-0.08,1.91,4.61
2014-08-18,12.50,12.85,12.92,12.46,45503,57820000,0.31,2.47,3.67,6.70
2014-08-19,12.80,12.63,12.83,12.56,43872,55640000,-0.22,-1.71,2.10,6.46
2014-08-20,12.63,12.83,12.92,12.52,42715,54410000,0.20,1.58,3.17,6.29
2014-08-21,12.84,12.86,12.94,12.61,36085,46100000,0.03,0.23,2.57,5.31
2014-08-22,12.86,13.18,13.33,12.77,69845,91760000,0.32,2.49,4.35,10.29
2014-08-25,13.18,12.67,13.18,12.66,52303,67040000,-0.51,-3.87,3.95,7.70
2014-08-26,12.65,12.36,12.75,12.22,33195,41300000,-0.31,-2.45,4.18,4.89
2014-08-27,12.37,12.40,12.48,12.27,17533,21700000,0.04,0.32,1.70,2.58
2014-08-28,12.40,12.17,12.52,12.16,24901,30680000,-0.23,-1.85,2.90,3.67
2014-08-29,12.27,12.41,12.45,12.12,18879,23190000,0.24,1.97,2.71,2.78
2014-09-01,12.38,12.63,12.67,12.35,19395,24410000,0.22,1.77,2.58,2.86
2014-09-02,12.56,12.75,12.82,12.56,26946,34300000,0.12,0.95,2.06,3.97
2014-09-03,12.75,13.23,13.30,12.67,81106,105720000,0.48,3.76,4.94,11.94
2014-09-04,13.16,13.36,13.47,13.08,90044,119750000,0.13,0.98,2.95,13.26
2014-09-05,13.29,13.56,13.64,13.00,93186,124650000,0.20,1.50,4.79,13.72
2014-09-09,13.36,13.37,13.46,13.25,71658,95730000,-0.19,-1.40,1.55,10.55
2014-09-10,13.33,13.38,13.41,13.01,46891,62190000,0.01,0.07,2.99,6.91
2014-09-11,13.30,13.21,13.48,13.11,46865,62450000,-0.17,-1.27,2.77,6.90
2014-09-12,13.26,13.35,13.36,13.18,38650,51410000,0.14,1.06,1.36,5.69
2014-09-15,13.35,13.49,13.57,13.23,48951,65540000,0.14,1.05,2.55,7.21
2014-09-16,13.47,13.13,14.00,13.03,83406,113420000,-0.36,-2.67,7.19,12.28
2014-09-17,13.08,13.31,13.43,12.91,38506,50750000,0.18,1.37,3.96,5.67
2014-09-18,13.32,13.60,13.66,13.08,45070,60630000,0.29,2.18,4.36,6.64
2014-09-19,13.55,13.55,13.69,13.26,36239,48880000,-0.05,-0.37,3.16,5.34
2014-09-22,13.49,13.24,13.49,13.11,27272,36170000,-0.31,-2.29,2.80,4.02
2014-09-23,13.21,13.42,13.47,13.15,28580,38130000,0.18,1.36,2.42,4.21
2014-09-24,13.38,13.70,13.86,13.30,48850,66760000,0.28,2.09,4.17,7.19
2014-09-25,13.70,13.59,13.85,13.51,39766,54440000,-0.11,-0.80,2.48,5.86
2014-09-26,13.58,13.96,14.09,13.46,48903,67590000,0.37,2.72,4.64,7.20
2014-09-29,13.95,14.40,14.47,13.84,61783,87750000,0.44,3.15,4.51,9.10
2014-09-30,14.40,14.24,14.46,14.12,33686,47940000,-0.16,-1.11,2.36,4.96
2014-10-08,14.22,14.25,14.30,13.99,33272,47030000,0.01,0.07,2.18,4.90
2014-10-09,14.25,14.08,14.40,13.86,47519,66890000,-0.17,-1.19,3.79,7.00
2014-10-10,14.00,14.10,14.22,13.90,29611,41560000,0.02,0.14,2.27,4.36
2014-10-13,14.06,13.93,14.06,13.70,27457,38050000,-0.17,-1.21,2.55,4.04
2014-10-14,13.92,14.44,14.45,13.86,56637,80320000,0.51,3.66,4.24,8.34
2014-10-15,14.60,14.47,14.97,14.30,82058,119540000,0.03,0.21,4.64,12.08
2014-10-16,14.38,15.53,15.92,14.13,181184,276180000,1.06,7.33,12.37,26.68
2014-10-17,15.30,15.56,16.38,15.28,189259,300180000,0.03,0.19,7.08,27.87
2014-10-20,15.40,15.64,15.65,15.11,63078,96790000,0.08,0.51,3.47,9.29
2014-10-21,15.51,14.88,15.59,14.80,59398,90300000,-0.76,-4.86,5.05,8.75
2014-10-22,14.81,14.58,15.07,14.57,34834,51630000,-0.30,-2.02,3.36,5.13
2014-10-23,14.50,14.20,14.68,14.12,35181,50350000,-0.38,-2.61,3.84,5.18
2014-10-24,14.19,14.22,14.37,14.07,22268,31610000,0.02,0.14,2.11,3.28
2014-10-27,14.20,14.60,15.00,14.00,36193,52090000,0.38,2.67,7.03,5.33
2014-10-28,14.57,15.02,15.09,14.57,48916,72270000,0.42,2.88,3.56,7.20
2014-10-29,15.10,15.02,15.35,14.95,49490,74970000,0.00,0.00,2.66,7.29
2014-10-30,15.05,15.04,15.29,14.90,35998,54340000,0.02,0.13,2.60,5.30
2014-10-31,15.09,14.89,15.16,14.73,30360,45220000,-0.15,-1.00,2.86,4.47
2014-11-03,14.94,15.38,15.38,14.84,38917,59050000,0.49,3.29,3.63,5.73
2014-11-04,15.38,14.95,15.38,14.92,35117,53160000,-0.43,-2.80,2.99,5.17
2014-11-05,14.86,15.13,15.17,14.86,24149,36270000,0.18,1.20,2.07,3.56
2014-11-06,15.14,15.62,15.64,14.96,53871,82810000,0.49,3.24,4.49,7.93
2014-11-07,15.60,15.23,15.75,15.20,50399,78120000,-0.39,-2.50,3.52,7.42
2014-11-10,15.24,15.39,15.41,14.96,28443,43080000,0.16,1.05,2.95,4.19
2014-11-11,15.29,14.31,15.32,13.90,53488,77570000,-1.08,-7.02,9.23,7.88
2014-11-12,14.14,14.54,14.59,14.06,19838,28650000,0.23,1.61,3.70,2.92
2014-11-13,14.36,14.79,14.90,13.96,42809,61850000,0.25,1.72,6.46,6.30
2014-11-14,14.73,14.47,15.00,14.15,24034,34560000,-0.32,-2.16,5.75,3.54
2014-11-17,14.46,14.65,14.80,14.29,17836,26060000,0.18,1.24,3.52,2.63
2014-11-18,14.66,14.46,14.66,14.42,17374,25220000,-0.19,-1.30,1.64,2.56
2014-11-19,14.45,14.73,14.81,14.40,21677,31780000,0.27,1.87,2.84,3.19
2014-11-20,14.74,14.68,14.97,14.68,25928,38440000,-0.05,-0.34,1.97,3.82
2014-11-21,14.67,14.76,14.82,14.59,20420,30080000,0.08,0.55,1.57,3.01
2014-11-24,14.81,14.84,15.00,14.76,30364,45110000,0.08,0.54,1.63,4.47
2014-11-25,14.90,15.25,15.33,14.88,47272,71390000,0.41,2.76,3.03,6.96
2014-11-26,15.28,15.12,15.40,14.96,35478,53590000,-0.13,-0.85,2.89,5.22
2014-11-27,15.14,15.17,15.30,15.08,33483,50810000,0.05,0.33,1.46,4.93
2014-11-28,15.19,15.00,15.30,14.91,34258,51680000,-0.17,-1.12,2.57,5.05
2014-12-01,15.00,14.66,15.00,14.62,25140,37040000,-0.34,-2.27,2.53,3.70
2014-12-02,14.61,14.90,14.90,14.61,31086,45850000,0.24,1.64,1.98,4.58
2014-12-03,15.00,15.10,15.20,14.88,31265,46960000,0.20,1.34,2.15,4.60
2014-12-04,15.10,15.21,15.29,15.10,36163,54940000,0.11,0.73,1.26,5.33
2014-12-05,15.22,14.33,15.28,13.69,42350,61260000,-0.88,-5.79,10.45,6.24
2014-12-08,14.33,14.05,14.38,13.98,36380,51230000,-0.28,-1.95,2.79,5.36
2014-12-09,14.04,13.45,14.04,13.43,36720,50380000,-0.60,-4.27,4.34,5.41
2014-12-10,13.45,13.90,13.95,13.40,17577,24200000,0.45,3.35,4.09,2.59
2014-12-11,13.90,14.08,14.10,13.65,17556,24510000,0.18,1.30,3.24,2.59
2014-12-12,14.10,14.30,14.35,14.02,19508,27680000,0.22,1.56,2.34,2.87
2014-12-15,14.30,14.46,14.53,14.10,19522,27980000,0.16,1.12,3.01,2.87
2014-12-16,14.46,15.30,15.38,14.46,113543,170800000,0.84,5.81,6.36,16.72
2014-12-17,15.20,15.54,15.65,14.85,119364,183790000,0.24,1.57,5.23,17.58
2014-12-18,15.55,15.88,16.03,15.20,109911,173610000,0.34,2.19,5.34,16.19
2014-12-19,15.96,15.78,16.66,15.00,93445,145960000,-0.10,-0.63,10.45,13.76
2014-12-22,15.70,15.56,15.70,14.35,72521,109740000,-0.22,-1.39,8.56,10.68
2014-12-23,15.50,15.50,15.87,15.18,70694,109440000,-0.06,-0.39,4.43,10.41
2014-12-24,15.59,15.99,15.99,15.30,103836,163240000,0.49,3.16,4.45,15.29
2014-12-25,16.29,15.90,16.63,15.76,113700,183140000,-0.09,-0.56,5.44,16.74
2014-12-26,15.70,16.08,16.39,15.18,120258,190920000,0.18,1.13,7.61,17.71
2014-12-29,16.00,15.58,16.59,15.15,75255,118100000,-0.50,-3.11,8.96,11.08
2014-12-30,15.32,14.56,15.53,14.48,70633,104930000,-1.02,-6.55,6.74,10.40
2014-12-31,14.56,15.29,15.50,14.27,51916,77480000,0.73,5.01,8.45,7.65
2015-01-05,15.15,15.07,15.20,14.80,31250,46860000,-0.22,-1.44,2.62,4.60
2015-01-06,15.05,15.12,15.26,14.51,30050,44890000,0.05,0.33,4.98,4.43
2015-01-07,15.01,15.03,15.22,14.80,19995,29980000,-0.09,-0.60,2.78,2.94
2015-01-08,15.06,14.87,15.08,14.75,16049,23910000,-0.16,-1.06,2.20,2.36
2015-01-09,14.82,14.90,15.39,14.75,29495,44610000,0.03,0.20,4.30,4.34
2015-01-12,14.75,14.68,14.80,14.32,25498,36990000,-0.22,-1.48,3.22,3.76
2015-01-13,14.52,14.86,14.98,14.52,17354,25560000,0.18,1.23,3.13,2.56
2015-01-14,14.87,14.66,14.94,14.61,11929,17630000,-0.20,-1.35,2.22,1.76
2015-01-15,14.70,14.65,14.73,14.52,10131,14820000,-0.01,-0.07,1.43,1.49
2015-01-16,14.70,14.66,14.78,14.60,15058,22100000,0.01,0.07,1.23,2.22
2015-01-19,14.03,13.72,14.65,13.50,27680,39220000,-0.94,-6.41,7.84,4.08
2015-01-20,13.70,14.11,14.19,13.70,20299,28380000,0.39,2.84,3.57,2.99
2015-01-21,14.16,14.69,14.79,14.11,21378,30790000,0.58,4.11,4.82,3.15
2015-01-22,14.59,15.01,15.02,14.56,27203,40310000,0.32,2.18,3.13,4.01
2015-01-23,15.28,14.67,15.28,14.65,16092,23880000,-0.34,-2.27,4.20,2.37
2015-01-26,14.69,14.82,14.84,14.51,12639,18630000,0.15,1.02,2.25,1.86
2015-01-27,14.77,15.10,15.18,14.73,29650,44330000,0.28,1.89,3.04,4.37
2015-01-28,15.01,14.83,15.24,14.80,19184,28710000,-0.27,-1.79,2.91,2.83
2015-01-29,14.90,15.20,15.52,13.35,66645,101050000,0.37,2.49,14.63,9.81
2015-01-30,15.20,14.82,15.20,14.66,33369,49630000,-0.38,-2.50,3.55,4.91
2015-02-02,14.62,14.58,14.79,14.28,12791,18700000,-0.24,-1.62,3.44,1.88
2015-02-03,14.59,14.89,14.93,14.51,17573,25970000,0.31,2.13,2.88,2.59
2015-02-04,14.88,14.86,14.97,14.76,12480,18580000,-0.03,-0.20,1.41,1.84
2015-02-05,14.79,14.68,15.22,14.63,20005,29850000,-0.18,-1.21,3.97,2.95
2015-02-06,14.50,14.37,14.82,14.25,16819,24360000,-0.31,-2.11,3.88,2.48
2015-02-09,14.42,14.60,14.80,14.11,19811,28820000,0.23,1.60,4.80,2.92
2015-02-10,14.60,14.67,14.89,14.51,10629,15650000,0.07,0.48,2.60,1.57
2015-02-11,14.65,14.75,14.87,14.56,7592,11180000,0.08,0.55,2.11,1.12
2015-02-12,14.76,14.80,15.05,14.75,15250,22740000,0.05,0.34,2.03,2.25
2015-02-13,14.95,14.99,15.08,14.80,22780,34170000,0.19,1.28,1.89,3.35
2015-02-16,15.01,15.48,15.53,15.01,61990,95200000,0.49,3.27,3.47,9.13
2015-02-17,15.49,15.26,15.55,15.20,17224,26410000,-0.22,-1.42,2.26,2.54
2015-05-07,16.79,16.79,16.79,16.79,10719,18000000,1.53,10.03,0.00,1.58
2015-05-08,18.47,18.47,18.47,16.60,215414,386020000,1.68,10.01,11.14,31.72
2015-05-11,18.47,19.00,20.20,18.00,283906,539750000,0.53,2.87,11.91,41.81
2015-05-12,18.52,19.40,19.98,18.51,213727,408140000,0.40,2.11,7.74,31.47
2015-05-13,19.00,21.14,21.30,18.70,226467,451600000,1.74,8.97,13.40,33.35
2015-05-14,20.70,20.33,21.69,20.32,161171,335920000,-0.81,-3.83,6.48,23.74
2015-05-15,20.03,19.42,20.15,19.22,116312,228250000,-0.91,-4.48,4.57,17.13
2015-05-18,19.13,20.08,20.35,19.05,108652,216150000,0.66,3.40,6.69,16.00
2015-05-19,20.12,20.28,20.46,19.61,92872,186260000,0.20,1.00,4.23,13.68
2015-05-20,20.58,20.60,21.58,20.22,122641,256700000,0.32,1.58,6.71,18.06
2015-05-21,20.85,22.66,22.66,20.50,131701,283460000,2.06,10.00,10.49,19.40
2015-05-22,23.10,23.81,24.61,23.00,157363,372720000,1.15,5.08,7.11,23.17
2015-05-25,23.56,24.88,25.47,23.20,125578,300540000,1.07,4.49,9.53,18.49
2015-05-26,24.56,25.40,26.95,24.41,113533,290450000,0.52,2.09,10.21,16.72
2015-05-27,25.00,25.81,26.58,24.51,107354,274260000,0.41,1.61,8.15,15.81
2015-05-28,25.28,23.24,27.20,23.23,131168,333480000,-2.57,-9.96,15.38,19.32
2015-05-29,23.30,22.88,23.99,21.20,101196,230750000,-0.36,-1.55,12.01,14.90
2015-06-01,22.66,24.19,24.19,22.30,82009,194260000,1.31,5.73,8.26,12.08
2015-06-02,24.22,25.29,25.48,24.22,80560,200620000,1.10,4.55,5.21,11.86
2015-06-03,25.50,25.05,25.97,24.30,88741,224200000,-0.24,-0.95,6.60,13.07
2015-06-04,25.26,25.13,25.33,22.60,85451,208300000,0.08,0.32,10.90,12.58
2015-06-05,25.16,25.28,25.97,24.30,91814,233060000,0.15,0.60,6.65,13.52
2015-06-08,25.27,26.20,26.25,24.76,104240,264850000,0.92,3.64,5.89,15.35
2015-06-09,26.00,27.28,28.16,25.73,109014,296520000,1.08,4.12,9.27,16.05
2015-06-10,26.90,27.33,27.90,26.00,76313,207520000,0.05,0.18,6.96,11.24
2015-06-11,27.00,26.97,27.47,26.60,52356,141210000,-0.35,-1.28,3.18,7.71
2015-06-12,26.85,27.41,28.36,26.66,73337,201080000,0.44,1.63,6.30,10.80
2015-06-15,27.18,26.38,27.45,26.30,57699,155090000,-1.03,-3.76,4.20,8.50
2015-06-16,26.00,24.36,26.00,23.80,61236,153390000,-2.02,-7.66,8.34,9.02
2015-06-17,24.30,25.48,25.76,24.06,46298,115440000,1.12,4.60,6.98,6.82
2015-06-18,25.50,24.80,26.25,24.50,38295,97710000,-0.68,-2.67,6.87,5.64
2015-06-19,24.01,22.32,24.74,22.32,50196,116070000,-2.48,-10.00,9.76,7.39
2015-06-23,22.35,21.76,22.92,20.21,48284,104020000,-0.56,-2.51,12.14,7.11
2015-06-24,21.77,22.41,22.80,21.76,58014,129160000,0.65,2.99,4.78,8.54
2015-06-25,22.50,21.14,22.67,20.80,42370,92490000,-1.27,-5.67,8.34,6.24
2015-06-26,20.50,19.03,20.78,19.03,63648,125000000,-2.11,-9.98,8.28,9.37
2015-06-29,19.81,18.30,19.98,17.21,82647,155230000,-0.73,-3.84,14.56,12.17
2015-06-30,18.07,20.13,20.13,16.95,69156,128560000,1.83,10.00,17.38,10.18
2015-07-01,20.00,19.15,21.48,19.15,76870,156800000,-0.98,-4.87,11.57,11.32
2015-07-02,18.88,18.20,19.93,17.62,64648,122040000,-0.95,-4.96,12.06,9.52
2015-07-03,17.90,16.38,18.85,16.38,59823,101490000,-1.82,-10.00,13.57,8.81
2015-07-06,18.02,14.74,18.02,14.74,81493,128660000,-1.64,-10.01,20.02,12.00
2015-07-07,13.82,13.27,13.85,13.27,14902,19930000,-1.47,-9.97,3.93,2.19
2015-07-08,11.94,12.76,13.20,11.94,115469,139360000,-0.51,-3.84,9.50,17.00
2015-07-09,12.02,14.04,14.04,11.88,59738,80160000,1.28,10.03,16.93,8.80
2015-07-10,14.70,15.44,15.44,13.85,55604,84850000,1.40,9.97,11.32,8.19
2015-07-13,16.02,16.98,16.98,15.89,79430,130990000,1.54,9.97,7.06,11.70
2015-07-14,16.70,16.43,17.88,16.03,92290,155550000,-0.55,-3.24,10.90,13.59
2015-07-15,16.02,14.79,16.19,14.79,47503,72410000,-1.64,-9.98,8.52,7.00
2015-07-16,14.79,15.42,15.82,13.56,56505,84650000,0.63,4.26,15.28,8.32
2015-07-17,15.88,16.96,16.96,15.45,56020,92520000,1.54,9.99,9.79,8.25
2015-07-20,17.25,17.46,17.77,16.12,61944,106640000,0.50,2.95,9.73,9.12
2015-07-21,17.27,17.45,17.83,16.87,34472,60210000,-0.01,-0.06,5.50,5.08
2015-07-22,17.40,17.36,17.70,16.70,31408,54060000,-0.09,-0.52,5.73,4.63
2015-07-23,17.99,18.25,18.69,17.80,52558,95320000,0.89,5.13,5.13,7.74
2015-07-24,18.02,19.09,19.77,17.70,77827,144620000,0.84,4.60,11.34,11.46
2015-07-27,18.60,17.18,19.07,17.18,40521,73740000,-1.91,-10.01,9.90,5.97
2015-07-28,15.46,15.46,16.97,15.46,40903,64890000,-1.72,-10.01,8.79,6.02
2015-07-29,15.71,16.90,16.90,13.91,64229,97820000,1.44,9.31,19.34,9.46
2015-07-30,16.40,16.77,17.55,15.88,56978,96180000,-0.13,-0.77,9.88,8.39
2015-07-31,16.05,15.61,16.58,15.10,37341,59700000,-1.16,-6.92,8.83,1.87
2015-08-03,15.21,14.49,16.15,14.05,34619,52210000,-1.12,-7.17,13.45,1.73
2015-08-04,14.60,15.65,15.65,14.52,40195,60570000,1.16,8.01,7.80,2.01
2015-08-05,15.65,15.41,16.43,15.18,37454,58990000,-0.24,-1.53,7.99,1.87
2015-08-06,15.02,15.29,15.64,14.82,22544,34260000,-0.12,-0.78,5.32,1.13
2015-08-07,15.41,16.12,16.16,15.41,40266,63930000,0.83,5.43,4.91,2.01
2015-08-10,16.40,17.73,17.73,16.22,62264,107220000,1.61,9.99,9.37,3.11
2015-08-11,17.64,19.50,19.50,17.63,89873,169240000,1.77,9.98,10.55,4.49
2015-08-12,19.03,21.35,21.45,18.80,99524,205250000,1.85,9.49,13.59,4.98
2015-08-13,21.00,21.35,21.90,20.20,82460,173220000,0.00,0.00,7.96,4.12
2015-08-14,21.18,21.75,22.36,20.63,66324,143780000,0.40,1.87,8.10,3.32
2015-08-17,21.38,22.15,23.46,20.80,71951,159100000,0.40,1.84,12.23,3.60
2015-08-18,22.00,22.00,22.17,19.94,78512,166530000,-0.15,-0.68,10.07,3.93
2015-08-19,20.80,22.20,23.47,19.81,85994,189270000,0.20,0.91,16.64,4.30
2015-08-20,22.31,22.18,22.79,21.26,56172,123860000,-0.02,-0.09,6.89,2.81
2015-08-21,21.72,20.07,22.10,20.07,33621,71070000,-2.11,-9.51,9.15,1.68
2015-08-24,19.20,19.97,20.07,18.06,97161,183840000,-0.10,-0.50,10.01,4.86
2015-08-25,17.97,17.97,18.98,17.97,42034,75810000,-2.00,-10.02,5.06,2.10
2015-08-26,17.00,16.17,17.30,16.17,109350,179010000,-1.80,-10.02,6.29,5.47
2015-08-27,15.99,15.64,16.35,14.55,74134,112100000,-0.53,-3.28,11.13,3.71
2015-08-28,15.39,16.95,16.99,15.39,82592,134940000,1.31,8.38,10.23,4.13
2015-08-31,16.60,17.50,18.65,16.50,98768,172790000,0.55,3.24,12.68,4.94
2015-09-01,17.50,17.90,19.25,16.02,80518,139430000,0.40,2.29,18.46,4.03
2015-09-02,17.65,17.02,18.20,16.88,53206,92150000,-0.88,-4.92,7.37,2.66
2015-09-07,17.01,15.90,17.70,15.42,95806,156150000,-1.12,-6.58,13.40,4.79
2015-09-08,15.90,17.15,17.15,15.50,42416,69500000,1.25,7.86,10.38,2.12
2015-09-09,17.30,17.68,18.38,17.10,113103,200280000,0.53,3.09,7.46,5.66
2015-09-10,17.66,17.30,18.00,16.91,32324,56540000,-0.38,-2.15,6.17,1.62
2015-09-11,17.26,17.37,17.66,17.01,17526,30380000,0.07,0.40,3.76,0.88
2015-09-14,17.08,15.63,17.60,15.63,22217,36280000,-1.74,-10.02,11.34,1.11
2015-09-15,14.86,14.07,15.89,14.07,61907,90970000,-1.56,-9.98,11.64,3.10
2015-09-16,14.00,15.48,15.48,12.71,87960,121740000,1.41,10.02,19.69,4.40
2015-09-17,14.99,15.96,15.96,14.30,76949,115960000,0.48,3.10,10.72,3.85
2015-09-18,15.00,16.24,16.88,14.46,119448,182900000,0.28,1.75,15.16,5.97
2015-09-21,15.58,16.48,17.19,15.40,62907,102600000,0.24,1.48,11.02,3.15
2015-09-22,16.24,18.13,18.13,16.11,113964,200320000,1.65,10.01,12.26,5.70
2015-09-23,18.01,19.94,19.94,17.71,79246,151380000,1.81,9.98,12.30,3.96
2015-09-24,19.89,17.95,20.20,17.95,334460,608730000,-1.99,-9.98,11.28,16.72
2015-09-25,16.59,16.16,16.59,16.16,49907,80950000,-1.79,-9.97,2.40,2.50
2015-09-28,14.55,15.07,15.58,14.54,157028,235590000,-1.09,-6.75,6.44,7.85
2015-09-29,14.51,14.62,15.35,14.42,93831,139420000,-0.45,-2.99,6.17,4.69
2015-09-30,14.88,14.40,14.88,14.35,60889,88650000,-0.22,-1.50,3.63,3.04
2015-10-08,14.80,14.82,15.05,14.63,77633,115320000,0.42,2.92,2.92,3.88
2015-10-09,14.80,15.15,15.30,14.68,74620,112540000,0.33,2.23,4.18,3.73
2015-10-12,15.20,15.85,16.10,15.20,92731,144970000,0.70,4.62,5.94,4.64
2015-10-13,15.58,16.08,16.30,15.55,81375,130100000,0.23,1.45,4.73,4.07
2015-10-14,16.05,15.30,16.29,15.29,82718,130010000,-0.78,-4.85,6.22,4.14
2015-10-15,15.22,15.90,15.93,15.21,76845,120470000,0.60,3.92,4.71,3.84
2015-10-16,15.96,16.51,16.64,15.90,107668,175760000,0.61,3.84,4.65,5.38
2015-10-19,16.37,15.97,16.79,15.71,110799,181110000,-0.54,-3.27,6.54,5.54
2015-10-20,15.88,16.92,17.12,15.74,121576,200780000,0.95,5.95,8.64,6.08
2015-10-21,16.76,15.47,16.80,15.23,105808,170170000,-1.45,-8.57,9.28,5.29
2015-10-22,15.27,16.56,16.76,15.27,96233,152060000,1.09,7.05,9.63,4.81
2015-10-23,16.48,17.92,18.16,16.45,136603,236270000,1.36,8.21,10.33,6.83
2015-10-26,17.95,17.75,18.50,17.45,73000,130740000,-0.17,-0.95,5.86,3.65
2015-10-27,17.76,18.59,19.20,17.48,90161,164050000,0.84,4.73,9.69,4.51
2015-10-28,18.38,18.08,19.26,18.00,66762,125050000,-0.51,-2.74,6.78,3.34
2015-10-29,18.37,17.52,18.37,17.40,62422,110880000,-0.56,-3.10,5.37,3.12
2015-10-30,17.56,17.57,17.98,17.26,36166,64120000,0.05,0.29,4.11,1.81
2015-11-02,17.40,17.35,18.12,17.02,35874,63280000,-0.22,-1.25,6.26,1.79
2015-11-03,17.50,16.85,17.72,15.90,53403,89030000,-0.50,-2.88,10.49,2.67
2015-11-04,16.71,17.90,18.05,16.60,46890,81970000,1.05,6.23,8.61,2.34
2015-11-05,17.96,18.00,18.27,17.70,51640,92860000,0.10,0.56,3.18,2.58
2015-11-06,17.86,18.77,18.93,17.86,74074,137360000,0.77,4.28,5.94,3.70
2015-11-09,18.45,19.16,19.30,18.19,44302,82900000,0.39,2.08,5.91,2.22
2015-11-10,19.18,18.90,19.85,18.61,68791,131950000,-0.26,-1.36,6.47,3.44
2015-11-11,18.93,20.16,20.30,18.91,70490,139150000,1.26,6.67,7.35,3.52
2015-11-12,19.91,20.60,21.18,19.52,62270,127190000,0.44,2.18,8.23,3.11
2015-11-13,20.35,20.36,21.00,19.83,62387,127090000,-0.24,-1.17,5.68,3.12
2015-11-16,19.96,20.80,20.90,19.90,50552,102300000,0.44,2.16,4.91,2.53
2015-11-17,20.66,20.40,20.89,20.20,45424,92950000,-0.40,-1.92,3.32,2.27
2015-11-18,20.40,19.60,20.42,19.60,31138,62310000,-0.80,-3.92,4.02,1.56
2015-11-19,19.90,19.95,20.00,19.35,33772,66570000,0.35,1.79,3.32,1.69
2015-11-20,20.00,20.29,20.29,19.70,33760,67510000,0.34,1.70,2.96,1.69
2015-11-23,20.29,20.13,20.69,20.00,24390,49710000,-0.16,-0.79,3.40,1.22
2015-11-24,19.60,20.48,20.55,19.55,44748,90050000,0.35,1.74,4.97,2.24
2015-11-25,20.49,21.42,21.85,20.24,51546,109280000,0.94,4.59,7.86,2.58
2015-11-26,21.03,21.75,22.22,21.03,38731,84410000,0.33,1.54,5.56,1.94
2015-11-27,21.52,20.19,22.00,19.82,31277,66000000,-1.56,-7.17,10.02,1.56
2015-11-30,19.93,21.88,22.00,19.16,37255,77380000,1.69,8.37,14.07,1.86
2015-12-01,22.00,21.97,22.40,21.20,29525,64700000,0.09,0.41,5.48,1.48
2015-12-02,22.16,21.35,22.17,20.45,24984,53370000,-0.62,-2.82,7.83,1.25
2015-12-03,21.08,21.50,21.70,21.00,25350,54530000,0.15,0.70,3.28,1.27
2015-12-04,21.47,21.64,21.97,21.42,20228,43820000,0.14,0.65,2.56,1.01
2015-12-07,21.60,22.41,22.99,21.51,31924,71230000,0.77,3.56,6.84,1.60
2015-12-08,22.40,23.21,23.65,22.01,41267,94780000,0.80,3.57,7.32,2.06
2015-12-09,23.00,22.82,23.32,22.00,24081,54440000,-0.39,-1.68,5.69,1.20
2015-12-10,22.41,22.80,23.38,22.38,23199,52920000,-0.02,-0.09,4.38,1.16
2015-12-11,22.70,23.76,23.98,22.70,30906,72670000,0.96,4.21,5.61,1.55
2016-02-16,21.80,23.15,24.90,21.80,145128,329370000,-0.61,-2.57,13.05,7.26
2016-02-17,22.80,22.40,22.99,21.19,118177,262480000,-0.75,-3.24,7.78,5.91
2016-02-18,22.40,24.64,24.64,22.09,95487,223950000,2.24,10.00,11.38,4.77
2016-02-19,24.09,25.42,26.68,24.00,111564,282050000,0.78,3.17,10.88,5.58
2016-02-22,25.88,25.82,26.49,24.70,78327,200020000,0.40,1.57,7.04,3.92
2016-07-26,23.23,23.23,23.23,23.23,4290,9970000,-2.58,-10.00,0.00,0.21
2016-07-27,20.91,20.91,20.91,20.91,3779,7900000,-2.32,-9.99,0.00,0.19
2016-07-28,19.00,18.83,19.62,18.82,134688,255030000,-2.08,-9.95,3.83,6.73
2016-07-29,18.85,18.57,18.95,17.94,45050,82550000,-0.26,-1.38,5.36,2.25
2016-08-01,18.23,18.29,18.50,17.30,37631,67770000,-0.28,-1.51,6.46,1.88
2016-08-02,18.19,18.63,18.85,18.01,30499,56460000,0.34,1.86,4.59,1.52
2016-08-03,18.62,18.34,18.83,18.21,23928,44090000,-0.29,-1.56,3.33,1.20
2016-08-04,18.43,18.65,18.80,18.25,19892,37030000,0.31,1.69,3.00,0.99
2016-08-05,18.60,18.55,18.81,18.50,19562,36440000,-0.10,-0.54,1.66,0.98
2016-08-08,18.46,18.73,19.35,18.40,28176,53060000,0.18,0.97,5.12,1.41
2016-08-09,18.64,18.80,18.87,18.53,22617,42370000,0.07,0.37,1.82,1.13
2016-08-10,18.81,18.95,18.97,18.40,42881,79930000,0.15,0.80,3.03,2.14
2016-08-11,18.85,18.39,18.86,18.39,22586,42000000,-0.56,-2.96,2.48,1.13
2016-08-12,18.23,18.30,18.47,18.01,17772,32390000,-0.09,-0.49,2.50,0.89
2016-08-15,18.31,18.55,18.77,18.25,28656,53110000,0.25,1.37,2.84,1.43
2016-08-16,18.62,18.86,19.07,18.46,42126,78930000,0.31,1.67,3.29,2.11
2016-08-17,18.87,19.98,20.75,18.67,59405,118140000,1.12,5.94,11.03,2.97
2016-08-18,20.02,20.61,21.70,20.02,58827,122190000,0.63,3.15,8.41,2.94
2016-08-19,20.34,20.70,21.00,20.12,40254,82360000,0.09,0.44,4.27,2.01
2016-08-22,20.50,19.41,20.65,19.26,35125,69820000,-1.29,-6.23,6.72,1.76
2016-08-23,19.50,19.56,19.78,19.27,19316,37760000,0.15,0.77,2.63,0.97
2016-08-24,19.60,19.42,19.75,19.40,18293,35790000,-0.14,-0.72,1.79,0.91
2016-08-25,19.25,20.90,20.90,19.01,45865,91750000,1.48,7.62,9.73,2.29
2016-08-26,20.90,20.94,21.88,20.72,57767,122520000,0.04,0.19,5.55,2.89
2016-08-29,20.99,20.75,21.48,20.42,27433,57140000,-0.19,-0.91,5.06,1.37
2016-08-30,20.62,20.96,21.30,20.62,25942,54520000,0.21,1.01,3.28,1.30
2016-08-31,21.05,20.86,21.23,20.28,27642,57490000,-0.10,-0.48,4.53,1.38
2016-09-01,20.80,21.95,22.48,20.70,59962,129900000,1.09,5.23,8.53,3.00
2016-09-02,22.00,22.28,22.33,21.61,39580,86830000,0.33,1.50,3.28,1.98
2016-09-05,22.20,22.05,22.77,21.90,29519,66000000,-0.23,-1.03,3.90,1.48
2016-09-06,21.89,22.50,22.75,21.89,22377,50010000,0.45,2.04,3.90,1.12
2016-09-07,22.49,22.45,22.94,22.29,25573,57600000,-0.05,-0.22,2.89,1.28
2016-09-08,22.30,22.20,22.50,22.00,19067,42260000,-0.25,-1.11,2.23,0.95
2016-09-09,22.19,22.23,22.91,22.09,19637,44010000,0.03,0.14,3.69,0.98
2016-09-12,21.71,21.56,21.98,21.42,19181,41680000,-0.67,-3.01,2.52,0.96
2016-09-13,21.61,21.91,22.30,21.55,15474,33950000,0.35,1.62,3.48,0.77
2016-09-14,21.95,22.40,22.88,21.95,23810,53370000,0.49,2.24,4.24,1.19
2016-09-19,22.39,22.71,22.79,22.10,20497,46030000,0.31,1.38,3.08,1.02
2016-09-20,22.71,22.48,22.86,22.25,11929,26780000,-0.23,-1.01,2.69,0.60
2016-09-21,22.49,23.10,23.44,22.49,34762,80040000,0.62,2.76,4.23,1.74
2016-09-22,23.10,23.50,23.78,23.01,24211,56440000,0.40,1.73,3.33,1.21
2016-09-23,23.50,23.20,23.65,23.12,17473,40720000,-0.30,-1.28,2.26,0.87
2016-09-26,23.50,22.46,23.57,22.21,14932,34030000,-0.74,-3.19,5.86,0.75
2016-09-27,22.30,22.12,22.52,21.55,18678,40970000,-0.34,-1.51,4.32,0.93
2016-09-28,21.90,22.45,22.90,21.90,13582,30210000,0.33,1.49,4.52,0.68
2016-09-29,22.30,22.67,23.00,22.30,14893,33930000,0.22,0.98,3.12,0.74
2016-09-30,22.85,22.44,22.85,22.40,11868,26840000,-0.23,-1.01,1.99,0.59
2016-10-10,22.65,23.20,23.20,22.57,14643,33580000,0.76,3.39,2.81,0.73
2016-10-11,23.20,23.39,23.64,23.20,15129,35430000,0.19,0.82,1.90,0.76
2016-10-12,23.48,23.37,23.49,23.10,11001,25630000,-0.02,-0.09,1.67,0.55
2016-10-13,23.40,23.94,23.94,23.23,25602,60480000,0.57,2.44,3.04,1.28
2016-10-14,24.12,23.69,24.71,23.52,16805,40230000,-0.25,-1.04,4.97,0.84
2016-10-17,23.68,23.20,23.83,23.10,14584,34140000,-0.49,-2.07,3.08,0.73
2016-10-18,23.26,23.70,23.81,22.83,16856,39380000,0.50,2.16,4.22,0.84
2016-10-19,23.69,25.38,25.49,23.66,39100,96490000,1.68,7.09,7.72,1.96
2016-10-20,25.50,25.07,26.05,24.87,20244,51080000,-0.31,-1.22,4.65,1.01
2016-10-21,25.43,25.50,25.88,25.13,23618,60260000,0.43,1.72,2.99,1.18
2016-10-24,25.20,25.00,25.93,24.76,16814,42880000,-0.50,-1.96,4.59,0.84
2016-10-25,25.30,25.57,26.70,25.26,28678,74060000,0.57,2.28,5.76,1.43
2016-10-26,25.56,25.02,25.80,24.88,17182,43090000,-0.55,-2.15,3.60,0.86
2016-10-27,25.02,26.00,26.00,24.90,15381,39120000,0.98,3.92,4.40,0.77
2016-10-28,26.10,26.00,27.47,26.00,27215,72590000,0.00,0.00,5.65,1.36
2016-10-31,26.00,26.41,27.00,25.20,15712,41380000,0.41,1.58,6.92,0.79
2016-11-01,26.38,26.85,26.98,26.10,16056,42610000,0.44,1.67,3.33,0.80
2016-11-02,26.55,26.81,27.39,26.55,10204,27420000,-0.04,-0.15,3.13,0.51
2016-11-03,26.70,27.69,27.92,26.58,21421,58830000,0.88,3.28,5.00,1.07
2016-11-04,27.75,28.82,28.88,27.49,22615,64190000,1.13,4.08,5.02,1.13
2016-11-07,29.46,28.40,29.46,28.10,28889,83040000,-0.42,-1.46,4.72,1.44
2016-11-08,28.42,28.60,29.17,28.05,17179,49130000,0.20,0.70,3.94,0.86
2016-11-09,28.57,28.23,29.20,27.42,19555,55510000,-0.37,-1.29,6.22,0.98
2016-11-10,28.35,28.60,28.85,28.35,15212,43430000,0.37,1.31,1.77,0.76
2016-11-11,28.60,28.27,28.60,27.88,16622,46860000,-0.33,-1.15,2.52,0.83
2016-11-14,28.01,27.72,28.48,27.51,21928,61030000,-0.55,-1.95,3.43,1.10
2016-11-15,27.82,28.52,28.69,27.10,27655,77360000,0.80,2.89,5.74,1.38
2016-11-16,28.10,29.21,29.67,28.10,26247,76320000,0.69,2.42,5.50,1.31
2016-11-17,29.54,29.15,29.54,28.66,10809,31290000,-0.06,-0.21,3.01,0.54
2016-11-18,29.01,28.52,29.95,28.50,12200,35400000,-0.63,-2.16,4.97,0.61
2016-11-21,28.69,28.18,28.90,27.95,11629,33100000,-0.34,-1.19,3.33,0.58
2016-11-22,28.00,29.24,29.28,27.70,25380,72600000,1.06,3.76,5.61,1.27
2016-11-23,29.08,28.69,29.35,28.47,15225,43960000,-0.55,-1.88,3.01,0.76
2016-11-24,28.50,28.03,29.09,28.03,9491,27210000,-0.66,-2.30,3.69,0.47
2016-11-25,27.95,27.80,28.45,27.20,12060,33410000,-0.23,-0.82,4.46,0.60
2016-11-28,27.88,27.00,28.00,27.00,16799,45940000,-0.80,-2.88,3.60,0.84
2016-11-29,27.29,26.71,27.29,26.10,15777,42100000,-0.29,-1.07,4.41,0.79
2016-11-30,26.72,26.84,27.35,26.50,8367,22560000,0.13,0.49,3.18,0.42
2016-12-01,26.99,29.07,29.30,26.96,36931,105000000,2.23,8.31,8.72,1.85
2016-12-02,29.07,28.47,29.70,28.26,16878,48540000,-0.60,-2.06,4.95,0.84
2016-12-05,28.46,27.92,28.68,27.51,15611,43770000,-0.55,-1.93,4.11,0.78
2016-12-06,28.00,29.70,29.81,28.00,33838,98890000,1.78,6.38,6.48,1.69
2016-12-07,29.64,29.67,29.75,29.00,22134,65040000,-0.03,-0.10,2.53,1.11
2016-12-08,29.68,29.78,31.44,29.35,30910,94660000,0.11,0.37,7.04,1.55
2016-12-09,30.20,30.70,31.20,29.55,29956,91060000,0.92,3.09,5.54,1.50
2016-12-12,30.56,28.70,30.61,28.58,23117,68810000,-2.00,-6.51,6.61,1.16
2016-12-13,29.00,31.57,31.57,28.50,40048,121930000,2.87,10.00,10.70,2.00
2016-12-14,32.67,34.73,34.73,32.60,110459,379540000,3.16,10.01,6.75,5.52
2016-12-15,34.71,33.68,34.72,32.91,74855,253040000,-1.05,-3.02,5.21,3.74
2016-12-16,34.10,33.35,34.10,32.51,50479,167730000,-0.33,-0.98,4.72,2.52
2016-12-19,32.60,32.74,32.95,31.75,35818,115640000,-0.61,-1.83,3.60,1.79
2016-12-20,32.40,31.51,32.80,31.50,30697,98230000,-1.23,-3.76,3.97,1.53
2016-12-21,31.50,32.04,32.33,30.58,42676,133700000,0.53,1.68,5.55,2.13
2016-12-22,31.78,31.16,31.86,31.05,19513,61150000,-0.88,-2.75,2.53,0.98
2016-12-23,32.48,31.19,33.45,31.16,35868,116120000,0.03,0.10,7.35,1.79
2016-12-26,30.52,31.36,32.10,29.90,23001,70830000,0.17,0.55,7.05,1.15
2016-12-27,31.47,32.06,32.58,31.47,18999,60880000,0.70,2.23,3.54,0.95
2016-12-28,32.55,33.90,33.99,31.83,42568,141980000,1.84,5.74,6.74,2.13
2016-12-29,33.63,32.81,33.65,32.80,23658,78420000,-1.09,-3.22,2.51,1.18
2016-12-30,33.00,32.29,33.90,32.29,17442,57680000,-0.52,-1.58,4.91,0.87
2017-01-03,32.35,32.21,33.00,31.65,20770,66700000,-0.08,-0.25,4.18,1.04
2017-01-04,32.08,34.40,34.40,31.79,34746,115210000,2.19,6.80,8.10,1.74
2017-01-05,34.27,33.75,34.27,33.48,18589,62820000,-0.65,-1.89,2.30,0.93
2017-01-06,33.75,34.00,35.44,33.60,25502,88200000,0.25,0.74,5.45,1.28
2017-01-09,34.17,35.00,35.30,33.01,24756,85020000,1.00,2.94,6.74,1.24
2017-01-10,34.88,35.60,36.18,34.82,24585,87450000,0.60,1.71,3.89,1.23
2017-01-11,35.20,35.01,35.79,34.75,16538,58260000,-0.59,-1.66,2.92,0.83
2017-01-12,34.96,35.36,35.45,34.60,11503,40340000,0.35,1.00,2.43,0.58
2017-01-13,34.91,33.85,35.35,33.80,17981,62110000,-1.51,-4.27,4.38,0.90
2017-01-16,33.74,32.00,33.74,30.60,24443,79550000,-1.85,-5.47,9.28,1.22
2017-01-17,32.00,32.88,33.33,31.20,9175,29620000,0.88,2.75,6.66,0.46
2017-01-18,32.91,32.74,33.18,32.61,6240,20550000,-0.14,-0.43,1.73,0.31
2017-01-19,32.55,32.83,33.18,32.03,6409,20920000,0.09,0.27,3.51,0.32
2017-01-20,33.20,33.92,34.46,32.70,9058,30540000,1.09,3.32,5.36,0.45
2017-01-23,34.00,33.77,34.37,33.68,8452,28790000,-0.15,-0.44,2.03,0.42
2017-01-24,33.70,33.75,34.00,33.40,4671,15740000,-0.02,-0.06,1.78,0.23
2017-01-25,33.82,34.49,34.50,33.61,8458,28860000,0.74,2.19,2.64,0.42
2017-01-26,34.53,34.52,34.83,34.26,5618,19380000,0.03,0.09,1.65,0.28
2017-02-03,33.99,31.07,33.99,31.07,15145,47590000,-3.45,-9.99,8.46,0.76
2017-02-06,27.96,28.40,29.76,27.96,44554,126420000,-2.67,-8.59,5.79,2.23
2017-02-07,28.28,28.58,28.78,28.17,19562,55784200,0.18,0.63,2.148,0.98
2017-02-08,28.50,28.71,28.79,28.23,12222,34849800,0.13,0.45,1.959,0.61
2017-02-09,28.80,28.71,29.14,28.67,11530,33257300,0.00,0.00,1.637,0.58
2017-02-10,28.61,27.29,28.89,26.27,46529,128347800,-1.42,-4.95,9.126,2.34
2017-02-13,27.18,27.50,27.78,26.50,20364,55571100,0.21,0.77,4.69,1.02
2017-02-14,27.50,26.50,27.74,26.43,22508,60560200,-1.00,-3.64,4.764,1.13
2017-02-15,26.51,26.53,26.80,26.38,14805,39406000,0.03,0.11,1.585,0.74
2017-02-16,26.58,26.36,27.13,26.21,18876,50384000,-0.17,-0.64,3.468,0.95
2017-02-17,26.58,25.41,26.58,24.65,25887,66160800,-0.95,-3.60,7.322,1.30
2017-02-20,25.41,25.82,25.98,25.01,18006,46190300,0.41,1.61,3.817,0.91
2017-02-21,26.01,25.71,26.47,25.53,16898,44027200,-0.11,-0.43,3.64,0.85
2017-02-22,25.94,25.52,26.20,25.50,11983,30845500,-0.19,-0.74,2.72,0.60
2017-02-23,25.52,25.30,25.77,25.30,12260,31271200,-0.22,-0.86,1.84,0.62
2017-02-24,25.54,25.58,25.73,25.22,13631,34800400,0.28,1.11,2.02,0.69
2017-02-27,25.78,25.97,26.30,25.59,24371,63409800,0.39,1.52,2.78,1.23
2017-02-28,25.86,25.57,26.20,25.29,20595,52660600,-0.40,-1.54,3.50,1.04
2017-03-01,25.56,25.36,25.86,25.25,18248,46417900,-0.21,-0.82,2.39,0.92
2017-03-02,25.52,24.36,25.54,24.32,24481,60653000,-1.00,-3.94,4.81,1.23
2017-03-03,24.54,23.75,24.54,23.35,28084,66469100,-0.61,-2.50,4.88,1.41
2017-03-06,23.85,25.49,25.80,23.85,55845,139465100,1.74,7.33,8.21,2.81
2017-03-07,25.65,24.60,25.76,24.53,45062,112449600,-0.89,-3.49,4.83,2.27
2017-03-08,24.81,24.50,24.92,24.21,26736,65786300,-0.10,-0.41,2.89,1.35
2017-03-09,24.85,24.61,24.92,24.35,24098,59468100,0.11,0.45,2.33,1.21
2017-03-10,24.45,23.81,24.50,23.79,26418,63479600,-0.80,-3.25,2.88,1.33
2017-03-13,23.91,24.10,24.16,23.81,19321,46450300,0.29,1.22,1.47,0.97
2017-03-14,24.16,23.65,24.76,23.61,30252,72817000,-0.45,-1.87,4.77,1.52
2017-03-15,23.70,24.04,24.10,23.35,27287,64751900,0.39,1.65,3.17,1.37
2017-03-16,24.16,24.00,24.17,23.78,26631,63771871,-0.04,-0.17,1.62,1.34
2017-03-17,24.08,23.73,24.10,23.68,25457,60757846,-0.27,-1.12,1.75,1.28
2017-03-20,24.00,23.74,24.00,23.50,17493,41527725,0.01,0.04,2.11,0.88
2017-03-21,23.74,23.54,23.80,23.51,21637,51136591,-0.20,-0.84,1.22,1.09
2017-03-22,23.45,23.13,23.45,22.92,26040,60225241,-0.41,-1.74,2.25,1.31
2017-03-23,23.21,22.96,23.28,22.80,17945,41329327,-0.17,-0.73,2.08,0.90
2017-03-24,22.96,23.88,24.26,22.26,52345,121556130,0.92,4.01,8.71,2.63
2017-03-27,23.70,23.54,23.70,23.13,29146,68457741,-0.34,-1.42,2.39,1.46
2017-03-28,23.45,23.58,24.00,23.40,22998,54461394,0.04,0.17,2.55,1.15
2017-03-29,23.59,25.90,25.94,23.59,134064,340519588,2.32,9.84,9.97,6.73
2017-03-30,25.29,24.84,25.47,24.51,68853,171926623,-1.06,-4.09,3.71,3.45
2017-03-31,24.95,25.04,25.79,24.58,53524,134884424,0.20,0.81,4.87,2.69
2017-04-05,27.54,27.54,27.54,26.60,116568,320333985,2.50,9.98,3.75,5.85
2017-04-06,28.00,27.09,29.87,26.90,186658,528224327,-0.45,-1.63,10.78,9.36
2017-04-07,27.15,27.57,27.70,25.81,114392,305396957,0.48,1.77,6.98,5.74
2017-04-10,27.00,28.65,29.78,26.48,157592,447052058,1.08,3.92,11.97,7.91
2017-04-11,28.00,29.45,30.09,27.88,174224,508836009,0.80,2.79,7.71,8.74
2017-04-12,28.45,26.51,28.85,26.51,88112,242323635,-2.94,-9.98,7.95,4.42
2017-04-13,26.48,26.99,27.72,25.84,51791,140373646,0.48,1.81,7.09,2.60
2017-04-14,27.18,26.29,27.40,26.03,37972,100826443,-0.70,-2.59,5.08,1.91
2017-04-17,26.20,25.52,26.20,24.49,39964,100810575,-0.77,-2.93,6.50,2.00
2017-04-18,25.57,26.14,26.40,25.53,34795,90987246,0.62,2.43,3.41,1.75
2017-04-19,26.06,27.20,27.50,25.85,53369,144129160,1.06,4.06,6.31,2.68
2017-04-20,27.02,27.20,27.70,26.49,40864,110476511,0.00,0.00,4.45,2.05
2017-04-21,27.40,27.00,27.40,26.80,19388,52466355,-0.20,-0.74,2.21,0.97
2017-04-24,26.35,26.00,26.89,24.60,33578,86496605,-1.00,-3.70,8.48,1.69
2017-04-25,25.95,26.74,27.06,25.64,24902,66442121,0.74,2.85,5.46,1.25
2017-04-26,26.79,26.43,27.00,26.05,26441,70504594,-0.31,-1.16,3.55,1.33
2017-04-27,26.36,25.66,26.75,24.50,40740,105426255,-0.77,-2.91,8.51,2.04
2017-04-28,25.00,25.08,26.07,25.00,27579,70107086,-0.58,-2.26,4.17,1.38
2017-05-02,25.30,25.84,26.09,25.24,27624,71107819,0.76,3.03,3.39,1.39
2017-05-03,25.84,25.00,25.90,24.88,26377,66457911,-0.84,-3.25,3.95,1.32
2017-05-04,25.00,25.53,26.56,24.50,40976,104815297,0.53,2.12,8.24,2.06
2017-05-05,25.42,26.68,28.08,24.90,91033,246298811,1.15,4.50,12.46,4.57
2017-05-08,26.10,24.58,27.19,24.01,61930,160992643,-2.10,-7.87,11.92,3.11
2017-05-09,23.40,23.50,24.19,22.12,46193,107307022,-1.08,-4.39,8.42,2.32
2017-05-10,23.48,21.73,23.75,21.51,32927,74907243,-1.77,-7.53,9.53,1.65
2017-05-11,21.65,21.62,21.70,20.56,27110,57496859,-0.11,-0.51,5.25,1.36
2017-05-12,21.68,21.35,21.70,21.03,16787,35927444,-0.27,-1.25,3.10,0.84
2017-05-15,21.34,23.20,23.49,21.34,46333,105104955,1.85,8.67,10.07,2.32
2017-05-16,22.98,23.68,24.07,22.40,33935,79630422,0.48,2.07,7.20,1.70
2017-05-17,23.55,24.30,24.98,23.35,36813,89669483,0.62,2.62,6.88,1.85
2017-05-18,24.06,23.84,24.49,23.70,24340,58615151,-0.46,-1.89,3.25,1.22
2017-05-19,23.84,24.02,24.19,23.55,14355,34347010,0.18,0.76,2.68,0.72
2017-05-22,24.00,23.45,24.36,23.15,17940,42593440,-0.57,-2.37,5.04,0.90
2017-05-23,23.44,22.92,23.55,22.50,13921,32055407,-0.53,-2.26,4.48,0.70
2017-05-24,23.18,23.03,23.39,22.78,11619,26831712,0.11,0.48,2.66,0.58
2017-05-25,23.40,23.83,23.91,22.90,19237,45194955,0.80,3.47,4.39,0.96
2017-05-26,23.77,24.09,25.50,23.51,22867,55754342,0.26,1.09,8.35,1.15
2017-05-31,24.26,24.20,24.75,23.90,17094,41410135,0.11,0.46,3.53,0.86
2017-06-01,24.08,22.85,24.09,22.80,11685,27505673,-1.35,-5.58,5.33,0.59
2017-06-02,22.88,23.40,23.50,22.72,12570,28998541,0.55,2.41,3.41,0.63
2017-06-05,23.25,23.39,23.79,23.23,7495,17608284,-0.01,-0.04,2.39,0.38
2017-06-06,23.65,22.92,23.65,22.82,8008,18461149,-0.47,-2.01,3.55,0.40
2017-06-07,22.93,23.50,23.62,22.75,13584,31762318,0.58,2.53,3.80,0.68
2017-06-08,23.50,23.26,23.68,23.22,10571,24792764,-0.24,-1.02,1.96,0.53
2017-06-09,23.01,23.11,23.52,22.92,7960,18405411,-0.15,-0.64,2.58,0.40
2017-06-12,23.13,22.90,23.41,22.86,9010,20804963,-0.18,-0.78,2.38,0.45
2017-06-13,22.86,23.07,23.27,22.51,11597,26662451,0.17,0.74,3.32,0.58
2017-06-14,23.06,22.72,23.20,22.72,8926,20424675,-0.35,-1.52,2.08,0.45
2017-06-15,22.72,22.72,22.88,22.55,7035,16016895,0.00,0.00,1.45,0.35
