日期,开盘,收盘,最高,最低,交易量(手),交易金额(元),涨跌额,涨跌幅(%),振幅(%),换手率(%)
2011-04-12,20.88,27.49,30.60,20.51,171604,406660000,10.61,62.86,59.77,91.57
2011-04-13,25.80,26.30,29.20,25.80,138190,378420000,-1.19,-4.33,12.37,73.74
2011-04-14,24.49,24.43,25.50,23.75,96056,235060000,-1.87,-7.11,6.65,51.26
2011-04-15,23.97,23.06,24.19,23.02,64925,152540000,-1.37,-5.61,4.79,34.65
2011-04-18,22.70,22.84,23.39,22.60,40079,91850000,-0.22,-0.95,3.43,21.39
2011-04-19,22.55,21.85,22.68,21.70,45297,100090000,-0.99,-4.33,4.29,24.17
2011-04-20,21.81,21.88,22.49,21.75,24460,53930000,0.03,0.14,3.39,13.05
2011-04-21,21.85,22.64,22.95,21.58,43463,96980000,0.76,3.47,6.26,23.19
2011-04-22,22.31,21.81,22.40,21.70,31353,68840000,-0.83,-3.67,3.09,16.73
2011-04-25,21.50,20.72,21.73,20.70,23990,50470000,-1.09,-5.00,4.72,12.80
2011-04-26,20.53,20.84,21.36,20.53,18956,39570000,0.12,0.58,4.01,10.12
2011-04-27,20.89,20.00,21.15,19.80,22153,44840000,-0.84,-4.03,6.48,11.82
2011-04-28,19.99,20.93,21.68,19.62,41474,85660000,0.93,4.65,10.30,22.13
2011-04-29,20.60,20.43,20.97,20.39,23584,48640000,-0.50,-2.39,2.77,12.58
2011-05-03,20.35,20.13,20.35,19.52,17463,34740000,-0.30,-1.47,4.06,9.32
2011-05-04,20.05,19.94,20.45,19.80,13756,27710000,-0.19,-0.94,3.23,7.34
2011-05-05,19.70,19.79,20.18,19.42,10139,20140000,-0.15,-0.75,3.81,5.41
2011-05-06,19.79,19.68,19.95,19.51,8965,17700000,-0.11,-0.56,2.22,4.78
2011-05-09,19.68,19.85,20.10,19.68,8501,16890000,0.17,0.86,2.13,4.54
2011-05-10,19.80,20.51,20.61,19.80,17909,36150000,0.66,3.32,4.08,9.56
2011-05-11,20.50,20.13,20.50,20.07,12764,25860000,-0.38,-1.85,2.10,6.81
2011-05-12,20.10,19.27,20.15,19.03,14519,28600000,-0.86,-4.27,5.56,7.75
2011-05-16,19.58,21.20,21.20,19.38,27001,55770000,1.93,10.02,9.44,14.41
2011-05-17,21.52,21.88,22.20,21.09,61980,134720000,0.68,3.21,5.24,33.07
2011-05-18,21.30,21.02,21.36,20.69,25854,54320000,-0.86,-3.93,3.06,13.80
2011-05-19,20.94,21.55,21.58,20.46,28678,60370000,0.53,2.52,5.33,15.30
2011-05-20,21.33,20.99,21.48,20.78,18679,39410000,-0.56,-2.60,3.25,9.97
2011-05-23,21.00,19.42,21.00,19.20,19242,38630000,-1.57,-7.48,8.58,10.27
2011-05-24,19.40,18.86,19.40,18.39,14213,26680000,-0.56,-2.88,5.20,7.58
2011-05-25,18.77,18.00,18.80,17.93,14211,26040000,-0.86,-4.56,4.61,7.58
2011-05-26,18.27,17.83,18.27,17.72,10978,19710000,-0.17,-0.94,3.06,5.86
2011-05-27,17.57,17.21,17.90,17.21,8640,15130000,-0.62,-3.48,3.87,4.61
2011-05-30,17.26,17.20,17.66,17.03,7917,13780000,-0.01,-0.06,3.66,4.22
2011-05-31,17.30,17.68,17.80,17.20,7216,12610000,0.48,2.79,3.49,3.85
2011-06-01,17.48,17.82,17.98,17.48,9440,16770000,0.14,0.79,2.83,5.04
2011-06-02,17.51,17.46,17.67,17.17,9541,16610000,-0.36,-2.02,2.81,5.09
2011-06-03,17.50,18.09,18.16,17.42,13168,23510000,0.63,3.61,4.24,7.03
2011-06-07,17.81,17.81,17.97,17.62,9158,16340000,-0.28,-1.55,1.93,4.89
2011-06-08,17.65,18.07,18.10,17.43,12481,22200000,0.26,1.46,3.76,6.66
2011-06-09,17.84,17.52,18.34,17.50,9461,16920000,-0.55,-3.04,4.65,5.05
2011-06-10,17.46,17.09,17.63,16.83,8039,13840000,-0.43,-2.45,4.57,4.29
2011-06-13,16.74,17.05,17.21,16.74,3633,6190000,-0.04,-0.23,2.75,1.94
2011-06-14,17.20,17.22,17.32,17.02,6853,11780000,0.17,1.00,1.76,3.66
2011-06-15,17.22,17.17,17.29,17.06,4839,8300000,-0.05,-0.29,1.34,2.58
2011-06-16,16.92,16.78,17.20,16.70,5148,8690000,-0.39,-2.27,2.91,2.75
2011-06-17,16.78,16.88,17.02,16.76,4454,7510000,0.10,0.60,1.55,2.38
2011-06-20,16.88,16.77,16.90,16.56,3885,6510000,-0.11,-0.65,2.01,2.07
2011-06-21,16.80,17.27,17.65,16.78,8520,14740000,0.50,2.98,5.19,4.55
2011-06-22,17.30,17.21,17.30,16.94,5165,8840000,-0.06,-0.35,2.08,2.76
2011-06-23,17.28,17.56,17.88,17.11,10982,19310000,0.35,2.03,4.47,5.86
2011-06-24,17.40,18.00,18.08,17.35,19379,34540000,0.44,2.51,4.16,10.34
2011-06-28,18.19,18.01,18.28,17.80,13058,23570000,0.01,0.06,2.67,6.97
2011-06-29,18.01,17.68,18.26,17.68,10347,18640000,-0.33,-1.83,3.22,5.52
2011-06-30,17.78,17.73,17.89,17.61,9532,16910000,0.05,0.28,1.58,5.09
2011-07-01,17.73,17.93,18.18,17.72,8355,15040000,0.20,1.13,2.59,4.46
2011-07-04,18.06,19.71,19.72,17.90,33403,62960000,1.78,9.93,10.15,17.82
2011-07-05,19.59,19.86,20.56,19.22,57178,114600000,0.15,0.76,6.80,30.51
2011-07-06,19.48,19.57,19.65,19.06,21409,41440000,-0.29,-1.46,2.97,11.42
2011-07-07,19.40,19.61,19.97,19.17,19530,38260000,0.04,0.20,4.09,10.42
2011-07-08,19.61,19.18,19.75,19.01,10559,20440000,-0.43,-2.19,3.77,5.63
2011-07-11,19.09,19.20,19.50,19.00,8874,17100000,0.02,0.10,2.61,4.74
2011-07-12,19.10,19.62,19.77,18.47,49460,94630000,0.42,2.19,6.77,21.19
2011-07-13,19.33,19.75,20.10,18.99,38872,75790000,0.13,0.66,5.66,16.65
2011-07-14,19.76,20.40,20.70,19.60,43589,88100000,0.65,3.29,5.57,18.68
2011-07-15,20.40,20.19,20.54,20.08,24230,49110000,-0.21,-1.03,2.25,10.38
2011-07-18,20.30,20.42,20.70,20.13,25380,51830000,0.23,1.14,2.82,10.87
2011-07-19,20.15,19.49,20.23,19.38,19376,38330000,-0.93,-4.55,4.16,8.30
2011-07-20,19.60,19.62,19.72,19.16,11335,22090000,0.13,0.67,2.87,4.86
2011-07-21,19.59,19.31,19.84,19.28,9139,17930000,-0.31,-1.58,2.85,3.92
2011-07-22,19.35,19.58,19.82,19.35,9928,19490000,0.27,1.40,2.43,4.25
2011-07-25,19.53,18.32,19.53,18.30,14197,26730000,-1.26,-6.44,6.28,6.08
2011-07-27,18.35,18.83,18.92,18.21,13375,24890000,0.51,2.78,3.88,5.73
2011-07-28,18.50,18.73,18.81,18.47,7526,14020000,-0.10,-0.53,1.81,3.22
2011-07-29,18.67,18.79,19.05,18.63,9085,17120000,0.06,0.32,2.24,3.89
2011-08-01,18.61,18.80,18.96,18.37,8421,15790000,0.01,0.05,3.14,3.61
2011-08-02,18.63,19.70,19.75,18.60,28659,55330000,0.90,4.79,6.12,12.28
2011-08-03,19.31,20.13,20.35,19.28,36350,72840000,0.43,2.18,5.43,15.57
2011-08-04,20.12,19.88,20.30,19.73,16490,32900000,-0.25,-1.24,2.83,7.07
2011-08-05,19.22,18.70,19.44,18.58,18414,35170000,-1.18,-5.94,4.33,7.89
2011-08-08,18.48,17.02,18.48,16.83,19202,33590000,-1.68,-8.98,8.82,8.23
2011-08-09,16.51,16.73,16.92,16.01,13691,22590000,-0.29,-1.70,5.35,5.87
2011-08-10,17.07,16.87,17.31,16.81,11542,19740000,0.14,0.84,2.99,4.95
2011-08-11,16.41,17.41,17.50,16.40,13650,23340000,0.54,3.20,6.52,5.85
2011-08-12,17.41,17.55,17.84,17.41,10915,19170000,0.14,0.80,2.47,4.68
2011-08-15,17.56,18.06,18.12,17.50,12077,21660000,0.51,2.91,3.53,5.17
2011-08-16,18.07,17.89,18.25,17.71,9145,16380000,-0.17,-0.94,2.99,3.92
2011-08-17,18.00,18.22,18.45,17.77,13954,25330000,0.33,1.84,3.80,5.98
2011-08-18,18.04,17.58,18.27,17.53,9002,16060000,-0.64,-3.51,4.06,3.86
2011-08-19,17.16,17.59,17.62,17.10,6783,11800000,0.01,0.06,2.96,2.91
2011-08-22,17.65,17.55,17.92,17.41,7320,12930000,-0.04,-0.23,2.90,3.14
2011-08-23,17.72,18.07,18.16,17.56,9885,17720000,0.52,2.96,3.42,4.24
2011-08-24,18.11,18.14,18.48,18.08,12307,22470000,0.07,0.39,2.21,5.27
2011-08-25,18.22,18.54,18.70,18.11,14917,27440000,0.40,2.21,3.25,6.39
2011-08-26,18.49,18.70,18.94,18.41,13810,25810000,0.16,0.86,2.86,5.92
2011-08-29,18.58,18.72,18.95,18.51,12326,23070000,0.02,0.11,2.35,5.28
2011-08-30,18.89,18.25,18.90,18.18,10284,19120000,-0.47,-2.51,3.85,4.41
2011-08-31,18.30,18.14,18.39,17.83,9799,17760000,-0.11,-0.60,3.07,4.20
2011-09-01,18.07,18.00,18.31,17.85,5272,9550000,-0.14,-0.77,2.54,2.26
2011-09-02,17.95,18.16,18.23,17.93,5345,9670000,0.16,0.89,1.67,2.29
2011-09-05,17.85,17.76,17.98,17.50,6423,11410000,-0.40,-2.20,2.64,2.75
2011-09-06,17.58,17.43,17.76,17.20,4182,7310000,-0.33,-1.86,3.15,1.79
2011-09-07,17.63,17.89,17.93,17.47,4480,7920000,0.46,2.64,2.64,1.92
2011-09-08,17.90,17.70,18.10,17.70,4051,7240000,-0.19,-1.06,2.24,1.74
2011-09-13,17.31,17.03,17.43,16.95,5728,9790000,-0.67,-3.79,2.71,2.45
2011-09-14,17.08,18.12,18.33,15.50,14727,25820000,1.09,6.40,16.62,6.31
2011-09-15,18.10,18.40,18.80,17.88,25314,46660000,0.28,1.55,5.08,10.85
2011-09-16,18.40,17.82,18.47,17.80,11562,21010000,-0.58,-3.15,3.64,4.95
2011-09-19,17.78,17.25,17.80,16.91,12286,21060000,-0.57,-3.20,4.99,5.26
2011-09-20,16.85,16.85,17.00,16.40,7335,12270000,0.00,0.00,3.56,3.14
2011-09-21,16.78,17.29,17.39,16.66,8206,14060000,0.44,2.61,4.33,3.52
2011-09-22,17.15,16.80,17.25,16.63,7765,13140000,-0.49,-2.83,3.59,3.33
2011-09-23,16.50,16.49,16.70,16.30,7446,12250000,-0.31,-1.85,2.38,3.19
2011-09-26,16.49,16.10,16.67,16.08,5061,8250000,-0.39,-2.37,3.58,2.17
2011-09-27,16.25,16.25,16.40,16.07,4518,7340000,0.15,0.93,2.05,1.94
2011-09-28,16.28,15.99,16.45,15.90,3514,5690000,-0.26,-1.60,3.38,1.51
2011-09-29,15.88,15.20,15.89,15.15,7860,12120000,-0.79,-4.94,4.63,3.37
2011-09-30,15.24,15.09,15.35,14.79,5921,8900000,-0.11,-0.72,3.68,2.54
2011-10-10,15.18,15.07,15.23,14.92,3359,5060000,-0.02,-0.13,2.05,1.44
2011-10-11,15.49,15.00,15.59,14.80,5380,8160000,-0.07,-0.46,5.24,2.30
2011-10-12,15.00,15.50,15.59,14.67,6554,10060000,0.50,3.33,6.13,2.81
2011-10-13,15.52,15.98,15.98,15.46,7958,12560000,0.48,3.10,3.35,3.41
2011-10-14,15.95,16.03,16.07,15.66,6737,10680000,0.05,0.31,2.57,2.89
2011-10-17,16.00,16.12,16.28,15.91,7008,11260000,0.09,0.56,2.31,3.00
2011-10-18,16.00,15.61,16.20,15.50,5306,8460000,-0.51,-3.16,4.34,2.27
2011-10-19,15.67,15.54,15.89,15.49,5287,8310000,-0.07,-0.45,2.56,2.27
2011-10-20,15.50,15.35,15.79,15.26,6092,9440000,-0.19,-1.22,3.41,2.61
2011-10-21,15.39,15.29,15.43,15.00,2858,4350000,-0.06,-0.39,2.80,1.22
2011-10-24,15.26,15.58,15.58,14.70,5582,8460000,0.29,1.90,5.76,2.39
2011-10-25,15.40,15.95,16.02,15.40,7290,11470000,0.37,2.37,3.98,3.12
2011-10-26,15.89,16.00,16.30,15.80,10924,17600000,0.05,0.31,3.13,4.68
2011-10-27,16.00,15.96,16.10,15.91,6623,10580000,-0.04,-0.25,1.19,2.84
2011-10-28,16.15,16.22,16.25,15.96,7421,11970000,0.26,1.63,1.82,3.18
2011-10-31,16.23,16.27,16.33,16.08,5326,8630000,0.05,0.31,1.54,2.28
2011-11-01,16.13,16.27,16.32,15.98,6000,9690000,0.00,0.00,2.09,2.57
2011-11-02,16.01,16.49,16.60,15.95,11472,18740000,0.22,1.35,4.00,4.92
2011-11-03,16.54,16.36,16.71,16.35,14275,23670000,-0.13,-0.79,2.18,6.12
2011-11-04,16.50,16.72,16.84,16.31,17262,28640000,0.36,2.20,3.24,7.40
2011-11-07,16.64,16.51,16.64,16.40,8303,13700000,-0.21,-1.26,1.44,3.56
2011-11-08,16.55,18.04,18.05,16.44,46644,80770000,1.53,9.27,9.75,19.98
2011-11-09,17.70,17.69,17.88,17.30,42245,74360000,-0.35,-1.94,3.22,18.10
2011-11-10,17.43,17.31,17.65,17.30,15968,27850000,-0.38,-2.15,1.98,6.84
2011-11-11,17.45,17.02,17.45,17.01,10223,17590000,-0.29,-1.68,2.54,4.38
2011-11-14,17.23,17.55,17.80,17.17,14002,24510000,0.53,3.11,3.70,6.00
2011-11-15,17.50,17.42,17.55,17.25,8063,14010000,-0.13,-0.74,1.71,3.45
2011-11-16,17.38,16.82,17.53,16.72,9058,15470000,-0.60,-3.44,4.65,3.88
2011-11-17,16.82,16.82,17.15,16.70,6544,11050000,0.00,0.00,2.68,2.80
2011-11-18,16.64,16.29,16.80,16.25,6607,10900000,-0.53,-3.15,3.27,2.83
2011-11-21,16.25,16.48,16.50,16.21,4925,8060000,0.19,1.17,1.78,2.11
2011-11-22,16.41,16.47,16.53,16.15,4629,7580000,-0.01,-0.06,2.31,1.98
2011-11-23,16.54,16.49,16.77,16.41,5655,9400000,0.02,0.12,2.19,2.42
2011-11-24,16.37,16.47,16.69,16.21,4863,7980000,-0.02,-0.12,2.91,2.08
2011-11-25,16.53,16.52,16.67,16.43,3648,6030000,0.05,0.30,1.46,1.56
2011-11-28,16.52,16.55,16.64,16.38,3824,6320000,0.03,0.18,1.57,1.64
2011-11-29,16.65,17.08,17.36,16.65,11509,19650000,0.53,3.20,4.29,4.93
2011-11-30,17.02,16.10,17.03,15.81,8519,14060000,-0.98,-5.74,7.14,3.65
2011-12-01,16.60,16.35,16.70,16.30,8262,13670000,0.25,1.55,2.48,3.54
2011-12-02,16.36,15.79,16.36,15.76,5756,9210000,-0.56,-3.43,3.67,2.47
2011-12-05,15.76,15.36,15.76,15.28,5014,7740000,-0.43,-2.72,3.04,2.15
2011-12-06,15.15,15.55,15.55,15.10,2878,4400000,0.19,1.24,2.93,1.23
2011-12-07,15.41,15.54,15.58,15.30,2967,4590000,-0.01,-0.06,1.80,1.27
2011-12-08,15.61,15.50,15.68,15.13,4403,6790000,-0.04,-0.26,3.54,1.89
2011-12-09,15.34,15.59,15.70,15.30,2999,4660000,0.09,0.58,2.58,1.28
2011-12-12,15.59,15.60,15.63,15.42,2804,4360000,0.01,0.06,1.35,1.20
2011-12-13,15.51,15.27,15.51,15.10,3601,5490000,-0.33,-2.12,2.63,1.54
2011-12-14,15.22,15.08,15.31,15.01,2672,4050000,-0.19,-1.24,1.96,1.14
2011-12-15,15.03,14.62,15.05,14.52,4353,6410000,-0.46,-3.05,3.51,1.86
2011-12-16,14.63,15.00,15.02,14.63,2416,3580000,0.38,2.60,2.67,1.04
2011-12-19,14.94,14.89,14.97,14.52,2435,3600000,-0.11,-0.73,3.00,1.04
2011-12-20,14.89,14.96,15.12,14.87,2916,4380000,0.07,0.47,1.68,1.25
2011-12-21,15.10,14.82,15.13,14.70,2009,3000000,-0.14,-0.94,2.87,0.86
2011-12-22,14.75,14.58,15.19,13.88,3836,5570000,-0.24,-1.62,8.84,1.64
2011-12-23,14.38,14.61,14.75,14.37,3346,4880000,0.03,0.21,2.61,1.43
2011-12-26,14.52,14.39,14.61,14.22,2124,3060000,-0.22,-1.51,2.67,0.91
2011-12-27,14.45,13.81,14.45,13.81,2177,3050000,-0.58,-4.03,4.45,0.93
2011-12-28,13.70,13.55,13.70,13.25,2621,3530000,-0.26,-1.88,3.26,1.12
2011-12-29,13.37,13.54,13.65,13.37,1796,2430000,-0.01,-0.07,2.07,0.77
2011-12-30,13.59,13.70,13.78,13.55,2284,3120000,0.16,1.18,1.70,0.98
2012-01-04,13.82,13.23,13.83,13.13,3409,4630000,-0.47,-3.43,5.11,1.46
2012-01-05,13.25,12.54,13.25,12.50,3002,3860000,-0.69,-5.22,5.67,1.29
2012-01-06,12.41,12.70,12.76,12.22,1910,2390000,0.16,1.28,4.31,0.82
2012-01-09,12.70,13.15,13.20,12.52,3467,4490000,0.45,3.54,5.35,1.49
2012-01-10,13.15,13.60,13.66,13.10,4840,6480000,0.45,3.42,4.26,2.07
2012-01-11,13.55,13.65,13.68,13.36,2953,4010000,0.05,0.37,2.35,1.27
2012-01-12,13.59,13.41,13.72,13.39,2709,3650000,-0.24,-1.76,2.42,1.16
2012-01-13,13.35,12.69,13.45,12.66,4411,5710000,-0.72,-5.37,5.89,1.89
2012-01-16,12.45,12.33,12.68,12.33,1849,2310000,-0.36,-2.84,2.76,0.79
2012-01-17,12.52,13.00,13.05,12.37,3597,4560000,0.67,5.43,5.52,1.54
2012-01-18,12.99,12.68,13.17,12.60,2794,3620000,-0.32,-2.46,4.38,1.20
2012-01-19,12.63,12.87,12.93,12.61,2914,3730000,0.19,1.50,2.52,1.25
2012-01-20,12.97,13.16,13.25,12.87,2270,2980000,0.29,2.25,2.95,0.97
2012-01-30,13.16,13.10,13.26,12.97,2092,2740000,-0.06,-0.46,2.20,0.90
2012-01-31,13.00,13.37,13.54,12.82,5045,6740000,0.27,2.06,5.50,2.16
2012-02-01,13.15,13.21,13.39,13.09,2073,2750000,-0.16,-1.20,2.24,0.89
2012-02-02,13.22,13.59,13.73,13.14,4738,6400000,0.38,2.88,4.47,2.03
2012-02-03,13.47,13.86,14.16,13.41,9168,12690000,0.27,1.99,5.52,3.93
2012-02-06,13.86,13.95,14.03,13.50,7773,10770000,0.09,0.65,3.82,3.33
2012-02-07,13.89,13.54,13.89,13.30,4207,5720000,-0.41,-2.94,4.23,1.80
2012-02-08,13.54,13.83,13.88,13.43,4456,6110000,0.29,2.14,3.32,1.91
2012-02-09,13.84,13.83,14.00,13.73,5872,8150000,0.00,0.00,1.95,2.52
2012-02-10,13.85,13.87,13.96,13.79,4652,6450000,0.04,0.29,1.23,1.99
2012-02-13,13.68,14.00,14.10,13.66,4969,6950000,0.13,0.94,3.17,2.13
2012-02-14,14.01,13.95,14.10,13.83,3386,4710000,-0.05,-0.36,1.93,1.45
2012-02-15,13.97,14.33,14.43,13.83,7801,11040000,0.38,2.72,4.30,3.34
2012-02-16,14.28,14.14,14.33,14.00,7543,10690000,-0.19,-1.33,2.30,3.23
2012-02-17,14.19,14.15,14.22,13.96,3873,5460000,0.01,0.07,1.84,1.66
2012-02-20,14.22,13.99,14.29,13.99,4463,6320000,-0.16,-1.13,2.12,1.91
2012-02-21,13.97,14.19,14.19,13.77,4969,6950000,0.20,1.43,3.00,2.13
2012-02-22,14.26,14.49,14.65,14.22,11013,15930000,0.30,2.11,3.03,4.72
2012-02-23,14.49,14.64,14.75,14.40,7594,11070000,0.15,1.04,2.42,3.25
2012-02-24,14.68,14.66,14.72,14.56,6668,9760000,0.02,0.14,1.09,2.86
2012-02-27,14.60,14.74,14.93,14.50,14799,21830000,0.08,0.55,2.93,6.34
2012-02-28,14.76,14.75,15.43,14.62,19978,29830000,0.01,0.07,5.50,8.56
2012-02-29,14.99,14.34,14.99,14.34,12837,18650000,-0.41,-2.78,4.41,5.50
2012-03-01,14.30,14.32,14.50,14.24,6787,9740000,-0.02,-0.14,1.81,2.91
2012-03-02,14.38,14.61,14.64,14.35,7407,10770000,0.29,2.03,2.03,3.17
2012-03-05,14.55,14.63,14.88,14.53,8025,11770000,0.02,0.14,2.40,3.44
2012-03-06,14.53,14.32,14.60,14.28,6543,9410000,-0.31,-2.12,2.19,2.80
2012-03-07,14.21,14.32,14.51,14.16,4251,6110000,0.00,0.00,2.44,1.82
2012-03-08,14.35,14.85,15.18,14.35,15966,23840000,0.53,3.70,5.80,6.84
2012-03-09,14.98,15.12,15.14,14.55,16740,24870000,0.27,1.82,3.97,7.17
2012-03-12,14.97,15.17,15.17,14.88,7219,10860000,0.05,0.33,1.92,3.09
2012-03-13,15.18,15.30,15.37,15.00,9409,14250000,0.13,0.86,2.44,4.03
2012-03-14,15.38,14.60,15.60,14.58,12927,19610000,-0.70,-4.58,6.67,5.54
2012-03-15,14.56,14.60,14.87,14.47,7566,11100000,0.00,0.00,2.74,3.24
2012-03-16,14.62,15.05,15.10,14.52,8221,12230000,0.45,3.08,3.97,3.52
2012-03-19,15.12,15.29,15.41,15.05,7675,11690000,0.24,1.59,2.39,3.29
2012-03-20,15.11,14.85,15.33,14.81,6423,9660000,-0.44,-2.88,3.40,2.75
2012-03-21,14.98,14.79,15.05,14.30,6479,9490000,-0.06,-0.40,5.05,2.78
2012-03-22,14.68,14.70,14.82,14.58,2877,4220000,-0.09,-0.61,1.62,1.23
2012-03-23,14.54,14.35,14.66,14.28,4274,6170000,-0.35,-2.38,2.59,1.83
2012-03-26,14.36,14.30,14.45,14.12,2665,3810000,-0.05,-0.35,2.30,1.14
2012-03-27,14.38,14.30,14.55,14.16,3804,5480000,0.00,0.00,2.73,1.63
2012-03-28,14.30,13.54,14.30,13.50,7193,9890000,-0.76,-5.31,5.59,3.08
2012-03-29,13.50,13.13,13.50,13.00,4228,5600000,-0.41,-3.03,3.69,1.81
2012-03-30,13.13,13.03,13.22,12.89,3367,4400000,-0.10,-0.76,2.51,1.44
2012-04-05,12.98,13.56,13.62,12.88,6076,8110000,0.53,4.07,5.68,2.60
2012-04-06,13.53,13.95,14.33,13.45,7088,9820000,0.39,2.88,6.49,3.04
2012-04-09,13.85,14.30,14.60,13.63,11647,16440000,0.35,2.51,6.95,4.99
2012-04-10,14.20,13.89,14.90,13.51,11309,15800000,-0.41,-2.87,9.72,4.85
2012-04-11,13.78,13.92,14.07,13.76,4107,5720000,0.03,0.22,2.23,1.76
2012-04-12,13.92,14.15,14.28,13.80,6171,8720000,0.23,1.65,3.45,2.08
2012-04-13,14.15,14.20,14.32,14.12,4727,6720000,0.05,0.35,1.41,1.59
2012-04-16,14.07,13.99,14.23,13.88,7986,11200000,-0.21,-1.48,2.46,2.69
2012-04-17,14.11,13.90,14.18,13.90,3882,5440000,-0.09,-0.64,2.00,1.31
2012-04-18,13.98,14.48,14.52,13.91,8198,11740000,0.58,4.17,4.39,2.76
2012-04-19,14.40,14.85,15.00,14.40,15407,22850000,0.37,2.56,4.14,5.19
2012-04-20,14.76,15.07,15.20,14.65,12562,18840000,0.22,1.48,3.70,4.23
2012-04-23,15.07,14.85,15.57,14.61,17362,26380000,-0.22,-1.46,6.37,5.84
2012-04-24,14.70,14.51,14.98,13.95,13279,19300000,-0.34,-2.29,6.94,4.47
2012-04-25,14.01,14.05,14.14,13.86,12510,17470000,-0.46,-3.17,1.93,4.21
2012-04-26,14.09,13.71,14.16,13.00,13260,17920000,-0.34,-2.42,8.26,4.46
2012-04-27,13.65,13.42,13.65,13.40,7651,10320000,-0.29,-2.12,1.82,2.58
2012-05-02,13.66,13.72,13.77,13.40,6361,8690000,0.30,2.24,2.76,2.14
2012-05-03,13.66,13.80,13.85,13.60,4987,6850000,0.08,0.58,1.82,1.68
2012-05-04,13.79,13.96,13.99,13.70,4331,6000000,0.16,1.16,2.10,1.46
2012-05-07,13.89,13.97,13.99,13.77,3624,5030000,0.01,0.07,1.58,1.22
2012-05-08,13.92,13.95,14.10,13.80,4609,6430000,-0.02,-0.14,2.15,1.55
2012-05-09,13.85,13.71,13.89,13.70,3999,5510000,-0.24,-1.72,1.36,1.35
2012-05-10,13.63,13.81,13.85,13.63,3266,4490000,0.10,0.73,1.60,1.10
2012-05-11,13.75,13.71,13.95,13.70,2706,3740000,-0.10,-0.72,1.81,0.91
2012-05-14,13.76,13.71,13.90,13.70,5122,7060000,0.00,0.00,1.46,1.72
2012-05-15,13.62,13.48,14.07,13.31,10566,14260000,-0.23,-1.68,5.54,3.56
2012-05-17,13.43,14.78,14.80,13.32,25920,36370000,1.30,9.64,10.98,8.72
2012-05-18,14.50,14.70,14.84,14.03,25913,37510000,-0.08,-0.54,5.48,8.72
2012-05-21,14.32,14.23,14.71,14.10,19788,28620000,-0.47,-3.20,4.15,6.66
2012-05-22,14.08,14.03,14.23,13.86,10486,14710000,-0.20,-1.41,2.60,3.53
2012-05-23,13.99,13.92,14.19,13.71,6817,9510000,-0.11,-0.78,3.42,2.29
2012-05-24,13.92,13.70,13.92,13.63,4883,6740000,-0.22,-1.58,2.08,1.64
2012-05-25,13.70,13.60,13.84,13.55,3715,5090000,-0.10,-0.73,2.12,1.25
2012-05-28,13.60,13.78,13.82,13.36,4832,6570000,0.18,1.32,3.38,1.63
2012-05-29,13.78,13.92,14.17,13.72,5364,7450000,0.14,1.02,3.27,1.81
2012-05-30,13.93,13.80,13.93,13.64,7133,9820000,-0.12,-0.86,2.08,2.40
2012-05-31,13.78,13.85,13.92,13.68,4444,6130000,0.05,0.36,1.74,1.50
2012-06-01,13.83,13.80,13.90,13.75,3788,5240000,-0.05,-0.36,1.08,1.28
2012-06-04,13.71,13.29,13.71,13.28,5637,7590000,-0.51,-3.70,3.12,1.90
2012-06-05,13.17,13.29,13.53,13.17,4737,6330000,0.00,0.00,2.71,1.59
2012-06-06,13.29,13.21,13.50,13.07,3073,4070000,0.02,0.15,3.26,1.03
2012-06-07,13.35,13.12,13.40,13.12,3589,4760000,-0.09,-0.68,2.12,1.21
2012-06-08,13.18,12.98,13.27,12.96,3883,5080000,-0.14,-1.07,2.36,1.31
2012-06-11,12.96,13.22,13.31,12.96,2297,3020000,0.24,1.85,2.70,0.77
2012-06-12,13.24,13.25,13.27,13.13,1502,1980000,0.03,0.23,1.06,0.51
2012-06-13,13.29,13.48,13.67,13.20,3854,5180000,0.23,1.74,3.55,1.30
2012-06-14,13.52,13.48,13.59,13.34,3646,4910000,0.00,0.00,1.85,1.23
2012-06-15,13.48,13.45,13.55,13.32,3036,4080000,-0.03,-0.22,1.71,1.02
2012-06-18,13.50,13.59,13.71,13.50,3338,4540000,0.14,1.04,1.56,1.12
2012-06-19,13.44,13.47,13.85,13.44,3750,5100000,-0.12,-0.88,3.02,1.26
2012-06-20,13.65,13.49,13.68,13.45,3224,4360000,0.02,0.15,1.71,1.09
2012-06-21,13.46,13.32,13.55,13.25,2814,3770000,-0.17,-1.26,2.22,0.95
2012-06-25,13.40,13.03,13.40,13.02,3374,4450000,-0.29,-2.18,2.85,1.14
2012-06-26,12.95,13.04,13.20,12.83,2918,3790000,0.01,0.08,2.84,0.98
2012-06-27,13.18,13.05,13.33,12.93,2826,3710000,0.01,0.08,3.07,0.95
2012-06-28,13.01,12.86,13.17,12.83,2353,3050000,-0.19,-1.46,2.61,0.79
2012-06-29,12.79,13.23,13.43,12.78,4923,6470000,0.37,2.88,5.05,1.66
2012-07-02,13.03,13.30,13.55,13.03,5527,7360000,0.07,0.53,3.93,1.86
2012-07-03,13.25,13.40,13.60,13.25,4355,5850000,0.10,0.75,2.63,1.47
2012-07-04,13.44,13.35,13.64,13.30,2283,3070000,-0.05,-0.37,2.54,0.77
2012-07-05,13.29,13.20,13.34,13.13,2607,3440000,-0.15,-1.12,1.57,0.88
2012-07-06,13.32,13.39,13.50,12.91,4128,5460000,0.19,1.44,4.47,1.39
2012-07-09,13.39,13.00,13.50,13.00,4207,5590000,-0.39,-2.91,3.73,1.42
2012-07-10,13.15,13.01,13.15,12.92,3364,4370000,0.01,0.08,1.77,1.13
2012-07-11,13.00,13.06,13.12,12.84,2116,2750000,0.05,0.38,2.15,0.71
2012-07-12,12.95,13.19,13.46,12.94,4431,5830000,0.13,1.00,3.98,1.49
2012-07-13,13.07,12.84,13.24,12.83,3570,4660000,-0.35,-2.65,3.11,1.20
2012-07-16,12.80,12.02,12.88,12.00,6902,8500000,-0.82,-6.39,6.85,2.32
2012-07-17,11.99,12.08,12.20,11.95,2498,3020000,0.06,0.50,2.08,0.84
2012-07-18,11.99,12.30,12.35,11.99,1369,1660000,0.22,1.82,2.98,0.46
2012-07-19,12.11,12.36,12.55,12.11,3193,3960000,0.06,0.49,3.58,1.07
2012-07-20,12.36,12.33,12.51,12.26,1939,2400000,-0.03,-0.24,2.02,0.65
2012-07-23,12.20,12.24,12.33,12.10,1745,2120000,-0.09,-0.73,1.87,0.59
2012-07-24,12.20,12.30,12.48,12.12,1918,2350000,0.06,0.49,2.94,0.65
2012-07-25,12.17,12.55,12.60,12.17,4404,5470000,0.25,2.03,3.50,1.48
2012-07-26,12.50,12.25,12.58,12.14,2260,2790000,-0.30,-2.39,3.51,0.76
2012-07-27,12.42,12.35,12.48,12.18,1789,2210000,0.10,0.82,2.45,0.60
2012-07-30,12.39,12.05,12.48,12.02,1671,2030000,-0.30,-2.43,3.72,0.56
2012-07-31,12.07,11.72,12.10,11.70,2932,3460000,-0.33,-2.74,3.32,0.99
2012-08-01,11.75,11.86,11.97,11.75,1527,1810000,0.14,1.19,1.88,0.51
2012-08-02,11.80,11.66,11.90,11.61,2211,2590000,-0.20,-1.69,2.45,0.74
2012-08-03,11.76,11.88,11.90,11.62,2024,2390000,0.22,1.89,2.40,0.68
2012-08-06,11.80,12.17,12.22,11.80,3783,4540000,0.29,2.44,3.54,1.27
2012-08-07,12.12,12.29,12.36,12.06,3763,4600000,0.12,0.99,2.47,1.27
2012-08-08,12.20,12.15,12.29,12.11,1767,2150000,-0.14,-1.14,1.46,0.59
2012-08-09,12.14,12.39,12.42,12.12,3423,4210000,0.24,1.98,2.47,1.15
2012-08-10,12.44,12.34,12.44,12.27,1891,2340000,-0.05,-0.40,1.37,0.64
2012-08-13,12.26,12.12,12.40,12.10,2311,2830000,-0.22,-1.78,2.43,0.78
2012-08-14,12.12,12.16,12.24,11.93,2225,2690000,0.04,0.33,2.56,0.75
2012-08-15,12.20,12.18,12.30,12.12,1926,2350000,0.02,0.16,1.48,0.65
2012-08-16,12.18,12.19,12.31,12.11,2109,2580000,0.01,0.08,1.64,0.71
2012-08-17,12.18,12.18,12.25,12.07,1014,1230000,-0.01,-0.08,1.48,0.34
2012-08-20,12.06,12.27,12.27,12.06,2084,2540000,0.09,0.74,1.72,0.70
2012-08-21,12.35,12.40,12.73,12.26,5902,7340000,0.13,1.06,3.83,1.99
2012-08-22,12.48,12.32,12.48,12.18,1718,2120000,-0.08,-0.65,2.42,0.58
2012-08-23,12.35,12.41,12.54,12.27,1729,2140000,0.09,0.73,2.19,0.58
2012-08-24,12.42,12.43,12.52,12.32,2690,3330000,0.02,0.16,1.61,0.91
2012-08-27,12.40,12.07,12.77,12.05,4599,5690000,-0.36,-2.90,5.79,1.55
2012-08-28,11.98,12.16,12.19,11.98,2021,2440000,0.09,0.75,1.74,0.68
2012-08-29,12.05,12.09,12.21,12.02,1397,1690000,-0.07,-0.58,1.56,0.47
2012-08-30,11.88,11.70,12.04,11.64,4012,4740000,-0.39,-3.23,3.31,1.35
2012-08-31,11.70,11.78,11.78,11.60,2738,3200000,0.08,0.68,1.54,0.92
2012-09-03,11.72,11.95,11.99,11.72,2361,2800000,0.17,1.44,2.29,0.79
2012-09-04,11.95,11.82,11.96,11.80,1755,2090000,-0.13,-1.09,1.34,0.59
2012-09-05,11.79,12.78,12.88,11.79,15866,19690000,0.96,8.12,9.22,5.34
2012-09-06,12.56,12.60,12.70,12.30,14319,17880000,-0.18,-1.41,3.13,4.82
2012-09-07,12.50,12.90,13.08,12.44,18531,23640000,0.30,2.38,5.08,6.24
2012-09-10,12.88,12.77,12.90,12.69,7364,9410000,-0.13,-1.01,1.63,2.48
2012-09-11,12.76,12.70,12.76,12.55,4086,5170000,-0.07,-0.55,1.64,1.38
2012-09-12,12.69,12.76,12.79,12.57,4492,5690000,0.06,0.47,1.73,1.51
2012-09-13,12.77,12.51,12.79,12.51,2873,3630000,-0.25,-1.96,2.19,0.97
2012-09-14,12.61,12.98,13.12,12.54,13077,16780000,0.47,3.76,4.64,4.40
2012-09-17,12.98,12.34,12.98,12.34,6655,8410000,-0.64,-4.93,4.93,2.24
2012-09-18,12.30,12.04,12.31,11.98,7284,8810000,-0.30,-2.43,2.67,2.45
2012-09-19,12.14,12.22,12.24,12.01,2956,3580000,0.18,1.50,1.91,1.00
2012-09-20,12.21,11.77,12.21,11.77,2800,3330000,-0.45,-3.68,3.60,0.94
2012-09-21,11.76,11.79,11.94,11.67,1868,2210000,0.02,0.17,2.29,0.63
2012-09-24,11.65,11.83,11.89,11.65,1817,2140000,0.04,0.34,2.04,0.61
2012-09-25,11.70,11.75,11.89,11.70,1436,1690000,-0.08,-0.68,1.61,0.48
2012-09-26,11.79,11.40,11.81,11.40,2685,3110000,-0.35,-2.98,3.49,0.90
2012-09-27,11.33,11.61,11.77,11.33,2141,2480000,0.21,1.84,3.86,0.72
2012-09-28,11.58,11.81,11.83,11.57,1967,2310000,0.20,1.72,2.24,0.66
2012-10-08,11.81,11.75,11.90,11.69,1580,1860000,-0.06,-0.51,1.78,0.53
2012-10-09,11.84,11.97,12.04,11.77,2632,3150000,0.22,1.87,2.30,0.89
2012-10-10,11.99,12.06,12.11,11.91,2753,3310000,0.09,0.75,1.67,0.93
2012-10-11,12.00,11.84,12.06,11.84,1994,2380000,-0.22,-1.82,1.82,0.67
2012-10-12,11.93,11.91,12.06,11.78,1596,1900000,0.07,0.59,2.36,0.54
2012-10-15,11.96,11.95,11.98,11.77,1760,2090000,0.04,0.34,1.76,0.59
2012-10-16,11.84,11.95,12.05,11.76,2885,3450000,0.00,0.00,2.43,0.97
2012-10-17,12.00,11.95,12.07,11.85,1686,2020000,0.00,0.00,1.84,0.57
2012-10-18,12.00,12.06,12.11,11.80,4559,5490000,0.11,0.92,2.59,1.53
2012-10-19,12.12,12.00,12.12,11.93,2080,2500000,-0.06,-0.50,1.58,0.70
2012-10-22,12.00,12.03,12.05,11.90,1339,1600000,0.03,0.25,1.25,0.45
2012-10-23,12.10,11.99,12.10,11.96,1929,2320000,-0.04,-0.33,1.16,0.65
2012-10-24,11.80,11.97,12.04,11.80,1542,1840000,-0.02,-0.17,2.00,0.52
2012-10-25,11.91,11.76,12.03,11.72,2352,2790000,-0.21,-1.75,2.59,0.79
2012-10-26,11.76,11.43,11.83,11.42,2714,3140000,-0.33,-2.81,3.49,0.91
2012-10-29,11.37,11.01,11.37,10.91,4804,5320000,-0.42,-3.67,4.02,1.62
2012-10-30,11.08,11.01,11.08,10.96,2053,2260000,0.00,0.00,1.09,0.69
2012-10-31,11.01,11.01,11.05,10.90,1914,2100000,0.00,0.00,1.36,0.64
2012-11-01,11.05,11.23,11.28,11.02,2723,3040000,0.22,2.00,2.36,0.92
2012-11-02,11.23,11.29,11.30,11.19,2268,2550000,0.06,0.53,0.98,0.76
2012-11-05,11.28,11.26,11.42,11.20,1954,2210000,-0.03,-0.27,1.95,0.66
2012-11-06,11.21,11.19,11.25,11.07,1740,1940000,-0.07,-0.62,1.60,0.59
2012-11-07,11.29,11.26,11.29,11.14,1410,1580000,0.07,0.63,1.34,0.47
2012-11-08,11.24,11.10,11.32,11.03,2439,2720000,-0.16,-1.42,2.58,0.82
2012-11-09,11.07,11.11,11.20,11.04,1603,1780000,0.01,0.09,1.44,0.54
2012-11-12,11.25,11.25,11.27,11.16,2119,2380000,0.14,1.26,0.99,0.71
2012-11-13,11.23,11.14,11.34,11.10,3233,3620000,-0.11,-0.98,2.13,1.09
2012-11-14,11.13,11.24,11.25,11.12,3055,3420000,0.10,0.90,1.17,1.03
2012-11-15,11.28,11.14,11.28,11.03,3380,3760000,-0.10,-0.89,2.22,1.14
2012-11-16,11.03,11.19,11.25,11.00,3440,3830000,0.05,0.45,2.24,1.16
2012-11-19,11.04,11.65,11.81,11.04,17224,19890000,0.46,4.11,6.88,5.80
2012-11-20,11.65,11.47,11.92,11.39,8768,10170000,-0.18,-1.55,4.55,2.95
2012-11-21,11.47,11.46,11.58,11.20,5001,5670000,-0.01,-0.09,3.31,1.68
2012-11-22,11.40,11.30,11.42,11.25,3211,3630000,-0.16,-1.40,1.48,1.08
2012-11-23,11.30,11.30,11.48,11.25,2981,3390000,0.00,0.00,2.04,1.00
2012-11-26,11.27,11.25,11.32,11.15,1809,2030000,-0.05,-0.44,1.50,0.61
2012-11-27,11.25,10.83,11.25,10.82,3389,3710000,-0.42,-3.73,3.82,1.14
2012-11-28,10.83,10.58,10.83,10.54,1626,1730000,-0.25,-2.31,2.68,0.55
2012-11-29,10.56,10.53,10.77,10.53,2173,2310000,-0.05,-0.47,2.27,0.73
2012-11-30,10.53,10.61,10.72,10.53,1023,1090000,0.08,0.76,1.80,0.34
2012-12-03,10.49,10.73,10.95,10.45,5367,5790000,0.12,1.13,4.71,1.81
2012-12-04,10.65,10.72,10.85,10.54,1560,1660000,-0.01,-0.09,2.89,0.52
2012-12-05,10.88,11.00,11.12,10.71,5128,5660000,0.28,2.61,3.82,1.73
2012-12-06,11.15,10.98,11.15,10.92,1268,1400000,-0.02,-0.18,2.09,0.43
2012-12-07,10.90,11.19,11.23,10.85,2809,3120000,0.21,1.91,3.46,0.95
2012-12-10,11.19,11.30,11.30,11.00,2727,3060000,0.11,0.98,2.68,0.92
2012-12-11,10.80,11.26,11.47,10.66,1876,2110000,-0.04,-0.35,7.17,0.63
2012-12-12,11.13,11.25,11.34,11.13,2194,2460000,-0.01,-0.09,1.87,0.74
2012-12-13,11.46,11.19,11.46,11.11,1670,1870000,-0.06,-0.53,3.11,0.56
2012-12-14,11.22,11.51,11.53,11.12,5095,5810000,0.32,2.86,3.66,1.71
2012-12-17,11.65,11.48,11.65,11.43,3039,3500000,-0.03,-0.26,1.91,1.02
2012-12-18,11.40,11.40,11.56,11.37,2816,3220000,-0.08,-0.70,1.66,0.95
2012-12-19,11.36,11.37,11.47,11.34,2066,2350000,-0.03,-0.26,1.14,0.70
2012-12-20,11.57,11.38,11.57,11.35,3121,3570000,0.01,0.09,1.93,1.05
2012-12-21,11.38,11.45,11.55,11.33,3772,4320000,0.07,0.62,1.93,1.27
2012-12-24,11.42,11.61,11.62,11.42,3530,4080000,0.16,1.40,1.75,1.19
2012-12-25,11.60,11.78,11.88,11.60,6674,7850000,0.17,1.46,2.41,2.25
2012-12-26,11.95,12.30,12.30,11.76,23982,28760000,0.52,4.41,4.58,8.07
2012-12-27,12.25,11.95,12.66,11.90,14512,17910000,-0.35,-2.85,6.18,4.88
2012-12-28,11.91,12.04,12.10,11.80,6506,7760000,0.09,0.75,2.51,2.19
2012-12-31,12.00,11.88,12.13,11.58,9583,11310000,-0.16,-1.33,4.57,3.23
2013-01-04,11.88,11.79,11.94,11.65,7915,9330000,-0.09,-0.76,2.44,2.66
2013-01-07,11.79,12.07,12.10,11.66,6776,8080000,0.28,2.37,3.73,2.28
2013-01-08,12.05,12.27,12.33,12.02,9815,11970000,0.20,1.66,2.57,3.30
2013-01-09,12.12,12.82,13.25,12.11,27883,35650000,0.55,4.48,9.29,9.39
2013-01-10,12.64,12.53,12.70,12.39,10985,13770000,-0.29,-2.26,2.42,3.70
2013-01-11,12.62,12.18,12.62,12.15,8801,10860000,-0.35,-2.79,3.75,2.96
2013-01-14,12.18,12.50,12.52,12.04,6839,8470000,0.32,2.63,3.94,2.30
2013-01-15,12.41,12.80,12.87,12.41,11553,14670000,0.30,2.40,3.68,3.89
2013-01-16,12.80,13.20,13.37,12.68,21680,28280000,0.40,3.13,5.39,7.30
2013-01-17,13.01,13.28,13.38,13.01,16155,21330000,0.08,0.61,2.80,5.44
2013-01-18,13.20,13.50,13.56,13.07,17744,23840000,0.22,1.66,3.69,5.97
2013-01-21,13.52,14.75,14.85,13.51,43402,61730000,1.25,9.26,9.93,14.61
2013-01-22,15.00,14.35,16.00,14.25,55828,83690000,-0.40,-2.71,11.86,18.79
2013-01-23,14.46,14.36,14.46,13.90,19664,27790000,0.01,0.07,3.90,6.62
2013-01-24,14.02,14.12,14.50,14.00,11243,16000000,-0.24,-1.67,3.48,3.78
2013-01-25,14.12,14.12,14.60,14.01,7589,10890000,0.00,0.00,4.18,2.55
2013-01-28,14.06,14.45,14.58,14.06,6773,9740000,0.33,2.34,3.68,2.28
2013-01-29,14.31,14.75,14.80,14.30,5500,8020000,0.30,2.08,3.46,1.85
2013-01-30,14.65,14.95,14.99,14.43,7730,11380000,0.20,1.36,3.80,2.60
2013-01-31,14.85,14.65,14.93,14.63,3970,5840000,-0.30,-2.01,2.01,1.34
2013-02-01,14.45,14.89,14.90,14.33,5384,7910000,0.24,1.64,3.89,1.81
2013-02-04,14.89,14.80,14.90,14.61,7324,10840000,-0.09,-0.60,1.95,2.47
2013-02-05,14.80,15.00,15.10,14.55,16552,24690000,0.20,1.35,3.72,5.57
2013-02-06,14.99,15.05,15.32,14.80,23635,35770000,0.05,0.33,3.47,7.96
2013-02-07,15.05,14.93,15.11,14.76,23788,35550000,-0.12,-0.80,2.33,8.01
2013-02-08,14.76,14.95,15.15,14.76,32946,49320000,0.02,0.13,2.61,11.09
2013-02-18,14.95,14.95,15.00,14.65,9147,13550000,0.00,0.00,2.34,3.08
2013-02-19,14.71,14.95,15.10,14.42,10159,15070000,0.00,0.00,4.55,3.42
2013-02-20,14.68,15.08,15.19,14.68,21198,31840000,0.13,0.87,3.41,7.14
2013-02-21,15.07,14.96,15.07,14.72,6620,9840000,-0.12,-0.80,2.32,2.23
2013-02-22,14.76,14.90,14.92,14.76,3306,4910000,-0.06,-0.40,1.07,1.11
2013-02-25,14.92,14.91,14.92,14.67,5724,8450000,0.01,0.07,1.68,1.93
2013-02-26,14.79,15.00,15.80,14.72,56670,86130000,0.09,0.60,7.24,19.07
2013-02-27,15.25,15.22,15.33,14.24,63533,95610000,0.22,1.47,7.27,21.38
2013-02-28,15.00,14.51,15.00,14.34,27902,40560000,-0.71,-4.66,4.34,9.39
2013-03-01,14.52,14.19,14.52,14.10,18322,26030000,-0.32,-2.21,2.89,6.17
2013-03-04,14.19,13.52,14.19,13.50,15100,20980000,-0.67,-4.72,4.86,5.08
2013-03-05,13.51,13.61,13.68,13.50,7643,10380000,0.09,0.67,1.33,2.57
2013-03-06,13.68,13.93,13.94,13.52,9856,13520000,0.32,2.35,3.09,3.32
2013-03-07,13.84,13.71,13.98,13.66,7456,10300000,-0.22,-1.58,2.30,2.51
2013-03-08,13.73,13.51,13.75,13.50,8142,11080000,-0.20,-1.46,1.82,2.74
2013-03-11,13.45,13.64,13.80,13.45,9049,12370000,0.13,0.96,2.59,3.05
2013-03-12,13.64,13.40,13.70,13.36,7523,10190000,-0.24,-1.76,2.49,2.53
2013-03-13,13.46,13.56,13.67,13.38,5112,6910000,0.16,1.19,2.16,1.72
2013-03-14,13.53,13.50,13.64,13.45,5471,7400000,-0.06,-0.44,1.40,1.84
2013-03-15,13.49,13.31,13.55,13.05,5312,7090000,-0.19,-1.41,3.70,1.79
2013-03-18,13.32,13.13,13.40,13.10,4050,5370000,-0.18,-1.35,2.25,1.36
2013-03-19,13.10,12.90,13.25,12.85,3806,4930000,-0.23,-1.75,3.05,1.28
2013-03-20,12.95,13.35,13.36,12.90,6208,8150000,0.45,3.49,3.57,2.09
2013-03-21,13.32,13.35,13.50,13.28,4352,5820000,0.00,0.00,1.65,1.46
2013-03-22,13.34,13.42,13.52,13.34,4063,5460000,0.07,0.52,1.35,1.37
2013-03-25,13.35,13.55,13.56,13.34,3381,4570000,0.13,0.97,1.64,1.14
2013-03-26,13.55,13.50,13.56,13.37,4297,5790000,-0.05,-0.37,1.40,1.45
2013-03-27,13.51,13.49,13.51,13.33,3024,4060000,-0.01,-0.07,1.33,1.02
2013-03-28,13.39,13.00,13.47,13.00,3597,4750000,-0.49,-3.63,3.48,1.21
2013-03-29,13.00,12.91,13.10,12.88,4966,6430000,-0.09,-0.69,1.69,1.67
2013-04-01,12.91,12.97,13.15,12.81,1573,2050000,0.06,0.46,2.63,0.53
2013-04-02,12.94,12.93,13.18,12.93,4248,5520000,-0.04,-0.31,1.93,1.43
2013-04-03,12.96,13.30,14.13,12.95,30355,41470000,0.37,2.86,9.13,10.22
2013-04-08,13.20,12.75,13.20,12.61,5539,7070000,-0.55,-4.14,4.44,1.86
2013-04-09,12.71,12.85,12.85,12.63,4146,5280000,0.10,0.78,1.73,1.40
2013-04-10,12.87,12.72,12.90,12.71,2666,3410000,-0.13,-1.01,1.48,0.90
2013-04-11,12.75,13.14,13.18,12.75,6787,8810000,0.42,3.30,3.38,2.28
2013-04-12,13.13,12.75,13.24,12.70,3533,4580000,-0.39,-2.97,4.11,1.19
2013-04-15,12.63,12.64,12.75,12.56,2247,2840000,-0.11,-0.86,1.49,0.76
2013-04-16,12.61,12.75,12.77,12.60,2322,2950000,0.11,0.87,1.34,0.78
2013-04-17,12.74,12.89,12.89,12.69,4339,5540000,0.14,1.10,1.57,1.46
2013-04-18,12.79,12.87,12.98,12.71,2451,3150000,-0.02,-0.16,2.09,0.83
2013-04-19,12.93,13.10,13.17,12.90,4139,5410000,0.23,1.79,2.10,1.39
2013-04-22,13.07,13.02,13.19,12.98,2919,3800000,-0.08,-0.61,1.60,0.98
2013-04-23,13.15,13.00,13.18,12.81,3787,4890000,-0.02,-0.15,2.84,1.27
2013-04-24,13.00,13.16,13.17,12.87,3125,4090000,0.16,1.23,2.31,1.05
2013-04-25,13.16,13.09,13.25,13.02,3700,4870000,-0.07,-0.53,1.75,1.25
2013-04-26,13.00,12.68,13.01,12.68,3424,4400000,-0.41,-3.13,2.52,1.15
2013-05-02,12.65,12.61,12.77,12.56,1692,2140000,-0.07,-0.55,1.66,0.57
2013-05-03,12.68,12.82,12.90,12.62,2462,3150000,0.21,1.67,2.22,0.83
2013-05-06,12.81,12.93,12.95,12.80,2990,3850000,0.11,0.86,1.17,1.01
2013-05-07,12.92,12.97,13.03,12.84,2573,3340000,0.04,0.31,1.47,0.87
2013-05-08,12.92,13.18,13.34,12.92,7266,9560000,0.21,1.62,3.24,2.45
2013-05-09,13.15,13.15,13.23,13.04,4806,6310000,-0.03,-0.23,1.44,1.62
2013-05-10,13.16,13.39,13.45,13.10,7013,9310000,0.24,1.83,2.66,2.36
2013-05-13,13.45,13.35,13.45,13.25,4467,5950000,-0.04,-0.30,1.49,1.50
2013-05-14,13.27,13.33,13.46,13.26,4189,5590000,-0.02,-0.15,1.50,1.41
2013-05-15,13.42,13.54,13.78,13.37,7860,10650000,0.21,1.58,3.08,2.65
2013-05-16,13.41,13.63,13.70,13.36,6696,9100000,0.09,0.66,2.51,2.25
2013-05-17,13.60,13.60,13.75,13.55,6930,9480000,-0.03,-0.22,1.47,2.33
2013-05-20,13.61,13.76,13.83,13.59,10105,13840000,0.16,1.18,1.76,3.40
2013-05-21,13.76,13.70,13.82,13.66,7460,10230000,-0.06,-0.44,1.16,2.51
2013-05-22,9.06,8.90,9.06,8.86,9574,8550000,-0.17,-1.87,2.21,2.15
2013-05-23,8.90,9.49,9.60,8.86,33609,31140000,0.59,6.63,8.31,7.54
2013-05-24,9.34,9.47,9.65,9.25,16463,15470000,-0.02,-0.21,4.22,3.69
2013-05-27,9.36,9.30,9.46,9.26,10306,9610000,-0.17,-1.80,2.11,2.31
2013-05-28,9.34,9.21,9.36,9.13,8328,7670000,-0.09,-0.97,2.47,1.87
2013-05-29,9.23,9.31,9.32,9.20,7436,6890000,0.10,1.09,1.30,1.67
2013-05-30,9.22,9.45,9.75,9.16,29195,27740000,0.14,1.50,6.34,6.55
2013-05-31,9.42,9.63,9.89,9.33,52620,50640000,0.18,1.90,5.93,11.81
2013-06-03,9.50,9.81,10.05,9.39,47523,46410000,0.18,1.87,6.85,10.66
2013-06-04,9.80,9.47,9.80,9.38,15939,15200000,-0.34,-3.47,4.28,3.58
2013-06-05,9.44,9.43,9.56,9.31,11319,10610000,-0.04,-0.42,2.64,2.54
2013-06-06,9.32,9.09,9.35,9.07,10201,9400000,-0.34,-3.61,2.97,2.29
2013-06-07,9.09,8.95,9.14,8.88,9032,8110000,-0.14,-1.54,2.86,2.03
2013-06-13,8.95,8.70,8.95,8.50,6214,5360000,-0.25,-2.79,5.03,1.39
2013-06-14,8.78,9.21,9.50,8.66,18574,16970000,0.51,5.86,9.66,4.17
2013-06-17,9.21,9.75,9.85,9.11,40921,39440000,0.54,5.86,8.03,9.18
2013-06-18,9.75,9.66,9.77,9.57,14247,13730000,-0.09,-0.92,2.05,3.20
2013-06-19,9.69,10.63,10.63,9.41,90536,91270000,0.97,10.04,12.63,20.32
2013-06-20,10.63,10.12,10.66,10.03,53093,54960000,-0.51,-4.80,5.93,11.91
2013-06-21,9.81,9.80,10.12,9.22,21318,20850000,-0.32,-3.16,8.89,4.78
2013-06-24,9.80,9.10,10.08,8.88,24943,23810000,-0.70,-7.14,12.24,5.60
2013-06-25,8.81,8.89,9.09,8.19,22636,19520000,-0.21,-2.31,9.89,5.08
2013-06-26,8.89,9.14,9.21,8.38,32596,28510000,0.25,2.81,9.34,7.31
2013-06-27,9.10,8.61,9.15,8.58,22106,19670000,-0.53,-5.80,6.24,4.96
2013-06-28,8.51,8.37,8.72,8.30,13459,11430000,-0.24,-2.79,4.88,3.02
2013-07-01,8.37,8.61,8.64,8.36,10106,8570000,0.24,2.87,3.35,2.27
2013-07-02,8.61,8.61,8.67,8.42,10674,9090000,0.00,0.00,2.90,2.40
2013-07-03,8.52,8.45,8.63,8.37,16920,14330000,-0.16,-1.86,3.02,3.80
2013-07-04,8.40,8.62,8.79,8.32,15448,13280000,0.17,2.01,5.56,3.47
2013-07-05,8.63,8.47,8.63,8.43,11268,9600000,-0.15,-1.74,2.32,2.53
2013-07-08,8.35,7.65,8.35,7.63,16988,13380000,-0.82,-9.68,8.50,3.81
2013-07-09,7.66,7.69,7.73,7.52,10195,7790000,0.04,0.52,2.75,2.29
2013-07-10,7.62,7.98,8.05,7.62,13417,10590000,0.29,3.77,5.59,3.01
2013-07-11,8.05,8.09,8.26,7.93,13036,10600000,0.11,1.38,4.14,2.93
2013-07-12,8.10,7.92,8.22,7.92,10203,8200000,-0.17,-2.10,3.71,2.29
2013-07-15,7.98,8.10,8.15,7.92,7207,5790000,0.18,2.27,2.90,1.62
2013-07-16,8.11,8.27,8.27,8.05,10632,8710000,0.17,2.10,2.72,2.39
2013-07-17,8.26,8.14,8.42,8.12,11123,9220000,-0.13,-1.57,3.63,2.50
2013-07-18,8.14,8.08,8.19,8.02,9402,7590000,-0.06,-0.74,2.09,2.11
2013-07-19,8.17,7.94,8.17,7.92,6416,5170000,-0.14,-1.73,3.09,1.44
2013-07-22,7.93,8.06,8.15,7.82,6108,4890000,0.12,1.51,4.16,1.37
2013-07-23,8.05,8.24,8.30,8.05,11349,9320000,0.18,2.23,3.10,2.55
2013-07-24,8.23,8.49,8.60,8.20,18112,15190000,0.25,3.03,4.85,4.06
2013-07-25,8.49,8.50,8.54,8.30,16070,13570000,0.01,0.12,2.83,3.61
2013-07-26,8.35,8.53,8.56,8.35,9817,8310000,0.03,0.35,2.47,2.20
2013-07-29,8.54,8.88,8.96,8.41,14653,12750000,0.35,4.10,6.45,3.29
2013-07-30,8.80,9.31,9.77,8.75,83561,78690000,0.43,4.84,11.49,18.75
2013-07-31,9.15,9.10,9.18,8.83,29438,26420000,-0.21,-2.26,3.76,6.61
2013-08-01,8.95,9.07,9.07,8.88,20577,18470000,-0.03,-0.33,2.09,4.62
2013-08-02,9.00,8.87,9.07,8.81,17991,16080000,-0.20,-2.21,2.87,4.04
2013-08-05,8.84,9.02,9.02,8.69,20084,17760000,0.15,1.69,3.72,4.51
2013-08-06,8.97,9.02,9.08,8.85,18388,16560000,0.00,0.00,2.55,4.13
2013-08-07,9.00,8.97,9.23,8.92,21528,19590000,-0.05,-0.55,3.44,4.83
2013-08-08,8.89,8.91,9.05,8.70,11805,10490000,-0.06,-0.67,3.90,2.65
2013-08-09,8.94,8.86,9.02,8.75,9245,8180000,-0.05,-0.56,3.03,2.07
2013-08-12,8.85,8.96,9.03,8.85,11789,10520000,0.10,1.13,2.03,2.65
2013-08-13,9.03,9.12,9.17,8.96,18115,16390000,0.16,1.79,2.34,4.06
2013-08-14,9.13,8.94,9.18,8.93,12500,11320000,-0.18,-1.97,2.74,2.80
2013-08-15,8.94,9.01,9.08,8.89,11200,10070000,0.07,0.78,2.13,2.51
2013-08-16,8.91,8.62,9.09,8.62,14042,12460000,-0.39,-4.33,5.22,3.15
2013-08-19,8.62,8.75,8.75,8.50,12981,11200000,0.13,1.51,2.90,2.91
2013-08-20,8.66,8.67,8.76,8.63,7426,6460000,-0.08,-0.91,1.49,1.67
2013-08-21,8.73,8.79,8.80,8.64,6488,5650000,0.12,1.38,1.85,1.46
2013-08-22,8.79,8.77,8.82,8.70,5314,4660000,-0.02,-0.23,1.37,1.19
2013-08-23,8.74,8.62,8.84,8.50,6242,5440000,-0.15,-1.71,3.88,1.40
2013-08-26,8.64,8.76,8.76,8.55,9750,8460000,0.14,1.62,2.44,2.19
2013-08-27,8.74,8.89,8.92,8.70,10042,8870000,0.13,1.48,2.51,2.25
2013-08-28,8.80,8.67,8.88,8.67,8789,7680000,-0.22,-2.47,2.36,1.97
2013-08-29,8.67,8.71,8.75,8.64,7274,6320000,0.04,0.46,1.27,1.63
2013-08-30,8.66,8.52,8.73,8.46,9239,7940000,-0.19,-2.18,3.10,2.07
2013-09-02,8.61,8.68,8.68,8.40,5673,4840000,0.16,1.88,3.29,1.27
2013-09-03,8.66,8.74,8.76,8.60,5220,4550000,0.06,0.69,1.84,1.17
2013-09-04,8.74,8.72,8.75,8.61,4449,3870000,-0.02,-0.23,1.60,1.00
2013-09-05,8.63,8.85,8.94,8.62,14618,12870000,0.13,1.49,3.67,3.28
2013-09-06,8.83,8.84,8.95,8.78,11059,9790000,-0.01,-0.11,1.92,2.48
2013-09-09,8.85,8.90,8.97,8.83,14683,13050000,0.06,0.68,1.58,3.29
2013-09-10,8.90,8.93,8.95,8.85,9379,8340000,0.03,0.34,1.12,2.10
2013-09-11,8.93,8.96,9.10,8.88,18118,16240000,0.03,0.34,2.46,4.07
2013-09-12,8.96,8.90,9.00,8.88,10091,9010000,-0.06,-0.67,1.34,2.26
2013-09-13,8.88,9.00,9.00,8.85,14133,12610000,0.10,1.12,1.69,3.17
2013-09-16,9.10,8.99,9.14,8.98,12239,11080000,-0.01,-0.11,1.78,2.75
2013-09-17,8.99,8.69,9.04,8.68,7249,6410000,-0.30,-3.34,4.00,1.63
2013-09-18,8.68,8.78,8.84,8.68,5272,4600000,0.09,1.04,1.84,1.18
2013-09-23,8.77,8.91,8.94,8.77,7012,6240000,0.13,1.48,1.94,1.57
2013-09-24,8.87,9.03,9.05,8.87,13323,11960000,0.12,1.35,2.02,2.99
2013-09-25,9.02,9.10,9.18,8.97,21972,19970000,0.07,0.78,2.33,4.93
2013-09-26,9.11,8.86,9.17,8.85,14306,12820000,-0.24,-2.64,3.52,3.21
2013-09-27,8.85,8.88,8.95,8.81,5989,5320000,0.02,0.23,1.58,1.34
2013-09-30,8.82,9.05,9.08,8.80,9442,8500000,0.17,1.91,3.15,2.12
2013-10-08,9.05,9.10,9.11,8.90,14703,13300000,0.05,0.55,2.32,3.30
2013-10-09,9.09,9.09,9.13,9.02,10344,9380000,-0.01,-0.11,1.21,2.32
2013-10-10,9.10,9.02,9.15,8.98,12204,11070000,-0.07,-0.77,1.87,2.74
2013-10-11,9.02,9.18,9.22,9.00,19003,17320000,0.16,1.77,2.44,4.26
2013-10-14,9.47,9.36,9.79,9.32,42212,40080000,0.18,1.96,5.12,9.47
2013-10-15,9.30,9.17,9.30,9.09,19947,18300000,-0.19,-2.03,2.24,4.48
2013-10-16,9.18,8.88,9.18,8.82,13273,11890000,-0.29,-3.16,3.93,2.98
2013-10-17,8.90,8.97,9.04,8.89,8733,7830000,0.09,1.01,1.69,1.96
2013-10-18,8.97,9.04,9.10,8.92,9906,8940000,0.07,0.78,2.01,2.22
2013-10-21,9.06,9.14,9.16,9.00,16753,15270000,0.10,1.11,1.77,3.76
2013-10-22,9.15,9.37,9.48,9.11,29174,27210000,0.23,2.52,4.05,6.55
2013-10-23,9.33,9.04,9.36,9.01,14862,13600000,-0.33,-3.52,3.74,3.34
2013-10-24,9.04,9.15,9.17,9.00,13141,11960000,0.11,1.22,1.88,2.95
2013-10-25,9.15,8.76,9.22,8.70,11223,10010000,-0.39,-4.26,5.68,2.52
2013-10-28,8.70,8.44,8.79,8.36,11635,9890000,-0.32,-3.65,4.91,2.61
2013-10-29,8.41,8.06,8.50,7.96,10437,8510000,-0.38,-4.50,6.40,2.34
2013-10-30,7.96,8.20,8.23,7.96,6176,4990000,0.14,1.74,3.35,1.39
2013-10-31,8.15,8.23,8.23,8.12,5347,4370000,0.03,0.37,1.34,1.20
2013-11-01,8.23,8.11,8.23,8.05,5419,4400000,-0.12,-1.46,2.19,1.22
2013-11-04,8.12,8.24,8.25,8.12,5778,4740000,0.13,1.60,1.60,1.30
2013-11-05,8.15,8.31,8.36,8.13,5709,4720000,0.07,0.85,2.79,1.28
2013-11-06,8.35,8.27,8.37,8.26,3624,3010000,-0.04,-0.48,1.32,0.81
2013-11-07,8.25,8.15,8.32,8.15,4558,3760000,-0.12,-1.45,2.06,1.02
2013-11-08,8.20,7.96,8.20,7.95,5512,4430000,-0.19,-2.33,3.07,1.24
2013-11-11,7.96,8.10,8.12,7.95,5415,4350000,0.14,1.76,2.14,1.22
2013-11-12,8.14,8.30,8.31,8.05,4387,3600000,0.20,2.47,3.21,0.98
2013-11-13,8.33,8.24,8.40,8.17,6508,5400000,-0.06,-0.72,2.77,1.46
2013-11-14,8.28,8.53,8.68,8.26,11714,10000000,0.29,3.52,5.10,2.63
2013-11-15,8.61,8.64,8.81,8.46,10288,8910000,0.11,1.29,4.10,2.31
2013-11-18,8.64,8.88,8.97,8.64,14561,12800000,0.24,2.78,3.82,3.27
2013-11-19,8.85,9.09,9.25,8.75,20714,18660000,0.21,2.36,5.63,4.65
2013-11-20,9.04,8.94,9.12,8.88,13383,11990000,-0.15,-1.65,2.64,3.00
2013-11-21,8.97,8.93,9.08,8.81,8414,7510000,-0.01,-0.11,3.02,1.89
2013-11-22,8.97,8.92,9.18,8.88,11262,10100000,-0.01,-0.11,3.36,2.53
2013-11-25,8.90,8.86,8.99,8.81,5657,5030000,-0.06,-0.67,2.02,1.27
2013-11-26,8.89,9.28,9.36,8.86,27737,25470000,0.42,4.74,5.64,6.22
2013-11-27,9.28,9.14,9.29,9.12,11599,10640000,-0.14,-1.51,1.83,2.60
2013-11-28,9.12,9.16,9.21,9.11,11132,10190000,0.02,0.22,1.09,2.50
2013-11-29,9.18,9.30,9.41,9.14,16089,14940000,0.14,1.53,2.95,3.61
2013-12-02,9.07,8.61,9.10,8.57,12631,11190000,-0.69,-7.42,5.70,2.83
2013-12-03,8.58,8.78,8.85,8.53,8252,7140000,0.17,1.97,3.72,1.85
2013-12-04,8.77,8.82,8.94,8.74,8238,7320000,0.04,0.46,2.28,1.85
2013-12-05,8.83,9.65,9.65,8.83,55624,52220000,0.83,9.41,9.30,12.48
2013-12-06,9.70,9.53,9.96,9.41,45255,43440000,-0.12,-1.24,5.70,10.15
2013-12-09,9.58,9.73,9.78,9.47,32167,30900000,0.20,2.10,3.25,7.22
2013-12-10,9.75,10.24,10.70,9.68,64726,65990000,0.51,5.24,10.48,14.52
2013-12-11,10.24,9.95,10.24,9.79,25599,25450000,-0.29,-2.83,4.39,5.74
2013-12-12,10.00,9.57,10.00,9.50,47365,45570000,-0.38,-3.82,5.03,10.63
2013-12-13,9.44,9.46,9.58,9.42,17229,16330000,-0.11,-1.15,1.67,3.87
2013-12-16,9.41,9.36,9.51,9.32,15776,14820000,-0.10,-1.06,2.01,3.54
2013-12-17,9.44,9.40,9.49,9.33,11266,10590000,0.04,0.43,1.71,2.53
2013-12-18,9.40,9.20,9.46,9.10,22196,20420000,-0.20,-2.13,3.83,4.98
2013-12-19,9.20,9.07,9.28,9.07,10933,10010000,-0.13,-1.41,2.28,2.45
2013-12-20,9.08,8.92,9.14,8.84,9626,8650000,-0.15,-1.65,3.31,2.16
2013-12-23,8.95,8.98,9.06,8.71,7740,6900000,0.06,0.67,3.92,1.74
2013-12-24,8.97,9.11,9.17,8.92,8896,8070000,0.13,1.45,2.78,2.00
2013-12-25,9.12,9.26,9.27,9.07,10116,9300000,0.15,1.65,2.20,2.27
2013-12-26,9.27,9.11,9.32,9.02,7875,7200000,-0.15,-1.62,3.24,1.77
2013-12-27,9.11,9.32,9.37,9.06,10879,10080000,0.21,2.31,3.40,2.44
2013-12-30,9.33,9.34,9.45,9.27,12458,11640000,0.02,0.21,1.93,2.80
2013-12-31,9.35,9.38,9.48,9.23,20725,19480000,0.04,0.43,2.68,4.65
2014-01-02,9.35,9.60,9.65,9.28,29821,28440000,0.22,2.35,3.94,6.69
2014-01-03,9.59,9.50,9.68,9.50,21238,20300000,-0.10,-1.04,1.88,4.77
2014-01-06,9.50,9.17,9.52,9.09,12995,12140000,-0.33,-3.47,4.53,2.92
2014-01-07,9.17,9.37,9.43,9.10,9265,8650000,0.20,2.18,3.60,2.08
2014-01-08,9.37,9.56,9.63,9.29,19722,18850000,0.19,2.03,3.63,4.43
2014-01-09,9.60,9.30,9.67,9.29,15730,14970000,-0.26,-2.72,3.97,3.53
2014-01-10,9.30,9.11,9.31,9.03,8437,7700000,-0.19,-2.04,3.01,1.89
2014-01-13,9.11,9.00,9.15,8.93,6645,5990000,-0.11,-1.21,2.41,1.49
2014-01-14,8.93,9.30,9.32,8.93,6106,5600000,0.30,3.33,4.33,1.37
2014-01-15,9.30,9.54,9.55,9.26,8347,7870000,0.24,2.58,3.12,1.87
2014-01-16,9.63,9.49,9.66,9.44,14907,14230000,-0.05,-0.52,2.31,3.35
2014-01-17,9.54,9.55,9.60,9.37,9362,8890000,0.06,0.63,2.42,2.10
2014-01-20,9.45,9.59,9.73,9.45,14382,13830000,0.04,0.42,2.93,3.23
2014-01-21,9.64,9.74,9.76,9.51,15728,15250000,0.15,1.56,2.61,3.53
2014-01-22,9.77,9.87,9.87,9.62,18648,18270000,0.13,1.33,2.57,4.18
2014-01-23,9.86,9.81,9.92,9.78,13671,13490000,-0.06,-0.61,1.42,3.07
2014-01-24,9.81,9.92,9.93,9.75,15247,15010000,0.11,1.12,1.83,3.42
2014-01-27,9.92,10.04,10.10,9.82,15310,15280000,0.12,1.21,2.82,3.44
2014-01-28,10.09,9.87,10.18,9.82,9541,9460000,-0.17,-1.69,3.59,2.14
2014-01-29,9.87,9.99,10.04,9.78,8727,8690000,0.12,1.22,2.63,1.96
2014-01-30,10.00,9.88,10.09,9.83,5554,5540000,-0.11,-1.10,2.60,1.25
2014-02-07,9.81,10.05,10.06,9.68,11960,11900000,0.17,1.72,3.85,2.68
2014-02-10,10.00,10.12,10.41,10.00,31116,31730000,0.07,0.70,4.08,6.98
2014-02-11,10.09,10.50,10.57,10.08,28501,29430000,0.38,3.75,4.84,6.40
2014-02-12,10.41,10.64,10.68,10.31,24811,26010000,0.14,1.33,3.52,5.57
2014-02-13,10.61,10.52,10.85,10.47,23700,25200000,-0.12,-1.13,3.57,5.32
2014-02-14,10.53,10.72,10.77,10.53,15132,16150000,0.20,1.90,2.28,3.40
2014-02-17,10.83,10.62,10.97,10.60,26848,28800000,-0.10,-0.93,3.45,6.02
2014-02-18,10.61,10.34,10.88,10.34,37597,40010000,-0.28,-2.64,5.08,8.44
2014-02-19,10.88,11.37,11.37,10.80,131802,148430000,1.03,9.96,5.51,29.58
2014-02-20,11.65,10.99,11.65,10.80,118223,131330000,-0.38,-3.34,7.48,26.53
2014-02-21,10.86,10.40,11.07,10.29,56276,59830000,-0.59,-5.37,7.10,12.63
2014-02-24,10.38,10.49,10.54,10.20,24960,25840000,0.09,0.87,3.27,5.60
2014-02-25,10.45,9.85,10.68,9.80,43318,44770000,-0.64,-6.10,8.39,9.72
2014-02-26,9.76,10.05,10.08,9.44,25085,24540000,0.20,2.03,6.50,5.63
2014-02-27,9.96,9.72,10.17,9.69,19215,19160000,-0.33,-3.28,4.78,4.31
2014-02-28,9.66,10.00,10.05,9.61,15214,14950000,0.28,2.88,4.53,3.41
2014-03-03,10.00,10.22,10.23,9.97,14825,14950000,0.22,2.20,2.60,3.33
2014-03-04,10.10,10.27,10.32,9.98,16520,16740000,0.05,0.49,3.33,3.71
2014-03-05,10.26,10.24,10.34,10.11,13472,13790000,-0.03,-0.29,2.24,3.02
2014-03-06,10.17,10.06,10.23,9.93,12828,12900000,-0.18,-1.76,2.93,2.88
2014-03-07,10.00,10.16,10.26,9.96,9290,9430000,0.10,0.99,2.98,2.08
2014-03-10,10.16,9.88,10.18,9.82,7242,7210000,-0.28,-2.76,3.54,1.63
2014-03-11,9.83,10.00,10.09,9.80,7004,6940000,0.12,1.21,2.94,1.57
2014-03-12,9.99,9.95,10.07,9.81,8814,8740000,-0.05,-0.50,2.60,1.98
2014-03-13,9.90,9.99,10.06,9.83,9513,9490000,0.04,0.40,2.31,2.13
2014-03-14,10.03,9.91,10.06,9.90,6365,6340000,-0.08,-0.80,1.60,1.43
2014-03-17,9.82,10.13,10.15,9.82,9657,9710000,0.22,2.22,3.33,2.17
2014-03-18,10.13,10.25,10.29,10.06,10390,10620000,0.12,1.18,2.27,2.33
2014-03-19,10.28,10.61,10.75,10.20,36263,38130000,0.36,3.51,5.37,8.14
2014-03-20,10.61,10.39,10.70,10.35,17216,18120000,-0.22,-2.07,3.30,3.86
2014-03-21,10.33,10.96,11.11,10.33,35937,38810000,0.57,5.49,7.51,8.06
2014-03-24,11.05,11.68,12.04,10.81,64904,74870000,0.72,6.57,11.22,14.56
2014-03-25,11.60,12.56,12.75,11.46,94246,116460000,0.88,7.53,11.04,21.15
2014-03-26,12.30,12.65,12.89,12.08,62945,78200000,0.09,0.72,6.45,14.12
2014-03-27,12.51,12.19,12.65,12.13,37106,46000000,-0.46,-3.64,4.11,8.33
2014-03-28,12.05,11.00,12.20,10.97,60722,69800000,-1.19,-9.76,10.09,13.63
2014-03-31,11.00,10.88,11.07,10.52,35959,38940000,-0.12,-1.09,5.00,8.07
2014-04-01,10.92,10.77,11.14,10.65,30139,32610000,-0.11,-1.01,4.50,6.76
2014-04-02,10.82,11.85,11.85,10.52,49790,55760000,1.08,10.03,12.35,11.17
2014-04-04,11.94,13.04,13.04,11.36,107353,135510000,1.19,10.04,14.18,24.09
2014-04-08,14.32,14.34,14.34,13.70,162515,230500000,1.30,9.97,4.91,36.47
2014-04-09,14.43,13.19,14.43,12.91,189334,251760000,-1.15,-8.02,10.60,42.48
2014-04-10,12.89,12.71,12.99,12.68,119603,153120000,-0.48,-3.64,2.35,26.84
2014-04-11,12.80,12.39,12.80,12.36,67357,84410000,-0.32,-2.52,3.46,15.11
2014-04-14,12.39,12.53,12.64,12.32,51838,64910000,0.14,1.13,2.58,3.70
2014-04-15,12.53,12.33,12.64,12.25,42346,52530000,-0.20,-1.60,3.11,3.02
2014-04-16,12.40,12.36,12.43,12.20,29329,36040000,0.03,0.24,1.87,2.09
2014-04-17,12.17,12.21,12.36,12.05,31221,38080000,-0.15,-1.21,2.51,2.23
2014-04-18,12.21,12.39,12.43,12.10,35729,43910000,0.18,1.47,2.70,2.55
2014-04-21,12.30,11.91,12.38,11.91,23798,28870000,-0.48,-3.87,3.79,1.70
2014-04-22,11.84,11.44,11.91,11.30,31525,36340000,-0.47,-3.95,5.12,2.25
2014-04-23,11.43,11.50,11.68,11.36,19594,22560000,0.06,0.52,2.80,1.40
2014-04-24,11.46,11.16,11.55,11.03,17424,19640000,-0.34,-2.96,4.52,1.24
2014-04-25,11.16,10.92,11.25,10.83,21033,23230000,-0.24,-2.15,3.76,1.50
2014-04-28,10.85,10.80,11.03,10.68,14239,15430000,-0.12,-1.10,3.21,1.02
2014-04-29,10.83,11.30,11.41,10.82,33201,37180000,0.50,4.63,5.46,2.37
2014-04-30,11.20,11.33,11.40,11.19,14496,16410000,0.03,0.27,1.86,1.04
2014-08-22,12.46,12.46,12.46,12.46,1187,1480000,1.13,9.97,0.00,0.08
2014-08-25,13.71,13.71,13.71,13.71,693,950000,1.25,10.03,0.00,0.05
2014-08-26,15.08,15.08,15.08,15.08,2748,4140000,1.37,9.99,0.00,0.20
2014-08-27,16.59,16.59,16.59,16.59,9308,15440000,1.51,10.01,0.00,0.66
2014-08-28,18.25,18.25,18.25,18.25,10800,19710000,1.66,10.01,0.00,0.77
2014-09-02,18.99,19.35,20.00,18.35,192175,367650000,1.10,6.03,9.04,13.73
2014-09-03,19.00,19.50,19.75,18.78,134276,258640000,0.15,0.78,5.01,9.59
2014-09-04,19.55,20.01,20.50,19.31,115009,230140000,0.51,2.62,6.10,8.21
2014-09-05,19.61,19.69,19.98,18.90,70509,137050000,-0.32,-1.60,5.40,5.04
2014-09-09,19.58,20.15,20.44,19.23,64641,129110000,0.46,2.34,6.15,4.62
2014-09-10,20.00,20.93,22.00,19.80,75952,160480000,0.78,3.87,10.92,5.42
2014-09-11,20.83,21.74,21.98,20.56,60181,129120000,0.81,3.87,6.78,4.30
2014-09-12,21.68,22.58,23.49,21.55,63195,143290000,0.84,3.86,8.92,4.51
2014-09-15,22.69,22.32,22.99,21.70,46507,103900000,-0.26,-1.15,5.71,3.32
2014-09-16,22.07,20.98,22.18,20.72,55811,118850000,-1.34,-6.00,6.54,3.99
2014-09-17,20.92,20.14,21.17,19.54,55310,111800000,-0.84,-4.00,7.77,3.95
2014-09-18,20.19,21.45,21.79,19.50,66691,137110000,1.31,6.50,11.37,4.76
2014-09-19,21.15,22.10,22.81,20.77,72707,159100000,0.65,3.03,9.51,5.19
2014-09-22,22.00,24.31,24.31,21.92,74332,173140000,2.21,10.00,10.81,5.31
2014-09-23,24.28,26.26,26.74,23.67,71911,186660000,1.95,8.02,12.63,5.14
2014-09-24,26.03,26.04,27.19,25.23,46589,121790000,-0.22,-0.84,7.46,3.33
2014-09-25,25.78,25.04,26.10,24.91,28412,72080000,-1.00,-3.84,4.57,2.03
2014-09-26,24.80,25.05,26.90,24.30,38584,98680000,0.01,0.04,10.38,2.76
2014-09-29,24.80,25.79,26.32,24.50,28864,73860000,0.74,2.95,7.27,2.06
2014-09-30,25.68,24.85,25.77,24.03,27443,68690000,-0.94,-3.64,6.75,1.96
2014-10-08,25.16,24.71,25.47,24.11,32062,78470000,-0.14,-0.56,5.47,2.29
2014-10-09,24.68,24.00,24.68,23.51,49349,118050000,-0.71,-2.87,4.73,3.52
2014-10-10,23.85,23.43,24.00,23.37,26434,62420000,-0.57,-2.38,2.63,1.89
2014-10-13,23.64,22.66,23.64,22.00,37965,85790000,-0.77,-3.29,7.00,2.71
2014-10-14,22.64,22.65,22.90,22.45,27375,61900000,-0.01,-0.04,1.99,1.96
2014-10-15,22.80,22.65,22.81,22.18,15300,34470000,0.00,0.00,2.78,1.09
2014-10-16,22.68,22.00,22.80,22.00,18240,40900000,-0.65,-2.87,3.53,1.30
2014-10-17,22.06,21.92,22.42,21.59,18786,41410000,-0.08,-0.36,3.77,1.34
2014-10-20,22.09,22.12,22.38,21.79,12695,28040000,0.20,0.91,2.69,0.91
2014-10-21,22.10,21.99,22.40,21.99,11372,25180000,-0.13,-0.59,1.85,0.81
2014-10-22,21.82,21.08,22.20,21.00,16568,35660000,-0.91,-4.14,5.46,1.18
2014-10-23,21.10,20.65,21.30,19.72,21808,44790000,-0.43,-2.04,7.50,1.56
2014-10-24,20.69,20.49,20.80,20.30,12090,24870000,-0.16,-0.77,2.42,0.86
2014-10-27,20.47,20.72,20.74,20.16,9564,19620000,0.23,1.12,2.83,0.68
2014-10-28,20.72,22.79,22.79,20.72,52591,116860000,2.07,9.99,9.99,3.76
2014-10-29,23.00,23.65,24.23,22.79,63850,150180000,0.86,3.77,6.32,4.56
2014-10-30,23.68,23.50,23.68,23.01,30428,71000000,-0.15,-0.63,2.83,2.17
2014-10-31,23.49,23.20,23.60,22.81,10335,23850000,-0.30,-1.28,3.36,0.74
2014-11-03,23.30,22.45,23.70,22.40,16307,37650000,-0.75,-3.23,5.60,1.16
2014-11-04,22.40,21.80,22.45,21.25,17739,38570000,-0.65,-2.90,5.35,1.27
2014-11-05,21.79,22.59,23.77,21.39,20023,45010000,0.79,3.62,10.92,1.43
2014-11-06,22.58,22.33,22.79,22.12,9356,20920000,-0.26,-1.15,2.97,0.67
2014-11-07,22.33,22.08,22.50,21.71,14755,32580000,-0.25,-1.12,3.54,1.05
2014-11-10,22.00,21.78,22.12,21.55,8496,18490000,-0.30,-1.36,2.58,0.61
2014-11-11,21.79,21.20,22.06,21.02,9200,19790000,-0.58,-2.66,4.78,0.66
2014-11-12,21.25,22.70,22.80,21.07,23620,52540000,1.50,7.08,8.16,1.69
2014-11-13,22.50,23.32,24.00,22.31,39942,93550000,0.62,2.73,7.44,2.85
2014-11-14,23.31,23.30,24.09,22.63,18270,42860000,-0.02,-0.09,6.26,1.30
2014-11-17,23.42,23.96,24.11,22.80,17154,40790000,0.66,2.83,5.62,1.23
2014-11-18,23.82,23.72,24.26,23.65,17235,41330000,-0.24,-1.00,2.55,1.23
2014-11-19,23.50,23.49,23.99,23.25,24134,56680000,-0.23,-0.97,3.12,1.72
2014-11-20,23.65,23.06,23.95,22.66,13368,30980000,-0.43,-1.83,5.49,0.95
2014-11-21,22.75,22.78,23.28,22.35,19565,44380000,-0.28,-1.21,4.03,1.40
2014-11-27,20.50,20.50,20.50,20.50,12169,24950000,-2.28,-10.01,0.00,0.87
2014-11-28,18.71,19.09,19.50,18.47,202656,380090000,-1.41,-6.88,5.02,14.47
2014-12-01,18.49,18.07,18.54,17.58,146420,263960000,-1.02,-5.34,5.03,10.46
2014-12-02,17.90,18.15,18.24,17.82,63287,114280000,0.08,0.44,2.32,4.52
2014-12-03,18.10,18.20,18.27,17.86,55024,99310000,0.05,0.28,2.26,3.93
2014-12-04,18.25,18.74,18.75,18.15,78014,144110000,0.54,2.97,3.30,5.57
2014-12-05,18.79,18.22,18.79,17.82,55884,101980000,-0.52,-2.77,5.18,3.99
2014-12-08,18.04,17.85,18.20,17.83,35347,63490000,-0.37,-2.03,2.03,2.52
2014-12-09,17.79,17.29,17.90,17.12,40004,69390000,-0.56,-3.14,4.37,2.86
2014-12-10,17.20,17.60,17.70,16.83,31033,53620000,0.31,1.79,5.03,2.22
2014-12-11,17.60,17.47,17.74,17.13,28336,49410000,-0.13,-0.74,3.47,2.02
2014-12-12,17.47,17.74,17.75,17.24,38628,67500000,0.27,1.55,2.92,2.76
2014-12-15,17.70,17.61,17.73,17.15,40042,69750000,-0.13,-0.73,3.27,2.86
2014-12-16,17.52,17.28,17.52,17.26,24977,43370000,-0.33,-1.87,1.48,1.78
2014-12-17,17.22,17.00,17.48,16.92,25667,44040000,-0.28,-1.62,3.24,1.83
2014-12-18,17.00,16.80,17.14,16.67,17296,29300000,-0.20,-1.18,2.76,1.24
2014-12-19,16.70,16.95,16.98,16.70,25145,42270000,0.15,0.89,1.67,1.80
2014-12-22,16.87,16.25,16.87,15.26,35092,55170000,-0.70,-4.13,9.50,2.51
2014-12-23,15.92,16.05,16.25,15.50,16292,25970000,-0.20,-1.23,4.62,1.16
2014-12-24,16.05,16.19,16.19,15.93,11044,17740000,0.14,0.87,1.62,0.79
2014-12-25,16.20,16.46,16.58,16.07,17892,29300000,0.27,1.67,3.15,1.28
2014-12-26,16.31,16.82,17.01,16.31,18197,30430000,0.36,2.19,4.25,1.30
2014-12-29,16.72,16.28,16.81,16.04,12169,19820000,-0.54,-3.21,4.58,0.87
2014-12-30,16.28,16.02,16.28,15.92,7313,11740000,-0.26,-1.60,2.21,0.52
2014-12-31,16.03,16.16,16.20,16.02,6798,10950000,0.14,0.87,1.12,0.49
2015-01-05,16.16,16.37,16.51,15.95,9591,15550000,0.21,1.30,3.47,0.69
2015-01-06,16.43,16.54,16.56,16.15,9144,15000000,0.17,1.04,2.50,0.65
2015-01-07,16.52,16.49,16.52,16.38,5312,8740000,-0.05,-0.30,0.85,0.38
2015-01-08,16.44,16.65,16.70,16.42,11333,18850000,0.16,0.97,1.70,0.81
2015-01-09,16.64,16.27,16.69,16.10,10204,16820000,-0.38,-2.28,3.54,0.73
2015-01-12,16.05,16.00,16.10,15.81,9924,15880000,-0.27,-1.66,1.78,0.71
2015-01-13,16.00,16.27,16.32,15.90,5356,8640000,0.27,1.69,2.63,0.38
2015-01-14,16.33,17.20,17.37,16.16,26547,44820000,0.93,5.72,7.44,1.90
2015-01-15,17.00,16.86,17.32,16.81,16646,28330000,-0.34,-1.98,2.97,1.19
2015-01-16,16.81,16.96,17.19,16.51,12996,22130000,0.10,0.59,4.03,0.93
2015-01-19,16.49,16.87,17.33,16.31,14039,23820000,-0.09,-0.53,6.01,1.00
2015-01-20,16.87,17.48,17.56,16.70,23045,40070000,0.61,3.62,5.10,1.65
2015-01-21,17.43,18.21,18.27,17.40,39498,70940000,0.73,4.18,4.98,2.82
2015-01-22,18.14,19.06,19.18,18.00,63855,119870000,0.85,4.67,6.48,4.56
2015-01-23,18.91,18.85,19.17,18.58,26991,50880000,-0.21,-1.10,3.10,1.93
2015-01-26,18.80,18.58,18.80,18.38,21262,39480000,-0.27,-1.43,2.23,1.52
2015-01-27,18.54,19.02,19.18,18.50,20771,39250000,0.44,2.37,3.66,1.48
2015-01-28,18.95,19.72,20.08,18.71,31380,61350000,0.70,3.68,7.20,2.24
2015-01-29,19.72,19.08,19.92,19.00,18802,36520000,-0.64,-3.25,4.67,1.34
2015-01-30,19.10,18.57,19.45,18.00,23734,43990000,-0.51,-2.67,7.60,1.70
2015-06-30,19.90,20.43,20.43,18.70,74217,148070000,1.86,10.02,9.32,5.30
2015-07-01,22.47,22.47,22.47,22.47,1885,4230000,2.04,9.99,0.00,0.13
2015-07-02,21.00,24.72,24.72,20.22,140664,319170000,2.25,10.01,20.03,10.05
2015-07-03,22.53,24.79,27.10,22.53,105199,262860000,0.07,0.28,18.49,7.51
2015-07-06,26.36,22.31,26.36,22.31,94045,229320000,-2.48,-10.00,16.34,6.72
2015-07-07,20.08,20.08,20.30,20.08,62214,124940000,-2.23,-10.00,0.99,4.44
2015-07-08,18.07,20.43,21.20,18.07,123292,231120000,0.35,1.74,15.59,8.81
2015-07-09,18.85,22.47,22.47,18.85,114745,251420000,2.04,9.99,17.72,8.20
2015-07-10,20.89,24.60,24.70,20.89,177105,421880000,2.13,9.48,16.96,12.65
2015-07-13,23.56,25.56,26.06,22.30,192081,472080000,0.96,3.90,15.28,13.72
2015-07-14,24.02,23.00,25.92,23.00,117540,284760000,-2.56,-10.02,11.42,8.40
2015-07-15,20.71,20.70,21.80,20.70,41090,85750000,-2.30,-10.00,4.78,2.93
2015-07-16,18.65,18.63,20.69,18.63,69729,133060000,-2.07,-10.00,9.95,4.98
2015-07-17,18.05,19.36,19.89,18.05,63116,120140000,0.73,3.92,9.88,4.51
2015-07-20,19.10,18.51,19.43,18.50,58564,110560000,-0.85,-4.39,4.80,4.18
2015-07-21,18.00,19.25,19.29,17.30,62168,114200000,0.74,4.00,10.75,4.44
2015-07-22,19.30,21.03,21.14,19.25,71719,145680000,1.78,9.25,9.82,5.12
2015-07-23,21.44,21.30,21.44,20.30,58846,123290000,0.27,1.28,5.42,4.20
2015-07-24,21.10,20.50,21.40,20.11,48890,101790000,-0.80,-3.76,6.06,3.49
2015-07-27,19.26,18.45,20.18,18.45,42674,82640000,-2.05,-10.00,8.44,3.05
2015-07-28,17.50,20.30,20.30,16.80,68393,127050000,1.85,10.03,18.97,4.88
2015-07-29,20.99,22.30,22.33,20.44,81107,175360000,2.00,9.85,9.31,5.79
2015-07-30,22.30,22.18,24.10,21.69,69222,158160000,-0.12,-0.54,10.81,4.94
2015-07-31,21.74,23.50,23.50,21.30,62754,141890000,1.32,5.95,9.92,4.48
2015-08-03,23.70,22.80,23.70,22.28,51356,117740000,-0.70,-2.98,6.04,3.67
2015-08-04,22.77,24.09,24.46,22.00,47007,110260000,1.29,5.66,10.79,3.36
2015-08-05,23.80,26.10,26.50,23.40,73921,187400000,2.01,8.34,12.87,5.28
2015-08-06,25.20,24.80,25.82,23.60,72486,179510000,-1.30,-4.98,8.51,5.18
2015-08-07,23.84,25.00,25.59,23.01,74134,181820000,0.20,0.81,10.40,5.29
2015-08-10,24.44,25.40,26.00,24.14,95715,239920000,0.40,1.60,7.44,6.84
2015-08-11,24.58,24.40,25.36,23.42,71155,174510000,-1.00,-3.94,7.64,5.08
2015-08-12,22.52,22.01,23.67,21.96,66063,149910000,-2.39,-9.80,7.01,4.72
2015-08-13,21.55,24.21,24.21,20.83,98394,221600000,2.20,10.00,15.36,7.03
2015-08-14,24.59,23.62,25.55,23.62,100229,247330000,-0.59,-2.44,7.97,7.16
2015-08-17,22.80,22.80,23.60,22.25,49865,113550000,-0.82,-3.47,5.72,3.56
2015-08-18,22.85,20.65,23.61,20.52,57311,127400000,-2.15,-9.43,13.55,4.09
2015-08-19,20.10,22.72,22.72,20.10,52507,114110000,2.07,10.02,12.69,3.75
2015-08-20,22.79,23.17,23.75,22.21,58100,134190000,0.45,1.98,6.78,4.15
2015-08-21,22.16,22.88,23.97,22.11,51182,118560000,-0.29,-1.25,8.03,3.66
2015-08-24,21.47,20.59,21.97,20.59,21080,43820000,-2.29,-10.01,6.03,1.51
2015-08-25,18.53,18.53,18.98,18.53,29757,55210000,-2.06,-10.00,2.19,2.13
2015-08-26,17.78,18.42,19.27,16.69,50246,90770000,-0.11,-0.59,13.92,3.59
2015-08-27,17.04,18.94,19.23,17.04,31857,59140000,0.52,2.82,11.89,2.28
2015-08-28,18.98,19.59,19.83,18.60,40968,78430000,0.65,3.43,6.49,2.93
2015-08-31,19.00,17.63,19.39,17.63,25786,47640000,-1.96,-10.01,8.98,1.84
2015-09-01,17.50,16.93,17.76,16.52,28817,49290000,-0.70,-3.97,7.03,2.06
2015-09-02,16.58,15.90,17.72,15.71,21637,35490000,-1.03,-6.08,11.87,1.55
2015-09-07,16.50,15.17,16.74,15.01,24693,39160000,-0.73,-4.59,10.88,1.76
2015-09-08,14.95,16.02,16.02,14.70,17183,26380000,0.85,5.60,8.70,1.23
2015-09-09,15.99,16.40,16.59,15.80,28937,47010000,0.38,2.37,4.93,2.07
2015-09-10,16.36,15.87,16.36,15.60,29809,47660000,-0.53,-3.23,4.63,2.13
2015-09-11,15.97,16.29,16.36,15.85,20815,33610000,0.42,2.65,3.21,1.49
2015-09-14,16.31,16.50,17.28,15.06,37322,61500000,0.21,1.29,13.63,2.67
2015-09-15,15.80,16.50,16.66,15.53,19798,31860000,0.00,0.00,6.85,1.41
2015-09-16,16.50,18.13,18.14,16.45,50871,88620000,1.63,9.88,10.24,3.63
2015-09-17,17.50,17.20,18.44,17.15,48906,87470000,-0.93,-5.13,7.12,3.49
2015-09-18,17.00,16.50,17.29,16.30,26112,43270000,-0.70,-4.07,5.76,1.87
2015-09-21,16.20,16.90,16.99,15.85,15544,25830000,0.40,2.42,6.91,1.11
2015-09-22,16.88,16.74,16.92,16.60,14689,24590000,-0.16,-0.95,1.89,1.05
2015-09-23,16.42,16.45,16.70,16.41,12057,19950000,-0.29,-1.73,1.73,0.86
2015-09-24,16.31,16.73,16.78,16.31,9165,15240000,0.28,1.70,2.86,0.65
2015-09-25,16.93,17.07,17.78,16.65,22364,38670000,0.34,2.03,6.75,1.60
2015-09-28,17.35,17.70,18.07,16.65,19407,34330000,0.63,3.69,8.32,1.39
2015-09-29,17.30,17.45,17.57,17.11,9756,16940000,-0.25,-1.41,2.60,0.70
2015-09-30,17.76,18.40,18.59,17.50,18509,33590000,0.95,5.44,6.25,1.32
2015-10-08,18.90,19.20,20.24,18.90,23815,46770000,0.80,4.35,7.28,1.70
2015-10-09,18.91,19.22,19.39,18.91,10950,20990000,0.02,0.10,2.50,0.78
2015-10-12,19.40,20.00,20.60,19.23,24144,48350000,0.78,4.06,7.13,1.72
2015-10-13,19.82,20.38,20.51,19.61,13716,27920000,0.38,1.90,4.50,0.98
2015-10-14,20.46,20.00,20.88,20.00,12436,25240000,-0.38,-1.86,4.32,0.89
2015-10-15,20.00,20.33,20.49,19.60,13714,27590000,0.33,1.65,4.45,0.98
2015-10-16,20.33,20.85,21.60,19.00,22499,46780000,0.52,2.56,12.79,1.61
2015-10-19,20.71,21.17,21.49,20.10,23051,48160000,0.32,1.53,6.67,1.65
2015-10-20,20.98,21.12,21.30,20.55,14226,29830000,-0.05,-0.24,3.54,1.02
2015-10-21,21.00,20.01,21.54,19.81,29415,60830000,-1.11,-5.26,8.19,2.10
2015-10-22,20.01,22.01,22.01,20.01,34896,74160000,2.00,10.00,10.00,2.49
2015-10-23,22.47,22.33,24.01,22.05,45019,101700000,0.32,1.45,8.91,3.22
2015-10-26,22.34,22.30,22.75,21.53,28223,62550000,-0.03,-0.13,5.46,2.02
2015-10-27,22.15,22.57,22.73,21.50,19399,43000000,0.27,1.21,5.52,1.39
2015-10-28,22.40,21.12,22.40,21.09,20111,43810000,-1.45,-6.42,5.80,1.44
2015-10-29,21.16,21.99,22.01,21.16,26941,58670000,0.87,4.12,4.02,1.92
2015-10-30,22.00,22.06,22.47,21.70,16097,35420000,0.07,0.32,3.50,1.15
2015-11-02,21.60,22.70,23.30,21.21,27645,62660000,0.64,2.90,9.47,1.97
2015-11-03,22.70,23.84,24.20,22.70,24657,57590000,1.14,5.02,6.61,1.76
2015-11-04,23.88,26.22,26.22,23.88,50486,128190000,2.38,9.98,9.82,3.61
2015-11-05,26.23,26.10,26.89,25.48,22846,59440000,-0.12,-0.46,5.38,1.63
2015-11-06,25.81,26.15,26.46,25.81,19577,51280000,0.05,0.19,2.49,1.40
2015-11-09,25.70,27.41,28.15,25.70,33088,90850000,1.26,4.82,9.37,2.36
2015-11-10,27.00,27.20,27.30,26.60,19061,51400000,-0.21,-0.77,2.55,1.36
2015-11-11,26.80,29.92,29.92,26.80,25526,72960000,2.72,10.00,11.47,1.82
2015-11-12,29.80,30.05,32.30,28.49,43519,130770000,0.13,0.43,12.73,3.11
2015-11-13,29.00,29.50,30.14,28.58,18536,54290000,-0.55,-1.83,5.19,1.32
2015-11-16,28.90,32.45,32.45,28.40,31347,98560000,2.95,10.00,13.73,2.24
2015-11-17,33.00,31.45,33.46,31.00,38226,122440000,-1.00,-3.08,7.58,2.73
2015-11-18,31.45,29.68,32.30,29.60,25933,80050000,-1.77,-5.63,8.59,1.85
2015-11-19,29.66,32.40,32.40,29.66,24155,75170000,2.72,9.16,9.23,1.73
2015-11-20,32.40,31.13,32.66,30.88,24840,77910000,-1.27,-3.92,5.49,1.77
2015-11-23,30.87,30.11,31.25,29.80,18866,57600000,-1.02,-3.28,4.66,1.35
2015-11-24,30.20,30.40,30.96,29.90,12621,38390000,0.29,0.96,3.52,0.90
2015-11-25,30.39,32.28,33.44,30.03,32653,105740000,1.88,6.18,11.22,2.33
2015-11-26,31.78,33.70,34.89,31.76,26762,89700000,1.42,4.40,9.70,1.91
2015-11-27,33.69,32.30,35.79,32.00,49231,168780000,-1.40,-4.15,11.25,3.52
2015-11-30,32.30,30.84,33.23,29.84,40437,127270000,-1.46,-4.52,10.50,2.89
2015-12-01,31.12,31.00,31.39,30.00,15129,46700000,0.16,0.52,4.51,1.08
2015-12-02,30.99,30.13,31.20,30.00,15920,48460000,-0.87,-2.81,3.87,1.14
2015-12-03,30.02,32.20,32.26,30.00,18704,57920000,2.07,6.87,7.50,1.34
2015-12-04,32.10,32.90,33.49,31.51,16106,52460000,0.70,2.17,6.15,1.15
2015-12-07,32.90,35.10,35.50,32.50,29818,102840000,2.20,6.69,9.12,2.13
2015-12-08,35.10,34.69,35.45,34.21,24146,83870000,-0.41,-1.17,3.53,1.72
2015-12-09,34.50,36.28,37.90,34.50,32874,119530000,1.59,4.58,9.80,2.35
2015-12-10,36.00,36.24,37.58,35.12,23873,86480000,-0.04,-0.11,6.78,1.71
2015-12-11,35.90,39.86,39.86,35.30,35288,136510000,3.62,9.99,12.58,2.52
2015-12-14,40.00,42.41,43.84,38.00,62618,255750000,2.55,6.40,14.65,4.47
2015-12-15,42.00,43.10,45.30,41.19,46795,204010000,0.69,1.63,9.69,3.34
2015-12-16,42.37,43.02,44.00,42.21,24579,105510000,-0.08,-0.19,4.15,1.76
2015-12-17,43.00,43.25,43.91,42.35,24622,105610000,0.23,0.53,3.63,1.76
2015-12-18,42.89,41.15,43.28,40.80,32361,136250000,-2.10,-4.86,5.73,2.31
2015-12-21,40.84,39.92,41.21,39.00,26882,107050000,-1.23,-2.99,5.37,1.92
2015-12-22,40.18,40.48,40.78,39.66,20045,80470000,0.56,1.40,2.81,1.43
2015-12-23,41.30,40.00,42.15,40.00,22257,91400000,-0.48,-1.19,5.31,1.59
2015-12-24,40.11,41.60,43.25,39.00,26838,111670000,1.60,4.00,10.63,1.92
2015-12-25,41.59,41.48,42.95,41.30,26149,109580000,-0.12,-0.29,3.97,1.87
2015-12-28,41.92,44.70,45.60,39.16,48882,202790000,3.22,7.76,15.53,3.49
2015-12-29,44.47,42.85,44.47,41.57,23934,102890000,-1.85,-4.14,6.49,1.71
2015-12-30,42.85,43.60,45.00,42.20,18643,82080000,0.75,1.75,6.53,1.33
2015-12-31,43.60,43.64,45.50,42.88,19783,87730000,0.04,0.09,6.01,1.41
2016-07-19,39.28,39.28,39.28,39.28,350,1370000,-4.36,-9.99,0.00,0.03
2016-07-20,35.35,35.35,35.35,35.35,666,2350000,-3.93,-10.01,0.00,0.05
2016-07-21,31.82,31.82,31.82,31.82,2182,6940000,-3.53,-9.99,0.00,0.16
2016-07-22,28.64,29.03,30.00,28.64,203524,586680000,-2.79,-8.77,4.27,14.54
2016-07-25,28.30,28.42,28.50,27.54,75177,210540000,-0.61,-2.10,3.31,5.37
2016-07-26,28.23,28.74,28.95,28.13,78508,224720000,0.32,1.13,2.89,5.61
2016-07-27,28.51,27.93,28.70,26.10,73524,203660000,-0.81,-2.82,9.05,5.25
2016-07-28,27.61,28.05,28.52,27.23,52030,146430000,0.12,0.43,4.62,3.72
2016-07-29,28.40,29.26,30.35,28.08,107111,311800000,1.21,4.31,8.09,7.65
2016-08-18,32.19,32.19,32.19,32.19,3355,10800000,2.93,10.01,0.00,0.24
2016-08-19,35.41,35.41,35.41,35.41,2882,10210000,3.22,10.00,0.00,0.21
2016-08-22,38.95,38.95,38.95,38.95,47039,183220000,3.54,10.00,0.00,3.36
2016-08-23,40.15,42.31,42.84,38.95,232728,942370000,3.36,8.63,9.99,16.62
2016-08-24,40.66,40.21,41.10,39.20,94621,378610000,-2.10,-4.96,4.49,6.76
2016-08-25,39.50,39.69,40.21,38.03,69047,271520000,-0.52,-1.29,5.42,4.93
2016-08-26,39.75,40.77,41.93,39.00,69790,282470000,1.08,2.72,7.38,4.98
2016-08-29,40.00,39.20,40.30,38.79,60869,239670000,-1.57,-3.85,3.70,4.35
2016-08-30,39.18,39.44,40.16,39.00,23363,92420000,0.24,0.61,2.96,1.67
2016-08-31,39.24,40.37,40.85,39.24,50184,202650000,0.93,2.36,4.08,3.58
2016-09-01,39.70,40.50,40.80,39.63,60738,244490000,0.13,0.32,2.90,4.34
2016-09-02,40.52,40.01,40.85,40.00,24358,97900000,-0.49,-1.21,2.10,1.74
2016-09-05,40.08,39.66,40.44,39.09,22027,87620000,-0.35,-0.87,3.37,1.57
2016-09-06,39.96,40.14,40.70,39.66,24526,98340000,0.48,1.21,2.62,1.75
2016-09-07,40.32,39.73,40.54,39.69,34450,138020000,-0.41,-1.02,2.12,2.46
2016-09-08,39.60,39.35,39.99,39.00,31722,124990000,-0.38,-0.96,2.49,2.27
2016-09-09,39.02,39.42,40.00,38.80,21170,83610000,0.07,0.18,3.05,1.51
2016-09-12,38.83,39.59,40.60,38.00,23571,93550000,0.17,0.43,6.60,1.68
2016-09-13,39.99,43.55,43.55,39.15,65581,273820000,3.96,10.00,11.11,4.68
2016-09-14,44.00,47.30,47.90,42.68,86815,394590000,3.75,8.61,11.99,6.20
2016-09-19,46.00,48.97,50.75,44.50,75734,359210000,1.67,3.53,13.21,5.41
2016-09-20,48.57,47.50,49.19,46.80,40188,192050000,-1.47,-3.00,4.88,2.87
2016-09-21,47.00,47.30,49.40,46.56,25787,123530000,-0.20,-0.42,5.98,1.84
2016-09-22,47.31,46.65,47.88,46.00,28093,130710000,-0.65,-1.37,3.97,2.01
2016-09-23,46.66,47.50,47.73,46.31,19432,91340000,0.85,1.82,3.04,1.39
2016-09-26,46.71,45.10,47.53,44.68,36629,166250000,-2.40,-5.05,6.00,2.62
2016-09-27,45.90,45.28,45.99,44.60,13913,63070000,0.18,0.40,3.08,0.99
2016-09-28,45.00,45.10,45.90,44.60,14658,66090000,-0.18,-0.40,2.87,1.05
2016-09-29,45.10,47.50,48.00,45.10,30562,143790000,2.40,5.32,6.43,2.18
2016-09-30,47.01,47.80,49.78,47.01,31476,152900000,0.30,0.63,5.83,2.25
2016-10-10,47.68,47.64,47.80,46.01,22621,105800000,-0.16,-0.33,3.74,1.62
2016-10-11,47.23,47.95,48.90,47.02,16268,78140000,0.31,0.65,3.95,1.16
2016-10-12,47.70,47.10,48.41,46.60,11411,54070000,-0.85,-1.77,3.77,0.82
2016-10-13,47.30,48.51,49.00,47.29,23783,115120000,1.41,2.99,3.63,1.70
2016-10-14,47.96,48.86,49.20,47.90,17505,85410000,0.35,0.72,2.68,1.25
2016-10-17,48.55,49.12,49.17,47.90,15751,76390000,0.26,0.53,2.60,1.13
2016-10-18,48.80,48.54,48.80,47.54,28176,135270000,-0.58,-1.18,2.57,2.01
2016-10-19,49.30,47.68,49.33,47.55,20595,98610000,-0.86,-1.77,3.67,1.47
2016-10-20,47.21,46.78,47.85,46.70,17087,80690000,-0.90,-1.89,2.41,1.22
2016-10-21,47.78,47.28,48.20,46.04,20932,99290000,0.50,1.07,4.62,1.50
2016-10-24,47.30,47.39,48.47,46.00,18001,85110000,0.11,0.23,5.22,1.29
2016-10-25,48.00,47.50,48.00,47.09,12437,59000000,0.11,0.23,1.92,0.89
2016-10-26,47.20,46.95,47.48,46.90,14820,69930000,-0.55,-1.16,1.22,1.06
2016-10-27,47.00,46.79,47.10,46.38,10555,49180000,-0.16,-0.34,1.53,0.75
2016-10-28,46.50,47.81,51.47,45.45,38908,185840000,1.02,2.18,12.87,2.78
2016-10-31,47.51,47.50,48.59,46.93,16412,77940000,-0.31,-0.65,3.47,1.17
2016-11-01,47.01,48.00,48.00,46.50,21177,100210000,0.50,1.05,3.16,1.51
2016-11-02,47.75,47.10,48.34,47.09,47830,227790000,-0.90,-1.88,2.60,3.42
2016-11-03,47.00,47.41,48.12,46.70,21755,103130000,0.31,0.66,3.01,1.55
2016-11-04,47.05,47.70,48.09,47.05,13866,66300000,0.29,0.61,2.19,0.99
2016-11-07,47.66,48.50,48.89,47.50,25100,120700000,0.80,1.68,2.91,1.79
2016-11-08,48.40,48.05,49.56,47.80,40589,196210000,-0.45,-0.93,3.63,2.90
2016-11-09,47.80,47.57,48.33,47.10,18440,88060000,-0.48,-1.00,2.56,1.32
2016-11-10,47.90,47.60,48.00,47.50,12617,60090000,0.03,0.06,1.05,0.90
2016-11-11,47.66,47.57,47.69,47.13,9873,46770000,-0.03,-0.06,1.18,0.71
2016-11-14,47.52,47.50,47.84,47.09,11298,53490000,-0.07,-0.15,1.58,0.81
2016-11-15,47.60,48.17,48.59,47.32,28538,137420000,0.67,1.41,2.67,2.04
2016-11-16,48.28,52.99,52.99,48.20,50381,258510000,4.82,10.01,9.94,3.60
2016-11-17,54.50,52.82,58.29,52.38,87579,487930000,-0.17,-0.32,11.15,6.26
2016-11-18,54.00,51.50,54.40,50.87,47750,247080000,-1.32,-2.50,6.68,3.41
2016-11-21,50.76,49.95,51.89,49.87,23804,120220000,-1.55,-3.01,3.92,1.70
2016-11-22,49.12,51.40,51.80,49.11,23226,117310000,1.45,2.90,5.39,1.66
2016-11-23,50.88,50.63,51.88,50.26,15486,78770000,-0.77,-1.50,3.15,1.11
2016-11-24,50.47,49.65,50.47,48.96,18008,89350000,-0.98,-1.94,2.98,1.29
2016-11-25,49.62,49.19,49.64,48.01,14692,71580000,-0.46,-0.93,3.28,1.05
2016-11-28,48.70,48.56,49.20,48.21,8274,40130000,-0.63,-1.28,2.01,0.59
2016-11-29,48.46,47.68,48.99,47.66,8555,41040000,-0.88,-1.81,2.74,0.61
2016-11-30,47.68,48.09,48.10,47.41,5902,28260000,0.41,0.86,1.45,0.42
2016-12-01,48.01,48.90,49.70,47.97,10612,52060000,0.81,1.68,3.60,0.76
2016-12-02,49.00,49.24,49.69,48.44,10401,51150000,0.34,0.70,2.56,0.74
2016-12-05,48.00,49.30,49.45,47.85,10635,52050000,0.06,0.12,3.25,0.76
2016-12-06,49.03,48.63,49.55,48.31,7861,38400000,-0.67,-1.36,2.52,0.56
2016-12-07,48.31,48.24,48.89,48.00,11862,57240000,-0.39,-0.80,1.83,0.85
2016-12-08,48.30,48.02,48.55,47.80,9406,45210000,-0.22,-0.46,1.55,0.67
2016-12-09,48.02,48.20,48.78,47.80,6220,29960000,0.18,0.37,2.04,0.44
2016-12-12,47.80,47.25,48.28,46.50,9972,47370000,-0.95,-1.97,3.69,0.71
2016-12-13,47.25,47.92,47.98,46.00,11764,55610000,0.67,1.42,4.19,0.84
2016-12-14,47.18,48.50,48.97,47.18,18214,87790000,0.58,1.21,3.74,1.30
2016-12-15,48.20,48.78,49.47,47.97,12621,61760000,0.28,0.58,3.09,0.90
2016-12-16,49.60,50.68,52.38,49.26,19510,99890000,1.90,3.90,6.40,1.39
2016-12-19,50.28,49.41,50.66,48.78,13001,64190000,-1.27,-2.51,3.71,0.93
2016-12-20,49.40,47.63,49.85,47.18,15454,74790000,-1.78,-3.60,5.40,1.10
2016-12-21,47.64,47.70,48.58,47.64,7959,38250000,0.07,0.15,1.97,0.57
2016-12-22,47.75,48.94,50.25,47.75,11688,57230000,1.24,2.60,5.24,0.83
2016-12-23,48.95,48.23,48.95,48.02,6009,29010000,-0.71,-1.45,1.90,0.43
2016-12-26,48.03,48.67,48.67,47.12,6524,31440000,0.44,0.91,3.21,0.47
2016-12-27,48.35,48.60,48.76,48.00,6269,30410000,-0.07,-0.14,1.56,0.45
2016-12-28,48.28,48.22,48.61,48.05,5248,25320000,-0.38,-0.78,1.15,0.37
2016-12-29,47.88,48.47,49.00,47.81,8450,41050000,0.25,0.52,2.47,0.60
2016-12-30,48.70,48.72,49.29,48.50,7733,37780000,0.25,0.52,1.63,0.55
2017-01-03,48.78,48.17,49.23,48.10,8859,42780000,-0.55,-1.13,2.32,0.63
2017-01-04,48.21,48.40,48.51,48.02,9313,44920000,0.23,0.48,1.02,0.67
2017-01-05,48.39,48.48,48.89,47.89,8287,40160000,0.08,0.17,2.07,0.59
2017-01-06,48.30,48.21,48.86,48.08,12224,59220000,-0.27,-0.56,1.61,0.87
2017-01-09,48.12,48.45,48.60,47.81,21313,102840000,0.24,0.50,1.64,1.52
2017-01-10,48.53,48.90,49.27,48.24,12961,63150000,0.45,0.93,2.13,0.93
2017-01-11,48.89,49.56,49.58,48.42,8623,42160000,0.66,1.35,2.37,0.62
2017-01-12,49.60,50.10,51.30,49.00,16278,82180000,0.54,1.09,4.64,1.16
2017-01-13,49.15,48.35,50.00,48.35,8129,39820000,-1.75,-3.49,3.29,0.58
2017-01-16,50.08,48.20,50.08,43.52,21158,101610000,-0.15,-0.31,13.57,1.51
2017-01-17,48.80,48.04,48.80,47.16,7391,35420000,-0.16,-0.33,3.40,0.53
2017-01-18,48.04,48.17,48.29,47.30,6749,32350000,0.13,0.27,2.06,0.48
2017-01-19,47.70,48.25,48.40,46.80,9983,47520000,0.08,0.17,3.32,0.71
2017-01-20,47.50,49.00,49.25,47.50,8589,41660000,0.75,1.55,3.63,0.61
2017-01-23,48.55,50.20,50.28,48.40,21849,108520000,1.20,2.45,3.84,1.56
2017-01-24,50.11,51.25,51.50,49.65,16538,84450000,1.05,2.09,3.69,1.18
2017-01-25,50.17,51.83,52.02,50.16,13567,70290000,0.58,1.13,3.63,0.97
2017-01-26,52.08,52.80,53.00,51.37,8724,45760000,0.97,1.87,3.14,0.62
2017-02-03,52.80,52.01,52.97,51.80,7070,36860000,-0.79,-1.50,2.22,0.51
2017-02-06,52.02,53.55,53.56,52.01,9045,47760000,1.54,2.96,2.98,0.65
2017-02-07,53.20,53.90,54.00,52.78,7683,41073700,0.35,0.65,2.278,0.56
2017-02-08,54.00,54.20,54.53,53.40,10546,57209700,0.30,0.56,2.096,0.77
2017-02-09,53.70,53.80,54.49,53.06,7240,38961100,-0.40,-0.74,2.638,0.53
2017-02-10,53.60,52.90,54.64,52.20,11100,58874500,-0.90,-1.67,4.535,0.81
2017-02-13,53.17,53.49,58.18,53.13,8286,45059400,0.59,1.12,9.546,0.60
2017-02-14,55.51,53.62,55.85,52.22,10055,53508700,0.13,0.24,6.786,0.73
2017-02-15,54.00,52.72,54.50,52.66,6109,32573000,-0.90,-1.68,3.432,0.44
2017-02-16,53.30,52.59,53.72,52.51,14146,75043600,-0.13,-0.25,2.295,1.03
2017-02-17,52.69,52.97,53.22,52.59,8424,44497800,0.38,0.72,1.198,0.61
2017-02-20,52.69,53.24,53.38,52.00,9067,47852800,0.27,0.51,2.605,0.66
2017-02-21,53.30,53.40,53.45,52.91,5560,29582500,0.16,0.30,1.01,0.40
2017-02-22,53.40,53.40,53.75,52.70,6204,32905200,0.00,0.00,1.97,0.45
2017-02-23,53.39,52.74,53.50,52.50,6264,33152500,-0.66,-1.24,1.87,0.46
2017-02-24,52.80,53.20,53.49,52.21,12464,65704500,0.46,0.87,2.43,0.91
2017-02-27,53.55,54.81,55.56,53.55,16815,92046400,1.61,3.03,3.78,1.22
2017-02-28,55.50,55.35,55.66,54.50,15182,83677700,0.54,0.99,2.12,1.10
2017-03-01,55.35,55.39,55.66,54.90,6468,35729500,0.04,0.07,1.37,0.47
2017-03-02,55.05,56.65,56.67,55.01,12676,70596600,1.26,2.27,3.00,0.92
2017-03-03,56.67,56.73,57.86,56.30,17498,99356300,0.08,0.14,2.75,1.27
2017-03-06,56.99,55.50,57.00,55.16,14405,80231800,-1.23,-2.17,3.24,1.05
2017-03-07,55.60,55.19,55.96,54.94,8136,44962000,-0.31,-0.56,1.84,0.59
2017-03-08,55.00,56.30,56.30,55.00,12170,67942300,1.11,2.01,2.36,0.89
2017-03-09,56.55,56.31,56.90,55.86,4437,24990300,0.01,0.02,1.85,0.32
2017-03-10,56.20,56.38,56.50,55.11,7704,43175300,0.07,0.12,2.47,0.56
2017-03-13,56.50,56.08,56.50,55.08,12136,67623800,-0.30,-0.53,2.52,0.88
2017-03-14,55.87,56.17,56.25,55.65,8871,49637700,0.09,0.16,1.07,0.65
2017-03-15,56.20,56.28,56.50,56.15,8694,48935700,0.11,0.20,0.62,0.63
2017-03-16,56.28,56.60,57.20,55.72,8966,50566330,0.32,0.57,2.63,0.65
2017-03-17,56.70,57.28,57.28,56.35,5080,28921835,0.68,1.20,1.64,0.37
2017-03-20,57.35,57.86,57.97,56.90,7302,41950195,0.58,1.01,1.87,0.53
2017-03-21,57.86,57.50,57.99,57.17,8165,46875189,-0.36,-0.62,1.42,0.59
2017-03-22,57.48,56.30,57.50,55.87,4749,26904419,-1.20,-2.09,2.83,0.34
2017-03-23,56.30,56.36,56.98,53.50,13441,74555702,0.06,0.11,6.18,0.98
2017-03-24,56.34,56.30,56.42,54.90,9033,50442829,-0.06,-0.11,2.70,0.66
2017-03-27,56.30,55.69,56.89,55.50,5112,28546231,-0.61,-1.08,2.47,0.37
2017-03-28,55.80,55.75,56.28,54.80,8202,45478182,0.06,0.11,2.66,0.60
2017-03-29,55.33,55.79,56.00,55.05,3887,21544703,0.04,0.07,1.70,0.28
2017-03-30,55.79,55.19,55.79,54.47,5701,31335554,-0.60,-1.08,2.37,0.41
2017-03-31,55.19,55.40,55.60,54.50,6716,37010779,0.21,0.38,1.99,0.49
2017-04-05,54.48,55.57,55.59,54.48,10777,59327908,0.17,0.31,2.00,0.78
2017-04-06,54.85,55.57,55.59,54.85,4643,25666299,0.00,0.00,1.33,0.34
2017-04-07,55.50,58.00,58.20,55.17,15970,91051809,2.43,4.37,5.45,1.16
2017-04-10,57.90,57.70,58.55,57.40,8213,47599785,-0.30,-0.52,1.98,0.60
2017-04-11,57.95,57.22,57.95,56.35,5400,30911677,-0.48,-0.83,2.77,0.39
2017-04-12,56.80,56.88,57.33,55.88,14249,80449018,-0.34,-0.59,2.53,1.04
2017-04-13,56.78,56.91,56.92,56.10,5243,29695791,0.03,0.05,1.44,0.38
2017-04-14,57.00,56.21,57.11,55.91,9227,51955464,-0.70,-1.23,2.11,0.67
2017-04-17,56.50,55.50,56.50,53.92,22425,123285177,-0.71,-1.26,4.59,1.62
2017-04-18,55.90,52.88,55.90,52.60,10045,54364021,-2.62,-4.72,5.95,0.72
