日期,开盘,收盘,最高,最低,交易量(手),交易金额(元),涨跌额,涨跌幅(%),振幅(%),换手率(%)
2012-06-12,20.18,21.20,22.08,20.18,42721,91830000,-0.80,-3.64,8.64,32.12
2012-06-13,21.23,23.32,23.32,21.22,61614,138610000,2.12,10.00,9.91,46.33
2012-06-14,23.39,24.15,25.49,23.10,72317,173660000,0.83,3.56,10.25,54.37
2012-06-15,23.84,25.09,26.00,23.51,61866,152710000,0.94,3.89,10.31,46.52
2012-06-18,25.23,25.53,26.40,24.83,49046,125830000,0.44,1.75,6.26,36.88
2012-06-19,25.30,26.01,26.36,25.15,42704,109940000,0.48,1.88,4.74,32.11
2012-06-20,25.83,28.61,28.61,25.83,45253,123360000,2.60,10.00,10.69,34.03
2012-06-21,29.59,31.15,31.33,29.21,57229,172800000,2.54,8.88,7.41,43.03
2012-06-25,31.15,34.27,34.27,30.53,53301,175240000,3.12,10.02,12.01,40.08
2012-06-26,34.18,35.59,37.60,32.27,66449,233920000,1.32,3.85,15.55,49.96
2012-06-27,34.61,35.59,37.00,33.65,51334,180050000,0.00,0.00,9.41,38.60
2012-06-28,35.02,33.20,35.50,33.18,42563,145640000,-2.39,-6.72,6.52,32.00
2012-06-29,32.70,34.23,35.59,32.34,47301,160820000,1.03,3.10,9.79,35.57
2012-07-02,33.68,37.65,37.65,33.61,56857,206580000,3.42,9.99,11.80,42.75
2012-07-03,37.89,41.42,41.42,37.85,53119,211760000,3.77,10.01,9.48,39.94
2012-07-09,39.00,40.70,42.45,37.28,55702,218770000,-0.72,-1.74,12.48,41.88
2012-07-10,38.55,36.63,39.37,36.63,40167,152120000,-4.07,-10.00,6.73,30.20
2012-07-11,35.41,35.50,36.30,34.03,42667,149050000,-1.13,-3.08,6.20,32.08
2012-07-12,35.30,39.05,39.05,35.00,54927,203470000,3.55,10.00,11.41,41.30
2012-07-13,38.18,38.60,42.30,37.16,54838,216820000,-0.45,-1.15,13.16,41.23
2012-07-16,37.16,34.74,37.20,34.74,38042,136560000,-3.86,-10.00,6.37,28.60
2012-07-17,33.30,36.70,36.90,33.30,33517,120790000,1.96,5.64,10.36,25.20
2012-07-18,36.50,36.00,36.50,34.58,27957,99200000,-0.70,-1.91,5.23,21.02
2012-07-19,35.60,36.21,37.68,35.60,31542,116020000,0.21,0.58,5.78,23.72
2012-07-20,35.70,34.88,35.70,34.45,27737,96790000,-1.33,-3.67,3.45,20.85
2012-07-23,34.00,34.40,35.75,33.51,24962,87100000,-0.48,-1.38,6.42,18.77
2012-07-24,34.19,35.47,35.60,33.12,29338,100680000,1.07,3.11,7.21,22.06
2012-07-25,35.00,39.02,39.02,34.81,52312,195070000,3.55,10.01,11.87,39.33
2012-07-26,38.58,42.92,42.92,38.05,64437,266410000,3.90,9.99,12.48,48.45
2012-08-02,40.50,41.56,42.70,39.86,40965,168900000,-1.36,-3.17,6.62,30.80
2012-08-03,41.25,40.90,43.80,40.04,44588,186110000,-0.66,-1.59,9.05,33.52
2012-08-06,39.62,41.29,42.58,39.20,36967,150670000,0.39,0.95,8.26,27.80
2012-08-07,40.70,39.63,41.60,39.18,42044,167750000,-1.66,-4.02,5.86,31.61
2012-08-08,39.15,43.59,43.59,38.56,58982,245930000,3.96,9.99,12.69,44.35
2012-08-09,44.00,42.37,44.00,41.46,49274,209570000,-1.22,-2.80,5.83,37.05
2012-08-10,41.51,41.18,43.34,40.90,31092,130410000,-1.19,-2.81,5.76,23.38
2012-08-13,40.30,40.80,41.97,40.10,21180,87060000,-0.38,-0.92,4.54,15.92
2012-08-14,40.75,39.68,41.36,37.50,23583,92430000,-1.12,-2.75,9.46,17.73
2012-08-15,38.87,39.18,41.33,38.45,23037,92630000,-0.50,-1.26,7.26,17.32
2012-08-16,39.60,37.99,39.88,37.68,18917,72770000,-1.19,-3.04,5.62,14.22
2012-08-17,37.60,36.78,38.18,35.97,19150,70320000,-1.21,-3.19,5.82,14.40
2012-08-20,36.46,36.52,36.79,34.60,20159,72110000,-0.26,-0.71,5.95,15.16
2012-08-21,36.49,39.38,39.99,36.20,34087,130460000,2.86,7.83,10.38,25.63
2012-08-22,39.30,37.55,39.30,37.31,23672,90130000,-1.83,-4.65,5.05,17.80
2012-08-23,37.20,37.28,38.20,37.10,14433,54170000,-0.27,-0.72,2.93,10.85
2012-08-24,36.72,35.41,37.10,35.40,18125,65160000,-1.87,-5.02,4.56,13.63
2012-08-27,34.91,35.44,36.58,34.62,11396,40680000,0.03,0.08,5.54,8.57
2012-08-28,35.00,37.50,38.70,35.00,29055,107640000,2.06,5.81,10.44,21.85
2012-08-29,37.00,37.00,38.98,36.81,26522,100710000,-0.50,-1.33,5.79,19.94
2012-08-30,36.40,37.77,38.50,33.91,27996,101750000,0.77,2.08,12.41,21.05
2012-08-31,37.40,39.88,41.50,37.20,46497,185650000,2.11,5.59,11.38,34.96
2012-09-03,39.00,40.65,41.10,38.50,31119,124370000,0.77,1.93,6.52,23.40
2012-09-04,40.10,39.91,41.28,39.51,25912,104200000,-0.74,-1.82,4.35,19.48
2012-09-05,39.93,38.64,40.40,38.27,22114,86550000,-1.27,-3.18,5.34,16.63
2012-09-06,38.00,37.60,39.20,37.12,22479,85360000,-1.04,-2.69,5.38,16.90
2012-09-07,37.80,38.52,39.18,37.51,23888,91560000,0.92,2.45,4.44,17.96
2012-09-10,38.04,40.10,40.75,37.50,33523,131360000,1.58,4.10,8.44,25.21
2012-09-11,39.76,38.66,40.10,38.56,21003,82250000,-1.44,-3.59,3.84,15.79
2012-09-12,38.74,39.80,40.15,38.16,23370,91820000,1.14,2.95,5.15,17.57
2012-09-13,39.62,37.79,39.68,37.51,21676,83830000,-2.01,-5.05,5.45,16.30
2012-09-14,38.00,37.76,38.50,37.38,13054,49580000,-0.03,-0.08,2.96,9.82
2012-09-17,37.68,37.74,38.95,37.50,12618,48170000,-0.02,-0.05,3.84,9.49
2012-09-18,37.15,37.17,37.94,36.90,8536,31920000,-0.57,-1.51,2.76,6.42
2012-09-19,37.25,37.42,37.97,37.02,6722,25130000,0.25,0.67,2.56,5.05
2012-09-20,37.28,35.34,37.63,35.23,13813,49900000,-2.08,-5.56,6.41,10.39
2012-09-21,35.00,35.36,35.95,35.00,9584,34060000,0.02,0.06,2.69,7.21
2012-09-24,35.37,35.19,35.58,34.45,7202,25230000,-0.17,-0.48,3.20,5.41
2012-09-25,35.15,34.08,35.40,34.01,9867,33960000,-1.11,-3.15,3.95,7.42
2012-09-26,34.01,32.02,34.36,31.90,12357,40590000,-2.06,-6.04,7.22,9.29
2012-09-27,32.10,32.81,34.01,31.05,15828,51730000,0.79,2.47,9.24,11.90
2012-09-28,32.58,32.98,33.05,32.19,10368,33950000,0.17,0.52,2.62,7.80
2012-10-08,32.98,33.10,33.60,32.81,8125,26970000,0.12,0.36,2.40,6.11
2012-10-09,33.34,35.13,35.40,33.08,18414,63220000,2.03,6.13,7.01,13.85
2012-10-10,34.56,34.94,35.40,34.56,13058,45570000,-0.19,-0.54,2.39,9.82
2012-10-11,34.60,33.02,34.63,33.00,14599,49350000,-1.92,-5.50,4.67,10.98
2012-10-12,33.05,33.15,33.78,32.60,7077,23510000,0.13,0.39,3.57,5.32
2012-10-15,33.15,32.30,33.37,31.90,8963,28940000,-0.85,-2.56,4.43,6.74
2012-10-16,32.39,32.67,33.30,32.07,7035,22950000,0.37,1.15,3.81,5.29
2012-10-17,32.66,32.75,33.25,32.58,6408,21100000,0.08,0.24,2.05,4.82
2012-10-18,32.77,33.20,33.50,32.77,7945,26440000,0.45,1.37,2.23,5.97
2012-10-19,33.20,32.40,33.63,32.28,8387,27550000,-0.80,-2.41,4.07,6.31
2012-10-22,32.41,33.17,33.50,32.29,8681,28660000,0.77,2.38,3.73,6.53
2012-10-23,33.25,32.35,33.33,32.30,6802,22240000,-0.82,-2.47,3.11,5.11
2012-10-24,32.35,31.69,32.50,31.48,7337,23400000,-0.66,-2.04,3.15,5.52
2012-10-25,31.70,31.45,32.18,31.45,4457,14160000,-0.24,-0.76,2.30,3.35
2012-10-26,31.40,30.29,31.88,30.00,6636,20400000,-1.16,-3.69,5.98,4.99
2012-10-29,30.15,29.37,30.46,29.23,7510,22370000,-0.92,-3.04,4.06,5.65
2012-10-30,29.58,29.68,30.15,29.24,5994,17780000,0.31,1.06,3.10,4.51
2012-10-31,29.65,29.26,29.80,28.81,5129,14980000,-0.42,-1.42,3.34,3.86
2012-11-01,29.26,30.15,30.30,29.05,8306,24910000,0.89,3.04,4.27,6.25
2012-11-02,30.03,29.87,30.44,29.56,7259,21770000,-0.28,-0.93,2.92,5.46
2012-11-05,29.89,30.12,30.44,29.85,6238,18830000,0.25,0.84,1.98,4.69
2012-11-06,30.12,29.37,30.25,28.90,7278,21300000,-0.75,-2.49,4.48,5.47
2012-11-07,29.37,29.64,29.80,29.18,4387,12960000,0.27,0.92,2.11,3.30
2012-11-08,29.12,28.65,29.51,28.64,7050,20360000,-0.99,-3.34,2.94,5.30
2012-11-09,28.65,28.43,29.09,28.31,5705,16390000,-0.22,-0.77,2.72,4.29
2012-11-12,28.67,28.85,29.20,28.43,5602,16170000,0.42,1.48,2.71,4.21
2012-11-13,29.03,31.74,31.74,28.60,21541,65710000,2.89,10.02,10.88,16.20
2012-11-14,31.60,33.36,34.20,31.30,44807,149540000,1.62,5.10,9.14,33.69
2012-11-15,32.60,32.60,33.33,32.00,21600,70060000,-0.76,-2.28,3.99,16.24
2012-11-16,32.20,32.90,33.74,31.50,24964,82130000,0.30,0.92,6.87,18.77
2012-11-19,32.10,32.72,32.99,31.45,16736,53740000,-0.18,-0.55,4.68,12.58
2012-11-20,32.50,33.50,33.77,32.00,24112,79970000,0.78,2.38,5.41,18.13
2012-11-21,33.60,33.29,33.79,32.66,16935,56400000,-0.21,-0.63,3.37,12.73
2012-11-22,33.30,32.35,34.16,32.27,17882,59390000,-0.94,-2.82,5.68,13.45
2012-11-23,32.00,31.50,32.55,31.50,13641,43470000,-0.85,-2.63,3.25,10.26
2012-11-26,31.50,31.22,32.50,30.95,12097,38430000,-0.28,-0.89,4.92,9.10
2012-11-27,30.80,29.35,31.00,28.57,13086,38820000,-1.87,-5.99,7.78,9.84
2012-11-28,29.26,29.60,29.69,28.68,7468,21960000,0.25,0.85,3.44,5.62
2012-11-29,29.30,26.64,29.70,26.64,15616,43650000,-2.96,-10.00,10.34,11.74
2012-11-30,26.05,26.39,26.64,25.32,12758,33250000,-0.25,-0.94,4.96,9.59
2012-12-03,26.00,26.64,27.90,26.00,13490,36590000,0.25,0.95,7.20,10.14
2012-12-04,26.46,27.67,27.69,26.44,12628,34620000,1.03,3.87,4.69,9.49
2012-12-05,27.99,28.58,29.40,27.36,15986,45320000,0.91,3.29,7.37,12.02
2012-12-06,28.32,28.08,28.65,27.60,10531,29660000,-0.50,-1.75,3.67,7.92
2012-12-07,28.15,28.93,29.18,27.87,11935,34160000,0.85,3.03,4.67,8.97
2012-12-10,28.81,29.35,29.79,28.60,12177,35510000,0.42,1.45,4.11,9.16
2012-12-11,29.26,28.65,29.26,28.50,10239,29450000,-0.70,-2.39,2.59,7.70
2012-12-12,28.93,29.11,29.19,28.51,9539,27630000,0.46,1.61,2.37,7.17
2012-12-13,28.85,28.14,29.12,28.08,8613,24580000,-0.97,-3.33,3.57,6.48
2012-12-14,27.93,29.17,29.48,27.90,13987,40570000,1.03,3.66,5.61,10.52
2012-12-17,29.18,29.69,30.60,29.01,19286,57340000,0.52,1.78,5.45,14.50
2012-12-18,29.60,29.90,30.30,29.14,14612,43670000,0.21,0.71,3.91,10.99
2012-12-19,29.55,32.89,32.89,29.52,37601,120320000,2.99,10.00,11.27,28.27
2012-12-20,33.31,34.43,35.20,32.01,46857,158400000,1.54,4.68,9.70,35.23
2012-12-21,34.00,36.20,37.70,33.74,37359,133270000,1.77,5.14,11.50,28.09
2012-12-24,35.79,36.82,37.50,35.76,28532,104250000,0.62,1.71,4.81,21.45
2012-12-25,36.70,40.50,40.50,36.60,41844,161960000,3.68,9.99,10.59,31.46
2012-12-26,41.00,43.70,44.55,40.50,58111,251790000,3.20,7.90,10.00,43.69
2012-12-27,43.08,41.10,43.57,41.00,43087,181420000,-2.60,-5.95,5.88,32.40
2012-12-28,41.10,40.81,43.09,40.60,40375,168410000,-0.29,-0.71,6.06,30.36
2012-12-31,40.10,40.75,41.35,39.02,31143,125260000,-0.06,-0.15,5.71,23.42
2013-01-04,40.80,41.32,42.08,39.71,33535,138160000,0.57,1.40,5.82,25.21
2013-01-14,41.32,42.85,45.35,40.00,41267,177580000,1.53,3.70,12.95,31.03
2013-01-15,42.00,41.80,42.59,40.89,31508,131570000,-1.05,-2.45,3.97,23.69
2013-01-16,41.80,40.76,41.80,39.63,20220,81930000,-1.04,-2.49,5.19,15.20
2013-01-17,40.77,39.98,41.58,39.92,12293,50060000,-0.78,-1.91,4.07,9.24
2013-01-18,39.90,40.26,40.50,39.15,14074,56080000,0.28,0.70,3.38,10.58
2013-01-21,39.80,39.50,40.00,39.11,13504,53320000,-0.76,-1.89,2.21,10.15
2013-01-22,39.50,40.38,41.47,39.50,24779,100680000,0.88,2.23,4.99,18.63
2013-01-23,40.00,38.02,40.00,36.79,21729,82050000,-2.36,-5.84,7.95,16.34
2013-01-24,37.90,36.40,38.36,35.49,16761,62130000,-1.62,-4.26,7.55,12.60
2013-01-25,36.46,36.90,37.44,36.40,10888,40170000,0.50,1.37,2.86,8.19
2013-01-28,37.07,38.30,38.50,36.90,12679,48110000,1.40,3.79,4.34,9.53
2013-01-29,38.30,38.43,38.91,37.71,12341,47040000,0.13,0.34,3.13,9.28
2013-01-30,38.50,38.01,38.98,37.80,8249,31490000,-0.42,-1.09,3.07,6.20
2013-01-31,36.28,35.53,36.90,35.10,20608,73740000,-2.48,-6.52,4.74,15.49
2013-02-01,35.29,35.74,36.00,35.25,9870,35270000,0.21,0.59,2.11,7.42
2013-02-04,35.80,36.58,36.87,35.80,13008,47280000,0.84,2.35,2.99,9.78
2013-02-05,37.81,39.86,39.99,37.80,28376,110950000,3.28,8.97,5.99,21.34
2013-02-06,39.00,39.18,41.00,38.80,16678,66100000,-0.68,-1.71,5.52,12.54
2013-02-07,39.49,38.83,39.49,38.26,11007,42680000,-0.35,-0.89,3.14,8.28
2013-02-08,38.79,40.80,41.55,38.51,23183,94230000,1.97,5.07,7.83,17.43
2013-02-18,41.26,40.39,42.04,40.34,16606,68180000,-0.41,-1.00,4.17,12.49
2013-02-19,40.39,39.16,40.45,38.88,13280,52190000,-1.23,-3.05,3.89,9.98
2013-02-20,39.00,39.82,40.10,38.80,11989,47570000,0.66,1.69,3.32,9.01
2013-02-21,39.55,38.90,39.55,38.50,11770,45740000,-0.92,-2.31,2.64,8.85
2013-02-22,38.60,38.77,39.16,38.60,7274,28310000,-0.13,-0.33,1.44,5.47
2013-02-25,38.69,39.78,40.23,38.40,11377,44740000,1.01,2.61,4.72,8.55
2013-02-26,39.36,38.45,39.65,38.45,9333,36330000,-1.33,-3.34,3.02,7.02
2013-02-27,38.41,38.81,39.49,38.41,6221,24240000,0.36,0.94,2.81,4.68
2013-02-28,38.52,39.40,39.95,38.52,9948,39180000,0.59,1.52,3.68,7.48
2013-03-01,39.59,40.21,40.45,39.38,14834,59280000,0.81,2.06,2.72,11.15
2013-03-04,40.21,38.10,40.40,37.70,10615,41280000,-2.11,-5.25,6.71,7.98
2013-03-05,38.18,38.88,39.00,37.58,6770,26090000,0.78,2.05,3.73,5.09
2013-03-06,38.89,39.68,40.14,38.65,11282,44660000,0.80,2.06,3.83,8.48
2013-03-07,39.77,38.86,39.77,38.00,10914,42480000,-0.82,-2.07,4.46,8.21
2013-03-08,38.60,38.90,39.70,38.50,8091,31650000,0.04,0.10,3.09,6.08
2013-03-11,39.15,38.79,39.18,38.36,5709,22110000,-0.11,-0.28,2.11,4.29
2013-03-12,38.79,37.34,39.10,36.80,6982,26340000,-1.45,-3.74,5.93,5.25
2013-03-13,37.46,37.00,37.66,36.75,3780,14020000,-0.34,-0.91,2.44,2.84
2013-03-14,37.00,37.77,37.95,36.80,5197,19550000,0.77,2.08,3.11,3.91
2013-03-15,37.90,37.71,38.24,37.22,5266,19960000,-0.06,-0.16,2.70,3.96
2013-03-18,37.48,36.50,37.92,36.50,4317,16050000,-1.21,-3.21,3.77,3.25
2013-03-19,36.20,36.75,37.29,36.20,3296,12070000,0.25,0.68,2.99,2.48
2013-03-20,36.71,39.43,39.68,36.71,12187,46850000,2.68,7.29,8.08,9.16
2013-03-21,39.40,39.58,40.19,38.88,15887,62930000,0.15,0.38,3.32,11.95
2013-03-22,39.40,39.69,39.77,38.70,9590,37660000,0.11,0.28,2.70,7.21
2013-03-25,39.70,39.26,40.06,39.17,6051,23870000,-0.43,-1.08,2.24,4.55
2013-03-26,39.25,38.72,39.25,38.02,6679,25710000,-0.54,-1.38,3.13,5.02
2013-03-27,38.96,39.45,41.28,38.96,19773,79500000,0.73,1.89,5.99,14.87
2013-03-28,39.00,37.38,39.00,36.00,13018,48220000,-2.07,-5.25,7.60,9.79
2013-03-29,37.00,36.23,37.83,36.12,11873,43530000,-1.15,-3.08,4.57,8.93
2013-04-01,34.50,32.62,34.50,32.61,20256,66940000,-3.61,-9.96,5.22,15.23
2013-04-02,31.88,33.10,33.27,31.63,13910,44940000,0.48,1.47,5.03,10.46
2013-04-03,32.60,31.94,32.78,31.80,6331,20460000,-1.16,-3.50,2.96,4.76
2013-04-08,31.00,31.53,31.77,29.90,7399,22680000,-0.41,-1.28,5.85,5.56
2013-04-09,31.40,31.80,32.08,31.00,6054,19240000,0.27,0.86,3.43,4.55
2013-04-10,31.85,32.82,33.20,31.85,11148,36680000,1.02,3.21,4.25,8.38
2013-04-11,32.92,33.06,33.40,32.41,8078,26610000,0.24,0.73,3.02,6.07
2013-04-12,33.04,32.05,33.42,32.02,4140,13470000,-1.01,-3.06,4.23,3.11
2013-04-15,31.88,31.19,31.88,30.60,6089,18840000,-0.86,-2.68,3.99,4.58
2013-04-16,30.66,31.78,31.83,30.63,4064,12790000,0.59,1.89,3.85,3.06
2013-04-17,31.68,31.93,32.59,31.68,4606,14800000,0.15,0.47,2.86,3.46
2013-04-18,31.96,31.70,32.18,31.44,4226,13420000,-0.23,-0.72,2.32,3.18
2013-04-19,32.00,32.44,32.51,31.55,7300,23570000,0.74,2.33,3.03,5.49
2013-04-22,32.43,32.86,32.86,31.82,7696,24900000,0.42,1.29,3.21,5.79
2013-04-23,32.86,31.90,33.19,31.61,7936,25830000,-0.96,-2.92,4.81,5.97
2013-04-24,31.52,32.33,32.59,31.52,5822,18710000,0.43,1.35,3.35,4.38
2013-04-25,32.20,30.91,32.38,30.84,7174,22720000,-1.42,-4.39,4.76,5.39
2013-04-26,30.48,28.80,30.49,28.23,10399,30180000,-2.11,-6.83,7.31,7.82
2013-05-02,28.30,29.40,29.48,28.03,6231,18000000,0.60,2.08,5.03,4.69
2013-05-03,29.34,30.36,30.97,29.20,7004,21280000,0.96,3.27,6.02,5.27
2013-05-06,30.26,33.40,33.40,30.08,11294,36370000,3.04,10.01,10.94,8.49
2013-05-07,34.25,33.01,34.96,32.80,21051,71570000,-0.39,-1.17,6.47,15.83
2013-05-08,32.50,34.14,34.80,32.33,19180,64420000,1.13,3.42,7.48,14.42
2013-05-09,34.00,34.15,34.95,33.46,13116,44790000,0.01,0.03,4.36,9.86
2013-05-10,34.15,32.96,34.15,32.60,10545,35080000,-1.19,-3.48,4.54,7.93
2013-05-13,32.85,33.40,33.95,32.85,7426,24870000,0.44,1.34,3.34,5.58
2013-05-14,33.50,32.60,33.50,32.23,7048,23050000,-0.80,-2.40,3.80,5.30
2013-05-15,32.31,32.91,33.18,32.31,5729,18800000,0.31,0.95,2.67,4.31
2013-05-16,33.00,34.52,35.18,32.60,17676,60290000,1.61,4.89,7.84,13.29
2013-05-17,33.99,34.29,34.97,33.61,11670,40120000,-0.23,-0.67,3.94,8.77
2013-05-20,34.49,35.18,35.42,34.35,14412,50540000,0.89,2.60,3.12,10.84
2013-05-21,35.21,35.90,36.75,35.21,16764,60440000,0.72,2.05,4.38,12.60
2013-05-22,35.41,34.49,36.18,34.12,12100,42450000,-1.41,-3.93,5.74,9.10
2013-05-23,34.35,34.82,35.35,34.28,9338,32720000,0.33,0.96,3.10,7.02
2013-05-24,35.00,35.64,35.99,34.62,12495,44480000,0.82,2.36,3.93,9.39
2013-05-27,35.62,35.71,36.50,35.28,8127,29160000,0.07,0.20,3.42,6.11
2013-05-28,36.00,35.96,36.98,35.93,14226,51710000,0.25,0.70,2.94,10.70
2013-05-29,35.94,35.58,35.94,34.50,9803,34720000,-0.38,-1.06,4.00,7.37
2013-05-30,35.15,35.70,35.98,34.80,8154,28740000,0.12,0.34,3.32,6.13
2013-05-31,35.65,35.14,35.95,35.08,5871,20740000,-0.56,-1.57,2.44,4.41
2013-06-03,35.10,33.64,35.26,33.55,8454,28900000,-1.50,-4.27,4.87,6.36
2013-06-04,33.90,32.27,34.30,31.51,9833,32260000,-1.37,-4.07,8.29,7.39
2013-06-05,32.40,32.02,32.65,31.60,5149,16540000,-0.25,-0.77,3.25,3.87
2013-06-06,31.85,30.64,32.35,30.60,9169,28440000,-1.38,-4.31,5.47,6.89
2013-06-07,30.30,31.29,31.74,30.30,8011,25030000,0.65,2.12,4.70,6.02
2013-06-13,31.00,29.72,31.05,29.20,5960,17790000,-1.57,-5.02,5.91,2.32
2013-06-14,29.79,30.73,30.78,29.75,5777,17570000,1.01,3.40,3.47,2.25
2013-06-17,30.37,31.77,32.20,30.11,8246,26060000,1.04,3.38,6.80,3.21
2013-06-18,31.77,31.06,32.22,30.89,6512,20390000,-0.71,-2.23,4.19,2.53
2013-06-19,31.06,32.51,33.35,30.21,10619,33970000,1.45,4.67,10.11,4.13
2013-06-20,32.00,31.04,32.90,30.73,7015,22390000,-1.47,-4.52,6.67,2.73
2013-06-21,30.85,30.75,31.22,29.80,4284,13030000,-0.29,-0.93,4.57,1.67
2013-06-24,30.48,28.20,30.87,28.20,9874,29290000,-2.55,-8.29,8.68,3.84
2013-06-25,27.70,27.85,28.66,25.40,9760,26660000,-0.35,-1.24,11.56,3.80
2013-06-26,28.25,29.16,29.25,28.25,9762,28180000,1.31,4.70,3.59,3.80
2013-06-27,29.70,29.60,31.40,28.78,16054,48410000,0.44,1.51,8.98,6.24
2013-06-28,29.20,28.20,30.19,28.20,10992,32050000,-1.40,-4.73,6.72,4.27
2013-07-01,28.40,30.10,30.30,27.87,12738,37150000,1.90,6.74,8.62,4.95
2013-07-02,14.95,15.95,16.16,14.65,43201,66950000,0.98,6.55,10.09,8.40
2013-07-03,15.79,16.37,16.87,15.30,62327,101730000,0.42,2.63,9.84,12.12
2013-07-04,16.25,17.68,18.01,15.88,90356,157830000,1.31,8.00,13.01,17.57
2013-07-05,17.60,16.82,17.60,16.50,60180,102560000,-0.86,-4.86,6.22,11.70
2013-07-08,16.32,15.75,16.55,15.72,30264,48760000,-1.07,-6.36,4.93,5.88
2013-07-09,15.55,15.90,16.20,15.53,25075,39900000,0.15,0.95,4.25,4.88
2013-07-10,15.89,16.29,16.35,15.82,26686,42900000,0.39,2.45,3.33,5.19
2013-07-11,16.16,16.14,16.50,15.97,39501,64130000,-0.15,-0.92,3.25,7.68
2013-07-12,16.13,16.24,16.66,16.01,26770,43720000,0.10,0.62,4.03,5.21
2013-07-15,16.10,16.32,16.35,16.01,30024,48620000,0.08,0.49,2.09,5.84
2013-07-16,16.20,16.15,16.25,15.71,22642,36290000,-0.17,-1.04,3.31,4.40
2013-07-17,16.00,15.45,16.14,15.42,23073,36340000,-0.70,-4.33,4.46,4.49
2013-07-18,15.30,15.60,15.84,15.02,22006,34080000,0.15,0.97,5.31,4.28
2013-07-19,15.50,14.64,15.75,14.61,25428,38670000,-0.96,-6.15,7.31,4.94
2013-07-22,14.59,14.93,15.00,14.31,14239,21030000,0.29,1.98,4.71,2.77
2013-07-23,14.93,15.80,16.00,14.88,29842,46490000,0.87,5.83,7.50,5.80
2013-07-24,15.70,15.54,15.95,15.31,22782,35350000,-0.26,-1.65,4.05,4.43
2013-07-25,15.50,16.09,16.49,15.05,43153,68760000,0.55,3.54,9.27,8.39
2013-07-26,15.85,15.58,16.03,15.49,23341,36710000,-0.51,-3.17,3.36,4.54
2013-07-29,15.48,14.91,15.58,14.90,15185,23130000,-0.67,-4.30,4.36,2.95
2013-07-30,14.91,14.79,15.16,14.30,13650,20160000,-0.12,-0.80,5.77,2.65
2013-07-31,14.80,15.19,15.29,14.79,13351,20150000,0.40,2.70,3.38,2.60
2013-08-01,15.26,15.41,15.46,14.96,17491,26780000,0.22,1.45,3.29,3.40
2013-08-02,15.60,15.28,15.65,15.28,17357,26870000,-0.13,-0.84,2.40,3.38
2013-08-05,15.25,15.88,16.00,15.00,24429,38130000,0.60,3.93,6.54,4.75
2013-08-06,15.76,16.15,16.40,15.69,34949,56110000,0.27,1.70,4.47,6.80
2013-08-07,16.28,15.65,16.28,15.62,22042,34900000,-0.50,-3.10,4.09,4.29
2013-08-08,15.60,15.60,15.90,15.47,13401,20990000,-0.05,-0.32,2.75,2.61
2013-08-09,15.85,15.65,15.88,15.41,12972,20390000,0.05,0.32,3.01,2.52
2013-08-12,16.25,16.35,16.43,16.03,41287,67050000,0.70,4.47,2.56,8.03
2013-08-13,16.30,17.25,17.87,16.06,68134,115940000,0.90,5.50,11.07,13.25
2013-08-14,17.00,17.57,18.06,16.89,75801,132940000,0.32,1.86,6.78,14.74
2013-08-15,17.51,17.09,17.51,17.04,39102,67230000,-0.48,-2.73,2.68,7.60
2013-08-16,17.00,16.29,17.05,16.11,27859,46370000,-0.80,-4.68,5.50,5.42
2013-08-19,16.29,16.70,16.90,16.27,23316,38690000,0.41,2.52,3.87,4.53
2013-08-20,16.80,16.43,16.81,16.34,16886,27920000,-0.27,-1.62,2.81,3.28
2013-08-21,16.31,16.57,16.68,16.18,14319,23530000,0.14,0.85,3.04,2.78
2013-08-22,16.41,16.60,16.80,16.41,16262,27090000,0.03,0.18,2.35,3.16
2013-08-23,16.60,16.51,16.75,16.10,18126,29880000,-0.09,-0.54,3.92,3.52
2013-08-26,16.50,16.76,16.90,16.40,19161,32010000,0.25,1.51,3.03,3.73
2013-08-27,16.80,16.62,17.04,16.52,25935,43490000,-0.14,-0.84,3.10,5.04
2013-08-28,16.56,16.30,16.56,15.80,40833,65510000,-0.32,-1.93,4.57,7.94
2013-08-29,16.30,16.19,16.50,15.91,24025,38840000,-0.11,-0.67,3.62,4.67
2013-08-30,16.10,15.83,16.36,15.50,21254,33850000,-0.36,-2.22,5.31,4.13
2013-09-02,15.83,15.94,15.98,15.46,7059,11110000,0.11,0.69,3.28,1.37
2013-12-10,15.50,16.87,17.53,15.40,77836,132220000,0.93,5.83,13.36,15.14
2013-12-11,16.29,16.13,16.58,15.35,36695,58370000,-0.74,-4.39,7.29,7.14
2013-12-12,15.82,15.36,16.15,15.29,31824,49850000,-0.77,-4.77,5.33,6.19
2013-12-13,15.45,15.93,16.00,15.31,28091,43800000,0.57,3.71,4.49,5.46
2013-12-16,15.74,15.70,15.93,15.40,21257,33390000,-0.23,-1.44,3.33,4.13
2013-12-17,15.68,15.65,15.92,15.34,16135,25250000,-0.05,-0.32,3.69,3.14
2013-12-18,15.79,15.51,15.87,15.44,8310,12990000,-0.14,-0.89,2.75,1.62
2013-12-19,15.75,15.07,15.77,15.07,10177,15600000,-0.44,-2.84,4.51,1.98
2013-12-20,15.07,14.48,15.24,14.38,11133,16410000,-0.59,-3.92,5.71,2.16
2013-12-23,14.50,14.12,14.63,13.70,10651,14960000,-0.36,-2.49,6.42,2.07
2013-12-24,14.12,14.26,14.39,14.06,7458,10600000,0.14,0.99,2.34,1.45
2013-12-25,14.26,14.36,14.45,14.23,6744,9670000,0.10,0.70,1.54,1.31
2013-12-26,14.40,13.92,14.60,13.92,11836,16880000,-0.44,-3.06,4.74,2.30
2013-12-27,13.92,14.05,14.08,13.33,16496,22590000,0.13,0.93,5.39,3.21
2013-12-30,14.01,14.14,14.32,13.81,11740,16510000,0.09,0.64,3.63,2.28
2013-12-31,14.10,14.29,14.33,13.81,11853,16750000,0.15,1.06,3.68,2.30
2014-01-02,14.36,15.02,15.70,14.36,20827,31250000,0.73,5.11,9.38,4.05
2014-01-03,14.95,14.72,15.15,14.70,11791,17470000,-0.30,-2.00,3.00,2.29
2014-01-06,14.52,14.08,14.71,14.06,8189,11680000,-0.64,-4.35,4.42,1.59
2014-01-07,13.91,14.12,14.26,13.88,5579,7880000,0.04,0.28,2.70,1.08
2014-01-08,14.30,14.69,14.95,14.12,15060,21910000,0.57,4.04,5.88,2.93
2014-01-09,14.60,14.19,14.84,14.19,9330,13600000,-0.50,-3.40,4.42,1.81
2014-01-10,14.20,13.70,14.33,13.70,8485,11890000,-0.49,-3.45,4.44,1.65
2014-01-13,13.68,13.83,14.05,13.60,5519,7650000,0.13,0.95,3.28,1.07
2014-01-14,13.94,14.15,14.15,13.75,6252,8730000,0.32,2.31,2.89,1.22
2014-01-15,14.10,15.55,15.57,14.05,83694,128750000,1.40,9.89,10.74,16.27
2014-01-16,15.20,15.30,15.59,15.00,39401,60160000,-0.25,-1.61,3.79,7.66
2014-01-17,15.29,15.51,15.60,15.00,35393,54630000,0.21,1.37,3.92,6.88
2014-01-20,15.46,15.94,16.22,15.22,55177,87600000,0.43,2.77,6.45,10.73
2014-01-21,15.80,15.91,16.05,15.62,31420,49700000,-0.03,-0.19,2.70,6.11
2014-01-22,15.72,16.05,16.10,15.71,30433,48400000,0.14,0.88,2.45,5.92
2014-01-23,16.05,15.75,16.09,15.70,28041,44550000,-0.30,-1.87,2.43,5.45
2014-01-24,15.74,15.90,16.02,15.65,26325,41840000,0.15,0.95,2.35,5.12
2014-01-27,15.88,15.76,16.05,15.65,18027,28600000,-0.14,-0.88,2.52,3.51
2014-01-28,15.90,15.75,15.98,15.52,14890,23360000,-0.01,-0.06,2.92,2.90
2014-01-29,15.36,15.16,15.36,14.88,26586,40220000,-0.59,-3.75,3.05,5.17
2014-01-30,15.26,15.16,15.32,15.08,8251,12580000,0.00,0.00,1.58,1.60
2014-02-07,15.13,15.86,15.93,14.93,23590,36990000,0.70,4.62,6.60,4.59
2014-02-10,15.94,16.13,16.48,15.90,36497,59170000,0.27,1.70,3.66,7.10
2014-02-11,16.12,16.03,16.38,15.90,29942,48200000,-0.10,-0.62,2.98,5.82
2014-02-12,16.12,17.63,17.63,16.05,133346,232450000,1.60,9.98,9.86,25.93
2014-02-13,17.82,19.39,19.39,17.40,158284,291970000,1.76,9.98,11.29,30.78
2014-02-14,19.09,19.77,20.70,18.50,135347,265530000,0.38,1.96,11.35,26.32
2014-02-17,20.00,21.75,21.75,19.68,91180,191350000,1.98,10.02,10.47,17.73
2014-02-18,22.41,23.93,23.93,21.51,154988,353050000,2.18,10.02,11.13,30.14
2014-02-19,23.11,22.85,24.49,22.60,127261,296380000,-1.08,-4.51,7.90,24.75
2014-02-20,22.61,22.17,23.00,21.75,93527,207410000,-0.68,-2.98,5.47,18.19
2014-02-21,22.19,21.80,22.51,21.43,65602,143970000,-0.37,-1.67,4.87,12.76
2014-02-24,21.71,21.98,22.39,21.61,64390,141590000,0.18,0.83,3.58,12.52
2014-02-25,21.90,19.90,22.20,19.80,93265,196560000,-2.08,-9.46,10.92,18.14
2014-02-26,20.16,20.75,20.99,19.50,73894,150210000,0.85,4.27,7.49,14.37
2014-02-27,20.43,19.60,21.60,19.51,104049,215330000,-1.15,-5.54,10.07,20.23
2014-02-28,19.01,20.20,20.30,18.76,63835,125200000,0.60,3.06,7.86,12.41
2014-03-03,20.00,20.13,20.73,19.89,58044,117050000,-0.07,-0.35,4.16,11.29
2014-03-04,20.01,22.14,22.14,19.50,106969,222880000,2.01,9.99,13.11,20.80
2014-03-05,22.40,22.74,23.70,22.20,145592,333840000,0.60,2.71,6.78,28.31
2014-03-06,22.13,21.26,22.45,20.54,89179,189670000,-1.48,-6.51,8.40,17.34
2014-03-07,21.26,20.34,21.60,20.20,74055,155290000,-0.92,-4.33,6.59,14.40
2014-03-10,20.59,18.31,20.59,18.31,72510,138560000,-2.03,-9.98,11.21,14.10
2014-03-11,18.18,18.48,18.80,17.81,42524,77970000,0.17,0.93,5.41,8.27
2014-03-12,18.70,17.81,18.70,17.03,53442,95720000,-0.67,-3.63,9.04,10.39
2014-03-13,17.75,17.89,18.00,17.50,29864,53110000,0.08,0.45,2.81,5.81
2014-03-14,17.86,17.86,18.06,17.55,27571,49070000,-0.03,-0.17,2.85,5.36
2014-03-17,17.65,18.54,18.62,17.65,41391,75770000,0.68,3.81,5.43,8.05
2014-03-18,18.45,18.61,19.14,18.35,43778,82090000,0.07,0.38,4.26,8.51
2014-03-19,18.35,19.28,19.48,17.70,51146,95850000,0.67,3.60,9.56,9.95
2014-03-20,19.01,18.01,19.46,18.00,46820,87760000,-1.27,-6.59,7.57,9.10
2014-03-21,17.35,18.45,18.86,17.35,32563,59710000,0.44,2.44,8.38,6.33
2014-03-24,18.46,18.37,18.95,18.35,25011,46500000,-0.08,-0.43,3.25,4.86
2014-03-25,18.30,17.96,18.56,17.92,19607,35540000,-0.41,-2.23,3.48,3.81
2014-03-26,18.02,18.85,18.86,18.00,38763,71960000,0.89,4.96,4.79,7.54
2014-03-27,18.87,18.89,19.41,18.59,49077,93360000,0.04,0.21,4.35,9.54
2014-03-28,18.70,17.59,18.97,17.56,33230,59970000,-1.30,-6.88,7.46,6.46
2014-03-31,17.42,16.41,17.51,16.00,34910,57670000,-1.18,-6.71,8.58,6.79
2014-04-01,16.33,16.75,16.79,16.02,16652,27480000,0.34,2.07,4.69,3.24
2014-04-02,16.92,16.97,16.98,16.66,15985,26940000,0.22,1.31,1.91,3.11
2014-04-03,16.98,17.23,17.30,16.69,17913,30540000,0.26,1.53,3.59,3.48
2014-04-04,17.15,17.28,17.37,17.00,10398,17890000,0.05,0.29,2.15,2.02
2014-04-08,17.27,17.37,17.40,16.82,15393,26360000,0.09,0.52,3.36,2.99
2014-04-09,17.40,17.78,17.80,17.25,21008,37050000,0.41,2.36,3.17,4.09
2014-04-10,17.78,18.19,18.63,17.70,32249,58740000,0.41,2.31,5.23,6.27
2014-04-11,18.18,18.00,18.18,17.69,10437,18660000,-0.19,-1.04,2.69,2.03
2014-04-18,18.48,18.73,19.77,18.48,52456,99320000,0.73,4.06,7.17,10.20
2014-04-21,18.75,18.32,19.15,18.31,21795,40640000,-0.41,-2.19,4.48,4.24
2014-04-22,18.20,17.43,18.20,17.00,24703,43110000,-0.89,-4.86,6.55,4.80
2014-04-23,17.68,17.73,17.78,17.22,11308,19840000,0.30,1.72,3.21,2.20
2014-04-24,17.71,18.92,19.30,17.52,28999,53760000,1.19,6.71,10.04,5.64
2014-04-25,18.97,18.82,19.28,18.55,26539,50190000,-0.10,-0.53,3.86,5.16
2014-04-28,18.75,18.08,18.75,18.00,18401,33520000,-0.74,-3.93,3.99,3.58
2014-04-29,17.97,18.43,18.63,17.97,14669,26920000,0.35,1.94,3.65,2.85
2014-04-30,18.45,19.39,19.40,18.44,30082,57260000,0.96,5.21,5.21,5.85
2014-05-05,19.40,19.90,20.00,19.01,36172,70860000,0.51,2.63,5.11,7.03
2014-05-06,19.90,19.49,19.94,19.24,28881,56510000,-0.41,-2.06,3.52,5.62
2014-05-07,19.40,19.18,19.49,18.91,18884,36190000,-0.31,-1.59,2.98,3.67
2014-05-08,19.16,19.49,19.58,18.87,28553,55400000,0.31,1.62,3.70,5.55
2014-05-09,19.49,19.41,19.68,18.81,22911,44160000,-0.08,-0.41,4.46,4.46
2014-05-12,19.43,19.48,19.69,19.04,20068,38860000,0.07,0.36,3.35,3.90
2014-05-13,19.50,19.34,19.52,19.00,19804,38140000,-0.14,-0.72,2.67,3.85
2014-05-14,19.30,19.31,19.59,19.21,20830,40430000,-0.03,-0.16,1.96,4.05
2014-05-15,19.10,18.82,19.29,18.50,22946,43100000,-0.49,-2.54,4.09,4.46
2014-05-16,18.81,17.74,18.82,17.68,18921,34090000,-1.08,-5.74,6.06,3.68
2014-05-19,17.70,17.77,17.80,17.24,10693,18690000,0.03,0.17,3.16,2.08
2014-05-20,17.75,18.03,18.11,17.75,9758,17510000,0.26,1.46,2.03,1.90
2014-05-21,18.00,18.25,18.37,17.66,10401,18840000,0.22,1.22,3.94,2.02
2014-05-22,18.26,18.33,18.63,18.05,10098,18560000,0.08,0.44,3.18,1.96
2014-05-23,18.32,18.20,18.41,18.11,7180,13090000,-0.13,-0.71,1.64,1.40
2014-05-26,18.22,18.50,18.74,18.22,9864,18270000,0.30,1.65,2.86,1.92
2014-05-27,18.59,18.40,18.62,18.32,10424,19290000,-0.10,-0.54,1.62,2.03
2014-05-28,18.39,18.41,18.51,18.23,9500,17480000,0.01,0.05,1.52,1.85
2014-05-29,18.49,17.88,18.55,17.70,14279,25800000,-0.53,-2.88,4.62,2.78
2014-05-30,17.96,18.00,18.19,17.66,6985,12600000,0.12,0.67,2.96,1.36
2014-06-03,17.90,18.09,18.31,17.90,5523,10020000,0.09,0.50,2.28,1.07
2014-06-04,18.09,18.93,18.93,18.03,20476,37950000,0.84,4.64,4.98,3.98
2014-06-05,19.05,19.17,19.39,18.71,25824,49370000,0.24,1.27,3.59,5.02
2014-06-06,19.00,19.41,19.58,18.82,21506,41160000,0.24,1.25,3.96,4.18
2014-06-09,19.36,19.21,19.77,19.09,23427,45530000,-0.20,-1.03,3.50,4.56
2014-06-10,19.22,19.34,19.50,18.91,14426,27800000,0.13,0.68,3.07,2.81
2014-06-11,19.34,19.48,19.59,19.20,17536,33990000,0.14,0.72,2.02,3.41
2014-06-12,19.48,20.71,21.43,19.48,70094,145230000,1.23,6.31,10.01,13.63
2014-06-13,20.25,20.75,21.20,20.20,41329,85190000,0.04,0.19,4.83,8.04
2014-06-16,20.70,20.84,21.17,20.41,29013,60120000,0.09,0.43,3.66,5.64
2014-06-17,20.67,20.90,21.37,20.55,26118,54770000,0.06,0.29,3.93,5.08
2014-06-18,20.72,20.61,20.99,20.21,20316,41750000,-0.29,-1.39,3.73,3.95
2014-06-19,20.54,19.88,20.60,19.61,18914,37940000,-0.73,-3.54,4.80,3.68
2014-06-20,20.11,20.64,20.74,19.91,16274,33120000,0.76,3.82,4.18,3.16
2014-06-23,20.60,21.33,21.66,20.55,56722,120840000,0.69,3.34,5.38,11.03
2014-06-24,21.30,21.33,21.95,21.00,31263,67150000,0.00,0.00,4.45,6.08
2014-06-25,21.19,20.64,21.37,20.50,17300,36100000,-0.69,-3.23,4.08,3.36
2014-06-26,20.83,20.85,21.28,20.57,28853,60270000,0.21,1.02,3.44,5.61
2014-06-27,20.75,20.80,20.98,20.32,21944,45160000,-0.05,-0.24,3.17,4.27
2014-06-30,20.81,21.17,21.35,20.43,27411,57610000,0.37,1.78,4.42,5.33
2014-07-01,21.25,21.98,22.55,21.20,57569,127340000,0.81,3.83,6.38,11.19
2014-07-02,21.80,23.26,23.91,21.76,54933,126390000,1.28,5.82,9.78,10.68
2014-07-03,22.80,23.28,24.10,22.76,49351,116660000,0.02,0.09,5.76,9.60
2014-07-04,23.43,23.05,23.80,22.69,38434,88650000,-0.23,-0.99,4.77,7.47
2014-07-07,22.95,23.10,23.34,22.37,32930,75210000,0.05,0.22,4.21,6.40
2014-07-08,22.98,23.17,23.30,22.38,26625,60880000,0.07,0.30,3.98,5.18
2014-07-14,23.50,23.95,24.56,23.17,47588,113700000,0.78,3.37,6.00,9.25
2014-07-15,23.90,23.00,23.90,22.72,29774,69030000,-0.95,-3.97,4.93,5.79
2014-07-16,22.78,21.76,22.78,21.38,37423,81900000,-1.24,-5.39,6.09,7.28
2014-07-17,21.54,22.10,22.63,21.53,39400,87580000,0.34,1.56,5.06,7.66
2014-07-18,22.10,22.03,22.62,21.94,16899,37500000,-0.07,-0.32,3.08,3.29
2014-07-21,21.78,22.06,22.29,21.30,15013,32900000,0.03,0.14,4.49,2.92
2014-07-22,22.21,22.78,22.90,22.00,24576,55540000,0.72,3.26,4.08,4.78
2014-07-23,22.39,22.35,22.85,21.93,21950,49010000,-0.43,-1.89,4.04,4.27
2014-07-24,22.35,21.31,22.35,20.90,27475,58490000,-1.04,-4.65,6.49,5.34
2014-07-25,21.55,21.30,21.55,21.16,9950,21200000,-0.01,-0.05,1.83,1.93
2014-07-28,21.31,21.74,21.89,20.50,23957,50590000,0.44,2.07,6.53,4.66
2014-07-29,21.68,22.15,22.25,21.56,20191,44230000,0.41,1.89,3.17,3.93
2014-07-30,21.98,22.58,22.65,21.72,20912,46530000,0.43,1.94,4.20,4.07
2014-07-31,22.58,22.79,23.18,22.56,32213,73490000,0.21,0.93,2.75,6.26
2014-08-01,22.79,22.17,22.83,22.15,15225,34120000,-0.62,-2.72,2.98,2.96
2014-08-04,21.95,22.18,22.30,21.84,10539,23290000,0.01,0.05,2.07,2.05
2014-08-05,22.09,22.74,22.95,22.09,14905,33620000,0.56,2.52,3.88,2.90
2014-08-06,22.70,23.23,23.28,22.35,29890,68550000,0.49,2.15,4.09,5.81
2014-08-07,23.23,22.64,23.44,22.61,15643,36000000,-0.59,-2.54,3.57,3.04
2014-08-08,22.60,24.90,24.90,22.55,95297,234170000,2.26,9.98,10.38,18.53
2014-08-11,25.00,25.47,25.49,24.74,95865,241170000,0.57,2.29,3.01,18.64
2014-08-12,25.46,25.20,25.88,24.90,65454,166060000,-0.27,-1.06,3.85,12.73
2014-08-13,25.01,25.03,25.42,24.70,43253,108200000,-0.17,-0.67,2.86,8.41
2014-08-14,25.08,25.21,25.99,24.79,46766,119160000,0.18,0.72,4.79,9.09
2014-08-15,25.11,24.76,25.11,24.60,25037,62090000,-0.45,-1.79,2.02,4.87
2014-08-18,24.70,25.82,25.94,24.51,35700,90540000,1.06,4.28,5.78,6.94
2014-08-19,25.83,26.00,27.00,25.50,32525,84590000,0.18,0.70,5.81,6.32
2014-08-20,26.01,26.93,27.85,26.00,50669,136620000,0.93,3.58,7.12,9.85
2014-08-21,26.97,26.84,27.33,26.16,28080,75310000,-0.09,-0.33,4.34,5.46
2014-08-22,26.60,27.00,27.08,26.45,18545,49700000,0.16,0.60,2.35,3.61
2014-08-25,26.91,27.36,27.99,26.91,25563,70230000,0.36,1.33,4.00,4.97
2014-08-26,27.30,25.86,27.30,25.71,27326,72310000,-1.50,-5.48,5.81,5.31
2014-08-27,25.89,25.89,26.16,25.58,12668,32700000,0.03,0.12,2.24,2.46
2014-08-28,25.88,26.33,27.00,25.70,19185,50410000,0.44,1.70,5.02,3.73
2014-08-29,26.33,26.23,26.69,25.40,11541,30180000,-0.10,-0.38,4.90,2.24
2014-09-01,26.30,26.64,26.88,26.30,13609,36160000,0.41,1.56,2.21,2.65
2014-09-02,27.90,27.06,28.59,26.80,37931,104300000,0.42,1.58,6.72,7.38
2014-09-03,27.06,27.25,27.62,26.85,21515,58440000,0.19,0.70,2.85,4.18
2014-09-04,27.15,27.13,27.23,26.73,19684,53070000,-0.12,-0.44,1.83,3.83
2014-09-05,27.20,26.91,27.27,26.70,14351,38530000,-0.22,-0.81,2.10,2.79
2014-09-09,26.81,26.71,27.07,26.40,16998,45420000,-0.20,-0.74,2.49,3.31
2014-09-10,26.63,27.23,27.30,26.45,19882,53650000,0.52,1.95,3.18,3.87
2014-09-11,27.05,26.80,27.52,26.55,21112,57120000,-0.43,-1.58,3.56,4.11
2014-09-12,26.76,26.83,27.00,26.51,17129,45810000,0.03,0.11,1.83,3.33
2014-09-15,26.88,26.10,26.88,26.10,23759,62730000,-0.73,-2.72,2.91,4.62
2014-09-16,26.00,25.12,26.04,25.10,29166,74310000,-0.98,-3.75,3.60,5.67
2014-09-17,25.23,25.35,25.45,24.89,15154,38090000,0.23,0.92,2.23,2.95
2014-09-18,25.40,25.30,25.45,25.18,7346,18580000,-0.05,-0.20,1.07,1.43
2014-09-19,25.29,25.44,25.52,25.24,7529,19100000,0.14,0.55,1.11,1.46
2014-09-22,25.45,25.79,25.90,25.36,13513,34750000,0.35,1.38,2.12,2.63
2014-09-23,25.80,25.90,25.97,25.80,11693,30260000,0.11,0.43,0.66,2.27
2014-09-24,25.90,25.86,25.90,25.41,13298,34130000,-0.04,-0.15,1.89,2.59
2014-09-25,25.90,25.90,26.20,25.80,14574,37970000,0.04,0.15,1.55,2.83
2014-09-26,25.63,27.17,28.39,25.61,31528,84110000,1.27,4.90,10.73,6.13
2014-09-29,26.90,26.91,27.86,26.58,35352,94740000,-0.26,-0.96,4.71,6.87
2014-09-30,26.80,26.91,27.21,26.70,15904,42830000,0.00,0.00,1.90,3.09
2014-10-08,27.45,26.86,27.45,26.60,14003,37600000,-0.05,-0.19,3.16,2.72
2014-10-09,26.88,26.50,26.91,26.35,24208,64270000,-0.36,-1.34,2.08,4.71
2014-10-10,26.50,27.26,27.70,26.40,45823,124390000,0.76,2.87,4.91,8.91
2014-10-13,27.14,27.26,27.40,26.50,22808,61390000,0.00,0.00,3.30,4.44
2014-10-14,27.11,27.94,27.97,27.11,47992,132560000,0.68,2.49,3.15,9.33
2014-10-15,28.00,27.85,28.28,27.39,43443,120810000,-0.09,-0.32,3.19,8.45
2014-10-16,27.60,27.00,28.00,26.75,35146,96910000,-0.85,-3.05,4.49,6.83
2014-10-17,26.88,26.27,27.17,25.60,27806,72940000,-0.73,-2.70,5.81,5.41
2014-10-20,26.20,27.41,27.53,26.20,23191,62750000,1.14,4.34,5.06,4.51
2014-10-21,27.65,27.69,28.57,27.28,47097,131970000,0.28,1.02,4.71,9.16
2014-10-22,27.75,27.33,28.14,27.30,20833,57840000,-0.36,-1.30,3.03,4.05
2014-10-23,27.08,27.00,27.89,26.66,22806,61720000,-0.33,-1.21,4.50,4.43
2014-10-24,27.11,27.06,27.33,26.70,14937,40290000,0.06,0.22,2.33,2.90
2014-10-27,26.93,28.18,28.23,26.93,25812,71770000,1.12,4.14,4.80,5.02
2014-10-28,28.18,29.44,30.00,28.18,59318,173680000,1.26,4.47,6.46,11.53
2014-10-29,29.39,29.90,29.90,29.05,41586,122920000,0.46,1.56,2.89,8.09
2014-10-30,29.40,29.64,30.49,29.40,37820,113010000,-0.26,-0.87,3.65,7.35
2014-10-31,29.74,29.65,29.84,28.88,25175,73770000,0.01,0.03,3.24,4.90
2014-11-03,29.98,29.45,29.98,28.90,22279,65180000,-0.20,-0.67,3.64,4.33
2014-11-04,29.12,29.02,29.52,29.02,13886,40580000,-0.43,-1.46,1.70,2.70
2014-11-05,29.11,29.83,30.25,29.00,29417,88030000,0.81,2.79,4.31,5.72
2014-11-06,29.50,31.20,31.35,29.50,28587,87050000,1.37,4.59,6.20,5.56
2014-11-07,31.40,30.98,31.63,30.70,33819,104950000,-0.22,-0.71,2.98,6.58
2014-11-10,30.98,31.07,31.25,30.48,8622,26600000,0.09,0.29,2.49,1.68
2014-11-11,31.07,29.52,31.39,28.77,21161,63280000,-1.55,-4.99,8.43,4.11
2014-11-12,29.48,28.96,30.29,27.70,37341,106670000,-0.56,-1.90,8.77,7.26
2014-11-13,28.84,28.39,28.84,27.40,34207,95920000,-0.57,-1.97,4.97,6.65
2014-11-14,28.04,28.35,28.45,27.50,14760,41510000,-0.04,-0.14,3.35,2.87
2014-11-17,28.33,29.36,29.38,27.80,22773,65170000,1.01,3.56,5.57,4.43
2014-11-18,29.21,29.11,29.79,28.88,16058,46900000,-0.25,-0.85,3.10,3.12
2014-11-19,29.30,29.68,29.70,29.05,15981,47010000,0.57,1.96,2.23,3.11
2014-11-20,29.68,29.60,29.90,29.12,9580,28190000,-0.08,-0.27,2.63,1.86
2014-11-21,29.59,30.67,31.00,29.25,24502,74540000,1.07,3.61,5.91,4.76
2014-11-24,30.70,31.72,32.85,30.70,24566,78110000,1.05,3.42,7.01,4.78
2014-11-25,31.80,31.42,32.37,31.30,21463,67960000,-0.30,-0.95,3.37,4.17
2014-11-26,31.42,30.90,31.79,30.88,15003,46880000,-0.52,-1.66,2.90,2.92
2014-11-27,31.01,31.72,31.93,31.01,18194,57370000,0.82,2.65,2.98,3.54
2014-11-28,31.72,31.64,32.33,31.11,21494,67780000,-0.08,-0.25,3.85,4.18
2014-12-01,31.31,30.89,31.35,30.29,27305,83910000,-0.75,-2.37,3.35,5.31
2014-12-02,30.79,30.75,31.18,30.60,12334,38090000,-0.14,-0.45,1.88,2.40
2014-12-03,30.65,32.00,32.32,30.02,30892,96740000,1.25,4.07,7.48,6.01
2014-12-04,31.84,32.36,32.48,31.70,20684,66630000,0.36,1.13,2.44,4.02
2014-12-05,32.99,32.06,33.86,30.71,31783,102130000,-0.30,-0.93,9.73,6.18
2014-12-08,31.02,31.47,31.80,30.51,19831,61950000,-0.59,-1.84,4.02,3.86
2014-12-09,31.47,29.99,31.74,29.52,25988,79490000,-1.48,-4.70,7.05,5.05
2014-12-10,30.00,31.47,31.49,29.10,21542,64830000,1.48,4.94,7.97,4.19
2014-12-11,30.99,31.40,31.73,30.78,22950,71870000,-0.07,-0.22,3.02,4.46
2014-12-12,31.29,31.85,31.99,31.28,14734,46770000,0.45,1.43,2.26,2.87
2014-12-15,31.80,33.18,33.50,31.61,24508,80520000,1.33,4.18,5.93,4.77
2014-12-16,32.98,34.70,34.75,32.62,34429,117390000,1.52,4.58,6.42,6.69
2014-12-17,34.42,34.98,36.00,34.01,24495,86350000,0.28,0.81,5.73,4.76
2014-12-18,35.20,35.09,36.04,34.30,18049,63810000,0.11,0.31,4.97,3.51
2014-12-19,35.12,34.48,35.82,32.03,21908,74390000,-0.61,-1.74,10.80,4.26
2014-12-22,34.30,31.75,34.30,31.03,32057,101810000,-2.73,-7.92,9.48,6.23
2014-12-23,31.50,31.79,32.49,30.38,27226,84900000,0.04,0.13,6.65,5.29
2014-12-24,31.90,31.80,32.48,31.31,20421,65180000,0.01,0.03,3.68,3.97
2014-12-25,31.80,31.99,32.31,31.30,11136,35390000,0.19,0.60,3.18,2.17
2014-12-26,31.99,32.93,33.49,31.99,14472,47550000,0.94,2.94,4.69,2.81
2014-12-29,33.27,31.94,33.68,31.50,16237,52250000,-0.99,-3.01,6.62,3.16
2014-12-30,31.51,31.44,32.30,30.72,12265,38860000,-0.50,-1.57,4.95,2.39
2014-12-31,31.44,30.50,31.68,28.30,34232,101730000,-0.94,-2.99,10.75,6.66
2015-01-05,29.58,29.90,30.39,29.58,12863,38520000,-0.60,-1.97,2.66,2.50
2015-01-06,29.80,31.31,31.31,29.18,16769,51070000,1.41,4.72,7.12,3.26
2015-01-07,31.31,31.80,32.72,31.31,20310,64610000,0.49,1.57,4.50,3.95
2015-01-08,31.60,31.88,32.00,31.10,18944,60220000,0.08,0.25,2.83,3.68
2015-01-09,31.60,31.36,31.84,31.35,8795,27790000,-0.52,-1.63,1.54,1.71
2015-01-12,31.58,30.76,31.85,30.49,5191,16030000,-0.60,-1.91,4.34,1.01
2015-03-04,33.84,33.84,33.84,33.84,1220,4130000,3.08,10.01,0.00,0.24
2015-03-05,37.22,37.22,37.22,37.22,4801,17870000,3.38,9.99,0.00,0.93
2015-03-06,40.59,40.94,40.94,40.02,55848,228200000,3.72,9.99,2.47,10.86
2015-03-09,19.80,20.47,20.47,19.26,125497,254510000,1.86,9.99,6.50,11.09
2015-03-10,21.50,20.00,21.57,18.90,318547,641070000,-0.47,-2.30,13.04,28.16
2015-03-11,19.40,22.00,22.00,19.00,249972,506660000,2.00,10.00,15.00,22.09
2015-03-12,22.01,21.45,24.20,21.03,478948,1099080000,-0.55,-2.50,14.41,42.33
2015-03-13,20.66,21.45,21.99,20.21,292240,609620000,0.00,0.00,8.30,25.83
2015-03-16,21.18,22.05,22.07,20.66,267321,578560000,0.60,2.80,6.57,23.63
2015-03-17,22.06,23.50,24.15,21.80,413723,954310000,1.45,6.58,10.66,36.57
2015-03-18,22.80,23.35,23.96,22.70,288365,671150000,-0.15,-0.64,5.36,25.49
2015-03-19,23.32,24.25,24.55,22.80,283610,669810000,0.90,3.85,7.49,25.07
2015-03-20,24.00,23.83,24.50,23.50,240425,575070000,-0.42,-1.73,4.12,21.25
2015-03-23,23.70,23.97,24.10,23.38,201411,479090000,0.14,0.59,3.02,17.80
2015-03-24,23.89,25.52,25.96,23.50,357605,880890000,1.55,6.47,10.26,31.61
2015-03-25,25.34,26.79,27.50,24.70,352468,917400000,1.27,4.98,10.97,31.15
2015-03-26,26.20,25.30,27.30,25.10,232314,607580000,-1.49,-5.56,8.21,20.53
2015-03-27,25.30,24.96,25.43,24.12,102373,253310000,-0.34,-1.34,5.18,9.05
2015-03-30,24.88,24.51,25.10,24.30,102574,252560000,-0.45,-1.80,3.21,9.07
2015-03-31,24.50,24.77,25.00,24.28,81086,199690000,0.26,1.06,2.94,7.17
2015-04-01,24.76,26.20,26.37,24.50,172179,439440000,1.43,5.77,7.55,15.22
2015-04-02,26.12,25.93,26.90,25.60,134211,349840000,-0.27,-1.03,4.96,11.86
2015-04-03,26.32,26.20,26.65,26.00,131028,344600000,0.27,1.04,2.51,11.58
2015-04-07,26.55,26.53,26.65,25.81,156897,413280000,0.33,1.26,3.21,13.87
2015-04-08,26.91,27.00,27.79,26.14,206833,559630000,0.47,1.77,6.22,18.28
2015-04-09,26.90,26.10,26.90,24.40,125397,322700000,-0.90,-3.33,9.26,11.08
2015-04-10,25.80,25.87,26.31,25.30,79816,206710000,-0.23,-0.88,3.87,7.05
2015-04-13,25.87,25.94,26.47,25.40,99427,257030000,0.07,0.27,4.14,8.79
2015-04-14,25.94,25.39,26.31,25.35,80339,206580000,-0.55,-2.12,3.70,7.10
2015-04-15,25.39,23.81,25.39,23.80,82904,201160000,-1.58,-6.22,6.26,7.33
2015-04-16,23.07,23.40,24.34,22.08,81988,191490000,-0.41,-1.72,9.49,7.25
2015-04-17,23.40,24.92,25.55,23.40,97570,239340000,1.52,6.50,9.19,8.62
2015-04-20,24.92,24.80,25.70,24.30,84972,213790000,-0.12,-0.48,5.62,7.51
2015-04-21,24.86,25.21,25.36,24.55,67072,167960000,0.41,1.65,3.27,5.93
2015-04-22,25.21,26.24,26.28,25.18,138145,359640000,1.03,4.09,4.36,12.21
2015-04-23,26.26,28.86,28.86,26.26,269880,753380000,2.62,9.98,9.91,23.85
2015-04-24,29.60,30.37,31.64,28.00,241782,715090000,1.51,5.23,12.61,21.37
2015-04-27,30.37,29.26,30.80,28.93,162460,480160000,-1.11,-3.65,6.16,14.36
2015-04-28,29.24,27.43,29.24,27.28,115283,322790000,-1.83,-6.25,6.70,10.19
2015-04-29,27.54,28.71,28.99,27.54,78183,223270000,1.28,4.67,5.29,6.91
2015-04-30,28.45,27.99,28.93,27.60,77640,218200000,-0.72,-2.51,4.63,6.86
2015-05-04,28.10,29.50,30.05,27.98,86543,251090000,1.51,5.39,7.40,7.65
2015-05-05,29.40,28.80,29.46,28.40,65513,188040000,-0.70,-2.37,3.59,5.79
2015-05-06,28.80,28.10,29.15,28.00,54772,156030000,-0.70,-2.43,3.99,4.84
2015-05-07,27.70,26.08,27.98,25.92,43312,115340000,-2.02,-7.19,7.33,3.83
2015-05-08,26.09,26.83,26.93,25.56,55571,146330000,0.75,2.88,5.25,4.91
2015-05-11,27.00,28.30,28.80,26.79,76673,214630000,1.47,5.48,7.49,6.78
2015-05-12,28.35,29.25,29.50,28.35,90231,262430000,0.95,3.36,4.06,7.98
2015-05-13,29.20,30.00,30.14,28.30,110407,325950000,0.75,2.56,6.29,9.76
2015-05-14,29.85,29.34,30.00,28.41,96196,280280000,-0.66,-2.20,5.30,8.50
2015-05-15,29.34,28.18,29.34,27.50,77187,218380000,-1.16,-3.95,6.27,6.82
2015-05-18,28.00,28.94,29.50,27.60,78149,224930000,0.76,2.70,6.74,6.91
2015-05-19,29.97,29.50,30.80,28.50,112336,332070000,0.56,1.94,7.95,9.93
2015-05-20,29.53,32.00,32.45,29.53,220400,692900000,2.50,8.47,9.90,19.48
2015-05-21,31.70,32.40,33.06,31.01,160577,517160000,0.40,1.25,6.41,14.19
2015-05-22,33.40,31.90,34.21,30.99,132637,426780000,-0.50,-1.54,9.94,11.72
2015-05-25,31.40,32.30,33.60,30.50,136162,441930000,0.40,1.25,9.72,12.03
2015-05-26,32.30,33.80,33.80,31.70,162808,527230000,1.50,4.64,6.50,14.39
2015-05-27,33.80,33.49,34.40,31.80,190712,635300000,-0.31,-0.92,7.69,16.86
2015-05-28,33.40,31.00,33.40,31.00,137787,446530000,-2.49,-7.44,7.17,12.18
2015-05-29,30.50,31.30,31.53,29.10,132216,405020000,0.30,0.97,7.84,11.69
2015-06-01,32.00,34.43,34.43,31.54,277372,935170000,3.13,10.00,9.23,24.52
2015-06-02,35.33,36.42,36.90,34.50,247186,885580000,1.99,5.78,6.97,21.85
2015-06-03,36.00,40.06,40.06,33.39,234245,846950000,3.64,9.99,18.31,20.70
2015-06-04,38.80,41.86,43.58,36.45,203491,804480000,1.80,4.49,17.80,17.99
2015-06-05,41.86,46.05,46.05,38.00,297358,1287040000,4.19,10.01,19.23,26.28
2015-06-08,44.96,42.40,46.00,41.80,162467,715780000,-3.65,-7.93,9.12,14.36
2015-06-09,40.86,41.85,44.50,39.02,145635,606910000,-0.55,-1.30,12.92,12.87
2015-06-10,41.00,42.27,44.00,40.21,115849,491970000,0.42,1.00,9.06,10.24
2015-06-11,41.55,44.28,45.13,41.00,146880,638540000,2.01,4.76,9.77,12.98
2015-06-12,44.30,42.65,47.00,42.45,219763,978890000,-1.63,-3.68,10.28,9.41
2015-06-15,42.60,42.70,43.52,40.80,99257,417160000,0.05,0.12,6.38,4.25
2015-06-16,41.80,41.66,42.68,40.55,62028,257630000,-1.04,-2.44,4.99,2.66
2015-06-17,42.59,43.20,44.00,41.50,89613,383170000,1.54,3.70,6.00,3.84
2015-06-18,43.69,42.50,44.30,41.76,91726,397580000,-0.70,-1.62,5.88,3.93
2015-06-19,41.00,38.25,44.10,38.25,65373,263060000,-4.25,-10.00,13.76,2.80
2015-06-23,38.00,36.19,38.78,34.43,75760,269020000,-2.06,-5.39,11.37,3.24
2015-06-24,36.00,35.65,37.20,34.50,66622,239420000,-0.54,-1.49,7.46,2.85
2015-06-25,36.00,32.43,36.52,32.30,70065,240640000,-3.22,-9.03,11.84,3.00
2015-06-26,31.75,29.19,31.78,29.19,60949,182200000,-3.24,-9.99,7.99,2.61
2015-06-29,30.00,26.27,30.47,26.27,62571,171090000,-2.92,-10.00,14.39,2.68
2015-06-30,23.64,27.33,27.50,23.64,132586,333020000,1.06,4.04,14.69,5.68
2015-07-01,27.20,24.60,28.24,24.60,139007,378400000,-2.73,-9.99,13.32,5.95
2015-07-02,24.60,22.14,24.97,22.14,85952,195390000,-2.46,-10.00,11.50,3.68
2015-07-03,19.93,19.93,24.00,19.93,137105,282360000,-2.21,-9.98,18.38,5.87
2015-07-14,21.92,21.92,21.92,21.92,13447,29480000,1.99,9.98,0.00,0.58
2015-07-15,24.11,20.82,24.11,20.00,231496,523740000,-1.10,-5.02,18.75,9.91
2015-07-16,20.82,20.73,21.82,18.74,126903,259760000,-0.09,-0.43,14.79,5.43
2015-07-17,20.90,22.80,22.80,20.90,136313,302060000,2.07,9.99,9.17,5.84
2015-07-20,23.39,24.55,24.96,22.90,160639,386740000,1.75,7.68,9.04,6.88
2015-07-21,24.00,26.10,26.60,23.52,152219,388580000,1.55,6.31,12.55,6.52
2015-07-22,26.49,25.50,26.90,24.61,154801,398270000,-0.60,-2.30,8.77,6.63
2015-07-23,25.50,26.41,26.70,25.00,124161,323090000,0.91,3.57,6.67,5.32
2015-07-24,26.80,25.41,26.92,25.12,128964,339200000,-1.00,-3.79,6.82,5.52
2015-07-27,24.58,22.87,25.50,22.87,100615,243980000,-2.54,-10.00,10.35,4.31
2015-07-28,20.59,20.59,22.99,20.58,132934,280230000,-2.28,-9.97,10.54,5.69
2015-07-29,21.33,22.54,22.65,19.00,97943,204350000,1.95,9.47,17.73,4.19
2015-07-30,22.60,21.50,23.40,21.02,83467,190090000,-1.04,-4.61,10.56,3.57
2015-07-31,20.90,21.50,21.95,20.50,53391,113210000,0.00,0.00,6.74,2.29
2015-08-03,21.20,19.80,21.20,19.50,55246,111380000,-1.70,-7.91,7.91,2.37
2015-08-04,19.92,21.68,21.78,19.80,84131,174120000,1.88,9.49,10.00,3.60
2015-08-05,21.70,21.37,22.60,21.03,92290,201370000,-0.31,-1.43,7.24,3.95
2015-08-06,20.50,23.51,23.51,20.40,205174,474570000,2.14,10.01,14.55,8.79
2015-08-07,24.40,25.15,25.50,23.60,242933,593030000,1.64,6.98,8.08,10.40
2015-08-10,24.99,25.95,26.35,24.70,169984,437470000,0.80,3.18,6.56,7.28
2015-08-11,25.99,25.47,26.21,25.30,136054,350270000,-0.48,-1.85,3.51,5.83
2015-08-12,25.27,24.55,25.68,24.50,89188,223790000,-0.92,-3.61,4.63,3.82
2015-08-13,24.31,25.43,25.51,24.11,79847,198910000,0.88,3.58,5.70,3.42
2015-08-14,25.43,25.11,25.98,25.02,84421,214730000,-0.32,-1.26,3.78,3.61
2015-08-17,24.99,25.04,25.36,24.50,51502,127880000,-0.07,-0.28,3.42,2.21
2015-08-18,25.04,22.54,25.90,22.54,100174,244900000,-2.50,-9.98,13.42,4.29
2015-08-19,21.65,22.92,23.78,20.40,71186,156260000,0.38,1.69,15.00,3.05
2015-08-20,22.54,22.22,23.35,21.92,52090,119210000,-0.70,-3.05,6.24,2.23
2015-08-21,21.72,20.38,22.52,20.21,83650,175480000,-1.84,-8.28,10.40,3.58
2015-08-24,18.50,18.34,19.50,18.34,32644,60520000,-2.04,-10.01,5.69,1.40
2015-08-25,16.51,16.51,16.51,16.51,14598,24100000,-1.83,-9.98,0.00,0.63
2015-08-26,16.38,16.58,16.79,14.86,128637,200480000,0.07,0.42,11.69,5.51
2015-08-27,16.09,16.60,16.86,15.38,83885,137920000,0.02,0.12,8.93,3.59
2015-08-28,16.75,17.79,17.95,16.50,90599,154380000,1.19,7.17,8.73,3.88
2015-08-31,17.60,16.56,17.76,16.30,61031,103920000,-1.23,-6.91,8.21,2.61
2015-09-01,16.50,16.48,16.50,14.97,74878,116620000,-0.08,-0.48,9.24,3.21
2015-09-02,15.16,15.82,16.95,15.05,54593,85920000,-0.66,-4.00,11.53,2.34
2015-09-07,16.00,16.09,16.64,15.80,61838,100490000,0.27,1.71,5.31,2.65
2015-09-08,15.99,16.56,16.80,15.15,63694,102340000,0.47,2.92,10.25,2.73
2015-09-09,16.63,18.22,18.22,16.60,167322,293120000,1.66,10.02,9.78,7.16
2015-09-10,17.93,17.12,17.95,16.99,124048,216800000,-1.10,-6.04,5.27,5.31
2015-09-11,17.10,17.13,17.45,16.70,76621,130780000,0.01,0.06,4.38,3.28
2015-09-14,17.28,15.42,17.28,15.42,63405,102620000,-1.71,-9.98,10.86,2.72
2015-09-15,14.58,13.88,14.74,13.88,79013,111380000,-1.54,-9.99,5.58,3.38
2015-09-16,13.90,15.14,15.26,13.60,93585,134520000,1.26,9.08,11.96,4.01
2015-09-17,15.00,15.40,16.30,14.40,140113,217380000,0.26,1.72,12.55,6.00
2015-09-18,15.61,15.27,15.77,14.88,52267,79790000,-0.13,-0.84,5.78,2.24
2015-09-21,14.98,15.80,15.95,14.70,58148,90440000,0.53,3.47,8.19,2.49
2015-09-22,16.05,17.38,17.38,15.85,139095,234380000,1.58,10.00,9.68,5.96
2015-09-23,17.00,17.68,18.50,16.78,151897,268980000,0.30,1.73,9.90,6.50
2015-09-24,18.09,17.44,18.10,17.10,87773,154000000,-0.24,-1.36,5.66,3.76
2015-09-25,17.65,16.05,17.67,15.98,84152,139380000,-1.39,-7.97,9.69,3.60
2015-09-28,16.34,16.42,16.60,15.61,67464,109580000,0.37,2.31,6.17,2.89
2015-09-29,16.05,16.16,17.17,15.97,62143,102450000,-0.26,-1.58,7.31,2.66
2015-09-30,16.68,17.78,17.78,16.66,118362,207890000,1.62,10.02,6.93,5.07
2015-10-08,19.56,19.56,19.56,19.56,12653,24750000,1.78,10.01,0.00,0.54
2015-10-09,21.52,21.52,21.52,20.85,349512,749260000,1.96,10.02,3.43,14.97
2015-10-12,22.00,23.67,23.67,22.00,191677,435610000,2.15,9.99,7.76,8.21
2015-10-13,24.00,24.50,25.48,23.23,405174,982190000,0.83,3.51,9.51,17.35
2015-10-14,24.24,24.75,25.95,23.62,372700,919760000,0.25,1.02,9.51,15.96
2015-10-15,24.17,25.60,26.20,23.92,325544,817520000,0.85,3.43,9.21,13.94
2015-10-16,25.45,26.03,26.49,24.88,342128,878820000,0.43,1.68,6.29,14.65
2015-10-19,25.40,26.48,27.57,24.87,359755,934180000,0.45,1.73,10.37,15.40
2015-10-20,26.55,26.55,27.50,25.56,286056,755830000,0.07,0.26,7.33,12.25
2015-10-21,26.80,23.90,27.12,23.90,267894,676490000,-2.65,-9.98,12.13,11.47
2015-10-22,23.90,24.90,25.40,23.26,264775,641550000,1.00,4.18,8.95,11.34
2015-10-23,25.10,27.39,27.39,24.38,309344,799400000,2.49,10.00,12.09,13.25
2015-10-26,28.60,29.57,30.13,27.51,517869,1504700000,2.18,7.96,9.57,22.18
2015-10-27,28.10,28.20,29.30,26.61,314501,867800000,-1.37,-4.63,9.10,13.47
2015-10-28,27.45,26.88,29.00,26.51,196639,546330000,-1.32,-4.68,8.83,8.42
2015-10-29,27.50,27.17,27.89,26.49,148475,403960000,0.29,1.08,5.21,6.36
2015-10-30,27.05,26.05,27.50,25.00,150237,396590000,-1.12,-4.12,9.20,6.43
2015-11-02,25.00,24.71,26.50,24.60,135296,344850000,-1.34,-5.14,7.29,5.79
2015-11-03,25.02,25.48,25.90,24.71,123813,314760000,0.77,3.12,4.82,5.30
2015-11-04,25.96,28.03,28.03,25.96,199861,549750000,2.55,10.01,8.12,8.56
2015-11-05,29.00,27.88,29.68,27.88,289005,831130000,-0.15,-0.54,6.42,12.38
2015-11-06,27.20,28.31,28.88,27.20,192074,544020000,0.43,1.54,6.03,8.22
2015-11-09,27.71,29.22,29.80,27.00,236860,680350000,0.91,3.21,9.89,10.14
2015-11-10,28.75,31.53,32.00,28.60,270222,827880000,2.31,7.91,11.64,11.57
2015-11-11,31.00,30.81,31.80,30.28,181455,559320000,-0.72,-2.28,4.82,7.77
2015-11-12,30.91,30.44,31.54,29.05,230332,702580000,-0.37,-1.20,8.08,9.86
2015-11-13,29.89,30.50,32.80,29.10,260245,805320000,0.06,0.20,12.16,11.14
2015-11-16,29.00,30.05,30.27,28.96,126314,375380000,-0.45,-1.48,4.30,5.41
2015-11-17,30.23,29.58,31.81,29.58,176612,543730000,-0.47,-1.56,7.42,7.56
2015-11-18,29.10,28.24,30.20,28.05,130324,377440000,-1.34,-4.53,7.27,5.58
2015-11-19,28.29,29.70,29.78,28.22,129241,374940000,1.46,5.17,5.52,5.53
2015-11-20,29.39,29.60,30.68,28.90,145595,432590000,-0.10,-0.34,5.99,6.23
2015-11-23,29.00,28.65,29.59,28.50,97235,281630000,-0.95,-3.21,3.68,4.16
2015-11-24,28.65,29.53,29.95,28.65,96353,283100000,0.88,3.07,4.54,4.13
2015-11-25,29.35,30.38,30.58,29.33,122210,369440000,0.85,2.88,4.23,5.23
2015-11-26,30.80,29.45,31.20,29.43,103461,310440000,-0.93,-3.06,5.83,4.43
2015-11-27,29.10,27.24,29.50,26.80,127382,359610000,-2.21,-7.50,9.17,5.45
2015-11-30,27.30,27.89,28.00,25.00,101064,271820000,0.65,2.39,11.01,4.33
2015-12-01,28.25,28.85,29.44,28.11,118312,342120000,0.96,3.44,4.77,5.07
2015-12-02,29.00,28.84,29.43,27.56,89868,258300000,-0.01,-0.03,6.48,3.85
2015-12-10,31.72,30.79,31.72,30.72,76193,239490000,1.95,6.76,3.47,3.26
2015-12-11,29.50,28.50,30.10,28.49,135840,396070000,-2.29,-7.44,5.23,5.82
2015-12-14,27.44,28.15,28.47,27.44,65370,182170000,-0.35,-1.23,3.61,2.80
2015-12-15,28.39,28.75,28.95,28.03,78208,222410000,0.60,2.13,3.27,3.35
2015-12-16,28.75,28.10,28.99,28.00,62092,176140000,-0.65,-2.26,3.44,2.66
2015-12-17,28.45,30.04,30.91,28.20,160995,479870000,1.94,6.90,9.64,6.89
2015-12-18,29.52,30.76,30.76,28.99,159487,478980000,0.72,2.40,5.89,6.83
2015-12-21,30.50,30.52,31.79,30.19,119316,369320000,-0.24,-0.78,5.20,5.11
2015-12-22,30.50,31.23,31.85,30.47,123608,384910000,0.71,2.33,4.52,5.29
2015-12-23,31.60,30.84,31.78,30.31,111801,344380000,-0.39,-1.25,4.71,4.79
2015-12-24,30.52,30.37,31.28,29.89,79466,242330000,-0.47,-1.52,4.51,3.40
2015-12-25,30.39,31.29,32.17,30.30,157041,493770000,0.92,3.03,6.16,6.72
2015-12-28,31.40,31.19,32.50,31.00,169933,539970000,-0.10,-0.32,4.79,7.28
2015-12-29,30.81,30.60,30.98,29.80,100411,303640000,-0.59,-1.89,3.78,4.30
2015-12-30,31.18,30.88,31.22,30.23,77470,238370000,0.28,0.92,3.24,3.32
2015-12-31,30.90,29.10,31.09,29.07,101784,304650000,-1.78,-5.76,6.54,4.36
2016-01-04,28.98,26.32,28.98,26.20,75481,207030000,-2.78,-9.55,9.55,3.23
2016-01-05,24.30,25.30,26.20,23.95,77800,194520000,-1.02,-3.88,8.55,3.33
2016-01-06,26.00,25.73,26.30,25.20,59521,152650000,0.43,1.70,4.35,2.55
2016-01-07,25.04,23.16,25.36,23.16,16143,39090000,-2.57,-9.99,8.55,0.69
2016-01-08,23.45,23.89,24.47,21.00,84373,198490000,0.73,3.15,14.98,3.61
2016-01-11,22.80,23.79,24.65,22.70,112763,270900000,-0.10,-0.42,8.16,4.83
2016-01-12,23.78,23.96,24.29,23.05,44570,105560000,0.17,0.71,5.21,1.91
2016-04-05,26.36,26.36,26.36,25.06,64260,168980000,2.40,10.02,5.43,2.79
2016-04-06,28.00,26.90,28.00,26.60,164429,448320000,0.54,2.05,5.31,7.15
2016-04-07,27.00,26.30,27.20,25.94,90703,241720000,-0.60,-2.23,4.68,3.94
2016-04-08,25.97,25.45,26.10,25.16,63445,162130000,-0.85,-3.23,3.57,2.76
2016-04-11,26.00,25.74,26.18,25.56,62301,160860000,0.29,1.14,2.44,2.71
2016-04-12,25.75,26.29,26.89,25.50,74807,196500000,0.55,2.14,5.40,3.25
2016-04-13,26.20,26.60,26.98,26.20,91628,244080000,0.31,1.18,2.97,3.98
2016-04-14,26.58,26.63,26.74,26.30,52784,139740000,0.03,0.11,1.65,2.29
2016-04-15,26.65,26.73,26.96,26.10,71153,189010000,0.10,0.38,3.23,3.09
2016-04-18,26.79,27.22,27.39,26.42,82411,223540000,0.49,1.83,3.63,3.58
2016-04-19,27.29,27.02,27.29,26.70,60407,163240000,-0.20,-0.73,2.17,2.63
2016-04-20,26.88,25.17,27.14,24.70,71167,184430000,-1.85,-6.85,9.03,3.09
2016-04-21,25.16,24.46,25.46,24.17,44952,112450000,-0.71,-2.82,5.13,1.95
2016-04-22,24.20,24.27,24.55,23.69,41223,99380000,-0.19,-0.78,3.52,1.79
2016-04-25,24.45,23.86,24.50,23.70,20997,50250000,-0.41,-1.69,3.30,0.91
2016-04-26,24.20,24.80,24.80,23.81,25579,61760000,0.94,3.94,4.15,1.11
2016-04-27,25.16,25.23,26.00,24.80,54553,138950000,0.43,1.73,4.84,2.37
2016-04-28,25.14,24.87,25.30,24.36,32809,81210000,-0.36,-1.43,3.73,1.43
2016-04-29,25.10,27.36,27.36,25.10,195034,526920000,2.49,10.01,9.09,8.48
2016-05-03,26.99,28.49,28.59,26.80,204633,565570000,1.13,4.13,6.54,8.89
2016-05-04,28.08,27.86,28.32,27.72,120510,337170000,-0.63,-2.21,2.11,5.24
2016-05-05,27.65,28.15,28.35,27.51,95459,267260000,0.29,1.04,3.02,4.15
2016-05-06,28.10,26.11,28.30,26.11,117133,319250000,-2.04,-7.25,7.78,5.09
2016-05-09,25.80,24.65,25.99,24.41,68752,173300000,-1.46,-5.59,6.05,2.99
2016-05-10,24.65,24.91,25.44,24.39,55981,139700000,0.26,1.05,4.26,2.43
2016-05-11,25.10,24.72,25.45,24.71,43686,109450000,-0.19,-0.76,2.97,1.90
2016-05-12,23.80,25.92,26.05,23.80,78817,199580000,1.20,4.85,9.10,3.43
2016-05-13,25.60,26.29,26.97,25.41,82843,219180000,0.37,1.43,6.02,3.60
2016-05-16,26.00,27.86,28.20,25.55,122152,332270000,1.57,5.97,10.08,5.31
2016-05-17,28.00,27.31,28.97,27.00,178089,504240000,-0.55,-1.97,7.07,7.74
2016-05-18,26.62,27.60,27.60,26.36,105025,283080000,0.29,1.06,4.54,4.56
2016-05-19,27.65,28.04,28.99,27.65,132981,378370000,0.44,1.59,4.86,5.78
2016-05-20,27.15,27.65,28.45,26.70,80481,223060000,-0.39,-1.39,6.24,3.50
2016-05-23,27.82,28.34,28.50,27.70,81668,229690000,0.69,2.50,2.89,3.55
2016-05-24,28.34,27.86,28.98,27.67,79394,224840000,-0.48,-1.69,4.62,3.45
2016-05-25,28.00,28.68,28.90,27.53,124939,354160000,0.82,2.94,4.92,5.43
2016-05-26,29.30,29.05,31.00,28.90,173654,512710000,0.37,1.29,7.32,7.55
2016-05-27,28.50,28.08,28.89,28.00,102730,291690000,-0.97,-3.34,3.06,4.47
2016-05-30,27.63,27.70,28.37,27.30,50968,142500000,-0.38,-1.35,3.81,2.22
2016-05-31,27.70,28.85,28.93,27.70,95489,272800000,1.15,4.15,4.44,4.15
2016-06-01,29.00,29.20,29.97,28.72,133430,391980000,0.35,1.21,4.33,5.80
2016-06-02,29.14,29.48,29.70,28.85,102743,301370000,0.28,0.96,2.91,4.47
2016-06-03,29.54,30.00,30.29,29.00,128560,380960000,0.52,1.76,4.38,5.59
2016-06-06,30.03,31.05,31.50,30.03,172537,532090000,1.05,3.50,4.90,7.50
2016-06-07,30.77,34.16,34.16,30.77,302109,1007250000,3.11,10.02,10.92,13.13
2016-06-08,34.22,34.66,35.45,33.20,314323,1075680000,0.50,1.46,6.59,13.66
2016-06-13,34.03,31.19,34.20,31.19,182042,598710000,-3.47,-10.01,8.68,7.91
2016-06-14,30.37,31.01,31.28,29.35,125728,383290000,-0.18,-0.58,6.19,5.46
2016-06-15,30.70,33.85,34.11,30.46,196023,653680000,2.84,9.16,11.77,8.52
2016-06-16,33.86,33.07,35.35,32.50,225398,769450000,-0.78,-2.30,8.42,9.80
2016-06-17,33.06,33.00,34.44,32.52,119257,396480000,-0.07,-0.21,5.81,5.18
2016-06-20,33.51,34.98,34.98,33.01,150836,514020000,1.98,6.00,5.97,6.56
2016-06-21,35.05,33.00,35.88,32.51,161595,551710000,-1.98,-5.66,9.63,7.02
2016-06-22,32.70,33.57,33.57,32.00,82352,270910000,0.57,1.73,4.76,3.58
2016-06-23,33.42,33.25,34.18,32.77,91443,305730000,-0.32,-0.95,4.20,3.97
2016-06-24,33.25,32.33,33.70,30.14,99263,320610000,-0.92,-2.77,10.71,4.31
2016-06-27,31.85,32.99,33.20,31.78,73425,238990000,0.66,2.04,4.39,3.19
2016-06-28,32.99,33.55,34.02,32.90,109871,368700000,0.56,1.70,3.40,4.78
2016-06-29,33.70,33.21,34.34,33.16,90463,305140000,-0.34,-1.01,3.52,3.93
2016-06-30,33.12,32.48,33.50,32.35,63787,209450000,-0.73,-2.20,3.46,2.77
2016-07-01,32.72,31.67,32.72,31.30,90206,286580000,-0.81,-2.49,4.37,3.92
2016-07-04,31.50,31.81,32.33,31.00,58191,185550000,0.14,0.44,4.20,2.53
2016-07-05,31.90,32.25,32.75,31.70,64933,208800000,0.44,1.38,3.30,2.82
2016-07-06,32.24,32.31,32.75,31.77,63892,207290000,0.06,0.19,3.04,2.78
2016-07-07,32.31,32.99,33.00,31.88,86491,281040000,0.68,2.10,3.47,3.76
2016-07-08,32.99,32.64,33.67,32.55,93242,309530000,-0.35,-1.06,3.40,4.05
2016-07-11,32.14,31.30,32.40,31.30,82679,262590000,-1.34,-4.11,3.37,3.59
2016-07-12,30.99,31.33,31.80,30.50,53514,165930000,0.03,0.10,4.15,2.33
2016-07-13,31.33,31.22,31.59,31.02,38392,119890000,-0.11,-0.35,1.82,1.67
2016-07-14,31.35,31.65,32.10,31.23,37824,119720000,0.43,1.38,2.79,1.64
2016-07-15,31.75,31.60,31.87,31.12,38435,121070000,-0.05,-0.16,2.37,1.67
2016-07-18,31.60,31.57,31.99,31.20,28599,90170000,-0.03,-0.09,2.50,1.24
2016-07-19,31.58,31.83,31.94,31.30,39243,124760000,0.26,0.82,2.03,1.71
2016-07-20,32.00,31.30,32.14,31.20,45349,142840000,-0.53,-1.67,2.95,1.97
2016-07-21,31.21,31.02,31.52,31.00,40105,125090000,-0.28,-0.89,1.66,1.74
2016-07-22,30.90,31.10,31.25,30.70,33898,104960000,0.08,0.26,1.77,1.47
2016-07-25,31.08,30.81,31.29,30.60,24255,75000000,-0.29,-0.93,2.22,1.05
2016-07-26,30.61,30.73,30.95,30.61,26722,82240000,-0.08,-0.26,1.10,1.16
2016-07-27,30.79,29.19,31.14,28.00,77222,226630000,-1.54,-5.01,10.22,3.36
2016-07-28,28.80,28.30,28.99,27.30,51399,144720000,-0.89,-3.05,5.79,2.23
2016-07-29,28.12,27.77,28.43,27.60,23831,66540000,-0.53,-1.87,2.93,1.04
2016-08-01,27.09,27.50,27.98,26.26,33768,91160000,-0.27,-0.97,6.19,1.47
2016-08-02,27.50,27.67,27.70,27.16,16292,44930000,0.17,0.62,1.96,0.71
2016-08-03,27.74,27.58,27.95,27.50,15785,43700000,-0.09,-0.33,1.63,0.69
2016-08-04,27.58,28.03,28.28,27.36,28805,80310000,0.45,1.63,3.34,1.25
2016-08-05,28.02,27.60,28.05,27.57,21283,58940000,-0.43,-1.53,1.71,0.93
2016-08-08,27.60,27.44,27.60,26.85,23561,64100000,-0.16,-0.58,2.72,1.02
2016-08-09,27.50,27.63,27.80,27.25,25008,68800000,0.19,0.69,2.00,1.09
2016-08-10,27.83,28.31,28.80,27.66,47384,134180000,0.68,2.46,4.13,2.06
2016-08-11,28.37,27.88,28.58,27.88,24824,69900000,-0.43,-1.52,2.47,1.08
2016-08-12,27.80,28.03,28.21,27.76,15426,43180000,0.15,0.54,1.61,0.67
2016-08-15,28.10,28.72,28.88,27.90,38212,109130000,0.69,2.46,3.50,1.66
2016-08-16,28.72,29.49,29.96,28.72,52346,154640000,0.77,2.68,4.32,2.28
2016-08-17,29.69,29.14,29.75,29.00,27868,81490000,-0.35,-1.19,2.54,1.21
2016-08-18,29.14,28.65,29.19,28.60,25354,73140000,-0.49,-1.68,2.02,1.10
2016-08-19,28.65,29.17,29.29,28.65,27786,80700000,0.52,1.82,2.23,1.21
2016-08-22,29.40,29.85,30.20,29.27,49658,148440000,0.68,2.33,3.19,2.16
2016-08-23,29.85,29.10,29.99,29.07,30484,89830000,-0.75,-2.51,3.08,1.32
2016-08-24,29.10,28.75,29.19,28.59,30711,88460000,-0.35,-1.20,2.06,1.33
2016-08-25,28.70,28.37,28.70,28.15,17425,49370000,-0.38,-1.32,1.91,0.76
2016-08-26,28.57,28.51,28.86,28.40,13973,40000000,0.14,0.49,1.62,0.61
2016-08-29,28.80,28.32,28.98,28.02,21694,61720000,-0.19,-0.67,3.37,0.93
2016-08-30,28.58,28.45,28.67,28.08,12801,36320000,0.13,0.46,2.08,0.55
2016-08-31,28.70,28.28,28.70,28.04,24717,69760000,-0.17,-0.60,2.32,1.06
2016-09-01,28.20,28.12,28.36,27.88,19958,56150000,-0.16,-0.57,1.70,0.85
2016-09-02,28.10,28.30,28.46,27.87,18244,51360000,0.18,0.64,2.10,0.78
2016-09-05,28.33,28.90,29.14,28.33,38293,110810000,0.60,2.12,2.86,1.64
2016-09-06,28.99,29.68,29.69,28.72,53670,157370000,0.78,2.70,3.36,2.30
2016-09-07,29.68,29.14,29.83,29.08,31392,92330000,-0.54,-1.82,2.53,1.34
2016-09-08,29.00,29.00,29.29,28.84,17820,51710000,-0.14,-0.48,1.54,0.76
2016-09-09,28.98,28.82,29.29,28.80,18556,53940000,-0.18,-0.62,1.69,0.79
2016-09-12,28.30,27.96,28.67,27.80,24288,68440000,-0.86,-2.98,3.02,1.04
2016-09-13,28.20,28.62,28.65,28.20,18362,52250000,0.66,2.36,1.61,0.79
2016-09-14,28.40,29.72,30.50,28.20,59328,174880000,1.10,3.84,8.04,2.54
2016-09-19,29.71,29.60,30.45,29.08,38107,112840000,-0.12,-0.40,4.61,1.63
2016-09-20,29.50,29.43,29.95,29.30,21251,62650000,-0.17,-0.57,2.20,0.91
2016-09-21,29.43,29.08,29.55,29.00,18279,53470000,-0.35,-1.19,1.87,0.78
2016-09-22,29.19,29.40,29.78,29.19,27159,80210000,0.32,1.10,2.03,1.16
2016-09-23,29.34,29.51,29.74,29.07,22073,65000000,0.11,0.37,2.28,0.95
2016-09-26,29.53,28.66,29.60,28.54,22038,64310000,-0.85,-2.88,3.59,0.94
2016-09-27,28.36,28.69,28.91,28.21,17510,49930000,0.03,0.10,2.44,0.75
2016-09-28,28.71,28.98,28.98,28.53,20058,57670000,0.29,1.01,1.57,0.86
2016-09-29,28.90,29.05,29.33,28.83,18673,54330000,0.07,0.24,1.73,0.80
2016-09-30,29.05,29.22,29.29,28.95,15813,46010000,0.17,0.59,1.17,0.68
2016-10-10,29.49,29.78,29.90,29.28,29288,86820000,0.56,1.92,2.12,1.25
2016-10-11,29.85,29.92,30.10,29.66,32195,96280000,0.14,0.47,1.48,1.38
2016-10-12,29.93,29.73,29.94,29.54,16706,49670000,-0.19,-0.64,1.34,0.72
2016-10-13,29.77,29.45,29.88,29.42,13655,40430000,-0.28,-0.94,1.55,0.58
2016-10-14,29.45,30.11,30.15,29.32,38801,115830000,0.66,2.24,2.82,1.66
2016-10-17,30.10,29.97,30.20,29.70,25960,77700000,-0.14,-0.47,1.66,1.11
2016-10-18,29.90,30.15,30.48,29.80,52459,157840000,0.18,0.60,2.27,2.25
2016-10-19,30.15,29.77,30.20,29.61,24569,73460000,-0.38,-1.26,1.96,1.05
2016-10-20,29.80,29.88,30.20,29.77,21018,62890000,0.11,0.37,1.44,0.90
2016-10-21,29.88,29.65,29.96,29.18,25709,75880000,-0.23,-0.77,2.61,1.10
2016-10-24,30.05,30.06,31.00,29.97,56121,170280000,0.41,1.38,3.47,2.40
2016-10-25,30.20,29.95,30.37,29.68,31564,94510000,-0.11,-0.37,2.30,1.35
2016-10-26,29.95,29.49,29.99,29.30,30809,91000000,-0.46,-1.54,2.30,1.32
2016-10-27,29.50,29.54,29.70,29.25,17658,52140000,0.05,0.17,1.53,0.76
2016-10-28,29.41,29.30,29.65,29.25,16009,47210000,-0.24,-0.81,1.35,0.69
2016-10-31,29.10,29.32,29.48,28.95,14856,43340000,0.02,0.07,1.81,0.64
2016-11-01,29.45,29.31,29.59,29.15,24388,71400000,-0.01,-0.03,1.50,1.04
2016-11-02,29.34,29.48,29.54,29.17,24477,71950000,0.17,0.58,1.26,1.05
2016-11-03,29.55,30.27,30.30,29.00,55014,164940000,0.79,2.68,4.41,2.36
2016-11-04,30.27,30.58,30.92,30.18,73055,223290000,0.31,1.02,2.44,3.13
2016-11-07,30.58,30.31,30.60,30.10,32302,98140000,-0.27,-0.88,1.64,1.38
2016-11-08,30.37,30.71,30.98,30.37,47342,145610000,0.40,1.32,2.01,2.03
2016-11-09,30.52,30.95,31.80,30.41,66352,207060000,0.24,0.78,4.53,2.84
2016-11-10,31.25,31.72,31.85,30.98,55136,174250000,0.77,2.49,2.81,2.36
2016-11-11,33.00,31.55,33.00,31.53,69032,221690000,-0.17,-0.54,4.63,2.96
2016-11-14,31.73,31.80,32.88,31.55,52476,168970000,0.25,0.79,4.22,2.25
2016-11-15,31.45,31.00,31.45,30.90,58160,180850000,-0.80,-2.52,1.73,2.49
2016-11-16,31.01,31.35,31.63,31.01,26891,84210000,0.35,1.13,2.00,1.15
2016-11-17,31.00,31.08,31.45,30.70,24757,76680000,-0.27,-0.86,2.39,1.06
2016-11-18,31.00,31.88,32.10,30.89,63880,202260000,0.80,2.57,3.89,2.74
2016-11-21,31.62,32.19,32.49,31.62,65090,209240000,0.31,0.97,2.73,2.79
2016-11-22,32.47,32.80,32.80,32.03,55879,181160000,0.61,1.90,2.39,2.39
2016-11-23,32.80,32.35,33.50,32.22,51356,169190000,-0.45,-1.37,3.90,2.20
2016-11-24,32.40,32.55,33.00,32.00,35194,114740000,0.20,0.62,3.09,1.51
2016-11-25,32.55,33.24,33.29,32.32,49869,164270000,0.69,2.12,2.98,2.14
2016-11-28,33.25,32.98,33.49,32.80,26784,88640000,-0.26,-0.78,2.08,1.15
2016-11-29,32.99,32.51,33.20,32.41,26203,85950000,-0.47,-1.43,2.40,1.12
2016-11-30,32.41,32.66,32.79,32.20,15791,51290000,0.15,0.46,1.81,0.68
2016-12-01,32.87,32.50,32.87,32.20,17226,56000000,-0.16,-0.49,2.05,0.74
2016-12-02,32.52,31.97,32.58,31.25,30008,95670000,-0.53,-1.63,4.09,1.28
2016-12-05,31.23,31.93,32.26,31.20,23892,76230000,-0.04,-0.13,3.32,1.02
2016-12-06,31.83,33.08,33.31,31.51,45750,150170000,1.15,3.60,5.64,1.96
2016-12-07,33.08,33.20,33.33,32.77,28629,94660000,0.12,0.36,1.69,1.23
2016-12-08,33.25,32.96,33.51,32.80,30192,100070000,-0.24,-0.72,2.14,1.29
2016-12-09,32.80,32.84,33.15,32.76,18947,62440000,-0.12,-0.36,1.18,0.81
2016-12-12,32.84,30.20,33.03,29.60,41759,131230000,-2.64,-8.04,10.44,1.79
2016-12-13,29.90,31.15,31.35,29.65,22270,68010000,0.95,3.15,5.63,0.95
2016-12-14,31.12,31.27,31.57,30.91,22829,71530000,0.12,0.39,2.12,0.98
2016-12-15,30.71,31.33,31.83,30.71,18020,56510000,0.06,0.19,3.58,0.77
2016-12-16,31.33,32.15,32.35,31.33,18295,58610000,0.82,2.62,3.26,0.78
2016-12-19,32.91,32.08,32.98,31.72,16756,53950000,-0.07,-0.22,3.92,0.72
2016-12-20,31.92,32.08,32.43,31.85,15304,49220000,0.00,0.00,1.81,0.66
2016-12-21,32.17,32.41,32.62,32.00,21310,68960000,0.33,1.03,1.93,0.91
2016-12-22,32.30,32.90,32.92,32.22,27822,90990000,0.49,1.51,2.16,1.19
2016-12-23,32.89,32.91,33.33,32.22,38839,127690000,0.01,0.03,3.37,1.66
2016-12-26,32.92,33.38,33.50,32.48,45822,151890000,0.47,1.43,3.10,1.96
2016-12-27,33.50,33.25,33.86,33.03,25819,86360000,-0.13,-0.39,2.49,1.11
2016-12-28,32.92,32.96,33.60,32.92,27128,90200000,-0.29,-0.87,2.05,1.16
2016-12-29,32.81,32.73,33.13,32.40,40535,133040000,-0.23,-0.70,2.21,1.74
2016-12-30,32.60,32.58,32.97,32.48,14769,48360000,-0.15,-0.46,1.50,0.63
2017-01-03,32.59,33.00,33.15,32.59,16267,53570000,0.42,1.29,1.72,0.70
2017-01-04,33.01,33.40,33.48,32.50,35819,118850000,0.40,1.21,2.97,1.53
2017-01-05,33.50,32.99,33.60,32.30,54604,178960000,-0.41,-1.23,3.89,2.34
2017-01-06,32.75,33.71,33.74,32.55,56177,187130000,0.72,2.18,3.61,2.41
2017-01-09,33.80,33.83,34.28,33.48,41060,139120000,0.12,0.36,2.37,1.76
2017-01-10,34.00,32.96,34.00,32.88,28531,95080000,-0.87,-2.57,3.31,1.22
2017-01-11,33.00,33.10,33.15,32.50,20289,66490000,0.14,0.42,1.97,0.87
2017-01-12,33.20,32.97,33.70,32.64,23246,76750000,-0.13,-0.39,3.20,1.00
2017-01-13,32.82,32.39,33.15,32.06,19760,64320000,-0.58,-1.76,3.31,0.85
2017-01-16,32.16,31.22,32.35,29.15,32783,100360000,-1.17,-3.61,9.88,1.40
2017-01-17,30.99,30.98,31.09,30.20,14281,43960000,-0.24,-0.77,2.85,0.61
2017-01-18,30.97,30.58,31.14,30.40,15722,48390000,-0.40,-1.29,2.39,0.67
2017-01-19,30.59,30.60,30.95,30.50,10367,31870000,0.02,0.07,1.47,0.44
2017-01-20,30.60,31.00,31.12,30.51,11489,35530000,0.40,1.31,1.99,0.49
2017-01-23,31.00,31.18,31.47,30.98,17728,55330000,0.18,0.58,1.58,0.76
2017-01-24,31.28,30.97,31.28,30.60,7666,23610000,-0.21,-0.67,2.18,0.33
2017-01-25,30.88,31.10,31.20,30.70,6273,19450000,0.13,0.42,1.61,0.27
2017-01-26,31.10,31.28,31.29,30.72,8639,26840000,0.18,0.58,1.83,0.37
2017-02-03,31.28,31.38,31.50,30.96,6745,21110000,0.10,0.32,1.73,0.29
2017-02-06,31.35,31.64,31.67,31.20,7711,24280000,0.26,0.83,1.50,0.33
2017-02-07,31.39,31.34,31.66,31.10,7623,23886800,-0.30,-0.95,1.77,0.37
2017-02-08,31.33,31.42,31.50,30.90,9569,29861800,0.08,0.26,1.914,0.46
2017-02-09,31.50,32.38,32.99,31.40,25914,83828900,0.96,3.06,5.06,1.24
2017-02-10,32.06,31.80,32.42,29.15,18689,59621300,-0.58,-1.79,10.099,0.90
2017-02-13,32.00,31.78,32.00,31.58,10395,33051000,-0.02,-0.06,1.321,0.50
2017-02-14,31.70,31.34,31.70,31.26,13820,43334600,-0.44,-1.38,1.385,0.66
2017-02-15,31.29,31.57,32.10,31.00,25171,79695800,0.23,0.73,3.51,1.21
2017-02-16,31.68,31.35,31.68,31.29,19815,62280500,-0.22,-0.70,1.235,0.95
2017-02-17,31.49,31.20,31.55,31.01,32174,100825100,-0.15,-0.48,1.722,1.54
2017-02-20,31.35,31.77,31.80,30.91,51741,162877900,0.57,1.83,2.853,2.48
2017-02-21,31.62,31.29,31.95,31.13,57758,181260100,-0.48,-1.51,2.58,2.77
2017-02-22,31.28,31.28,31.44,31.02,33975,106232700,-0.01,-0.03,1.34,1.63
2017-02-23,31.20,31.00,31.28,30.82,16884,52460600,-0.28,-0.90,1.47,0.81
2017-02-24,31.09,31.26,31.29,30.97,25343,79029500,0.26,0.84,1.03,1.22
2017-02-27,31.19,31.30,31.35,30.85,14378,44819400,0.04,0.13,1.60,0.69
2017-02-28,31.08,31.90,32.42,31.00,38032,121316200,0.60,1.92,4.54,1.77
2017-03-01,31.21,31.86,32.16,31.21,34029,108697400,-0.04,-0.13,2.98,1.58
2017-03-02,31.86,31.90,32.25,31.59,40637,130138100,0.04,0.13,2.07,1.89
2017-03-03,31.85,33.20,33.30,31.71,56702,185169900,1.30,4.08,4.98,2.63
2017-03-06,33.10,33.30,33.39,32.76,48026,158920100,0.10,0.30,1.90,2.23
2017-03-07,33.10,33.00,33.45,32.81,19910,65731800,-0.30,-0.90,1.92,0.93
2017-03-08,33.10,33.12,33.25,32.80,34217,113004000,0.12,0.36,1.36,1.59
2017-03-09,33.25,32.81,33.25,32.45,17564,57508900,-0.31,-0.94,2.42,0.82
2017-03-10,32.70,32.85,33.16,32.33,28121,92350700,0.04,0.12,2.53,1.31
2017-03-13,32.83,33.23,33.45,32.38,32125,106143600,0.38,1.16,3.26,1.49
2017-03-14,33.40,33.18,33.40,32.85,18823,62211300,-0.05,-0.15,1.66,0.87
2017-03-15,33.28,32.60,33.28,32.50,16862,55139200,-0.58,-1.75,2.35,0.78
2017-03-16,32.70,33.18,33.29,32.63,55967,184632569,0.58,1.78,2.02,2.60
2017-03-17,33.00,33.98,34.29,32.92,74249,251411088,0.80,2.41,4.13,3.45
2017-03-20,34.34,35.00,35.32,33.76,82138,285623998,1.02,3.00,4.59,3.82
2017-03-21,35.29,34.95,35.30,34.62,43347,151354619,-0.05,-0.14,1.94,2.01
2017-03-22,34.78,34.72,34.94,34.46,31866,110361300,-0.23,-0.66,1.37,1.48
2017-03-23,35.00,34.50,35.24,33.98,33762,116906322,-0.22,-0.63,3.63,1.57
2017-03-24,34.55,34.50,35.20,34.34,31016,107723899,0.00,0.00,2.49,1.44
2017-03-27,35.04,35.00,35.19,34.50,43217,150969136,0.50,1.45,2.00,2.01
2017-03-28,35.12,34.23,35.12,34.06,37068,127215788,-0.77,-2.20,3.03,1.72
2017-03-29,34.15,34.40,34.96,33.90,36638,126637543,0.17,0.50,3.10,1.70
2017-03-30,34.10,33.79,34.51,33.70,37162,126997701,-0.61,-1.77,2.35,1.73
2017-03-31,33.00,32.52,33.34,31.80,55746,180664997,-1.27,-3.76,4.56,2.59
2017-04-05,32.78,33.45,33.60,32.41,25925,85776565,0.93,2.86,3.66,1.21
2017-04-06,34.03,33.75,34.11,33.17,23580,79370029,0.30,0.90,2.81,1.10
2017-04-07,33.75,34.82,34.90,33.43,39885,137509986,1.07,3.17,4.36,1.85
2017-04-10,34.98,33.88,34.98,33.52,39596,134529434,-0.94,-2.70,4.19,1.84
2017-04-11,33.55,33.75,33.88,32.68,30461,101102295,-0.13,-0.38,3.54,1.42
2017-04-12,33.42,32.93,33.64,32.80,17819,58998419,-0.82,-2.43,2.49,0.83
2017-04-13,32.95,33.11,33.56,32.76,18831,62746990,0.18,0.55,2.43,0.88
2017-04-14,33.36,32.70,33.51,32.50,15734,51562261,-0.41,-1.24,3.05,0.73
2017-04-17,32.70,32.33,32.70,31.90,14616,47105760,-0.37,-1.13,2.45,0.68
2017-04-18,32.34,31.85,32.80,31.68,13425,42920239,-0.48,-1.48,3.46,0.62
2017-04-19,31.90,31.88,32.10,30.52,24683,76974571,0.03,0.09,4.96,1.15
