日期,开盘,收盘,最高,最低,交易量(手),交易金额(元),涨跌额,涨跌幅(%),振幅(%),换手率(%)
2015-06-29,22.03,24.38,24.38,22.03,269,660000,7.45,44.00,13.88,0.09
2015-06-30,26.82,26.82,26.82,26.82,159,430000,2.44,10.01,0.00,0.05
2015-07-01,29.50,29.50,29.50,29.50,100,290000,2.68,9.99,0.00,0.03
2015-07-02,32.45,32.45,32.45,32.45,389,1260000,2.95,10.00,0.00,0.13
2015-07-03,35.70,35.70,35.70,32.45,112320,392160000,3.25,10.02,10.02,37.44
2015-07-06,39.27,39.27,39.27,38.00,133130,521070000,3.57,10.00,3.56,44.38
2015-07-07,35.34,35.34,35.34,35.34,7078,25010000,-3.93,-10.01,0.00,2.36
2015-07-08,31.81,31.81,31.81,31.81,1076,3420000,-3.53,-9.99,0.00,0.36
2015-07-09,28.63,34.99,34.99,28.63,125744,398060000,3.18,10.00,19.99,41.91
2015-07-10,37.88,38.49,38.49,36.75,29250,111150000,3.50,10.00,4.97,9.75
2015-07-13,42.18,42.34,42.34,40.72,75767,319670000,3.85,10.00,4.21,25.26
2015-07-14,43.60,46.57,46.57,42.40,107197,492400000,4.23,9.99,9.85,35.73
2015-07-15,47.00,41.91,47.00,41.91,35802,158430000,-4.66,-10.01,10.93,11.93
2015-07-16,37.72,40.60,43.00,37.72,128656,507560000,-1.31,-3.13,12.60,42.89
2015-07-17,40.60,42.21,44.00,38.56,94208,390360000,1.61,3.97,13.40,31.40
2015-07-20,41.94,38.95,42.29,38.78,92928,374600000,-3.26,-7.72,8.32,30.98
2015-07-21,37.86,39.40,40.00,36.22,72061,277710000,0.45,1.16,9.70,24.02
2015-07-22,39.00,38.82,40.80,38.03,65396,258960000,-0.58,-1.47,7.03,21.80
2015-07-23,38.73,42.70,42.70,38.55,56656,231060000,3.88,9.99,10.69,18.89
2015-07-24,44.00,42.50,46.67,40.89,122799,548620000,-0.20,-0.47,13.54,40.93
2015-07-27,40.11,38.25,44.30,38.25,93719,392990000,-4.25,-10.00,14.24,31.24
2015-07-28,36.08,37.13,39.83,34.43,78427,287820000,-1.12,-2.93,14.12,26.14
2015-07-29,37.94,40.84,40.84,35.10,69723,264430000,3.71,9.99,15.46,23.24
2015-07-30,41.50,42.85,44.92,40.68,125176,546680000,2.01,4.92,10.38,41.73
2015-07-31,41.61,47.14,47.14,41.30,138906,628920000,4.29,10.01,13.63,46.30
2015-08-03,47.47,51.85,51.85,46.30,137345,679700000,4.71,9.99,11.77,45.78
2015-08-04,53.44,46.67,54.67,46.67,145290,706420000,-5.18,-9.99,15.43,48.43
2015-08-05,44.34,48.80,51.00,43.88,112828,539160000,2.13,4.56,15.26,37.61
2015-08-06,46.57,45.32,48.66,43.92,80964,370590000,-3.48,-7.13,9.71,26.99
2015-08-07,44.45,45.80,47.37,44.38,69254,316260000,0.48,1.06,6.60,23.08
2015-08-10,46.20,47.40,48.00,45.11,71968,337860000,1.60,3.49,6.31,23.99
2015-08-11,47.10,49.95,51.97,46.78,81762,404150000,2.55,5.38,10.95,27.25
2015-08-12,49.18,46.31,49.67,45.83,67928,324440000,-3.64,-7.29,7.69,22.64
2015-08-13,45.18,46.75,47.19,44.58,45383,208190000,0.44,0.95,5.64,15.13
2015-08-14,47.20,46.52,47.92,45.83,48457,226320000,-0.23,-0.49,4.47,16.15
2015-08-17,45.81,44.48,46.43,44.20,38218,171500000,-2.04,-4.39,4.79,12.74
2015-08-18,44.02,40.05,46.50,40.03,57580,250750000,-4.43,-9.96,14.55,19.19
2015-08-19,39.00,41.18,42.00,36.89,50197,198600000,1.13,2.82,12.76,16.73
2015-08-20,40.87,38.20,40.87,38.20,33266,131920000,-2.98,-7.24,6.48,11.09
2015-08-21,37.15,36.10,38.51,36.01,32098,119750000,-2.10,-5.50,6.54,10.70
2015-08-24,34.55,32.49,34.99,32.49,34863,116140000,-3.61,-10.00,6.93,11.62
2015-08-25,29.55,31.00,34.80,29.39,58422,184690000,-1.49,-4.59,16.65,19.47
2015-08-26,32.18,33.99,34.10,31.62,70045,232380000,2.99,9.65,8.00,23.35
2015-08-27,34.11,34.97,35.68,32.01,69189,235290000,0.98,2.88,10.80,23.06
2015-08-28,34.80,36.08,36.94,33.61,66445,231890000,1.11,3.17,9.52,22.15
2015-08-31,35.00,32.47,35.48,32.47,37050,125520000,-3.61,-10.01,8.34,12.35
2015-09-01,31.50,29.22,31.50,29.22,36891,111350000,-3.25,-10.01,7.02,12.30
2015-09-02,27.89,28.41,31.23,27.05,36500,107410000,-0.81,-2.77,14.31,12.17
2015-09-07,29.34,29.18,30.50,28.50,28797,85400000,0.77,2.71,7.04,9.60
2015-09-08,29.18,32.10,32.10,29.00,43805,135570000,2.92,10.01,10.62,14.60
2015-09-09,32.10,33.08,33.76,31.88,51911,171170000,0.98,3.05,5.86,17.30
2015-09-10,32.18,31.31,32.80,31.29,31028,99180000,-1.77,-5.35,4.56,10.34
2015-09-11,31.20,31.75,32.18,31.00,21060,66790000,0.44,1.41,3.77,7.02
2015-09-14,31.76,28.58,31.94,28.58,29134,86890000,-3.17,-9.98,10.58,9.71
2015-09-15,27.65,28.00,29.33,27.50,26937,76240000,-0.58,-2.03,6.40,8.98
2015-09-16,28.27,30.80,30.80,28.27,37237,109920000,2.80,10.00,9.04,12.41
2015-09-17,30.25,29.66,31.68,29.66,44251,135370000,-1.14,-3.70,6.56,14.75
2015-09-18,29.82,29.80,30.17,29.10,25123,74360000,0.14,0.47,3.61,8.37
2015-09-21,29.40,31.12,31.14,29.16,31571,96130000,1.32,4.43,6.64,10.52
2015-09-22,31.49,31.37,31.89,30.73,36612,114660000,0.25,0.80,3.73,12.20
2015-09-23,30.70,31.96,32.59,30.53,40180,127790000,0.59,1.88,6.57,13.39
2015-09-24,32.00,32.03,32.65,31.51,32890,105480000,0.07,0.22,3.57,10.96
2015-09-25,31.54,29.86,32.10,29.56,25837,79100000,-2.17,-6.77,7.93,8.61
2015-09-28,30.04,31.35,31.36,29.90,20397,62750000,1.49,4.99,4.89,6.80
2015-09-29,30.68,31.12,31.59,30.60,16336,50660000,-0.23,-0.73,3.16,5.45
2015-09-30,31.40,30.99,31.80,30.75,16987,53070000,-0.13,-0.42,3.37,5.66
2015-10-08,32.15,32.48,32.94,31.56,26840,86630000,1.49,4.81,4.45,8.95
2015-10-09,32.45,32.82,32.99,32.02,27365,89470000,0.34,1.05,2.99,9.12
2015-10-12,33.29,34.53,34.97,33.01,36406,123660000,1.71,5.21,5.97,12.14
2015-10-13,34.05,34.92,35.36,33.99,32360,111910000,0.39,1.13,3.97,10.79
2015-10-14,34.51,34.40,35.60,34.02,33168,115750000,-0.52,-1.49,4.52,11.06
2015-10-15,34.26,35.94,36.18,34.05,39861,140930000,1.54,4.48,6.19,13.29
2015-10-16,36.72,35.82,36.88,35.20,41363,148310000,-0.12,-0.33,4.67,13.79
2015-10-19,35.71,35.04,36.28,34.67,29633,105220000,-0.78,-2.18,4.49,9.88
2015-10-20,35.10,36.00,36.00,35.03,29409,104750000,0.96,2.74,2.77,9.80
2015-10-21,36.04,33.05,36.35,32.81,40481,141060000,-2.95,-8.19,9.83,13.49
2015-10-22,33.33,34.31,34.49,33.05,24044,81290000,1.26,3.81,4.36,8.01
2015-10-23,34.69,35.58,35.76,34.41,26935,94450000,1.27,3.70,3.93,8.98
2015-10-26,37.26,39.14,39.14,37.16,56851,219240000,3.56,10.01,5.56,18.95
2015-10-27,38.77,38.44,39.16,35.89,75470,283630000,-0.70,-1.79,8.35,25.16
2015-10-28,37.55,37.43,39.48,37.37,50986,195060000,-1.01,-2.63,5.49,17.00
2015-10-29,37.90,38.29,39.30,37.15,42200,161020000,0.86,2.30,5.74,14.07
2015-10-30,37.80,37.75,38.57,36.50,35723,134760000,-0.54,-1.41,5.41,11.91
2015-11-02,36.68,38.60,40.58,36.58,54970,215850000,0.85,2.25,10.60,18.32
2015-11-03,38.60,40.45,40.45,38.57,57295,228320000,1.85,4.79,4.87,19.10
2015-11-04,40.75,41.75,42.18,40.00,64114,262570000,1.30,3.21,5.39,21.37
2015-11-05,41.65,42.35,43.33,41.17,58824,248160000,0.60,1.44,5.17,19.61
2015-11-06,42.40,46.28,46.59,41.93,62707,277150000,3.93,9.28,11.00,20.90
2015-11-09,45.51,47.36,49.89,44.80,69088,323810000,1.08,2.33,11.00,23.03
2015-11-10,46.40,49.67,50.66,46.00,59338,287050000,2.31,4.88,9.84,19.78
2015-11-11,49.30,54.64,54.64,48.58,77082,407310000,4.97,10.01,12.20,25.69
2015-11-12,55.00,56.70,59.50,53.90,81783,459510000,2.06,3.77,10.25,27.26
2015-11-13,55.08,51.03,56.18,51.03,74876,396940000,-5.67,-10.00,9.08,24.96
2015-11-16,49.00,54.18,54.67,48.80,54307,284520000,3.15,6.17,11.50,18.10
2015-11-17,54.18,56.29,59.00,54.10,80029,451680000,2.11,3.89,9.04,26.68
2015-11-18,55.50,53.68,57.59,51.37,58385,314190000,-2.61,-4.64,11.05,19.46
2015-11-19,53.50,59.05,59.05,53.50,80781,459150000,5.37,10.00,10.34,26.93
2015-11-20,60.83,61.37,64.50,59.13,81767,503570000,2.32,3.93,9.09,27.26
2015-11-23,60.02,56.54,61.36,55.33,72038,420410000,-4.83,-7.87,9.83,24.01
2015-11-24,56.45,60.44,61.00,55.03,59093,344570000,3.90,6.90,10.56,19.70
2015-11-25,59.57,58.72,60.31,58.00,54136,318510000,-1.72,-2.85,3.82,18.05
2015-11-26,58.99,59.49,64.59,58.50,66470,408870000,0.77,1.31,10.37,22.16
2015-11-27,57.98,56.50,59.49,55.75,50097,286080000,-2.99,-5.03,6.29,16.70
2015-11-30,57.20,60.27,60.89,55.58,48957,285550000,3.77,6.67,9.40,16.32
2015-12-01,59.15,58.34,60.21,55.78,42336,246950000,-1.93,-3.20,7.35,14.11
2015-12-02,57.60,56.09,57.80,53.51,25221,141010000,-2.25,-3.86,7.35,8.41
2015-12-03,56.50,57.84,59.37,56.44,26549,153940000,1.75,3.12,5.22,8.85
2015-12-04,57.61,56.95,58.78,56.25,28209,162150000,-0.89,-1.54,4.37,9.40
2015-12-07,56.93,56.50,57.60,55.60,22044,124200000,-0.45,-0.79,3.51,7.35
2015-12-08,56.25,56.26,57.97,55.82,28883,164470000,-0.24,-0.42,3.81,9.63
2015-12-09,56.00,53.88,56.25,52.59,38730,208870000,-2.38,-4.23,6.51,12.91
2015-12-10,53.60,52.63,54.70,52.59,22930,123010000,-1.25,-2.32,3.92,7.64
2015-12-11,52.48,51.75,52.78,50.38,25756,132370000,-0.88,-1.67,4.56,8.59
2015-12-14,50.75,53.28,53.35,50.66,19128,99390000,1.53,2.96,5.20,6.38
2015-12-15,53.04,53.17,53.98,52.71,17458,93020000,-0.11,-0.21,2.38,5.82
2015-12-16,53.55,53.97,54.85,53.17,21208,114890000,0.80,1.50,3.16,7.07
2015-12-17,54.35,56.73,57.00,54.35,30958,172050000,2.76,5.11,4.91,10.32
2015-12-18,56.74,55.01,57.10,54.67,22346,124270000,-1.72,-3.03,4.28,7.45
2015-12-21,54.50,55.30,55.45,53.75,15874,86480000,0.29,0.53,3.09,5.29
2015-12-22,55.08,56.08,56.89,54.81,20017,111630000,0.78,1.41,3.76,6.67
2015-12-23,55.96,57.06,59.73,55.96,35652,206950000,0.98,1.75,6.72,11.88
2015-12-24,56.44,59.18,59.50,56.11,33228,194460000,2.12,3.72,5.94,11.08
2015-12-25,59.78,58.15,60.98,57.15,32795,193540000,-1.03,-1.74,6.47,10.93
2015-12-28,58.06,55.19,58.06,54.73,28720,162150000,-2.96,-5.09,5.73,9.57
2015-12-29,54.64,55.70,55.87,54.64,13396,74100000,0.51,0.92,2.23,4.47
2015-12-30,55.99,56.48,56.96,54.04,18352,101500000,0.78,1.40,5.24,6.12
2015-12-31,56.05,54.80,56.48,53.50,12671,69910000,-1.68,-2.97,5.28,4.22
2016-01-04,54.00,49.32,54.75,49.32,12057,62060000,-5.48,-10.00,9.91,4.02
2016-01-05,47.29,47.12,49.78,44.58,21470,101950000,-2.20,-4.46,10.54,7.16
2016-01-06,47.78,48.60,48.88,47.10,18901,91070000,1.48,3.14,3.78,6.30
2016-01-07,47.50,43.74,47.50,43.74,5683,25640000,-4.86,-10.00,7.74,1.89
2016-01-08,44.86,43.84,45.27,40.22,23020,101470000,0.10,0.23,11.55,7.67
2016-01-11,42.52,39.46,43.18,39.46,18464,75880000,-4.38,-9.99,8.49,6.15
2016-01-12,39.86,39.51,40.48,38.41,17125,67510000,0.05,0.13,5.25,5.71
2016-01-13,39.66,37.80,40.40,37.75,15059,59350000,-1.71,-4.33,6.71,5.02
2016-01-14,36.53,40.00,40.16,36.08,17166,66370000,2.20,5.82,10.79,5.72
2016-01-15,39.70,38.45,41.15,38.18,17621,69940000,-1.55,-3.88,7.43,5.87
2016-01-18,37.01,39.54,40.18,36.88,14703,57660000,1.09,2.83,8.58,4.90
2016-01-19,39.37,41.20,41.30,39.10,17211,69540000,1.66,4.20,5.56,5.74
2016-01-20,40.88,40.71,41.88,40.18,17690,72570000,-0.49,-1.19,4.13,5.90
2016-01-21,40.12,39.00,41.50,39.00,15536,62690000,-1.71,-4.20,6.14,5.18
2016-01-22,39.45,40.30,40.50,38.50,16141,63970000,1.30,3.33,5.13,5.38
2016-01-25,41.01,40.61,41.48,40.20,12740,52140000,0.31,0.77,3.18,4.25
2016-01-26,39.27,36.55,40.18,36.55,15842,60520000,-4.06,-10.00,8.94,5.28
2016-01-27,37.00,36.39,37.00,34.00,15978,56640000,-0.16,-0.44,8.21,5.33
2016-01-28,35.85,33.96,36.38,33.79,12972,45670000,-2.43,-6.68,7.12,4.32
2016-01-29,33.53,35.70,36.37,33.53,13617,47850000,1.74,5.12,8.36,4.54
2016-02-01,35.50,35.30,36.29,34.88,11401,40650000,-0.40,-1.12,3.95,3.80
2016-02-02,35.45,36.71,37.17,35.30,12534,45840000,1.41,3.99,5.30,4.18
2016-02-03,36.10,36.62,36.87,35.70,9547,34600000,-0.09,-0.25,3.19,3.18
2016-02-04,37.00,38.44,38.50,36.65,15682,59500000,1.82,4.97,5.05,5.23
2016-02-05,38.44,37.92,39.27,37.88,12386,47770000,-0.52,-1.35,3.62,4.13
2016-02-15,35.90,37.45,37.92,35.61,10156,37440000,-0.47,-1.24,6.09,3.39
2016-02-16,37.73,39.20,39.48,37.73,13430,52210000,1.75,4.67,4.67,4.48
2016-02-17,39.20,40.11,40.39,39.01,18194,72290000,0.91,2.32,3.52,6.06
2016-02-18,40.26,39.81,41.07,39.60,19374,78130000,-0.30,-0.75,3.66,6.46
2016-02-19,39.66,41.28,41.55,39.66,22440,91330000,1.47,3.69,4.75,7.48
2016-02-22,41.82,42.03,42.65,41.57,16739,70510000,0.75,1.82,2.62,5.58
2016-02-23,42.24,41.26,42.28,40.33,16621,68840000,-0.77,-1.83,4.64,5.54
2016-02-24,40.98,40.40,41.39,39.15,13841,55680000,-0.86,-2.08,5.43,4.61
2016-02-25,40.21,36.36,40.33,36.36,17320,65780000,-4.04,-10.00,9.83,5.77
2016-02-26,37.00,36.47,37.32,35.87,12475,45710000,0.11,0.30,3.99,4.16
2016-02-29,36.50,33.45,36.50,33.03,14838,50590000,-3.02,-8.28,9.51,4.95
2016-03-01,33.90,34.84,35.08,33.38,10838,37110000,1.39,4.16,5.08,3.61
2016-03-02,34.91,37.21,37.21,34.85,15303,54880000,2.37,6.80,6.77,5.10
2016-03-03,37.16,36.75,38.18,36.68,13648,50890000,-0.46,-1.24,4.03,4.55
2016-03-04,36.51,35.08,36.75,34.11,12796,45590000,-1.67,-4.54,7.18,4.27
2016-03-07,37.50,38.59,38.59,36.84,32375,124490000,3.51,10.01,4.99,10.79
2016-03-08,38.44,40.16,40.57,37.37,50073,196040000,1.57,4.07,8.29,16.69
2016-03-09,38.81,38.31,39.00,37.57,24342,93270000,-1.85,-4.61,3.56,8.11
2016-03-10,38.30,36.97,38.60,36.90,15778,59260000,-1.34,-3.50,4.44,5.26
2016-03-11,36.98,36.69,37.24,35.80,12812,46850000,-0.28,-0.76,3.90,4.27
2016-03-14,37.35,38.51,39.12,37.16,21622,83220000,1.82,4.96,5.34,7.21
2016-03-15,38.45,38.00,38.75,37.88,14333,54850000,-0.51,-1.32,2.26,4.78
2016-03-16,38.50,37.07,38.89,36.81,14222,53470000,-0.93,-2.45,5.47,4.74
2016-03-17,37.44,38.57,38.83,37.01,19013,72370000,1.50,4.05,4.91,6.34
2016-03-18,38.70,40.21,40.40,38.60,29103,115290000,1.64,4.25,4.67,9.70
2016-03-21,40.86,40.90,40.95,40.10,25884,104780000,0.69,1.72,2.11,8.63
2016-03-22,40.65,40.45,40.85,40.01,18791,76060000,-0.45,-1.10,2.05,6.26
2016-03-23,40.91,43.22,43.98,40.90,37468,160280000,2.77,6.85,7.61,12.49
2016-03-24,42.57,44.15,45.65,42.03,41964,184060000,0.93,2.15,8.38,13.99
2016-03-25,43.62,43.43,44.85,42.60,23502,102760000,-0.72,-1.63,5.10,7.83
2016-03-28,43.57,43.28,45.12,42.88,21236,93880000,-0.15,-0.35,5.16,7.08
2016-03-29,43.01,41.68,43.25,41.01,21468,89850000,-1.60,-3.70,5.18,7.16
2016-03-30,41.98,44.53,44.54,41.88,23542,101630000,2.85,6.84,6.38,7.85
2016-03-31,44.90,45.00,46.68,44.85,30062,137650000,0.47,1.06,4.11,10.02
2016-04-01,44.63,47.99,48.91,44.61,38944,181260000,2.99,6.64,9.56,12.98
2016-04-05,47.90,49.18,50.10,46.64,32918,159130000,1.19,2.48,7.21,10.97
2016-04-06,48.80,49.50,50.84,48.39,29139,144160000,0.32,0.65,4.98,9.71
2016-04-07,49.70,48.15,49.70,48.15,21881,106550000,-1.35,-2.73,3.13,7.29
2016-04-08,48.36,49.50,50.99,47.00,34183,169320000,1.35,2.80,8.29,11.39
2016-04-11,49.60,52.36,52.49,49.60,30015,154330000,2.86,5.78,5.84,10.01
2016-04-12,52.30,50.24,52.43,49.37,27389,139200000,-2.12,-4.05,5.84,9.13
2016-04-13,50.80,50.10,51.25,49.21,36774,184090000,-0.14,-0.28,4.06,12.26
2016-04-14,49.97,52.35,52.72,49.50,39925,204890000,2.25,4.49,6.43,13.31
2016-04-15,50.78,48.13,50.89,47.77,61950,305480000,-4.22,-8.06,5.96,20.65
2016-04-18,47.81,47.00,47.81,46.55,23199,108830000,-1.13,-2.35,2.62,7.73
2016-04-19,47.47,47.42,48.00,47.09,17235,81930000,0.42,0.89,1.94,5.75
2016-04-20,47.60,44.14,47.87,42.90,27719,125080000,-3.28,-6.92,10.48,9.24
2016-04-21,43.81,44.08,44.69,43.80,15655,69350000,-0.06,-0.14,2.02,5.22
2016-04-22,44.10,44.95,45.11,43.26,16250,72160000,0.87,1.97,4.20,5.42
2016-04-25,44.65,44.50,44.80,43.52,12238,54100000,-0.45,-1.00,2.85,4.08
2016-04-26,44.33,45.18,45.18,44.11,13245,59080000,0.68,1.53,2.40,4.41
2016-04-27,45.30,44.92,46.00,44.82,15108,68610000,-0.26,-0.58,2.61,5.04
2016-04-28,45.21,46.16,46.38,44.93,24839,113180000,1.24,2.76,3.23,8.28
2016-04-29,45.61,45.81,46.26,45.18,16524,75620000,-0.35,-0.76,2.34,5.51
2016-05-03,46.00,46.93,46.98,45.58,18738,87180000,1.12,2.44,3.06,6.25
2016-05-04,46.90,46.96,47.38,46.51,20227,95220000,0.03,0.06,1.85,6.74
2016-05-05,47.00,48.41,48.65,46.90,29263,141150000,1.45,3.09,3.73,9.75
2016-05-06,48.66,47.25,49.70,47.25,33454,161480000,-1.16,-2.40,5.06,11.15
2016-05-09,46.90,44.57,46.90,42.53,17767,79280000,-2.68,-5.67,9.25,5.92
2016-05-10,44.79,44.16,45.26,43.99,11665,51970000,-0.41,-0.92,2.85,3.89
2016-05-11,44.79,43.40,44.85,43.40,11933,52550000,-0.76,-1.72,3.28,3.98
2016-05-12,42.03,41.94,42.97,41.50,13556,56940000,-1.46,-3.36,3.39,4.52
2016-05-13,41.94,42.20,42.48,41.74,10097,42470000,0.26,0.62,1.76,3.37
2016-05-16,42.01,42.72,42.73,41.60,9373,39650000,0.52,1.23,2.68,3.12
2016-05-17,42.80,43.05,43.26,42.02,12098,51720000,0.33,0.77,2.90,4.03
2016-05-18,42.70,40.10,42.70,39.31,17710,72230000,-2.95,-6.85,7.87,5.90
2016-05-19,40.04,40.70,42.19,40.01,14601,60030000,0.60,1.50,5.44,4.87
2016-05-20,40.80,41.12,41.20,40.16,8639,35080000,0.42,1.03,2.56,2.88
2016-05-23,41.12,41.83,42.29,41.12,9709,40560000,0.71,1.73,2.85,3.24
2016-05-24,41.89,40.94,41.89,40.50,10363,42570000,-0.89,-2.13,3.32,3.45
2016-05-25,41.25,41.16,41.90,40.80,8616,35700000,0.22,0.54,2.69,2.87
2016-05-26,41.14,41.60,41.66,40.01,11430,46650000,0.44,1.07,4.01,3.81
2016-05-27,41.44,42.24,42.56,41.23,14125,59220000,0.64,1.54,3.20,4.71
2016-05-30,41.62,41.80,42.47,41.31,9569,40190000,-0.44,-1.04,2.75,3.19
2016-05-31,41.85,44.26,44.40,41.82,18858,81850000,2.46,5.89,6.17,6.29
2016-06-01,44.23,44.32,45.00,44.09,17553,78150000,0.06,0.14,2.06,5.85
2016-06-02,44.18,46.17,46.39,44.16,25666,116410000,1.85,4.17,5.03,8.56
2016-06-03,46.00,47.56,49.00,45.81,38707,183560000,1.39,3.01,6.91,12.90
2016-06-06,47.81,47.17,48.50,46.13,23962,112930000,-0.39,-0.82,4.98,7.99
2016-06-07,46.81,48.22,48.22,46.31,26103,123720000,1.05,2.23,4.05,8.70
2016-06-08,48.00,48.87,49.09,46.70,24514,116850000,0.65,1.35,4.96,8.17
2016-06-13,47.68,45.00,47.68,45.00,19055,88670000,-3.87,-7.92,5.48,6.35
2016-06-14,44.80,44.40,45.28,44.10,14287,63750000,-0.60,-1.33,2.62,4.76
2016-06-15,43.80,46.29,46.68,43.52,22969,105120000,1.89,4.26,7.12,7.66
2016-06-16,46.00,45.55,46.38,45.37,16189,74140000,-0.74,-1.60,2.18,5.40
2016-06-17,45.67,46.81,47.25,45.67,24256,113440000,1.26,2.77,3.47,8.09
2016-06-20,46.57,47.36,47.70,45.85,30475,142640000,0.55,1.18,3.95,10.16
2016-06-21,47.69,45.84,47.80,45.60,22530,105560000,-1.52,-3.21,4.65,7.51
2016-06-22,45.48,46.91,46.96,45.48,15627,72310000,1.07,2.33,3.23,5.21
2016-06-23,47.00,46.22,47.00,45.58,18259,84270000,-0.69,-1.47,3.03,6.09
2016-06-24,46.00,44.92,46.46,42.87,22030,99790000,-1.30,-2.81,7.77,7.34
2016-06-27,44.47,46.13,46.33,44.00,16257,74340000,1.21,2.69,5.19,5.42
2016-06-28,45.65,47.73,47.97,45.42,32907,154750000,1.60,3.47,5.53,10.97
2016-06-29,47.60,48.91,49.38,47.20,40385,194970000,1.18,2.47,4.57,6.61
2016-06-30,48.69,47.00,48.69,46.66,43668,207680000,-1.91,-3.91,4.15,7.15
2016-07-01,47.46,46.46,47.90,46.30,31412,147540000,-0.54,-1.15,3.40,5.14
2016-07-04,45.77,46.95,47.10,45.65,30232,140210000,0.49,1.05,3.12,4.95
2016-07-05,46.80,46.32,46.90,45.84,32497,150030000,-0.63,-1.34,2.26,5.32
2016-07-06,46.39,48.14,48.87,45.68,58852,278640000,1.82,3.93,6.89,9.64
2016-07-07,23.66,23.33,23.77,22.91,67393,156400000,-0.64,-2.67,3.59,5.52
2016-07-08,23.34,23.57,24.67,23.11,102900,245780000,0.24,1.03,6.69,8.43
2016-07-11,23.23,22.70,23.50,22.50,74784,170590000,-0.87,-3.69,4.24,6.12
2016-07-12,22.54,22.50,22.83,21.71,43541,97070000,-0.20,-0.88,4.93,3.57
2016-07-13,22.45,22.38,22.79,22.32,38998,87890000,-0.12,-0.53,2.09,3.19
2016-07-14,22.37,24.62,24.62,22.37,223883,538460000,2.24,10.01,10.05,18.33
2016-07-15,25.00,25.71,26.60,24.70,280167,718620000,1.09,4.43,7.72,22.94
2016-07-18,25.51,28.19,28.20,25.50,254052,680240000,2.48,9.65,10.50,20.80
2016-07-19,27.40,27.06,28.12,26.25,201431,548300000,-1.13,-4.01,6.63,16.49
2016-07-20,26.98,27.57,28.10,26.89,123193,338610000,0.51,1.88,4.47,10.09
2016-07-21,27.76,28.50,28.77,27.07,157066,437290000,0.93,3.37,6.17,12.86
2016-07-22,27.95,26.98,28.18,26.88,94150,258210000,-1.52,-5.33,4.56,7.71
2016-07-25,26.98,26.73,27.37,26.31,61385,164500000,-0.25,-0.93,3.93,5.03
2016-07-26,26.77,26.48,26.97,25.88,102412,270740000,-0.25,-0.94,4.08,8.39
2016-07-27,26.30,23.83,26.40,23.83,170808,425600000,-2.65,-10.01,9.71,13.99
2016-07-28,23.70,23.30,23.80,22.51,79637,184370000,-0.53,-2.22,5.41,6.52
2016-07-29,23.31,23.07,23.63,22.70,49056,114490000,-0.23,-0.99,3.99,4.02
2016-08-01,22.60,22.42,22.66,21.50,75787,167170000,-0.65,-2.82,5.03,6.21
2016-08-02,22.50,22.78,23.11,22.38,53005,120560000,0.36,1.61,3.26,4.34
2016-08-03,22.70,22.82,22.98,22.12,41002,93060000,0.04,0.18,3.78,3.36
2016-08-04,22.82,22.89,23.36,22.30,49072,112190000,0.07,0.31,4.65,4.02
2016-08-05,22.80,22.68,23.35,22.65,34896,80110000,-0.21,-0.92,3.06,2.86
2016-08-08,22.59,22.59,22.79,22.08,40190,89750000,-0.09,-0.40,3.13,3.29
2016-08-09,22.56,23.40,23.52,22.50,49144,112720000,0.81,3.59,4.52,4.02
2016-08-10,23.23,22.88,23.40,22.77,52215,119960000,-0.52,-2.22,2.69,4.28
2016-08-11,22.75,22.16,22.89,22.15,45255,101810000,-0.72,-3.15,3.23,3.71
2016-08-12,22.19,22.43,22.48,22.17,29405,65690000,0.27,1.22,1.40,2.41
2016-08-15,22.46,23.31,23.31,22.30,56865,129950000,0.88,3.92,4.50,4.66
2016-08-16,23.20,23.22,23.39,22.88,68531,158080000,-0.09,-0.39,2.19,5.61
2016-08-17,23.22,23.00,23.38,22.95,48470,112220000,-0.22,-0.95,1.85,3.97
2016-08-18,22.97,22.76,23.15,22.55,50852,116020000,-0.24,-1.04,2.61,4.16
2016-08-19,22.98,25.04,25.04,22.91,146113,351450000,2.28,10.02,9.36,11.96
2016-08-22,25.69,25.65,26.33,25.31,194355,501590000,0.61,2.44,4.07,15.92
2016-08-23,25.39,25.05,25.55,24.53,101215,251930000,-0.60,-2.34,3.98,8.29
2016-08-24,24.88,25.35,26.30,24.78,128137,328510000,0.30,1.20,6.07,10.49
2016-08-25,24.79,24.34,24.97,24.00,86939,211520000,-1.01,-3.98,3.83,7.12
2016-08-26,24.50,25.43,26.38,24.45,139802,357410000,1.09,4.48,7.93,11.45
2016-08-29,25.62,26.30,26.75,25.33,159531,418060000,0.87,3.42,5.58,13.06
2016-08-30,25.88,25.36,26.19,25.28,97736,249860000,-0.94,-3.57,3.46,8.00
2016-08-31,25.26,25.46,25.99,25.25,68953,176580000,0.10,0.39,2.92,5.65
2016-09-01,25.15,24.61,25.15,24.50,91081,225330000,-0.85,-3.34,2.55,7.46
2016-09-02,24.40,24.12,24.73,23.78,57627,139770000,-0.49,-1.99,3.86,4.72
2016-09-05,24.29,24.10,24.93,24.10,78392,192150000,-0.02,-0.08,3.44,6.42
2016-09-06,24.13,25.20,25.76,23.38,149932,372450000,1.10,4.56,9.88,12.28
2016-09-07,25.36,27.38,27.72,25.36,305294,826980000,2.18,8.65,9.37,25.00
2016-09-08,26.90,26.61,27.00,26.11,172867,458600000,-0.77,-2.81,3.25,14.16
2016-09-09,26.81,26.51,26.96,26.00,114768,303330000,-0.10,-0.38,3.61,9.40
2016-09-12,26.00,26.28,27.39,25.48,161934,430320000,-0.23,-0.87,7.20,13.26
2016-09-13,26.60,26.15,26.98,25.60,121620,320420000,-0.13,-0.49,5.25,9.96
2016-09-14,25.69,25.23,25.88,25.16,77196,196680000,-0.92,-3.52,2.75,6.32
2016-09-19,25.20,25.36,25.88,25.20,59616,152080000,0.13,0.52,2.70,4.88
2016-09-20,25.40,26.44,26.55,25.38,115705,300710000,1.08,4.26,4.61,9.47
2016-09-21,26.15,26.02,26.28,25.82,68384,177860000,-0.42,-1.59,1.74,5.60
2016-09-22,26.44,25.95,26.47,25.91,67254,175780000,-0.07,-0.27,2.15,5.51
2016-09-23,26.00,26.09,26.50,25.80,75144,196750000,0.14,0.54,2.70,6.15
2016-09-26,25.89,24.92,26.34,24.86,83837,213190000,-1.17,-4.48,5.67,6.87
2016-09-27,24.45,24.62,24.78,24.02,71143,173450000,-0.30,-1.20,3.05,5.83
2016-09-28,24.81,24.83,24.96,24.42,41643,102870000,0.21,0.85,2.19,3.41
2016-09-29,24.96,24.74,24.96,24.71,30813,76480000,-0.09,-0.36,1.01,2.52
2016-09-30,25.00,25.66,25.99,25.00,67608,172580000,0.92,3.72,4.00,5.54
2016-10-10,25.95,26.22,26.39,25.80,62400,163100000,0.56,2.18,2.30,5.11
2016-10-11,26.20,26.19,26.25,25.68,99790,257940000,-0.03,-0.11,2.17,8.17
2016-10-12,26.14,26.60,26.67,25.92,112849,298650000,0.41,1.57,2.86,9.24
2016-10-13,26.48,26.44,26.93,26.29,80224,213440000,-0.16,-0.60,2.41,6.57
2016-10-14,26.38,26.52,26.65,26.13,71607,189210000,0.08,0.30,1.97,5.86
2016-10-17,26.60,26.11,26.77,26.00,68978,183030000,-0.41,-1.55,2.90,5.65
2016-10-18,26.60,27.24,27.28,26.36,112825,304140000,1.13,4.33,3.52,9.24
2016-10-19,27.20,27.25,27.50,27.02,82152,224010000,0.01,0.04,1.76,6.73
2016-10-20,27.21,27.32,27.47,26.82,67395,182980000,0.07,0.26,2.39,5.52
2016-10-21,27.41,26.88,27.50,26.50,52853,142480000,-0.44,-1.61,3.66,4.33
2016-10-24,26.94,26.90,27.10,26.50,40709,109180000,0.02,0.07,2.23,3.33
2016-10-25,27.00,26.61,27.05,26.54,47607,127140000,-0.29,-1.08,1.90,3.90
2016-10-26,26.71,27.65,27.70,26.41,113783,309670000,1.04,3.91,4.85,9.32
2016-10-27,27.30,27.30,27.79,26.78,70012,189520000,-0.35,-1.27,3.65,5.73
2016-10-28,27.27,27.45,27.69,27.06,93100,255530000,0.15,0.55,2.31,7.62
2016-10-31,27.26,27.80,27.88,26.30,90990,247640000,0.35,1.28,5.76,7.45
2016-11-01,27.50,27.66,27.87,27.25,86165,237540000,-0.14,-0.50,2.23,7.06
2016-11-02,27.50,26.36,27.50,26.35,106493,285580000,-1.30,-4.70,4.16,8.72
2016-11-03,26.26,26.35,26.64,25.86,64743,169980000,-0.01,-0.04,2.96,5.30
2016-11-04,26.36,26.00,26.53,25.92,49831,130560000,-0.35,-1.33,2.32,4.08
2016-11-07,26.02,25.69,26.27,25.55,52306,135200000,-0.31,-1.19,2.77,4.28
2016-11-08,25.80,26.02,26.19,25.62,43069,111690000,0.33,1.28,2.22,3.53
2016-11-09,26.13,25.73,26.28,25.26,48032,124090000,-0.29,-1.11,3.92,3.93
2016-11-10,26.04,26.19,26.35,25.88,58544,153010000,0.46,1.79,1.83,4.79
2016-11-11,25.93,25.81,26.23,25.60,67225,173490000,-0.38,-1.45,2.41,5.50
2016-11-14,25.84,26.01,26.19,25.73,44701,116200000,0.20,0.77,1.78,3.66
2016-11-15,26.00,26.02,26.10,25.66,46095,119270000,0.01,0.04,1.69,3.77
2016-11-16,26.10,26.28,26.38,25.98,68358,179260000,0.26,1.00,1.54,5.60
2016-11-17,26.40,26.02,26.45,25.71,41336,107740000,-0.26,-0.99,2.82,3.38
2016-11-18,26.07,25.92,26.27,25.91,32007,83330000,-0.10,-0.38,1.38,2.62
2016-11-21,26.19,26.99,27.20,26.00,123056,328040000,1.07,4.13,4.63,10.08
2016-11-22,26.95,27.12,27.17,26.70,78981,212990000,0.13,0.48,1.74,6.47
2016-11-23,27.12,26.77,27.12,26.52,58589,156620000,-0.35,-1.29,2.21,4.80
2016-11-24,26.52,26.79,26.85,26.28,47274,125560000,0.02,0.07,2.13,3.87
2016-11-25,26.61,26.42,26.80,26.00,41619,109380000,-0.37,-1.38,2.99,3.41
2016-11-28,26.42,26.03,26.50,25.94,40146,104940000,-0.39,-1.48,2.12,3.29
2016-11-29,25.99,25.99,26.16,25.81,33206,86150000,-0.04,-0.15,1.34,2.72
2016-11-30,25.81,25.46,26.04,25.40,37511,96130000,-0.53,-2.04,2.46,3.07
2016-12-01,25.50,25.45,25.72,25.26,34033,86750000,-0.01,-0.04,1.81,2.79
2016-12-02,25.54,24.61,25.54,24.60,36687,91660000,-0.84,-3.30,3.69,3.00
2016-12-05,24.62,24.69,24.89,24.15,24622,60820000,0.08,0.33,3.01,2.02
2016-12-06,24.75,24.74,24.88,24.57,15107,37370000,0.05,0.20,1.26,1.24
2016-12-07,24.82,24.85,24.85,24.55,19841,49050000,0.11,0.44,1.21,1.62
2016-12-08,24.97,24.67,24.97,24.66,21649,53590000,-0.18,-0.72,1.25,1.77
2016-12-09,24.80,24.46,24.80,24.40,25187,61840000,-0.21,-0.85,1.62,2.06
2016-12-12,24.33,22.75,24.45,22.72,33270,78200000,-1.71,-6.99,7.07,2.72
2016-12-13,22.70,22.94,23.15,22.50,23026,52550000,0.19,0.84,2.86,1.89
2016-12-14,22.94,22.34,23.00,22.30,21219,47870000,-0.60,-2.62,3.05,1.74
2016-12-15,22.38,22.47,22.97,22.22,23936,53940000,0.13,0.58,3.36,1.96
2016-12-16,22.51,22.65,22.78,22.40,17585,39770000,0.18,0.80,1.69,1.44
2016-12-19,22.69,22.44,22.73,22.39,20900,47060000,-0.21,-0.93,1.50,1.71
2016-12-20,22.40,22.56,22.56,22.20,21497,48090000,0.12,0.53,1.60,1.76
2016-12-21,22.52,22.76,22.94,22.51,20612,46910000,0.20,0.89,1.91,1.69
2016-12-22,22.76,22.84,22.86,22.56,16136,36640000,0.08,0.35,1.32,1.32
2016-12-23,22.74,22.85,23.21,22.66,22830,52340000,0.01,0.04,2.41,1.87
2016-12-26,22.59,22.55,22.85,22.13,37611,84080000,-0.30,-1.31,3.15,3.08
2016-12-27,22.58,22.70,23.04,22.58,27697,63240000,0.15,0.67,2.04,2.27
2016-12-28,22.71,22.97,23.08,22.65,27115,62000000,0.27,1.19,1.89,2.22
2016-12-29,23.08,22.85,23.10,22.70,26334,60290000,-0.12,-0.52,1.74,2.16
2016-12-30,22.90,22.54,22.93,22.39,24940,56360000,-0.31,-1.36,2.36,2.04
2017-01-03,22.54,22.81,22.82,22.54,17339,39430000,0.27,1.20,1.24,1.42
2017-01-04,22.87,23.01,23.08,22.67,22594,51670000,0.20,0.88,1.80,1.85
2017-01-05,23.38,23.00,23.38,22.99,22272,51560000,-0.01,-0.04,1.69,1.82
2017-01-06,22.88,22.62,23.04,22.59,21675,49300000,-0.38,-1.65,1.96,1.77
2017-01-09,22.59,22.79,22.90,22.58,14405,32810000,0.17,0.75,1.41,1.18
2017-01-10,22.83,22.90,23.08,22.72,15777,36110000,0.11,0.48,1.58,1.29
2017-01-11,22.84,22.71,23.01,22.70,14538,33220000,-0.19,-0.83,1.35,1.19
2017-01-12,22.45,21.35,22.64,21.11,58717,127380000,-1.36,-5.99,6.74,4.81
2017-01-13,21.13,20.15,21.33,20.07,45458,93240000,-1.20,-5.62,5.90,3.72
2017-01-16,20.00,19.30,20.35,18.68,31573,62280000,-0.85,-4.22,8.29,2.59
2017-01-17,19.30,20.03,20.15,19.04,25199,49480000,0.73,3.78,5.75,2.06
2017-01-18,20.01,20.02,20.10,19.80,12064,24120000,-0.01,-0.05,1.50,0.99
2017-01-19,20.02,19.69,20.09,19.62,23226,45890000,-0.33,-1.65,2.35,1.90
2017-01-20,19.58,19.98,20.06,19.58,16620,33140000,0.29,1.47,2.44,1.36
2017-01-23,19.94,19.89,20.27,19.71,30154,60120000,-0.09,-0.45,2.80,2.47
2017-01-24,19.71,19.76,20.00,19.70,15317,30300000,-0.13,-0.65,1.51,1.25
2017-01-25,19.83,19.93,19.97,19.71,13183,26200000,0.17,0.86,1.32,1.08
2017-01-26,19.77,19.65,19.80,19.00,38670,75590000,-0.28,-1.40,4.01,3.17
2017-02-03,19.64,19.50,19.64,19.39,16916,33000000,-0.15,-0.76,1.27,1.39
2017-02-06,19.51,20.23,20.23,19.51,33191,66120000,0.73,3.74,3.69,2.72
2017-02-07,20.20,20.10,20.23,20.01,22643,45483200,-0.13,-0.64,1.087,1.99
2017-02-08,20.15,20.33,20.35,20.08,17717,35808500,0.23,1.14,1.343,1.56
2017-02-09,20.35,20.53,20.78,20.29,26661,54916400,0.20,0.98,2.41,2.34
2017-02-10,20.54,20.47,20.64,20.41,16896,34670200,-0.06,-0.29,1.12,1.49
2017-02-13,20.44,20.67,20.71,20.38,20516,42191900,0.20,0.98,1.612,1.80
2017-02-14,20.66,20.47,20.66,20.45,15581,31972400,-0.20,-0.97,1.016,1.37
2017-02-15,20.50,20.18,20.54,20.15,17790,36214400,-0.29,-1.42,1.905,1.56
2017-02-16,20.18,20.48,20.54,20.15,17687,36007900,0.30,1.49,1.933,1.56
2017-02-17,20.48,20.28,20.56,20.12,18855,38362600,-0.20,-0.98,2.148,1.66
2017-02-20,20.98,21.58,22.31,20.97,101698,222616800,1.30,6.41,6.607,8.94
2017-02-21,21.29,21.53,21.55,21.07,56396,120173300,-0.05,-0.23,2.22,4.96
2017-02-22,21.45,21.46,21.50,21.25,33792,72208100,-0.07,-0.33,1.16,2.97
2017-02-23,21.60,21.56,21.73,21.39,38005,81796400,0.10,0.47,1.58,3.34
2017-02-24,21.45,21.62,21.84,21.22,39628,85493600,0.06,0.28,2.88,3.48
2017-02-27,21.78,21.36,21.78,21.32,26258,56487900,-0.26,-1.20,2.13,2.31
2017-02-28,21.55,21.51,21.72,21.39,23494,50565800,0.15,0.70,1.54,2.07
2017-03-01,21.52,21.44,21.53,21.35,23585,50548900,-0.07,-0.33,0.84,2.07
2017-03-02,21.67,21.61,22.17,21.54,38906,84898900,0.17,0.79,2.94,3.42
2017-03-03,21.38,21.79,21.84,21.38,27907,60449900,0.18,0.83,2.13,2.45
2017-03-06,21.95,22.36,22.47,21.95,41067,91446100,0.57,2.62,2.39,3.61
2017-03-07,22.58,22.84,23.19,22.30,52430,119563000,0.48,2.15,3.98,4.61
2017-03-08,22.93,22.69,22.98,22.53,27762,62910700,-0.15,-0.66,1.97,2.44
2017-03-09,22.69,22.60,22.84,22.42,25388,57521200,-0.09,-0.40,1.85,2.23
2017-03-10,22.06,22.08,22.25,21.90,42075,92890000,-0.52,-2.30,1.55,3.70
2017-03-13,22.10,22.67,22.89,21.77,41231,92613100,0.59,2.67,5.07,3.63
2017-03-14,22.82,23.15,23.68,22.80,60830,141716600,0.48,2.12,3.88,5.35
2017-03-15,23.16,23.75,23.82,22.82,57272,134148200,0.60,2.59,4.32,5.04
2017-03-16,23.86,23.67,23.88,23.53,45788,108512073,-0.08,-0.34,1.47,4.03
2017-03-17,23.78,23.58,24.14,23.50,53637,127984347,-0.09,-0.38,2.70,4.72
2017-03-20,23.43,24.13,24.46,23.43,51787,124621850,0.55,2.33,4.37,4.55
2017-03-21,24.14,24.60,24.85,23.94,63483,155776623,0.47,1.95,3.77,5.58
2017-03-22,24.36,24.75,24.97,24.26,59933,147793656,0.15,0.61,2.89,5.27
2017-03-23,24.65,24.05,24.90,23.76,54380,132202550,-0.70,-2.83,4.61,4.78
2017-03-24,24.18,24.12,24.50,23.89,35192,84854626,0.07,0.29,2.54,3.10
2017-03-27,23.85,22.46,23.88,22.01,159364,361720120,-1.66,-6.88,7.75,14.01
2017-03-28,22.32,22.93,22.93,22.10,64269,144931318,0.47,2.09,3.70,5.65
2017-03-29,22.80,22.94,23.25,22.58,48388,111069292,0.01,0.04,2.92,4.25
2017-03-30,22.90,22.61,23.02,22.51,26089,59183448,-0.33,-1.44,2.22,2.29
2017-03-31,22.66,22.69,22.97,22.50,19827,45103716,0.08,0.35,2.08,1.74
2017-04-05,23.07,23.85,24.49,23.07,54444,129374644,1.16,5.11,6.26,4.79
2017-04-06,23.87,24.02,24.40,23.84,56455,135892867,0.17,0.71,2.35,4.96
2017-04-07,24.03,24.16,24.65,23.30,81203,194083684,0.14,0.58,5.62,7.14
2017-04-10,24.02,23.83,24.38,23.81,65981,158866219,-0.33,-1.37,2.36,5.80
2017-04-11,23.60,23.73,24.04,23.07,55665,131381681,-0.10,-0.42,4.07,4.89
2017-04-12,23.87,23.55,24.15,23.50,38858,92459493,-0.18,-0.76,2.74,3.42
2017-04-13,23.75,24.35,24.37,23.31,70708,169690233,0.80,3.40,4.50,6.22
2017-04-14,24.09,23.57,24.29,23.23,67340,159366797,-0.78,-3.20,4.35,5.92
2017-04-17,23.31,22.83,23.50,22.75,31112,71801393,-0.74,-3.14,3.18,2.74
2017-04-18,22.86,23.06,23.36,22.82,22755,52638499,0.23,1.01,2.37,2.00
2017-04-19,22.92,22.80,22.99,22.40,24531,55701010,-0.26,-1.13,2.56,2.16
2017-04-20,22.80,22.35,22.90,22.23,23264,52326077,-0.45,-1.97,2.94,2.05
2017-04-21,22.51,21.78,22.65,21.73,21770,48233950,-0.57,-2.55,4.12,1.91
2017-04-24,22.66,21.91,22.66,21.77,30505,67273623,0.13,0.60,4.09,2.68
2017-04-25,21.85,21.94,22.23,21.77,14809,32622016,0.03,0.14,2.10,1.30
2017-04-26,21.99,22.10,22.15,21.92,17129,37705509,0.16,0.73,1.05,1.51
2017-04-27,22.08,21.98,22.08,21.57,21911,47929094,-0.12,-0.54,2.31,1.93
2017-04-28,21.99,22.82,22.88,21.90,37968,85834944,0.84,3.82,4.46,3.34
2017-05-02,22.68,23.08,23.18,22.50,27935,64064743,0.26,1.14,2.98,2.46
2017-05-03,22.94,23.18,23.23,22.80,25624,58995677,0.10,0.43,1.86,2.25
2017-05-04,23.05,23.15,23.37,23.01,22176,51434334,-0.03,-0.13,1.55,1.95
2017-05-05,23.12,23.14,23.38,23.03,22661,52623230,-0.01,-0.04,1.51,1.99
2017-05-08,23.02,22.58,23.24,22.54,31138,71419583,-0.56,-2.42,3.03,2.74
2017-05-09,22.58,22.43,22.85,22.34,23000,51901426,-0.15,-0.66,2.26,2.02
2017-05-10,22.68,22.45,22.94,22.42,20211,45882548,0.02,0.09,2.32,1.78
2017-05-11,22.40,22.25,22.40,21.83,19780,43631998,-0.20,-0.89,2.54,1.74
2017-05-12,22.23,21.58,22.30,21.40,33625,73046114,-0.67,-3.01,4.04,2.96
2017-05-15,21.59,21.13,21.86,21.09,27865,59995966,-0.35,-1.63,3.58,2.45
2017-05-16,21.13,21.65,21.65,20.81,32973,70172435,0.52,2.46,3.98,2.90
2017-05-17,21.69,21.53,21.80,21.43,23110,49934325,-0.12,-0.55,1.71,2.03
2017-05-18,21.47,21.59,21.95,21.26,20979,45556233,0.06,0.28,3.20,1.85
2017-05-19,21.55,21.66,21.69,21.46,10655,22992430,0.07,0.32,1.07,0.94
2017-05-22,21.57,21.24,21.83,21.20,15865,34091604,-0.42,-1.94,2.91,1.40
2017-05-23,21.10,20.00,21.37,19.88,30571,62907123,-1.24,-5.84,7.02,2.69
2017-05-24,19.96,20.14,20.20,19.68,18184,36238933,0.14,0.70,2.60,1.60
2017-05-25,20.14,20.25,20.33,19.72,19631,39346694,0.11,0.55,3.03,1.73
2017-05-26,20.17,20.16,20.35,20.03,11769,23744562,-0.09,-0.44,1.58,1.03
2017-05-31,20.55,20.15,20.64,20.04,10661,21671720,-0.01,-0.05,2.98,0.94
2017-06-01,20.05,19.39,20.13,19.30,24086,47507606,-0.76,-3.77,4.12,2.12
2017-06-02,19.20,19.51,19.66,18.92,19244,36971725,0.12,0.62,3.82,1.69
2017-06-05,19.56,19.69,20.00,19.56,19401,38308755,0.18,0.92,2.26,1.71
2017-06-06,19.70,19.75,19.88,19.59,10653,21040194,0.06,0.30,1.47,0.94
2017-06-07,19.76,20.55,20.65,19.76,25214,51200952,0.80,4.05,4.51,2.22
2017-06-08,20.50,20.98,21.27,20.45,32073,67184830,0.43,2.09,3.99,2.82
2017-06-09,20.88,20.71,20.99,20.36,19304,39797845,-0.27,-1.29,3.00,1.70
2017-06-12,20.80,20.59,20.85,20.45,19958,41206001,-0.12,-0.58,1.93,1.75
