日期,开盘,收盘,最高,最低,交易量(手),交易金额(元),涨跌额,涨跌幅(%),振幅(%),换手率(%)
2011-09-20,17.10,16.96,17.80,16.53,156433,268170000,-0.84,-4.72,7.13,52.49
2011-09-21,16.50,18.19,18.50,16.45,162089,286490000,1.23,7.25,12.09,54.39
2011-09-22,17.65,16.96,17.97,16.92,108992,190460000,-1.23,-6.76,5.77,36.57
2011-09-23,16.40,17.20,17.30,16.07,69240,115490000,0.24,1.42,7.25,23.23
2011-09-26,17.76,18.35,18.92,17.76,164323,305300000,1.15,6.69,6.74,55.14
2011-09-27,18.00,18.51,18.75,17.91,110222,202230000,0.16,0.87,4.58,36.99
2011-09-28,18.21,17.03,18.42,17.00,91080,160390000,-1.48,-8.00,7.67,30.56
2011-09-29,16.68,16.10,16.88,16.10,55530,91610000,-0.93,-5.46,4.58,18.63
2011-09-30,16.24,15.79,16.38,15.59,41732,66360000,-0.31,-1.93,4.91,14.00
2011-10-10,15.79,16.01,16.31,15.76,30403,48700000,0.22,1.39,3.48,10.20
2011-10-11,16.58,15.90,16.70,15.62,36280,59070000,-0.11,-0.69,6.75,12.17
2011-10-12,15.75,16.39,16.54,15.30,43784,70750000,0.49,3.08,7.80,14.69
2011-10-13,16.25,16.99,17.02,16.18,57363,95690000,0.60,3.66,5.13,19.25
2011-10-14,16.79,16.57,16.95,16.35,36051,59830000,-0.42,-2.47,3.53,12.10
2011-10-17,16.63,17.85,18.19,16.59,92959,163240000,1.28,7.72,9.66,31.19
2011-10-18,17.52,17.65,18.38,17.35,102417,183020000,-0.20,-1.12,5.77,34.37
2011-10-19,17.83,18.10,18.60,17.40,91045,165310000,0.45,2.55,6.80,30.55
2011-10-20,17.70,16.76,17.84,16.52,63839,108660000,-1.34,-7.40,7.29,21.42
2011-10-21,16.91,17.70,18.40,16.90,103250,183970000,0.94,5.61,8.95,34.65
2011-10-24,17.30,18.55,18.91,15.96,115188,198710000,0.85,4.80,16.67,38.65
2011-10-25,18.18,20.41,20.41,18.17,134341,262920000,1.86,10.03,12.08,45.08
2011-10-26,20.60,21.18,21.98,20.50,182454,387080000,0.77,3.77,7.25,61.23
2011-10-27,21.00,20.98,22.11,20.78,117156,250200000,-0.20,-0.94,6.28,39.31
2011-10-28,21.28,23.08,23.08,20.71,133538,292450000,2.10,10.01,11.30,44.81
2011-10-31,22.66,23.42,23.60,22.54,114094,262630000,0.34,1.47,4.59,38.29
2011-11-01,23.00,22.83,23.24,22.27,79387,180860000,-0.59,-2.52,4.14,26.64
2011-11-02,22.06,23.98,24.44,22.06,103372,237860000,1.15,5.04,10.42,34.69
2011-11-03,23.50,22.71,23.55,22.55,98515,227520000,-1.27,-5.30,4.17,33.06
2011-11-04,22.71,22.88,23.50,22.33,69835,160230000,0.17,0.75,5.15,23.43
2011-11-07,22.81,23.05,23.27,22.56,46602,106820000,0.17,0.74,3.10,15.64
2011-11-08,23.10,22.50,23.25,22.20,59366,134740000,-0.55,-2.39,4.56,19.92
2011-11-09,22.45,23.45,23.75,22.12,78031,179340000,0.95,4.22,7.24,26.19
2011-11-10,23.26,22.00,24.56,21.90,116147,272540000,-1.45,-6.18,11.34,38.98
2011-11-11,21.42,21.40,21.87,21.00,74379,159400000,-0.60,-2.73,3.95,24.96
2011-11-14,21.70,22.24,22.46,21.70,67859,150340000,0.84,3.93,3.55,22.77
2011-11-15,22.08,22.57,22.85,21.85,70571,158470000,0.33,1.48,4.50,23.68
2011-11-16,22.44,21.47,22.48,21.12,56587,124030000,-1.10,-4.87,6.03,18.99
2011-11-17,21.52,22.12,22.45,21.35,60157,132770000,0.65,3.03,5.12,20.19
2011-11-18,21.72,21.81,22.06,21.40,41105,89110000,-0.31,-1.40,2.98,13.79
2011-11-21,21.79,21.15,21.82,20.40,40876,85760000,-0.66,-3.03,6.51,13.72
2011-11-22,20.70,21.27,21.35,20.40,29789,62510000,0.12,0.57,4.49,10.00
2011-11-23,21.25,21.33,21.53,20.91,30031,64000000,0.06,0.28,2.91,10.08
2011-11-24,21.11,22.50,23.20,21.02,80268,178240000,1.17,5.49,10.22,26.94
2011-11-25,22.30,22.20,22.88,21.92,51528,115380000,-0.30,-1.33,4.27,17.29
2011-11-28,22.45,22.66,22.88,22.10,41665,93760000,0.46,2.07,3.51,13.98
2011-11-29,22.92,22.64,22.99,22.10,43626,97970000,-0.02,-0.09,3.93,14.64
2011-11-30,22.35,20.48,22.66,20.38,56583,120220000,-2.16,-9.54,10.07,18.99
2011-12-01,21.18,21.07,21.76,20.71,49517,105160000,0.59,2.88,5.13,16.62
2011-12-02,21.08,19.65,21.26,19.51,41572,84630000,-1.42,-6.74,8.31,13.95
2011-12-05,19.62,18.90,19.77,18.67,28765,54760000,-0.75,-3.82,5.60,9.65
2011-12-06,18.90,19.50,19.73,18.63,29096,56280000,0.60,3.17,5.82,9.76
2011-12-07,19.25,19.32,19.87,19.20,25878,50330000,-0.18,-0.92,3.44,8.68
2011-12-08,19.31,19.49,20.15,18.63,36344,70720000,0.17,0.88,7.87,12.20
2011-12-09,19.21,19.95,20.20,19.06,40781,80770000,0.46,2.36,5.85,13.68
2011-12-12,19.91,19.23,20.08,19.21,24472,48080000,-0.72,-3.61,4.36,8.21
2011-12-13,19.00,18.62,19.00,18.18,27559,51130000,-0.61,-3.17,4.26,9.25
2011-12-14,18.45,17.67,18.84,17.65,25609,46540000,-0.95,-5.10,6.39,8.59
2011-12-15,17.31,17.48,18.03,17.30,25214,44590000,-0.19,-1.08,4.13,8.46
2011-12-16,17.55,18.62,18.76,17.02,35983,64050000,1.14,6.52,9.95,12.07
2011-12-19,18.31,18.98,19.23,18.01,42207,78430000,0.36,1.93,6.55,14.16
2011-12-20,18.51,18.05,19.00,18.02,47448,87730000,-0.93,-4.90,5.16,12.82
2011-12-21,18.30,17.53,18.60,17.53,46419,84790000,-0.52,-2.88,5.93,12.55
2011-12-22,17.26,17.93,18.46,16.20,54484,94760000,0.40,2.28,12.89,14.73
2011-12-23,17.50,17.75,18.37,17.46,39780,71260000,-0.18,-1.00,5.08,10.75
2011-12-26,17.70,16.92,17.99,16.90,28989,50600000,-0.83,-4.68,6.14,7.83
2011-12-27,16.88,15.99,16.98,15.88,36644,60040000,-0.93,-5.50,6.50,9.90
2011-12-28,15.80,15.76,15.95,15.26,30409,47520000,-0.23,-1.44,4.32,8.22
2011-12-29,15.57,15.60,15.92,15.53,23637,37100000,-0.16,-1.02,2.47,6.39
2011-12-30,15.71,15.90,16.13,15.65,29954,47640000,0.30,1.92,3.08,8.10
2012-01-04,16.18,14.94,16.26,14.94,30172,47380000,-0.96,-6.04,8.30,8.15
2012-01-05,14.74,13.85,14.74,13.71,37060,52380000,-1.09,-7.30,6.89,10.02
2012-01-06,13.73,14.27,14.28,13.50,25935,36160000,0.42,3.03,5.63,7.01
2012-01-09,14.20,14.90,14.93,13.96,36180,52640000,0.63,4.41,6.80,9.78
2012-01-10,14.76,15.36,15.51,14.68,41996,63710000,0.46,3.09,5.57,11.35
2012-01-11,15.30,15.42,16.01,15.13,39549,61570000,0.06,0.39,5.73,10.69
2012-01-12,15.27,15.42,15.60,15.15,29488,45430000,0.00,0.00,2.92,7.97
2012-01-13,15.50,14.29,15.50,14.28,33155,48810000,-1.13,-7.33,7.91,8.96
2012-01-16,14.00,13.48,14.25,13.48,19791,27460000,-0.81,-5.67,5.39,5.35
2012-01-17,13.55,14.46,14.57,13.44,24258,34080000,0.98,7.27,8.38,6.56
2012-01-18,14.35,13.90,14.86,13.80,24967,35780000,-0.56,-3.87,7.33,6.75
2012-01-19,13.80,14.38,14.39,13.68,19827,28090000,0.48,3.45,5.11,5.36
2012-01-20,14.41,14.65,14.89,14.41,26011,38140000,0.27,1.88,3.34,7.03
2012-01-30,14.66,14.42,14.80,14.28,19416,28280000,-0.23,-1.57,3.55,5.25
2012-01-31,14.45,14.30,14.54,13.90,17188,24350000,-0.12,-0.83,4.44,4.65
2012-02-01,14.20,14.54,14.85,14.12,32645,47800000,0.24,1.68,5.10,8.82
2012-02-02,14.52,14.96,14.98,14.49,26702,39290000,0.42,2.89,3.37,7.22
2012-02-03,15.00,15.19,15.35,14.90,40411,61220000,0.23,1.54,3.01,10.92
2012-02-06,15.21,15.23,15.30,14.93,30509,46100000,0.04,0.26,2.44,8.25
2012-02-07,15.18,15.00,15.18,14.69,28625,42920000,-0.23,-1.51,3.22,7.74
2012-02-08,14.91,15.50,15.55,14.81,37040,56460000,0.50,3.33,4.93,10.01
2012-02-09,15.38,15.45,15.73,15.34,37894,58950000,-0.05,-0.32,2.52,10.24
2012-02-10,15.37,15.78,15.87,15.30,43768,68230000,0.33,2.14,3.69,11.83
2012-02-13,15.59,15.93,16.14,15.52,40015,63480000,0.15,0.95,3.93,10.82
2012-02-14,15.96,15.79,15.96,15.50,29582,46560000,-0.14,-0.88,2.89,8.00
2012-02-15,15.78,16.06,16.16,15.60,34648,55170000,0.27,1.71,3.55,9.36
2012-02-16,16.04,15.93,16.13,15.70,30321,48320000,-0.13,-0.81,2.68,8.19
2012-02-17,15.99,15.76,16.01,15.60,22012,34700000,-0.17,-1.07,2.57,5.95
2012-02-20,15.91,15.83,16.30,15.81,37618,60310000,0.07,0.44,3.11,10.17
2012-02-21,15.75,16.23,16.25,15.62,37766,60280000,0.40,2.53,3.98,10.21
2012-02-22,16.25,16.68,16.77,16.16,55518,91680000,0.45,2.77,3.76,15.00
2012-02-23,16.98,17.13,17.55,16.85,68989,118310000,0.45,2.70,4.20,18.65
2012-02-24,17.11,17.40,17.63,16.88,56726,97990000,0.27,1.58,4.38,15.33
2012-02-27,17.46,17.18,17.70,17.10,52475,91010000,-0.22,-1.26,3.45,14.18
2012-02-28,16.98,17.52,17.56,16.70,50943,87600000,0.34,1.98,5.01,13.77
2012-02-29,17.51,16.87,17.51,16.86,29024,49790000,-0.65,-3.71,3.71,7.84
2012-03-01,16.87,16.97,17.19,16.86,18777,31960000,0.10,0.59,1.96,5.07
2012-03-02,17.10,17.37,17.41,17.05,27004,46600000,0.40,2.36,2.12,7.30
2012-03-05,17.50,17.44,17.68,17.24,31010,54020000,0.07,0.40,2.53,8.38
2012-03-06,17.44,17.05,17.44,16.80,25653,43640000,-0.39,-2.24,3.67,6.93
2012-03-07,16.80,16.81,17.13,16.70,17888,30310000,-0.24,-1.41,2.52,4.83
2012-03-08,16.88,17.04,17.22,16.86,19823,33820000,0.23,1.37,2.14,5.36
2012-03-09,17.10,17.60,17.60,17.02,37234,64690000,0.56,3.29,3.40,10.06
2012-03-12,17.60,17.79,17.93,17.45,38337,67950000,0.19,1.08,2.73,10.36
2012-03-13,17.79,18.11,18.11,17.52,36651,65440000,0.32,1.80,3.32,9.91
2012-03-14,18.20,17.05,18.30,16.88,45407,80160000,-1.06,-5.85,7.84,12.27
2012-03-15,17.05,16.60,17.19,16.13,29734,49320000,-0.45,-2.64,6.22,8.04
2012-03-19,17.19,17.31,17.37,17.01,34110,58710000,0.71,4.28,2.17,9.22
2012-03-20,17.10,16.53,17.20,16.53,28091,47320000,-0.78,-4.51,3.87,7.59
2012-03-21,16.61,16.78,16.83,16.23,21716,35910000,0.25,1.51,3.63,5.87
2012-03-22,16.78,16.65,16.79,16.36,13626,22670000,-0.13,-0.77,2.56,3.68
2012-03-23,16.46,16.60,16.76,16.31,15827,26170000,-0.05,-0.30,2.70,4.28
2012-03-26,16.62,16.31,16.62,16.16,12187,19920000,-0.29,-1.75,2.77,3.29
2012-03-27,16.01,15.30,16.18,15.30,46850,73810000,-1.01,-6.19,5.40,12.66
2012-03-28,15.00,14.36,15.08,14.32,32185,47010000,-0.94,-6.14,4.97,8.70
2012-03-29,14.40,14.30,14.57,14.10,18711,26860000,-0.06,-0.42,3.27,5.06
2012-03-30,14.38,14.11,14.42,13.87,16803,23710000,-0.19,-1.33,3.85,4.54
2012-04-05,14.13,14.54,14.59,14.01,17936,25780000,0.43,3.05,4.11,4.85
2012-04-06,14.56,14.66,14.92,14.46,19733,28950000,0.12,0.83,3.16,5.33
2012-04-09,14.62,14.26,14.62,14.25,10315,14910000,-0.40,-2.73,2.52,2.79
2012-04-10,14.20,14.66,14.66,14.08,14997,21520000,0.40,2.81,4.07,4.05
2012-04-11,14.30,14.62,14.79,14.28,13608,19830000,-0.04,-0.27,3.48,3.68
2012-04-12,14.63,15.09,15.10,14.63,23074,34460000,0.47,3.21,3.21,6.24
2012-04-13,15.12,15.08,15.25,14.90,22105,33260000,-0.01,-0.07,2.32,5.97
2012-04-16,14.88,14.81,14.97,14.65,15309,22690000,-0.27,-1.79,2.12,4.14
2012-04-17,14.81,14.67,14.93,14.65,12162,18010000,-0.14,-0.95,1.89,3.29
2012-04-18,14.78,15.08,15.15,14.63,18340,27410000,0.41,2.79,3.54,4.96
2012-04-19,15.05,15.31,15.41,15.01,22492,34350000,0.23,1.53,2.65,6.08
2012-04-20,15.32,15.38,15.45,15.19,21205,32450000,0.07,0.46,1.70,5.73
2012-04-23,15.35,14.37,15.35,14.31,22417,33240000,-1.01,-6.57,6.76,6.06
2012-04-24,14.12,14.40,14.70,14.05,17684,25320000,0.03,0.21,4.52,4.78
2012-04-26,14.10,14.12,14.50,13.93,25424,36020000,-0.28,-1.94,3.96,6.87
2012-04-27,14.12,13.85,14.16,13.65,15780,21860000,-0.27,-1.91,3.61,4.26
2012-05-02,14.11,13.95,14.11,13.81,13960,19450000,0.10,0.72,2.17,3.77
2012-05-03,13.94,14.39,14.72,13.85,25903,37290000,0.44,3.15,6.24,7.00
2012-05-04,14.64,14.95,15.15,14.63,38422,57430000,0.56,3.89,3.61,10.38
2012-05-07,14.79,15.59,15.79,14.68,52771,81160000,0.64,4.28,7.42,14.26
2012-05-08,15.83,15.32,16.49,15.31,63664,101220000,-0.27,-1.73,7.57,17.21
2012-05-09,15.20,14.95,15.38,14.74,32984,49420000,-0.37,-2.42,4.18,8.91
2012-05-10,14.80,14.90,15.07,14.80,16131,24080000,-0.05,-0.33,1.81,4.36
2012-05-11,14.94,15.00,15.24,14.80,18791,28270000,0.10,0.67,2.95,5.08
2012-05-14,15.15,15.02,15.15,14.81,17406,26060000,0.02,0.13,2.27,4.70
2012-05-16,14.75,14.24,14.75,14.17,22254,32090000,-0.78,-5.19,3.86,6.01
2012-05-17,14.24,14.41,14.57,14.22,12057,17350000,0.17,1.19,2.46,3.26
2012-05-18,14.30,14.30,14.69,14.23,14882,21520000,-0.11,-0.76,3.19,4.02
2012-05-21,14.33,14.06,14.47,14.00,13163,18600000,-0.24,-1.68,3.29,3.56
2012-05-22,14.25,14.27,14.32,14.11,6672,9500000,0.21,1.49,1.49,1.80
2012-05-23,14.35,14.12,14.41,13.95,9614,13640000,-0.15,-1.05,3.22,2.60
2012-05-24,14.12,14.20,14.27,14.02,8595,12170000,0.08,0.57,1.77,2.32
2012-05-25,14.28,14.23,14.45,14.16,12684,18170000,0.03,0.21,2.04,3.43
2012-05-28,14.28,14.82,14.82,14.11,24710,35990000,0.59,4.15,4.99,6.68
2012-05-29,14.82,14.86,14.96,14.65,22627,33530000,0.04,0.27,2.09,6.12
2012-05-30,14.83,15.08,15.25,14.70,32837,49450000,0.22,1.48,3.70,8.87
2012-05-31,14.95,15.76,16.50,14.90,67914,106370000,0.68,4.51,10.61,18.36
2012-06-01,15.55,15.14,15.76,15.07,36973,56710000,-0.62,-3.93,4.38,9.99
2012-06-04,14.76,15.62,16.59,14.70,70692,111310000,0.48,3.17,12.48,19.11
2012-06-05,15.55,17.18,17.18,15.47,111663,185830000,1.56,9.99,10.95,30.18
2012-06-06,17.85,16.92,17.85,16.66,112448,192750000,-0.26,-1.51,6.93,30.39
2012-06-07,16.94,18.61,18.61,16.80,183402,331960000,1.69,9.99,10.70,49.57
2012-06-08,18.09,18.09,18.36,17.64,123685,222390000,-0.42,-2.27,3.89,33.43
2012-06-11,18.00,18.57,19.00,17.70,129507,239670000,0.48,2.65,7.19,35.00
2012-06-12,18.20,17.45,18.25,17.25,88550,157110000,-1.12,-6.03,5.39,23.93
2012-06-13,17.58,17.68,17.74,17.26,73385,128850000,0.23,1.32,2.75,19.83
2012-06-14,17.57,17.02,17.57,16.95,66730,115340000,-0.66,-3.73,3.51,18.04
2012-06-15,17.03,16.94,17.09,16.55,57670,97300000,-0.08,-0.47,3.17,15.59
2012-06-18,17.05,17.81,18.00,16.84,86394,151540000,0.87,5.14,6.85,23.35
2012-06-19,17.64,17.15,17.77,16.98,55660,96640000,-0.66,-3.71,4.44,15.04
2012-06-20,17.10,17.17,17.68,17.05,38206,66200000,0.02,0.12,3.67,10.33
2012-06-21,17.10,16.13,17.10,15.97,53618,87490000,-1.04,-6.06,6.58,14.49
2012-06-25,15.93,16.00,16.35,15.80,32688,52770000,-0.13,-0.81,3.41,8.83
2012-06-26,15.88,15.99,16.17,15.38,30039,47200000,-0.01,-0.06,4.94,8.12
2012-06-27,15.93,16.05,16.40,15.78,38056,61420000,0.06,0.38,3.88,10.29
2012-06-28,15.85,15.80,16.40,15.80,33740,54320000,-0.25,-1.56,3.74,9.12
2012-06-29,15.52,15.91,15.95,15.20,33876,52830000,0.11,0.70,4.75,9.16
2012-07-02,15.92,16.40,16.54,15.92,45748,74390000,0.49,3.08,3.90,12.36
2012-07-03,16.40,16.20,16.43,16.08,34802,56560000,-0.20,-1.22,2.13,9.41
2012-07-04,16.13,15.84,16.27,15.80,25460,40820000,-0.36,-2.22,2.90,6.88
2012-07-05,15.72,16.44,16.50,15.72,59166,96100000,0.60,3.79,4.92,15.99
2012-07-06,16.45,16.38,16.47,15.85,39530,64060000,-0.06,-0.37,3.77,10.68
2012-07-09,16.21,15.16,16.21,15.01,30804,48710000,-1.22,-7.45,7.33,8.33
2012-07-10,15.00,13.98,15.00,13.75,37308,53130000,-1.18,-7.78,8.25,10.08
2012-07-11,13.98,14.20,14.25,13.87,20910,29490000,0.22,1.57,2.72,5.65
2012-07-12,14.29,14.38,14.67,14.28,22650,32660000,0.18,1.27,2.75,6.12
2012-07-13,14.31,14.01,14.39,14.00,19736,27910000,-0.37,-2.57,2.71,5.33
2012-07-16,13.88,12.66,14.00,12.65,31339,40910000,-1.35,-9.64,9.64,8.47
2012-07-17,12.62,12.93,13.09,12.60,15570,20130000,0.27,2.13,3.87,4.21
2012-07-18,12.94,12.99,13.00,12.70,15148,19510000,0.06,0.46,2.32,4.09
2012-07-19,13.09,13.20,13.38,12.89,21816,28800000,0.21,1.62,3.77,5.90
2012-07-20,13.22,13.14,13.44,13.05,15013,19870000,-0.06,-0.45,2.95,4.06
2012-07-23,13.04,13.18,13.38,13.01,13045,17230000,0.04,0.30,2.82,3.53
2012-07-24,13.13,13.32,13.65,13.03,14798,19760000,0.14,1.06,4.70,4.00
2012-07-25,13.23,13.47,13.65,13.21,17346,23400000,0.15,1.13,3.30,4.69
2012-07-26,13.47,13.16,13.56,13.11,12413,16480000,-0.31,-2.30,3.34,3.35
2012-07-27,13.19,12.95,13.34,12.92,9443,12340000,-0.21,-1.60,3.19,2.55
2012-07-30,12.95,12.50,13.07,12.46,12172,15490000,-0.45,-3.47,4.71,3.29
2012-07-31,12.52,11.62,12.55,11.25,17359,20120000,-0.88,-7.04,10.40,4.69
2012-08-01,11.56,11.83,11.98,11.44,12801,15090000,0.21,1.81,4.65,3.46
2012-08-02,11.90,11.88,12.08,11.35,13996,16380000,0.05,0.42,6.17,3.78
2012-08-03,11.83,12.12,12.12,11.70,15106,18010000,0.24,2.02,3.54,4.08
2012-08-06,12.00,12.61,12.70,12.00,18060,22370000,0.49,4.04,5.78,4.88
2012-08-07,12.56,12.65,12.78,12.50,14311,18040000,0.04,0.32,2.22,3.87
2012-08-08,12.66,12.50,12.67,12.40,13328,16700000,-0.15,-1.19,2.13,3.60
2012-08-09,12.51,12.72,12.74,12.47,12660,15990000,0.22,1.76,2.16,3.42
2012-08-10,12.71,12.75,12.85,12.66,13209,16850000,0.03,0.24,1.49,3.57
2012-08-13,12.79,12.16,12.79,12.15,12604,15610000,-0.59,-4.63,5.02,3.41
2012-08-14,12.24,12.41,12.48,11.79,11147,13600000,0.25,2.06,5.67,3.01
2012-08-15,12.31,12.18,12.45,12.17,7269,8930000,-0.23,-1.85,2.26,1.96
2012-08-16,12.20,12.10,12.27,11.99,6608,8020000,-0.08,-0.66,2.30,1.79
2012-08-17,12.08,12.11,12.14,11.92,5390,6470000,0.01,0.08,1.82,1.46
2012-08-20,12.10,12.05,12.11,11.80,6740,8070000,-0.06,-0.50,2.56,1.82
2012-08-21,12.14,12.35,12.43,12.03,11800,14500000,0.30,2.49,3.32,3.19
2012-08-22,12.60,13.00,13.48,12.60,37490,48810000,0.65,5.26,7.13,10.13
2012-08-23,13.00,12.90,13.00,12.77,16847,21680000,-0.10,-0.77,1.77,4.55
2012-08-24,12.80,12.88,13.27,12.80,20630,26860000,-0.02,-0.16,3.64,5.58
2012-08-27,13.97,14.17,14.17,13.29,93390,129970000,1.29,10.02,6.83,25.24
2012-08-28,14.28,14.07,14.28,13.68,59211,82910000,-0.10,-0.71,4.23,16.00
2012-08-29,13.80,13.80,14.34,13.65,45434,63570000,-0.27,-1.92,4.90,12.28
2012-08-30,13.60,12.73,13.84,12.42,54219,70670000,-1.07,-7.75,10.29,14.65
2012-08-31,12.60,12.46,12.74,12.10,28185,34990000,-0.27,-2.12,5.03,7.62
2012-09-03,12.30,12.63,12.73,12.18,24870,31160000,0.17,1.36,4.41,6.72
2012-09-04,12.55,12.71,12.84,12.55,23635,29980000,0.08,0.63,2.30,6.39
2012-09-05,12.64,12.72,12.84,12.45,18572,23530000,0.01,0.08,3.07,5.02
2012-09-06,12.75,13.40,13.65,12.70,47691,63200000,0.68,5.35,7.47,12.89
2012-09-07,13.31,13.83,14.30,13.31,59050,81020000,0.43,3.21,7.39,15.96
2012-09-10,13.83,13.86,13.96,13.63,30890,42560000,0.03,0.22,2.39,8.35
2012-09-11,13.72,13.65,13.72,13.52,20712,28140000,-0.21,-1.52,1.44,5.60
2012-09-12,13.70,13.84,13.85,13.50,23568,32240000,0.19,1.39,2.56,6.37
2012-09-13,13.99,13.42,13.99,13.41,19334,26430000,-0.42,-3.03,4.19,5.23
2012-09-14,13.46,13.12,13.59,12.95,23625,31320000,-0.30,-2.24,4.77,6.39
2012-09-17,13.20,12.75,13.25,12.72,13157,17120000,-0.37,-2.82,4.04,3.56
2012-09-18,12.72,12.57,12.90,12.51,8625,10960000,-0.18,-1.41,3.06,2.33
2012-09-19,12.57,12.88,12.89,12.57,12557,16040000,0.31,2.47,2.55,3.39
2012-09-20,12.82,12.30,12.89,12.25,15100,19020000,-0.58,-4.50,4.97,3.64
2012-09-21,12.40,12.31,12.55,12.20,6718,8310000,0.01,0.08,2.85,1.62
2012-09-24,12.25,12.37,12.48,11.90,7948,9690000,0.06,0.49,4.71,1.92
2012-09-25,12.39,12.32,12.52,12.26,6115,7580000,-0.05,-0.40,2.10,1.48
2012-09-26,12.26,11.58,12.39,11.51,13273,15680000,-0.74,-6.01,7.14,3.20
2012-09-27,11.62,11.85,11.99,11.58,9783,11540000,0.27,2.33,3.54,2.36
2012-09-28,11.91,12.24,12.35,11.83,10655,12980000,0.39,3.29,4.39,2.57
2012-10-08,12.26,12.18,12.35,12.11,6733,8220000,-0.06,-0.49,1.96,1.62
2012-10-09,12.18,12.53,12.55,12.18,11585,14420000,0.35,2.87,3.04,2.80
2012-10-10,12.43,12.64,12.74,12.43,12641,15930000,0.11,0.88,2.47,3.05
2012-10-11,12.62,12.24,12.62,12.23,11282,13980000,-0.40,-3.16,3.09,2.72
2012-10-12,12.30,12.21,12.42,12.06,8123,9930000,-0.03,-0.25,2.94,1.96
2012-10-15,12.28,12.07,12.29,11.85,8499,10230000,-0.14,-1.15,3.60,2.05
2012-10-16,12.07,12.16,12.21,11.91,7861,9530000,0.09,0.75,2.49,1.90
2012-10-17,12.11,12.25,12.36,12.02,7658,9330000,0.09,0.74,2.80,1.85
2012-10-18,13.11,13.48,13.48,13.11,28754,38690000,1.23,10.04,3.02,6.94
2012-10-19,14.22,13.65,14.49,13.45,88210,122840000,0.17,1.26,7.72,21.29
2012-10-22,13.19,13.41,13.44,13.10,32100,42590000,-0.24,-1.76,2.49,7.75
2012-10-23,13.35,12.95,13.58,12.90,25956,34340000,-0.46,-3.43,5.07,6.26
2012-10-24,12.78,12.75,13.05,12.72,20067,25830000,-0.20,-1.54,2.55,4.84
2012-10-25,12.75,12.44,13.03,12.40,21593,27380000,-0.31,-2.43,4.94,5.21
2012-10-26,12.44,12.72,12.83,12.33,21983,27620000,0.28,2.25,4.02,5.30
2012-10-29,12.71,12.61,12.90,12.50,13695,17340000,-0.11,-0.86,3.14,3.30
2012-10-30,12.60,12.29,12.67,12.22,14241,17680000,-0.32,-2.54,3.57,3.44
2012-10-31,12.26,12.36,12.39,12.08,10177,12460000,0.07,0.57,2.52,2.46
2012-11-01,12.43,13.11,13.29,12.38,36813,47940000,0.75,6.07,7.36,8.88
2012-11-02,12.93,13.15,13.29,12.80,28521,37250000,0.04,0.31,3.74,6.88
2012-11-05,13.06,13.05,13.10,12.85,14225,18450000,-0.10,-0.76,1.90,3.43
2012-11-06,13.00,12.71,13.15,12.31,20173,25470000,-0.34,-2.61,6.44,4.87
2012-11-07,12.68,12.90,12.94,12.52,14345,18280000,0.19,1.49,3.30,3.46
2012-11-08,12.65,12.34,12.73,12.31,13052,16380000,-0.56,-4.34,3.26,3.15
2012-11-09,12.34,12.40,12.49,12.25,8542,10570000,0.06,0.49,1.94,2.06
2012-11-12,12.41,12.97,13.25,12.41,31161,40430000,0.57,4.60,6.77,7.52
2012-11-13,12.84,12.56,13.15,12.54,23853,30680000,-0.41,-3.16,4.70,5.76
2012-11-14,12.40,13.22,13.35,12.26,38050,48860000,0.66,5.25,8.68,9.18
2012-11-15,13.22,13.10,13.53,12.93,46877,62160000,-0.12,-0.91,4.54,11.31
2012-11-16,13.06,13.38,13.65,13.06,38003,50620000,0.28,2.14,4.50,9.17
2012-11-19,13.40,13.65,13.68,13.16,44261,59670000,0.27,2.02,3.89,10.68
2012-11-20,13.51,13.18,13.65,13.11,33363,44580000,-0.47,-3.44,3.96,8.05
2012-11-21,13.11,13.22,13.27,12.78,25000,32610000,0.04,0.30,3.72,6.03
2012-11-22,13.05,13.03,13.27,12.80,20723,27060000,-0.19,-1.44,3.56,5.00
2012-11-23,13.00,13.00,13.11,12.90,14079,18330000,-0.03,-0.23,1.61,3.40
2012-11-26,13.05,12.56,13.08,12.55,17679,22400000,-0.44,-3.38,4.08,4.27
2012-11-27,12.40,11.84,12.45,11.84,18945,22830000,-0.72,-5.73,4.86,4.57
2012-11-28,11.70,11.20,11.70,10.66,21895,24230000,-0.64,-5.41,8.78,5.28
2012-11-29,11.20,10.97,11.33,10.90,12147,13560000,-0.23,-2.05,3.84,2.93
2012-11-30,10.96,11.15,11.19,10.80,9724,10810000,0.18,1.64,3.56,2.35
2012-12-03,11.15,10.80,11.19,10.77,9204,10110000,-0.35,-3.14,3.77,2.22
2012-12-04,10.65,11.05,11.12,10.23,13286,14160000,0.25,2.31,8.24,3.21
2012-12-05,11.07,11.42,11.58,10.78,18803,21350000,0.37,3.35,7.24,4.54
2012-12-06,11.39,11.37,11.57,11.30,11122,12720000,-0.05,-0.44,2.36,2.68
2012-12-07,11.51,11.75,11.94,11.24,20985,24350000,0.38,3.34,6.16,5.06
2012-12-10,11.62,11.86,11.92,11.62,19644,23170000,0.11,0.94,2.55,4.74
2012-12-11,11.87,11.69,11.88,11.65,15354,18070000,-0.17,-1.43,1.94,3.71
2012-12-12,11.69,11.96,11.99,11.41,26226,30780000,0.27,2.31,4.96,6.33
2012-12-13,12.80,13.16,13.16,12.70,44201,58060000,1.20,10.03,3.85,10.67
2012-12-14,12.93,13.29,13.54,12.46,100492,131330000,0.13,0.99,8.21,24.25
2012-12-17,12.90,12.94,13.26,12.89,55986,72690000,-0.35,-2.63,2.78,13.51
2012-12-18,12.81,12.82,13.15,12.77,35532,46050000,-0.12,-0.93,2.94,8.57
2012-12-19,12.80,12.88,13.09,12.75,25854,33450000,0.06,0.47,2.65,6.24
2012-12-20,12.92,12.87,13.17,12.64,26250,33930000,-0.01,-0.08,4.11,6.33
2012-12-21,12.90,13.09,13.25,12.76,40188,52250000,0.22,1.71,3.81,9.70
2012-12-24,13.00,13.19,13.28,12.90,28950,37940000,0.10,0.76,2.90,6.99
2012-12-25,13.15,13.50,13.75,13.03,52164,70300000,0.31,2.35,5.46,12.59
2012-12-26,13.38,13.86,13.99,13.31,49009,66750000,0.36,2.67,5.04,11.83
2012-12-27,13.85,13.23,13.95,13.22,41418,56100000,-0.63,-4.55,5.27,9.99
2012-12-28,13.10,13.26,13.55,13.10,27723,36980000,0.03,0.23,3.40,6.69
2012-12-31,13.35,13.33,13.56,13.23,15765,21090000,0.07,0.53,2.49,3.80
2013-01-04,13.47,13.36,13.52,13.23,18987,25360000,0.03,0.23,2.18,4.58
2013-01-07,13.46,13.64,13.74,13.38,29189,39620000,0.28,2.10,2.69,7.04
2013-01-08,13.56,13.84,13.98,13.40,41690,57380000,0.20,1.47,4.25,10.06
2013-01-09,13.72,13.94,14.52,13.65,47820,67410000,0.10,0.72,6.29,11.54
2013-01-10,13.95,13.87,14.05,13.70,29368,40560000,-0.07,-0.50,2.51,7.09
2013-01-11,13.81,13.44,13.86,13.38,30310,41250000,-0.43,-3.10,3.46,7.31
2013-01-14,13.64,14.06,14.06,13.64,37729,52330000,0.62,4.61,3.13,9.10
2013-01-15,14.14,14.91,15.23,14.01,71403,104780000,0.85,6.05,8.68,17.23
2013-01-16,14.62,14.40,14.80,14.20,42456,61420000,-0.51,-3.42,4.02,10.25
2013-01-17,14.36,14.09,14.40,14.05,24760,35120000,-0.31,-2.15,2.43,5.97
2013-01-18,14.12,14.46,14.54,14.10,25665,36800000,0.37,2.63,3.12,6.19
2013-01-21,14.50,14.41,14.63,14.31,18160,26240000,-0.05,-0.35,2.21,4.38
2013-01-22,14.40,13.91,14.41,13.81,26535,37260000,-0.50,-3.47,4.16,6.40
2013-01-23,13.89,14.06,14.20,13.85,18423,25830000,0.15,1.08,2.52,4.45
2013-01-24,14.00,13.51,14.05,13.40,29538,40520000,-0.55,-3.91,4.62,7.13
2013-01-25,13.31,13.40,13.68,13.31,11997,16120000,-0.11,-0.81,2.74,2.90
2013-01-28,13.37,13.73,13.73,13.37,12581,17120000,0.33,2.46,2.69,3.04
2013-01-29,13.75,13.87,14.04,13.70,15497,21570000,0.14,1.02,2.48,3.74
2013-01-30,13.87,13.67,13.93,13.49,14142,19340000,-0.20,-1.44,3.17,3.41
2013-01-31,13.76,13.90,13.98,13.60,19392,26820000,0.23,1.68,2.78,4.68
2013-02-01,13.89,13.84,13.94,13.68,11728,16200000,-0.06,-0.43,1.87,2.83
2013-02-04,13.84,13.59,13.98,13.50,13941,19020000,-0.25,-1.81,3.47,3.36
2013-02-05,13.38,13.63,13.74,13.38,9090,12340000,0.04,0.29,2.65,2.19
2013-02-06,13.60,13.68,13.77,13.50,8979,12270000,0.05,0.37,1.98,2.17
2013-02-07,13.74,13.89,13.95,13.65,15803,21890000,0.21,1.54,2.19,3.81
2013-02-08,13.90,13.99,14.09,13.89,13074,18330000,0.10,0.72,1.44,3.16
2013-02-18,14.10,14.36,14.49,14.10,30837,44180000,0.37,2.64,2.79,7.44
2013-02-19,14.29,14.13,14.45,13.99,20435,28970000,-0.23,-1.60,3.20,4.93
2013-02-20,14.15,14.65,14.90,14.15,41389,60660000,0.52,3.68,5.31,9.99
2013-02-21,14.65,14.52,14.89,14.30,35186,51340000,-0.13,-0.89,4.03,8.49
2013-02-22,14.44,14.18,14.68,14.14,20461,29400000,-0.34,-2.34,3.72,4.94
2013-02-25,14.34,15.22,15.50,14.19,72034,108430000,1.04,7.33,9.24,17.38
2013-02-26,15.10,14.80,15.61,14.70,64334,97450000,-0.42,-2.76,5.98,15.52
2013-02-27,14.79,14.84,15.10,14.50,29785,43960000,0.04,0.27,4.05,7.19
2013-02-28,14.99,14.99,15.00,14.52,30642,45480000,0.15,1.01,3.23,7.39
2013-03-01,15.05,15.74,15.97,15.01,66494,103700000,0.75,5.00,6.40,16.05
2013-03-04,15.64,15.83,16.66,15.40,84581,136100000,0.09,0.57,8.01,20.41
2013-03-05,15.84,16.18,16.48,15.57,47936,76710000,0.35,2.21,5.75,11.57
2013-03-06,16.09,15.95,16.39,15.76,36172,57660000,-0.23,-1.42,3.89,8.73
2013-03-07,15.99,15.13,16.05,14.95,39982,61760000,-0.82,-5.14,6.90,9.65
2013-03-08,15.13,15.19,15.37,15.05,18780,28500000,0.06,0.40,2.12,4.53
2013-03-11,15.20,15.17,15.45,15.05,14505,22180000,-0.02,-0.13,2.63,3.50
2013-03-12,15.09,14.40,15.30,14.05,31509,45850000,-0.77,-5.08,8.24,7.60
2013-03-13,14.30,14.27,14.37,14.01,12899,18270000,-0.13,-0.90,2.50,3.11
2013-03-14,14.23,14.33,14.65,14.23,13032,18800000,0.06,0.42,2.94,3.14
2013-03-15,14.32,14.39,14.70,14.02,15608,22570000,0.06,0.42,4.75,3.77
2013-03-18,14.40,14.65,14.82,14.31,21273,31170000,0.26,1.81,3.54,5.13
2013-03-19,14.55,15.07,15.07,14.47,28236,41880000,0.42,2.87,4.10,6.81
2013-03-20,15.19,15.23,15.25,14.91,27617,41740000,0.16,1.06,2.26,6.66
2013-03-21,15.80,15.68,16.20,15.46,57333,90690000,0.45,2.95,4.86,13.84
2013-03-22,15.53,15.42,15.79,15.30,30646,47260000,-0.26,-1.66,3.13,7.40
2013-06-24,16.58,16.58,16.58,16.58,24332,40340000,1.51,10.02,0.00,5.87
2013-06-25,16.80,16.05,16.80,14.92,96949,153120000,-0.53,-3.20,11.34,23.40
2013-06-26,15.60,16.57,16.78,15.25,69451,110650000,0.52,3.24,9.53,16.76
2013-06-27,16.30,15.36,16.60,15.36,65424,105270000,-1.21,-7.30,7.48,15.79
2013-06-28,15.00,13.99,15.00,13.92,48066,69200000,-1.37,-8.92,7.03,11.60
2013-07-01,13.88,13.97,14.13,13.45,26908,37180000,-0.02,-0.14,4.86,6.49
2013-07-02,13.90,14.51,14.67,13.75,40552,57870000,0.54,3.87,6.59,9.79
2013-07-03,14.40,14.32,14.60,14.11,26252,37660000,-0.19,-1.31,3.38,6.33
2013-07-04,14.21,14.60,14.62,13.94,29599,42410000,0.28,1.96,4.75,7.14
2013-07-05,14.57,14.02,14.57,14.00,21874,31250000,-0.58,-3.97,3.90,5.28
2013-07-08,13.54,12.62,13.54,12.62,29634,38320000,-1.40,-9.99,6.56,7.15
2013-07-09,12.28,12.44,12.68,12.27,15298,18970000,-0.18,-1.43,3.25,3.69
2013-07-10,12.42,12.82,12.88,12.27,18071,22760000,0.38,3.05,4.90,4.36
2013-07-11,12.75,13.09,13.28,12.75,21076,27510000,0.27,2.11,4.13,5.09
2013-07-12,13.12,13.13,13.46,13.02,21563,28440000,0.04,0.31,3.36,5.20
2013-07-15,13.20,13.28,13.44,13.13,16792,22380000,0.15,1.14,2.36,4.05
2013-07-16,13.36,13.50,13.55,13.26,15778,21160000,0.22,1.66,2.18,3.81
2013-07-17,13.44,13.27,13.63,13.25,17927,24060000,-0.23,-1.70,2.81,4.33
2013-07-18,13.25,13.00,13.30,12.97,13277,17380000,-0.27,-2.03,2.49,3.20
2013-07-19,13.00,12.65,13.24,12.61,13901,18090000,-0.35,-2.69,4.85,3.35
2013-07-22,12.40,13.27,13.28,12.30,13387,17380000,0.62,4.90,7.75,3.23
2013-07-23,13.32,13.80,13.97,13.32,29882,41160000,0.53,3.99,4.90,7.21
2013-07-24,13.70,14.48,14.59,13.60,40557,57490000,0.68,4.93,7.17,9.79
2013-07-25,14.50,13.90,14.51,13.77,24888,35340000,-0.58,-4.01,5.11,6.01
2013-07-26,13.91,14.10,14.20,13.79,15693,22040000,0.20,1.44,2.95,3.79
2013-07-29,14.11,13.89,14.15,13.72,13489,18770000,-0.21,-1.49,3.05,3.26
2013-07-30,13.86,13.70,13.95,13.29,11873,16220000,-0.19,-1.37,4.75,2.87
2013-07-31,13.70,13.97,14.28,13.70,16299,22910000,0.27,1.97,4.23,3.93
2013-08-01,14.11,14.49,14.53,14.01,29123,41730000,0.52,3.72,3.72,7.03
2013-08-02,14.65,14.47,14.79,14.35,26341,38380000,-0.02,-0.14,3.04,6.36
2013-08-05,14.41,14.51,14.67,14.35,15906,23080000,0.04,0.28,2.21,3.84
2013-08-06,14.43,14.90,14.92,14.42,27660,40870000,0.39,2.69,3.45,6.67
2013-08-07,14.48,14.05,14.49,13.89,61491,86990000,-0.85,-5.70,4.03,14.84
2013-08-08,13.95,14.00,14.29,13.78,23936,33510000,-0.05,-0.36,3.63,5.78
2013-08-09,13.99,14.05,14.12,13.76,21022,29360000,0.05,0.36,2.57,5.07
2013-08-12,14.40,14.60,14.88,14.40,43931,64030000,0.55,3.91,3.42,10.60
2013-08-13,14.51,14.57,14.72,14.47,23434,34150000,-0.03,-0.21,1.71,5.66
2013-08-14,14.55,14.94,15.13,14.51,47990,71570000,0.37,2.54,4.26,11.58
2013-08-15,14.92,14.62,14.92,14.61,21673,31900000,-0.32,-2.14,2.08,5.23
2013-08-16,14.60,14.15,14.77,14.12,21128,30530000,-0.47,-3.21,4.45,5.10
2013-08-19,14.01,14.41,14.46,14.00,18358,26260000,0.26,1.84,3.25,4.43
2013-08-20,14.28,14.37,14.55,14.28,11480,16520000,-0.04,-0.28,1.87,2.77
2013-08-21,14.50,14.69,14.74,14.25,26985,39310000,0.32,2.23,3.41,6.51
2013-08-22,14.68,14.49,14.68,14.47,17070,24800000,-0.20,-1.36,1.43,4.12
2013-08-23,14.60,14.35,14.66,14.13,20025,28980000,-0.14,-0.97,3.66,4.83
2013-08-26,14.69,14.88,14.96,14.49,29720,43830000,0.53,3.69,3.28,7.17
2013-08-27,14.90,14.95,15.29,14.87,30043,45200000,0.07,0.47,2.82,7.25
2013-08-28,14.82,14.49,14.84,14.47,25190,36810000,-0.46,-3.08,2.47,6.08
2013-08-29,14.43,14.43,14.64,14.34,11846,17140000,-0.06,-0.41,2.07,2.86
2013-08-30,14.54,13.90,14.54,13.84,20756,29370000,-0.53,-3.67,4.85,5.01
2013-09-02,13.88,14.07,14.10,13.80,7768,10870000,0.17,1.22,2.16,1.87
2013-09-03,14.10,14.22,14.28,14.07,8943,12700000,0.15,1.07,1.49,2.16
2013-09-04,14.50,14.51,14.55,14.28,16411,23680000,0.29,2.04,1.90,3.96
2013-09-05,14.51,14.61,14.80,14.38,20199,29440000,0.10,0.69,2.89,4.87
2013-09-06,14.50,14.77,14.85,14.50,22554,33240000,0.16,1.10,2.40,5.44
2013-09-09,14.80,14.75,14.86,14.50,24585,36090000,-0.02,-0.14,2.44,5.93
2013-09-10,14.76,15.50,15.65,14.57,63471,96180000,0.75,5.08,7.32,15.32
2013-09-11,15.34,15.12,15.53,15.00,42476,64630000,-0.38,-2.45,3.42,10.25
2013-09-12,15.05,14.85,15.30,14.77,29867,44940000,-0.27,-1.79,3.51,7.21
2013-09-13,15.01,15.12,15.47,15.01,29491,44850000,0.27,1.82,3.10,7.12
2013-09-16,15.13,15.19,15.27,14.85,20997,31610000,0.07,0.46,2.78,5.07
2013-09-17,15.16,14.77,15.24,14.77,16034,24050000,-0.42,-2.77,3.09,3.87
2013-09-18,14.68,15.23,15.23,14.68,20840,31190000,0.46,3.11,3.72,5.03
2013-09-23,15.29,15.36,15.56,15.10,29825,45780000,0.13,0.85,3.02,7.20
2013-09-24,15.40,15.36,15.60,15.21,23641,36490000,0.00,0.00,2.54,5.71
2013-09-25,15.25,15.37,15.64,15.13,23072,35580000,0.01,0.07,3.32,5.57
2013-09-26,15.32,14.90,15.36,14.88,16904,25500000,-0.47,-3.06,3.12,4.08
2013-09-27,14.98,14.97,15.10,14.85,10407,15600000,0.07,0.47,1.68,2.51
2013-09-30,15.07,15.19,15.28,14.92,11703,17650000,0.22,1.47,2.40,2.82
2013-10-08,15.20,15.43,15.65,15.20,19665,30330000,0.24,1.58,2.96,4.75
2013-10-09,15.40,15.49,15.58,15.23,22686,34990000,0.06,0.39,2.27,5.47
2013-10-10,15.54,15.15,15.54,15.11,17343,26520000,-0.34,-2.20,2.78,4.19
2013-10-11,15.20,15.56,15.56,15.20,27552,42480000,0.41,2.71,2.38,6.65
2013-10-14,15.70,15.96,15.98,15.60,39105,61780000,0.40,2.57,2.44,9.44
2013-10-15,15.97,15.70,16.22,15.58,23869,37760000,-0.26,-1.63,4.01,5.76
2013-10-16,15.60,16.02,16.17,15.26,39468,61980000,0.32,2.04,5.80,9.52
2013-10-17,15.97,16.66,17.50,15.91,72186,120730000,0.64,4.00,9.93,17.42
2013-10-18,16.47,16.41,16.57,16.03,29876,48770000,-0.25,-1.50,3.24,7.21
2013-10-21,16.53,17.30,17.68,16.33,57841,99280000,0.89,5.42,8.23,13.96
2013-10-22,17.50,17.50,18.28,17.15,60299,106550000,0.20,1.16,6.53,14.55
2013-10-23,17.50,17.50,18.15,16.70,53861,93490000,0.00,0.00,8.29,13.00
2013-10-24,17.36,16.74,17.36,16.70,23041,38980000,-0.76,-4.34,3.77,5.56
2013-10-25,16.69,16.44,17.48,16.38,33165,56050000,-0.30,-1.79,6.57,8.00
2013-10-28,16.44,16.20,16.49,15.71,21376,34460000,-0.24,-1.46,4.74,5.16
2013-10-29,16.18,15.58,16.36,15.18,31337,48970000,-0.62,-3.83,7.28,7.56
2013-10-30,15.58,15.74,15.83,15.50,15373,24080000,0.16,1.03,2.12,3.71
2013-10-31,15.69,15.53,15.78,15.28,13486,20940000,-0.21,-1.33,3.18,3.25
2013-11-01,15.41,15.63,15.73,15.29,8049,12500000,0.10,0.64,2.83,1.94
2013-11-04,15.71,16.22,16.45,15.71,20926,33930000,0.59,3.77,4.73,5.05
2013-11-05,16.17,16.36,16.50,16.00,14095,22930000,0.14,0.86,3.08,3.40
2013-11-06,16.90,16.67,17.79,16.65,46224,79120000,0.31,1.89,6.97,11.15
2013-11-07,16.40,16.79,16.98,16.39,23649,39610000,0.12,0.72,3.54,5.71
2013-11-08,16.61,16.25,16.90,16.13,17279,28470000,-0.54,-3.22,4.59,4.17
2013-11-11,16.34,16.16,16.40,15.70,15127,24220000,-0.09,-0.55,4.31,3.65
2013-11-12,16.20,16.90,16.90,15.98,28779,47610000,0.74,4.58,5.69,6.94
2013-11-13,16.92,17.78,18.29,16.82,96728,171550000,0.88,5.21,8.70,23.34
2013-11-14,17.80,19.52,19.55,17.80,102051,191720000,1.74,9.79,9.84,24.63
2013-11-15,19.38,20.14,20.90,19.11,99429,199560000,0.62,3.18,9.17,23.99
2013-11-18,20.14,20.79,22.15,20.10,63019,133940000,0.65,3.23,10.18,15.21
2013-11-19,20.55,20.86,21.39,20.18,72651,150980000,0.07,0.34,5.82,17.53
2013-11-20,20.54,20.62,21.00,20.14,45505,93280000,-0.24,-1.15,4.12,10.98
2013-11-21,20.70,21.06,21.65,20.45,100550,211230000,0.44,2.13,5.82,24.26
2013-11-22,20.82,20.94,20.96,20.35,38498,79800000,-0.12,-0.57,2.90,9.29
2013-11-25,20.88,22.96,23.03,20.40,79130,173690000,2.02,9.65,12.56,19.10
2013-11-26,22.78,22.26,23.79,22.00,80699,183710000,-0.70,-3.05,7.80,19.47
2013-11-27,22.10,22.46,23.47,22.02,56083,127400000,0.20,0.90,6.51,13.53
2013-11-28,22.48,22.80,23.24,22.23,51626,118040000,0.34,1.51,4.50,12.46
2013-11-29,22.71,23.27,23.89,22.68,50544,117910000,0.47,2.06,5.31,12.20
2013-12-02,20.94,20.94,21.48,20.94,44738,93940000,-2.33,-10.01,2.32,10.80
2013-12-03,18.85,19.56,20.30,18.85,76593,148950000,-1.38,-6.59,6.92,18.48
2013-12-04,19.40,19.35,19.93,19.05,70790,138420000,-0.21,-1.07,4.50,17.08
2013-12-05,19.17,19.15,19.86,19.06,43916,85250000,-0.20,-1.03,4.13,10.60
2013-12-06,19.26,19.07,19.42,18.88,32728,62680000,-0.08,-0.42,2.82,7.90
2013-12-09,19.28,19.79,19.90,19.28,43310,84860000,0.72,3.78,3.25,10.45
2013-12-10,19.86,19.33,19.87,19.27,33386,64970000,-0.46,-2.32,3.03,8.06
2013-12-11,19.30,19.10,19.53,18.97,21500,41410000,-0.23,-1.19,2.90,5.19
2013-12-12,19.11,19.32,19.41,19.02,16642,32030000,0.22,1.15,2.04,4.02
2013-12-13,19.31,19.67,19.68,19.10,31513,61280000,0.35,1.81,3.00,7.60
2013-12-16,19.75,18.15,19.84,18.11,46457,87140000,-1.52,-7.73,8.80,11.21
2013-12-17,18.14,18.13,18.39,17.80,23516,42510000,-0.02,-0.11,3.25,5.67
2013-12-18,18.10,18.20,18.35,18.00,15325,27930000,0.07,0.39,1.93,3.70
2013-12-19,18.38,18.31,18.65,18.22,15709,28990000,0.11,0.60,2.36,3.79
2013-12-20,18.48,17.60,18.49,17.55,19732,35180000,-0.71,-3.88,5.13,4.76
2013-12-23,17.59,16.88,17.62,16.43,22635,38270000,-0.72,-4.09,6.76,5.46
2013-12-24,16.96,17.09,17.34,16.80,16927,28980000,0.21,1.24,3.20,4.08
2013-12-25,17.21,18.23,18.25,17.10,32021,57170000,1.14,6.67,6.73,7.73
2013-12-26,18.21,18.20,18.87,17.81,43529,79840000,-0.03,-0.16,5.81,10.50
2013-12-27,18.20,18.40,18.58,17.90,30025,55190000,0.20,1.10,3.74,7.25
2013-12-30,18.48,19.35,19.65,18.46,50338,97000000,0.95,5.16,6.47,12.15
2013-12-31,19.12,19.06,19.48,18.78,23751,45390000,-0.29,-1.50,3.62,5.73
2014-01-02,19.10,19.23,19.38,19.00,17767,34110000,0.17,0.89,1.99,4.29
2014-01-03,19.16,18.63,19.20,18.42,28240,52840000,-0.60,-3.12,4.06,6.81
2014-01-06,18.63,17.30,18.63,17.22,24215,42870000,-1.33,-7.14,7.57,5.84
2014-01-07,16.96,17.47,17.57,16.96,12585,21840000,0.17,0.98,3.53,3.04
2014-01-08,17.45,17.67,17.99,17.45,14533,25790000,0.20,1.14,3.09,3.51
2014-01-09,17.60,17.92,18.18,17.45,19237,34460000,0.25,1.41,4.13,4.64
2014-01-10,17.71,17.23,17.90,17.15,13704,23870000,-0.69,-3.85,4.19,3.31
2014-01-13,17.23,17.23,17.52,17.10,9710,16830000,0.00,0.00,2.44,2.34
2014-01-15,17.80,18.01,18.58,17.78,27451,49780000,0.78,4.53,4.64,6.62
2014-01-16,17.91,18.10,18.20,17.75,16007,28800000,0.09,0.50,2.50,3.86
2014-01-17,18.00,17.96,18.05,17.80,11235,20130000,-0.14,-0.77,1.38,2.71
2014-01-20,17.97,18.08,18.52,17.95,18107,33020000,0.12,0.67,3.17,4.37
2014-01-21,17.90,18.13,18.19,17.90,14036,25300000,0.05,0.28,1.60,3.39
2014-01-22,18.19,18.55,18.59,18.05,26574,48930000,0.42,2.32,2.98,6.41
2014-01-23,18.52,18.93,18.99,18.40,25215,47340000,0.38,2.05,3.18,6.08
2014-01-24,18.80,19.05,19.20,18.71,22695,43060000,0.12,0.63,2.59,5.48
2014-01-27,19.05,18.77,19.07,18.71,19031,35920000,-0.28,-1.47,1.89,4.59
2014-01-28,18.83,18.38,18.90,18.29,14889,27570000,-0.39,-2.08,3.25,3.59
2014-01-29,18.39,18.72,18.75,18.38,9714,18070000,0.34,1.85,2.01,2.34
2014-01-30,18.69,18.35,18.70,18.25,10159,18680000,-0.37,-1.98,2.40,2.45
2014-02-07,18.25,18.58,18.73,17.93,13713,25180000,0.23,1.25,4.36,3.31
2014-02-10,18.62,19.48,19.49,18.62,30791,59130000,0.90,4.84,4.68,7.43
2014-02-11,19.40,20.17,20.45,19.34,49874,100010000,0.69,3.54,5.70,12.04
2014-02-12,20.28,20.18,20.90,19.90,55619,113340000,0.01,0.05,4.96,13.42
2014-02-13,20.70,19.53,20.72,19.46,38538,77250000,-0.65,-3.22,6.24,9.30
2014-02-14,19.53,20.05,20.10,19.30,29130,57600000,0.52,2.66,4.10,7.03
2014-02-17,20.38,20.79,20.92,20.15,45212,92550000,0.74,3.69,3.84,10.91
2014-02-18,20.51,20.35,20.72,20.19,29132,59300000,-0.44,-2.12,2.55,7.03
2014-02-19,20.49,19.61,20.49,19.43,40436,80130000,-0.74,-3.64,5.21,9.76
2014-02-20,19.66,19.28,19.75,19.17,22384,43350000,-0.33,-1.68,2.96,5.40
2014-02-21,19.22,19.40,19.48,18.98,15354,29610000,0.12,0.62,2.59,3.71
2014-02-24,19.50,19.82,19.88,19.43,25460,50220000,0.42,2.16,2.32,6.14
2014-02-25,19.55,18.18,19.57,17.92,32472,61700000,-1.64,-8.27,8.32,7.84
2014-02-26,18.15,18.00,18.15,17.50,16790,29900000,-0.18,-0.99,3.58,4.05
2014-02-27,18.00,17.63,18.35,17.62,15110,27230000,-0.37,-2.06,4.06,3.65
2014-02-28,17.50,17.98,17.99,17.49,11120,19740000,0.35,1.99,2.84,2.68
2014-03-03,18.08,18.92,18.94,18.00,19088,35420000,0.94,5.23,5.23,4.61
2014-03-04,18.87,18.51,18.87,18.20,16050,29650000,-0.41,-2.17,3.54,3.87
2014-03-05,18.53,18.26,18.72,18.25,9242,17030000,-0.25,-1.35,2.54,2.23
2014-03-06,18.27,18.78,18.90,17.88,17814,32620000,0.52,2.85,5.59,4.30
2014-03-07,18.49,19.55,19.88,18.49,44618,85990000,0.77,4.10,7.40,10.77
2014-03-10,19.48,19.92,20.68,19.08,72883,145890000,0.37,1.89,8.18,17.59
2014-03-11,19.72,19.79,20.00,19.30,24895,48850000,-0.13,-0.65,3.51,6.01
2014-03-12,19.70,18.29,19.79,17.98,29972,56370000,-1.50,-7.58,9.15,7.23
2014-03-13,18.29,18.48,18.49,18.13,12188,22390000,0.19,1.04,1.97,2.94
2014-03-14,18.29,17.92,18.30,17.60,18147,32470000,-0.56,-3.03,3.79,4.38
2014-03-17,17.90,18.30,18.39,17.76,12801,23260000,0.38,2.12,3.52,3.09
2014-03-18,18.49,18.57,18.82,18.31,12866,23930000,0.27,1.48,2.79,3.10
2014-03-19,18.57,18.48,18.57,18.22,9823,18010000,-0.09,-0.48,1.88,2.37
2014-03-20,18.50,18.00,18.82,18.00,12865,23850000,-0.48,-2.60,4.44,3.10
2014-03-21,17.78,18.17,18.37,17.45,13754,24560000,0.17,0.94,5.11,3.32
2014-03-24,18.18,18.36,18.58,18.06,12559,23100000,0.19,1.05,2.86,3.03
2014-03-25,18.36,18.25,18.61,18.06,7862,14390000,-0.11,-0.60,3.00,1.90
2014-03-26,18.20,18.45,18.54,18.20,7970,14670000,0.20,1.10,1.86,1.92
2014-03-27,18.45,17.92,18.45,17.91,10002,18170000,-0.53,-2.87,2.93,2.41
2014-03-28,17.50,16.67,17.70,16.54,21917,37080000,-1.25,-6.98,6.47,5.29
2014-03-31,16.58,16.61,16.94,16.52,7156,11980000,-0.06,-0.36,2.52,1.73
2014-04-01,16.86,17.14,17.20,16.86,6584,11250000,0.53,3.19,2.05,1.59
2014-04-02,17.13,16.92,17.23,16.90,5346,9080000,-0.22,-1.28,1.93,1.29
2014-04-03,16.92,17.03,17.25,16.90,5015,8550000,0.11,0.65,2.07,1.21
2014-04-04,17.00,17.16,17.19,16.96,3676,6290000,0.13,0.76,1.35,0.89
2014-04-08,17.13,17.20,17.22,16.97,7522,12890000,0.04,0.23,1.46,1.82
2014-04-09,17.30,17.29,17.35,17.13,5780,9970000,0.09,0.52,1.28,1.39
2014-04-10,17.25,17.31,17.42,17.25,8341,14460000,0.02,0.12,0.98,2.01
2014-04-11,17.29,16.92,17.29,16.85,7440,12640000,-0.39,-2.25,2.54,1.80
2014-04-14,16.99,17.06,17.17,16.86,6475,11010000,0.14,0.83,1.83,1.56
2014-04-15,16.96,17.09,17.29,16.95,8423,14440000,0.03,0.18,1.99,2.03
2014-04-16,17.09,16.94,17.19,16.81,6550,11080000,-0.15,-0.88,2.22,1.58
2014-04-17,16.90,17.08,17.27,16.90,9637,16480000,0.14,0.83,2.18,2.33
2014-04-21,18.38,17.49,18.38,17.40,24950,44240000,0.41,2.40,5.74,6.02
2014-04-22,17.29,16.95,17.43,16.71,17039,28880000,-0.54,-3.09,4.12,4.11
2014-04-23,16.83,16.71,16.86,16.58,8083,13480000,-0.24,-1.42,1.65,1.95
2014-04-24,16.56,16.77,17.10,16.56,6900,11630000,0.06,0.36,3.23,1.67
2014-04-25,16.65,15.53,16.78,15.52,15542,24950000,-1.24,-7.39,7.51,3.75
2014-04-28,15.50,14.99,15.57,14.31,10950,16200000,-0.54,-3.48,8.11,2.64
2014-04-29,14.99,15.40,15.50,14.81,5437,8180000,0.41,2.74,4.60,1.31
2014-04-30,15.13,15.47,15.70,15.13,6757,10450000,0.07,0.45,3.70,1.63
2014-05-05,15.47,15.52,15.59,15.23,5132,7890000,0.05,0.32,2.33,1.24
2014-05-06,15.48,15.56,15.70,15.33,5230,8140000,0.04,0.26,2.38,1.26
2014-05-07,15.42,15.16,15.60,15.10,4116,6340000,-0.40,-2.57,3.21,0.99
2014-05-08,15.18,15.27,15.52,15.11,4176,6420000,0.11,0.73,2.70,1.01
2014-05-09,15.31,15.15,15.59,15.08,2716,4120000,-0.12,-0.79,3.34,0.66
2014-05-12,15.18,15.49,15.52,15.08,5030,7750000,0.34,2.24,2.90,1.21
2014-05-13,15.44,15.34,15.62,15.26,4852,7470000,-0.09,-0.58,2.33,1.17
2014-05-14,15.41,15.44,15.51,15.34,3753,5790000,0.10,0.65,1.11,0.91
2014-05-15,15.38,14.91,15.55,14.88,4171,6350000,-0.53,-3.43,4.34,1.01
2014-05-16,14.80,14.55,14.99,14.45,4859,7110000,-0.36,-2.41,3.62,1.17
2014-05-19,14.60,14.76,14.78,14.55,4840,7110000,0.21,1.44,1.58,1.17
2014-05-20,14.70,14.98,15.05,14.68,5213,7810000,0.22,1.49,2.51,1.26
2014-05-21,14.96,15.28,15.28,14.91,2804,4250000,0.30,2.00,2.47,0.68
2014-05-22,15.35,15.25,15.42,15.12,4106,6300000,-0.03,-0.20,1.96,0.99
2014-05-23,15.37,15.36,15.47,15.20,4457,6850000,0.11,0.72,1.77,1.08
2014-05-26,15.56,15.48,15.58,15.38,3246,5020000,0.12,0.78,1.30,0.78
2014-05-27,15.48,15.57,15.79,15.44,4737,7410000,0.09,0.58,2.26,1.14
2014-05-28,15.57,15.62,15.80,15.32,3707,5770000,0.05,0.32,3.08,0.89
2014-05-29,15.59,15.42,15.77,15.36,4913,7650000,-0.20,-1.28,2.62,1.19
2014-05-30,15.46,15.42,15.59,15.31,2704,4160000,0.00,0.00,1.82,0.65
2014-06-03,15.40,15.38,15.55,15.36,4303,6660000,-0.04,-0.26,1.23,1.04
2014-06-04,15.34,15.43,15.55,15.14,4310,6650000,0.05,0.33,2.67,1.04
2014-06-05,15.53,15.79,15.83,15.42,7846,12290000,0.36,2.33,2.66,1.89
2014-06-06,15.70,15.88,15.93,15.54,6663,10530000,0.09,0.57,2.47,1.61
2014-06-09,15.88,15.90,16.00,15.73,7201,11450000,0.02,0.13,1.70,1.74
2014-06-10,15.90,15.90,15.99,15.68,6229,9900000,0.00,0.00,1.95,1.50
2014-06-11,15.91,16.38,16.61,15.91,15434,25370000,0.48,3.02,4.40,3.72
2014-06-12,16.38,16.12,16.38,16.05,5659,9140000,-0.26,-1.59,2.01,1.37
2014-06-13,16.10,16.30,16.56,16.10,7350,12020000,0.18,1.12,2.85,1.77
2014-06-16,16.39,16.57,16.61,16.30,6439,10640000,0.27,1.66,1.90,1.55
2014-06-17,16.57,16.67,16.76,16.42,6356,10560000,0.10,0.60,2.05,1.53
2014-06-18,16.58,16.10,16.62,16.10,6206,10120000,-0.57,-3.42,3.12,1.50
2014-06-19,16.29,15.55,16.35,15.31,6124,9690000,-0.55,-3.42,6.46,1.48
2014-06-20,15.74,16.01,16.19,15.59,6203,9870000,0.46,2.96,3.86,1.50
2014-06-23,16.10,16.31,16.43,15.94,6577,10720000,0.30,1.87,3.06,1.59
2014-06-24,16.32,16.33,16.50,16.20,3692,6030000,0.02,0.12,1.84,0.89
2014-06-25,16.38,16.56,16.70,16.09,9582,15740000,0.23,1.41,3.74,2.31
2014-06-26,16.58,17.16,17.18,16.45,20811,35130000,0.60,3.62,4.41,5.02
2014-06-27,17.25,16.86,17.32,16.78,16159,27340000,-0.30,-1.75,3.15,3.90
2014-06-30,16.71,16.83,16.89,16.67,7049,11830000,-0.03,-0.18,1.30,1.70
2014-07-01,16.83,16.85,16.94,16.76,7387,12450000,0.02,0.12,1.07,1.78
2014-07-02,16.70,16.98,17.14,16.70,10133,17220000,0.13,0.77,2.61,2.45
2014-07-03,17.03,16.86,17.03,16.76,7530,12710000,-0.12,-0.71,1.59,1.82
2014-07-04,16.90,16.70,16.96,16.68,6314,10600000,-0.16,-0.95,1.66,1.52
2014-07-07,16.69,16.80,16.84,16.64,5016,8400000,0.10,0.60,1.20,1.21
2014-07-08,16.88,16.92,16.93,16.71,7318,12320000,0.12,0.71,1.31,1.77
2014-07-09,17.20,17.16,17.96,17.12,30234,52870000,0.24,1.42,4.96,7.30
2014-07-10,17.10,17.12,17.34,16.80,11674,19910000,-0.04,-0.23,3.15,2.82
2014-07-11,17.22,17.48,17.69,17.17,15660,27380000,0.36,2.10,3.04,3.78
2014-07-14,17.67,17.55,17.67,17.31,11935,20840000,0.07,0.40,2.06,2.88
2014-07-15,17.50,17.07,17.50,16.77,17167,29230000,-0.48,-2.74,4.16,4.14
2014-07-16,17.04,17.00,17.40,16.90,8134,13910000,-0.07,-0.41,2.93,1.96
2014-07-17,17.02,16.95,17.10,16.88,5682,9650000,-0.05,-0.29,1.29,1.37
2014-07-18,16.90,16.85,17.08,16.83,5598,9480000,-0.10,-0.59,1.47,1.35
2014-07-21,16.85,16.58,16.85,16.58,6299,10490000,-0.27,-1.60,1.60,1.52
2014-07-22,16.57,16.75,16.81,16.48,4255,7110000,0.17,1.03,1.99,1.03
2014-07-23,16.87,17.30,17.49,16.58,16254,27950000,0.55,3.28,5.43,3.92
2014-07-24,17.29,16.98,17.36,16.88,8143,13890000,-0.32,-1.85,2.77,1.96
2014-07-25,17.01,16.96,17.10,16.90,4723,8020000,-0.02,-0.12,1.18,1.14
2014-07-28,17.02,17.27,17.28,16.99,8702,14960000,0.31,1.83,1.71,2.10
2014-07-29,17.27,17.30,17.35,17.16,9464,16350000,0.03,0.17,1.10,2.28
2014-07-30,17.35,17.14,17.35,17.08,7771,13340000,-0.16,-0.92,1.56,1.88
2014-07-31,17.25,17.40,17.45,17.12,9726,16780000,0.26,1.52,1.93,2.35
2014-08-01,17.33,17.97,17.99,17.26,20526,36090000,0.57,3.28,4.20,4.95
2014-08-04,17.89,18.31,18.48,17.72,33834,61550000,0.34,1.89,4.23,8.16
2014-08-05,18.26,17.90,18.26,17.83,16197,29060000,-0.41,-2.24,2.35,3.91
2014-08-06,17.92,17.78,18.04,17.62,11146,19810000,-0.12,-0.67,2.35,2.69
2014-08-07,17.78,17.58,17.87,17.56,8846,15640000,-0.20,-1.12,1.74,2.13
2014-08-08,17.61,17.64,17.75,17.51,6898,12160000,0.06,0.34,1.37,1.66
2014-08-11,17.64,17.79,17.82,17.51,10071,17830000,0.15,0.85,1.76,2.43
2014-08-12,17.78,17.89,18.09,17.71,8955,16050000,0.10,0.56,2.14,2.16
2014-08-13,17.84,17.65,18.04,17.56,9610,17050000,-0.24,-1.34,2.68,2.32
2014-08-14,17.70,17.54,17.76,17.50,8874,15640000,-0.11,-0.62,1.47,2.14
2014-08-15,17.50,17.65,17.75,17.50,5896,10410000,0.11,0.63,1.43,1.42
2014-08-18,17.65,17.92,17.96,17.65,11092,19800000,0.27,1.53,1.76,2.68
2014-08-19,17.98,17.91,18.10,17.69,11230,20080000,-0.01,-0.06,2.29,2.71
2014-08-20,17.75,17.99,18.04,17.70,12128,21750000,0.08,0.45,1.90,2.93
2014-08-21,17.90,17.78,18.08,17.66,12295,21900000,-0.21,-1.17,2.33,2.97
2014-08-22,17.79,18.54,18.64,17.79,37719,69140000,0.76,4.27,4.78,9.10
2014-08-25,18.54,18.18,18.54,18.16,21913,40110000,-0.36,-1.94,2.05,5.29
2014-08-26,18.19,17.72,18.28,17.62,11762,21050000,-0.46,-2.53,3.63,2.84
2014-08-27,17.80,17.76,17.84,17.66,7348,13050000,0.04,0.23,1.02,1.77
2014-08-28,17.81,17.88,17.90,17.59,8190,14570000,0.12,0.68,1.75,1.98
2014-08-29,17.84,17.92,17.92,17.74,6937,12380000,0.04,0.22,1.01,1.67
2014-09-01,18.00,18.15,18.20,17.99,7562,13670000,0.23,1.28,1.17,1.82
2014-09-02,18.21,18.30,18.36,18.16,12050,22030000,0.15,0.83,1.10,2.91
2014-09-03,18.33,18.40,18.69,18.26,16053,29640000,0.10,0.55,2.35,3.87
2014-09-04,18.51,18.51,18.65,18.27,18660,34540000,0.11,0.60,2.07,4.50
2014-09-05,18.53,18.82,18.88,18.45,23055,43220000,0.31,1.67,2.32,5.56
2014-09-09,18.88,18.97,19.20,18.77,24576,46720000,0.15,0.80,2.28,5.93
2014-09-10,18.93,19.21,19.55,18.93,21707,41860000,0.24,1.27,3.27,5.24
2014-09-11,19.43,19.99,20.15,19.25,43981,87100000,0.78,4.06,4.69,10.61
2014-09-12,20.00,20.10,20.10,19.52,23647,46890000,0.11,0.55,2.90,5.71
2014-09-15,19.98,20.00,20.29,19.86,20502,41010000,-0.10,-0.50,2.14,4.95
2014-09-16,20.00,18.91,20.00,18.81,28975,56270000,-1.09,-5.45,5.95,6.99
2014-09-17,18.70,19.32,19.45,18.70,19012,36480000,0.41,2.17,3.97,4.59
2014-09-18,19.32,19.43,19.50,19.27,11853,22980000,0.11,0.57,1.19,2.86
2014-09-19,19.40,19.24,19.44,18.92,17734,34060000,-0.19,-0.98,2.68,4.28
2014-09-22,19.20,19.33,19.49,19.00,20228,39000000,0.09,0.47,2.55,1.37
2014-09-23,19.31,19.54,19.71,19.29,11220,21900000,0.21,1.09,2.17,0.76
2014-09-24,19.54,20.20,20.59,19.54,24257,48970000,0.66,3.38,5.37,1.64
2014-09-25,20.20,19.90,20.60,19.78,23189,46810000,-0.30,-1.49,4.06,1.57
2014-09-26,20.14,20.42,20.48,19.85,19948,40440000,0.52,2.61,3.17,1.35
2014-09-29,20.60,21.23,21.39,20.60,27902,58680000,0.81,3.97,3.87,1.89
2014-09-30,21.36,21.07,21.36,20.81,11570,24300000,-0.16,-0.75,2.59,0.78
2014-10-08,21.10,21.44,21.50,21.00,20690,43910000,0.37,1.76,2.37,1.40
2014-10-09,21.33,20.80,21.55,20.58,25338,53140000,-0.64,-2.99,4.52,1.71
2014-10-10,20.63,20.60,21.08,20.43,14949,31000000,-0.20,-0.96,3.13,1.01
2014-10-13,20.60,21.04,21.22,20.60,19025,39800000,0.44,2.14,3.01,1.29
2014-10-14,21.03,21.95,22.50,21.03,38931,85370000,0.91,4.33,6.99,2.63
2014-10-15,22.37,23.50,23.80,22.00,42756,97700000,1.55,7.06,8.20,2.89
2014-10-16,23.10,22.66,23.50,22.58,21848,50240000,-0.84,-3.57,3.91,1.48
2014-10-17,22.54,22.85,23.32,22.03,20703,47180000,0.19,0.84,5.69,1.40
2014-10-20,22.85,23.88,24.30,22.82,27647,65820000,1.03,4.51,6.48,1.87
2014-10-21,23.90,23.74,24.28,23.58,15417,36760000,-0.14,-0.59,2.93,1.04
2014-10-22,23.80,22.80,24.05,22.70,20229,47210000,-0.94,-3.96,5.69,1.37
2014-10-23,22.82,23.01,23.50,22.41,24782,56530000,0.21,0.92,4.78,1.67
2014-10-24,22.96,23.10,23.46,22.71,13368,30900000,0.09,0.39,3.26,0.90
2014-10-27,22.96,22.82,23.10,22.62,10554,24100000,-0.28,-1.21,2.08,0.71
2014-10-28,22.98,24.25,24.25,22.98,24753,58890000,1.43,6.27,5.57,1.67
2014-10-29,24.25,24.60,24.95,24.02,28467,69660000,0.35,1.44,3.84,1.92
2014-10-30,24.50,24.30,24.86,24.05,14293,34810000,-0.30,-1.22,3.29,0.97
2014-10-31,24.50,23.93,24.50,23.60,17167,41050000,-0.37,-1.52,3.70,1.16
2014-11-03,23.80,25.88,25.96,23.73,42995,108070000,1.95,8.15,9.32,2.91
2014-11-04,26.00,25.85,26.50,25.38,35907,93320000,-0.03,-0.12,4.33,2.43
2014-11-05,25.36,26.82,27.35,25.33,34514,91670000,0.97,3.75,7.81,2.33
2014-11-06,26.67,26.83,27.48,26.19,23784,63430000,0.01,0.04,4.81,1.61
2014-11-07,26.88,26.72,27.10,26.42,19097,51070000,-0.11,-0.41,2.53,1.29
2014-11-10,26.81,25.33,26.98,25.15,37063,94860000,-1.39,-5.20,6.85,2.50
2014-11-11,25.29,23.30,25.29,23.00,52465,126340000,-2.03,-8.01,9.04,3.54
2014-11-12,23.39,24.31,24.31,23.39,30956,73900000,1.01,4.33,3.95,2.09
2014-11-13,24.40,23.72,24.70,23.46,23922,57150000,-0.59,-2.43,5.10,1.62
2014-11-14,23.73,24.00,24.05,23.02,17662,41800000,0.28,1.18,4.34,1.19
2014-11-17,24.08,24.28,24.54,23.71,15528,37790000,0.28,1.17,3.46,1.05
2014-11-18,24.47,24.63,24.72,23.70,18434,44530000,0.35,1.44,4.20,1.25
2014-11-19,24.20,24.24,24.50,23.96,11931,28790000,-0.39,-1.58,2.19,0.81
2014-11-20,23.90,24.65,24.69,23.81,12608,30730000,0.41,1.69,3.63,0.85
2014-11-21,24.50,25.27,25.49,24.42,15680,39450000,0.62,2.52,4.34,1.06
2014-11-24,25.50,25.59,25.86,25.02,16714,42710000,0.32,1.27,3.32,1.13
2014-11-25,25.58,25.60,25.95,25.41,14283,36590000,0.01,0.04,2.11,0.97
2014-11-26,25.86,26.02,26.42,25.65,16807,43790000,0.42,1.64,3.01,1.14
2014-11-27,26.19,25.67,26.48,25.60,14629,37680000,-0.35,-1.35,3.38,0.99
2014-11-28,25.66,25.15,25.88,24.80,28449,71450000,-0.52,-2.03,4.21,1.92
2014-12-01,25.10,25.11,25.36,24.83,22698,56850000,-0.04,-0.16,2.11,1.53
2014-12-02,25.11,26.30,26.48,25.09,22050,57170000,1.19,4.74,5.54,1.49
2014-12-03,26.28,26.29,26.44,25.52,19939,51810000,-0.01,-0.04,3.50,1.35
2014-12-04,26.03,26.59,26.95,26.02,23433,62040000,0.30,1.14,3.54,1.58
2014-12-05,26.63,27.17,27.17,25.54,44230,115590000,0.58,2.18,6.13,2.99
2014-12-08,27.00,29.22,29.77,26.66,41942,119350000,2.05,7.55,11.45,2.83
2014-12-09,28.86,28.18,29.49,27.90,34482,98830000,-1.04,-3.56,5.44,2.33
2014-12-10,28.00,31.00,31.00,27.93,39340,118420000,2.82,10.01,10.89,2.66
2014-12-11,31.86,31.10,32.88,30.20,51435,163060000,0.10,0.32,8.65,3.48
2014-12-12,31.05,30.57,31.11,29.96,28365,86100000,-0.53,-1.70,3.70,1.92
2014-12-15,30.02,30.28,30.77,29.40,25069,75490000,-0.29,-0.95,4.48,1.69
2014-12-16,30.58,30.20,30.58,29.79,14772,44560000,-0.08,-0.26,2.61,1.00
2014-12-17,30.01,28.60,30.57,28.39,21831,63490000,-1.60,-5.30,7.22,1.48
2014-12-18,28.88,28.93,29.49,28.40,16423,47700000,0.33,1.15,3.81,1.11
2014-12-19,28.84,27.99,28.84,27.52,16065,44950000,-0.94,-3.25,4.56,1.09
2014-12-22,28.05,25.70,28.07,25.19,31043,80420000,-2.29,-8.18,10.29,2.10
2014-12-23,25.63,25.60,26.34,25.06,11174,28690000,-0.10,-0.39,4.98,0.76
2014-12-24,25.70,26.77,26.99,25.70,14647,38640000,1.17,4.57,5.04,0.99
2014-12-25,26.76,27.50,27.78,26.52,13655,37160000,0.73,2.73,4.71,0.92
2014-12-26,27.57,27.33,27.75,26.90,11165,30480000,-0.17,-0.62,3.09,0.75
2014-12-29,27.21,25.87,27.28,25.48,17539,45720000,-1.46,-5.34,6.59,1.19
2014-12-30,26.00,25.00,26.23,24.12,15883,39620000,-0.87,-3.36,8.16,1.07
2014-12-31,24.59,25.55,25.55,24.22,13032,32480000,0.55,2.20,5.32,0.88
2015-01-05,25.59,25.45,25.63,25.05,8518,21650000,-0.10,-0.39,2.27,0.58
2015-01-06,25.51,26.80,26.84,25.20,15060,39200000,1.35,5.30,6.44,1.02
2015-01-07,26.72,26.62,26.72,25.90,9782,25750000,-0.18,-0.67,3.06,0.66
2015-01-08,26.63,26.50,26.86,26.24,7277,19320000,-0.12,-0.45,2.33,0.49
2015-01-09,26.50,25.58,26.70,25.30,15739,40770000,-0.92,-3.47,5.28,1.06
2015-01-12,25.66,24.90,25.66,24.52,9447,23580000,-0.68,-2.66,4.46,0.64
2015-01-13,24.97,25.36,25.47,24.64,6621,16670000,0.46,1.85,3.33,0.45
2015-01-14,25.40,25.70,25.99,25.40,8651,22260000,0.34,1.34,2.33,0.58
2015-01-15,25.90,26.85,26.98,25.51,18494,49220000,1.15,4.47,5.72,1.25
2015-01-16,26.70,26.74,26.89,26.40,9928,26420000,-0.11,-0.41,1.83,0.67
2015-01-19,26.36,26.75,27.47,25.60,24267,65290000,0.01,0.04,6.99,1.64
2015-01-21,28.70,29.04,29.24,28.11,43572,125300000,2.29,8.56,4.22,2.94
2015-01-22,28.88,28.81,29.48,28.38,29552,84950000,-0.23,-0.79,3.79,2.00
2015-01-23,28.90,28.38,28.90,28.28,13700,39020000,-0.43,-1.49,2.15,0.93
2015-01-26,27.80,28.20,28.50,27.80,10791,30300000,-0.18,-0.63,2.47,0.73
2015-01-27,28.20,28.53,28.78,27.85,10443,29600000,0.33,1.17,3.30,0.71
2015-01-28,28.19,28.10,28.55,27.91,6657,18780000,-0.43,-1.51,2.24,0.45
2015-02-02,27.80,28.55,28.98,27.48,10525,30050000,0.45,1.60,5.34,0.71
2015-02-03,28.58,29.65,29.94,28.58,17383,51240000,1.10,3.85,4.76,1.17
2015-02-04,29.66,29.19,29.95,29.10,7525,22180000,-0.46,-1.55,2.87,0.51
2015-02-05,29.19,29.00,29.60,28.84,8168,23800000,-0.19,-0.65,2.60,0.55
2015-02-06,28.83,29.40,30.28,28.83,20480,61050000,0.40,1.38,5.00,1.38
2015-02-09,29.12,28.66,29.48,28.00,10988,31760000,-0.74,-2.52,5.03,0.74
2015-02-10,28.21,28.49,29.00,27.86,6388,18270000,-0.17,-0.59,3.98,0.43
2015-02-11,28.67,28.53,28.87,28.45,3912,11190000,0.04,0.14,1.47,0.26
2015-02-12,28.63,30.35,30.35,28.41,28304,84830000,1.82,6.38,6.80,1.91
2015-02-13,30.75,31.01,32.55,30.49,32170,101910000,0.66,2.17,6.79,2.17
2015-02-16,30.78,31.10,31.50,30.60,12532,38810000,0.09,0.29,2.90,0.85
2015-02-17,31.00,31.69,31.91,30.77,10661,33560000,0.59,1.90,3.67,0.72
2015-02-25,31.82,30.43,32.09,30.00,14406,45160000,-1.26,-3.98,6.60,0.97
2015-02-26,30.62,30.76,30.88,30.10,5962,18180000,0.33,1.08,2.56,0.40
2015-02-27,30.72,32.40,32.72,30.72,19180,61230000,1.64,5.33,6.50,1.30
2015-03-02,33.60,34.57,35.64,33.60,46810,164360000,2.17,6.70,6.30,3.16
2015-03-03,34.81,36.90,37.95,34.01,42192,149320000,2.33,6.74,11.40,2.85
2015-03-04,36.59,36.36,36.59,35.01,17979,64100000,-0.54,-1.46,4.28,1.21
2015-03-05,36.49,35.30,36.49,34.70,25023,87950000,-1.06,-2.92,4.92,1.69
2015-03-06,35.10,34.62,35.10,34.10,8213,28390000,-0.68,-1.93,2.83,0.55
2015-03-09,34.71,34.69,35.15,34.45,9289,32390000,0.07,0.20,2.02,0.63
2015-03-10,34.80,34.65,35.41,34.40,14806,51960000,-0.04,-0.12,2.91,1.00
2015-03-11,34.70,33.88,35.00,33.60,12102,41200000,-0.77,-2.22,4.04,0.82
2015-03-12,33.80,33.77,34.10,33.70,7812,26450000,-0.11,-0.32,1.18,0.53
2015-03-13,34.00,33.66,34.00,33.16,13256,44280000,-0.11,-0.33,2.49,0.90
2015-03-16,33.66,34.80,35.10,33.66,21184,73540000,1.14,3.39,4.28,1.43
2015-03-17,34.85,34.80,35.34,33.86,14734,51360000,0.00,0.00,4.25,1.00
2015-03-18,34.80,35.09,35.79,34.75,18380,64680000,0.29,0.83,2.99,1.24
2015-03-19,34.99,35.00,35.49,34.30,15490,54070000,-0.09,-0.26,3.39,1.05
2015-03-20,35.14,36.13,36.97,34.98,24911,90290000,1.13,3.23,5.69,1.68
2015-03-23,36.15,36.36,36.65,35.82,16840,61040000,0.23,0.64,2.30,1.14
2015-03-24,36.63,37.18,37.85,35.20,24590,90710000,0.82,2.26,7.29,1.66
2015-03-27,38.85,39.36,40.90,37.70,25087,98160000,2.18,5.86,8.61,1.70
2015-03-30,39.59,38.26,39.94,37.80,22895,88600000,-1.10,-2.79,5.44,1.55
2015-03-31,38.36,38.72,39.68,38.36,19007,74110000,0.46,1.20,3.45,1.28
2015-04-01,38.73,39.52,39.88,38.52,17459,68660000,0.80,2.07,3.51,1.18
2015-04-02,40.16,41.78,42.25,39.11,25841,105130000,2.26,5.72,7.95,1.75
2015-04-03,41.48,43.57,43.88,40.69,23404,100030000,1.79,4.28,7.64,1.58
2015-04-07,43.58,46.70,46.74,43.50,20792,95310000,3.13,7.18,7.44,1.40
2015-04-08,46.71,44.78,46.73,44.44,21142,96330000,-1.92,-4.11,4.90,1.43
2015-04-09,44.75,43.69,45.66,40.31,20379,86560000,-1.09,-2.43,11.95,1.38
2015-04-10,43.50,44.17,44.90,42.21,20527,90480000,0.48,1.10,6.16,1.39
2015-04-13,44.30,44.92,46.95,44.30,23378,106680000,0.75,1.70,6.00,1.58
2015-04-14,44.82,42.86,44.88,42.30,19140,82870000,-2.06,-4.59,5.74,1.29
2015-04-15,42.45,40.83,42.45,40.20,11090,45700000,-2.03,-4.74,5.25,0.75
2015-04-16,40.74,42.36,43.24,39.00,17011,71240000,1.53,3.75,10.38,1.15
2015-04-17,42.36,42.86,43.60,42.00,13271,56850000,0.50,1.18,3.78,0.90
2015-05-05,23.39,23.39,23.39,23.39,4843,11330000,2.13,10.02,0.00,0.16
2015-05-06,25.00,25.73,25.73,22.52,108285,266400000,2.34,10.00,13.72,3.66
2015-05-07,25.00,28.13,28.25,24.11,103017,276360000,2.40,9.33,16.09,3.48
2015-05-08,28.13,27.50,29.48,26.87,89252,248950000,-0.63,-2.24,9.28,3.02
2015-05-11,27.51,28.00,28.95,26.50,80696,222360000,0.50,1.82,8.91,2.73
2015-05-28,30.80,30.80,30.80,30.80,1604,4940000,2.80,10.00,0.00,0.05
2015-05-29,33.88,33.88,33.88,31.53,90358,304080000,3.08,10.00,7.63,3.04
2015-06-01,35.00,37.27,37.27,34.08,100451,368830000,3.39,10.01,9.42,3.38
2015-06-02,39.52,37.01,40.30,35.90,97429,369170000,-0.26,-0.70,11.81,3.28
2015-06-03,36.50,35.31,36.50,34.50,70657,250020000,-1.70,-4.59,5.40,2.38
2015-06-04,35.00,33.93,35.25,31.98,66285,222200000,-1.38,-3.91,9.26,2.23
2015-06-05,34.18,34.94,36.70,34.15,62676,223380000,1.01,2.98,7.52,2.11
2015-06-08,35.29,33.54,35.49,32.82,43291,146300000,-1.40,-4.01,7.64,1.46
2015-06-09,34.00,33.66,34.90,33.49,42585,145180000,0.12,0.36,4.20,1.43
2015-06-10,33.78,35.01,35.50,32.17,57068,193710000,1.35,4.01,9.89,1.92
2015-06-11,34.70,34.81,35.50,34.02,30367,105230000,-0.20,-0.57,4.23,1.02
2015-06-12,34.57,36.01,36.49,34.57,72945,259120000,1.20,3.45,5.52,2.46
2015-06-15,36.19,34.85,36.88,34.08,55785,198850000,-1.16,-3.22,7.78,1.88
2015-06-16,34.80,32.50,34.80,32.20,32686,108280000,-2.35,-6.74,7.46,1.10
2015-06-17,33.10,31.44,33.47,29.25,56396,174440000,-1.06,-3.26,12.98,1.90
2015-06-18,31.20,28.84,31.20,28.76,49693,147980000,-2.60,-8.27,7.76,1.67
2015-06-19,27.15,26.33,28.73,25.96,42954,117730000,-2.51,-8.70,9.60,1.45
2015-06-23,25.86,28.96,28.96,25.81,71448,201540000,2.63,9.99,11.96,2.41
2015-06-24,29.80,31.86,31.86,29.50,72961,225470000,2.90,10.01,8.15,2.46
2015-06-25,33.00,32.05,35.00,31.00,81516,270250000,0.19,0.60,12.55,2.74
2015-06-26,30.60,28.85,30.79,28.85,56416,165950000,-3.20,-9.98,6.05,1.90
2015-06-29,29.06,27.00,30.27,25.97,56763,156900000,-1.85,-6.41,14.90,1.91
2015-06-30,26.26,29.70,29.70,24.30,61842,167450000,2.70,10.00,20.00,2.08
2015-07-01,30.50,30.35,32.60,29.00,106827,337100000,0.65,2.19,12.12,3.60
2015-07-02,29.62,30.22,32.14,29.00,68731,210500000,-0.13,-0.43,10.35,2.31
2015-07-03,28.84,27.75,31.40,27.20,55819,159980000,-2.47,-8.17,13.90,1.88
2015-07-06,30.53,24.98,30.53,24.98,67200,181790000,-2.77,-9.98,20.00,2.26
2015-07-07,22.60,22.48,23.89,22.48,18896,42770000,-2.50,-10.01,5.64,0.64
2015-07-30,24.73,24.73,24.73,24.73,780,1930000,2.25,10.01,0.00,0.03
2015-07-31,27.20,27.20,27.20,27.17,30032,81690000,2.47,9.99,0.12,1.01
2015-08-03,27.25,24.48,27.96,24.48,75805,197180000,-2.72,-10.00,12.79,2.55
2015-08-04,23.60,26.76,26.88,23.28,59841,149410000,2.28,9.31,14.71,2.01
2015-08-05,26.21,25.89,27.75,25.55,47013,125110000,-0.87,-3.25,8.22,1.58
2015-08-06,25.77,25.16,26.01,24.72,21411,54520000,-0.73,-2.82,4.98,0.72
2015-08-07,25.48,26.78,27.00,25.47,37982,100600000,1.62,6.44,6.08,1.28
2015-08-10,27.88,29.25,29.40,27.20,51575,148430000,2.47,9.22,8.22,1.74
2015-08-11,30.10,29.20,31.49,28.41,57009,172170000,-0.05,-0.17,10.53,1.92
2015-08-12,28.63,28.66,30.00,28.03,39051,113160000,-0.54,-1.85,6.75,1.31
2015-08-13,28.20,29.16,29.20,28.07,27211,78040000,0.50,1.74,3.94,0.92
2015-08-14,29.61,29.89,30.10,29.30,34810,103850000,0.73,2.50,2.74,1.17
2015-08-17,29.74,30.00,30.25,29.40,20733,62100000,0.11,0.37,2.84,0.70
2015-08-18,30.40,28.52,30.90,27.00,44207,129370000,-1.48,-4.93,13.00,1.49
2015-08-19,27.53,29.17,29.50,25.80,22924,63320000,0.65,2.28,12.97,0.77
2015-08-20,29.17,29.19,30.25,28.25,29142,86020000,0.02,0.07,6.86,0.98
2015-08-21,29.19,28.16,30.38,27.86,30631,89310000,-1.03,-3.53,8.63,1.03
2015-08-24,26.00,25.34,27.00,25.34,19200,49300000,-2.82,-10.01,5.89,0.65
2015-08-25,22.81,22.81,24.28,22.81,51840,119180000,-2.53,-9.98,5.80,1.75
2015-08-26,23.29,23.30,23.80,20.53,43217,96950000,0.49,2.15,14.34,1.46
2015-08-27,23.99,24.00,24.38,22.50,35360,84540000,0.70,3.00,8.07,1.19
2015-08-28,24.01,25.48,26.00,23.68,34614,84480000,1.48,6.17,9.67,1.17
2015-08-31,25.48,23.61,25.48,23.60,21261,52260000,-1.87,-7.34,7.38,0.72
2015-09-01,23.30,21.25,23.30,21.25,20393,44230000,-2.36,-10.00,8.68,0.69
2015-09-02,21.00,20.60,22.60,19.60,27680,58700000,-0.65,-3.06,14.12,0.93
2015-09-07,21.48,22.05,22.56,21.05,27109,59280000,1.45,7.04,7.33,0.91
2015-09-08,21.61,22.83,22.90,21.50,17945,39740000,0.78,3.54,6.35,0.60
2015-09-09,22.84,23.20,23.84,22.50,23500,54590000,0.37,1.62,5.87,0.79
2015-09-10,23.20,22.60,23.20,22.44,13075,29930000,-0.60,-2.59,3.28,0.44
2015-09-11,23.00,22.60,23.00,22.43,8723,19730000,0.00,0.00,2.52,0.29
2015-09-14,22.82,20.36,23.50,20.34,17010,36530000,-2.24,-9.91,13.98,0.57
2015-09-15,20.35,19.65,20.35,18.63,16622,32220000,-0.71,-3.49,8.45,0.56
2015-09-16,19.67,21.00,21.56,19.00,27669,55400000,1.35,6.87,13.03,0.93
2015-09-17,21.00,20.75,21.85,20.42,29574,62690000,-0.25,-1.19,6.81,1.00
2015-09-18,20.87,20.87,21.25,20.50,9304,19340000,0.12,0.58,3.61,0.31
2015-09-21,19.72,21.89,22.17,19.72,15440,33200000,1.02,4.89,11.74,0.52
2015-09-22,21.65,21.86,22.21,21.58,9093,19930000,-0.03,-0.14,2.88,0.31
2015-09-23,21.86,21.90,22.39,21.12,11865,25960000,0.04,0.18,5.81,0.40
2015-09-24,21.91,22.30,22.36,21.91,13679,30300000,0.40,1.83,2.05,0.46
2015-09-25,22.20,22.58,23.25,21.33,19397,43340000,0.28,1.26,8.61,0.65
2015-09-28,22.70,23.23,23.59,22.42,16688,38600000,0.65,2.88,5.18,0.56
2015-09-29,22.78,22.68,23.50,22.51,9830,22550000,-0.55,-2.37,4.26,0.33
2015-09-30,22.73,22.77,23.28,22.19,8038,18270000,0.09,0.40,4.81,0.27
2015-10-08,23.77,23.68,24.00,23.02,14934,35520000,0.91,4.00,4.30,0.50
2015-10-09,23.79,23.83,24.18,23.50,11072,26390000,0.15,0.63,2.87,0.37
2015-10-12,23.95,25.71,26.20,23.92,39653,100120000,1.88,7.89,9.57,1.34
2015-10-13,25.76,26.10,26.11,25.39,17306,44640000,0.39,1.52,2.80,0.58
2015-10-14,26.10,26.53,27.10,25.81,16607,43850000,0.43,1.65,4.94,0.56
2015-10-15,26.42,26.74,26.85,26.00,17792,47040000,0.21,0.79,3.20,0.60
2015-10-16,26.76,26.78,27.35,26.22,18651,49940000,0.04,0.15,4.23,0.63
2015-10-19,26.70,25.91,26.70,25.51,19628,50670000,-0.52,-1.97,4.50,0.66
2015-10-20,25.60,28.48,28.48,25.60,31657,84890000,2.57,9.92,11.12,1.07
2015-10-21,28.00,25.73,28.13,25.63,44791,122260000,-2.75,-9.66,8.78,1.51
2015-10-22,25.71,26.45,26.57,25.22,17992,46940000,0.72,2.80,5.25,0.61
2015-10-23,26.46,27.30,27.99,26.01,24927,66740000,0.85,3.21,7.49,0.84
2015-10-26,27.88,27.53,28.14,27.31,42998,119710000,0.23,0.84,3.04,1.45
2015-10-27,26.80,26.82,27.29,25.29,30954,80470000,-0.71,-2.58,7.26,1.04
2015-10-28,27.00,26.30,27.10,26.04,20579,54680000,-0.52,-1.94,3.95,0.69
2015-10-29,26.30,25.94,26.67,25.63,14920,38780000,-0.36,-1.37,3.95,0.50
2015-10-30,25.94,26.00,26.00,25.41,16033,41270000,0.06,0.23,2.27,0.54
2015-11-02,25.90,25.30,26.22,24.83,22910,58610000,-0.70,-2.69,5.35,0.77
2015-11-03,25.33,24.89,25.65,24.71,13228,33140000,-0.41,-1.62,3.72,0.45
2015-11-04,24.87,26.04,26.20,24.87,35207,90390000,1.15,4.62,5.34,1.19
2015-11-05,26.48,26.01,27.03,25.80,35546,94170000,-0.03,-0.12,4.72,1.20
2015-11-06,26.25,26.64,26.68,26.05,21152,56070000,0.63,2.42,2.42,0.71
2015-11-09,26.23,27.28,27.50,26.23,30750,83250000,0.64,2.40,4.77,1.04
2015-11-10,26.63,26.85,27.80,26.62,24173,65320000,-0.43,-1.58,4.33,0.81
2015-11-11,27.00,27.07,27.49,26.88,20977,56800000,0.22,0.82,2.27,0.71
2015-11-12,27.17,27.86,28.25,26.81,39454,108020000,0.79,2.92,5.32,1.33
2015-11-13,27.60,27.23,27.60,26.73,30944,84070000,-0.63,-2.26,3.12,1.04
2015-11-16,27.00,29.17,29.50,26.72,58241,166530000,1.94,7.12,10.21,1.96
2015-11-17,29.42,28.79,29.75,28.52,64516,187820000,-0.38,-1.30,4.22,2.17
2015-11-18,28.40,27.85,28.82,27.05,45489,127140000,-0.94,-3.27,6.15,1.53
2015-11-19,27.52,28.00,28.00,27.00,33184,91480000,0.15,0.54,3.59,1.12
2015-11-20,28.15,27.50,28.28,27.23,39108,107850000,-0.50,-1.79,3.75,1.32
2015-11-23,27.78,26.54,27.78,26.45,63073,170010000,-0.96,-3.49,4.84,2.12
2015-11-24,26.26,26.75,26.86,26.26,33739,89520000,0.21,0.79,2.26,1.14
2015-11-25,26.79,27.54,27.54,26.51,42714,115740000,0.79,2.95,3.85,1.44
2015-11-26,27.60,27.91,28.77,27.13,99371,276590000,0.37,1.34,5.96,3.35
2015-11-27,27.72,25.80,27.88,25.12,44177,119140000,-2.11,-7.56,9.89,1.49
2015-11-30,25.73,24.87,26.50,23.55,47689,118840000,-0.93,-3.60,11.43,1.61
2015-12-01,25.26,25.82,25.90,24.02,78949,198230000,0.95,3.82,7.56,2.66
2015-12-02,25.70,25.03,25.70,24.89,36040,90660000,-0.79,-3.06,3.14,1.21
2015-12-03,25.11,25.63,26.05,25.11,46320,118940000,0.60,2.40,3.76,1.56
2015-12-04,25.40,25.22,26.05,25.12,24068,61310000,-0.41,-1.60,3.63,0.81
2015-12-07,25.81,25.97,26.50,25.32,36267,94700000,0.75,2.97,4.68,1.22
2015-12-08,25.95,25.79,26.58,25.58,31327,81980000,-0.18,-0.69,3.85,1.05
2015-12-09,26.00,25.40,26.29,25.20,21723,55810000,-0.39,-1.51,4.23,0.73
2015-12-10,25.13,24.47,25.72,24.25,31305,78120000,-0.93,-3.66,5.79,1.05
2015-12-11,24.50,24.59,25.06,24.40,14216,35190000,0.12,0.49,2.70,0.48
2015-12-14,24.48,24.91,24.98,24.32,12549,31060000,0.32,1.30,2.68,0.42
2015-12-15,24.99,25.80,26.08,24.99,21600,55750000,0.89,3.57,4.38,0.73
2015-12-16,26.08,25.86,26.27,25.63,15619,40510000,0.06,0.23,2.48,0.53
2015-12-17,25.86,26.53,26.54,25.86,21219,55970000,0.67,2.59,2.63,0.71
2015-12-18,26.71,26.28,26.71,26.11,15777,41660000,-0.25,-0.94,2.26,0.53
2015-12-21,26.00,26.96,26.96,25.92,23465,62960000,0.68,2.59,3.96,0.79
2015-12-22,27.00,26.39,27.09,26.30,24965,66110000,-0.57,-2.11,2.93,0.84
2015-12-23,26.40,27.20,27.20,26.40,33412,89790000,0.81,3.07,3.03,1.12
2015-12-24,27.38,27.10,27.38,26.51,31925,86250000,-0.10,-0.37,3.20,1.07
2015-12-25,27.10,26.60,27.20,26.47,19573,52350000,-0.50,-1.85,2.69,0.66
2015-12-28,26.65,26.06,26.90,26.06,16999,45000000,-0.54,-2.03,3.16,0.57
2015-12-29,26.21,26.59,26.68,26.10,12703,33560000,0.53,2.03,2.23,0.43
2015-12-30,26.70,27.70,27.77,26.48,33133,90790000,1.11,4.17,4.85,1.12
2015-12-31,27.39,26.63,27.45,26.50,25753,69580000,-1.07,-3.86,3.43,0.87
2016-01-04,26.66,24.16,26.70,24.02,13062,33160000,-2.47,-9.28,10.06,0.44
2016-01-05,23.18,23.33,24.48,22.51,17174,40200000,-0.83,-3.44,8.15,0.58
2016-01-06,23.36,23.85,23.98,23.26,10427,24630000,0.52,2.23,3.09,0.35
2016-01-07,23.69,21.64,23.69,21.50,2601,5870000,-2.21,-9.27,9.18,0.09
2016-01-08,21.99,22.45,22.98,21.64,15255,34140000,0.81,3.74,6.19,0.51
2016-01-11,21.87,20.30,22.66,20.21,14000,30360000,-2.15,-9.58,10.91,0.47
2016-01-12,20.50,20.30,20.66,19.61,12320,24840000,0.00,0.00,5.17,0.41
2016-01-13,20.63,18.27,20.63,18.27,71583,134920000,-2.03,-10.00,11.63,2.05
2016-01-14,16.44,18.60,18.85,16.44,198434,335590000,0.33,1.81,13.19,5.69
2016-01-15,17.60,17.10,18.19,17.01,138109,244040000,-1.50,-8.06,6.34,3.96
2016-01-18,16.44,17.15,17.80,16.30,71092,122100000,0.05,0.29,8.77,2.04
2016-01-19,17.11,17.73,17.85,17.10,62945,110020000,0.58,3.38,4.37,1.80
2016-01-20,17.75,17.65,18.11,17.53,80805,143920000,-0.08,-0.45,3.27,2.32
2016-01-21,17.40,16.50,17.78,16.40,63730,110420000,-1.15,-6.52,7.82,1.83
2016-01-22,16.67,17.25,17.33,16.41,88861,151100000,0.75,4.55,5.58,2.55
2016-01-25,17.48,18.98,18.98,17.48,146899,267480000,1.73,10.03,8.70,4.21
2016-01-26,19.00,18.47,19.99,18.36,173194,331960000,-0.51,-2.69,8.59,4.96
2016-01-27,18.58,19.28,19.35,17.08,136164,255060000,0.81,4.39,12.29,3.90
2016-01-28,18.80,18.62,19.58,18.50,93301,176910000,-0.66,-3.42,5.60,2.67
2016-01-29,18.25,19.10,19.70,18.25,93017,178630000,0.48,2.58,7.79,2.67
2016-02-01,18.95,19.28,19.52,18.91,62555,120480000,0.18,0.94,3.19,1.79
2016-02-02,19.28,20.08,20.10,19.23,75702,149240000,0.80,4.15,4.51,2.17
2016-02-03,19.88,20.28,20.55,19.55,44188,87930000,0.20,1.00,4.98,1.27
2016-02-04,20.25,20.11,20.96,20.07,46372,95090000,-0.17,-0.84,4.39,1.33
2016-02-05,20.01,20.60,20.60,20.00,44038,89490000,0.49,2.44,2.98,1.26
2016-02-15,19.69,20.19,20.50,19.20,28122,56120000,-0.41,-1.99,6.31,0.81
2016-02-16,20.40,20.76,21.05,20.18,44043,90400000,0.57,2.82,4.31,1.26
2016-02-17,20.71,20.53,20.71,19.80,54754,110780000,-0.23,-1.11,4.38,1.57
2016-02-18,20.43,19.68,20.49,19.65,46872,93860000,-0.85,-4.14,4.09,1.34
2016-02-19,19.59,19.99,20.02,19.40,38211,75350000,0.31,1.58,3.15,1.10
2016-02-22,20.17,20.18,20.28,19.78,43364,87020000,0.19,0.95,2.50,1.24
2016-02-23,20.22,19.61,20.40,19.39,47255,93060000,-0.57,-2.82,5.01,1.35
2016-02-24,19.74,19.63,19.85,19.15,46971,91600000,0.02,0.10,3.57,1.35
2016-02-25,19.61,17.67,19.68,17.67,58788,109490000,-1.96,-9.98,10.24,1.69
2016-02-26,18.50,17.47,18.50,17.04,48403,85180000,-0.20,-1.13,8.26,1.39
2016-02-29,17.10,16.14,17.25,15.72,58322,94130000,-1.33,-7.61,8.76,1.67
2016-03-01,16.20,16.50,16.50,15.70,43099,69610000,0.36,2.23,4.96,1.24
2016-03-02,16.28,17.75,18.05,16.28,55390,95490000,1.25,7.58,10.73,1.59
2016-03-03,17.76,17.90,18.20,17.53,35194,63220000,0.15,0.85,3.77,1.01
2016-03-04,17.80,17.10,17.98,16.87,35322,61030000,-0.80,-4.47,6.20,1.01
2016-03-07,17.30,17.51,18.23,17.26,24566,43610000,0.41,2.40,5.67,0.70
2016-03-08,17.26,18.59,18.91,17.26,55995,101740000,1.08,6.17,9.42,1.61
2016-03-09,18.00,18.24,18.47,17.81,25754,46850000,-0.35,-1.88,3.55,0.74
2016-03-10,18.25,18.62,19.39,18.18,38980,73820000,0.38,2.08,6.63,1.12
2016-03-11,18.30,18.43,18.97,18.22,22207,41180000,-0.19,-1.02,4.03,0.64
2016-03-14,18.60,19.73,20.27,18.60,50195,98330000,1.30,7.05,9.06,1.44
2016-03-15,19.44,19.23,19.48,19.12,26414,50930000,-0.50,-2.53,1.82,0.76
2016-03-16,19.70,18.80,19.70,18.61,20736,39400000,-0.43,-2.24,5.67,0.59
2016-03-17,18.90,19.37,19.38,18.60,25026,47910000,0.57,3.03,4.15,0.72
2016-03-18,19.37,19.77,20.20,19.37,36792,72830000,0.40,2.07,4.29,1.05
2016-03-21,20.00,20.14,20.28,19.65,39774,79280000,0.37,1.87,3.19,1.14
2016-03-22,19.95,19.88,20.47,19.65,37724,76030000,-0.26,-1.29,4.07,1.08
2016-03-23,19.71,19.92,20.12,19.56,22842,45230000,0.04,0.20,2.82,0.65
2016-03-24,19.68,19.71,20.21,19.60,27456,54800000,-0.21,-1.05,3.06,0.79
2016-03-25,19.70,19.67,20.00,19.18,23361,45740000,-0.04,-0.20,4.16,0.67
2016-03-28,19.53,18.97,20.10,18.85,35930,69880000,-0.70,-3.56,6.35,1.03
2016-03-29,18.96,18.70,19.20,18.51,23529,44500000,-0.27,-1.42,3.64,0.67
2016-03-30,19.08,19.44,19.65,18.85,32072,61610000,0.74,3.96,4.28,0.92
2016-03-31,19.40,19.66,19.78,19.28,24969,48960000,0.22,1.13,2.57,0.72
2016-04-01,19.69,19.70,19.96,19.30,28055,55140000,0.04,0.20,3.36,0.80
2016-04-05,19.70,20.01,20.45,19.47,61902,124810000,0.31,1.57,4.97,1.77
2016-04-06,19.88,20.19,20.36,19.78,36329,72950000,0.18,0.90,2.90,1.04
2016-04-07,20.19,20.05,20.59,20.01,38109,77420000,-0.14,-0.69,2.87,1.09
2016-04-08,19.80,19.52,19.90,19.27,25849,50700000,-0.53,-2.64,3.14,0.74
2016-04-18,20.52,20.48,21.44,20.02,90000,184970000,0.96,4.92,7.27,2.58
2016-04-19,20.15,21.00,21.00,19.80,84495,171740000,0.52,2.54,5.86,2.42
2016-04-20,20.68,20.10,20.99,19.52,59324,121120000,-0.90,-4.29,7.00,1.70
2016-04-21,19.88,19.95,20.52,19.72,41226,82860000,-0.15,-0.75,3.98,1.18
2016-04-22,19.80,21.15,21.52,19.75,53215,109680000,1.20,6.02,8.87,1.53
2016-04-25,21.02,20.97,21.09,20.38,37764,78470000,-0.18,-0.85,3.36,1.08
2016-04-26,20.68,21.20,21.33,20.68,29806,62710000,0.23,1.10,3.10,0.85
2016-04-27,21.00,21.88,23.10,20.95,58099,127250000,0.68,3.21,10.14,1.67
2016-04-28,21.58,22.16,22.46,21.50,48348,106410000,0.28,1.28,4.39,1.39
2016-04-29,21.96,22.02,22.24,21.77,24837,54700000,-0.14,-0.63,2.12,0.71
2016-05-03,21.98,22.25,22.51,21.88,31597,70300000,0.23,1.04,2.86,0.91
2016-05-04,22.25,22.43,22.93,22.25,31313,70890000,0.18,0.81,3.06,0.90
2016-05-05,22.43,21.95,22.60,21.71,35893,78940000,-0.48,-2.14,3.97,1.03
2016-05-06,21.81,21.97,23.01,21.56,59198,131960000,0.02,0.09,6.61,1.70
2016-05-09,21.50,20.35,21.50,20.16,33804,69950000,-1.62,-7.37,6.10,0.97
2016-05-10,20.07,20.10,20.62,19.92,17576,35500000,-0.25,-1.23,3.44,0.50
2016-05-11,20.10,20.05,20.50,20.04,15865,32130000,-0.05,-0.25,2.29,0.45
2016-05-12,20.60,20.87,21.08,20.47,55727,115330000,0.82,4.09,3.04,1.60
2016-05-13,20.51,20.51,20.86,20.10,27802,57050000,-0.36,-1.73,3.64,0.80
2016-05-16,20.13,20.65,20.69,20.08,20950,42980000,0.14,0.68,2.97,0.60
2016-05-17,20.66,20.81,20.89,20.47,22093,45710000,0.16,0.77,2.03,0.63
2016-05-18,20.50,19.76,20.79,19.61,22453,45100000,-1.05,-5.05,5.67,0.64
2016-05-19,19.76,19.82,20.45,19.68,13496,27060000,0.06,0.30,3.90,0.39
2016-05-20,19.67,19.90,19.97,19.37,14053,27850000,0.08,0.40,3.03,0.40
2016-05-23,19.91,20.08,20.31,19.00,17247,34570000,0.18,0.90,6.58,0.49
2016-05-24,20.10,19.76,20.15,19.66,11771,23310000,-0.32,-1.59,2.44,0.34
2016-05-25,19.83,19.84,20.13,19.75,8096,16120000,0.08,0.40,1.92,0.23
2016-05-26,19.89,19.95,20.10,19.54,11771,23240000,0.11,0.55,2.82,0.34
2016-05-27,19.95,20.53,20.97,19.85,30542,62840000,0.58,2.91,5.61,0.87
2016-05-30,20.49,20.10,20.49,19.94,18112,36420000,-0.43,-2.09,2.68,0.52
2016-05-31,20.15,20.90,20.99,20.10,31893,65700000,0.80,3.98,4.43,0.91
2016-06-01,20.92,20.98,21.25,20.74,25362,53200000,0.08,0.38,2.44,0.72
2016-06-02,20.99,20.90,21.20,20.63,19097,39760000,-0.08,-0.38,2.72,0.55
2016-06-03,20.86,20.84,21.01,20.73,18890,39470000,-0.06,-0.29,1.34,0.54
2016-06-06,20.98,20.90,21.11,20.61,16044,33510000,0.06,0.29,2.40,0.46
2016-06-07,21.18,21.15,21.48,20.97,26167,55400000,0.25,1.20,2.44,0.75
2016-06-08,21.22,20.84,21.26,20.69,17852,37230000,-0.31,-1.47,2.70,0.51
2016-06-13,20.69,20.44,21.29,20.40,28907,60390000,-0.40,-1.92,4.27,0.83
2016-06-14,20.35,20.10,20.63,20.01,16426,33330000,-0.34,-1.66,3.03,0.47
2016-06-15,20.00,20.50,20.55,19.90,18141,36990000,0.40,1.99,3.23,0.52
2016-06-16,20.35,20.15,20.68,20.10,14661,29950000,-0.35,-1.71,2.83,0.42
2016-06-17,20.15,20.40,21.15,20.05,38588,79790000,0.25,1.24,5.46,1.10
2016-06-20,20.50,20.33,20.57,20.19,19936,40510000,-0.07,-0.34,1.86,0.57
2016-06-21,20.44,20.25,20.65,20.20,16953,34680000,-0.08,-0.39,2.21,0.48
2016-06-22,20.20,20.52,20.53,20.02,15496,31550000,0.27,1.33,2.52,0.44
2016-06-23,20.50,20.69,20.88,20.37,22481,46470000,0.17,0.83,2.49,0.64
2016-06-24,20.80,20.52,20.80,20.02,23027,47130000,-0.17,-0.82,3.77,0.66
2016-06-27,20.45,20.83,20.96,20.33,27050,56280000,0.31,1.51,3.07,0.77
2016-06-28,20.83,20.73,20.83,20.55,32271,66660000,-0.10,-0.48,1.34,0.92
2016-06-29,20.88,20.83,20.88,20.58,20374,42110000,0.10,0.48,1.45,0.58
2016-06-30,20.81,20.70,20.84,20.46,21870,45090000,-0.13,-0.62,1.82,0.63
2016-07-01,20.69,20.58,20.76,20.39,20106,41280000,-0.12,-0.58,1.79,0.57
2016-07-04,20.38,20.68,20.70,20.25,33873,69680000,0.10,0.49,2.19,0.97
2016-07-05,20.70,21.60,21.98,20.70,78898,168810000,0.92,4.45,6.19,2.26
2016-07-06,21.35,21.27,21.49,20.94,49497,104570000,-0.33,-1.53,2.55,1.41
2016-07-07,21.03,20.92,21.19,20.70,34467,72170000,-0.35,-1.65,2.30,0.99
2016-07-08,20.75,20.91,20.97,20.70,17095,35610000,-0.01,-0.05,1.29,0.49
2016-07-11,20.95,20.63,21.19,20.63,25875,53920000,-0.28,-1.34,2.68,0.74
2016-07-12,20.65,20.65,20.76,20.33,26749,54910000,0.02,0.10,2.08,0.76
2016-07-13,20.65,21.08,21.20,20.40,53349,110700000,0.43,2.08,3.87,1.52
2016-07-14,20.96,20.88,20.97,20.75,22966,47850000,-0.20,-0.95,1.04,0.65
2016-07-15,20.88,20.77,20.90,20.66,17117,35570000,-0.11,-0.53,1.15,0.49
2016-07-18,20.77,20.24,20.77,20.06,37647,76620000,-0.53,-2.55,3.42,1.06
2016-07-19,20.24,20.42,20.48,20.10,16301,33050000,0.18,0.89,1.88,0.46
2016-07-20,20.54,20.29,20.56,20.25,13478,27470000,-0.13,-0.64,1.52,0.38
2016-07-21,20.26,20.60,20.63,20.01,32578,66090000,0.31,1.53,3.06,0.92
2016-07-22,20.48,20.06,20.52,20.01,19382,39250000,-0.54,-2.62,2.48,0.55
2016-07-25,20.00,20.16,20.41,19.88,25191,50810000,0.10,0.50,2.64,0.71
2016-07-26,20.11,20.43,20.48,20.11,19077,38840000,0.27,1.34,1.84,0.54
2016-07-27,20.48,20.38,20.65,20.11,44090,89940000,-0.05,-0.24,2.64,1.24
2016-07-28,20.27,20.20,20.59,20.00,27402,55590000,-0.18,-0.88,2.90,0.77
2016-07-29,20.28,22.22,22.22,20.12,105983,223760000,2.02,10.00,10.40,2.99
2016-08-01,21.94,21.07,22.28,20.88,128920,275520000,-1.15,-5.18,6.30,3.64
2016-08-02,20.90,20.81,21.48,20.53,78178,162730000,-0.26,-1.23,4.51,2.20
2016-08-03,20.85,21.32,21.39,20.68,80386,169130000,0.51,2.45,3.41,2.27
2016-08-04,21.14,20.96,21.38,20.72,55081,115630000,-0.36,-1.69,3.10,1.55
2016-08-05,21.06,21.06,21.45,20.83,55158,116710000,0.10,0.48,2.96,1.56
2016-08-08,21.40,21.10,21.40,20.83,32758,69030000,0.04,0.19,2.71,0.92
2016-08-09,21.10,21.67,21.78,20.85,77459,165370000,0.57,2.70,4.41,2.18
2016-08-10,21.50,21.29,21.92,21.28,69828,150950000,-0.38,-1.75,2.95,1.97
2016-08-11,21.28,20.99,21.45,20.85,30285,63900000,-0.30,-1.41,2.82,0.85
2016-08-12,20.99,21.10,21.21,20.84,21326,44810000,0.11,0.52,1.76,0.60
2016-08-15,21.00,21.36,21.45,20.78,40607,86040000,0.26,1.23,3.18,1.15
2016-08-16,21.29,21.39,21.55,21.21,36301,77590000,0.03,0.14,1.59,1.02
2016-08-17,21.28,21.38,21.53,21.22,32150,68640000,-0.01,-0.05,1.45,0.91
2016-08-18,21.38,21.65,21.95,21.33,51440,111560000,0.27,1.26,2.90,1.45
2016-08-19,21.65,21.85,21.93,21.46,32255,70200000,0.20,0.92,2.17,0.91
2016-08-22,21.80,22.12,22.53,21.71,60678,134970000,0.27,1.24,3.75,1.71
2016-08-23,22.13,21.77,22.35,21.60,31545,69120000,-0.35,-1.58,3.39,0.89
2016-08-24,21.70,21.55,21.83,21.43,32171,69390000,-0.22,-1.01,1.84,0.91
2016-08-25,21.56,21.36,21.56,21.13,21207,45120000,-0.19,-0.88,2.00,0.60
2016-08-26,21.37,21.38,21.83,21.35,22147,47890000,0.02,0.09,2.25,0.62
2016-08-29,21.48,22.01,22.15,21.30,41698,91110000,0.63,2.95,3.98,1.18
2016-08-30,21.79,21.71,22.00,21.67,30695,66860000,-0.30,-1.36,1.50,0.87
2016-08-31,21.71,21.99,22.03,21.61,31083,67930000,0.28,1.29,1.93,0.88
2016-09-01,21.90,21.77,22.08,21.73,25973,56700000,-0.22,-1.00,1.59,0.73
2016-09-02,21.69,21.18,21.77,21.08,29480,63020000,-0.59,-2.71,3.17,0.83
2016-09-05,21.10,21.02,21.33,21.00,22822,48260000,-0.16,-0.76,1.56,0.64
2016-09-06,21.19,21.48,21.64,20.82,43085,91460000,0.46,2.19,3.90,1.22
2016-09-07,21.48,21.91,22.61,21.25,110943,245540000,0.43,2.00,6.33,3.13
2016-09-08,21.74,21.80,22.07,21.65,44159,96280000,-0.11,-0.50,1.92,1.25
2016-09-09,21.76,21.36,21.98,21.33,30361,65790000,-0.44,-2.02,2.98,0.86
2016-09-12,21.23,20.50,21.35,20.42,41539,87130000,-0.86,-4.03,4.35,1.17
2016-09-13,20.71,20.69,20.84,20.51,18893,39040000,0.19,0.93,1.61,0.53
2016-09-14,20.51,20.25,20.62,19.98,32581,66070000,-0.44,-2.13,3.09,0.92
2016-09-19,20.45,20.37,20.45,20.25,17158,34900000,0.12,0.59,0.99,0.48
2016-09-20,20.45,20.40,20.60,20.33,15294,31230000,0.03,0.15,1.33,0.43
2016-09-21,20.50,20.15,20.50,20.04,30121,60660000,-0.25,-1.23,2.25,0.85
2016-09-22,20.25,20.27,20.34,20.16,22340,45220000,0.12,0.60,0.89,0.63
2016-09-23,20.35,20.15,20.46,20.15,23838,48330000,-0.12,-0.59,1.53,0.67
2016-09-26,20.02,19.35,20.08,19.30,40227,79440000,-0.80,-3.97,3.87,1.13
2016-09-27,19.35,19.55,19.66,19.15,22230,43040000,0.20,1.03,2.64,0.63
2016-09-28,19.47,19.11,19.47,19.06,24739,47550000,-0.32,-1.65,2.11,0.70
2016-09-29,19.16,19.26,19.37,19.11,17565,33840000,0.15,0.78,1.36,0.50
2016-09-30,19.26,19.55,19.59,19.19,17052,33110000,0.29,1.51,2.08,0.48
2016-10-10,19.55,20.18,20.30,19.55,29783,59730000,0.63,3.22,3.84,0.84
2016-10-11,20.18,20.20,20.44,20.06,23411,47480000,0.02,0.10,1.88,0.66
2016-10-12,20.18,20.30,20.39,20.06,19605,39800000,0.10,0.50,1.63,0.55
2016-10-13,20.31,20.18,20.31,20.08,15391,31080000,-0.12,-0.59,1.13,0.43
2016-10-14,20.10,20.27,20.31,20.07,14110,28530000,0.09,0.45,1.19,0.40
2016-10-17,20.32,19.85,20.32,19.78,33884,67730000,-0.42,-2.07,2.66,0.96
2016-10-18,19.85,19.98,20.07,19.40,31442,62110000,0.13,0.65,3.38,0.89
2016-10-19,19.88,19.69,20.00,19.65,32801,64890000,-0.29,-1.45,1.75,0.93
2016-10-20,19.80,19.84,19.99,19.78,31727,63080000,0.15,0.76,1.07,0.89
2016-10-21,19.85,19.52,19.93,19.42,39568,77620000,-0.32,-1.61,2.57,1.12
2016-10-24,19.52,19.88,19.95,19.49,34981,69210000,0.36,1.84,2.36,0.99
2016-10-25,20.11,20.19,20.25,19.80,43579,87080000,0.31,1.56,2.26,1.23
2016-10-26,20.19,19.90,20.19,19.77,32638,64960000,-0.29,-1.44,2.08,0.92
2016-10-27,19.90,19.74,19.93,19.61,22089,43540000,-0.16,-0.80,1.61,0.62
2016-10-28,19.74,19.58,19.82,19.55,17669,34740000,-0.16,-0.81,1.37,0.50
2016-10-31,19.58,19.45,19.60,19.34,20009,38950000,-0.13,-0.66,1.33,0.56
2016-11-01,19.49,19.84,19.90,19.46,24656,48620000,0.39,2.01,2.26,0.70
2016-11-02,19.84,19.80,19.94,19.72,29005,57530000,-0.04,-0.20,1.11,0.82
2016-11-03,19.75,19.83,20.05,19.73,24171,48120000,0.03,0.15,1.62,0.68
2016-11-04,19.95,19.75,20.08,19.60,22338,44330000,-0.08,-0.40,2.42,0.63
2016-11-07,19.93,19.94,19.97,19.69,23019,45640000,0.19,0.96,1.42,0.65
2016-11-08,20.08,20.01,20.30,19.69,30313,60610000,0.07,0.35,3.06,0.85
2016-11-09,19.97,19.67,19.97,19.58,32641,64370000,-0.34,-1.70,1.95,0.92
2016-11-10,19.83,20.00,20.18,19.73,28658,57180000,0.33,1.68,2.29,0.81
2016-11-11,20.00,20.04,20.10,19.88,19967,39950000,0.04,0.20,1.10,0.56
2016-11-14,20.07,20.19,20.46,20.05,26472,53540000,0.15,0.75,2.05,0.75
2016-11-15,20.33,20.60,21.37,20.12,72784,150610000,0.41,2.03,6.19,2.05
2016-11-16,20.43,20.28,20.48,20.20,52679,106910000,-0.32,-1.55,1.36,1.49
2016-11-17,20.27,20.20,20.39,20.16,23807,48230000,-0.08,-0.39,1.13,0.67
2016-11-18,20.21,20.06,20.30,20.02,23534,47450000,-0.14,-0.69,1.39,0.66
2016-11-21,20.03,20.27,20.37,20.02,32807,66290000,0.21,1.05,1.74,0.93
2016-11-22,20.34,20.27,20.39,20.18,22078,44720000,0.00,0.00,1.04,0.62
2016-11-23,20.34,20.53,20.93,20.13,59532,121960000,0.26,1.28,3.95,1.68
2016-11-24,20.35,20.14,20.45,20.12,32163,65120000,-0.39,-1.90,1.61,0.91
2016-11-25,20.18,20.35,20.49,19.66,46215,93230000,0.21,1.04,4.12,1.30
2016-11-28,20.30,20.27,20.30,20.07,38483,77540000,-0.08,-0.39,1.13,1.09
2016-11-29,20.26,19.87,20.26,19.77,35614,71180000,-0.40,-1.97,2.42,1.00
2016-11-30,19.90,19.80,19.95,19.63,23639,46680000,-0.07,-0.35,1.61,0.67
2016-12-01,19.81,19.86,19.93,19.70,27575,54510000,0.06,0.30,1.16,0.78
2016-12-02,19.83,19.41,19.83,19.41,25564,50120000,-0.45,-2.27,2.11,0.72
2016-12-05,19.39,19.54,19.66,19.30,14173,27670000,0.13,0.67,1.85,0.40
2016-12-06,19.56,19.76,19.91,19.53,23339,46080000,0.22,1.13,1.94,0.66
2016-12-07,19.78,19.87,19.98,19.70,19097,37930000,0.11,0.56,1.42,0.54
2016-12-08,20.00,20.00,20.20,19.90,31303,62890000,0.13,0.65,1.51,0.88
2016-12-09,20.00,20.02,20.25,19.95,20054,40260000,0.02,0.10,1.50,0.57
2016-12-12,19.92,19.33,20.23,19.10,38095,74920000,-0.69,-3.45,5.64,1.07
2016-12-13,19.15,19.42,19.50,19.15,13991,27090000,0.09,0.47,1.81,0.39
2016-12-14,19.41,19.30,19.54,19.19,16282,31530000,-0.12,-0.62,1.80,0.46
2016-12-15,19.28,19.32,19.48,19.17,15076,29090000,0.02,0.10,1.61,0.43
2016-12-16,19.28,19.32,19.53,19.17,11880,22980000,0.00,0.00,1.86,0.34
2016-12-19,19.38,19.34,19.48,19.26,9632,18630000,0.02,0.10,1.14,0.27
2016-12-20,19.40,19.28,19.40,19.22,7840,15110000,-0.06,-0.31,0.93,0.22
2016-12-21,19.37,19.40,19.42,19.23,10595,20470000,0.12,0.62,0.99,0.30
2016-12-22,19.55,19.46,19.57,19.35,14442,28120000,0.06,0.31,1.13,0.41
2016-12-23,19.47,19.30,19.47,19.00,18073,34720000,-0.16,-0.82,2.42,0.51
2016-12-26,19.09,19.43,19.45,19.09,13963,26990000,0.13,0.67,1.87,0.39
2016-12-27,19.43,19.68,19.73,19.40,20064,39410000,0.25,1.29,1.70,0.57
2016-12-28,19.68,19.83,20.10,19.66,25976,51750000,0.15,0.76,2.24,0.73
2016-12-29,19.84,19.70,19.88,19.55,13122,25820000,-0.13,-0.66,1.66,0.37
2016-12-30,19.62,19.94,20.07,19.62,21614,43040000,0.24,1.22,2.28,0.61
2017-01-03,19.94,19.95,20.23,19.87,19405,38820000,0.01,0.05,1.81,0.55
2017-01-04,19.87,20.10,20.22,19.86,24185,48610000,0.15,0.75,1.80,0.68
2017-01-05,20.15,20.13,20.19,20.00,20302,40840000,0.03,0.15,0.95,0.57
2017-01-06,20.20,20.32,20.45,20.08,33623,68290000,0.19,0.94,1.84,0.95
2017-01-09,20.32,20.22,20.61,20.08,23304,47240000,-0.10,-0.49,2.61,0.66
2017-01-10,20.16,20.19,20.34,20.16,15301,30960000,-0.03,-0.15,0.89,0.43
2017-01-11,20.06,20.23,20.43,20.06,16409,33300000,0.04,0.20,1.83,0.46
2017-01-12,20.18,20.44,20.55,20.18,31004,63260000,0.21,1.04,1.83,0.87
2017-01-13,20.49,20.47,20.61,20.34,27939,57330000,0.03,0.15,1.32,0.79
2017-01-16,20.51,20.26,20.90,19.40,57461,117780000,-0.21,-1.03,7.33,1.62
2017-01-17,20.15,20.30,20.55,19.91,20894,42370000,0.04,0.20,3.16,0.59
2017-01-18,20.16,20.29,20.35,20.06,13621,27550000,-0.01,-0.05,1.43,0.38
2017-01-19,20.21,20.29,20.29,20.10,13521,27350000,0.00,0.00,0.94,0.38
2017-01-20,20.31,20.53,20.55,20.21,19485,39900000,0.24,1.18,1.68,0.55
2017-01-23,20.58,20.51,20.62,20.35,13652,27930000,-0.02,-0.10,1.32,0.39
2017-01-24,20.43,20.45,20.50,20.32,10415,21260000,-0.06,-0.29,0.88,0.29
2017-01-25,20.31,20.88,20.92,20.31,19972,41320000,0.43,2.10,2.98,0.56
2017-01-26,20.79,20.90,21.13,20.66,12738,26640000,0.02,0.10,2.25,0.36
2017-02-03,20.98,20.80,20.98,20.67,5752,11960000,-0.10,-0.48,1.48,0.16
2017-02-06,20.80,21.33,21.39,20.80,19496,41210000,0.53,2.55,2.84,0.55
2017-02-07,21.33,21.60,21.88,21.20,30929,66966600,0.27,1.27,3.188,1.38
2017-02-08,21.50,21.99,22.10,21.49,30127,66054300,0.39,1.81,2.824,1.35
2017-02-09,22.00,22.00,22.29,21.83,24905,54903300,0.01,0.05,2.092,1.11
2017-02-10,21.97,21.76,22.24,21.45,27016,58929700,-0.24,-1.09,3.591,1.21
2017-02-13,21.73,22.28,22.28,21.57,35780,78790000,0.52,2.39,3.263,1.60
2017-02-14,22.29,23.02,23.20,22.15,42167,95894700,0.74,3.32,4.713,1.88
2017-02-15,22.88,22.80,23.18,22.68,30977,70666700,-0.22,-0.96,2.172,1.38
2017-02-16,22.70,22.84,23.05,22.70,11856,27087400,0.04,0.18,1.535,0.53
2017-02-17,22.84,22.93,22.99,22.71,11656,26613800,0.09,0.39,1.226,0.52
2017-02-20,22.96,23.79,24.48,22.90,37800,89495400,0.86,3.75,6.891,1.69
2017-02-21,23.70,23.80,24.06,23.47,23384,55664500,0.01,0.04,2.48,1.04
2017-02-22,23.80,23.68,24.00,23.48,16970,40154900,-0.12,-0.50,2.19,0.76
2017-02-23,23.67,23.68,23.75,23.08,30289,71029900,0.00,0.00,2.83,1.35
2017-02-24,23.70,24.13,24.33,23.57,25524,61110100,0.45,1.90,3.21,1.14
2017-02-27,24.27,24.89,25.21,24.14,35967,89147800,0.76,3.15,4.43,1.61
2017-02-28,24.71,25.18,25.32,24.65,35685,89164000,0.29,1.17,2.69,1.59
2017-03-01,25.19,25.10,25.41,24.94,17974,45040100,-0.08,-0.32,1.87,0.80
2017-03-02,25.10,24.93,25.14,24.72,23850,59378800,-0.17,-0.68,1.67,1.06
2017-03-03,24.98,23.88,25.05,23.58,52662,127450300,-1.05,-4.21,5.90,2.35
2017-03-06,23.88,24.60,24.88,23.88,42575,104426700,0.72,3.02,4.19,1.90
2017-03-07,24.79,24.99,25.02,24.50,35181,87364900,0.39,1.59,2.11,1.57
2017-03-08,24.98,24.75,25.25,24.70,18901,47066900,-0.24,-0.96,2.20,0.84
2017-03-09,24.82,24.70,24.87,24.44,17667,43588500,-0.05,-0.20,1.74,0.79
2017-03-10,24.90,24.70,24.95,24.70,16465,40869200,0.00,0.00,1.01,0.74
2017-03-13,24.55,24.65,24.81,24.01,26225,64121000,-0.05,-0.20,3.24,1.17
2017-03-14,24.70,24.50,24.79,24.35,13300,32547200,-0.15,-0.61,1.78,0.59
2017-03-15,24.62,24.31,24.62,24.05,14983,36487900,-0.19,-0.78,2.33,0.67
2017-03-16,24.50,24.03,24.58,23.88,22464,54399150,-0.28,-1.15,2.88,1.00
2017-03-17,24.27,24.10,24.32,23.78,35951,86122114,0.07,0.29,2.25,1.61
2017-03-20,24.17,24.00,24.17,23.70,24738,59067948,-0.10,-0.41,1.95,1.10
2017-03-21,23.98,23.78,24.18,23.70,23936,56969804,-0.22,-0.92,2.00,1.07
2017-03-22,23.66,23.59,23.73,23.15,26855,63126178,-0.19,-0.80,2.44,1.20
2017-03-23,23.66,23.72,23.78,23.36,13943,32837866,0.13,0.55,1.78,0.62
2017-03-24,23.72,23.75,23.85,23.40,13198,31233452,0.03,0.13,1.90,0.59
2017-03-27,23.76,24.55,24.67,23.76,31164,75718229,0.80,3.37,3.83,1.39
2017-03-28,24.63,24.46,24.68,24.22,19929,48723154,-0.09,-0.37,1.87,0.89
2017-03-29,24.58,24.68,24.97,24.39,30146,74591229,0.22,0.90,2.37,1.35
2017-03-30,24.67,22.21,24.67,22.21,37825,86192172,-2.47,-10.01,9.97,1.69
2017-03-31,22.60,22.96,23.29,22.56,32476,74456948,0.75,3.38,3.29,1.45
2017-04-05,25.26,25.26,25.26,25.26,22222,56134944,2.30,10.02,0.00,0.99
2017-04-06,27.00,27.35,27.79,25.59,419466,1130858215,2.09,8.27,8.71,18.73
2017-04-07,26.43,27.16,28.73,25.80,269413,727177782,-0.19,-0.69,10.71,12.03
2017-04-10,26.82,29.88,29.88,26.44,254845,734371818,2.72,10.01,12.67,11.38
2017-04-11,31.00,32.87,32.87,30.30,433687,1398421575,2.99,10.01,8.60,19.36
2017-04-12,31.47,29.58,31.88,29.58,340589,1034718166,-3.29,-10.01,7.00,15.21
2017-04-13,28.90,29.99,30.75,28.68,251472,755637032,0.41,1.39,7.00,11.23
2017-04-14,30.50,28.60,30.80,27.73,214556,619411625,-1.39,-4.63,10.24,9.58
2017-04-17,27.93,26.37,28.30,26.00,174053,464394722,-2.23,-7.80,8.04,7.77
2017-04-18,26.55,26.36,27.42,26.12,135233,361582784,-0.01,-0.04,4.93,5.92
2017-04-19,26.21,26.81,27.10,26.13,153870,410449161,0.45,1.71,3.68,6.73
2017-04-20,26.70,24.42,26.72,24.13,239336,602066991,-2.39,-8.91,9.66,10.47
2017-04-21,24.45,24.40,24.75,23.72,119701,289337076,-0.02,-0.08,4.22,5.24
2017-04-24,24.01,22.07,24.10,22.02,144306,334909767,-2.33,-9.55,8.52,6.31
2017-04-25,22.09,22.28,23.29,21.42,155253,348943779,0.21,0.95,8.47,6.79
2017-04-26,22.08,23.24,23.48,21.80,160838,365081294,0.96,4.31,7.54,7.03
2017-04-27,23.00,23.37,24.30,22.70,202291,476345635,0.13,0.56,6.88,8.84
2017-04-28,22.99,23.77,24.10,22.88,139624,331044819,0.40,1.71,5.22,6.10
2017-05-02,23.83,24.72,24.76,23.51,192648,467016861,0.95,4.00,5.26,8.42
2017-05-03,24.45,23.33,24.47,23.33,156543,372726467,-1.39,-5.62,4.61,6.84
2017-05-04,23.00,24.15,25.16,22.83,225693,548140559,0.82,3.51,9.99,9.86
2017-05-05,24.50,24.60,25.24,23.80,215953,531559264,0.45,1.86,5.96,9.44
2017-05-08,24.36,22.59,24.50,22.30,151182,356133528,-2.01,-8.17,8.94,6.61
2017-05-09,22.15,22.88,22.96,22.15,88134,199635626,0.29,1.28,3.59,3.85
2017-05-10,22.98,21.24,22.99,21.18,139133,305833119,-1.64,-7.17,7.91,6.08
2017-05-11,20.81,21.14,21.36,19.80,106394,220272426,-0.10,-0.47,7.34,4.65
2017-05-12,20.99,21.35,21.77,20.80,107666,229787134,0.21,0.99,4.59,4.71
2017-05-15,21.73,23.49,23.49,21.45,155592,354280201,2.14,10.02,9.56,6.80
2017-05-16,24.00,25.84,25.84,23.88,340408,852446465,2.35,10.00,8.34,14.88
2017-05-17,28.39,28.42,28.42,27.58,511161,1444185443,2.58,9.98,3.25,22.34
2017-05-18,27.30,27.28,27.80,25.64,470706,1264982599,-1.14,-4.01,7.60,20.57
2017-05-19,13.70,13.37,13.88,12.41,726143,960333601,-0.27,-1.98,10.78,31.73
2017-05-22,13.38,13.58,14.38,13.18,834860,1148947009,0.21,1.57,8.98,18.24
2017-05-23,13.00,12.22,13.22,12.22,573227,717877831,-1.36,-10.01,7.36,12.53
2017-05-24,11.64,12.35,12.38,11.39,463647,554077173,0.13,1.06,8.10,10.13
2017-05-25,12.23,12.61,12.86,11.70,581185,715830430,0.26,2.11,9.39,12.70
2017-05-26,12.47,13.63,13.87,12.37,1085227,1468576460,1.02,8.09,11.90,23.71
2017-05-31,13.00,13.21,13.50,12.80,770732,1015272405,-0.42,-3.08,5.14,16.84
2017-06-01,12.98,11.89,13.12,11.89,559367,696190668,-1.32,-9.99,9.31,12.22
2017-06-02,11.30,12.16,12.32,11.10,451701,530255460,0.27,2.27,10.26,9.87
2017-06-05,12.00,12.58,12.68,11.90,447334,553737536,0.42,3.45,6.41,9.77
2017-06-06,12.50,12.73,13.26,12.03,655473,838760124,0.15,1.19,9.78,14.32
2017-06-07,12.57,13.34,13.49,12.22,815131,1056847881,0.61,4.79,9.98,17.81
2017-06-08,13.70,14.00,14.67,13.31,1258101,1773821504,0.66,4.95,10.19,27.49
2017-06-09,13.49,13.56,13.76,13.22,778771,1050129250,-0.44,-3.14,3.86,17.02
