日期,开盘,收盘,最高,最低,交易量(手),交易金额(元),涨跌额,涨跌幅(%),振幅(%),换手率(%)
2011-12-05,19.80,18.56,19.80,18.52,120013,225780000,-1.24,-6.26,6.46,37.50
2011-12-06,17.80,18.11,18.35,17.62,54022,97200000,-0.45,-2.42,3.93,16.88
2011-12-07,17.98,18.42,18.97,17.73,60367,111580000,0.31,1.71,6.85,18.86
2011-12-08,18.11,18.12,18.40,17.68,46655,83900000,-0.30,-1.63,3.91,14.58
2011-12-09,17.80,17.68,18.09,17.63,25736,45820000,-0.44,-2.43,2.54,8.04
2011-12-12,17.78,17.82,17.96,17.63,20909,37170000,0.14,0.79,1.87,6.53
2011-12-13,17.66,17.08,17.87,16.92,25408,43850000,-0.74,-4.15,5.33,7.94
2011-12-14,17.06,16.15,17.12,16.11,23935,39480000,-0.93,-5.45,5.91,7.48
2011-12-15,16.00,15.96,16.19,15.82,15910,25480000,-0.19,-1.18,2.29,4.97
2011-12-16,16.00,16.35,16.38,15.70,16541,26510000,0.39,2.44,4.26,5.17
2011-12-19,16.10,16.09,16.18,15.76,15802,25230000,-0.26,-1.59,2.57,4.94
2011-12-20,16.11,15.92,16.28,15.90,11659,18770000,-0.17,-1.06,2.36,3.64
2011-12-21,16.05,15.38,16.18,15.38,12783,20230000,-0.54,-3.39,5.03,3.99
2011-12-22,15.30,14.55,15.30,14.03,17061,24980000,-0.83,-5.40,8.26,5.33
2011-12-23,14.40,14.57,14.77,14.40,8990,13150000,0.02,0.14,2.54,2.81
2011-12-26,14.59,14.40,14.65,14.40,6311,9170000,-0.17,-1.17,1.72,1.97
2011-12-27,14.25,13.68,14.45,13.66,9562,13410000,-0.72,-5.00,5.49,2.99
2011-12-28,13.68,13.39,13.68,12.98,9055,12030000,-0.29,-2.12,5.12,2.83
2011-12-29,13.12,13.34,13.52,13.12,5388,7220000,-0.05,-0.37,2.99,1.68
2011-12-30,13.40,13.56,13.66,13.39,6886,9340000,0.22,1.65,2.02,2.15
2012-01-04,13.68,13.17,13.89,13.15,4991,6710000,-0.39,-2.88,5.46,1.56
2012-01-05,13.08,12.51,13.16,12.50,7801,9990000,-0.66,-5.01,5.01,2.44
2012-01-06,12.33,12.60,12.70,12.10,6259,7730000,0.09,0.72,4.80,1.96
2012-01-09,12.60,13.19,13.30,12.35,9605,12410000,0.59,4.68,7.54,3.00
2012-01-10,13.19,13.65,13.86,13.12,12945,17430000,0.46,3.49,5.61,4.05
2012-01-11,13.69,13.48,13.71,13.41,8131,11040000,-0.17,-1.25,2.20,2.54
2012-01-12,13.40,13.35,13.63,13.32,5816,7830000,-0.13,-0.96,2.30,1.82
2012-01-13,13.45,12.75,13.50,12.67,8402,10890000,-0.60,-4.49,6.22,2.63
2012-01-16,12.50,12.34,12.74,12.34,3883,4860000,-0.41,-3.22,3.14,1.21
2012-01-17,12.36,13.11,13.42,12.26,8901,11490000,0.77,6.24,9.40,2.78
2012-01-18,13.17,12.61,13.35,12.51,6804,8800000,-0.50,-3.81,6.41,2.13
2012-01-19,12.74,12.83,12.94,12.57,3815,4880000,0.22,1.74,2.93,1.19
2012-01-20,13.10,12.99,13.10,12.86,3960,5130000,0.16,1.25,1.87,1.24
2012-01-30,12.92,12.98,13.19,12.83,3859,5020000,-0.01,-0.08,2.77,1.21
2012-01-31,12.99,12.88,12.99,12.75,2688,3450000,-0.10,-0.77,1.85,0.84
2012-02-01,12.80,12.74,12.98,12.71,3784,4860000,-0.14,-1.09,2.10,1.18
2012-02-02,12.66,12.90,12.91,12.66,2623,3370000,0.16,1.26,1.96,0.82
2012-02-03,12.86,13.20,13.23,12.81,7796,10200000,0.30,2.33,3.26,2.44
2012-02-06,13.20,13.35,13.44,13.16,9893,13150000,0.15,1.14,2.12,3.09
2012-02-07,13.30,13.09,13.30,13.01,5546,7260000,-0.26,-1.95,2.17,1.73
2012-02-08,13.04,13.41,13.41,13.04,8097,10760000,0.32,2.44,2.83,2.53
2012-02-09,13.39,13.47,13.66,13.39,9833,13300000,0.06,0.45,2.01,3.07
2012-02-10,13.41,14.13,14.47,13.38,26009,36510000,0.66,4.90,8.09,8.13
2012-02-13,14.02,14.18,14.39,13.90,15207,21520000,0.05,0.35,3.47,4.75
2012-02-14,14.10,14.07,14.32,13.93,8343,11740000,-0.11,-0.78,2.75,2.61
2012-02-15,14.17,14.26,14.29,14.05,9976,14170000,0.19,1.35,1.71,3.12
2012-02-16,14.20,14.32,14.48,14.17,12405,17770000,0.06,0.42,2.17,3.88
2012-02-17,14.31,14.10,14.40,13.97,7681,10840000,-0.22,-1.54,3.00,2.40
2012-02-20,14.15,14.15,14.36,14.11,8241,11720000,0.05,0.35,1.77,2.58
2012-02-21,14.19,14.31,14.31,13.99,8566,12150000,0.16,1.13,2.26,2.68
2012-02-22,14.32,14.65,14.69,14.23,17076,24840000,0.34,2.38,3.21,5.34
2012-02-23,14.65,14.73,14.96,14.55,16275,23950000,0.08,0.55,2.80,5.09
2012-02-24,14.82,14.81,14.94,14.64,13985,20700000,0.08,0.54,2.04,4.37
2012-02-27,14.88,15.00,15.30,14.72,22648,33990000,0.19,1.28,3.92,7.08
2012-02-28,15.00,14.99,15.05,14.61,14609,21720000,-0.01,-0.07,2.93,4.57
2012-02-29,14.82,15.11,15.42,14.80,18601,28240000,0.12,0.80,4.14,5.81
2012-03-01,15.13,15.21,15.39,15.02,11736,17860000,0.10,0.66,2.45,3.67
2012-03-02,15.17,15.43,15.49,15.17,16214,24900000,0.22,1.45,2.10,5.07
2012-03-05,15.55,15.24,15.55,15.22,18996,29070000,-0.19,-1.23,2.14,4.75
2012-03-06,15.19,14.80,15.19,14.60,21553,31800000,-0.44,-2.89,3.87,5.39
2012-03-07,14.51,14.65,14.95,14.50,13532,19890000,-0.15,-1.01,3.04,3.38
2012-03-08,14.67,14.75,14.83,14.61,12650,18610000,0.10,0.68,1.50,3.16
2012-03-09,14.75,15.04,15.08,14.69,16576,24670000,0.29,1.97,2.64,4.14
2012-03-12,15.04,15.06,15.16,14.86,14460,21730000,0.02,0.13,1.99,3.62
2012-03-13,15.04,15.44,15.47,14.95,23743,36230000,0.38,2.52,3.45,5.94
2012-03-14,15.44,14.49,15.48,14.00,22661,34130000,-0.95,-6.15,9.59,5.67
2012-03-15,14.41,14.43,14.66,14.04,13389,19280000,-0.06,-0.41,4.28,3.35
2012-03-16,14.42,14.71,14.79,14.42,9630,14080000,0.28,1.94,2.56,2.41
2012-03-19,14.75,14.97,14.98,14.66,10970,16270000,0.26,1.77,2.18,2.74
2012-03-20,14.96,14.50,14.96,14.42,11296,16510000,-0.47,-3.14,3.61,2.82
2012-03-21,14.55,14.50,14.57,14.30,13068,18900000,0.00,0.00,1.86,3.27
2012-03-22,14.50,14.50,14.66,14.44,7127,10360000,0.00,0.00,1.52,1.78
2012-03-23,14.40,14.39,14.58,14.25,6202,8940000,-0.11,-0.76,2.28,1.55
2012-03-26,14.33,14.41,14.53,14.30,4237,6110000,0.02,0.14,1.60,1.06
2012-03-27,14.45,14.43,14.59,14.41,6027,8740000,0.02,0.14,1.25,1.51
2012-03-28,14.39,13.35,14.39,13.27,12804,17560000,-1.08,-7.48,7.76,3.20
2012-03-29,13.30,12.99,13.36,12.80,7480,9800000,-0.36,-2.70,4.19,1.87
2012-03-30,13.02,13.10,13.18,12.92,5353,7000000,0.11,0.85,2.00,1.34
2012-04-05,13.00,13.36,13.37,12.90,7552,9960000,0.26,1.98,3.59,1.89
2012-04-06,13.23,13.33,13.46,13.22,6480,8650000,-0.03,-0.22,1.80,1.62
2012-04-09,13.30,13.08,13.39,13.08,3919,5200000,-0.25,-1.88,2.33,0.98
2012-04-10,13.08,13.19,13.20,12.80,6291,8170000,0.11,0.84,3.06,1.57
2012-04-11,13.01,13.08,13.16,12.81,5891,7670000,-0.11,-0.83,2.65,1.47
2012-04-12,13.14,13.52,13.60,13.03,11055,14760000,0.44,3.36,4.36,2.76
2012-04-13,13.57,13.60,13.68,13.45,6795,9210000,0.08,0.59,1.70,1.70
2012-04-16,13.56,13.52,13.65,13.39,5269,7130000,-0.08,-0.59,1.91,1.32
2012-04-17,13.53,13.42,13.62,13.40,3828,5160000,-0.10,-0.74,1.63,0.96
2012-04-18,13.52,13.72,13.73,13.40,7994,10880000,0.30,2.24,2.46,2.00
2012-04-19,13.58,13.63,13.66,13.49,8825,11980000,-0.09,-0.66,1.24,2.21
2012-04-20,13.59,13.71,13.75,13.53,6593,9020000,0.08,0.59,1.61,1.65
2012-04-23,13.75,13.43,13.79,13.34,6482,8780000,-0.28,-2.04,3.28,1.62
2012-04-24,13.36,13.27,13.52,13.03,4316,5700000,-0.16,-1.19,3.65,1.08
2012-04-25,13.10,13.15,13.20,12.81,6922,9000000,-0.12,-0.90,2.94,1.73
2012-04-26,13.15,12.99,13.15,12.85,6807,8840000,-0.16,-1.22,2.28,1.70
2012-04-27,12.99,13.00,13.07,12.83,3644,4720000,0.01,0.08,1.85,0.91
2012-05-02,13.25,13.24,13.30,13.09,6449,8500000,0.24,1.85,1.62,1.61
2012-05-03,13.16,13.26,13.32,13.15,4357,5770000,0.02,0.15,1.28,1.09
2012-05-04,13.23,13.39,13.43,13.20,5716,7620000,0.13,0.98,1.73,1.43
2012-05-07,13.32,13.41,13.41,13.28,6853,9130000,0.02,0.15,0.97,1.71
2012-05-08,13.42,13.56,13.68,13.30,9019,12180000,0.15,1.12,2.83,2.25
2012-05-09,13.50,13.38,13.54,13.27,7144,9550000,-0.18,-1.33,1.99,1.79
2012-05-11,13.33,13.27,13.45,13.25,4529,6040000,-0.11,-0.82,1.49,1.13
2012-05-14,13.27,13.30,13.39,13.27,3998,5320000,0.03,0.23,0.90,1.00
2012-05-15,13.20,13.23,13.25,13.08,2655,3490000,-0.07,-0.53,1.28,0.66
2012-05-16,13.19,13.05,13.34,13.05,3083,4050000,-0.18,-1.36,2.19,0.77
2012-05-17,13.08,13.18,13.20,13.01,4114,5390000,0.13,1.00,1.46,1.03
2012-05-18,13.20,13.21,13.24,13.06,3507,4610000,0.03,0.23,1.37,0.88
2012-05-21,13.17,13.43,13.58,13.17,8906,11970000,0.22,1.67,3.10,2.23
2012-05-22,13.53,13.45,13.53,13.33,5289,7090000,0.02,0.15,1.49,1.32
2012-05-23,13.40,13.16,13.45,13.08,5039,6670000,-0.29,-2.16,2.75,1.26
2012-05-24,13.06,13.11,13.18,13.06,3196,4190000,-0.05,-0.38,0.91,0.80
2012-05-25,13.21,12.90,13.21,12.89,3624,4710000,-0.21,-1.60,2.44,0.91
2012-05-28,12.89,13.03,13.03,12.66,3415,4390000,0.13,1.01,2.87,0.85
2012-05-29,13.04,13.16,13.16,12.98,3699,4850000,0.13,1.00,1.38,0.92
2012-05-30,13.10,13.42,13.56,13.10,14709,19720000,0.26,1.98,3.50,3.68
2012-05-31,13.34,13.39,13.50,13.26,5442,7300000,-0.03,-0.22,1.79,1.36
2012-06-01,13.43,13.35,13.46,13.31,3078,4110000,-0.04,-0.30,1.12,0.77
2012-06-04,13.15,12.94,13.29,12.90,4394,5730000,-0.41,-3.07,2.92,1.10
2012-06-05,12.94,13.01,13.09,12.85,2888,3750000,0.07,0.54,1.85,0.72
2012-06-06,13.04,12.98,13.10,12.96,2653,3450000,-0.03,-0.23,1.08,0.66
2012-06-07,13.05,12.92,13.12,12.88,2020,2620000,-0.06,-0.46,1.85,0.50
2012-06-08,12.99,12.94,13.08,12.90,2337,3030000,0.02,0.15,1.39,0.58
2012-06-14,14.23,14.23,14.23,14.23,13323,18960000,1.29,9.97,0.00,3.33
2012-06-15,14.99,14.36,14.99,14.11,88064,127480000,0.13,0.91,6.18,22.02
2012-06-18,13.90,14.14,14.19,13.75,50505,70500000,-0.22,-1.53,3.06,12.63
2012-06-19,13.96,13.85,14.08,13.58,31154,43110000,-0.29,-2.05,3.54,7.79
2012-06-20,13.80,13.90,13.98,13.72,20814,28850000,0.05,0.36,1.88,5.20
2012-06-21,13.82,13.51,13.99,13.51,20831,28630000,-0.39,-2.81,3.45,5.21
2012-06-25,13.38,12.70,13.38,12.70,27899,36300000,-0.81,-6.00,5.03,6.97
2012-06-26,12.60,12.60,12.68,12.36,13444,16820000,-0.10,-0.79,2.52,3.36
2012-06-27,12.58,12.41,12.73,12.38,12863,16150000,-0.19,-1.51,2.78,3.22
2012-06-28,12.41,12.27,12.55,12.27,11340,14090000,-0.14,-1.13,2.26,2.84
2012-06-29,12.27,12.42,12.42,12.18,5917,7290000,0.15,1.22,1.96,1.48
2012-07-03,12.60,12.78,12.88,12.43,15059,19240000,0.36,2.90,3.62,3.76
2012-07-04,12.66,12.56,12.75,12.53,9433,11910000,-0.22,-1.72,1.72,2.36
2012-07-05,12.51,12.43,12.62,12.33,5779,7180000,-0.13,-1.04,2.31,1.44
2012-07-06,12.45,12.48,12.58,12.21,9059,11170000,0.05,0.40,2.98,2.26
2012-07-09,12.44,12.06,12.44,12.01,7462,9050000,-0.29,-2.35,3.48,1.87
2012-07-10,12.00,11.85,12.18,11.80,4623,5490000,-0.21,-1.74,3.15,1.16
2012-07-11,11.85,11.90,11.96,11.81,2280,2710000,0.05,0.42,1.27,0.57
2012-07-12,11.92,11.98,12.06,11.81,4068,4860000,0.08,0.67,2.10,1.02
2012-07-13,12.00,11.72,12.16,11.72,7047,8420000,-0.26,-2.17,3.67,1.76
2012-07-16,11.69,11.13,11.82,11.10,7918,8950000,-0.59,-5.03,6.14,1.98
2012-07-17,11.13,11.21,11.21,11.02,4162,4630000,0.08,0.72,1.71,1.04
2012-07-18,11.10,11.35,11.35,11.08,4112,4600000,0.14,1.25,2.41,1.03
2012-07-19,11.32,11.55,11.75,11.19,6350,7350000,0.20,1.76,4.93,1.59
2012-07-20,11.46,11.35,11.59,11.35,2710,3110000,-0.20,-1.73,2.08,0.68
2012-07-23,11.31,11.22,11.38,11.16,2130,2390000,-0.13,-1.15,1.94,0.53
2012-07-24,11.28,11.42,11.57,11.27,2142,2450000,0.20,1.78,2.67,0.54
2012-07-25,11.36,11.46,11.66,11.35,3031,3490000,0.04,0.35,2.71,0.76
2012-07-26,11.47,11.47,11.68,11.40,2109,2440000,0.01,0.09,2.44,0.53
2012-07-27,11.55,11.35,11.56,11.27,2155,2460000,-0.12,-1.05,2.53,0.54
2012-07-30,11.48,11.06,11.48,11.04,2113,2350000,-0.29,-2.56,3.88,0.53
2012-07-31,11.04,11.09,11.17,11.02,2985,3310000,0.03,0.27,1.36,0.75
2012-08-01,10.99,11.12,11.24,10.99,1646,1840000,0.03,0.27,2.25,0.41
2012-08-02,11.12,11.18,11.26,11.05,1388,1550000,0.06,0.54,1.89,0.35
2012-08-03,11.23,11.36,11.36,11.19,1592,1800000,0.18,1.61,1.52,0.40
2012-08-06,11.36,11.52,11.52,11.26,2983,3400000,0.16,1.41,2.29,0.75
2012-08-07,11.45,11.56,11.56,11.41,2488,2860000,0.04,0.35,1.30,0.62
2012-08-08,11.48,11.45,11.58,11.43,2444,2810000,-0.11,-0.95,1.30,0.61
2012-08-09,11.41,11.67,11.69,11.36,4331,5010000,0.22,1.92,2.88,1.08
2012-08-10,11.65,11.56,11.85,11.54,4117,4800000,-0.11,-0.94,2.66,1.03
2012-08-13,11.65,11.35,11.65,11.35,2604,2980000,-0.21,-1.82,2.60,0.65
2012-08-14,11.34,11.47,11.47,11.23,2755,3120000,0.12,1.06,2.11,0.69
2012-08-15,11.36,11.30,11.47,11.25,1772,2010000,-0.17,-1.48,1.92,0.44
2012-08-16,11.15,11.28,11.30,11.15,2186,2450000,-0.02,-0.18,1.33,0.55
2012-08-17,11.27,11.30,11.30,11.20,1112,1250000,0.02,0.18,0.89,0.28
2012-08-20,11.10,11.34,11.40,11.10,1416,1590000,0.04,0.35,2.65,0.35
2012-08-21,11.37,11.49,11.59,11.32,2699,3100000,0.15,1.32,2.38,0.67
2012-08-22,11.45,11.61,11.65,11.45,3591,4150000,0.12,1.04,1.74,0.90
2012-08-23,11.60,11.64,11.65,11.41,3004,3470000,0.03,0.26,2.07,0.75
2012-08-24,11.62,11.41,11.63,11.41,2571,2960000,-0.23,-1.98,1.89,0.64
2012-08-27,11.43,11.19,11.57,11.16,2006,2250000,-0.22,-1.93,3.59,0.50
2012-08-28,11.19,11.24,11.32,11.15,1783,2000000,0.05,0.45,1.52,0.45
2012-08-29,11.20,11.22,11.29,11.19,1483,1670000,-0.02,-0.18,0.89,0.37
2012-08-30,11.22,11.07,11.30,10.88,2822,3130000,-0.15,-1.34,3.74,0.71
2012-08-31,11.07,11.05,11.15,10.99,1449,1600000,-0.02,-0.18,1.45,0.36
2012-09-03,11.01,11.21,11.22,11.01,1703,1900000,0.16,1.45,1.90,0.43
2012-09-04,11.25,11.20,11.26,11.13,1553,1740000,-0.01,-0.09,1.16,0.39
2012-09-05,11.13,11.32,11.34,11.13,2953,3330000,0.12,1.07,1.88,0.74
2012-09-06,11.33,11.48,11.49,11.25,2726,3110000,0.16,1.41,2.12,0.68
2012-09-07,11.49,11.87,12.00,11.49,10849,12770000,0.39,3.40,4.44,2.71
2012-09-10,11.87,11.81,11.88,11.60,6145,7230000,-0.06,-0.51,2.36,1.54
2012-09-11,11.75,11.76,11.78,11.65,3553,4160000,-0.05,-0.42,1.10,0.89
2012-09-12,11.77,11.75,11.87,11.61,3512,4120000,-0.01,-0.09,2.21,0.88
2012-09-13,11.71,11.90,11.98,11.68,8646,10240000,0.15,1.28,2.55,2.16
2012-09-14,11.91,11.75,12.06,11.65,7905,9350000,-0.15,-1.26,3.45,1.98
2012-09-17,11.78,11.36,11.86,11.36,4641,5390000,-0.39,-3.32,4.26,1.16
2012-09-18,11.36,11.24,11.45,11.19,2585,2920000,-0.12,-1.06,2.29,0.65
2012-09-19,11.26,11.20,11.28,11.17,4420,4950000,-0.04,-0.36,0.98,1.10
2012-09-20,11.17,10.98,11.25,10.88,4566,5050000,-0.22,-1.96,3.30,1.14
2012-09-21,10.96,10.95,11.07,10.95,2802,3090000,-0.03,-0.27,1.09,0.70
2012-09-24,10.78,10.80,10.94,10.62,2719,2930000,-0.15,-1.37,2.92,0.68
2012-09-25,10.81,10.71,10.87,10.67,1699,1820000,-0.09,-0.83,1.85,0.42
2012-09-26,10.71,10.50,10.74,10.42,2517,2670000,-0.21,-1.96,2.99,0.63
2012-09-27,10.50,10.66,10.74,10.44,2971,3150000,0.16,1.52,2.86,0.74
2012-09-28,10.66,10.77,10.77,10.60,2376,2540000,0.11,1.03,1.59,0.59
2012-10-08,10.81,11.35,11.68,10.77,11002,12430000,0.58,5.39,8.45,2.75
2012-10-09,11.31,11.95,12.12,11.31,32573,38750000,0.60,5.29,7.14,8.14
2012-10-10,11.77,11.81,11.92,11.55,18129,21280000,-0.14,-1.17,3.10,4.53
2012-10-11,11.75,11.39,11.75,11.37,12152,13980000,-0.42,-3.56,3.22,3.04
2012-10-12,11.40,11.40,11.59,11.23,7637,8690000,0.01,0.09,3.16,1.91
2012-10-15,11.35,11.18,11.47,11.06,5846,6550000,-0.22,-1.93,3.60,1.46
2012-10-16,11.18,11.15,11.28,11.08,3998,4480000,-0.03,-0.27,1.79,1.00
2012-10-17,11.55,11.45,11.98,11.40,19867,23240000,0.30,2.69,5.20,4.97
2012-10-18,11.25,11.53,11.84,11.18,12605,14460000,0.08,0.70,5.76,3.15
2012-10-19,11.40,11.39,11.54,11.32,6436,7350000,-0.14,-1.21,1.91,1.61
2012-10-22,11.34,11.33,11.43,11.20,5279,5970000,-0.06,-0.53,2.02,1.32
2012-10-23,11.30,11.36,11.49,11.23,6297,7170000,0.03,0.26,2.29,1.57
2012-10-24,11.30,11.30,11.37,11.21,3021,3410000,-0.06,-0.53,1.41,0.76
2012-10-25,11.24,11.03,11.32,11.02,4476,5000000,-0.27,-2.39,2.65,1.12
2012-10-26,11.01,10.86,11.15,10.82,4600,5040000,-0.17,-1.54,2.99,1.15
2012-10-29,10.86,10.81,10.96,10.79,2226,2420000,-0.05,-0.46,1.57,0.56
2012-10-30,10.81,10.84,10.97,10.80,1913,2070000,0.03,0.28,1.57,0.48
2012-10-31,10.84,10.90,10.92,10.80,1372,1490000,0.06,0.55,1.11,0.34
2012-11-01,10.90,11.03,11.08,10.90,3239,3570000,0.13,1.19,1.65,0.81
2012-11-02,10.98,11.08,11.16,10.98,3215,3550000,0.05,0.45,1.63,0.80
2012-11-05,10.98,10.98,11.08,10.95,2401,2640000,-0.10,-0.90,1.17,0.60
2012-11-06,10.93,10.95,11.05,10.74,2809,3060000,-0.03,-0.27,2.82,0.70
2012-11-07,10.90,10.90,11.00,10.90,1498,1640000,-0.05,-0.46,0.91,0.37
2012-11-08,10.90,10.74,10.90,10.60,2990,3210000,-0.16,-1.47,2.75,0.75
2012-11-09,10.67,10.70,10.74,10.65,1165,1250000,-0.04,-0.37,0.84,0.29
2012-11-12,10.70,10.81,10.82,10.68,985,1060000,0.11,1.03,1.31,0.25
2012-11-13,10.70,10.46,10.76,10.46,2186,2310000,-0.35,-3.24,2.78,0.55
2012-11-14,10.58,10.52,10.58,10.44,823,860000,0.06,0.57,1.34,0.21
2012-11-15,10.57,10.44,10.57,10.44,938,980000,-0.08,-0.76,1.24,0.23
2012-11-16,10.45,10.34,10.50,10.28,878,910000,-0.10,-0.96,2.11,0.22
2012-11-19,10.33,10.39,10.40,10.30,1150,1190000,0.05,0.48,0.97,0.29
2012-11-20,10.35,10.49,10.53,10.35,1340,1410000,0.10,0.96,1.73,0.34
2012-11-21,10.45,10.50,10.51,10.31,2441,2540000,0.01,0.10,1.91,0.61
2012-11-22,10.49,10.37,10.49,10.35,1072,1120000,-0.13,-1.24,1.33,0.27
2012-11-23,10.37,10.38,10.47,10.32,1022,1060000,0.01,0.10,1.45,0.26
2012-11-26,10.34,10.29,10.39,10.28,775,800000,-0.09,-0.87,1.06,0.19
2012-11-27,10.23,9.80,10.35,9.80,3120,3110000,-0.49,-4.76,5.35,0.78
2012-11-28,9.66,9.70,9.90,9.65,1365,1330000,-0.10,-1.02,2.55,0.34
2012-11-29,9.65,9.44,9.84,9.40,1682,1610000,-0.26,-2.68,4.54,0.42
2012-11-30,9.44,9.46,9.49,9.38,1310,1230000,0.02,0.21,1.17,0.33
2012-12-03,9.40,8.89,9.40,8.80,4600,4160000,-0.57,-6.03,6.34,1.15
2012-12-04,8.88,8.81,8.89,8.60,3396,2960000,-0.08,-0.90,3.26,0.85
2012-12-05,8.78,9.10,9.16,8.74,3193,2880000,0.29,3.29,4.77,0.33
2012-12-06,9.10,9.14,9.29,9.00,2257,2070000,0.04,0.44,3.19,0.24
2012-12-07,8.93,9.85,9.99,8.92,7997,7600000,0.71,7.77,11.71,0.83
2012-12-10,9.90,10.00,10.06,9.60,9354,9210000,0.15,1.52,4.67,0.98
2012-12-11,9.82,9.73,9.90,9.71,5305,5190000,-0.27,-2.70,1.90,0.55
2012-12-12,9.59,9.67,9.75,9.59,2625,2530000,-0.06,-0.62,1.64,0.27
2012-12-13,9.66,9.50,9.66,9.50,1324,1270000,-0.17,-1.76,1.65,0.14
2012-12-14,9.45,9.83,9.90,9.45,5586,5460000,0.33,3.47,4.74,0.58
2012-12-17,9.81,9.75,9.84,9.50,29295,28150000,-0.08,-0.81,3.46,3.06
2012-12-18,9.66,9.64,9.72,9.55,7195,6940000,-0.11,-1.13,1.74,0.75
2012-12-19,9.56,9.67,9.68,9.56,5226,5040000,0.03,0.31,1.24,0.55
2012-12-20,9.65,9.45,9.65,9.36,17256,16360000,-0.22,-2.28,3.00,1.80
2012-12-21,9.41,9.57,9.59,9.41,11154,10610000,0.12,1.27,1.90,1.16
2012-12-24,9.45,9.68,9.68,9.45,16089,15500000,0.11,1.15,2.40,1.68
2012-12-25,9.63,9.92,10.05,9.63,20085,19800000,0.24,2.48,4.34,2.10
2012-12-26,9.90,10.34,10.35,9.90,24239,24650000,0.42,4.23,4.54,2.53
2012-12-27,10.33,10.21,10.66,10.20,20357,21230000,-0.13,-1.26,4.45,2.12
2012-12-28,10.21,10.34,10.34,10.07,9022,9220000,0.13,1.27,2.64,0.94
2012-12-31,10.30,10.27,10.44,10.25,7814,8060000,-0.07,-0.68,1.84,0.82
2013-01-04,10.33,10.21,10.40,10.19,6858,7040000,-0.06,-0.58,2.04,0.72
2013-01-07,10.16,10.35,10.36,10.14,5962,6090000,0.14,1.37,2.15,0.62
2013-01-08,10.36,10.50,10.68,10.28,12338,12960000,0.15,1.45,3.86,1.29
2013-01-09,10.43,10.46,10.55,10.35,8110,8490000,-0.04,-0.38,1.90,0.85
2013-01-10,10.36,10.43,10.52,10.35,6087,6350000,-0.03,-0.29,1.63,0.64
2013-01-11,10.41,10.14,10.46,10.13,9610,9910000,-0.29,-2.78,3.16,1.00
2013-01-14,10.13,10.48,10.52,10.04,9539,9880000,0.34,3.35,4.73,1.00
2013-01-15,10.47,10.76,10.78,10.47,17964,19180000,0.28,2.67,2.96,1.88
2013-01-16,10.80,10.64,10.83,10.50,10576,11260000,-0.12,-1.12,3.07,1.10
2013-01-17,10.65,10.76,10.91,10.50,10408,11170000,0.12,1.13,3.85,1.09
2013-01-18,10.77,10.71,10.82,10.54,13583,14500000,-0.05,-0.46,2.60,1.42
2013-01-21,10.75,10.68,10.75,10.61,11323,12080000,-0.03,-0.28,1.31,1.18
2013-01-22,10.65,10.45,10.68,10.38,9380,9890000,-0.23,-2.15,2.81,0.98
2013-01-23,10.45,10.43,10.50,10.24,8138,8440000,-0.02,-0.19,2.49,0.85
2013-01-24,10.43,10.15,10.54,10.11,11240,11610000,-0.28,-2.68,4.12,1.17
2013-01-25,10.16,10.04,10.20,10.00,5622,5670000,-0.11,-1.08,1.97,0.59
2013-01-28,10.15,10.21,10.21,10.06,10615,10760000,0.17,1.69,1.49,1.11
2013-01-29,10.21,10.51,10.51,10.20,13664,14140000,0.30,2.94,3.04,1.43
2013-01-30,10.56,10.49,10.59,10.29,8217,8560000,-0.02,-0.19,2.85,0.86
2013-01-31,10.64,10.42,10.64,10.24,17427,18080000,-0.07,-0.67,3.81,1.82
2013-02-01,10.49,10.87,10.89,10.37,55337,59070000,0.45,4.32,4.99,5.78
2013-02-04,10.79,10.45,10.79,10.33,29251,31070000,-0.42,-3.86,4.23,3.05
2013-02-05,10.40,10.54,10.58,10.38,17911,18790000,0.09,0.86,1.91,1.87
2013-02-06,10.51,10.69,10.69,10.48,17365,18450000,0.15,1.42,1.99,1.81
2013-02-07,10.68,11.04,11.07,10.61,62951,68860000,0.35,3.27,4.30,6.57
2013-02-08,10.72,10.88,11.04,10.72,29817,32550000,-0.16,-1.45,2.90,3.11
2013-02-18,10.87,11.13,11.29,10.87,29349,32700000,0.25,2.30,3.86,3.06
2013-02-19,11.12,10.89,11.23,10.87,18783,20640000,-0.24,-2.16,3.23,1.96
2013-02-20,10.89,11.02,11.05,10.79,12966,14200000,0.13,1.19,2.39,1.35
2013-02-21,10.95,10.72,11.00,10.69,14812,16060000,-0.30,-2.72,2.81,1.55
2013-02-22,10.70,10.69,10.81,10.65,9500,10200000,-0.03,-0.28,1.49,0.99
2013-02-25,10.70,10.87,10.87,10.69,13031,14050000,0.18,1.68,1.68,1.36
2013-02-26,10.85,10.61,10.85,10.61,9575,10280000,-0.26,-2.39,2.21,1.00
2013-02-27,10.68,10.55,10.73,10.50,7900,8390000,-0.06,-0.57,2.17,0.82
2013-02-28,10.63,10.72,10.76,10.47,13132,13960000,0.17,1.61,2.75,1.37
2013-03-01,10.75,10.78,10.80,10.64,11223,12050000,0.06,0.56,1.49,1.17
2013-03-04,10.75,10.57,10.91,10.53,14694,15760000,-0.21,-1.95,3.53,1.53
2013-03-05,10.51,10.71,10.75,10.51,13310,14230000,0.14,1.32,2.27,1.39
2013-03-06,10.74,10.99,11.03,10.66,29599,32240000,0.28,2.61,3.45,3.09
2013-03-07,10.94,10.97,11.06,10.77,15844,17280000,-0.02,-0.18,2.64,1.65
2013-03-08,10.95,11.00,11.13,10.90,16680,18390000,0.03,0.27,2.10,1.74
2013-03-11,11.01,11.17,11.21,10.90,22196,24590000,0.17,1.55,2.82,2.32
2013-03-12,11.17,10.70,11.18,10.67,25081,27330000,-0.47,-4.21,4.57,2.62
2013-03-13,10.63,10.48,10.75,10.38,12727,13360000,-0.22,-2.06,3.46,1.33
2013-03-14,10.39,10.53,10.54,10.39,6174,6470000,0.05,0.48,1.43,0.64
2013-03-15,10.53,10.65,10.74,10.42,8521,9050000,0.12,1.14,3.04,0.89
2013-03-18,10.65,10.51,10.68,10.45,4465,4710000,-0.14,-1.31,2.16,0.47
2013-03-19,10.47,10.38,10.57,10.11,7243,7470000,-0.13,-1.24,4.38,0.76
2013-03-20,10.41,10.67,10.67,10.40,6428,6790000,0.29,2.79,2.60,0.67
2013-03-21,10.65,10.79,10.87,10.60,12478,13480000,0.12,1.12,2.53,1.30
2013-03-22,10.79,10.70,10.81,10.65,9217,9880000,-0.09,-0.83,1.48,0.96
2013-03-25,10.65,10.76,10.77,10.64,7048,7560000,0.06,0.56,1.22,0.74
2013-03-26,10.76,10.84,10.86,10.61,10105,10850000,0.08,0.74,2.32,1.05
2013-03-27,10.78,10.88,10.92,10.70,12573,13620000,0.04,0.37,2.03,1.31
2013-03-28,10.78,10.60,10.78,10.60,9188,9800000,-0.28,-2.57,1.65,0.96
2013-03-29,10.60,10.63,10.72,10.52,4469,4760000,0.03,0.28,1.89,0.47
2013-04-01,10.54,11.00,11.09,10.54,16632,18100000,0.37,3.48,5.17,1.74
2013-04-02,11.01,10.91,11.07,10.86,15100,16560000,-0.09,-0.82,1.91,1.58
2013-04-03,10.90,11.24,11.24,10.90,30131,33480000,0.33,3.02,3.12,3.15
2013-04-08,11.20,11.71,11.79,11.11,59510,68520000,0.47,4.18,6.05,6.21
2013-04-09,11.75,11.54,11.88,11.51,31003,36070000,-0.17,-1.45,3.16,3.24
2013-04-10,11.48,11.35,11.64,11.18,22896,26110000,-0.19,-1.65,3.99,2.39
2013-04-11,11.36,11.86,12.47,11.29,62256,74380000,0.51,4.49,10.40,6.50
2013-04-12,11.72,11.52,12.11,11.50,34636,40780000,-0.34,-2.87,5.14,3.62
2013-04-15,11.32,11.04,11.54,10.91,27124,30330000,-0.48,-4.17,5.47,2.83
2013-04-16,10.90,11.16,11.18,10.81,17179,18920000,0.12,1.09,3.35,1.79
2013-04-17,11.13,11.08,11.26,10.81,16357,18050000,-0.08,-0.72,4.03,1.71
2013-04-18,11.00,10.94,11.10,10.81,13069,14310000,-0.14,-1.26,2.62,1.36
2013-04-19,10.95,11.28,11.34,10.86,22603,25200000,0.34,3.11,4.39,2.36
2013-04-22,11.18,11.50,11.55,11.15,21083,24090000,0.22,1.95,3.55,2.20
2013-04-23,11.41,11.09,11.55,11.05,19286,21730000,-0.41,-3.57,4.35,2.01
2013-04-24,10.90,10.70,10.98,10.50,33490,35710000,-0.39,-3.52,4.33,3.50
2013-04-25,10.59,10.50,10.81,10.38,16027,16960000,-0.20,-1.87,4.02,1.67
2013-04-26,10.46,10.29,10.58,10.29,9145,9540000,-0.21,-2.00,2.76,0.95
2013-05-02,10.38,10.52,10.55,10.27,5042,5270000,0.23,2.24,2.72,0.53
2013-05-03,10.50,10.74,10.79,10.50,11409,12220000,0.22,2.09,2.76,1.19
2013-05-06,10.75,10.74,10.79,10.00,12819,13470000,0.00,0.00,7.36,1.34
2013-05-07,10.70,10.64,10.75,10.58,8399,8930000,-0.10,-0.93,1.58,0.88
2013-05-08,10.65,10.63,10.69,10.52,6917,7320000,-0.01,-0.09,1.60,0.72
2013-05-09,10.66,10.81,10.88,10.61,11868,12780000,0.18,1.69,2.54,1.24
2013-05-10,10.84,10.70,10.84,10.59,9124,9740000,-0.11,-1.02,2.31,0.95
2013-05-13,10.61,10.81,10.86,10.61,7770,8360000,0.11,1.03,2.34,0.81
2013-05-14,10.76,10.84,10.87,10.70,7971,8600000,0.03,0.28,1.57,0.83
2013-05-15,10.82,11.15,11.16,10.82,15891,17530000,0.31,2.86,3.14,1.66
2013-05-16,11.15,11.05,11.17,11.00,14127,15670000,-0.10,-0.90,1.52,1.47
2013-05-17,11.03,11.35,11.43,11.03,18279,20620000,0.30,2.71,3.62,1.91
2013-05-20,11.35,11.36,11.43,11.20,15633,17690000,0.01,0.09,2.03,1.63
2013-05-21,11.37,11.37,11.54,11.30,14529,16580000,0.01,0.09,2.11,1.52
2013-05-22,11.37,11.40,11.50,11.36,14141,16180000,0.03,0.26,1.23,1.48
2013-05-23,11.40,11.18,11.52,11.12,12236,13890000,-0.22,-1.93,3.51,1.28
2013-05-24,11.17,11.28,11.31,11.09,10009,11230000,0.10,0.89,1.97,1.04
2013-05-27,11.36,11.93,12.09,11.35,35800,42380000,0.65,5.76,6.56,3.74
2013-05-28,11.93,11.68,11.96,11.30,18474,21580000,-0.25,-2.10,5.53,1.93
2013-05-29,11.66,11.99,12.45,11.66,29714,35950000,0.31,2.65,6.76,3.10
2013-05-30,12.01,12.17,12.25,11.91,23854,28810000,0.18,1.50,2.84,2.49
2013-05-31,12.17,12.55,12.74,12.11,42948,53590000,0.38,3.12,5.18,4.48
2013-08-30,13.42,11.56,13.42,11.36,56252,67960000,-0.87,-7.00,16.57,5.87
2013-09-02,11.40,10.89,11.42,10.78,28460,31090000,-0.67,-5.80,5.54,2.97
2013-09-03,10.92,11.12,11.18,10.92,14676,16260000,0.23,2.11,2.39,1.53
2013-09-04,11.08,10.96,11.15,10.78,16055,17540000,-0.16,-1.44,3.33,1.68
2013-09-05,10.96,11.80,11.85,10.85,23785,27010000,0.84,7.66,9.12,2.48
2013-09-06,11.61,11.60,11.80,11.47,18845,21900000,-0.20,-1.69,2.80,1.97
2013-09-09,11.59,11.30,11.59,11.16,17844,20220000,-0.30,-2.59,3.71,1.86
2013-09-10,11.30,11.38,11.46,11.18,22428,25380000,0.08,0.71,2.48,2.34
2013-09-11,11.38,11.28,11.44,11.18,12985,14640000,-0.10,-0.88,2.28,1.36
2013-09-12,11.28,11.33,11.42,11.26,9291,10520000,0.05,0.44,1.42,0.97
2013-09-13,11.34,11.20,11.34,11.06,9799,11000000,-0.13,-1.15,2.47,1.02
2013-09-16,11.20,11.33,11.44,11.12,17640,19890000,0.13,1.16,2.86,1.84
2013-09-17,11.32,11.16,11.32,11.13,7396,8270000,-0.17,-1.50,1.68,0.77
2013-09-18,11.09,10.95,11.20,10.89,15201,16750000,-0.21,-1.88,2.78,1.59
2013-09-23,10.95,11.03,11.05,10.91,8494,9340000,0.08,0.73,1.28,0.89
2013-09-24,11.04,11.10,11.18,10.96,8752,9680000,0.07,0.63,1.99,0.91
2013-09-25,11.06,11.02,11.13,10.96,9168,10130000,-0.08,-0.72,1.53,0.96
2013-09-26,10.91,10.75,11.04,10.73,7564,8250000,-0.27,-2.45,2.81,0.79
2013-09-27,10.68,10.86,10.93,10.68,3494,3790000,0.11,1.02,2.33,0.36
2013-09-30,10.80,11.02,11.10,10.80,6719,7360000,0.16,1.47,2.76,0.70
2013-10-08,11.01,11.02,11.08,10.91,6572,7230000,0.00,0.00,1.54,0.69
2013-10-09,11.06,11.29,11.32,11.05,14906,16760000,0.27,2.45,2.45,1.56
2013-10-10,11.32,11.25,11.36,11.17,9535,10740000,-0.04,-0.35,1.68,1.00
2013-10-11,11.30,11.59,11.64,11.18,21123,24110000,0.34,3.02,4.09,2.20
2013-10-14,11.55,11.68,11.73,11.40,12984,15040000,0.09,0.78,2.85,1.36
2013-10-15,11.68,12.07,12.18,11.46,25989,30750000,0.39,3.34,6.16,2.71
2013-10-16,11.99,12.13,12.40,11.70,35264,42500000,0.06,0.50,5.80,3.68
2013-11-20,12.91,11.80,12.91,11.62,40160,48470000,-0.33,-2.72,10.63,4.19
2013-11-21,11.78,11.50,11.78,11.34,21967,25190000,-0.30,-2.54,3.73,2.29
2013-11-22,11.48,11.60,11.66,11.46,9590,11060000,0.10,0.87,1.74,1.00
2013-11-25,11.58,11.65,11.72,11.51,8873,10330000,0.05,0.43,1.81,0.93
2013-11-26,11.65,11.91,12.05,11.63,14339,17070000,0.26,2.23,3.61,1.50
2013-11-27,11.88,12.00,12.15,11.81,12581,15120000,0.09,0.76,2.85,1.31
2013-11-28,12.14,11.95,12.21,11.95,14564,17550000,-0.05,-0.42,2.17,1.52
2013-11-29,11.95,12.28,12.39,11.90,35032,42800000,0.33,2.76,4.10,3.66
2013-12-02,11.98,11.60,12.25,11.50,26331,31190000,-0.68,-5.54,6.11,2.75
2013-12-03,11.58,12.10,12.22,11.55,25793,30970000,0.50,4.31,5.78,2.69
2013-12-04,12.10,12.22,12.47,12.04,43410,53220000,0.12,0.99,3.55,4.53
2013-12-05,12.27,12.95,13.01,12.20,70618,89600000,0.73,5.97,6.63,7.37
2013-12-06,12.80,12.56,12.82,12.51,27592,34900000,-0.39,-3.01,2.39,2.88
2013-12-09,12.55,13.01,13.02,12.55,38845,50030000,0.45,3.58,3.74,4.05
2013-12-10,13.10,12.82,13.25,12.68,25822,33290000,-0.19,-1.46,4.38,2.70
2013-12-11,12.75,12.65,12.81,12.46,19637,24760000,-0.17,-1.33,2.73,2.05
2013-12-12,12.64,12.95,12.98,12.49,23609,30170000,0.30,2.37,3.87,2.46
2013-12-13,12.93,12.76,13.18,12.75,25076,32440000,-0.19,-1.47,3.32,2.62
2013-12-16,12.74,12.31,12.75,12.27,20188,25200000,-0.45,-3.53,3.76,2.11
2013-12-17,12.31,12.28,12.50,12.23,8854,10930000,-0.03,-0.24,2.19,0.92
2013-12-18,12.25,12.23,12.40,12.09,9579,11700000,-0.05,-0.41,2.52,1.00
2013-12-19,12.29,11.90,12.32,11.90,14477,17450000,-0.33,-2.70,3.43,1.51
2013-12-20,11.90,11.92,12.10,11.80,7968,9530000,0.02,0.17,2.52,0.83
2013-12-23,11.94,11.90,12.01,11.70,11152,13210000,-0.02,-0.17,2.60,1.16
2013-12-24,11.90,11.96,12.18,11.78,10580,12700000,0.06,0.50,3.36,1.10
2013-12-25,11.92,12.33,12.34,11.75,15078,18380000,0.37,3.09,4.93,1.57
2013-12-26,12.28,12.43,12.56,12.10,18913,23310000,0.10,0.81,3.73,1.97
2013-12-27,12.42,12.57,12.73,12.40,22228,27950000,0.14,1.13,2.65,2.32
2013-12-30,12.62,12.83,13.02,12.51,31312,40120000,0.26,2.07,4.06,3.27
2013-12-31,12.71,12.62,13.02,12.55,21030,26840000,-0.21,-1.64,3.66,2.20
2014-01-02,12.60,12.70,12.75,12.46,18690,23590000,0.08,0.63,2.30,1.95
2014-01-03,12.65,12.92,13.09,12.56,37938,49090000,0.22,1.73,4.17,3.96
2014-01-06,12.93,12.55,13.16,12.51,33223,42690000,-0.37,-2.86,5.03,3.47
2014-01-07,12.40,12.44,12.44,12.00,20466,24930000,-0.11,-0.88,3.51,2.14
2014-01-08,12.50,12.32,12.50,12.25,9504,11790000,-0.12,-0.96,2.01,0.99
2014-01-09,11.88,11.65,12.09,11.60,40092,47480000,-0.67,-5.44,3.98,4.18
2014-01-10,11.63,11.70,11.80,11.41,9905,11520000,0.05,0.43,3.35,1.03
2014-01-13,11.76,11.32,11.83,11.28,10475,12100000,-0.38,-3.25,4.70,1.09
2014-01-14,11.31,11.70,11.75,11.31,10027,11610000,0.38,3.36,3.89,1.05
2014-01-15,11.69,11.76,11.83,11.60,8271,9680000,0.06,0.51,1.97,0.86
2014-01-16,11.83,11.70,11.85,11.66,9589,11270000,-0.06,-0.51,1.62,1.00
2014-01-17,11.76,11.86,12.05,11.67,15518,18500000,0.16,1.37,3.25,1.62
2014-01-20,11.88,11.90,11.96,11.78,10708,12720000,0.04,0.34,1.52,1.12
2014-01-21,12.00,12.22,12.47,11.93,20275,24780000,0.32,2.69,4.54,2.12
2014-01-22,12.16,12.37,12.48,12.11,23097,28550000,0.15,1.23,3.03,2.41
2014-01-23,12.36,12.51,12.60,12.26,38443,47940000,0.14,1.13,2.75,4.01
2014-01-24,12.45,12.46,12.57,12.41,21198,26490000,-0.05,-0.40,1.28,2.21
2014-01-27,12.31,12.35,12.56,12.31,15201,18900000,-0.11,-0.88,2.01,1.59
2014-01-28,12.43,12.31,12.43,12.19,9044,11120000,-0.04,-0.32,1.94,0.94
2014-01-29,12.35,12.46,12.63,12.30,29485,36760000,0.15,1.22,2.68,3.08
2014-01-30,12.55,12.12,12.55,12.08,12473,15310000,-0.34,-2.73,3.77,1.30
2014-02-07,12.13,12.65,12.66,11.94,25620,31870000,0.53,4.37,5.94,2.67
2014-02-10,12.70,12.98,13.13,12.61,46281,59930000,0.33,2.61,4.11,4.83
2014-02-11,12.99,13.18,13.63,12.96,68494,90990000,0.20,1.54,5.16,7.15
2014-02-12,13.21,13.33,13.47,13.05,38125,50640000,0.15,1.14,3.19,3.98
2014-02-13,13.20,14.15,14.66,13.20,124707,176140000,0.82,6.15,10.95,13.02
2014-02-14,14.03,15.09,15.30,14.01,91771,134340000,0.94,6.64,9.12,9.58
2014-02-17,15.32,15.41,15.58,14.71,90708,137950000,0.32,2.12,5.77,9.47
2014-02-18,15.15,16.95,16.95,14.97,169482,272300000,1.54,9.99,12.85,17.69
2014-02-19,16.60,16.50,17.17,16.18,112514,186710000,-0.45,-2.65,5.84,11.74
2014-02-20,16.32,16.01,16.66,15.80,62800,101060000,-0.49,-2.97,5.21,6.56
2014-02-21,16.10,15.98,16.24,15.82,40648,65050000,-0.03,-0.19,2.62,4.24
2014-02-24,15.95,16.14,16.30,15.38,72089,114200000,0.16,1.00,5.76,7.53
2014-02-25,16.00,14.68,16.00,14.53,70270,107490000,-1.46,-9.05,9.11,7.34
2014-02-26,14.55,14.93,14.94,14.21,36101,52820000,0.25,1.70,4.97,3.77
2014-02-27,14.98,14.22,15.21,14.18,45378,66730000,-0.71,-4.76,6.90,4.74
2014-02-28,14.12,14.60,14.65,13.95,37017,53080000,0.38,2.67,4.92,3.86
2014-03-03,14.62,14.73,14.96,14.46,41045,60200000,0.13,0.89,3.42,4.28
2014-03-04,14.65,14.62,14.83,14.33,28327,41350000,-0.11,-0.75,3.39,2.96
2014-03-05,14.65,14.52,14.90,14.50,24294,35700000,-0.10,-0.68,2.74,2.54
2014-03-06,14.39,14.52,14.60,14.15,20523,29510000,0.00,0.00,3.10,2.14
2014-03-07,14.52,15.26,15.80,14.43,76500,116280000,0.74,5.10,9.44,7.99
2014-03-10,15.08,14.98,15.84,14.94,71011,109650000,-0.28,-1.83,5.90,7.41
2014-03-11,14.90,14.39,14.99,14.22,33058,48020000,-0.59,-3.94,5.14,3.45
2014-03-12,14.35,15.25,15.28,14.28,30195,44720000,0.86,5.98,6.95,3.15
2014-03-13,15.25,15.49,15.81,15.03,49497,76520000,0.24,1.57,5.11,5.17
2014-03-14,15.50,15.05,15.50,14.93,22902,34750000,-0.44,-2.84,3.68,2.39
2014-03-17,15.21,15.57,15.66,14.71,43464,66290000,0.52,3.46,6.31,4.54
2014-03-18,15.44,15.36,15.76,15.15,36358,56070000,-0.21,-1.35,3.92,3.80
2014-03-19,15.25,15.49,15.99,14.95,40664,62740000,0.13,0.85,6.77,4.24
2014-03-20,15.40,14.90,15.58,14.83,24485,37410000,-0.59,-3.81,4.84,2.56
2014-03-21,14.65,14.72,14.83,14.25,25125,36540000,-0.18,-1.21,3.89,2.62
2014-03-24,14.60,14.35,14.76,14.28,16310,23760000,-0.37,-2.51,3.26,1.70
2014-03-25,14.36,14.78,14.86,14.30,22534,33200000,0.43,3.00,3.90,2.35
2014-03-26,14.78,14.78,14.88,14.61,9328,13730000,0.00,0.00,1.83,0.97
2014-03-27,14.75,14.32,14.80,14.28,14318,20660000,-0.46,-3.11,3.52,1.49
2014-03-28,14.28,13.58,14.30,13.23,26825,36700000,-0.74,-5.17,7.47,2.80
2014-03-31,13.66,13.10,13.84,12.80,35803,46720000,-0.48,-3.53,7.66,3.74
2014-04-01,13.10,13.41,13.50,13.08,19350,25760000,0.31,2.37,3.21,2.02
2014-04-02,13.41,13.20,13.46,13.07,12960,17120000,-0.21,-1.57,2.91,1.35
2014-04-03,13.21,13.31,13.33,13.06,9750,12880000,0.11,0.83,2.05,1.02
2014-04-04,13.29,13.50,13.61,13.22,12225,16500000,0.19,1.43,2.93,1.28
2014-04-08,13.40,13.57,13.69,13.32,9896,13420000,0.07,0.52,2.74,1.03
2014-04-09,13.70,13.77,13.89,13.55,13390,18390000,0.20,1.47,2.51,1.40
2014-04-10,13.88,13.80,14.07,13.70,16666,23090000,0.03,0.22,2.69,1.74
2014-04-11,13.75,13.42,13.75,13.40,11981,16170000,-0.38,-2.75,2.54,1.25
2014-04-14,13.45,13.64,13.66,13.41,8357,11340000,0.22,1.64,1.86,0.87
2014-04-15,13.64,13.73,13.83,13.51,7231,9900000,0.09,0.66,2.35,0.75
2014-04-16,13.78,13.86,13.96,13.69,10507,14540000,0.13,0.95,1.97,1.10
2014-04-17,13.90,13.68,13.91,13.60,10217,13990000,-0.18,-1.30,2.24,1.07
2014-04-18,13.68,13.90,13.95,13.62,7967,10980000,0.22,1.61,2.41,0.83
2014-04-21,13.86,14.00,14.40,13.65,21291,29650000,0.10,0.72,5.40,2.22
2014-04-22,14.11,13.80,15.27,13.53,112483,162220000,-0.20,-1.43,12.43,11.74
2014-04-23,13.41,12.57,13.41,12.44,59395,75570000,-1.23,-8.91,7.03,6.20
2014-04-24,12.42,12.56,12.57,12.23,20444,25360000,-0.01,-0.08,2.70,2.13
2014-04-25,12.50,12.32,12.72,12.31,15634,19590000,-0.24,-1.91,3.26,1.63
2014-04-28,12.20,11.81,12.23,11.80,14293,17060000,-0.51,-4.14,3.49,1.49
2014-04-29,11.73,11.85,11.99,11.71,7594,9010000,0.04,0.34,2.37,0.79
2014-04-30,12.00,11.98,12.03,11.77,9391,11190000,0.13,1.10,2.19,0.98
2014-05-05,12.00,11.98,12.09,11.88,7651,9140000,0.00,0.00,1.75,0.80
2014-05-06,12.02,12.29,12.48,11.97,18675,22890000,0.31,2.59,4.26,1.95
2014-05-07,12.20,12.04,12.28,12.01,7934,9600000,-0.25,-2.03,2.20,0.83
2014-05-08,12.04,12.00,12.15,11.95,6132,7390000,-0.04,-0.33,1.66,0.64
2014-05-09,11.94,11.86,12.03,11.80,4788,5700000,-0.14,-1.17,1.92,0.50
2014-05-12,11.97,12.16,12.17,11.90,7396,8930000,0.30,2.53,2.28,0.77
2014-05-13,12.16,12.19,12.22,12.09,6992,8500000,0.03,0.25,1.07,0.73
2014-05-14,12.19,12.13,12.25,12.10,6976,8500000,-0.06,-0.49,1.23,0.73
2014-05-15,12.12,11.80,12.20,11.77,8322,9920000,-0.33,-2.72,3.54,0.87
2014-05-16,11.74,11.58,11.87,11.30,8167,9520000,-0.22,-1.86,4.83,0.85
2014-05-19,11.50,11.64,11.74,11.45,3231,3750000,0.06,0.52,2.50,0.34
2014-05-20,11.74,11.79,11.89,11.71,3634,4290000,0.15,1.29,1.55,0.38
2014-05-21,11.86,11.82,11.88,11.70,5720,6760000,0.03,0.25,1.53,0.60
2014-05-22,11.83,11.77,12.02,11.74,7354,8740000,-0.05,-0.42,2.37,0.77
2014-05-23,11.73,11.84,11.85,11.70,8429,9920000,0.07,0.59,1.27,0.88
2014-05-26,11.95,12.25,12.27,11.95,14835,18040000,0.41,3.46,2.70,1.55
2014-06-10,12.55,13.15,13.48,12.55,63317,83060000,0.90,7.35,7.59,6.61
2014-06-11,13.22,13.27,13.34,12.80,28909,37820000,0.12,0.91,4.11,3.02
2014-06-12,13.18,13.00,13.34,12.96,19445,25450000,-0.27,-2.03,2.86,2.03
2014-06-13,13.02,12.98,13.20,12.88,18761,24430000,-0.02,-0.15,2.46,1.96
2014-06-16,13.01,13.06,13.18,12.96,14647,19160000,0.08,0.62,1.69,1.53
2014-06-17,13.00,12.70,13.12,12.60,13619,17480000,-0.36,-2.76,3.98,1.42
2014-06-18,12.70,12.65,12.81,12.55,17711,22500000,-0.05,-0.39,2.05,1.85
2014-06-19,12.58,12.46,12.85,12.36,11551,14630000,-0.19,-1.50,3.87,1.21
2014-06-20,12.40,12.69,12.69,12.40,4567,5740000,0.23,1.85,2.33,0.48
2014-06-23,12.68,12.88,12.90,12.62,10087,12940000,0.19,1.50,2.21,1.05
2014-06-24,12.71,12.80,12.89,12.71,6742,8620000,-0.08,-0.62,1.40,0.70
2014-06-25,12.73,12.82,12.89,12.73,6154,7880000,0.02,0.16,1.25,0.64
2014-06-26,12.75,13.11,13.20,12.70,22207,29000000,0.29,2.26,3.90,2.32
2014-06-27,13.05,13.11,13.30,13.05,16888,22200000,0.00,0.00,1.91,1.76
2014-06-30,13.14,13.55,13.55,13.03,30810,41250000,0.44,3.36,3.97,3.22
2014-07-01,13.65,13.39,13.65,13.36,14393,19340000,-0.16,-1.18,2.14,1.50
2014-07-02,13.35,14.00,14.14,13.31,44299,60990000,0.61,4.56,6.20,4.62
2014-07-03,14.00,14.50,14.55,13.80,45334,64370000,0.50,3.57,5.36,4.73
2014-07-04,14.40,14.25,14.58,14.16,15266,21810000,-0.25,-1.72,2.90,1.59
2014-07-07,14.20,14.18,14.34,14.10,10203,14500000,-0.07,-0.49,1.68,1.07
2014-07-08,14.28,14.60,15.20,13.82,41289,60250000,0.42,2.96,9.73,4.31
2014-07-09,14.49,14.52,14.86,14.17,26568,38580000,-0.08,-0.55,4.73,2.77
2014-07-10,14.40,14.50,14.83,14.30,18118,26560000,-0.02,-0.14,3.65,1.89
2014-07-11,14.40,14.39,14.68,14.24,9656,13930000,-0.11,-0.76,3.03,1.01
2014-07-14,14.34,15.20,15.32,14.22,38495,57580000,0.81,5.63,7.64,4.02
2014-07-15,15.09,14.92,15.12,14.74,26898,40190000,-0.28,-1.84,2.50,2.81
2014-07-16,14.84,14.73,14.96,14.70,15295,22610000,-0.19,-1.27,1.74,1.60
2014-07-17,14.60,14.58,14.80,14.44,9838,14350000,-0.15,-1.02,2.44,1.03
2014-07-18,14.58,14.71,14.93,14.49,8680,12830000,0.13,0.89,3.02,0.91
2014-07-21,14.53,14.34,14.70,14.30,7166,10400000,-0.30,-2.05,2.73,0.75
2014-07-23,14.18,14.28,14.77,14.00,18485,26710000,-0.06,-0.42,5.37,1.93
2014-07-24,14.36,13.39,14.36,13.30,23372,31830000,-0.89,-6.23,7.42,2.44
2014-07-25,13.40,13.84,13.95,13.27,15424,21200000,0.45,3.36,5.08,1.61
2014-07-28,13.91,14.04,14.18,13.80,10884,15200000,0.20,1.45,2.75,1.14
2014-07-29,14.00,14.50,14.50,13.92,12546,18030000,0.46,3.28,4.13,1.31
2014-07-30,14.55,14.54,14.80,14.40,9090,13250000,0.04,0.28,2.76,0.95
2014-07-31,14.50,14.55,14.65,14.36,8958,13000000,0.01,0.07,1.99,0.94
2014-08-01,14.63,14.44,14.67,14.35,8228,11950000,-0.11,-0.76,2.20,0.86
2014-08-04,14.55,14.60,14.80,14.50,10643,15600000,0.16,1.11,2.08,1.11
2014-08-05,14.50,14.52,14.81,14.49,12144,17730000,-0.08,-0.55,2.19,1.27
2014-08-06,14.44,14.45,14.61,14.44,8093,11750000,-0.07,-0.48,1.17,0.84
2014-08-07,14.45,14.47,14.68,14.42,6669,9690000,0.02,0.14,1.80,0.70
2014-08-08,14.45,14.27,14.55,14.18,8022,11470000,-0.20,-1.38,2.56,0.84
2014-08-11,14.31,14.31,14.39,14.13,17497,24910000,0.04,0.28,1.82,1.83
2014-08-12,14.31,14.99,15.00,14.26,31376,46040000,0.68,4.75,5.17,3.28
2014-08-13,15.23,15.09,15.75,14.90,74643,113980000,0.10,0.67,5.67,7.79
2014-08-14,15.13,16.00,16.25,14.90,80586,126960000,0.91,6.03,8.95,8.41
2014-08-15,16.04,16.02,16.15,15.75,33069,52890000,0.02,0.13,2.50,3.45
2014-08-18,16.07,16.22,16.36,15.80,28419,45900000,0.20,1.25,3.50,2.97
2014-08-19,16.13,16.50,16.69,16.05,36864,60240000,0.28,1.73,3.95,3.85
2014-08-20,16.47,16.32,16.88,16.21,23090,38100000,-0.18,-1.09,4.06,2.41
2014-08-21,16.16,15.90,16.23,15.79,23166,36960000,-0.42,-2.57,2.70,2.42
2014-08-22,15.80,16.10,16.14,15.70,18383,29500000,0.20,1.26,2.77,1.92
2014-08-25,16.09,15.50,16.09,15.20,25179,39230000,-0.60,-3.73,5.53,2.63
2014-08-26,15.40,15.25,15.77,15.15,20316,31550000,-0.25,-1.61,4.00,2.12
2014-08-27,15.22,16.34,16.65,15.22,47998,76950000,1.09,7.15,9.38,5.01
2014-08-28,16.09,16.20,16.54,16.03,19547,31810000,-0.14,-0.86,3.12,2.04
2014-08-29,16.20,16.35,16.38,15.89,18870,30530000,0.15,0.93,3.02,1.97
2014-09-01,16.27,17.32,17.43,16.12,48599,82880000,0.97,5.93,8.01,5.07
2014-09-02,17.31,17.70,18.15,17.15,37995,67320000,0.38,2.19,5.77,3.97
2014-09-03,17.95,17.77,18.03,17.36,24055,42920000,0.07,0.40,3.79,2.51
2014-09-04,17.69,17.80,17.85,17.39,22125,39040000,0.03,0.17,2.59,2.31
2014-09-05,17.75,17.60,17.96,17.40,20002,35190000,-0.20,-1.12,3.15,2.09
2014-09-09,17.65,18.63,18.77,17.44,34656,63130000,1.03,5.85,7.56,3.62
2014-09-10,18.63,19.34,19.58,18.35,49759,95070000,0.71,3.81,6.60,5.19
2014-09-11,19.15,19.66,19.79,18.75,44899,86760000,0.32,1.65,5.38,4.69
2014-09-12,19.50,19.00,19.64,18.88,32523,62500000,-0.66,-3.36,3.87,3.39
2014-09-15,18.79,19.29,19.50,18.61,28990,54950000,0.29,1.53,4.68,3.03
2014-09-16,19.21,18.18,19.90,17.80,36532,69490000,-1.11,-5.75,10.89,3.81
2014-09-17,18.16,18.75,19.00,17.88,27524,50520000,0.57,3.14,6.16,2.87
2014-09-18,18.61,18.93,19.13,18.58,12588,23800000,0.18,0.96,2.93,1.31
2014-09-19,18.91,19.15,19.15,18.80,14166,26930000,0.22,1.16,1.85,1.48
2014-09-22,19.02,18.86,19.19,18.11,25190,46850000,-0.29,-1.51,5.64,2.63
2014-09-23,18.44,19.07,19.11,18.44,12833,24220000,0.21,1.11,3.55,1.34
2014-09-24,20.98,19.53,20.98,19.30,30545,61290000,0.46,2.41,8.81,3.19
2014-09-25,19.68,19.16,19.79,19.02,18208,35240000,-0.37,-1.89,3.94,1.90
2014-09-26,19.15,19.24,19.24,18.42,35367,66650000,0.08,0.42,4.28,3.69
2014-09-29,19.43,19.53,19.76,19.10,27878,54280000,0.29,1.51,3.43,2.91
2014-09-30,19.60,19.88,20.20,19.35,20747,41120000,0.35,1.79,4.35,2.17
2014-10-08,19.85,19.55,19.88,19.48,16737,32840000,-0.33,-1.66,2.01,1.75
2014-10-09,19.59,20.40,20.49,19.37,28222,56110000,0.85,4.35,5.73,2.95
2014-10-10,20.10,19.82,20.18,19.66,24775,49160000,-0.58,-2.84,2.55,2.59
2014-10-13,19.75,20.07,20.17,19.35,16821,33040000,0.25,1.26,4.14,1.76
2014-10-14,20.00,19.87,20.19,19.62,13133,26180000,-0.20,-1.00,2.84,1.37
2014-10-15,19.78,19.79,19.96,19.63,14756,29160000,-0.08,-0.40,1.66,1.54
2014-10-16,19.63,19.37,19.77,19.36,12463,24350000,-0.42,-2.12,2.07,1.30
2014-10-17,18.80,18.79,19.35,18.45,16744,31380000,-0.58,-2.99,4.65,1.75
2014-10-20,18.79,18.79,18.95,18.54,10674,19970000,0.00,0.00,2.18,1.11
2014-10-21,18.80,17.60,18.80,17.58,46097,83200000,-1.19,-6.33,6.49,4.81
2014-10-22,17.66,17.64,17.90,17.57,19846,35120000,0.04,0.23,1.88,2.07
2014-10-23,17.64,17.57,17.74,17.17,12269,21480000,-0.07,-0.40,3.23,1.28
2014-10-24,17.53,17.49,17.74,17.36,7769,13610000,-0.08,-0.46,2.16,0.81
2014-10-27,17.49,17.76,17.87,17.18,8102,14200000,0.27,1.54,3.95,0.85
2014-10-28,17.78,18.62,18.67,17.63,34242,62530000,0.86,4.84,5.86,3.57
2014-10-29,18.50,19.02,19.50,18.48,31679,60350000,0.40,2.15,5.48,3.31
2014-10-30,19.02,18.87,19.18,18.61,13293,25100000,-0.15,-0.79,3.00,1.39
2014-10-31,18.87,18.34,18.90,18.20,24438,44900000,-0.53,-2.81,3.71,2.55
2014-11-03,18.55,18.52,18.79,18.30,12447,22970000,0.18,0.98,2.67,1.30
2014-11-04,18.41,18.21,18.79,18.00,12661,23200000,-0.31,-1.67,4.27,1.32
2014-11-05,18.19,18.15,18.19,17.79,17566,31500000,-0.06,-0.33,2.20,1.83
2014-11-06,18.00,18.27,18.29,17.89,8732,15750000,0.12,0.66,2.20,0.91
2014-11-07,18.35,18.03,18.43,17.96,12333,22330000,-0.24,-1.31,2.57,1.29
2014-11-10,18.03,17.95,18.09,17.86,8275,14830000,-0.08,-0.44,1.28,0.86
2014-11-11,17.93,17.17,18.01,17.00,21108,36860000,-0.78,-4.35,5.63,2.20
2014-11-12,17.21,17.39,17.44,17.20,8095,14020000,0.22,1.28,1.40,0.85
2014-11-13,17.39,17.06,17.45,16.67,24516,41620000,-0.33,-1.90,4.49,2.56
2014-11-14,16.95,16.99,17.07,16.78,10239,17300000,-0.07,-0.41,1.70,1.07
2014-11-17,17.01,17.83,17.93,17.01,14731,25950000,0.84,4.94,5.41,1.54
2014-11-18,17.85,18.40,18.65,17.80,30806,56710000,0.57,3.20,4.77,3.22
2014-11-19,18.40,18.52,18.89,18.31,31328,58580000,0.12,0.65,3.15,3.27
2014-11-20,18.53,18.52,18.72,18.15,13842,25350000,0.00,0.00,3.08,1.44
2014-11-21,18.27,18.31,18.52,18.27,15765,28870000,-0.21,-1.13,1.35,1.65
2014-11-24,18.80,18.32,18.80,18.27,10820,19880000,0.01,0.05,2.89,1.13
2014-11-25,18.33,18.65,18.73,18.00,18099,33400000,0.33,1.80,3.98,1.89
2014-11-26,18.66,18.70,18.78,18.43,11269,20950000,0.05,0.27,1.88,1.18
2014-11-27,18.70,18.43,18.78,18.35,12949,23910000,-0.27,-1.44,2.30,1.35
2014-11-28,18.44,17.85,18.45,17.78,27900,50260000,-0.58,-3.15,3.64,2.91
2014-12-01,17.91,17.08,17.91,17.08,34776,60260000,-0.77,-4.31,4.65,3.63
2014-12-02,17.12,17.54,17.65,17.10,16350,28530000,0.46,2.69,3.22,1.71
2014-12-03,17.54,17.80,18.20,17.22,25448,44870000,0.26,1.48,5.59,2.66
2014-12-04,17.70,17.94,18.34,17.50,31143,55950000,0.14,0.79,4.72,3.25
2014-12-05,18.09,17.68,18.31,17.58,42443,76190000,-0.26,-1.45,4.07,2.65
2014-12-08,16.80,16.97,17.70,16.78,37480,63530000,-0.71,-4.02,5.20,2.34
2014-12-09,16.56,15.91,16.90,15.71,41776,67690000,-1.06,-6.25,7.01,2.61
2014-12-10,15.91,16.27,16.33,15.79,14642,23600000,0.36,2.26,3.39,0.92
2014-12-11,16.37,16.61,16.85,16.23,16154,26930000,0.34,2.09,3.81,1.01
2014-12-12,16.90,17.64,18.05,16.50,41984,72790000,1.03,6.20,9.33,2.62
2014-12-15,17.69,17.78,18.13,17.51,17989,32040000,0.14,0.79,3.51,1.12
2014-12-16,17.78,17.51,17.78,17.37,11145,19520000,-0.27,-1.52,2.31,0.70
2014-12-17,17.50,17.39,17.75,16.93,16158,27880000,-0.12,-0.69,4.68,1.01
2014-12-18,17.44,17.33,17.58,17.06,18328,31750000,-0.06,-0.35,2.99,1.15
2014-12-19,17.49,17.10,17.49,16.27,16450,27850000,-0.23,-1.33,7.04,1.03
2014-12-22,17.08,16.47,17.08,16.01,17976,29130000,-0.63,-3.68,6.26,1.12
2014-12-23,16.39,16.18,16.39,16.00,18234,29350000,-0.29,-1.76,2.37,1.14
2014-12-24,16.05,16.19,16.33,16.00,13955,22620000,0.01,0.06,2.04,0.87
2014-12-25,16.30,16.91,16.97,16.18,22083,36730000,0.72,4.45,4.88,1.38
2014-12-26,16.96,17.17,17.68,16.79,13591,23450000,0.26,1.54,5.26,0.85
2014-12-29,17.12,17.00,17.43,16.67,13729,23250000,-0.17,-0.99,4.43,0.86
2014-12-30,16.90,16.98,16.98,16.28,12551,20830000,-0.02,-0.12,4.12,0.78
2014-12-31,16.84,17.31,17.39,16.77,23512,40630000,0.33,1.94,3.65,1.47
2015-01-05,17.32,17.26,17.34,16.50,13209,22450000,-0.05,-0.29,4.85,0.83
2015-01-06,17.09,17.35,17.40,16.83,14504,24930000,0.09,0.52,3.30,0.91
2015-01-07,17.08,17.05,17.28,16.93,9576,16320000,-0.30,-1.73,2.02,0.60
2015-01-08,17.23,16.90,17.23,16.80,10240,17410000,-0.15,-0.88,2.52,0.64
2015-01-09,16.70,17.18,17.28,16.70,16476,28220000,0.28,1.66,3.43,1.03
2015-01-12,17.02,16.88,17.20,16.71,9344,15870000,-0.30,-1.75,2.85,0.58
2015-01-13,17.05,17.37,17.49,16.88,21022,36210000,0.49,2.90,3.61,1.31
2015-01-14,17.21,17.39,17.46,17.14,12464,21520000,0.02,0.12,1.84,0.78
2015-01-15,17.50,17.44,17.66,17.25,14572,25550000,0.05,0.29,2.36,0.91
2015-01-16,17.44,17.50,17.70,17.33,11393,20020000,0.06,0.34,2.12,0.71
2015-01-19,17.70,16.87,17.70,16.86,16583,28700000,-0.63,-3.60,4.80,1.04
2015-01-20,16.90,17.63,17.67,16.90,16459,28560000,0.76,4.51,4.56,1.03
2015-01-21,17.62,18.18,18.73,17.62,44452,81460000,0.55,3.12,6.30,2.78
2015-01-22,18.18,18.58,18.68,18.18,27521,51060000,0.40,2.20,2.75,1.72
2015-01-23,18.48,18.62,18.98,18.40,26437,49640000,0.04,0.22,3.12,1.65
2015-01-26,20.00,19.80,20.20,18.90,54354,107310000,1.18,6.34,6.98,3.40
2015-01-27,19.99,19.37,20.00,19.11,21525,41720000,-0.43,-2.17,4.49,1.35
2015-01-28,19.30,20.10,20.20,19.10,27448,54690000,0.73,3.77,5.68,1.72
2015-01-29,20.07,19.60,20.30,19.35,19926,39580000,-0.50,-2.49,4.73,1.25
2015-01-30,19.20,19.30,19.68,19.10,11825,23030000,-0.30,-1.53,2.96,0.74
2015-02-02,19.27,19.98,20.03,18.48,20488,39950000,0.68,3.52,8.03,1.28
2015-02-03,20.10,21.98,21.98,19.78,48053,102150000,2.00,10.01,11.01,3.00
2015-02-04,21.85,22.44,23.20,21.55,36025,81100000,0.46,2.09,7.51,2.25
2015-02-05,22.30,22.29,22.64,22.00,17411,38690000,-0.15,-0.67,2.85,1.09
2015-02-06,22.30,22.20,22.49,22.01,13025,28900000,-0.09,-0.40,2.15,0.81
2015-02-09,22.22,22.33,22.65,22.00,17679,39380000,0.13,0.59,2.93,1.11
2015-02-10,22.45,21.71,22.45,21.34,19534,42690000,-0.62,-2.78,4.97,1.22
2015-02-11,21.95,23.00,23.22,21.51,18557,41760000,1.29,5.94,7.88,1.16
2015-02-12,22.90,23.02,23.18,22.50,13577,31090000,0.02,0.09,2.96,0.85
2015-02-13,22.99,22.95,23.09,22.79,21820,50020000,-0.07,-0.30,1.30,1.36
2015-02-16,22.82,23.17,23.49,22.82,13553,31550000,0.22,0.96,2.92,0.85
2015-02-17,23.09,23.02,23.54,22.68,18913,43670000,-0.15,-0.65,3.71,1.18
2015-02-25,22.82,22.85,23.44,22.63,15369,35270000,-0.17,-0.74,3.52,0.96
2015-02-26,22.84,22.50,22.97,22.13,12165,27230000,-0.35,-1.53,3.68,0.76
2015-02-27,22.24,22.64,22.95,22.18,11945,27020000,0.14,0.62,3.42,0.75
2015-03-02,22.50,23.84,23.88,22.30,18718,43110000,1.20,5.30,6.98,1.17
2015-03-03,23.80,24.18,25.19,23.58,27579,67330000,0.34,1.43,6.75,1.72
2015-03-04,24.18,24.90,25.25,23.90,17842,44490000,0.72,2.98,5.58,1.12
2015-03-05,24.92,24.70,24.99,24.30,8776,21530000,-0.20,-0.80,2.77,0.55
2015-03-06,24.88,23.74,24.99,23.57,11891,28470000,-0.96,-3.89,5.75,0.74
2015-03-09,23.60,24.11,24.18,23.14,11451,27470000,0.37,1.56,4.38,0.72
2015-03-10,24.10,24.13,24.48,23.81,8461,20470000,0.02,0.08,2.78,0.53
2015-03-11,24.14,23.39,24.38,23.20,14055,33120000,-0.74,-3.07,4.89,0.88
2015-03-12,23.50,22.80,23.85,22.19,11510,26440000,-0.59,-2.52,7.10,0.72
2015-03-13,22.69,23.23,23.30,22.50,9103,20880000,0.43,1.89,3.51,0.57
2015-03-16,23.20,23.45,23.59,23.10,12613,29490000,0.22,0.95,2.11,0.79
2015-03-17,23.45,24.46,24.47,23.20,22789,53900000,1.01,4.31,5.42,1.42
2015-03-18,24.48,25.45,25.55,23.76,28864,70670000,0.99,4.05,7.32,1.80
2015-03-19,25.40,25.80,25.99,24.79,28115,71380000,0.35,1.38,4.72,1.76
2015-03-20,25.87,28.38,28.38,25.72,70758,194120000,2.58,10.00,10.31,4.42
2015-03-23,28.38,28.81,29.72,27.50,50079,144600000,0.43,1.52,7.82,3.13
2015-03-24,28.52,29.82,29.88,27.56,41792,119680000,1.01,3.51,8.05,2.61
2015-03-25,29.70,30.49,30.92,28.65,35933,108210000,0.67,2.25,7.61,2.25
2015-03-26,30.45,28.10,30.45,27.89,36060,104030000,-2.39,-7.84,8.40,2.25
2015-03-27,28.10,28.65,29.07,28.00,21436,61140000,0.55,1.96,3.81,1.34
2015-03-30,28.65,28.65,29.47,28.58,20621,59570000,0.00,0.00,3.11,1.29
2015-03-31,28.68,29.03,29.63,28.50,19738,57460000,0.38,1.33,3.94,1.23
2015-04-01,29.02,29.03,29.56,28.85,18756,54510000,0.00,0.00,2.45,1.17
2015-04-02,29.10,30.00,30.43,28.78,32851,97280000,0.97,3.34,5.68,2.05
2015-04-03,29.77,32.33,33.00,29.35,36003,113860000,2.33,7.77,12.17,2.25
2015-04-07,32.00,33.61,34.56,31.36,24728,79990000,1.28,3.96,9.90,1.55
2015-04-08,33.18,32.65,33.60,32.11,18175,59960000,-0.96,-2.86,4.43,1.14
2015-04-09,32.58,31.14,32.59,29.39,20315,62760000,-1.51,-4.62,9.80,1.27
2015-04-10,31.18,31.60,31.93,30.90,14072,44300000,0.46,1.48,3.31,0.88
2015-04-13,31.60,32.80,33.24,31.60,22467,73360000,1.20,3.80,5.19,1.40
2015-04-14,32.76,32.46,33.31,31.88,14378,47070000,-0.34,-1.04,4.36,0.90
2015-04-15,32.46,31.05,32.46,30.46,15932,50270000,-1.41,-4.34,6.16,1.00
2015-04-16,31.05,30.25,31.63,29.78,18438,56050000,-0.80,-2.58,5.96,1.15
2015-04-17,30.26,30.80,31.09,30.26,13942,42790000,0.55,1.82,2.74,0.87
2015-04-20,30.65,28.68,30.65,28.46,24116,71150000,-2.12,-6.88,7.11,1.51
2015-04-21,28.83,30.76,30.80,28.83,18861,56300000,2.08,7.25,6.87,1.18
2015-04-22,30.90,32.20,32.76,30.90,33298,107050000,1.44,4.68,6.05,2.08
2015-04-23,32.20,33.24,33.50,32.20,31757,104370000,1.04,3.23,4.04,1.98
2015-04-24,33.00,33.37,34.18,31.82,30354,100330000,0.13,0.39,7.10,1.90
2015-04-27,33.50,33.14,33.62,32.82,20659,68770000,-0.23,-0.69,2.40,1.29
2015-04-28,33.15,31.72,33.32,30.30,15669,50020000,-1.42,-4.28,9.11,0.98
2015-04-29,30.71,32.31,33.50,30.71,14881,48230000,0.59,1.86,8.80,0.93
2015-04-30,32.62,33.39,35.30,31.72,28730,96060000,1.08,3.34,11.08,1.80
2015-05-04,33.38,32.40,33.38,32.08,16010,52210000,-0.99,-2.97,3.89,1.00
2015-05-05,32.50,31.63,32.84,31.60,11674,37400000,-0.77,-2.38,3.83,0.73
2015-05-06,31.63,31.99,33.29,31.63,14078,45720000,0.36,1.14,5.25,0.88
2015-05-07,31.23,31.78,32.49,31.23,9340,29790000,-0.21,-0.66,3.94,0.58
2015-05-08,32.11,33.73,33.96,31.78,20334,66850000,1.95,6.14,6.86,1.27
2015-05-11,33.88,34.50,34.99,33.52,29384,100350000,0.77,2.28,4.36,1.84
2015-05-12,34.46,34.07,34.49,33.09,28270,95440000,-0.43,-1.25,4.06,1.77
2015-05-13,34.00,33.74,34.07,33.13,23013,77030000,-0.33,-0.97,2.76,1.44
2015-05-14,33.76,37.11,37.11,33.58,55730,197290000,3.37,9.99,10.46,3.48
2015-05-15,36.50,35.80,37.11,35.10,36081,129510000,-1.31,-3.53,5.42,2.26
2015-05-18,36.70,36.28,37.70,35.15,40310,145810000,0.48,1.34,7.12,2.52
2015-05-19,36.28,36.31,36.96,35.35,23394,84140000,0.03,0.08,4.44,1.46
2015-05-20,36.62,37.53,39.40,36.30,40430,152860000,1.22,3.36,8.54,2.53
2015-05-21,37.07,39.80,40.18,36.90,42636,162720000,2.27,6.05,8.74,2.66
2015-05-22,40.00,40.22,40.56,39.45,39658,158800000,0.42,1.06,2.79,2.48
2015-05-25,40.01,41.95,42.88,38.60,39217,160910000,1.73,4.30,10.64,2.45
2015-05-26,41.90,42.14,43.30,41.13,24408,102700000,0.19,0.45,5.17,1.53
2015-05-27,42.10,40.65,42.10,40.00,42947,174580000,-1.49,-3.54,4.98,2.68
2015-05-28,40.70,38.24,41.14,38.24,46690,185460000,-2.41,-5.93,7.13,2.92
2015-05-29,37.62,39.04,39.60,35.48,30965,118680000,0.82,2.15,10.78,1.94
2015-06-01,39.70,40.38,41.04,39.10,37136,149640000,1.34,3.43,4.97,2.32
2015-06-02,41.38,39.49,41.44,38.90,52289,208780000,-0.89,-2.20,6.29,3.27
2015-06-03,39.06,38.10,39.29,37.80,40165,154320000,-1.39,-3.52,3.77,2.51
2015-06-04,38.29,39.30,39.99,35.97,48057,186450000,1.20,3.15,10.55,3.00
2015-06-05,39.87,40.31,40.99,38.60,51305,204460000,1.01,2.57,6.08,3.21
2015-06-08,40.00,39.25,40.10,38.88,41054,162110000,-1.06,-2.63,3.03,2.57
2015-06-09,39.10,41.96,43.18,38.89,53715,222870000,2.71,6.90,10.93,3.36
2015-06-10,42.01,44.77,45.99,41.20,59654,262360000,2.81,6.70,11.42,3.73
2015-06-11,45.07,45.72,46.60,44.16,53755,244000000,0.95,2.12,5.45,3.36
2015-06-12,45.81,45.45,46.26,45.18,31079,141700000,-0.27,-0.59,2.36,1.94
2015-06-15,46.00,43.76,46.10,43.61,36964,164750000,-1.69,-3.72,5.48,2.31
2015-06-16,43.59,41.70,43.59,41.42,27833,116690000,-2.06,-4.71,4.96,1.74
2015-06-17,42.50,43.38,43.49,41.20,38777,165490000,1.68,4.03,5.49,2.42
2015-06-18,43.88,42.65,44.90,42.50,27986,122830000,-0.73,-1.68,5.53,1.75
2015-06-19,42.65,42.70,43.05,41.50,31804,134480000,0.05,0.12,3.63,1.99
2015-06-23,42.75,45.45,45.80,40.50,49074,211060000,2.75,6.44,12.41,3.07
2015-06-24,45.46,49.30,49.55,45.28,87255,413710000,3.85,8.47,9.39,5.45
2015-06-25,48.85,44.40,48.86,44.37,63887,299240000,-4.90,-9.94,9.11,3.99
2015-06-26,41.86,39.96,42.48,39.96,62963,257160000,-4.44,-10.00,5.68,3.94
2015-06-29,39.97,38.30,41.86,35.96,60133,229360000,-1.66,-4.15,14.76,3.76
2015-08-20,34.47,34.47,34.47,34.47,5458,18810000,-3.83,-10.00,0.00,0.34
2015-08-21,31.02,31.02,31.02,31.02,4316,13390000,-3.45,-10.01,0.00,0.27
2015-08-24,27.92,27.92,27.92,27.92,6920,19320000,-3.10,-9.99,0.00,0.43
2015-08-25,25.13,27.70,27.79,25.13,118802,302030000,-0.22,-0.79,9.53,7.43
2015-08-26,28.00,25.55,28.00,24.93,159779,409250000,-2.15,-7.76,11.08,9.99
2015-08-27,25.56,27.08,27.10,25.55,118702,312300000,1.53,5.99,6.07,7.42
2015-08-28,29.70,28.80,29.70,27.60,112713,323300000,1.72,6.35,7.75,7.04
2015-08-31,26.80,25.92,27.80,25.92,83341,220870000,-2.88,-10.00,6.53,5.21
2015-12-15,9.50,9.50,9.50,9.50,7340,6970000,0.86,9.95,0.00,0.15
2015-12-16,10.45,10.45,10.45,10.45,5008,5230000,0.95,10.00,0.00,0.10
2015-12-17,11.50,11.50,11.50,11.50,537348,617950000,1.05,10.05,0.00,11.19
2015-12-18,12.65,12.65,12.65,12.65,352855,446360000,1.15,10.00,0.00,7.35
2015-12-21,12.99,13.92,13.92,12.65,1349072,1788820000,1.27,10.04,10.04,28.11
2015-12-22,13.90,13.47,13.92,13.05,883157,1193210000,-0.45,-3.23,6.25,18.40
2015-12-23,13.28,13.94,14.75,13.20,871592,1228780000,0.47,3.49,11.51,18.16
2015-12-24,13.36,13.27,13.59,13.09,463295,615270000,-0.67,-4.81,3.59,9.65
2015-12-25,13.32,13.08,13.45,12.90,305622,400620000,-0.19,-1.43,4.14,6.37
2015-12-28,13.11,12.16,13.21,12.11,405851,509020000,-0.92,-7.03,8.41,8.46
2015-12-29,12.00,11.89,12.25,11.61,286567,339030000,-0.27,-2.22,5.26,5.97
2015-12-30,11.96,12.21,12.45,11.70,256996,311390000,0.32,2.69,6.31,5.35
2015-12-31,12.25,12.04,12.42,11.91,187031,228050000,-0.17,-1.39,4.18,3.90
2016-01-04,11.92,10.85,12.11,10.85,169468,193440000,-1.19,-9.88,10.47,3.53
2016-01-05,10.01,10.51,10.83,9.92,251648,260940000,-0.34,-3.13,8.39,5.24
2016-01-06,10.58,11.56,11.56,10.50,275975,302780000,1.05,9.99,10.09,5.75
2016-01-07,11.50,10.43,11.50,10.40,72720,79850000,-1.13,-9.78,9.52,1.52
2016-01-08,10.75,10.96,11.37,9.60,303615,326680000,0.53,5.08,16.97,6.33
2016-01-11,10.35,9.88,10.81,9.87,211332,219210000,-1.08,-9.85,8.58,4.40
2016-01-12,9.89,10.06,10.32,9.60,155706,155710000,0.18,1.82,7.29,3.24
2016-01-13,10.20,9.55,10.24,9.50,145099,143160000,-0.51,-5.07,7.36,3.02
2016-01-14,9.20,9.79,9.85,9.00,160978,152210000,0.24,2.51,8.90,3.35
2016-01-15,9.60,9.06,9.77,9.00,152877,143340000,-0.73,-7.46,7.87,3.18
2016-01-18,8.75,9.15,9.35,8.70,122125,110950000,0.09,0.99,7.17,2.54
2016-01-19,9.17,9.60,9.85,9.13,163641,154420000,0.45,4.92,7.87,3.41
2016-01-20,9.58,9.38,9.73,9.29,125986,119420000,-0.22,-2.29,4.58,2.62
2016-01-21,9.30,8.91,9.42,8.90,111912,102650000,-0.47,-5.01,5.54,2.33
2016-01-22,9.04,9.02,9.12,8.72,95763,85690000,0.11,1.23,4.49,2.00
2016-01-25,9.18,9.04,9.18,8.90,83326,75470000,0.02,0.22,3.10,1.74
2016-01-26,8.90,9.69,9.94,8.79,479341,464750000,0.65,7.19,12.72,9.99
2016-01-27,9.50,9.23,9.50,8.72,306209,277370000,-0.46,-4.75,8.05,6.38
2016-01-28,8.90,8.32,9.20,8.31,194461,172330000,-0.91,-9.86,9.64,4.05
2016-01-29,8.32,8.47,8.62,7.69,182133,150390000,0.15,1.80,11.18,3.79
2016-02-01,8.40,8.15,8.48,8.00,102230,84110000,-0.32,-3.78,5.67,2.13
2016-02-02,8.13,8.36,8.56,8.05,99229,83090000,0.21,2.58,6.26,2.07
2016-02-03,8.30,8.37,8.44,8.05,88969,73250000,0.01,0.12,4.67,1.85
2016-02-04,8.42,8.52,8.61,8.39,102954,87790000,0.15,1.79,2.63,2.14
2016-02-05,8.61,9.37,9.37,8.55,275673,251340000,0.85,9.98,9.62,5.74
2016-02-15,9.14,10.01,10.31,9.05,377469,373920000,0.64,6.83,13.45,7.86
2016-02-16,9.91,10.12,10.30,9.71,394195,394240000,0.11,1.10,5.89,8.21
2016-02-17,10.04,9.98,10.04,9.70,254615,252100000,-0.14,-1.38,3.36,5.30
2016-02-18,10.02,9.91,10.14,9.82,183894,183070000,-0.07,-0.70,3.21,3.83
2016-02-19,9.80,9.79,9.93,9.68,132590,129580000,-0.12,-1.21,2.52,2.76
2016-02-22,9.90,10.19,10.29,9.75,231463,231120000,0.40,4.09,5.52,4.82
2016-02-23,10.10,9.82,10.10,9.70,159402,157650000,-0.37,-3.63,3.93,3.32
2016-02-24,9.80,9.69,9.86,9.47,134624,130100000,-0.13,-1.32,3.97,2.80
2016-02-25,9.65,8.72,9.67,8.72,168500,153230000,-0.97,-10.01,9.80,3.51
2016-02-26,9.11,8.65,9.11,8.38,113174,99080000,-0.07,-0.80,8.37,2.36
2016-02-29,8.70,8.26,8.89,8.00,129355,107630000,-0.39,-4.51,10.29,2.69
2016-03-01,8.31,8.40,8.58,8.03,96464,80210000,0.14,1.69,6.66,2.01
2016-03-02,8.36,8.75,8.80,8.32,133237,114900000,0.35,4.17,5.71,2.78
2016-03-03,8.75,8.80,9.14,8.66,171107,151920000,0.05,0.57,5.49,3.56
2016-03-04,8.73,8.40,8.85,8.16,112002,95450000,-0.40,-4.55,7.84,2.33
2016-03-07,8.45,8.56,8.68,8.41,71183,61170000,0.16,1.90,3.21,1.48
2016-03-08,8.55,8.64,8.65,8.19,89269,75100000,0.08,0.93,5.37,1.86
2016-03-09,8.40,8.38,8.53,8.30,57780,48580000,-0.26,-3.01,2.66,1.20
2016-03-10,8.40,8.27,8.53,8.23,64431,53740000,-0.11,-1.31,3.58,1.34
2016-03-11,8.20,8.30,8.39,8.15,43833,36280000,0.03,0.36,2.90,0.91
2016-03-14,8.35,8.58,8.65,8.35,89063,76180000,0.28,3.37,3.61,1.86
2016-03-15,8.56,8.42,8.57,8.36,66064,55830000,-0.16,-1.86,2.45,1.38
2016-03-16,8.50,8.54,8.60,8.41,100705,85780000,0.12,1.43,2.26,2.10
2016-03-17,8.56,8.72,8.84,8.51,122366,106000000,0.18,2.11,3.86,2.55
2016-03-18,8.75,9.17,9.27,8.70,206973,187000000,0.45,5.16,6.54,4.31
2016-03-21,9.70,9.51,9.99,9.40,264195,253360000,0.34,3.71,6.43,5.50
2016-03-22,9.45,10.46,10.46,9.20,421279,421190000,0.95,9.99,13.25,8.78
2016-03-23,10.70,10.99,11.20,10.70,592904,647550000,0.53,5.07,4.78,12.35
2016-04-01,10.80,10.39,10.96,9.99,324976,343220000,-0.60,-5.46,8.83,6.77
2016-04-05,10.10,10.37,10.56,9.77,286558,291650000,-0.02,-0.19,7.60,5.97
2016-04-06,10.18,10.80,10.99,10.05,328750,344340000,0.43,4.15,9.06,6.85
2016-04-07,10.70,10.34,10.71,10.25,226340,237550000,-0.46,-4.26,4.26,4.72
2016-04-08,10.10,10.15,10.28,9.70,185672,185720000,-0.19,-1.84,5.61,3.87
2016-04-11,10.19,10.16,10.31,10.15,157932,161370000,0.01,0.10,1.58,3.29
2016-04-12,10.20,9.93,10.20,9.90,121740,121510000,-0.23,-2.26,2.95,2.54
2016-04-13,9.93,10.00,10.13,9.93,135849,136630000,0.07,0.70,2.01,2.83
2016-04-14,10.03,10.04,10.11,9.92,113248,113290000,0.04,0.40,1.90,2.36
2016-04-15,10.05,10.25,10.34,10.01,185639,190020000,0.21,2.09,3.29,3.87
2016-04-18,10.27,10.00,10.27,9.96,111420,111940000,-0.25,-2.44,3.02,2.32
2016-04-19,10.06,10.15,10.22,10.03,110794,112210000,0.15,1.50,1.90,2.31
2016-04-20,10.20,9.38,10.21,9.25,178105,172570000,-0.77,-7.59,9.46,3.71
2016-04-21,9.39,9.31,9.50,9.26,95814,89830000,-0.07,-0.75,2.56,2.00
2016-04-22,9.28,9.36,9.41,9.00,100119,92240000,0.05,0.54,4.40,2.09
2016-04-25,9.36,9.64,9.69,9.21,95743,90900000,0.28,2.99,5.13,1.99
2016-04-26,9.50,9.55,9.58,9.41,80867,76790000,-0.09,-0.93,1.76,1.68
2016-04-27,9.55,9.46,9.66,9.43,71879,68720000,-0.09,-0.94,2.41,1.50
2016-04-28,9.45,9.47,9.50,9.30,62982,59190000,0.01,0.11,2.11,1.31
2016-04-29,9.45,9.49,9.55,9.40,44582,42290000,0.02,0.21,1.58,0.93
2016-05-03,9.49,9.71,9.80,9.41,68872,66380000,0.22,2.32,4.11,1.43
2016-05-04,9.68,10.07,10.45,9.62,160430,162370000,0.36,3.71,8.55,3.34
2016-05-05,10.08,10.06,10.14,9.92,82717,82930000,-0.01,-0.10,2.18,1.72
2016-05-06,10.06,9.60,10.10,9.50,97471,95600000,-0.46,-4.57,5.96,2.03
2016-05-09,9.40,9.24,9.44,9.03,71982,66460000,-0.36,-3.75,4.27,1.50
2016-05-10,9.26,9.32,9.50,9.26,41971,39110000,0.08,0.87,2.60,0.87
2016-05-11,9.33,9.29,9.58,9.27,40666,38170000,-0.03,-0.32,3.33,0.85
2016-05-12,9.19,9.20,9.33,8.97,42916,39180000,-0.09,-0.97,3.88,0.89
2016-05-13,9.28,9.30,9.35,9.16,37895,35070000,0.10,1.09,2.07,0.79
2016-05-16,9.29,9.36,9.38,9.23,36735,34180000,0.06,0.65,1.61,0.77
2016-05-17,9.40,9.28,9.41,9.24,33377,31070000,-0.08,-0.85,1.82,0.70
2016-05-18,9.25,9.00,9.25,8.95,44748,40470000,-0.28,-3.02,3.23,0.93
2016-05-19,9.00,8.98,9.15,8.98,27217,24670000,-0.02,-0.22,1.89,0.57
2016-05-20,9.01,9.02,9.06,8.91,31802,28610000,0.04,0.45,1.67,0.66
2016-05-23,8.97,9.05,9.10,8.97,30590,27670000,0.03,0.33,1.44,0.64
2016-05-24,9.01,9.20,9.29,9.01,75806,69660000,0.15,1.66,3.09,1.58
2016-05-25,9.21,9.02,9.28,8.98,50116,45660000,-0.18,-1.96,3.26,1.04
2016-05-26,9.10,8.96,9.10,8.80,44477,39540000,-0.05,-0.55,3.33,0.93
2016-05-27,8.96,8.90,8.99,8.87,36619,32620000,-0.06,-0.67,1.34,0.76
2016-05-30,8.87,8.76,8.87,8.70,30824,27120000,-0.14,-1.57,1.91,0.64
2016-05-31,8.77,9.03,9.05,8.77,61240,54880000,0.27,3.08,3.20,1.28
2016-06-01,9.04,9.06,9.10,8.98,52126,47190000,0.03,0.33,1.33,1.09
2016-06-02,9.11,9.17,9.30,9.07,56212,51580000,0.11,1.21,2.54,1.17
2016-06-03,9.11,9.10,9.20,9.05,48052,43800000,-0.07,-0.76,1.64,1.00
2016-06-06,9.10,9.14,9.20,9.08,34062,31090000,0.04,0.44,1.32,0.71
2016-06-07,9.39,9.05,9.39,8.98,75372,68510000,-0.09,-0.98,4.49,1.57
2016-06-08,8.95,9.03,9.08,8.80,102345,91140000,-0.02,-0.22,3.09,2.13
2016-06-13,8.80,8.65,8.89,8.53,73039,63930000,-0.38,-4.21,3.99,1.52
2016-06-14,8.61,8.63,8.68,8.49,43016,36850000,-0.02,-0.23,2.20,0.90
2016-06-15,8.54,8.89,8.92,8.44,57837,50970000,0.26,3.01,5.56,1.20
2016-06-16,8.88,8.72,8.88,8.70,34556,30350000,-0.17,-1.91,2.02,0.72
2016-06-17,8.72,8.90,8.95,8.72,57953,51460000,0.18,2.06,2.64,1.21
2016-06-20,8.98,9.77,9.79,8.98,312748,301200000,0.87,9.78,9.10,6.52
2016-06-21,9.85,10.75,10.75,9.77,492097,515420000,0.98,10.03,10.03,10.25
2016-06-22,10.98,10.80,11.00,10.31,384153,408200000,0.05,0.47,6.42,8.00
2016-06-23,11.31,10.60,11.88,10.50,551152,617360000,-0.20,-1.85,12.78,11.48
2016-06-24,10.85,11.12,11.50,10.50,567689,633350000,0.52,4.91,9.43,11.83
2016-06-27,10.80,12.23,12.23,10.68,612815,713540000,1.11,9.98,13.94,12.77
2016-06-28,12.36,12.10,12.54,11.78,493200,598650000,-0.13,-1.06,6.21,10.28
2016-06-29,12.10,11.96,12.18,11.60,319593,379610000,-0.14,-1.16,4.79,6.66
2016-06-30,11.84,11.64,11.96,11.45,271091,315660000,-0.32,-2.68,4.26,5.65
2016-07-01,11.69,11.67,11.96,11.50,240196,281870000,0.03,0.26,3.95,5.00
2016-07-04,11.48,11.77,11.93,11.40,177397,208310000,0.10,0.86,4.54,3.70
2016-07-05,11.88,11.84,12.21,11.58,220358,261700000,0.07,0.59,5.35,4.59
2016-07-06,11.81,11.70,12.05,11.45,195711,229490000,-0.14,-1.18,5.07,4.08
2016-07-07,11.69,11.95,11.97,11.19,332441,387750000,0.25,2.14,6.67,6.93
2016-07-08,11.88,13.15,13.15,11.72,620787,796820000,1.20,10.04,11.97,12.93
2016-07-11,13.20,14.35,14.47,13.10,612581,867620000,1.20,9.13,10.42,12.76
2016-07-12,13.84,13.93,14.20,13.22,405523,562060000,-0.42,-2.93,6.83,8.45
2016-07-13,14.00,13.74,14.10,13.41,241117,328400000,-0.19,-1.36,4.95,5.02
2016-07-14,13.66,13.82,14.06,13.40,218609,299670000,0.08,0.58,4.80,4.55
2016-07-15,13.53,13.20,13.66,13.18,230788,308210000,-0.62,-4.49,3.47,4.81
2016-07-18,13.42,12.70,13.42,12.44,249987,319300000,-0.50,-3.79,7.42,5.21
2016-07-19,13.15,13.51,13.90,13.10,372525,502670000,0.81,6.38,6.30,7.76
2016-07-20,13.21,13.86,14.20,13.00,384985,526590000,0.35,2.59,8.88,8.02
2016-07-21,13.78,13.61,14.40,13.55,291024,404370000,-0.25,-1.80,6.13,6.06
2016-07-22,13.31,13.19,13.88,13.10,262213,352480000,-0.42,-3.09,5.73,5.46
2016-07-25,13.16,12.72,13.29,12.58,236697,303410000,-0.47,-3.56,5.38,4.93
2016-07-26,12.71,12.85,13.06,12.58,134178,172290000,0.13,1.02,3.77,2.80
2016-07-27,12.96,11.89,12.99,11.61,252765,309760000,-0.96,-7.47,10.74,5.27
2016-07-28,11.88,11.38,11.88,11.00,221250,252850000,-0.51,-4.29,7.40,4.61
2016-07-29,11.37,11.28,11.63,11.10,122720,139420000,-0.10,-0.88,4.66,2.56
2016-08-01,11.37,11.51,11.57,10.90,144054,163580000,0.23,2.04,5.94,3.00
2016-08-02,11.50,11.95,12.30,11.34,215357,255490000,0.44,3.82,8.34,4.49
2016-08-03,11.95,11.87,12.19,11.74,138851,165430000,-0.08,-0.67,3.77,2.89
2016-08-04,11.70,11.74,11.85,11.50,140400,163960000,-0.13,-1.10,2.95,2.93
2016-08-05,11.72,11.53,11.73,11.52,113080,131130000,-0.21,-1.79,1.79,2.36
2016-08-08,11.60,11.94,11.98,11.38,134096,157280000,0.41,3.56,5.20,2.79
2016-08-09,11.96,11.90,12.06,11.80,114271,135960000,-0.04,-0.34,2.18,2.38
2016-08-10,11.79,11.89,12.00,11.79,78959,93910000,-0.01,-0.08,1.76,1.65
2016-08-11,11.79,11.82,12.35,11.74,141065,169710000,-0.07,-0.59,5.13,2.94
2016-08-12,11.55,11.76,11.81,11.50,107252,124840000,-0.06,-0.51,2.62,2.23
2016-08-15,11.74,11.87,11.96,11.52,144635,170240000,0.11,0.94,3.74,3.01
2016-08-16,11.89,11.94,12.05,11.79,163899,195330000,0.07,0.59,2.19,3.41
2016-08-17,11.95,12.30,12.50,11.85,237532,291640000,0.36,3.02,5.44,4.95
2016-08-18,12.30,12.24,12.47,12.15,155160,190970000,-0.06,-0.49,2.60,3.23
2016-08-19,12.32,12.34,12.65,12.31,132084,163830000,0.10,0.82,2.78,2.75
2016-08-22,12.34,12.68,12.70,11.97,219639,271520000,0.34,2.76,5.92,4.58
2016-08-23,12.46,12.85,13.15,12.41,313138,400310000,0.17,1.34,5.84,6.52
2016-08-24,12.70,12.63,12.79,12.51,167447,211750000,-0.22,-1.71,2.18,3.49
2016-08-25,12.53,12.76,12.91,12.32,148882,187710000,0.13,1.03,4.67,3.10
2016-08-26,12.73,12.56,12.73,12.48,111881,141080000,-0.20,-1.57,1.96,2.33
2016-08-29,12.59,12.21,12.59,12.14,134721,165230000,-0.35,-2.79,3.58,2.81
2016-08-30,12.20,12.24,12.39,12.16,64306,78830000,0.03,0.25,1.88,1.34
2016-08-31,12.25,12.20,12.32,12.13,81477,99310000,-0.04,-0.33,1.55,1.70
2016-09-01,12.45,12.35,12.87,12.29,175478,220820000,0.15,1.23,4.75,3.66
2016-09-02,12.14,12.01,12.35,11.90,133983,162450000,-0.34,-2.75,3.64,2.79
2016-09-05,12.10,12.11,12.24,12.02,65985,79930000,0.10,0.83,1.83,1.37
2016-09-06,12.11,12.02,12.18,11.76,103328,122920000,-0.09,-0.74,3.47,2.15
2016-09-07,12.00,11.87,12.09,11.85,80288,95970000,-0.15,-1.25,2.00,1.67
2016-09-08,11.79,11.91,12.02,11.79,57155,68030000,0.04,0.34,1.94,1.19
2016-09-09,11.90,11.69,11.90,11.68,64770,76320000,-0.22,-1.85,1.85,1.35
2016-09-12,11.37,11.00,11.37,10.91,130850,145790000,-0.69,-5.90,3.94,2.73
2016-09-13,11.07,10.99,11.17,10.85,67491,74260000,-0.01,-0.09,2.91,1.41
2016-09-14,10.90,11.06,11.07,10.80,48642,53140000,0.07,0.64,2.46,1.01
2016-09-19,11.06,11.37,11.45,11.06,81304,91730000,0.31,2.80,3.53,1.69
2016-09-20,11.50,11.30,11.61,11.24,56155,63930000,-0.07,-0.62,3.25,1.17
2016-09-21,11.30,11.40,11.45,11.13,75761,85660000,0.10,0.89,2.83,1.58
2016-09-22,11.65,11.32,11.80,11.30,107300,123160000,-0.08,-0.70,4.39,2.24
2016-09-23,11.23,11.26,11.41,11.22,51894,58660000,-0.06,-0.53,1.68,1.08
2016-09-26,11.28,11.11,11.55,11.10,75924,86200000,-0.15,-1.33,4.00,1.58
2016-09-27,10.98,11.12,11.18,10.89,47629,52530000,0.01,0.09,2.61,0.99
2016-09-28,11.02,11.12,11.17,11.02,35432,39350000,0.00,0.00,1.35,0.74
2016-09-29,11.24,10.93,11.30,10.92,75507,83360000,-0.19,-1.71,3.42,1.57
2016-09-30,10.91,10.87,10.97,10.81,51598,56150000,-0.06,-0.55,1.46,1.08
2016-10-10,10.92,11.08,11.09,10.89,96797,106580000,0.21,1.93,1.84,2.02
2016-10-11,11.08,11.55,11.56,11.08,168014,191590000,0.47,4.24,4.33,3.50
2016-10-12,11.40,11.44,11.54,11.36,81440,93040000,-0.11,-0.95,1.56,1.70
2016-10-13,11.44,11.31,11.50,11.28,94829,107630000,-0.13,-1.14,1.92,1.98
2016-10-14,11.30,11.29,11.35,11.18,58087,65510000,-0.02,-0.18,1.50,1.21
2016-10-17,11.30,11.08,11.37,11.06,66395,74400000,-0.21,-1.86,2.75,1.38
2016-10-18,11.08,11.20,11.20,11.01,65196,72490000,0.12,1.08,1.71,1.36
2016-10-19,11.20,11.21,11.35,11.19,63058,70990000,0.01,0.09,1.43,1.31
2016-10-20,11.21,12.00,12.28,11.09,359787,425350000,0.79,7.05,10.62,7.50
2016-10-21,11.85,11.88,12.28,11.82,233048,279970000,-0.12,-1.00,3.83,4.86
2016-10-24,11.85,11.96,12.10,11.85,127084,151810000,0.08,0.67,2.10,2.65
2016-10-25,11.91,12.19,12.39,11.90,278375,340180000,0.23,1.92,4.10,5.80
2016-10-26,12.21,12.33,12.45,12.11,253545,311460000,0.14,1.15,2.79,5.28
2016-10-27,12.34,12.23,12.43,12.21,169173,208330000,-0.10,-0.81,1.78,3.52
2016-10-28,12.18,12.40,12.66,12.03,281767,348410000,0.17,1.39,5.15,5.87
2016-10-31,12.41,12.72,12.86,12.36,353240,447560000,0.32,2.58,4.03,7.36
2016-11-01,12.64,12.73,13.50,12.60,557864,723860000,0.01,0.08,7.08,11.62
2016-11-02,12.61,12.09,12.80,12.06,344876,425850000,-0.64,-5.03,5.81,7.18
2016-11-03,12.08,12.00,12.24,11.94,194836,235410000,-0.09,-0.74,2.48,4.06
2016-11-04,11.97,11.70,12.23,11.67,253404,302410000,-0.30,-2.50,4.67,5.28
2016-11-07,11.84,11.89,12.01,11.78,140835,167470000,0.19,1.62,1.97,2.93
2016-11-08,11.93,11.71,11.94,11.59,180394,210930000,-0.18,-1.51,2.94,3.76
2016-11-09,11.72,11.72,11.75,11.35,169974,196170000,0.01,0.09,3.42,3.54
2016-11-10,11.76,11.84,12.06,11.57,191017,225630000,0.12,1.02,4.18,3.98
2016-11-11,11.79,11.72,11.84,11.66,114058,133710000,-0.12,-1.01,1.52,2.38
2016-11-14,11.60,12.89,12.89,11.60,465447,582070000,1.17,9.98,11.01,9.70
2016-11-15,13.11,13.12,13.76,12.98,940861,1250820000,0.23,1.78,6.05,19.60
2016-11-16,12.82,13.39,13.89,12.66,737175,978810000,0.27,2.06,9.38,15.36
2016-11-17,13.01,13.80,14.28,12.87,938515,1283910000,0.41,3.06,10.53,19.55
2016-11-18,13.80,13.56,13.90,13.38,492791,670920000,-0.24,-1.74,3.77,10.27
2016-11-21,13.51,13.70,13.90,13.31,600363,820170000,0.14,1.03,4.35,12.51
2016-11-22,13.55,13.60,13.75,13.34,419862,569460000,-0.10,-0.73,2.99,8.75
2016-11-23,13.31,13.78,13.78,13.16,652101,879270000,0.18,1.32,4.56,13.59
2016-11-24,13.56,15.16,15.16,13.52,1140916,1636500000,1.38,10.01,11.90,23.77
2016-11-25,15.10,15.20,16.39,14.75,1406387,2143540000,0.04,0.26,10.82,29.30
2016-11-28,15.45,14.58,15.45,14.55,722246,1077450000,-0.62,-4.08,5.92,15.05
2016-11-29,14.43,14.76,15.02,13.95,617627,893470000,0.18,1.23,7.34,12.87
2016-11-30,14.71,15.00,15.10,14.34,561743,831320000,0.24,1.63,5.15,11.70
2016-12-01,14.89,14.91,15.25,14.75,564630,846570000,-0.09,-0.60,3.33,11.76
2016-12-02,14.75,14.84,15.05,14.41,499163,737750000,-0.07,-0.47,4.29,10.40
2016-12-05,14.83,14.89,15.05,14.52,585742,870630000,0.05,0.34,3.57,12.20
2016-12-06,14.90,14.40,14.98,14.01,545729,795910000,-0.49,-3.29,6.51,11.37
2016-12-07,14.38,14.38,14.55,13.90,462439,659060000,-0.02,-0.14,4.51,9.63
2016-12-08,14.40,13.99,14.45,13.81,434321,610530000,-0.39,-2.71,4.45,9.05
2016-12-09,13.99,14.11,14.19,13.80,460365,645590000,0.12,0.86,2.79,9.59
2016-12-12,14.12,13.48,14.12,13.27,401906,548880000,-0.63,-4.46,6.02,8.37
2016-12-13,13.28,12.65,13.30,12.21,411651,516570000,-0.83,-6.16,8.09,8.58
2016-12-14,12.50,13.03,13.10,12.10,417529,527340000,0.38,3.00,7.91,8.70
2016-12-15,13.22,13.59,13.80,12.81,446746,595580000,0.56,4.30,7.60,9.31
2016-12-16,13.55,13.46,13.75,13.35,276786,374700000,-0.13,-0.96,2.94,5.77
2016-12-19,13.48,14.34,14.49,13.28,577473,810760000,0.88,6.54,8.99,12.03
2016-12-20,14.33,14.25,14.55,14.03,714171,1018690000,-0.09,-0.63,3.63,14.88
2016-12-21,14.09,14.12,14.42,14.02,549750,781270000,-0.13,-0.91,2.81,11.45
2016-12-22,14.35,13.35,14.35,13.35,525667,727020000,-0.77,-5.45,7.08,10.95
2016-12-23,13.25,13.34,13.58,12.62,431191,567960000,-0.01,-0.07,7.19,8.98
2016-12-26,13.20,13.30,13.52,13.03,317177,423000000,-0.04,-0.30,3.67,6.61
2016-12-27,13.21,12.88,13.41,12.86,309854,407590000,-0.42,-3.16,4.14,6.46
2016-12-28,12.75,12.30,12.75,12.25,298245,372730000,-0.58,-4.50,3.88,6.21
2016-12-29,12.33,12.30,12.55,12.21,166412,206070000,0.00,0.00,2.76,3.47
2016-12-30,12.40,12.33,12.53,12.26,121768,150940000,0.03,0.24,2.20,2.54
2017-01-03,12.49,12.35,12.49,12.26,118469,146340000,0.02,0.16,1.87,2.47
2017-01-04,12.31,12.77,12.78,12.31,224609,283650000,0.42,3.40,3.81,4.68
2017-01-05,12.75,12.64,12.78,12.57,144838,183010000,-0.13,-1.02,1.64,3.02
2017-01-06,12.61,12.35,12.64,12.27,160915,199390000,-0.29,-2.29,2.93,3.35
2017-01-09,12.30,12.01,12.30,11.88,163287,196580000,-0.34,-2.75,3.40,3.40
2017-01-10,12.00,12.12,12.30,11.95,106394,129460000,0.11,0.92,2.91,2.22
2017-01-11,12.03,11.88,12.08,11.88,102952,123110000,-0.24,-1.98,1.65,2.14
2017-01-12,11.90,11.90,12.07,11.85,86003,102760000,0.02,0.17,1.85,1.79
2017-01-13,11.90,11.60,11.94,11.00,117864,136560000,-0.30,-2.52,7.90,2.46
2017-01-16,11.70,11.22,11.85,10.53,139720,159020000,-0.38,-3.28,11.38,2.91
2017-01-17,11.01,11.25,11.30,10.70,107129,118850000,0.03,0.27,5.35,2.23
2017-01-18,11.15,11.05,11.24,11.03,64428,71670000,-0.20,-1.78,1.87,1.34
2017-01-19,11.04,11.17,11.20,10.72,90121,98910000,0.12,1.09,4.34,1.88
2017-01-20,11.18,11.47,12.00,11.18,153833,178510000,0.30,2.69,7.34,3.20
2017-01-23,11.31,11.66,11.72,11.18,96759,111930000,0.19,1.66,4.71,2.02
2017-01-24,11.63,11.52,11.78,11.49,67929,78740000,-0.14,-1.20,2.49,1.42
2017-01-25,11.49,11.48,11.60,11.46,60817,70040000,-0.04,-0.35,1.22,1.27
2017-01-26,11.50,11.62,11.70,11.49,57850,67090000,0.14,1.22,1.83,1.21
2017-02-03,11.61,11.53,11.72,11.52,51030,59260000,-0.09,-0.77,1.72,1.06
2017-02-06,11.50,11.60,11.60,11.42,56375,65000000,0.07,0.61,1.56,1.17
2017-02-07,11.56,11.55,11.70,11.48,56862,65784800,-0.05,-0.43,1.897,1.52
2017-02-08,11.59,11.91,12.09,11.55,140952,167634000,0.36,3.12,4.675,3.76
2017-02-09,11.82,11.93,11.98,11.77,101070,119926600,0.02,0.17,1.763,2.69
2017-02-10,11.96,11.79,11.96,11.78,87843,103929500,-0.14,-1.17,1.509,2.34
2017-02-13,11.80,11.79,11.86,11.63,68223,80064000,0.00,0.00,1.951,1.82
2017-02-14,11.81,11.69,11.83,11.66,61761,72240800,-0.10,-0.85,1.442,1.65
2017-02-15,11.70,11.50,11.79,11.45,79560,92507000,-0.19,-1.63,2.908,2.12
2017-02-16,11.45,11.47,11.55,11.37,74504,85372400,-0.03,-0.26,1.565,1.99
2017-02-17,11.47,11.22,11.51,11.20,83028,93941200,-0.25,-2.18,2.703,2.21
2017-02-20,11.28,11.51,11.55,11.16,82447,93389100,0.29,2.58,3.476,2.20
2017-02-21,11.51,11.56,11.60,11.40,77024,88899000,0.05,0.43,1.74,2.05
2017-02-22,11.56,11.66,11.76,11.53,93903,109603700,0.10,0.87,1.99,2.50
2017-02-23,11.72,11.71,11.75,11.51,86880,101096700,0.05,0.43,2.06,2.32
2017-02-24,11.70,11.93,12.05,11.61,189702,225995200,0.22,1.88,3.76,5.06
2017-02-27,11.87,11.66,12.01,11.65,114869,135822700,-0.27,-2.26,3.02,3.06
2017-02-28,11.68,11.63,11.78,11.48,102468,118710300,-0.03,-0.26,2.57,2.73
2017-03-01,11.63,11.55,11.65,11.48,76852,88812500,-0.08,-0.69,1.46,2.05
2017-03-02,11.56,11.40,11.63,11.40,70378,80874900,-0.15,-1.30,1.99,1.88
2017-03-03,11.38,11.50,11.54,11.31,55868,64057000,0.10,0.88,2.02,1.49
2017-03-06,11.50,11.78,11.91,11.47,123303,144247200,0.28,2.43,3.83,3.29
2017-03-07,11.80,11.93,12.00,11.80,181916,216746100,0.15,1.27,1.70,4.85
2017-03-08,11.90,11.97,11.99,11.67,155262,183539700,0.04,0.34,2.68,4.14
2017-03-09,11.86,12.05,12.17,11.86,208422,250816400,0.08,0.67,2.59,5.56
2017-03-10,12.05,11.85,12.24,11.85,155754,186749100,-0.20,-1.66,3.24,4.15
2017-03-13,11.89,11.92,11.96,11.70,90610,107490100,0.07,0.59,2.19,2.42
2017-03-14,11.88,11.98,12.07,11.79,127609,152117700,0.06,0.50,2.35,3.40
2017-03-15,11.90,11.88,12.05,11.80,119569,142521400,-0.10,-0.83,2.09,3.19
2017-03-16,11.88,12.10,12.10,11.83,156520,188069058,0.22,1.85,2.27,4.17
2017-03-17,12.15,12.65,13.29,12.05,483777,606912900,0.55,4.55,10.25,12.90
2017-03-20,12.60,12.78,12.85,12.50,279440,354112859,0.13,1.03,2.77,7.45
2017-03-21,12.67,12.61,12.97,12.50,214071,272709912,-0.17,-1.33,3.68,5.71
2017-03-22,12.51,12.50,12.58,12.32,147540,183762692,-0.11,-0.87,2.06,3.93
2017-03-23,12.43,12.30,12.62,12.18,134025,166281764,-0.20,-1.60,3.52,3.57
2017-03-24,12.35,12.60,12.72,12.31,176055,220921710,0.30,2.44,3.33,4.69
2017-03-27,12.79,12.44,12.87,12.43,143780,180820232,-0.16,-1.27,3.49,3.83
2017-03-28,12.36,12.16,12.38,12.15,107438,131609490,-0.28,-2.25,1.85,2.86
2017-03-29,12.20,12.21,12.44,12.20,97899,120665206,0.05,0.41,1.97,2.61
2017-03-30,12.21,11.68,12.26,11.62,151420,179472288,-0.53,-4.34,5.24,4.04
2017-03-31,11.67,11.62,11.80,11.53,71133,82892977,-0.06,-0.51,2.31,1.90
2017-04-05,11.64,11.97,12.10,11.63,81464,96890454,0.35,3.01,4.04,2.17
2017-04-06,12.38,12.32,12.68,12.17,155745,192598978,0.35,2.92,4.26,4.15
2017-04-07,12.41,12.13,12.58,12.08,133018,162701383,-0.19,-1.54,4.06,3.55
2017-04-10,11.94,11.76,12.09,11.71,111172,131560256,-0.37,-3.05,3.13,2.96
2017-04-11,11.69,11.90,11.95,11.65,85546,100793066,0.14,1.19,2.55,2.28
2017-04-12,11.82,11.71,11.88,11.70,58644,68841909,-0.19,-1.60,1.51,1.56
2017-04-13,11.70,11.66,11.82,11.62,47794,55977782,-0.05,-0.43,1.71,1.27
2017-04-14,11.65,11.36,11.72,11.36,78949,90553932,-0.30,-2.57,3.09,2.11
2017-04-17,11.38,11.19,11.38,11.10,54538,61044944,-0.17,-1.50,2.46,1.45
2017-04-18,11.24,11.05,11.28,11.05,42088,47037994,-0.14,-1.25,2.06,1.12
2017-04-19,10.92,10.79,10.95,10.70,64180,69325337,-0.26,-2.35,2.26,1.71
2017-04-20,10.80,10.83,11.00,10.72,49167,53493049,0.04,0.37,2.59,1.31
2017-04-21,10.76,10.84,10.94,10.76,29194,31662118,0.01,0.09,1.66,0.78
2017-04-24,10.88,10.23,10.90,10.22,51751,54412836,-0.61,-5.63,6.27,1.38
2017-04-25,10.31,10.27,10.37,10.04,41460,42501966,0.04,0.39,3.23,1.11
2017-04-26,10.29,10.20,10.29,10.12,35004,35742938,-0.07,-0.68,1.66,0.93
2017-04-27,10.21,10.25,10.30,9.87,61602,62427382,0.05,0.49,4.22,1.64
2017-04-28,10.16,10.69,10.92,10.16,82582,87313749,0.44,4.29,7.41,2.20
2017-05-02,10.80,11.00,11.18,10.70,92424,101864815,0.31,2.90,4.49,2.47
2017-05-03,10.91,10.69,11.00,10.68,60100,64756740,-0.31,-2.82,2.91,1.60
2017-05-04,10.68,10.60,10.82,10.50,42389,45168107,-0.09,-0.84,2.99,1.13
2017-05-05,10.60,10.31,10.60,10.29,43805,45736686,-0.29,-2.74,2.92,1.17
2017-05-08,10.25,9.98,10.30,9.98,41407,41943981,-0.33,-3.20,3.10,1.11
2017-05-09,9.98,10.22,10.27,9.97,49478,50078565,0.24,2.40,3.01,1.32
2017-05-10,10.22,10.04,10.36,9.94,50159,50924041,-0.18,-1.76,4.11,1.34
2017-05-11,10.02,10.04,10.12,9.71,57788,57347017,0.00,0.00,4.08,1.54
2017-05-12,9.98,9.94,10.10,9.89,38735,38554476,-0.10,-1.00,2.09,1.03
2017-05-15,10.08,9.91,10.08,9.91,28742,28652097,-0.03,-0.30,1.71,0.77
2017-05-16,9.99,9.94,9.99,9.52,85611,83323248,0.03,0.30,4.74,2.28
2017-05-17,9.92,9.93,10.18,9.85,67851,67856484,-0.01,-0.10,3.32,1.81
2017-05-18,9.82,9.75,9.92,9.72,54446,53359146,-0.18,-1.81,2.01,1.45
2017-05-19,9.83,9.73,9.89,9.70,34107,33377332,-0.02,-0.21,1.95,0.91
2017-05-22,9.73,9.10,9.73,9.01,82949,77781032,-0.63,-6.47,7.40,2.21
2017-05-23,9.10,8.56,9.16,8.48,99454,87032455,-0.54,-5.93,7.47,2.65
2017-05-24,8.50,8.59,8.69,8.23,52739,44722484,0.03,0.35,5.37,1.41
2017-05-25,8.62,8.70,8.80,8.51,44871,38804197,0.11,1.28,3.38,1.20
2017-05-26,8.72,8.66,8.80,8.66,27908,24314800,-0.04,-0.46,1.61,0.75
2017-05-31,8.80,8.68,8.93,8.66,30775,27005275,0.02,0.23,3.12,0.82
2017-06-01,8.66,8.19,8.67,8.18,46578,39147522,-0.49,-5.65,5.65,1.24
2017-06-02,8.22,8.25,8.28,7.92,54244,43938829,0.06,0.73,4.40,1.45
2017-06-05,8.27,8.27,8.32,8.20,38711,32014745,0.02,0.24,1.45,1.03
2017-06-06,8.25,8.34,8.36,8.16,38597,31989587,0.07,0.85,2.42,1.03
2017-06-07,9.17,8.98,9.17,8.68,183297,165436675,0.64,7.67,5.88,4.89
2017-06-08,8.84,8.80,8.95,8.72,126585,111745432,-0.18,-2.00,2.56,3.38
2017-06-09,8.71,8.66,8.76,8.59,75138,65091667,-0.14,-1.59,1.93,2.00
2017-06-12,8.65,8.51,8.65,8.45,48668,41551871,-0.15,-1.73,2.31,1.30
