日期,开盘,收盘,最高,最低,交易量(手),交易金额(元),涨跌额,涨跌幅(%),振幅(%),换手率(%)
2011-08-30,23.20,21.62,23.58,21.56,217559,492390000,6.12,39.48,13.03,79.98
2011-08-31,21.55,22.07,22.44,21.55,106330,233240000,0.45,2.08,4.12,39.09
2011-09-01,21.80,20.66,21.97,20.39,81969,173070000,-1.41,-6.39,7.16,30.14
2011-09-02,20.12,20.20,20.53,19.62,56074,112620000,-0.46,-2.23,4.40,20.62
2011-09-05,19.72,19.26,19.95,19.23,40479,79450000,-0.94,-4.65,3.56,14.88
2011-09-06,18.70,18.16,19.06,18.01,45632,84050000,-1.10,-5.71,5.45,16.78
2011-09-07,18.36,19.01,19.18,18.16,48415,91170000,0.85,4.68,5.62,17.80
2011-09-08,18.89,18.16,18.92,18.15,42679,79020000,-0.85,-4.47,4.05,15.69
2011-09-09,18.00,18.37,18.48,17.81,33724,61420000,0.21,1.16,3.69,12.40
2011-09-13,17.90,17.39,18.14,17.31,28939,51000000,-0.98,-5.33,4.52,10.64
2011-09-14,17.47,17.75,17.88,17.17,25754,45180000,0.36,2.07,4.08,9.47
2011-09-15,17.66,18.25,18.58,17.52,48282,87860000,0.50,2.82,5.97,17.75
2011-09-16,18.01,17.71,18.53,17.71,33397,60720000,-0.54,-2.96,4.49,12.28
2011-09-19,17.30,16.55,17.68,16.54,30528,51470000,-1.16,-6.55,6.44,11.22
2011-09-20,16.40,16.70,16.84,16.33,18910,31430000,0.15,0.91,3.08,6.95
2011-09-21,16.70,17.34,17.39,16.58,30262,51690000,0.64,3.83,4.85,11.13
2011-09-22,17.11,18.00,18.26,17.03,59673,105180000,0.66,3.81,7.09,21.94
2011-09-23,17.50,18.06,18.10,17.30,36508,64780000,0.06,0.33,4.44,13.42
2011-09-26,18.00,18.48,18.99,17.82,54017,99910000,0.42,2.33,6.48,19.86
2011-09-27,18.50,18.01,18.68,17.69,39459,71340000,-0.47,-2.54,5.36,14.51
2011-09-28,18.20,17.25,18.20,17.23,26812,47060000,-0.76,-4.22,5.39,9.86
2011-09-29,17.00,16.02,17.05,15.58,26139,42720000,-1.23,-7.13,8.52,9.61
2011-09-30,16.00,16.10,16.40,15.74,13216,21180000,0.08,0.50,4.12,4.86
2011-10-10,16.12,16.41,16.60,16.12,17631,28950000,0.31,1.93,2.98,6.48
2011-10-11,16.97,16.20,17.11,15.88,15269,25200000,-0.21,-1.28,7.50,5.61
2011-10-12,16.01,16.88,16.98,15.68,24990,41400000,0.68,4.20,8.02,9.19
2011-10-13,16.81,17.87,17.97,16.81,36097,62880000,0.99,5.86,6.87,13.27
2011-10-14,17.68,17.45,17.83,17.22,24834,43290000,-0.42,-2.35,3.41,9.13
2011-10-17,17.49,19.20,19.20,17.38,66009,121650000,1.75,10.03,10.43,24.27
2011-10-18,18.66,18.70,19.86,18.45,89845,172660000,-0.50,-2.60,7.34,33.03
2011-10-19,18.70,19.56,20.35,18.70,74813,145550000,0.86,4.60,8.82,27.50
2011-10-20,19.18,19.96,20.00,18.01,59978,114810000,0.40,2.05,10.17,22.05
2011-10-21,19.61,18.70,20.33,18.68,48562,94290000,-1.26,-6.31,8.27,17.85
2011-10-24,18.51,20.57,20.57,18.21,87694,174290000,1.87,10.00,12.62,32.24
2011-10-25,21.34,21.86,22.30,20.70,121173,258980000,1.29,6.27,7.78,44.55
2011-10-26,21.40,21.75,22.44,21.26,105035,228140000,-0.11,-0.50,5.40,38.62
2011-10-27,21.55,21.37,21.95,20.95,79184,169590000,-0.38,-1.75,4.60,29.11
2011-10-28,21.70,22.11,22.20,21.06,103947,225040000,0.74,3.46,5.33,38.22
2011-10-31,21.87,21.64,21.88,21.10,74143,159260000,-0.47,-2.13,3.53,27.26
2011-11-01,21.40,21.58,23.11,21.11,105459,232600000,-0.06,-0.28,9.24,38.77
2011-11-02,20.80,21.89,21.90,20.00,90272,188330000,0.31,1.44,8.80,33.19
2011-11-03,21.70,22.35,23.96,21.59,134722,303480000,0.46,2.10,10.83,49.53
2011-11-04,22.01,21.59,22.80,21.40,71326,156660000,-0.76,-3.40,6.26,26.22
2011-11-07,21.16,21.06,21.95,21.04,44989,96070000,-0.53,-2.45,4.21,16.54
2011-11-08,21.04,20.89,21.38,20.56,34107,71480000,-0.17,-0.81,3.89,12.54
2011-11-09,20.93,21.30,21.30,20.66,40105,84360000,0.41,1.96,3.06,14.74
2011-11-10,20.98,20.19,21.06,20.17,50842,104730000,-1.11,-5.21,4.18,18.69
2011-11-11,20.19,19.95,20.40,19.68,33674,67680000,-0.24,-1.19,3.57,12.38
2011-11-14,20.10,20.59,20.69,20.10,36720,75130000,0.64,3.21,2.96,13.50
2011-11-15,20.50,20.69,20.90,20.35,33107,68280000,0.10,0.49,2.67,12.17
2011-11-16,20.70,19.61,20.77,19.61,36512,73170000,-1.08,-5.22,5.61,13.42
2011-11-17,19.61,19.70,20.20,19.55,25269,50160000,0.09,0.46,3.31,9.29
2011-11-18,19.50,20.05,20.17,19.30,33230,66000000,0.35,1.78,4.42,12.22
2011-11-21,20.13,20.63,20.65,19.95,52174,106310000,0.58,2.89,3.49,19.18
2011-11-22,20.32,19.46,20.47,18.80,39416,77330000,-1.17,-5.67,8.10,14.49
2011-11-23,19.22,19.02,19.64,18.92,26003,50180000,-0.44,-2.26,3.70,9.56
2011-11-24,18.70,18.77,18.99,18.41,23418,43660000,-0.25,-1.31,3.05,8.61
2011-11-25,18.79,18.29,18.94,18.28,20780,38520000,-0.48,-2.56,3.52,7.64
2011-11-28,18.35,18.12,18.36,18.02,17634,31980000,-0.17,-0.93,1.86,6.48
2011-11-29,18.40,18.66,18.66,18.20,22932,42430000,0.54,2.98,2.54,8.43
2011-11-30,18.74,17.25,18.76,16.88,53448,94160000,-1.41,-7.56,10.08,15.72
2011-12-01,17.81,17.70,18.24,17.64,30573,54640000,0.45,2.61,3.48,8.99
2011-12-02,17.43,17.16,17.70,16.98,31641,54300000,-0.54,-3.05,4.07,9.31
2011-12-05,17.01,16.90,17.17,16.56,28507,47900000,-0.26,-1.52,3.55,8.38
2011-12-06,16.84,17.58,17.88,16.78,36824,63830000,0.68,4.02,6.51,10.83
2011-12-07,17.41,17.70,17.78,17.37,27498,48380000,0.12,0.68,2.33,8.09
2011-12-08,17.47,17.74,18.14,17.00,30681,54190000,0.04,0.23,6.44,9.02
2011-12-09,17.55,17.29,17.72,17.16,16557,28860000,-0.45,-2.54,3.16,4.87
2011-12-12,17.26,17.18,17.56,17.18,11002,19120000,-0.11,-0.64,2.20,3.24
2011-12-13,17.17,16.08,17.36,15.90,25756,42220000,-1.10,-6.40,8.50,7.58
2011-12-14,16.17,16.04,16.32,15.82,15120,24340000,-0.04,-0.25,3.11,4.45
2011-12-15,16.04,15.93,16.24,15.61,19904,31850000,-0.11,-0.69,3.93,5.85
2011-12-16,15.96,16.44,16.52,15.78,21508,34710000,0.51,3.20,4.65,6.33
2011-12-19,16.32,17.01,17.03,15.92,29051,47910000,0.57,3.47,6.75,8.54
2011-12-20,16.79,16.64,17.08,16.63,18656,31450000,-0.37,-2.18,2.65,5.49
2011-12-21,16.79,16.50,17.25,16.45,26844,45370000,-0.14,-0.84,4.81,7.90
2011-12-22,16.16,16.77,17.10,15.50,26033,42480000,0.27,1.64,9.70,7.66
2011-12-23,16.58,16.92,17.23,16.52,23353,39650000,0.15,0.89,4.23,6.87
2011-12-26,16.87,16.18,17.04,16.13,16215,27050000,-0.74,-4.37,5.38,4.77
2011-12-27,16.13,15.82,16.32,15.70,15247,24270000,-0.36,-2.23,3.83,4.48
2011-12-28,15.75,15.36,15.78,14.73,20590,31220000,-0.46,-2.91,6.64,6.06
2011-12-29,14.92,15.10,15.40,14.92,10676,16210000,-0.26,-1.69,3.13,3.14
2011-12-30,15.30,15.28,15.40,15.15,7506,11480000,0.18,1.19,1.66,2.21
2012-01-04,15.61,14.80,15.69,14.80,12169,18690000,-0.48,-3.14,5.82,3.58
2012-01-05,14.70,13.52,14.84,13.50,18411,26000000,-1.28,-8.65,9.05,5.42
2012-01-06,13.52,13.83,13.90,13.25,11708,15950000,0.31,2.29,4.81,3.44
2012-01-09,13.80,14.60,14.66,13.59,15270,21840000,0.77,5.57,7.74,4.49
2012-01-10,14.53,15.09,15.22,14.50,16634,24790000,0.49,3.36,4.93,4.89
2012-01-11,15.01,14.98,15.25,14.88,12472,18740000,-0.11,-0.73,2.45,3.67
2012-01-12,14.85,14.91,15.30,14.75,10862,16300000,-0.07,-0.47,3.67,3.19
2012-01-13,14.80,14.05,15.03,14.05,13061,18710000,-0.86,-5.77,6.57,3.84
2012-01-16,13.90,13.37,13.90,13.37,8427,11480000,-0.68,-4.84,3.77,2.48
2012-01-17,13.37,14.28,14.36,13.20,11836,16390000,0.91,6.81,8.68,3.48
2012-01-18,14.30,13.67,14.48,13.60,11741,16560000,-0.61,-4.27,6.16,3.45
2012-01-19,13.60,13.98,14.13,13.56,8298,11530000,0.31,2.27,4.17,2.44
2012-01-20,14.02,14.25,14.40,13.95,8927,12720000,0.27,1.93,3.22,2.63
2012-01-30,14.30,14.16,14.48,14.02,8673,12370000,-0.09,-0.63,3.23,2.55
2012-01-31,14.20,14.10,14.20,13.80,7696,10740000,-0.06,-0.42,2.82,2.26
2012-02-01,14.14,14.20,14.43,13.92,8924,12710000,0.10,0.71,3.62,2.62
2012-02-02,14.20,14.52,14.52,14.03,9434,13560000,0.32,2.25,3.45,2.77
2012-02-03,14.50,14.87,14.90,14.41,17429,25610000,0.35,2.41,3.37,5.13
2012-02-06,14.86,15.39,15.43,14.72,32108,48650000,0.52,3.50,4.77,9.44
2012-02-07,15.26,14.92,15.26,14.74,13247,19830000,-0.47,-3.05,3.38,3.90
2012-02-08,14.75,15.21,15.26,14.68,12529,18910000,0.29,1.94,3.89,3.69
2012-02-09,15.30,15.38,15.49,15.10,19229,29410000,0.17,1.12,2.56,5.66
2012-02-10,15.22,15.28,15.61,15.22,15454,23740000,-0.10,-0.65,2.54,4.55
2012-02-13,15.20,15.35,15.56,15.09,15828,24320000,0.07,0.46,3.08,4.66
2012-02-14,15.36,15.53,15.55,15.20,14104,21740000,0.18,1.17,2.28,4.15
2012-02-15,15.51,15.67,15.68,15.36,17020,26470000,0.14,0.90,2.06,5.01
2012-02-16,15.69,15.38,15.74,15.20,16726,25900000,-0.29,-1.85,3.45,4.92
2012-02-17,15.55,16.05,16.79,15.52,50974,82250000,0.67,4.36,8.26,14.99
2012-02-20,16.20,16.00,16.40,16.00,34257,55370000,-0.05,-0.31,2.49,10.08
2012-02-21,15.90,16.37,16.37,15.83,20714,33380000,0.37,2.31,3.38,6.09
2012-02-22,16.28,16.76,17.02,16.28,29158,48650000,0.39,2.38,4.52,8.58
2012-02-23,16.76,16.65,16.96,16.38,24377,40580000,-0.11,-0.66,3.46,7.17
2012-02-24,16.69,16.72,16.80,16.50,24358,40440000,0.07,0.42,1.80,7.16
2012-02-27,16.55,16.55,16.86,16.53,24725,41240000,-0.17,-1.02,1.97,7.27
2012-02-28,16.43,16.16,16.64,16.06,21770,35380000,-0.39,-2.36,3.50,6.40
2012-02-29,16.11,15.95,16.33,15.95,11744,18960000,-0.21,-1.30,2.35,3.45
2012-03-01,15.88,16.20,16.35,15.84,13665,22040000,0.25,1.57,3.20,4.02
2012-03-02,16.20,16.60,16.67,16.20,20808,34330000,0.40,2.47,2.90,6.12
2012-03-05,16.66,16.42,16.71,16.40,16735,27650000,-0.18,-1.08,1.87,4.92
2012-03-06,16.43,16.19,16.43,16.04,12723,20600000,-0.23,-1.40,2.38,3.74
2012-03-07,16.06,16.06,16.33,15.95,10619,17180000,-0.13,-0.80,2.35,3.12
2012-03-08,16.20,16.18,16.40,15.97,18547,30040000,0.12,0.75,2.68,5.46
2012-03-09,16.29,16.80,16.85,16.10,40184,66270000,0.62,3.83,4.64,11.82
2012-03-12,16.77,16.85,16.86,16.51,27708,46180000,0.05,0.30,2.08,8.15
2012-03-13,16.71,17.02,17.09,16.70,24315,41120000,0.17,1.01,2.31,7.15
2012-03-14,17.00,16.01,17.20,15.92,33327,55750000,-1.01,-5.93,7.52,9.80
2012-03-15,16.01,15.79,16.20,15.60,15250,24190000,-0.22,-1.37,3.75,4.49
2012-03-16,16.00,16.16,16.18,15.70,13266,21160000,0.37,2.34,3.04,3.90
2012-03-19,16.11,16.46,16.46,16.01,13381,21770000,0.30,1.86,2.78,3.94
2012-03-20,16.44,15.82,16.45,15.82,10781,17440000,-0.64,-3.89,3.83,3.17
2012-03-21,15.86,16.35,16.37,15.74,15291,24560000,0.53,3.35,3.98,4.50
2012-03-22,16.32,16.82,17.15,16.30,36795,61860000,0.47,2.87,5.20,10.82
2012-03-23,16.62,17.18,17.44,16.52,44604,76260000,0.36,2.14,5.47,13.12
2012-03-29,15.46,15.46,16.00,15.46,37242,57980000,-1.72,-10.01,3.14,10.95
2012-03-30,14.98,14.61,15.48,14.28,23237,34260000,-0.85,-5.50,7.76,6.83
2012-04-05,14.61,15.01,15.06,14.48,12478,18490000,0.40,2.74,3.97,3.67
2012-04-06,14.96,14.77,14.97,14.61,21365,31550000,-0.24,-1.60,2.40,6.28
2012-04-09,14.70,14.39,14.70,14.39,15305,22210000,-0.38,-2.57,2.10,4.50
2012-04-10,14.20,14.37,14.47,13.86,15906,22490000,-0.02,-0.14,4.24,4.68
2012-04-11,14.20,14.38,14.55,14.07,14535,20800000,0.01,0.07,3.34,4.28
2012-04-12,14.44,14.78,14.85,14.39,16664,24390000,0.40,2.78,3.20,4.90
2012-04-13,14.79,14.90,15.16,14.76,16319,24420000,0.12,0.81,2.71,4.80
2012-04-16,14.84,14.74,14.88,14.64,11651,17170000,-0.16,-1.07,1.61,3.43
2012-04-17,14.73,14.83,15.08,14.60,11909,17620000,0.09,0.61,3.26,3.50
2012-04-18,14.81,15.24,15.34,14.81,19620,29770000,0.41,2.76,3.57,5.77
2012-04-19,15.33,15.07,15.33,15.00,13193,19940000,-0.17,-1.12,2.17,3.88
2012-04-20,15.07,15.17,15.21,15.01,9512,14390000,0.10,0.66,1.33,2.80
2012-04-24,14.50,14.32,15.10,14.01,20123,28920000,-0.85,-5.60,7.19,5.92
2012-04-25,14.30,14.45,14.55,14.01,12398,17730000,0.13,0.91,3.77,3.65
2012-04-26,14.55,14.60,14.92,14.55,12757,18800000,0.15,1.04,2.56,3.75
2012-04-27,14.55,14.33,14.61,14.31,7397,10660000,-0.27,-1.85,2.05,2.18
2012-05-02,14.45,14.59,14.72,14.41,8975,13110000,0.26,1.81,2.16,2.64
2012-05-03,14.51,15.13,15.27,14.51,22893,34430000,0.54,3.70,5.21,6.73
2012-05-04,14.95,15.20,15.28,14.91,14952,22630000,0.07,0.46,2.45,4.40
2012-05-07,15.17,15.26,15.37,15.03,11786,17910000,0.06,0.39,2.24,3.47
2012-05-08,15.27,15.49,15.75,15.09,24264,37320000,0.23,1.51,4.33,7.14
2012-05-09,15.35,15.10,15.35,14.95,16291,24610000,-0.39,-2.52,2.58,4.79
2012-05-10,15.10,14.83,15.15,14.78,13359,19960000,-0.27,-1.79,2.45,3.93
2012-05-14,14.90,14.61,14.97,14.60,10652,15780000,-0.22,-1.48,2.49,3.13
2012-05-15,14.50,14.47,14.51,14.20,10041,14420000,-0.14,-0.96,2.12,2.95
2012-05-16,14.49,14.38,14.58,14.30,5727,8260000,-0.09,-0.62,1.94,1.68
2012-05-17,14.33,14.63,14.66,14.31,5112,7420000,0.25,1.74,2.43,1.50
2012-05-18,14.54,14.25,14.61,14.16,7911,11410000,-0.38,-2.60,3.08,2.33
2012-05-21,14.29,14.38,14.45,14.14,5963,8530000,0.13,0.91,2.18,1.75
2012-05-22,14.40,14.60,14.67,14.40,7272,10580000,0.22,1.53,1.88,2.14
2012-05-23,14.57,14.40,14.57,14.30,7989,11510000,-0.20,-1.37,1.85,2.35
2012-05-24,14.35,14.38,14.42,14.21,6708,9620000,-0.02,-0.14,1.46,1.97
2012-05-25,14.40,14.27,14.46,14.22,4873,6990000,-0.11,-0.77,1.67,1.43
2012-05-28,14.26,14.24,14.29,13.91,7603,10720000,-0.03,-0.21,2.66,2.24
2012-05-29,14.29,14.46,14.51,14.26,11049,15900000,0.22,1.54,1.76,3.25
2012-05-30,14.49,14.66,14.87,14.46,18524,27230000,0.20,1.38,2.84,5.45
2012-05-31,14.53,14.61,14.80,14.45,10652,15610000,-0.05,-0.34,2.39,3.13
2012-06-01,14.68,14.57,14.70,14.45,10878,15870000,-0.04,-0.27,1.71,3.20
2012-06-04,14.41,13.92,14.41,13.92,11041,15600000,-0.65,-4.46,3.36,3.25
2012-06-05,14.00,14.08,14.22,13.92,5821,8180000,0.16,1.15,2.16,1.71
2012-06-06,14.19,13.94,14.20,13.93,4271,6000000,-0.14,-0.99,1.92,1.26
2012-06-07,14.19,13.88,14.22,13.80,5144,7200000,-0.06,-0.43,3.01,1.51
2012-06-08,14.00,13.88,14.03,13.71,7374,10240000,0.00,0.00,2.31,2.17
2012-06-11,13.87,14.04,14.09,13.75,6730,9390000,0.16,1.15,2.45,1.98
2012-06-12,10.66,10.48,10.66,10.37,5281,5550000,-0.24,-2.24,2.71,1.19
2012-06-13,10.57,10.65,10.66,10.43,6485,6860000,0.17,1.62,2.19,1.47
2012-06-14,10.63,10.73,10.79,10.58,11427,12220000,0.08,0.75,1.97,2.59
2012-06-15,10.78,10.82,10.85,10.56,10442,11210000,0.09,0.84,2.70,2.36
2012-06-18,10.85,10.84,10.92,10.73,8433,9130000,0.02,0.18,1.76,1.91
2012-06-19,10.85,10.72,10.85,10.71,6034,6500000,-0.12,-1.11,1.29,1.37
2012-06-20,10.75,10.97,10.97,10.73,12995,14140000,0.25,2.33,2.24,2.94
2012-06-21,10.98,10.88,10.99,10.76,10015,10920000,-0.09,-0.82,2.10,2.27
2012-06-26,10.50,10.39,10.55,10.26,7954,8290000,-0.49,-4.50,2.67,1.80
2012-06-27,10.44,10.34,10.50,10.30,5562,5790000,-0.05,-0.48,1.92,1.26
2012-06-28,10.41,9.93,10.45,9.88,8752,8930000,-0.41,-3.97,5.51,1.98
2012-06-29,9.81,9.92,9.96,9.61,8961,8800000,-0.01,-0.10,3.52,2.03
2012-07-02,9.92,10.00,10.10,9.92,6358,6380000,0.08,0.81,1.81,1.44
2012-07-03,10.00,9.95,10.14,9.85,8065,8070000,-0.05,-0.50,2.90,1.82
2012-07-04,9.96,9.79,10.05,9.72,9611,9480000,-0.16,-1.61,3.32,2.17
2012-07-05,9.79,9.37,9.79,9.37,9530,9090000,-0.42,-4.29,4.29,2.16
2012-07-06,9.43,9.58,9.61,9.34,8932,8460000,0.21,2.24,2.88,2.02
2012-07-09,9.48,9.11,9.62,9.02,8109,7580000,-0.47,-4.91,6.26,1.83
2012-07-10,9.10,8.98,9.17,8.96,5635,5100000,-0.13,-1.43,2.31,1.28
2012-07-11,8.98,9.13,9.13,8.88,4643,4200000,0.15,1.67,2.78,1.05
2012-07-12,9.16,9.22,9.26,9.00,7189,6570000,0.09,0.99,2.85,1.63
2012-07-13,9.20,9.08,9.28,9.06,5791,5310000,-0.14,-1.52,2.39,1.31
2012-07-16,9.14,8.40,9.14,8.40,8539,7430000,-0.68,-7.49,8.15,1.93
2012-07-17,8.40,8.53,8.60,8.31,6011,5100000,0.13,1.55,3.45,1.36
2012-07-18,8.53,8.55,8.59,8.27,7615,6400000,0.02,0.23,3.75,1.72
2012-07-19,8.46,8.75,8.85,8.46,10785,9400000,0.20,2.34,4.56,2.44
2012-07-20,8.75,8.77,8.94,8.67,9888,8730000,0.02,0.23,3.09,2.24
2012-07-23,8.64,8.76,8.81,8.61,4507,3940000,-0.01,-0.11,2.28,1.02
2012-07-24,8.71,8.85,8.93,8.70,3960,3490000,0.09,1.03,2.63,0.90
2012-07-25,8.85,8.74,8.93,8.74,5499,4880000,-0.11,-1.24,2.15,1.24
2012-07-26,8.72,8.65,8.89,8.60,4777,4200000,-0.09,-1.03,3.32,1.08
2012-07-27,8.83,8.82,8.84,8.60,6693,5840000,0.17,1.97,2.77,1.51
2012-07-30,8.84,8.45,8.84,8.36,9188,7860000,-0.37,-4.20,5.44,2.08
2012-07-31,8.40,8.49,8.49,8.33,5999,5060000,0.04,0.47,1.89,1.36
2012-08-01,8.49,8.56,8.63,8.41,8639,7370000,0.07,0.82,2.59,1.95
2012-08-02,8.52,8.33,8.56,8.31,6365,5350000,-0.23,-2.69,2.92,1.44
2012-08-03,8.33,8.55,8.55,8.30,5638,4750000,0.22,2.64,3.00,1.28
2012-08-06,8.50,8.86,8.87,8.49,12311,10740000,0.31,3.63,4.44,2.79
2012-08-07,8.81,9.05,9.08,8.81,14293,12840000,0.19,2.14,3.05,3.23
2012-08-08,9.03,9.00,9.10,8.86,10405,9370000,-0.05,-0.55,2.65,2.35
2012-08-09,9.00,9.35,9.38,8.93,18619,17110000,0.35,3.89,5.00,4.21
2012-08-10,9.35,9.20,9.35,9.17,9790,9050000,-0.15,-1.60,1.93,2.21
2012-08-13,9.13,8.88,9.13,8.87,10517,9480000,-0.32,-3.48,2.83,2.38
2012-08-14,8.80,9.01,9.05,8.68,9027,8000000,0.13,1.46,4.17,2.04
2012-08-15,8.96,8.80,8.96,8.80,5966,5300000,-0.21,-2.33,1.78,1.35
2012-08-16,8.78,8.64,8.85,8.63,4890,4280000,-0.16,-1.82,2.50,1.11
2012-08-17,8.64,8.63,8.70,8.49,5476,4700000,-0.01,-0.12,2.43,1.24
2012-08-20,8.60,8.78,8.78,8.49,5075,4380000,0.15,1.74,3.36,1.15
2012-08-21,8.80,8.96,9.02,8.67,10600,9430000,0.18,2.05,3.99,2.40
2012-08-22,8.97,8.84,9.02,8.82,6102,5420000,-0.12,-1.34,2.23,1.38
2012-08-23,8.84,9.09,9.15,8.81,9934,8970000,0.25,2.83,3.85,2.25
2012-08-24,9.18,8.89,9.18,8.89,7861,7050000,-0.20,-2.20,3.19,1.78
2012-08-27,8.79,8.36,8.79,8.30,10026,8590000,-0.53,-5.96,5.51,2.27
2012-08-28,8.39,8.37,8.48,8.30,8270,6920000,0.01,0.12,2.15,1.87
2012-08-29,8.34,8.30,8.43,8.28,10095,8420000,-0.07,-0.84,1.79,2.28
2012-08-30,8.35,8.32,8.45,8.08,10098,8400000,0.02,0.24,4.46,1.44
2012-08-31,8.39,8.35,8.39,8.21,5828,4840000,0.03,0.36,2.16,0.83
2012-09-03,8.35,8.54,8.54,8.35,9266,7850000,0.19,2.28,2.28,1.32
2012-09-04,8.46,8.47,8.59,8.45,8585,7300000,-0.07,-0.82,1.64,1.22
2012-09-05,8.44,8.65,8.66,8.39,10430,8900000,0.18,2.13,3.19,1.49
2012-09-06,8.65,8.88,8.88,8.58,13799,12050000,0.23,2.66,3.47,1.96
2012-09-07,8.99,9.11,9.22,8.90,30497,27660000,0.23,2.59,3.60,4.34
2012-09-10,9.15,9.15,9.31,9.09,22729,20890000,0.04,0.44,2.41,3.24
2012-09-11,9.13,9.58,9.69,9.05,49117,46270000,0.43,4.70,6.99,6.99
2012-09-12,9.60,9.55,9.69,9.39,26046,24690000,-0.03,-0.31,3.13,3.71
2012-09-13,9.50,9.20,9.58,9.20,17711,16610000,-0.35,-3.66,3.98,2.52
2012-09-14,9.30,9.27,9.35,9.09,13050,12070000,0.07,0.76,2.83,1.86
2012-09-17,9.16,8.75,9.18,8.71,17714,15840000,-0.52,-5.61,5.07,2.52
2012-09-18,8.75,8.71,8.85,8.68,7700,6740000,-0.04,-0.46,1.94,1.10
2012-09-19,8.80,8.86,8.88,8.73,6729,5920000,0.15,1.72,1.72,0.96
2012-09-20,8.75,8.49,8.83,8.42,9628,8280000,-0.37,-4.18,4.63,1.37
2012-09-21,8.48,8.41,8.59,8.38,5391,4580000,-0.08,-0.94,2.47,0.77
2012-09-24,8.39,8.50,8.50,8.27,9085,7610000,0.09,1.07,2.73,1.29
2012-09-25,8.45,8.37,8.50,8.36,4195,3540000,-0.13,-1.53,1.65,0.60
2012-09-26,8.33,8.20,8.41,8.15,4484,3690000,-0.17,-2.03,3.11,0.64
2012-09-27,8.09,8.38,8.50,8.09,5529,4620000,0.18,2.20,5.00,0.79
2012-09-28,8.38,8.56,8.60,8.33,9288,7910000,0.18,2.15,3.22,1.32
2012-10-08,8.56,8.52,8.65,8.46,3496,2980000,-0.04,-0.47,2.22,0.50
2012-10-09,8.52,8.81,8.87,8.47,8113,7080000,0.29,3.40,4.69,1.16
2012-10-10,8.74,8.95,8.98,8.74,11660,10370000,0.14,1.59,2.72,1.66
2012-10-11,8.89,8.65,8.94,8.65,8768,7710000,-0.30,-3.35,3.24,1.25
2012-10-12,8.64,8.60,8.78,8.45,8224,7080000,-0.05,-0.58,3.82,1.17
2012-10-15,8.61,8.49,8.62,8.30,8417,7090000,-0.11,-1.28,3.72,1.20
2012-10-16,8.48,8.49,8.58,8.43,4811,4100000,0.00,0.00,1.77,0.69
2012-10-17,8.50,8.52,8.54,8.41,3714,3150000,0.03,0.35,1.53,0.53
2012-10-18,8.53,8.66,8.69,8.47,13769,11880000,0.14,1.64,2.58,1.96
2012-10-19,8.67,8.66,8.72,8.62,7188,6230000,0.00,0.00,1.15,1.02
2012-10-22,8.51,8.66,8.68,8.51,7295,6280000,0.00,0.00,1.96,1.04
2012-10-23,8.55,8.54,8.68,8.53,7687,6610000,-0.12,-1.39,1.73,1.09
2012-10-24,8.50,8.47,8.55,8.45,5527,4690000,-0.07,-0.82,1.17,0.79
2012-10-25,8.43,8.40,8.54,8.38,4524,3820000,-0.07,-0.83,1.89,0.64
2012-10-26,8.39,8.18,8.40,8.10,8569,7030000,-0.22,-2.62,3.57,1.22
2012-10-29,8.22,8.18,8.28,8.11,3655,2990000,0.00,0.00,2.08,0.52
2012-10-30,8.17,8.25,8.26,8.15,3150,2590000,0.07,0.86,1.34,0.45
2012-10-31,8.28,8.23,8.28,8.10,4208,3450000,-0.02,-0.24,2.18,0.60
2012-11-01,8.28,8.37,8.40,8.22,11730,9760000,0.14,1.70,2.19,1.67
2012-11-02,8.37,8.47,8.47,8.30,9754,8170000,0.10,1.19,2.03,1.39
2012-11-05,8.42,8.37,8.48,8.32,6156,5180000,-0.10,-1.18,1.89,0.88
2012-11-06,8.44,8.30,8.44,8.18,5004,4140000,-0.07,-0.84,3.11,0.71
2012-11-07,8.23,8.30,8.35,8.23,3752,3120000,0.00,0.00,1.45,0.53
2012-11-08,8.29,7.93,8.29,7.90,8173,6620000,-0.37,-4.46,4.70,1.16
2012-11-09,7.89,7.77,7.98,7.71,11351,8900000,-0.16,-2.02,3.40,1.62
2012-11-12,7.81,7.82,7.85,7.76,4000,3130000,0.05,0.64,1.16,0.57
2012-11-13,7.82,7.60,7.82,7.57,5101,3920000,-0.22,-2.81,3.20,0.73
2012-11-14,7.60,8.00,8.00,7.44,20326,15700000,0.40,5.26,7.37,2.89
2012-11-15,7.80,7.49,7.88,7.49,25348,19480000,-0.51,-6.38,4.88,3.61
2012-11-16,7.38,7.48,7.55,7.32,9485,7040000,-0.01,-0.13,3.07,1.35
2012-11-19,7.47,7.58,7.59,7.40,6502,4870000,0.10,1.34,2.54,0.93
2012-11-20,7.55,7.53,7.63,7.51,7035,5330000,-0.05,-0.66,1.58,1.00
2012-11-21,7.45,7.71,7.72,7.45,8716,6640000,0.18,2.39,3.59,1.24
2012-11-22,7.67,7.63,7.72,7.61,4698,3590000,-0.08,-1.04,1.43,0.67
2012-11-23,7.63,7.67,7.75,7.60,6913,5320000,0.04,0.52,1.97,0.98
2012-11-26,7.66,7.48,7.70,7.44,5423,4110000,-0.19,-2.48,3.39,0.77
2012-11-27,7.38,7.14,7.53,7.12,8191,5960000,-0.34,-4.55,5.48,1.17
2012-11-28,7.14,6.90,7.14,6.86,6216,4360000,-0.24,-3.36,3.92,0.89
2012-11-29,7.19,7.59,7.59,7.13,63024,47750000,0.69,10.00,6.67,8.97
2012-11-30,7.64,7.99,8.18,7.57,102228,81050000,0.40,5.27,8.04,14.56
2012-12-03,7.87,7.87,7.93,7.67,62679,48960000,-0.12,-1.50,3.25,8.93
2012-12-04,7.79,7.46,7.82,7.10,72112,53200000,-0.41,-5.21,9.15,10.27
2012-12-05,7.34,7.99,8.17,7.28,89086,69260000,0.53,7.10,11.93,12.69
2012-12-06,7.95,8.47,8.73,7.84,116501,97710000,0.48,6.01,11.14,16.59
2012-12-07,8.30,8.65,8.77,8.11,114396,96940000,0.18,2.13,7.79,16.29
2012-12-10,8.56,9.14,9.37,8.53,123057,110350000,0.49,5.66,9.71,17.52
2012-12-11,8.99,8.82,9.16,8.78,91948,82150000,-0.32,-3.50,4.16,13.09
2012-12-12,8.82,8.89,8.92,8.66,55640,48830000,0.07,0.79,2.95,7.92
2012-12-13,8.83,8.65,8.85,8.54,46707,40500000,-0.24,-2.70,3.49,6.65
2012-12-14,8.65,8.98,9.14,8.61,81370,72720000,0.33,3.82,6.13,11.59
2012-12-17,8.98,8.93,9.03,8.70,60066,53030000,-0.05,-0.56,3.67,8.55
2012-12-18,8.92,8.85,9.18,8.74,65059,58480000,-0.08,-0.90,4.93,9.26
2012-12-19,8.80,8.75,8.83,8.62,42917,37420000,-0.10,-1.13,2.37,6.11
2012-12-20,8.66,8.95,9.03,8.65,47247,41840000,0.20,2.29,4.34,6.73
2012-12-21,8.99,8.78,9.05,8.63,44884,39450000,-0.17,-1.90,4.69,6.39
2012-12-24,8.66,8.81,8.82,8.62,31827,27740000,0.03,0.34,2.28,4.53
2012-12-25,8.75,9.69,9.69,8.75,87010,81080000,0.88,9.99,10.67,12.39
2012-12-26,9.80,9.76,9.94,9.47,134334,130130000,0.07,0.72,4.85,19.13
2012-12-27,9.73,9.23,9.73,9.21,92407,87170000,-0.53,-5.43,5.33,13.16
2012-12-28,9.13,9.29,9.32,9.10,51510,47470000,0.06,0.65,2.38,7.34
2012-12-31,9.33,9.29,9.34,9.14,35432,32730000,0.00,0.00,2.15,5.05
2013-01-04,9.36,9.14,9.40,9.08,41100,37910000,-0.15,-1.61,3.44,5.85
2013-01-07,9.08,9.31,9.34,9.08,35648,32940000,0.17,1.86,2.84,5.08
2013-01-08,9.33,9.40,9.48,9.21,51277,47950000,0.09,0.97,2.90,7.30
2013-01-09,9.39,9.23,9.40,9.13,37093,34360000,-0.17,-1.81,2.87,5.28
2013-01-10,9.24,9.26,9.33,9.15,32754,30220000,0.03,0.33,1.95,4.66
2013-01-11,9.27,8.83,9.30,8.83,38134,34600000,-0.43,-4.64,5.08,5.43
2013-01-14,8.79,9.14,9.24,8.78,39046,35320000,0.31,3.51,5.21,5.56
2013-01-15,9.30,9.39,9.46,9.16,53373,49780000,0.25,2.74,3.28,7.60
2013-01-16,9.44,9.31,9.47,9.01,44087,40930000,-0.08,-0.85,4.90,6.28
2013-01-17,9.34,9.47,9.65,9.21,71931,68060000,0.16,1.72,4.73,10.24
2013-01-18,9.50,9.61,9.65,9.42,58056,55500000,0.14,1.48,2.43,8.27
2013-01-21,9.44,9.83,9.88,9.16,89462,84710000,0.22,2.29,7.49,12.74
2013-01-22,10.00,9.88,10.80,9.88,163215,167170000,0.05,0.51,9.36,23.24
2013-01-23,9.60,9.46,9.61,9.31,77152,72820000,-0.42,-4.25,3.04,10.99
2013-01-24,9.45,8.92,9.45,8.66,89355,81330000,-0.54,-5.71,8.35,12.72
2013-01-25,8.89,9.03,9.05,8.83,29345,26230000,0.11,1.23,2.47,4.18
2013-01-28,9.03,9.13,9.18,8.95,31513,28590000,0.10,1.11,2.55,4.49
2013-01-29,9.16,9.28,9.33,9.02,53042,48600000,0.15,1.64,3.40,7.55
2013-01-30,9.35,9.11,9.35,9.05,39516,36250000,-0.17,-1.83,3.23,5.63
2013-01-31,9.12,8.99,9.12,8.93,22025,19810000,-0.12,-1.32,2.09,3.14
2013-02-01,8.95,9.09,9.17,8.88,22438,20330000,0.10,1.11,3.23,3.20
2013-02-04,9.09,9.00,9.16,9.00,29068,26390000,-0.09,-0.99,1.76,4.14
2013-02-05,8.98,9.06,9.08,8.83,22035,19760000,0.06,0.67,2.78,3.14
2013-02-06,9.06,9.07,9.13,9.00,17476,15860000,0.01,0.11,1.43,2.49
2013-02-07,9.04,9.07,9.12,9.01,16165,14650000,0.00,0.00,1.21,2.30
2013-02-08,9.10,9.18,9.22,9.08,25128,23020000,0.11,1.21,1.54,3.58
2013-02-18,9.25,9.28,9.33,9.14,38011,35180000,0.10,1.09,2.07,5.41
2013-02-19,9.30,9.11,9.32,9.03,27471,25180000,-0.17,-1.83,3.13,3.91
2013-02-20,9.11,9.36,9.36,9.04,30533,28180000,0.25,2.74,3.51,4.35
2013-02-21,9.35,9.17,9.35,9.06,28788,26480000,-0.19,-2.03,3.10,4.10
2013-02-22,9.07,9.08,9.21,9.07,19165,17520000,-0.09,-0.98,1.53,2.73
2013-02-25,9.11,9.18,9.21,9.03,22755,20730000,0.10,1.10,1.98,3.24
2013-02-26,9.14,9.23,9.31,9.11,37854,34910000,0.05,0.54,2.18,5.39
2013-02-27,9.22,9.68,9.76,9.22,86950,83040000,0.45,4.88,5.85,12.38
2013-02-28,9.68,9.66,9.69,9.45,54971,52650000,-0.02,-0.21,2.48,7.83
2013-03-01,9.65,9.76,9.88,9.47,57640,55290000,0.10,1.04,4.24,8.21
2013-03-04,9.70,9.26,9.70,9.23,45084,42620000,-0.50,-5.12,4.82,6.42
2013-03-05,9.37,9.89,9.98,9.25,80334,78260000,0.63,6.80,7.88,11.44
2013-03-06,9.89,10.18,10.25,9.76,78231,78250000,0.29,2.93,4.95,11.14
2013-03-07,10.06,9.83,10.28,9.71,51147,51190000,-0.35,-3.44,5.60,7.28
2013-03-08,9.85,9.67,9.99,9.67,29398,28820000,-0.16,-1.63,3.26,4.19
2013-03-11,9.66,9.53,9.69,9.50,26362,25260000,-0.14,-1.45,1.96,3.75
2013-03-12,9.52,9.02,9.63,8.81,47864,43880000,-0.51,-5.35,8.60,6.82
2013-03-13,9.02,8.86,9.03,8.68,25017,22110000,-0.16,-1.77,3.88,3.56
2013-03-14,8.95,8.91,8.99,8.80,16487,14700000,0.05,0.56,2.14,2.35
2013-03-15,8.95,8.96,9.08,8.76,22906,20540000,0.05,0.56,3.59,3.26
2013-03-18,8.95,8.72,8.97,8.70,13248,11710000,-0.24,-2.68,3.01,1.89
2013-03-19,8.72,8.65,8.84,8.48,14124,12190000,-0.07,-0.80,4.13,2.01
2013-03-20,8.69,8.93,8.95,8.65,18654,16450000,0.28,3.24,3.47,2.66
2013-03-21,8.93,9.14,9.15,8.89,26492,23870000,0.21,2.35,2.91,3.77
2013-03-22,9.23,9.29,9.46,9.22,42845,39980000,0.15,1.64,2.63,6.10
2013-03-25,9.26,9.13,9.28,9.08,19762,18070000,-0.16,-1.72,2.15,2.81
2013-03-26,9.10,8.90,9.10,8.80,18247,16290000,-0.23,-2.52,3.29,2.60
2013-03-27,8.90,8.92,9.03,8.86,13248,11870000,0.02,0.22,1.91,1.89
2013-03-28,8.83,8.60,8.83,8.60,13486,11700000,-0.32,-3.59,2.58,1.92
2013-03-29,8.51,8.62,8.68,8.51,10367,8940000,0.02,0.23,1.98,1.48
2013-04-01,8.71,8.66,8.74,8.60,7154,6210000,0.04,0.46,1.62,1.02
2013-04-02,8.73,8.66,8.82,8.61,10658,9280000,0.00,0.00,2.42,1.52
2013-04-03,8.66,8.47,8.73,8.36,13248,11270000,-0.19,-2.19,4.27,1.89
2013-04-08,8.39,8.34,8.39,8.13,11715,9660000,-0.13,-1.53,3.07,1.67
2013-04-09,8.35,8.41,8.47,8.35,7014,5900000,0.07,0.84,1.44,1.00
2013-04-10,8.40,8.29,8.46,8.25,8953,7450000,-0.12,-1.43,2.50,1.28
2013-04-11,8.37,8.27,8.38,8.25,5545,4600000,-0.02,-0.24,1.57,0.79
2013-04-12,8.27,8.15,8.34,8.13,6223,5110000,-0.12,-1.45,2.54,0.89
2013-04-15,8.10,7.90,8.17,7.83,12178,9720000,-0.25,-3.07,4.17,1.73
2013-04-16,7.89,8.11,8.11,7.83,9620,7670000,0.21,2.66,3.54,1.37
2013-04-17,8.11,8.14,8.18,8.02,8079,6540000,0.03,0.37,1.97,1.15
2013-04-18,8.08,8.24,8.24,8.03,11739,9590000,0.10,1.23,2.58,1.67
2013-04-19,8.14,8.34,8.37,8.14,20352,16920000,0.10,1.21,2.79,2.90
2013-04-22,8.34,8.29,8.36,8.20,11760,9720000,-0.05,-0.60,1.92,1.67
2013-04-23,8.30,7.90,8.30,7.84,17835,14280000,-0.39,-4.70,5.55,2.54
2013-04-24,7.90,8.03,8.10,7.88,14417,11520000,0.13,1.65,2.78,2.05
2013-04-25,8.04,7.85,8.05,7.78,14909,11820000,-0.18,-2.24,3.36,2.12
2013-04-26,7.82,7.85,7.93,7.77,11368,8930000,0.00,0.00,2.04,1.62
2013-05-02,7.80,7.91,7.91,7.80,4909,3860000,0.06,0.76,1.40,0.70
2013-05-03,7.94,8.09,8.11,7.92,11759,9470000,0.18,2.28,2.40,1.67
2013-05-06,8.09,8.38,8.45,8.05,25937,21640000,0.29,3.58,4.94,3.69
2013-05-07,8.45,8.36,8.45,8.28,16417,13710000,-0.02,-0.24,2.03,2.34
2013-05-08,8.36,8.36,8.41,8.28,12600,10500000,0.00,0.00,1.56,1.79
2013-05-09,8.40,8.25,8.40,8.17,16384,13530000,-0.11,-1.32,2.75,2.33
2013-05-10,8.25,8.40,8.40,8.25,16627,13860000,0.15,1.82,1.82,2.37
2013-05-13,8.40,8.47,8.52,8.33,13207,11110000,0.07,0.83,2.26,1.88
2013-05-14,8.46,8.41,8.52,8.30,15391,12920000,-0.06,-0.71,2.60,2.19
2013-05-15,8.43,8.53,8.54,8.39,17022,14370000,0.12,1.43,1.78,2.42
2013-05-16,8.56,8.56,8.63,8.48,27175,23240000,0.03,0.35,1.76,3.87
2013-05-17,8.56,8.64,8.64,8.47,22228,19050000,0.08,0.93,1.99,3.17
2013-05-20,8.65,8.78,8.79,8.61,30515,26570000,0.14,1.62,2.08,4.35
2013-05-21,8.65,8.72,8.73,8.54,26164,22580000,0.14,1.63,2.21,3.73
2013-05-22,8.74,8.55,8.74,8.53,24721,21300000,-0.17,-1.95,2.41,3.52
2013-05-23,8.52,8.62,8.65,8.40,24187,20640000,0.07,0.82,2.92,3.44
2013-05-24,8.72,9.18,9.28,8.72,85127,77500000,0.56,6.50,6.50,12.12
2013-05-27,9.03,9.35,9.46,9.03,51131,47130000,0.17,1.85,4.68,7.28
2013-05-28,9.30,9.18,9.32,9.13,28656,26400000,-0.17,-1.82,2.03,4.08
2013-05-29,9.23,9.15,9.23,9.05,26838,24500000,-0.03,-0.33,1.96,3.82
2013-05-30,9.14,9.13,9.23,9.08,16599,15210000,-0.02,-0.22,1.64,2.36
2013-05-31,9.09,9.22,9.65,9.09,48175,45370000,0.09,0.99,6.13,6.86
2013-06-03,9.17,9.06,9.36,9.05,24629,22630000,-0.16,-1.74,3.36,3.51
2013-06-04,8.98,8.76,9.10,8.71,21385,18990000,-0.30,-3.31,4.30,3.05
2013-06-05,8.73,8.83,8.86,8.73,12886,11350000,0.07,0.80,1.48,1.83
2013-06-06,8.81,8.55,8.86,8.50,12133,10570000,-0.28,-3.17,4.08,1.73
2013-06-07,8.52,8.41,8.68,8.30,11440,9670000,-0.14,-1.64,4.44,1.63
2013-06-13,8.34,8.12,8.34,8.02,12402,10070000,-0.29,-3.45,3.81,1.77
2013-06-14,8.15,8.19,8.23,8.03,13211,10810000,0.07,0.86,2.46,1.88
2013-06-17,8.19,8.12,8.22,8.09,11796,9630000,-0.07,-0.85,1.59,1.68
2013-06-18,8.14,8.34,8.36,8.08,12846,10580000,0.22,2.71,3.45,1.83
2013-06-19,8.28,8.27,8.29,8.07,13039,10650000,-0.07,-0.84,2.64,1.86
2013-06-20,8.16,8.08,8.28,8.07,7881,6420000,-0.19,-2.30,2.54,1.12
2013-06-21,8.00,7.95,8.00,7.76,9875,7770000,-0.13,-1.61,2.97,1.41
2013-06-24,7.91,7.36,7.91,7.25,11602,8770000,-0.59,-7.42,8.30,1.65
2013-06-25,7.30,7.38,7.46,6.68,15909,11320000,0.02,0.27,10.60,2.27
2013-06-26,7.30,7.42,7.47,7.15,11121,8200000,0.04,0.54,4.34,1.58
2013-06-27,7.42,7.19,7.53,7.16,13178,9700000,-0.23,-3.10,4.99,1.88
2013-06-28,7.15,7.16,7.36,7.05,8318,5980000,-0.03,-0.42,4.31,1.18
2013-07-01,7.08,7.32,7.34,7.08,7194,5200000,0.16,2.23,3.63,1.02
2013-07-02,7.29,7.47,7.47,7.23,11450,8420000,0.15,2.05,3.28,1.63
2013-07-03,7.45,7.40,7.45,7.21,11010,8090000,-0.07,-0.94,3.21,1.57
2013-07-04,7.40,7.58,7.75,7.33,17940,13660000,0.18,2.43,5.68,2.55
2013-07-05,7.58,7.53,7.69,7.49,8885,6740000,-0.05,-0.66,2.64,1.27
2013-07-08,7.36,7.12,7.37,7.12,12341,8950000,-0.41,-5.44,3.32,1.76
2013-07-09,6.98,7.24,7.26,6.97,6164,4430000,0.12,1.69,4.07,0.88
2013-07-10,7.18,7.43,7.43,7.18,7942,5820000,0.19,2.62,3.45,1.13
2013-07-11,7.44,7.65,7.78,7.40,17424,13340000,0.22,2.96,5.11,2.48
2013-07-12,7.65,7.57,7.78,7.46,14001,10620000,-0.08,-1.05,4.18,1.99
2013-07-15,7.58,7.86,7.87,7.56,20704,16040000,0.29,3.83,4.10,2.95
2013-10-15,8.65,8.65,8.65,8.65,1027,890000,0.79,10.05,0.00,0.15
2013-10-16,9.52,9.52,9.52,9.52,3026,2880000,0.87,10.06,0.00,0.43
2013-10-17,10.47,10.47,10.47,10.47,13974,14630000,0.95,9.98,0.00,1.99
2013-10-18,11.30,11.06,11.50,10.52,219939,241800000,0.59,5.64,9.36,31.32
2013-10-21,10.80,11.86,12.00,10.51,188981,215170000,0.80,7.23,13.47,26.91
2013-10-22,11.51,11.20,11.85,10.88,126182,144260000,-0.66,-5.56,8.18,17.97
2013-10-23,11.12,10.90,11.20,10.65,72720,79230000,-0.30,-2.68,4.91,10.36
2013-10-24,10.78,10.84,11.28,10.61,53578,58740000,-0.06,-0.55,6.15,7.63
2013-10-25,10.66,10.17,10.84,10.03,64283,66840000,-0.67,-6.18,7.47,9.15
2013-10-28,10.15,10.31,10.34,10.06,38229,39120000,0.14,1.38,2.75,5.44
2013-10-29,10.33,9.69,10.44,9.28,63786,62490000,-0.62,-6.01,11.25,9.08
2013-10-30,9.71,9.83,9.98,9.52,35152,34190000,0.14,1.44,4.75,5.01
2013-10-31,9.78,9.53,9.78,9.39,23449,22530000,-0.30,-3.05,3.97,3.34
2013-11-01,9.53,9.67,9.85,9.41,31562,30650000,0.14,1.47,4.62,4.49
2013-11-04,9.43,9.74,9.97,9.42,22317,21700000,0.07,0.72,5.69,3.18
2013-11-05,9.74,10.06,10.08,9.45,33127,32510000,0.32,3.29,6.47,4.72
2013-11-06,10.05,9.80,10.55,9.77,58529,59810000,-0.26,-2.58,7.75,8.33
2013-11-07,9.60,9.61,9.69,9.30,27614,26270000,-0.19,-1.94,3.98,3.93
2013-11-08,9.58,10.23,10.46,9.46,61454,62340000,0.62,6.45,10.41,8.75
2013-11-11,10.10,10.61,10.72,9.97,64199,67080000,0.38,3.71,7.33,9.14
2013-11-12,10.46,10.57,10.62,10.18,39559,41200000,-0.04,-0.38,4.15,5.63
2013-11-13,10.36,9.76,10.44,9.70,39228,39640000,-0.81,-7.66,7.00,5.59
2013-11-14,9.40,9.70,9.85,9.40,26328,25390000,-0.06,-0.61,4.61,3.75
2013-11-15,9.72,9.85,10.16,9.63,28311,28190000,0.15,1.55,5.46,4.03
2013-11-18,9.85,10.23,10.48,9.81,38955,39790000,0.38,3.86,6.80,5.55
2013-11-19,10.18,10.33,10.39,10.12,31798,32660000,0.10,0.98,2.64,4.53
2013-11-20,10.35,10.41,10.60,10.30,37870,39510000,0.08,0.77,2.90,5.39
2013-11-21,10.34,10.25,10.50,10.12,31024,31870000,-0.16,-1.54,3.65,4.42
2013-11-22,10.31,10.33,10.45,10.24,26784,27700000,0.08,0.78,2.05,3.81
2013-11-25,10.30,10.43,10.55,10.30,31963,33350000,0.10,0.97,2.42,4.55
2013-11-26,10.44,10.24,10.51,10.22,24531,25280000,-0.19,-1.82,2.78,3.49
2013-11-27,10.24,10.47,10.47,10.20,30859,31940000,0.23,2.25,2.64,4.39
2013-11-28,10.49,11.00,11.10,10.42,76153,82430000,0.53,5.06,6.49,10.84
2013-11-29,11.00,11.06,11.22,10.80,48950,53660000,0.06,0.55,3.82,6.97
2013-12-02,10.78,10.11,10.94,10.00,50010,52680000,-0.95,-8.59,8.50,7.12
2013-12-03,10.05,10.41,10.42,10.05,23241,23810000,0.30,2.97,3.66,3.31
2013-12-04,10.46,10.55,10.80,10.33,31564,33490000,0.14,1.34,4.51,4.49
2013-12-05,10.50,10.57,10.67,10.41,24649,26040000,0.02,0.19,2.46,3.51
2013-12-06,10.45,10.35,10.61,10.33,20859,21870000,-0.22,-2.08,2.65,2.97
2013-12-09,10.32,10.39,10.50,10.12,23816,24550000,0.04,0.39,3.67,3.39
2013-12-10,10.32,10.32,10.48,10.21,16130,16670000,-0.07,-0.67,2.60,2.30
2013-12-11,10.39,10.07,10.39,10.01,20170,20550000,-0.25,-2.42,3.68,2.87
2013-12-12,10.05,9.93,10.14,9.90,22414,22340000,-0.14,-1.39,2.38,3.19
2013-12-13,9.86,10.03,10.10,9.79,17590,17450000,0.10,1.01,3.12,2.50
2013-12-16,10.05,10.04,10.26,10.00,23784,24120000,0.01,0.10,2.59,3.39
2013-12-17,10.04,9.88,10.18,9.49,24150,23700000,-0.16,-1.59,6.87,3.44
2013-12-18,10.00,10.42,10.87,9.99,53491,56500000,0.54,5.47,8.91,7.62
2013-12-19,10.33,9.97,10.36,9.91,31404,31730000,-0.45,-4.32,4.32,4.47
2013-12-20,9.92,9.96,10.08,9.82,15885,15750000,-0.01,-0.10,2.61,2.26
2013-12-23,9.90,9.59,9.97,9.50,17420,16890000,-0.37,-3.71,4.72,2.48
2013-12-24,9.68,9.63,9.81,9.58,14696,14250000,0.04,0.42,2.40,2.09
2013-12-25,9.75,9.77,9.79,9.49,17384,16850000,0.14,1.45,3.12,2.48
2013-12-26,9.72,9.60,9.85,9.60,15396,15000000,-0.17,-1.74,2.56,2.19
2013-12-27,9.60,9.80,9.93,9.57,21274,20840000,0.20,2.08,3.75,3.03
2013-12-30,9.80,10.37,10.48,9.78,53279,54120000,0.57,5.82,7.14,7.59
2013-12-31,10.14,10.23,10.30,10.08,25655,26170000,-0.14,-1.35,2.12,3.65
2014-01-02,10.23,10.27,10.48,10.18,27425,28300000,0.04,0.39,2.93,3.91
2014-01-03,10.35,10.42,10.42,10.21,25267,26010000,0.15,1.46,2.04,3.60
2014-01-06,10.56,10.19,10.57,10.10,23770,24480000,-0.23,-2.21,4.51,3.38
2014-01-07,10.18,10.53,10.53,10.05,26532,27480000,0.34,3.34,4.71,3.78
2014-01-08,10.51,10.63,10.95,10.45,59667,63890000,0.10,0.95,4.75,8.50
2014-01-09,10.56,10.30,10.74,10.30,31977,33700000,-0.33,-3.10,4.14,4.55
2014-01-10,10.18,10.35,10.46,10.11,20863,21450000,0.05,0.49,3.40,2.97
2014-01-13,10.32,11.11,11.21,10.25,78856,85700000,0.76,7.34,9.28,11.23
2014-01-14,11.08,11.18,11.30,10.95,72235,80410000,0.07,0.63,3.15,10.29
2014-01-15,11.12,11.26,11.67,11.05,70612,80140000,0.08,0.72,5.55,10.06
2014-01-16,11.20,12.39,12.39,11.20,106087,127350000,1.13,10.04,10.57,15.11
2014-01-17,12.39,12.70,12.90,12.07,133197,165980000,0.31,2.50,6.70,18.97
2014-01-20,12.53,12.71,12.77,12.14,89715,111790000,0.01,0.08,4.96,12.78
2014-01-21,12.70,13.01,13.53,12.44,106192,137510000,0.30,2.36,8.58,15.12
2014-01-22,13.00,12.78,13.27,12.62,78721,101420000,-0.23,-1.77,5.00,11.21
2014-01-23,12.90,12.85,12.91,12.50,68623,87220000,0.07,0.55,3.21,9.77
2014-01-24,12.70,12.73,12.84,12.56,53813,68300000,-0.12,-0.93,2.18,7.66
2014-01-27,12.65,12.49,13.17,12.46,70219,89870000,-0.24,-1.89,5.58,10.00
2014-01-28,12.32,12.47,12.58,11.99,57930,71000000,-0.02,-0.16,4.72,8.25
2014-01-29,12.63,12.46,12.79,12.25,41938,52410000,-0.01,-0.08,4.33,5.97
2014-01-30,12.69,12.30,12.69,12.06,32871,40560000,-0.16,-1.28,5.06,4.68
2014-02-07,12.30,12.50,12.56,12.11,28869,35720000,0.20,1.63,3.66,4.11
2014-02-10,12.57,13.44,13.66,12.57,79438,104800000,0.94,7.52,8.72,11.31
2014-02-11,13.60,13.70,13.79,13.23,72933,99010000,0.26,1.93,4.17,10.39
2014-02-12,13.54,13.82,13.94,13.43,38127,52060000,0.12,0.88,3.72,5.43
2014-02-13,13.79,13.52,14.48,13.52,73390,102950000,-0.30,-2.17,6.95,10.45
2014-02-14,13.48,13.57,13.92,13.23,50799,68850000,0.05,0.37,5.10,7.23
2014-02-17,13.65,13.86,14.10,13.40,33411,46020000,0.29,2.14,5.16,4.76
2014-02-18,13.86,13.98,14.25,13.73,36343,50680000,0.12,0.87,3.75,5.18
2014-02-19,13.92,13.66,13.99,13.51,31807,43740000,-0.32,-2.29,3.43,4.53
2014-02-20,13.66,13.17,13.75,13.13,33185,44260000,-0.49,-3.59,4.54,4.73
2014-02-21,13.15,13.36,13.40,13.03,19763,26180000,0.19,1.44,2.81,2.81
2014-02-24,13.34,13.56,13.61,13.17,24867,33450000,0.20,1.50,3.29,3.54
2014-02-25,13.60,13.30,14.25,13.23,52413,72570000,-0.26,-1.92,7.52,7.46
2014-02-26,13.21,13.43,13.60,13.00,28209,37520000,0.13,0.98,4.51,4.02
2014-02-27,13.44,13.75,14.09,13.44,49417,68390000,0.32,2.38,4.84,7.04
2014-02-28,13.60,14.55,14.60,13.60,72161,102390000,0.80,5.82,7.27,10.28
2014-03-03,14.55,14.70,14.75,14.08,62147,89940000,0.15,1.03,4.60,8.85
2014-03-04,14.50,14.62,14.80,14.33,32974,47980000,-0.08,-0.54,3.20,4.70
2014-03-05,14.58,14.30,14.96,14.30,34653,50460000,-0.32,-2.19,4.51,4.93
2014-03-06,14.30,14.42,14.60,13.96,27901,39960000,0.12,0.84,4.48,3.97
2014-03-07,14.40,14.64,14.78,14.35,37508,54590000,0.22,1.53,2.98,5.34
2014-03-10,14.35,15.20,15.48,14.35,73989,111140000,0.56,3.83,7.72,10.54
2014-03-11,15.03,13.68,15.30,13.68,68858,99140000,-1.52,-10.00,10.66,9.81
2014-03-12,13.60,13.33,13.98,13.00,66415,89020000,-0.35,-2.56,7.16,9.46
2014-03-13,13.33,13.80,13.88,13.26,30250,41490000,0.47,3.53,4.65,4.31
2014-03-14,13.81,14.00,14.18,13.61,22696,31470000,0.20,1.45,4.13,3.23
2014-03-17,13.88,14.45,14.47,13.84,24992,35540000,0.45,3.21,4.50,3.56
2014-03-18,14.49,14.36,14.62,14.30,17604,25440000,-0.09,-0.62,2.21,2.51
2014-03-19,14.33,15.00,15.03,14.25,48801,71940000,0.64,4.46,5.43,6.95
2014-03-20,15.75,14.40,15.75,14.40,58631,88150000,-0.60,-4.00,9.00,8.35
2014-03-21,14.05,14.40,14.50,13.50,36298,50720000,0.00,0.00,6.94,5.17
2014-03-24,14.33,14.96,14.97,14.30,31753,46950000,0.56,3.89,4.65,4.52
2014-03-25,14.93,14.85,15.00,14.65,15419,22790000,-0.11,-0.74,2.34,2.20
2014-03-26,14.88,14.70,15.33,14.66,43501,65270000,-0.15,-1.01,4.51,6.19
2014-03-27,14.69,14.70,14.73,14.28,20896,30360000,0.00,0.00,3.06,2.98
2014-03-28,14.69,14.01,14.69,14.00,18552,26540000,-0.69,-4.69,4.69,2.64
2014-03-31,13.85,13.95,14.24,13.85,12802,17930000,-0.06,-0.43,2.78,1.82
2014-04-01,13.95,14.03,14.34,13.89,10727,15110000,0.08,0.57,3.23,1.53
2014-04-02,14.03,13.55,14.06,13.50,20531,28240000,-0.48,-3.42,3.99,2.92
2014-04-03,13.58,13.75,13.75,13.52,9248,12610000,0.20,1.48,1.70,1.32
2014-04-04,13.67,13.98,14.02,13.67,8946,12420000,0.23,1.67,2.55,1.27
2014-04-08,13.97,14.53,14.53,13.89,22841,32740000,0.55,3.93,4.58,3.25
2014-04-09,14.58,14.68,14.71,14.30,33630,48750000,0.15,1.03,2.82,4.79
2014-04-10,14.68,14.70,14.83,14.62,25566,37700000,0.02,0.14,1.43,3.64
2014-04-11,14.69,14.66,14.73,14.36,14675,21380000,-0.04,-0.27,2.52,2.09
2014-04-14,14.71,15.29,15.35,14.50,33142,50030000,0.63,4.30,5.80,4.72
2014-04-15,15.25,15.47,15.65,15.08,43068,66230000,0.18,1.18,3.73,6.13
2014-04-16,15.55,16.20,16.24,15.32,50431,79790000,0.73,4.72,5.95,7.18
2014-04-17,16.18,16.69,17.06,16.18,64491,107610000,0.49,3.02,5.43,9.18
2014-04-18,16.70,16.49,16.95,16.30,37563,61990000,-0.20,-1.20,3.89,5.35
2014-04-21,16.54,15.95,16.54,15.90,30936,49730000,-0.54,-3.27,3.88,4.41
2014-04-22,7.93,8.00,8.23,7.66,62358,49440000,0.07,0.88,7.19,4.44
2014-04-23,8.00,8.06,8.15,7.65,47418,37610000,0.06,0.75,6.25,3.38
2014-04-24,8.10,7.46,8.20,7.40,86383,66770000,-0.60,-7.44,9.93,6.15
2014-04-25,7.34,7.14,7.51,7.14,44371,32600000,-0.32,-4.29,4.96,3.16
2014-04-28,7.09,6.48,7.15,6.43,80808,54140000,-0.66,-9.24,10.08,5.75
2014-04-29,6.55,6.88,6.90,6.50,34586,23210000,0.40,6.17,6.17,2.46
2014-04-30,6.82,7.38,7.48,6.82,54622,39590000,0.50,7.27,9.59,3.89
2014-05-05,7.40,7.36,7.65,7.25,55958,41610000,-0.02,-0.27,5.42,3.98
2014-05-06,7.37,7.51,7.65,7.37,37981,28450000,0.15,2.04,3.80,2.70
2014-05-07,7.45,7.32,7.54,7.21,27554,20270000,-0.19,-2.53,4.39,1.96
2014-05-08,7.31,7.22,7.38,7.18,26978,19590000,-0.10,-1.37,2.73,1.92
2014-05-09,7.22,7.10,7.22,6.98,31009,21880000,-0.12,-1.66,3.32,2.21
2014-05-12,7.20,7.30,7.34,7.16,23389,16950000,0.20,2.82,2.54,1.67
2014-05-13,7.27,7.31,7.45,7.25,19154,14060000,0.01,0.14,2.74,1.36
2014-05-14,7.28,7.32,7.38,7.23,15772,11500000,0.01,0.14,2.05,1.12
2014-05-15,7.30,7.04,7.36,7.02,22609,16270000,-0.28,-3.83,4.64,1.61
2014-05-16,7.04,6.98,7.04,6.88,23592,16380000,-0.06,-0.85,2.27,1.68
2014-05-19,6.98,6.98,7.01,6.85,12093,8390000,0.00,0.00,2.29,0.86
2014-05-20,7.00,7.14,7.36,7.00,26467,19120000,0.16,2.29,5.16,1.88
2014-05-21,7.10,7.17,7.22,7.09,15707,11230000,0.03,0.42,1.82,1.12
2014-05-22,7.17,7.09,7.26,7.09,18017,12950000,-0.08,-1.12,2.37,1.28
2014-05-23,7.08,7.09,7.16,7.05,15878,11270000,0.00,0.00,1.55,1.13
2014-05-26,7.10,7.22,7.28,7.10,17284,12470000,0.13,1.83,2.54,1.23
2014-05-27,7.26,7.14,7.26,7.09,19982,14350000,-0.08,-1.11,2.35,1.42
2014-05-28,7.11,7.13,7.16,7.03,28506,20250000,-0.01,-0.14,1.82,2.03
2014-05-29,7.13,6.86,7.15,6.83,37842,26340000,-0.27,-3.79,4.49,2.69
2014-05-30,6.86,6.97,7.02,6.75,17769,12260000,0.11,1.60,3.94,1.27
2014-06-03,6.98,7.09,7.14,6.95,32880,23170000,0.12,1.72,2.73,2.34
2014-06-04,7.15,7.51,7.74,7.14,124070,93040000,0.42,5.92,8.46,8.83
2014-06-05,7.45,7.55,7.64,7.33,54774,40800000,0.04,0.53,4.13,3.90
2014-06-06,7.45,7.62,7.85,7.45,72576,55980000,0.07,0.93,5.30,5.17
2014-06-09,7.62,7.50,7.62,7.31,41168,30750000,-0.12,-1.57,4.07,2.93
2014-06-10,7.52,7.51,7.61,7.37,35844,26920000,0.01,0.13,3.20,2.55
2014-06-11,7.50,7.67,7.72,7.45,41879,31850000,0.16,2.13,3.60,2.98
2014-06-12,7.63,7.52,7.63,7.50,28397,21470000,-0.15,-1.96,1.69,2.02
2014-06-13,7.49,7.79,7.88,7.45,66326,51330000,0.27,3.59,5.72,4.72
2014-06-16,7.79,8.08,8.09,7.71,78841,62540000,0.29,3.72,4.88,5.61
2014-06-17,8.07,8.04,8.18,7.95,56499,45650000,-0.04,-0.50,2.85,4.02
2014-06-18,8.10,8.08,8.18,7.91,52917,42730000,0.04,0.50,3.36,3.77
2014-06-19,8.08,8.13,8.22,7.90,100055,81090000,0.05,0.62,3.96,7.12
2014-06-20,8.05,7.96,8.15,7.90,43962,35150000,-0.17,-2.09,3.08,3.13
2014-06-24,8.47,8.76,8.76,8.10,195325,167340000,0.80,10.05,8.29,13.91
2014-06-25,8.85,9.21,9.50,8.65,251797,229120000,0.45,5.14,9.70,17.93
2014-06-26,9.23,9.49,9.55,9.10,200046,186640000,0.28,3.04,4.89,14.24
2014-06-27,9.57,9.20,9.57,9.20,158058,147300000,-0.29,-3.06,3.90,11.25
2014-06-30,9.13,9.27,9.36,8.96,122149,111500000,0.07,0.76,4.35,8.70
2014-07-01,9.29,9.22,9.33,9.16,79311,73460000,-0.05,-0.54,1.83,5.65
2014-07-02,9.15,9.12,9.25,8.95,71222,64760000,-0.10,-1.08,3.25,5.07
2014-07-03,9.13,9.44,9.45,9.06,100409,93050000,0.32,3.51,4.28,7.15
2014-07-04,9.45,10.20,10.38,9.41,293601,299010000,0.76,8.05,10.28,20.90
2014-07-07,10.17,11.22,11.22,9.90,304962,321620000,1.02,10.00,12.94,21.71
2014-07-08,11.10,11.49,11.96,11.00,347138,400840000,0.27,2.41,8.56,24.72
2014-07-09,11.55,11.20,11.66,10.85,226298,252120000,-0.29,-2.52,7.05,16.11
2014-07-10,11.05,10.76,11.26,10.75,136340,150180000,-0.44,-3.93,4.55,9.71
2014-07-11,10.69,10.92,11.02,10.55,110299,119140000,0.16,1.49,4.37,7.85
2014-07-14,10.90,11.42,11.50,10.81,159621,180590000,0.50,4.58,6.32,11.37
2014-07-15,11.37,11.13,11.65,11.05,101033,113660000,-0.29,-2.54,5.25,7.19
2014-07-16,11.08,10.72,11.19,10.70,71796,78370000,-0.41,-3.68,4.40,5.11
2014-07-17,10.72,10.54,10.92,10.32,64943,68510000,-0.18,-1.68,5.60,4.62
2014-07-18,10.50,10.65,10.84,10.36,52919,56320000,0.11,1.04,4.55,3.77
2014-07-21,10.54,10.62,10.69,10.41,40901,43100000,-0.03,-0.28,2.63,2.91
2014-07-22,10.66,10.80,10.94,10.58,54568,58980000,0.18,1.69,3.39,3.89
2014-07-23,10.90,10.41,10.90,10.41,60549,63920000,-0.39,-3.61,4.54,4.31
2014-07-24,10.50,9.98,10.50,9.51,82080,81250000,-0.43,-4.13,9.51,5.84
2014-07-25,10.02,9.98,10.15,9.81,37319,37330000,0.00,0.00,3.41,2.66
2014-07-28,10.00,10.13,10.26,9.87,62201,62500000,0.15,1.50,3.91,4.43
2014-07-29,10.06,10.47,10.48,10.06,59448,61180000,0.34,3.36,4.15,4.23
2014-07-30,10.49,10.48,10.67,10.39,50680,53350000,0.01,0.10,2.67,3.61
2014-07-31,10.40,10.51,10.61,10.29,46769,48910000,0.03,0.29,3.05,3.33
2014-08-01,10.25,10.27,10.54,10.25,38055,39420000,-0.24,-2.28,2.76,2.71
2014-08-04,10.27,10.36,10.41,10.22,26395,27310000,0.09,0.88,1.85,1.88
2014-08-05,10.37,10.70,10.72,10.13,84696,88920000,0.34,3.28,5.70,6.03
2014-08-06,10.58,10.80,10.86,10.51,63854,68650000,0.10,0.93,3.27,4.55
2014-08-07,10.80,10.83,11.00,10.68,74348,80770000,0.03,0.28,2.96,5.29
2014-08-08,10.88,11.75,11.75,10.78,137532,155840000,0.92,8.49,8.96,9.79
2014-08-11,11.90,12.22,12.86,11.85,181095,222010000,0.47,4.00,8.60,12.89
2014-08-12,12.20,12.03,12.20,11.82,102490,122730000,-0.19,-1.55,3.11,7.30
2014-08-13,11.92,11.99,12.16,11.82,85657,102550000,-0.04,-0.33,2.83,6.10
2014-08-14,12.08,12.30,12.58,11.93,131532,161980000,0.31,2.59,5.42,9.37
2014-08-15,12.24,12.36,12.56,12.07,90353,111570000,0.06,0.49,3.98,6.43
2014-08-18,12.47,12.17,12.47,12.00,93837,114050000,-0.19,-1.54,3.80,6.68
2014-08-19,12.16,12.14,12.23,12.00,51948,62840000,-0.03,-0.25,1.89,3.70
2014-08-20,12.11,12.24,12.35,12.01,49232,60030000,0.10,0.82,2.80,3.51
2014-08-21,12.24,12.44,12.45,12.15,63986,78760000,0.20,1.63,2.45,4.56
2014-08-22,12.47,13.07,13.29,12.42,141127,182050000,0.63,5.06,6.99,10.05
2014-08-25,13.10,13.15,13.36,12.62,103549,135090000,0.08,0.61,5.66,7.37
2014-08-26,13.12,12.61,13.12,12.46,67858,86760000,-0.54,-4.11,5.02,4.83
2014-08-27,12.39,12.68,12.76,12.02,70584,88050000,0.07,0.56,5.87,5.03
2014-08-28,12.70,12.67,13.09,12.10,72926,93450000,-0.01,-0.08,7.81,5.19
2014-08-29,12.56,12.40,12.60,12.21,40078,49630000,-0.27,-2.13,3.08,2.85
2014-09-01,12.39,12.50,12.59,12.20,32992,41010000,0.10,0.81,3.15,0.93
2014-09-02,12.50,12.98,13.03,12.48,57136,73420000,0.48,3.84,4.40,1.62
2014-09-03,12.95,13.12,13.32,12.95,71190,93820000,0.14,1.08,2.85,2.01
2014-09-04,13.20,13.13,13.26,13.03,45602,59900000,0.01,0.08,1.75,1.29
2014-09-05,13.08,13.01,13.30,12.98,44568,58340000,-0.12,-0.91,2.44,1.26
2014-09-09,12.86,13.14,13.26,12.86,56140,73660000,0.13,1.00,3.07,1.59
2014-09-10,13.14,13.57,13.65,12.98,78230,105190000,0.43,3.27,5.10,2.21
2014-09-11,13.50,14.00,14.06,13.50,98275,136170000,0.43,3.17,4.13,2.78
2014-09-12,13.96,13.90,14.23,13.89,77654,108730000,-0.10,-0.71,2.43,2.20
2014-09-15,13.91,14.20,14.30,13.86,63514,89790000,0.30,2.16,3.17,1.80
2014-09-16,14.26,13.95,14.29,13.68,62248,87170000,-0.25,-1.76,4.30,1.76
2014-09-17,13.99,13.72,13.99,13.41,43092,58800000,-0.23,-1.65,4.16,1.22
2014-09-18,13.72,14.29,14.45,13.50,63918,90150000,0.57,4.15,6.92,1.81
2014-09-19,14.29,14.42,14.55,14.21,35036,50480000,0.13,0.91,2.38,0.99
2014-09-22,14.44,14.22,14.49,14.00,36116,51280000,-0.20,-1.39,3.40,1.02
2014-09-23,14.21,14.26,14.32,14.03,35355,50180000,0.04,0.28,2.04,1.00
2014-09-24,14.20,14.36,14.43,14.08,42810,60950000,0.10,0.70,2.45,1.21
2014-09-25,14.35,14.71,14.93,14.34,57372,84410000,0.35,2.44,4.11,1.62
2014-09-26,14.72,15.18,15.29,14.60,75713,113430000,0.47,3.20,4.69,2.14
2014-09-29,15.25,15.17,15.94,15.06,101078,156380000,-0.01,-0.07,5.80,2.86
2014-09-30,15.10,15.68,15.80,14.86,78492,120920000,0.51,3.36,6.20,2.22
2014-10-08,15.60,15.68,15.85,15.38,58276,91220000,0.00,0.00,3.00,1.65
2014-10-09,15.74,15.74,15.99,15.19,69059,107720000,0.06,0.38,5.10,1.95
2014-10-10,15.65,15.81,15.94,15.55,48030,75520000,0.07,0.44,2.48,1.36
2014-10-13,15.81,15.62,15.81,15.31,38749,60110000,-0.19,-1.20,3.16,1.10
2014-12-15,17.18,16.95,17.18,15.65,193132,323660000,1.33,8.51,9.80,5.46
2014-12-16,17.00,16.88,17.00,16.02,95565,157640000,-0.07,-0.41,5.78,2.70
2014-12-17,16.65,16.28,16.65,16.20,37712,61680000,-0.60,-3.55,2.67,1.07
2014-12-18,16.28,15.58,16.47,15.42,67103,105360000,-0.70,-4.30,6.45,1.90
2014-12-19,15.37,14.10,15.38,14.02,137819,197470000,-1.48,-9.50,8.73,3.90
2014-12-22,14.17,13.07,14.19,12.70,102696,139880000,-1.03,-7.31,10.57,2.90
2014-12-23,13.06,13.30,13.49,13.00,36958,48990000,0.23,1.76,3.75,1.05
2014-12-24,13.31,14.29,14.31,13.27,41907,57700000,0.99,7.44,7.82,1.19
2014-12-25,14.40,14.23,14.80,14.23,51002,73670000,-0.06,-0.42,3.99,1.44
2014-12-26,14.22,13.90,14.22,13.54,44220,60960000,-0.33,-2.32,4.78,1.25
2014-12-29,13.93,13.33,13.95,13.05,54413,72310000,-0.57,-4.10,6.47,1.54
2014-12-30,13.33,13.28,13.69,13.10,32177,43050000,-0.05,-0.38,4.43,0.91
2014-12-31,13.28,13.51,13.56,13.07,31566,41880000,0.23,1.73,3.69,0.89
2015-01-05,13.54,13.30,13.66,13.28,34171,45860000,-0.21,-1.55,2.81,0.97
2015-01-06,13.16,13.39,13.48,13.10,28924,38380000,0.09,0.68,2.86,0.82
2015-01-07,13.42,13.53,13.79,13.41,35179,47910000,0.14,1.05,2.84,0.99
2015-01-08,13.40,13.63,13.68,13.10,32061,42980000,0.10,0.74,4.29,0.91
2015-01-09,13.43,13.67,13.95,13.43,36551,50220000,0.04,0.29,3.82,1.03
2015-01-12,13.68,13.73,13.90,13.42,25686,35140000,0.06,0.44,3.51,0.73
2015-01-13,13.90,14.50,14.55,13.71,66692,94940000,0.77,5.61,6.12,1.89
2015-01-14,14.60,14.58,15.05,14.52,60071,89000000,0.08,0.55,3.66,1.70
2015-01-15,14.60,14.58,14.86,14.31,22849,33280000,0.00,0.00,3.77,0.65
2015-01-16,14.50,14.70,14.75,14.46,30182,44080000,0.12,0.82,1.99,0.85
2015-01-19,14.66,14.30,14.66,13.77,38274,54980000,-0.40,-2.72,6.05,1.08
2015-01-20,14.25,14.78,14.88,14.15,58753,85390000,0.48,3.36,5.10,1.66
2015-01-21,14.62,15.45,15.54,14.36,94912,143470000,0.67,4.53,7.98,2.68
2015-01-22,15.36,15.60,15.70,15.20,55653,86470000,0.15,0.97,3.24,1.57
2015-01-23,15.54,15.53,15.75,15.40,43937,68340000,-0.07,-0.45,2.24,1.24
2015-01-26,15.00,15.64,15.85,15.00,26233,40860000,0.11,0.71,5.47,0.74
2015-01-27,15.64,15.66,15.80,15.40,33922,52910000,0.02,0.13,2.56,0.96
2015-01-28,15.65,15.66,15.90,15.64,23865,37560000,0.00,0.00,1.66,0.67
2015-01-29,15.59,15.72,15.88,15.55,30480,47900000,0.06,0.38,2.11,0.86
2015-01-30,15.72,15.85,16.08,15.69,25976,41310000,0.13,0.83,2.48,0.73
2015-02-02,15.83,15.99,16.07,15.71,22814,36310000,0.14,0.88,2.27,0.65
2015-02-03,15.99,15.15,16.00,15.00,38818,60040000,-0.84,-5.25,6.25,1.10
2015-02-04,15.16,15.43,15.70,15.01,24746,38060000,0.28,1.85,4.55,0.70
2015-02-05,15.58,15.45,15.60,15.09,18949,28980000,0.02,0.13,3.31,0.54
2015-02-06,15.31,15.20,15.47,14.90,15063,22830000,-0.25,-1.62,3.69,0.43
2015-02-09,15.10,14.63,15.12,14.39,17594,25960000,-0.57,-3.75,4.80,0.50
2015-02-10,14.84,14.37,14.84,14.20,16441,23590000,-0.26,-1.78,4.37,0.47
2015-02-11,14.40,14.69,14.70,14.31,50120,72870000,0.32,2.23,2.71,1.42
2015-02-12,14.76,15.05,15.09,14.70,22465,33370000,0.36,2.45,2.65,0.64
2015-02-13,15.05,15.30,15.38,15.01,52573,79640000,0.25,1.66,2.46,1.49
2015-02-16,15.28,15.03,15.38,14.95,42978,64860000,-0.27,-1.76,2.81,1.22
2015-02-17,15.05,14.80,15.11,14.75,44966,67090000,-0.23,-1.53,2.40,1.27
2015-02-25,14.85,14.25,14.99,13.98,41824,59880000,-0.55,-3.72,6.82,1.18
2015-02-26,14.24,14.54,14.60,14.20,28634,41450000,0.29,2.04,2.81,0.81
2015-02-27,14.58,15.04,15.08,14.58,52493,77990000,0.50,3.44,3.44,1.48
2015-03-02,15.18,15.33,15.60,15.15,65505,100880000,0.29,1.93,2.99,1.85
2015-03-03,15.38,14.99,15.49,14.98,38986,59460000,-0.34,-2.22,3.33,1.10
2015-03-04,14.95,15.30,15.31,14.85,31330,47550000,0.31,2.07,3.07,0.89
2015-03-05,15.36,15.58,15.60,15.25,55979,86670000,0.28,1.83,2.29,1.58
2015-03-06,15.61,15.10,15.80,14.90,69970,106240000,-0.48,-3.08,5.78,1.98
2015-03-09,15.10,15.64,15.73,15.02,68772,106140000,0.54,3.58,4.70,1.94
2015-03-10,15.63,15.59,15.64,15.40,46604,72220000,-0.05,-0.32,1.53,1.32
2015-03-11,15.57,15.21,15.57,15.10,33223,50740000,-0.38,-2.44,3.01,0.94
2015-03-12,15.23,15.26,15.71,15.23,34778,53620000,0.05,0.33,3.16,0.98
2015-03-13,15.26,15.29,15.35,15.03,25542,38870000,0.03,0.20,2.10,0.72
2015-03-16,15.31,15.64,15.67,15.31,55932,87160000,0.35,2.29,2.35,1.58
2015-03-17,15.75,17.20,17.20,15.61,139051,231360000,1.56,9.97,10.17,3.93
2015-03-18,17.38,17.40,17.88,16.90,108934,189900000,0.20,1.16,5.70,3.08
2015-03-19,17.40,18.30,18.40,17.20,135937,242180000,0.90,5.17,6.90,3.84
2015-03-20,18.36,17.88,18.73,17.84,97342,177160000,-0.42,-2.30,4.86,2.75
2015-04-21,19.67,17.90,19.67,17.88,165826,309300000,0.02,0.11,10.01,4.69
2015-04-22,17.99,18.21,19.00,17.96,92920,170370000,0.31,1.73,5.81,2.63
2015-04-23,18.48,17.85,18.48,17.46,105380,188630000,-0.36,-1.98,5.60,2.98
2015-04-24,17.30,17.14,17.78,16.73,106675,183000000,-0.71,-3.98,5.88,3.02
2015-04-27,17.38,17.22,17.64,17.12,78767,136680000,0.08,0.47,3.03,2.23
2015-04-28,17.20,17.28,17.47,17.00,61064,105330000,0.06,0.35,2.73,1.73
2015-04-29,17.39,18.59,18.89,17.20,100162,180940000,1.31,7.58,9.78,2.83
2015-04-30,18.70,19.28,20.22,18.32,115884,224990000,0.69,3.71,10.22,3.28
2015-05-04,19.28,19.08,20.16,19.06,69414,135910000,-0.20,-1.04,5.71,1.96
2015-05-05,19.10,19.25,20.00,18.75,91203,176640000,0.17,0.89,6.55,2.58
2015-05-06,19.25,20.75,20.98,18.88,120634,241040000,1.50,7.79,10.91,3.41
2015-05-07,21.00,20.10,21.00,19.95,77405,159150000,-0.65,-3.13,5.06,2.19
2015-05-08,20.21,21.57,21.75,20.16,80994,170340000,1.47,7.31,7.91,2.29
2015-05-11,21.95,23.63,23.68,21.61,70385,161340000,2.06,9.55,9.60,1.99
2015-05-12,23.63,23.37,25.01,23.02,103592,248810000,-0.26,-1.10,8.42,2.93
2015-05-13,23.36,23.85,24.50,22.38,89827,210520000,0.48,2.05,9.07,2.54
2015-05-14,23.80,24.81,25.11,23.48,76249,184970000,0.96,4.03,6.83,2.16
2015-05-15,24.66,24.77,25.15,23.85,68970,168670000,-0.04,-0.16,5.24,1.95
2015-05-18,24.50,24.65,25.15,23.78,51948,127370000,-0.12,-0.48,5.53,1.47
2015-05-19,24.57,26.00,26.88,24.00,77304,196650000,1.35,5.48,11.68,2.19
2015-05-20,26.88,28.00,28.60,25.95,133396,367460000,2.00,7.69,10.19,3.77
2015-05-21,28.30,28.40,28.81,27.30,90161,254680000,0.40,1.43,5.39,2.55
2015-05-22,28.50,28.40,29.30,27.85,111469,318190000,0.00,0.00,5.11,3.15
2015-05-26,19.50,19.50,19.50,19.50,17733,34580000,1.77,9.98,0.00,0.31
2015-05-27,21.45,21.45,21.45,21.45,15971,34260000,1.95,10.00,0.00,0.28
2015-05-28,23.60,23.60,23.60,23.60,42683,100730000,2.15,10.02,0.00,0.75
2015-05-29,23.60,22.85,24.30,21.24,364650,819690000,-0.75,-3.18,12.97,6.45
2015-06-01,22.39,22.25,23.29,21.02,371851,823690000,-0.60,-2.63,9.93,6.57
2015-06-02,22.72,24.48,24.48,22.72,477931,1148650000,2.23,10.02,7.91,8.45
2015-06-03,24.39,23.59,24.93,22.90,377547,902260000,-0.89,-3.64,8.29,6.67
2015-06-04,22.70,22.20,23.68,21.23,213875,476600000,-1.39,-5.89,10.39,3.78
2015-06-05,22.38,22.58,22.90,21.50,183528,409530000,0.38,1.71,6.31,3.24
2015-06-08,22.49,21.18,22.49,20.32,151769,325990000,-1.40,-6.20,9.61,2.68
2015-06-09,20.80,21.59,21.88,20.51,141737,301890000,0.41,1.94,6.47,2.51
2015-06-10,21.50,21.49,21.96,21.05,121036,260710000,-0.10,-0.46,4.21,2.14
2015-06-11,21.49,21.90,22.02,21.25,131236,284810000,0.41,1.91,3.58,2.32
2015-06-12,22.08,22.32,22.52,21.28,227209,495520000,0.42,1.92,5.66,4.02
2015-06-15,22.30,22.40,23.05,21.85,211590,476530000,0.08,0.36,5.38,3.74
2015-06-16,22.34,20.77,22.34,20.70,120132,257550000,-1.63,-7.28,7.32,2.12
2015-06-17,20.66,20.54,20.99,19.23,96243,193780000,-0.23,-1.11,8.47,1.70
2015-06-18,20.43,20.58,21.17,19.81,90337,186940000,0.04,0.19,6.62,1.60
2015-06-19,19.60,18.52,20.28,18.52,96001,182790000,-2.06,-10.01,8.55,1.70
2015-06-23,17.80,16.73,18.50,16.67,158998,270770000,-1.79,-9.67,9.88,2.81
2015-06-24,16.78,17.12,17.57,16.50,122674,209680000,0.39,2.33,6.40,2.17
2015-06-25,17.22,17.00,17.99,16.69,123458,216010000,-0.12,-0.70,7.59,2.18
2015-06-26,16.29,15.30,16.29,15.30,68541,106470000,-1.70,-10.00,5.82,1.21
2015-06-29,15.61,13.77,15.65,13.77,98727,138060000,-1.53,-10.00,12.29,1.75
2015-06-30,12.39,13.95,14.35,12.39,179140,236730000,0.18,1.31,14.23,3.17
2015-07-01,13.50,12.56,14.08,12.56,170437,227470000,-1.39,-9.96,10.90,3.01
2015-07-02,12.05,11.30,12.28,11.30,139964,160120000,-1.26,-10.03,7.80,2.47
2015-07-03,10.25,10.17,10.99,10.17,132290,136750000,-1.13,-10.00,7.26,2.34
2015-07-06,11.08,9.15,11.08,9.15,209933,205860000,-1.02,-10.03,18.98,3.71
2015-07-07,8.24,8.24,8.58,8.24,75361,62520000,-0.91,-9.95,3.72,1.33
2015-07-14,9.06,9.06,9.06,9.06,43828,39710000,0.82,9.95,0.00,0.77
2015-07-15,9.97,9.97,9.97,9.97,133354,132950000,0.91,10.04,0.00,2.36
2015-07-16,9.70,10.97,10.97,8.97,475756,495490000,1.00,10.03,20.06,8.41
2015-07-17,11.29,12.07,12.07,11.02,179153,209430000,1.10,10.03,9.57,3.17
2015-07-20,12.96,13.28,13.28,12.70,335794,443340000,1.21,10.02,4.81,5.94
2015-07-21,13.49,14.61,14.61,13.12,269705,382180000,1.33,10.02,11.22,4.77
2015-07-22,15.11,15.10,16.07,14.08,498702,750090000,0.49,3.35,13.62,8.81
2015-07-23,14.50,15.17,15.70,14.48,297218,445330000,0.07,0.46,8.08,5.25
2015-07-24,14.89,14.55,15.25,14.50,234353,348710000,-0.62,-4.09,4.94,4.14
2015-07-27,14.20,13.10,14.92,13.10,255732,356040000,-1.45,-9.97,12.51,4.52
2015-07-28,12.14,13.82,14.12,11.79,303257,397670000,0.72,5.50,17.79,5.36
2015-07-29,13.91,14.90,15.03,13.55,224825,319940000,1.08,7.81,10.71,3.97
2015-07-30,14.78,13.80,15.35,13.70,220144,327750000,-1.10,-7.38,11.07,3.89
2015-07-31,13.50,13.83,14.37,13.50,125238,175370000,0.03,0.22,6.30,2.21
2015-08-03,14.09,12.45,14.09,12.45,132178,171670000,-1.38,-9.98,11.86,2.34
2015-08-04,12.43,13.50,13.53,12.43,119237,155380000,1.05,8.43,8.84,2.11
2015-08-05,13.70,13.76,14.35,13.50,158960,221990000,0.26,1.93,6.30,2.81
2015-08-06,13.15,13.27,13.87,13.10,76377,102760000,-0.49,-3.56,5.60,1.35
2015-08-07,13.62,14.15,14.31,13.41,141586,198160000,0.88,6.63,6.78,2.50
2015-08-10,14.63,15.00,15.16,14.35,149476,222140000,0.85,6.01,5.72,2.64
2015-08-11,15.20,14.75,15.20,14.56,136072,201940000,-0.25,-1.67,4.27,2.41
2015-08-12,14.45,15.00,15.69,14.38,162015,245580000,0.25,1.69,8.88,2.86
2015-08-13,15.00,15.17,15.20,14.40,130177,193780000,0.17,1.13,5.33,2.30
2015-08-14,15.47,15.15,15.49,15.01,117137,178620000,-0.02,-0.13,3.16,2.07
2015-08-17,15.09,14.80,15.16,14.49,136698,202200000,-0.35,-2.31,4.42,2.42
2015-08-18,14.78,13.32,15.45,13.32,212277,310360000,-1.48,-10.00,14.39,3.75
2015-08-19,12.98,13.85,14.03,12.50,138077,183070000,0.53,3.98,11.49,2.44
2015-08-20,14.00,13.20,14.00,13.12,104586,142880000,-0.65,-4.69,6.35,1.85
2015-08-21,12.95,12.10,13.21,11.90,108654,136080000,-1.10,-8.33,9.92,1.92
2015-08-24,11.50,10.89,11.69,10.89,43228,47530000,-1.21,-10.00,6.61,0.76
2015-08-25,9.80,9.80,9.80,9.80,31064,30440000,-1.09,-10.01,0.00,0.55
2015-08-26,9.00,9.25,10.30,8.82,190230,179470000,-0.55,-5.61,15.10,3.36
2015-08-27,9.30,10.13,10.13,8.58,121693,114500000,0.88,9.51,16.76,2.15
2015-08-28,10.15,10.90,11.03,10.14,139216,145820000,0.77,7.60,8.79,2.46
2015-08-31,10.87,9.90,10.87,9.90,133754,136130000,-1.00,-9.17,8.90,2.36
2015-09-01,9.81,8.91,9.88,8.91,122437,110680000,-0.99,-10.00,9.80,2.16
2015-09-02,8.28,8.02,9.13,8.02,123013,101520000,-0.89,-9.99,12.46,2.17
2015-09-07,8.25,8.11,8.56,8.06,91335,75930000,0.09,1.12,6.23,1.61
2015-09-08,8.12,8.92,8.92,7.97,93537,78910000,0.81,9.99,11.71,1.65
2015-09-09,9.23,9.60,9.63,9.15,150770,141890000,0.68,7.62,5.38,2.66
2015-09-10,9.80,9.70,10.29,9.51,164885,163370000,0.10,1.04,8.13,2.91
2015-09-11,9.60,9.97,9.98,9.50,123532,120290000,0.27,2.78,4.95,2.18
2015-09-14,10.01,8.97,10.14,8.97,106887,101440000,-1.00,-10.03,11.74,1.89
2015-09-15,8.63,8.07,8.96,8.07,97610,81840000,-0.90,-10.03,9.92,1.73
2015-09-16,8.16,8.88,8.88,8.16,94750,80750000,0.81,10.04,8.92,1.67
2015-09-17,9.00,8.76,9.42,8.71,104466,94630000,-0.12,-1.35,8.00,1.85
2015-09-18,8.83,8.96,9.18,8.70,80345,71720000,0.20,2.28,5.48,1.42
2015-09-21,8.79,9.45,9.50,8.74,88456,81730000,0.49,5.47,8.48,1.56
2015-09-22,9.55,9.55,9.68,9.17,95740,90670000,0.10,1.06,5.40,1.69
2015-09-23,9.30,9.25,9.51,9.08,68988,64130000,-0.30,-3.14,4.50,1.22
2015-09-24,9.24,10.18,10.18,9.23,199667,197710000,0.93,10.05,10.27,3.53
2015-09-25,10.20,9.57,10.28,9.48,159485,157720000,-0.61,-5.99,7.86,2.82
2015-09-28,9.58,10.38,10.50,9.58,153874,157120000,0.81,8.46,9.61,2.72
2015-09-29,10.09,10.20,10.32,9.80,112685,113640000,-0.18,-1.73,5.01,1.99
2015-09-30,10.40,10.22,10.59,10.11,81470,84480000,0.02,0.20,4.71,1.44
2015-10-08,10.62,10.79,11.10,10.45,90248,97270000,0.57,5.58,6.36,1.60
2015-10-09,10.85,11.87,11.87,10.81,133940,156450000,1.08,10.01,9.82,2.37
2015-10-12,12.50,13.06,13.06,12.30,115201,146390000,1.19,10.03,6.40,2.04
2015-10-13,13.11,12.93,13.46,12.79,327898,428770000,-0.13,-1.00,5.13,5.80
2015-10-14,12.68,12.57,12.90,12.40,190106,239970000,-0.36,-2.78,3.87,3.36
2015-10-15,12.31,13.16,13.26,12.25,175803,224890000,0.59,4.69,8.04,3.11
2015-10-16,13.20,13.45,13.76,12.76,220024,290020000,0.29,2.20,7.60,3.89
2015-10-19,13.30,12.98,13.35,12.60,135667,176380000,-0.47,-3.49,5.58,2.40
2015-10-20,13.15,13.80,14.18,13.01,208992,288500000,0.82,6.32,9.01,3.69
2015-10-21,13.65,12.42,13.95,12.42,177588,233490000,-1.38,-10.00,11.09,3.14
2015-10-22,12.30,13.00,13.27,12.30,179099,230020000,0.58,4.67,7.81,3.17
2015-10-23,12.96,13.75,13.75,12.80,193719,257960000,0.75,5.77,7.31,3.42
2015-10-26,13.60,14.25,14.68,13.60,206512,292190000,0.50,3.64,7.85,3.65
2015-10-27,14.00,14.34,14.57,13.07,181153,252420000,0.09,0.63,10.53,3.20
2015-10-28,14.10,13.79,14.89,13.50,160060,228470000,-0.55,-3.84,9.69,2.83
2015-10-29,13.97,13.62,14.10,13.52,84068,115310000,-0.17,-1.23,4.21,1.49
2015-10-30,13.67,13.30,13.95,13.28,94244,128600000,-0.32,-2.35,4.92,1.67
2015-11-02,12.93,13.00,13.35,12.75,105977,137410000,-0.30,-2.26,4.51,1.87
2015-11-03,13.00,13.11,13.19,12.81,56251,73060000,0.11,0.85,2.92,0.99
2015-11-04,13.15,14.37,14.41,13.15,166351,233000000,1.26,9.61,9.61,2.94
2015-11-05,14.19,14.07,14.59,13.78,131998,187300000,-0.30,-2.09,5.64,2.33
2015-11-06,14.06,14.57,14.85,14.01,134868,196530000,0.50,3.55,5.97,2.38
2015-11-09,14.41,14.71,14.79,14.08,165693,240230000,0.14,0.96,4.87,2.93
2015-11-10,14.52,14.38,14.67,14.17,99092,142460000,-0.33,-2.24,3.40,1.75
2015-11-11,14.39,14.55,14.62,14.11,102361,147090000,0.17,1.18,3.55,1.81
2015-11-12,14.66,14.27,14.75,13.98,123564,175550000,-0.28,-1.92,5.29,2.18
2015-11-13,14.00,13.62,14.10,13.31,126312,172970000,-0.65,-4.56,5.54,2.23
2015-11-16,13.30,14.54,14.64,13.18,198472,277740000,0.92,6.75,10.72,3.51
2015-11-17,15.27,15.35,15.90,14.80,338145,518350000,0.81,5.57,7.57,5.98
2015-11-18,15.26,15.50,15.70,14.90,211259,325690000,0.15,0.98,5.21,3.73
2015-11-19,15.60,16.28,16.50,15.60,260017,417980000,0.78,5.03,5.81,4.60
2015-11-20,16.30,16.02,16.55,15.80,209259,335530000,-0.26,-1.60,4.61,3.70
2015-11-23,15.89,15.26,15.97,15.11,155264,241800000,-0.76,-4.74,5.37,2.74
2015-11-24,15.26,15.39,15.72,15.09,111305,171220000,0.13,0.85,4.13,1.97
2015-11-25,15.36,15.52,15.58,15.21,101168,155870000,0.13,0.84,2.40,1.79
2015-11-26,15.64,14.89,15.65,14.81,136082,206110000,-0.63,-4.06,5.41,2.41
2015-11-27,14.92,13.56,15.21,13.48,147888,212870000,-1.33,-8.93,11.62,2.61
2015-11-30,13.50,13.29,13.81,12.34,114535,150640000,-0.27,-1.99,10.84,2.02
2015-12-01,13.30,13.52,13.86,13.10,81331,109590000,0.23,1.73,5.72,1.44
2015-12-02,13.52,13.08,13.64,12.62,78883,103160000,-0.44,-3.25,7.54,1.39
2015-12-03,13.21,14.08,14.10,13.12,107067,145350000,1.00,7.65,7.49,1.89
2015-12-04,14.08,13.63,14.08,13.50,92767,127240000,-0.45,-3.20,4.12,1.64
2015-12-07,13.77,13.82,13.82,13.30,86059,116480000,0.19,1.39,3.82,1.52
2015-12-08,13.70,13.35,13.76,13.30,58467,78970000,-0.47,-3.40,3.33,1.03
2015-12-09,13.41,13.09,13.48,13.04,55792,73620000,-0.26,-1.95,3.30,0.99
2015-12-10,13.02,13.02,13.38,12.97,88403,116520000,-0.07,-0.53,3.13,1.56
2015-12-11,13.29,13.60,13.76,13.22,165095,222760000,0.58,4.45,4.15,2.92
2015-12-14,13.31,13.80,14.00,13.18,97577,131530000,0.20,1.47,6.03,1.72
2015-12-15,13.70,14.56,15.10,13.70,225408,329970000,0.76,5.51,10.14,3.98
2015-12-16,14.54,14.18,14.60,14.10,153211,219940000,-0.38,-2.61,3.43,2.71
2015-12-17,14.22,14.51,14.65,14.22,127189,183700000,0.33,2.33,3.03,2.25
2015-12-18,14.61,14.81,15.20,14.42,192575,286240000,0.30,2.07,5.38,3.40
2015-12-21,14.55,14.52,14.76,14.35,113223,164090000,-0.29,-1.96,2.77,2.00
2015-12-22,14.51,14.53,14.76,14.22,89072,128420000,0.01,0.07,3.72,1.57
2015-12-23,14.45,14.16,14.54,14.11,83210,118790000,-0.37,-2.55,2.96,1.47
2015-12-24,14.02,14.42,14.42,13.70,83871,117680000,0.26,1.84,5.08,1.48
2015-12-25,14.33,14.26,14.47,14.12,57768,82520000,-0.16,-1.11,2.43,1.02
2015-12-28,14.29,14.00,14.37,13.97,102037,144550000,-0.26,-1.82,2.81,1.80
2015-12-29,13.88,14.55,15.23,13.66,129075,183590000,0.55,3.93,11.21,2.28
2015-12-30,14.80,15.35,15.50,14.58,302666,459770000,0.80,5.50,6.32,5.35
2015-12-31,15.28,14.91,15.29,14.70,128298,192370000,-0.44,-2.87,3.84,2.27
2016-01-04,14.80,13.46,14.90,13.43,94822,132610000,-1.45,-9.73,9.86,1.68
2016-01-05,12.50,12.75,13.38,12.11,140386,179510000,-0.71,-5.27,9.44,2.48
2016-01-06,12.91,13.16,13.33,12.70,95165,123860000,0.41,3.22,4.94,1.68
2016-01-07,12.91,11.84,12.91,11.84,19714,24230000,-1.32,-10.03,8.13,0.35
2016-01-08,11.10,11.80,12.55,11.10,107759,127310000,-0.04,-0.34,12.25,1.90
2016-01-11,11.40,10.62,11.66,10.62,110702,121390000,-1.18,-10.00,8.81,1.96
2016-01-12,10.02,10.59,10.93,10.02,88127,93050000,-0.03,-0.28,8.57,1.56
2016-01-13,10.63,10.13,10.83,10.13,56769,59860000,-0.46,-4.34,6.61,1.00
2016-01-14,9.80,10.31,10.50,9.63,74863,75450000,0.18,1.78,8.59,1.32
2016-01-15,10.29,9.60,10.40,9.60,82989,82770000,-0.71,-6.89,7.76,1.47
2016-01-18,9.22,9.82,10.13,9.08,71685,70160000,0.22,2.29,10.94,1.27
2016-01-19,9.99,10.40,10.43,9.77,70421,71160000,0.58,5.91,6.72,1.24
2016-01-20,10.25,10.42,10.76,10.15,78143,81190000,0.02,0.19,5.87,1.38
2016-01-21,10.22,10.17,10.76,10.10,81798,85800000,-0.25,-2.40,6.33,1.45
2016-01-22,10.29,10.44,10.46,10.10,50440,52070000,0.27,2.65,3.54,0.89
2016-01-25,10.69,10.38,10.69,10.27,40126,42000000,-0.06,-0.57,4.02,0.71
2016-01-26,10.17,9.34,10.25,9.34,58642,57480000,-1.04,-10.02,8.77,1.04
2016-01-27,9.62,9.13,9.62,8.56,65069,58450000,-0.21,-2.25,11.35,1.15
2016-01-28,8.99,8.50,9.13,8.45,37842,33340000,-0.63,-6.90,7.45,0.67
2016-01-29,8.52,8.89,9.08,8.40,50102,44090000,0.39,4.59,8.00,0.89
2016-02-01,8.88,8.90,9.15,8.69,30339,27100000,0.01,0.11,5.17,0.54
2016-02-02,9.00,9.26,9.39,8.93,39901,36890000,0.36,4.04,5.17,0.71
2016-02-03,9.16,9.40,9.59,9.10,43593,40890000,0.14,1.51,5.29,0.77
2016-02-04,9.52,9.57,9.79,9.31,37813,36290000,0.17,1.81,5.11,0.67
2016-02-05,9.65,9.65,9.99,9.56,49239,47810000,0.08,0.84,4.49,0.87
2016-02-15,9.10,9.49,9.63,9.10,25775,24210000,-0.16,-1.66,5.49,0.46
2016-02-16,9.58,10.04,10.10,9.58,63915,63380000,0.55,5.80,5.48,1.13
2016-02-17,10.09,10.17,10.27,9.93,75628,76300000,0.13,1.29,3.39,1.34
2016-02-18,10.41,10.19,10.46,10.15,82335,84640000,0.02,0.20,3.05,1.46
2016-02-19,10.19,10.14,10.24,10.03,44019,44530000,-0.05,-0.49,2.06,0.78
2016-02-22,10.22,10.28,10.40,10.20,49307,50790000,0.14,1.38,1.97,0.87
2016-02-23,10.26,10.44,10.55,10.22,71633,74440000,0.16,1.56,3.21,1.27
2016-02-24,10.44,10.24,10.44,9.99,53261,54270000,-0.20,-1.92,4.31,0.94
2016-02-25,10.25,9.22,10.29,9.22,92465,89720000,-1.02,-9.96,10.45,1.63
2016-02-26,9.40,9.33,9.49,9.02,54926,51110000,0.11,1.19,5.10,0.97
2016-02-29,9.32,8.83,9.32,8.40,57857,50210000,-0.50,-5.36,9.86,1.02
2016-03-01,8.77,8.97,9.10,8.62,47578,42280000,0.14,1.59,5.44,0.84
2016-03-02,8.97,9.34,9.39,8.71,68663,63290000,0.37,4.12,7.58,1.21
2016-03-03,9.40,9.29,9.59,9.25,66431,62560000,-0.05,-0.54,3.64,1.17
2016-03-04,9.30,8.89,9.32,8.65,50536,45680000,-0.40,-4.31,7.21,0.89
2016-03-07,8.89,9.08,9.39,8.89,40123,36560000,0.19,2.14,5.62,0.71
2016-03-08,9.09,9.21,9.27,8.61,46040,41230000,0.13,1.43,7.27,0.81
2016-03-09,9.08,8.98,9.09,8.88,28877,25930000,-0.23,-2.50,2.28,0.51
2016-03-10,9.12,8.89,9.24,8.85,34028,30860000,-0.09,-1.00,4.34,0.60
2016-03-11,8.84,8.93,9.01,8.62,30722,27270000,0.04,0.45,4.39,0.54
2016-03-14,9.08,9.36,9.78,9.08,69777,65390000,0.43,4.82,7.84,1.23
2016-03-15,9.30,9.35,9.56,9.26,46760,44020000,-0.01,-0.11,3.21,0.83
2016-03-16,9.38,9.20,9.50,9.02,33496,30980000,-0.15,-1.60,5.13,0.59
2016-03-17,9.24,9.51,9.68,9.20,74656,70910000,0.31,3.37,5.22,1.32
2016-03-18,9.56,9.86,9.98,9.55,81280,79430000,0.35,3.68,4.52,1.44
2016-03-21,10.00,10.16,10.25,9.77,100133,100550000,0.30,3.04,4.87,1.77
2016-03-22,10.01,10.05,10.20,9.98,60198,60660000,-0.11,-1.08,2.17,1.06
2016-03-23,10.15,10.11,10.19,9.90,48742,48990000,0.06,0.60,2.89,0.86
2016-03-24,10.07,9.71,10.08,9.71,89629,88770000,-0.40,-3.96,3.66,1.58
2016-03-25,9.67,9.85,9.89,9.65,47014,45780000,0.14,1.44,2.47,0.83
2016-03-28,9.99,10.84,10.84,9.99,148337,156190000,0.99,10.05,8.63,2.62
2016-08-18,11.92,11.92,11.92,11.92,2772,3300000,1.08,9.96,0.00,0.05
2016-08-19,13.11,13.11,13.11,13.11,2586,3390000,1.19,9.98,0.00,0.05
2016-08-22,14.42,14.42,14.42,14.42,7803,11250000,1.31,9.99,0.00,0.14
2016-08-23,15.80,15.86,15.86,14.42,640568,976030000,1.44,9.99,9.99,11.20
2016-08-24,15.95,15.34,16.11,15.26,423139,664630000,-0.52,-3.28,5.36,7.40
2016-08-25,14.98,15.35,15.80,14.86,344963,527850000,0.01,0.07,6.13,6.03
2016-08-26,15.20,14.90,15.33,14.63,291035,433290000,-0.45,-2.93,4.56,5.09
2016-08-29,14.94,14.99,15.05,14.70,179351,267550000,0.09,0.60,2.35,3.14
2016-08-30,15.04,14.54,15.25,14.51,195076,291680000,-0.45,-3.00,4.94,3.41
2016-08-31,14.36,14.36,14.55,13.89,166806,237660000,-0.18,-1.24,4.54,2.92
2016-09-01,14.28,14.37,14.63,14.25,89471,129230000,0.01,0.07,2.65,1.57
2016-09-02,14.40,14.61,14.89,14.27,94513,138240000,0.24,1.67,4.31,1.65
2016-09-05,14.59,14.80,14.90,14.31,99188,145920000,0.19,1.30,4.04,1.74
2016-09-06,14.84,15.29,15.40,14.68,193371,293240000,0.49,3.31,4.86,3.38
2016-09-07,15.14,14.95,15.46,14.85,135600,205090000,-0.34,-2.22,3.99,2.37
2016-09-08,14.81,16.05,16.33,14.81,272500,427280000,1.10,7.36,10.17,4.77
2016-09-09,15.95,16.30,16.48,15.66,263935,424490000,0.25,1.56,5.11,4.62
2016-09-12,15.58,14.72,15.80,14.67,198030,301610000,-1.58,-9.69,6.93,3.46
2016-09-13,14.88,14.91,15.17,14.60,89316,132740000,0.19,1.29,3.87,1.56
2016-09-14,14.66,15.03,15.35,14.60,84826,127850000,0.12,0.80,5.03,1.48
2016-09-19,15.04,15.27,15.55,15.04,61640,94300000,0.24,1.60,3.39,1.08
2016-09-20,15.29,16.19,16.80,15.13,394635,649410000,0.92,6.02,10.94,6.90
2016-09-21,15.50,15.70,16.16,15.15,234793,368020000,-0.49,-3.03,6.24,4.11
2016-09-22,15.79,17.27,17.27,15.79,404634,681060000,1.57,10.00,9.43,7.08
2016-09-23,17.80,18.00,18.87,17.55,496822,899550000,0.73,4.23,7.64,8.69
2016-09-26,18.01,17.00,18.55,16.99,327964,580880000,-1.00,-5.56,8.67,5.74
2016-09-27,16.61,17.61,17.76,16.61,295033,508400000,0.61,3.59,6.76,5.16
2016-09-28,17.50,16.92,18.35,16.91,243332,428670000,-0.69,-3.92,8.18,4.26
2016-09-29,16.65,16.71,17.14,16.63,140425,236360000,-0.21,-1.24,3.01,2.46
2016-09-30,16.62,16.37,17.11,16.34,114630,191870000,-0.34,-2.03,4.61,2.01
2016-10-10,16.62,17.24,17.30,16.37,131660,222600000,0.87,5.31,5.68,2.30
2016-10-11,17.20,17.38,17.69,17.05,123610,215130000,0.14,0.81,3.71,2.16
2016-10-12,17.30,17.39,17.39,16.71,112326,191530000,0.01,0.06,3.91,1.96
2016-10-13,17.30,17.44,17.68,17.10,99913,174070000,0.05,0.29,3.34,1.75
2016-10-14,17.39,17.22,17.50,16.90,83980,144030000,-0.22,-1.26,3.44,1.47
2016-10-17,17.24,16.87,17.29,16.80,59188,100560000,-0.35,-2.03,2.85,1.04
2016-10-18,16.83,17.60,17.69,16.71,140186,244600000,0.73,4.33,5.81,2.45
2016-10-19,17.60,17.33,17.65,17.27,70669,122670000,-0.27,-1.53,2.16,1.24
2016-10-20,17.31,17.20,17.48,17.08,47646,82060000,-0.13,-0.75,2.31,0.83
2016-10-21,17.30,16.65,17.50,16.60,89189,151000000,-0.55,-3.20,5.23,1.56
2016-10-24,16.65,16.79,16.87,16.19,65106,107860000,0.14,0.84,4.08,1.14
2016-10-25,16.70,16.68,16.85,16.54,39032,65090000,-0.11,-0.66,1.85,0.68
2016-10-26,16.76,16.31,16.84,16.21,59069,97040000,-0.37,-2.22,3.78,1.03
2016-10-27,16.31,16.21,16.53,15.90,81613,131830000,-0.10,-0.61,3.86,1.43
2016-10-28,16.20,16.17,16.34,15.98,42039,67660000,-0.04,-0.25,2.22,0.74
2016-10-31,16.17,16.08,16.17,15.89,36840,58910000,-0.09,-0.56,1.73,0.64
2016-11-01,16.07,16.52,16.65,16.00,53249,87230000,0.44,2.74,4.04,0.93
2016-11-02,16.36,16.10,16.51,16.04,36898,59950000,-0.42,-2.54,2.85,0.65
2016-11-03,15.50,16.08,16.43,15.50,57291,92430000,-0.02,-0.12,5.78,1.00
2016-11-04,16.01,16.36,16.47,16.01,44237,72210000,0.28,1.74,2.86,0.77
2016-11-07,16.37,16.15,16.49,16.06,44564,72150000,-0.21,-1.28,2.63,0.78
2016-11-08,16.30,16.60,16.77,16.16,68910,114110000,0.45,2.79,3.78,1.21
2016-11-09,16.60,16.67,17.00,16.38,69267,115960000,0.07,0.42,3.73,1.21
2016-11-10,16.85,16.87,16.96,16.60,50972,85520000,0.20,1.20,2.16,0.89
2016-11-11,16.88,16.58,17.00,16.53,52117,87140000,-0.29,-1.72,2.79,0.91
2016-11-14,16.35,16.21,16.76,16.16,53607,87880000,-0.37,-2.23,3.62,0.94
2016-11-15,16.18,16.23,16.30,16.08,34182,55310000,0.02,0.12,1.36,0.60
2016-11-16,16.23,16.35,16.47,16.15,30479,49750000,0.12,0.74,1.97,0.53
2016-11-17,16.35,16.21,16.38,16.12,28798,46660000,-0.14,-0.86,1.59,0.50
2016-11-18,16.33,16.26,16.33,16.15,21490,34910000,0.05,0.31,1.11,0.38
2016-11-21,16.29,16.32,16.51,16.22,36975,60520000,0.06,0.37,1.78,0.65
2016-11-22,16.33,16.33,16.45,16.00,50732,82340000,0.01,0.06,2.76,0.89
2016-11-23,16.33,16.08,16.41,16.08,35902,58180000,-0.25,-1.53,2.02,0.63
2016-11-24,16.09,15.42,16.17,15.38,78168,122630000,-0.66,-4.10,4.91,1.37
2016-11-25,15.30,16.96,16.96,15.30,203755,336850000,1.54,9.99,10.77,3.56
2016-11-28,17.49,17.55,17.98,17.10,338779,591420000,0.59,3.48,5.19,5.93
2016-11-29,17.60,16.67,17.60,16.65,180493,306600000,-0.88,-5.01,5.41,3.16
2016-11-30,16.69,16.41,16.85,16.00,136147,221630000,-0.26,-1.56,5.10,2.38
2016-12-01,16.34,16.44,16.47,16.11,60914,99270000,0.03,0.18,2.19,1.07
2016-12-02,16.30,16.06,16.30,15.70,104809,167090000,-0.38,-2.31,3.65,1.83
2016-12-05,15.80,15.86,15.88,15.55,52608,82610000,-0.20,-1.25,2.05,0.92
2016-12-06,15.86,15.70,15.96,15.66,36591,57860000,-0.16,-1.01,1.89,0.64
2016-12-07,15.70,15.61,15.80,15.32,60549,93760000,-0.09,-0.57,3.06,1.06
2016-12-08,15.63,16.01,16.14,15.46,74694,117870000,0.40,2.56,4.36,1.31
2016-12-09,15.92,15.95,16.14,15.76,49938,79730000,-0.06,-0.37,2.37,0.87
2016-12-12,15.94,15.60,16.08,15.35,70639,111130000,-0.35,-2.19,4.58,1.24
2016-12-13,15.70,15.79,16.05,15.61,43878,69650000,0.19,1.22,2.82,0.77
2016-12-14,15.64,15.76,16.06,15.36,58636,92280000,-0.03,-0.19,4.43,1.03
2016-12-15,15.67,16.00,16.03,15.67,53066,84400000,0.24,1.52,2.28,0.93
2016-12-16,16.00,15.99,16.09,15.78,47477,75590000,-0.01,-0.06,1.94,0.83
2016-12-19,15.99,16.64,16.87,15.90,78634,129510000,0.65,4.07,6.07,1.38
2016-12-20,16.54,16.81,16.90,16.25,76697,127030000,0.17,1.02,3.91,1.34
2016-12-21,16.81,16.90,17.45,16.58,80252,136290000,0.09,0.54,5.18,1.40
2016-12-30,16.86,16.79,17.00,15.95,126477,209980000,-0.11,-0.65,6.21,2.21
2017-01-03,16.16,16.42,16.74,16.10,49986,82100000,-0.37,-2.20,3.81,0.87
2017-01-04,16.40,16.42,16.71,16.25,54146,89110000,0.00,0.00,2.80,0.95
2017-01-05,16.42,16.20,16.42,16.13,37461,60920000,-0.22,-1.34,1.77,0.66
2017-01-06,16.15,15.92,16.41,15.91,36907,59520000,-0.28,-1.73,3.09,0.65
2017-01-09,15.83,15.85,16.02,15.80,29817,47460000,-0.07,-0.44,1.38,0.52
2017-01-10,15.84,15.89,16.11,15.80,25143,39990000,0.04,0.25,1.96,0.44
2017-01-11,15.89,15.68,15.91,15.48,26752,41970000,-0.21,-1.32,2.71,0.47
2017-01-12,15.67,15.45,15.74,15.32,30281,46990000,-0.23,-1.47,2.68,0.53
2017-01-13,15.44,15.16,15.53,14.98,42194,64370000,-0.29,-1.88,3.56,0.74
2017-01-16,14.99,13.90,15.20,13.65,39465,56950000,-1.26,-8.31,10.22,0.69
2017-01-17,13.88,14.15,14.89,13.88,40375,57500000,0.25,1.80,7.27,0.71
2017-01-18,14.06,14.18,14.50,14.00,20631,29360000,0.03,0.21,3.53,0.36
2017-01-19,14.00,14.20,14.48,14.00,17667,25240000,0.02,0.14,3.39,0.31
2017-01-20,14.19,14.21,14.39,14.18,24528,35030000,0.01,0.07,1.48,0.43
2017-01-23,14.21,14.47,14.60,14.20,27290,39360000,0.26,1.83,2.81,0.48
2017-01-24,14.50,14.89,15.04,14.42,32123,47720000,0.42,2.90,4.28,0.56
2017-01-25,14.83,15.13,15.18,14.65,22603,33890000,0.24,1.61,3.56,0.40
2017-01-26,15.13,15.51,15.57,15.03,20504,31360000,0.38,2.51,3.57,0.36
2017-02-03,15.51,15.35,15.55,15.30,12150,18720000,-0.16,-1.03,1.61,0.21
2017-02-06,15.31,15.18,15.31,14.83,24770,37200000,-0.17,-1.11,3.13,0.43
2017-02-07,15.16,15.00,15.17,14.90,20578,30827800,-0.18,-1.19,1.779,0.70
2017-02-08,15.00,15.02,15.11,14.95,15753,23645400,0.02,0.13,1.067,0.54
2017-02-09,15.16,15.10,15.42,15.01,19619,29794700,0.08,0.53,2.73,0.67
2017-02-10,15.16,14.80,15.16,14.70,31132,46331400,-0.30,-1.99,3.046,1.06
2017-02-13,14.81,14.92,14.99,14.71,23817,35415400,0.12,0.81,1.892,0.81
2017-02-14,14.90,15.01,15.09,14.81,20018,29990700,0.09,0.60,1.877,0.68
2017-02-15,15.08,14.89,15.14,14.85,16148,24306200,-0.12,-0.80,1.932,0.55
2017-02-16,15.44,15.69,16.38,15.44,100621,159452200,0.80,5.37,6.313,3.43
2017-02-17,15.69,15.90,15.95,15.25,69635,108932100,0.21,1.34,4.461,2.38
2017-02-20,15.91,15.89,16.10,15.56,50733,80005600,-0.01,-0.06,3.396,1.73
2017-02-21,15.91,15.98,16.02,15.78,40455,64380100,0.09,0.57,1.51,1.38
2017-02-22,16.21,16.03,16.35,16.00,47019,76216600,0.05,0.31,2.19,1.60
2017-02-23,15.87,16.30,16.55,15.70,75024,121152500,0.27,1.68,5.30,2.56
2017-02-24,16.11,16.29,16.50,16.11,39015,63670400,-0.01,-0.06,2.39,1.33
2017-02-27,16.35,16.37,16.65,16.35,53426,88284400,0.08,0.49,1.84,1.82
2017-02-28,16.28,16.14,16.40,16.09,31075,50335600,-0.23,-1.41,1.89,1.06
2017-03-01,16.20,16.15,16.49,16.07,25734,41983300,0.01,0.06,2.60,0.88
2017-03-02,16.27,16.54,16.90,16.25,84584,140859400,0.39,2.41,4.03,2.89
2017-03-03,16.32,17.41,17.95,16.31,209252,363045700,0.87,5.26,9.91,7.14
2017-03-06,17.70,18.00,18.28,17.17,193861,347036000,0.59,3.39,6.38,6.61
2017-03-07,18.02,17.59,18.20,17.28,104600,186070200,-0.41,-2.28,5.11,3.57
2017-03-08,17.75,17.62,18.00,17.54,66627,118409200,0.03,0.17,2.62,2.27
2017-03-09,17.55,17.30,17.55,16.95,54687,94192500,-0.32,-1.82,3.40,1.87
2017-03-10,17.50,17.65,18.25,17.50,131757,236791400,0.35,2.02,4.34,4.50
2017-03-13,17.63,17.80,18.21,17.60,93699,168353500,0.15,0.85,3.46,3.20
2017-03-14,17.78,17.45,17.83,17.36,63083,110697300,-0.35,-1.97,2.64,2.15
2017-03-15,17.50,17.31,17.60,17.01,54535,93748800,-0.14,-0.80,3.38,1.86
2017-03-16,17.49,17.30,17.80,17.15,53696,93330616,-0.01,-0.06,3.76,1.83
2017-03-17,17.46,17.81,18.15,17.46,122976,219587116,0.51,2.95,3.99,4.20
2017-03-20,17.69,17.77,17.85,17.28,74814,131186603,-0.04,-0.22,3.20,2.55
2017-03-21,17.62,18.05,18.10,17.41,83364,148571648,0.28,1.58,3.88,2.84
2017-03-22,17.90,18.19,18.29,17.61,75591,135953449,0.14,0.78,3.77,2.58
2017-03-23,18.01,17.66,18.50,17.62,98169,177100403,-0.53,-2.91,4.84,3.35
2017-03-24,17.48,17.55,17.80,17.42,44504,78157847,-0.11,-0.62,2.15,1.52
2017-03-27,17.50,16.97,17.73,16.81,106094,181392309,-0.58,-3.30,5.24,3.62
2017-03-28,16.97,16.85,17.15,16.80,49413,83657174,-0.12,-0.71,2.06,1.69
2017-03-29,16.80,16.70,17.05,16.68,49872,83914191,-0.15,-0.89,2.20,1.70
2017-03-30,16.71,16.68,16.92,16.63,37401,62737374,-0.02,-0.12,1.74,1.28
2017-03-31,16.72,16.78,17.10,16.65,32719,55044240,0.10,0.60,2.70,1.12
2017-04-05,16.79,17.70,17.72,16.78,87553,152934866,0.92,5.48,5.60,2.99
2017-04-06,17.60,17.72,18.05,17.51,79613,142144911,0.02,0.11,3.05,2.72
2017-04-07,17.74,17.60,18.00,17.54,42605,75582310,-0.12,-0.68,2.60,1.45
2017-04-10,17.76,17.50,17.93,17.48,50937,90160637,-0.10,-0.57,2.56,1.74
2017-04-11,17.56,17.24,17.69,16.79,61111,104934900,-0.26,-1.49,5.14,2.09
2017-04-12,17.26,17.51,17.83,16.92,63676,111253744,0.27,1.57,5.28,2.17
2017-04-13,17.51,17.48,17.86,17.43,63584,112640033,-0.03,-0.17,2.46,2.17
2017-04-14,17.49,16.98,17.64,16.90,57756,99089214,-0.50,-2.86,4.23,1.97
2017-04-17,16.99,16.75,17.15,16.65,27689,46804633,-0.23,-1.35,2.94,0.94
2017-04-18,16.80,17.10,17.19,16.50,52174,88246984,0.35,2.09,4.12,1.78
2017-04-19,16.90,16.53,17.00,15.63,91845,150596050,-0.57,-3.33,8.01,3.13
2017-04-20,16.42,16.15,16.59,15.95,51361,83777215,-0.38,-2.30,3.87,1.75
2017-04-21,16.16,16.24,16.40,16.15,17201,27967906,0.09,0.56,1.55,0.59
2017-04-24,16.20,15.30,16.25,15.30,49668,77196459,-0.94,-5.79,5.85,1.70
2017-04-25,15.38,15.43,15.57,14.81,53561,81503266,0.13,0.85,4.97,1.52
2017-04-26,15.40,15.32,15.50,15.20,17101,26328063,-0.11,-0.71,1.94,0.48
2017-04-27,15.45,15.51,15.60,14.98,36403,55781229,0.19,1.24,4.05,1.03
2017-04-28,15.52,15.37,15.71,15.32,17761,27390580,-0.14,-0.90,2.51,0.50
2017-05-02,15.38,15.00,15.49,14.92,39860,60202861,-0.37,-2.41,3.71,1.13
2017-05-03,15.01,14.88,15.19,14.76,34349,51146777,-0.12,-0.80,2.87,0.97
2017-05-04,14.94,14.68,14.98,14.62,26998,39732970,-0.20,-1.34,2.42,0.77
2017-05-05,14.65,14.06,14.75,13.80,56727,80496917,-0.62,-4.22,6.47,1.61
2017-05-08,14.12,14.10,14.25,13.78,23569,33062747,0.04,0.28,3.34,0.67
2017-05-09,14.08,14.85,15.38,13.75,65251,96164121,0.75,5.32,11.56,1.85
2017-05-10,14.99,14.45,15.17,14.40,31182,45858376,-0.40,-2.69,5.19,0.88
2017-05-11,14.35,13.83,14.48,13.80,37379,52466625,-0.62,-4.29,4.71,1.06
2017-05-12,14.04,14.05,14.29,13.92,21478,30228026,0.22,1.59,2.68,0.61
2017-05-15,13.97,14.04,14.34,13.97,21531,30381606,-0.01,-0.07,2.63,0.61
2017-05-16,14.05,13.68,14.06,12.68,67374,91152890,-0.36,-2.56,9.83,1.91
2017-05-17,13.80,13.62,13.88,13.54,34295,46950953,-0.06,-0.44,2.49,0.97
2017-05-18,13.58,13.38,13.70,13.34,30508,41074409,-0.24,-1.76,2.64,0.86
2017-05-19,13.42,13.30,13.60,13.18,17232,23086641,-0.08,-0.60,3.14,0.49
2017-05-22,13.35,12.73,13.49,12.63,40066,51954957,-0.57,-4.29,6.47,1.14
2017-05-23,12.73,12.77,12.94,12.51,30879,39371803,0.04,0.31,3.38,0.88
2017-05-24,12.76,12.12,12.77,11.60,45460,55288313,-0.65,-5.09,9.16,1.29
2017-05-25,12.10,12.20,12.48,11.57,38274,45724605,0.08,0.66,7.51,1.09
2017-05-26,12.18,12.29,12.45,12.03,36860,45241206,0.09,0.74,3.44,1.04
2017-05-31,12.42,12.62,12.74,12.40,26987,34064823,0.33,2.69,2.77,0.77
2017-06-01,12.75,12.10,12.75,12.10,22308,27579851,-0.52,-4.12,5.15,0.63
2017-06-02,12.10,12.19,12.40,11.71,32439,39127398,0.09,0.74,5.70,0.92
2017-06-05,12.30,12.71,12.75,12.20,36473,45922299,0.52,4.27,4.51,1.03
2017-06-06,12.70,12.93,13.10,12.60,35514,45888618,0.22,1.73,3.93,1.01
2017-06-07,12.93,13.05,13.13,12.81,34806,45284260,0.12,0.93,2.47,0.99
2017-06-08,13.03,12.81,13.08,12.73,24871,32024613,-0.22,-1.69,2.69,0.70
2017-06-09,12.80,12.46,12.80,12.36,34672,43408669,-0.35,-2.73,3.43,0.98
2017-06-12,12.46,12.28,12.68,12.26,30056,37356010,-0.18,-1.44,3.37,0.85
