日期,开盘,收盘,最高,最低,交易量(手),交易金额(元),涨跌额,涨跌幅(%),振幅(%),换手率(%)
2012-08-08,28.70,26.51,29.70,25.88,261846,727930000,6.51,32.55,19.10,87.28
2012-08-09,25.70,29.16,29.16,25.61,160641,451150000,2.65,10.00,13.39,53.55
2012-08-10,29.30,28.10,30.99,28.10,195088,580500000,-1.06,-3.64,9.91,65.03
2012-08-13,26.99,26.33,27.25,25.55,110764,292350000,-1.77,-6.30,6.05,36.92
2012-08-14,26.10,25.50,26.78,24.66,79721,204550000,-0.83,-3.15,8.05,26.57
2012-08-15,25.10,25.20,25.98,25.00,53473,136080000,-0.30,-1.18,3.84,17.82
2012-08-16,25.01,23.73,25.35,23.60,66603,161740000,-1.47,-5.83,6.94,22.20
2012-08-17,23.56,22.73,23.70,22.50,54314,124700000,-1.00,-4.21,5.06,18.10
2012-08-20,22.45,22.84,23.15,22.12,37570,85810000,0.11,0.48,4.53,12.52
2012-08-21,22.81,23.65,23.95,22.72,51582,121610000,0.81,3.55,5.39,17.19
2012-08-22,23.50,23.10,24.05,22.98,45227,106330000,-0.55,-2.33,4.52,15.08
2012-08-23,23.08,23.46,23.67,23.05,33555,78630000,0.36,1.56,2.68,11.18
2012-08-24,23.15,22.48,23.49,22.40,38423,87660000,-0.98,-4.18,4.65,12.81
2012-08-27,22.43,22.60,22.94,21.96,30912,69820000,0.12,0.53,4.36,10.30
2012-08-28,22.79,23.45,23.67,22.20,48420,111810000,0.85,3.76,6.50,16.14
2012-08-29,23.20,23.58,24.25,23.20,55112,131100000,0.13,0.55,4.48,18.37
2012-08-30,23.66,22.40,23.80,21.90,40040,91330000,-1.18,-5.00,8.06,13.35
2012-08-31,22.22,22.64,22.76,22.00,22306,49980000,0.24,1.07,3.39,7.44
2012-09-03,22.58,23.54,23.55,22.38,34314,79090000,0.90,3.98,5.17,11.44
2012-09-04,23.60,23.20,23.60,23.04,31574,73480000,-0.34,-1.44,2.38,10.52
2012-09-05,23.00,23.33,23.60,22.62,28769,66520000,0.13,0.56,4.22,9.59
2012-09-06,23.49,23.71,23.96,23.23,32123,75750000,0.38,1.63,3.13,10.71
2012-09-07,23.93,24.04,24.58,23.62,53298,128630000,0.33,1.39,4.05,17.77
2012-09-10,24.06,24.58,24.67,23.79,46980,113690000,0.54,2.25,3.66,15.66
2012-09-11,24.28,24.41,24.60,24.12,29944,72990000,-0.17,-0.69,1.95,9.98
2012-09-12,24.50,24.03,24.60,23.80,27002,65160000,-0.38,-1.56,3.28,9.00
2012-09-13,24.00,23.47,24.24,23.47,19705,47080000,-0.56,-2.33,3.20,6.57
2012-09-14,23.81,25.69,25.82,23.62,121593,306760000,2.22,9.46,9.37,40.53
2012-09-17,25.28,24.99,26.50,24.99,90215,230610000,-0.70,-2.72,5.88,30.07
2012-09-18,24.90,25.14,25.69,24.34,46868,116610000,0.15,0.60,5.40,15.62
2012-09-19,24.88,24.73,25.50,24.58,35205,87800000,-0.41,-1.63,3.66,11.74
2012-09-20,24.62,24.45,24.98,24.02,45036,109950000,-0.28,-1.13,3.88,15.01
2012-09-21,24.48,22.01,24.75,22.01,52330,122270000,-2.44,-9.98,11.21,17.44
2012-09-24,21.50,20.72,21.50,20.10,38775,80240000,-1.29,-5.86,6.36,12.93
2012-09-25,20.43,20.33,20.97,20.15,27024,55470000,-0.39,-1.88,3.96,9.01
2012-09-26,20.33,20.44,20.80,20.22,21238,43530000,0.11,0.54,2.85,7.08
2012-09-27,20.25,20.07,20.56,19.15,43920,87720000,-0.37,-1.81,6.90,14.64
2012-09-28,19.99,20.20,20.34,19.66,22667,45520000,0.13,0.65,3.39,7.56
2012-10-08,20.25,20.51,20.72,20.23,21336,43580000,0.31,1.53,2.43,7.11
2012-10-09,20.50,21.00,21.17,20.34,31585,65780000,0.49,2.39,4.05,10.53
2012-10-10,20.97,21.03,21.13,20.70,21274,44480000,0.03,0.14,2.05,7.09
2012-10-11,21.09,20.51,21.50,20.46,25506,53590000,-0.52,-2.47,4.95,8.50
2012-10-12,20.28,20.15,20.79,19.92,20318,41210000,-0.36,-1.76,4.24,6.77
2012-10-15,19.99,19.67,20.40,19.52,18562,36910000,-0.48,-2.38,4.37,6.19
2012-10-16,19.69,20.04,20.30,19.62,19196,38550000,0.37,1.88,3.46,6.40
2012-10-17,20.10,19.90,20.20,19.65,12137,24160000,-0.14,-0.70,2.74,4.05
2012-10-18,20.04,20.57,20.62,19.92,24013,49040000,0.67,3.37,3.52,8.00
2012-10-19,20.53,20.41,20.65,20.31,14312,29330000,-0.16,-0.78,1.65,4.77
2012-10-22,20.34,20.56,20.58,20.04,11894,24210000,0.15,0.73,2.65,3.96
2012-10-23,20.57,20.14,20.66,20.14,13680,27830000,-0.42,-2.04,2.53,4.56
2012-10-24,20.00,19.76,20.05,19.75,12783,25410000,-0.38,-1.89,1.49,4.26
2012-10-25,19.70,19.27,19.98,19.27,13903,27220000,-0.49,-2.48,3.59,4.63
2012-10-26,19.25,19.38,19.59,19.15,12815,24750000,0.11,0.57,2.28,4.27
2012-10-29,19.46,18.63,19.50,18.45,19068,35600000,-0.75,-3.87,5.42,6.36
2012-10-30,18.66,18.68,18.83,18.48,8726,16290000,0.05,0.27,1.88,2.91
2012-10-31,18.59,18.73,18.83,18.52,7522,14070000,0.05,0.27,1.66,2.51
2012-11-01,18.50,19.01,19.10,18.50,13462,25470000,0.28,1.49,3.20,4.49
2012-11-02,18.91,19.12,19.18,18.81,10862,20650000,0.11,0.58,1.95,3.62
2012-11-05,19.11,18.81,19.11,18.71,10187,19190000,-0.31,-1.62,2.09,3.40
2012-11-06,18.86,18.80,18.86,18.51,9992,18640000,-0.01,-0.05,1.86,3.33
2012-11-07,18.80,19.00,19.06,18.76,12157,23030000,0.20,1.06,1.60,4.05
2012-11-08,18.85,18.15,18.85,18.01,12831,23750000,-0.85,-4.47,4.42,4.28
2012-11-09,18.18,17.82,18.26,17.80,10474,18810000,-0.33,-1.82,2.53,3.49
2012-11-12,17.97,18.00,18.09,17.78,7453,13360000,0.18,1.01,1.74,2.48
2012-11-13,18.12,17.90,18.16,17.83,8523,15320000,-0.10,-0.56,1.83,2.84
2012-11-14,17.88,18.43,18.60,17.78,17509,32180000,0.53,2.96,4.58,5.84
2012-11-15,18.18,18.76,18.84,17.90,23431,43210000,0.33,1.79,5.10,7.81
2012-11-16,18.52,18.56,18.90,18.43,12466,23210000,-0.20,-1.07,2.51,4.16
2012-11-19,18.38,18.29,18.70,17.86,9746,17710000,-0.27,-1.45,4.53,3.25
2012-11-20,18.29,18.00,18.55,17.91,13187,24060000,-0.29,-1.59,3.50,4.40
2012-11-21,17.90,17.93,18.14,17.30,14641,25960000,-0.07,-0.39,4.67,4.88
2012-11-22,17.80,17.48,17.80,17.36,7857,13810000,-0.45,-2.51,2.45,2.62
2012-11-23,17.55,17.54,17.61,17.39,5870,10290000,0.06,0.34,1.26,1.96
2012-11-26,17.54,17.27,17.59,17.20,5448,9470000,-0.27,-1.54,2.22,1.82
2012-11-27,17.27,16.06,17.40,16.00,16515,27150000,-1.21,-7.01,8.11,5.51
2012-11-28,16.01,15.80,16.11,15.71,9973,15790000,-0.26,-1.62,2.49,3.32
2012-11-29,15.81,15.30,16.08,15.25,8543,13310000,-0.50,-3.16,5.25,2.85
2012-11-30,15.32,15.30,15.54,15.00,8748,13350000,0.00,0.00,3.53,2.92
2012-12-03,15.31,14.40,15.45,14.40,10776,16120000,-0.90,-5.88,6.86,3.59
2012-12-04,14.38,14.50,14.62,13.92,12409,17630000,0.10,0.69,4.86,4.14
2012-12-05,14.36,15.09,15.40,14.31,18414,27580000,0.59,4.07,7.52,6.14
2012-12-06,15.19,15.27,15.71,15.16,20940,32350000,0.18,1.19,3.64,6.98
2012-12-07,15.20,15.57,15.66,15.05,17383,26810000,0.30,1.96,3.99,5.79
2012-12-10,15.60,16.27,16.29,15.30,22260,35350000,0.70,4.50,6.36,7.42
2012-12-11,16.19,16.21,16.55,15.93,21144,34400000,-0.06,-0.37,3.81,7.05
2012-12-12,16.40,16.29,16.40,15.91,12497,20130000,0.08,0.49,3.02,4.17
2012-12-13,16.20,15.71,16.20,15.69,12331,19590000,-0.58,-3.56,3.13,4.11
2012-12-14,15.70,16.45,16.63,15.57,23593,38280000,0.74,4.71,6.75,7.86
2012-12-17,16.40,16.44,16.64,16.28,17032,27990000,-0.01,-0.06,2.19,5.68
2012-12-18,16.44,16.89,17.15,16.40,29538,49700000,0.45,2.74,4.56,9.85
2012-12-19,16.99,16.93,17.35,16.62,18748,32000000,0.04,0.24,4.32,6.25
2012-12-20,16.75,17.43,17.59,16.73,25428,44010000,0.50,2.95,5.08,8.48
2012-12-21,17.43,18.33,18.70,17.20,43795,78900000,0.90,5.16,8.61,14.60
2012-12-24,18.21,18.50,18.68,17.98,28797,52810000,0.17,0.93,3.82,9.60
2012-12-25,18.30,18.65,19.10,18.25,37054,69500000,0.15,0.81,4.59,12.35
2012-12-26,18.75,20.40,20.46,18.60,56427,110610000,1.75,9.38,9.97,18.81
2012-12-27,20.40,19.26,20.50,19.21,48633,96190000,-1.14,-5.59,6.32,16.21
2012-12-28,19.02,19.50,19.88,18.56,39651,76470000,0.24,1.25,6.85,13.22
2012-12-31,19.38,18.92,19.54,18.89,23133,44210000,-0.58,-2.97,3.33,7.71
2013-01-04,19.02,19.07,19.39,18.73,22016,42080000,0.15,0.79,3.49,7.34
2013-01-07,19.26,19.48,19.95,19.20,28701,56070000,0.41,2.15,3.93,9.57
2013-01-08,19.28,19.77,19.98,19.23,33176,65160000,0.29,1.49,3.85,11.06
2013-01-09,19.57,19.11,19.63,18.88,24660,47600000,-0.66,-3.34,3.79,8.22
2013-01-10,19.02,18.87,19.23,18.72,19056,36080000,-0.24,-1.26,2.67,6.35
2013-01-11,18.90,18.74,19.27,18.74,19874,37810000,-0.13,-0.69,2.81,6.62
2013-01-14,18.72,20.05,20.32,18.66,47497,93450000,1.31,6.99,8.86,15.83
2013-01-15,20.10,20.20,20.45,19.98,37674,76140000,0.15,0.75,2.34,12.56
2013-01-16,20.20,20.69,20.72,19.72,38165,77550000,0.49,2.43,4.95,12.72
2013-01-17,20.36,19.88,20.68,19.85,34136,68640000,-0.81,-3.91,4.01,11.38
2013-01-18,19.91,20.02,20.20,19.58,19173,38170000,0.14,0.70,3.12,6.39
2013-01-21,19.90,21.22,21.30,19.72,40269,82740000,1.20,5.99,7.89,13.42
2013-01-22,21.30,20.28,21.33,20.00,35778,73830000,-0.94,-4.43,6.27,11.93
2013-01-23,19.99,19.78,20.14,19.35,24146,47690000,-0.50,-2.47,3.90,8.05
2013-01-24,19.83,19.03,20.20,18.89,20653,40490000,-0.75,-3.79,6.62,6.88
2013-01-25,19.00,19.15,19.39,18.90,10237,19630000,0.12,0.63,2.57,3.41
2013-01-28,19.11,19.89,19.97,19.11,15330,30270000,0.74,3.86,4.49,5.11
2013-01-29,19.90,20.14,20.48,19.78,17153,34590000,0.25,1.26,3.52,5.72
2013-01-30,19.96,19.87,20.22,19.64,14627,29020000,-0.27,-1.34,2.88,4.88
2013-01-31,19.85,19.73,20.00,19.57,8537,16810000,-0.14,-0.70,2.16,2.85
2013-02-01,19.68,19.99,20.17,19.60,12695,25350000,0.26,1.32,2.89,4.23
2013-02-04,20.03,19.88,20.18,19.77,9716,19340000,-0.11,-0.55,2.05,3.24
2013-02-05,19.88,20.78,20.99,19.79,29194,59780000,0.90,4.53,6.04,9.73
2013-02-06,20.79,20.60,20.95,20.39,19431,40090000,-0.18,-0.87,2.69,6.48
2013-02-07,20.52,20.65,20.70,20.11,17963,36760000,0.05,0.24,2.86,5.99
2013-02-08,20.71,21.14,21.28,20.46,27887,58490000,0.49,2.37,3.97,9.30
2013-02-18,21.29,21.44,21.97,21.03,29928,64340000,0.30,1.42,4.45,9.98
2013-02-19,21.44,20.52,21.59,20.39,25918,53800000,-0.92,-4.29,5.60,8.64
2013-02-20,20.55,21.23,21.32,20.33,26044,54480000,0.71,3.46,4.82,8.68
2013-02-21,21.56,21.77,21.98,21.01,47661,102940000,0.54,2.54,4.57,15.89
2013-02-22,21.51,21.00,21.69,20.90,27821,59340000,-0.77,-3.54,3.63,9.27
2013-02-25,20.70,20.95,21.29,20.70,15916,33300000,-0.05,-0.24,2.81,5.31
2013-02-26,20.76,20.55,21.29,20.50,18194,38040000,-0.40,-1.91,3.77,6.06
2013-02-27,20.50,19.85,20.82,19.62,22814,46060000,-0.70,-3.41,5.84,7.60
2013-02-28,19.96,20.23,20.26,19.70,12555,25140000,0.38,1.91,2.82,4.19
2013-03-01,20.80,21.31,21.80,20.80,35791,76140000,1.08,5.34,4.94,11.93
2013-03-04,21.31,21.55,21.97,21.00,40416,87030000,0.24,1.13,4.55,13.47
2013-03-05,21.80,22.45,22.57,21.80,40424,90140000,0.90,4.18,3.57,13.47
2013-03-06,22.79,22.39,22.94,22.10,33707,75550000,-0.06,-0.27,3.74,11.24
2013-03-07,22.37,22.43,22.95,22.23,35609,80520000,0.04,0.18,3.22,11.87
2013-03-08,22.22,21.56,22.47,21.51,21103,46150000,-0.87,-3.88,4.28,7.03
2013-03-11,21.45,21.70,22.09,21.40,9540,20790000,0.14,0.65,3.20,3.18
2013-03-12,21.79,20.52,21.89,20.29,20054,41880000,-1.18,-5.44,7.37,6.68
2013-03-13,20.56,20.12,20.56,19.70,21604,43200000,-0.40,-1.95,4.19,7.20
2013-03-14,20.07,20.33,20.45,19.90,9610,19450000,0.21,1.04,2.73,3.20
2013-03-15,20.36,20.29,20.90,19.93,15519,31770000,-0.04,-0.20,4.77,5.17
2013-03-18,20.39,20.43,20.80,20.20,11665,23960000,0.14,0.69,2.96,3.89
2013-03-19,20.36,20.48,20.63,20.10,9530,19390000,0.05,0.24,2.59,3.18
2013-03-20,20.35,21.14,21.16,20.35,16021,33350000,0.66,3.22,3.96,5.34
2013-03-21,21.22,21.54,21.61,21.10,20040,42900000,0.40,1.89,2.41,6.68
2013-03-22,21.50,21.44,21.81,21.26,14233,30600000,-0.10,-0.46,2.55,4.74
2013-03-25,21.66,21.35,21.70,21.24,10731,22960000,-0.09,-0.42,2.15,3.58
2013-03-26,21.33,20.82,21.40,20.45,13915,28940000,-0.53,-2.48,4.45,4.64
2013-03-27,20.70,20.99,21.24,20.69,11822,24840000,0.17,0.82,2.64,3.94
2013-03-28,20.95,20.35,20.95,20.28,13557,27880000,-0.64,-3.05,3.19,4.52
2013-03-29,20.18,20.48,20.79,20.18,8227,16910000,0.13,0.64,3.00,2.74
2013-04-01,20.87,20.71,20.94,20.53,8639,17920000,0.23,1.12,2.00,2.88
2013-04-02,20.71,20.20,21.00,20.12,11085,22890000,-0.51,-2.46,4.25,3.69
2013-04-03,20.18,19.52,20.34,19.38,16242,32000000,-0.68,-3.37,4.75,5.41
2013-04-08,19.60,19.75,19.75,19.16,8670,16890000,0.23,1.18,3.02,2.89
2013-04-09,19.75,19.56,19.86,19.50,7665,15060000,-0.19,-0.96,1.82,2.56
2013-04-10,19.50,19.08,19.78,18.88,8589,16490000,-0.48,-2.45,4.60,2.86
2013-04-11,19.08,19.10,19.39,18.95,6484,12420000,0.02,0.10,2.31,2.16
2013-04-12,19.10,18.82,19.31,18.81,5622,10700000,-0.28,-1.47,2.62,1.87
2013-04-15,18.85,18.27,18.85,18.17,7139,13110000,-0.55,-2.92,3.61,2.38
2013-04-16,18.03,18.52,18.59,17.92,5539,10110000,0.25,1.37,3.67,1.85
2013-04-17,18.48,18.69,18.70,18.31,4613,8540000,0.17,0.92,2.11,1.54
2013-04-18,18.66,18.95,18.99,18.60,6130,11560000,0.26,1.39,2.09,2.04
2013-04-19,18.95,19.39,19.53,18.61,8916,17230000,0.44,2.32,4.85,2.97
2013-04-22,19.01,19.65,19.73,19.01,9037,17680000,0.26,1.34,3.71,3.01
2013-04-23,19.66,18.81,19.74,18.81,9004,17340000,-0.84,-4.27,4.73,3.00
2013-04-24,18.89,18.42,18.89,17.90,20983,38390000,-0.39,-2.07,5.26,6.99
2013-04-25,18.33,18.08,18.50,18.00,11612,21140000,-0.34,-1.85,2.71,3.87
2013-04-26,18.02,17.86,18.39,17.75,6457,11660000,-0.22,-1.22,3.54,2.15
2013-05-02,17.86,17.85,18.07,17.55,5155,9190000,-0.01,-0.06,2.91,1.72
2013-05-03,18.10,18.22,18.39,17.80,6219,11360000,0.37,2.07,3.31,2.07
2013-05-06,18.39,18.68,18.83,18.15,8665,16010000,0.46,2.52,3.73,2.89
2013-05-07,18.68,18.76,18.88,18.61,6655,12460000,0.08,0.43,1.45,2.22
2013-05-08,18.83,18.92,19.01,18.72,8437,15940000,0.16,0.85,1.55,2.81
2013-05-09,19.15,19.58,19.62,19.08,18026,35040000,0.66,3.49,2.85,6.01
2013-05-10,19.60,19.52,19.68,19.29,11189,21780000,-0.06,-0.31,1.99,3.73
2013-05-13,19.50,19.58,19.65,19.40,8609,16830000,0.06,0.31,1.28,2.87
2013-05-14,19.56,19.62,19.86,19.35,12007,23580000,0.04,0.20,2.60,4.00
2013-05-15,19.64,19.51,19.77,19.38,13051,25430000,-0.11,-0.56,1.99,4.35
2013-05-16,12.82,13.01,13.50,12.82,33889,44650000,0.24,1.88,5.33,7.53
2013-05-17,13.00,13.32,13.45,12.89,31087,41320000,0.31,2.38,4.30,6.91
2013-05-20,13.32,13.34,13.34,13.01,30811,40630000,0.02,0.15,2.48,6.85
2013-05-21,13.34,13.85,13.85,13.20,32842,44650000,0.51,3.82,4.87,7.30
2013-05-22,13.86,13.53,13.93,13.45,24805,33880000,-0.32,-2.31,3.47,5.51
2013-05-23,13.53,13.57,13.85,12.70,26280,35370000,0.04,0.30,8.50,5.84
2013-05-24,13.50,13.68,13.74,13.33,18328,24900000,0.11,0.81,3.02,4.07
2013-05-27,13.60,13.92,13.97,13.54,23810,32980000,0.24,1.75,3.14,5.29
2013-05-28,14.01,13.82,14.02,13.63,19812,27410000,-0.10,-0.72,2.80,4.40
2013-05-29,13.88,13.70,13.90,13.60,21470,29460000,-0.12,-0.87,2.17,4.77
2013-05-30,13.61,13.78,13.88,13.50,20831,28570000,0.08,0.58,2.77,4.63
2013-05-31,13.82,14.10,14.49,13.73,46518,65700000,0.32,2.32,5.52,10.34
2013-06-03,14.07,14.27,14.43,14.00,37637,53590000,0.17,1.21,3.05,8.36
2013-06-04,14.22,13.59,14.25,13.33,30940,42510000,-0.68,-4.77,6.45,6.88
2013-06-05,13.54,13.58,13.64,13.34,14694,19810000,-0.01,-0.07,2.21,3.27
2013-06-06,13.58,13.38,13.90,13.35,20705,28280000,-0.20,-1.47,4.05,4.60
2013-06-07,13.60,13.15,13.80,13.07,13262,17700000,-0.23,-1.72,5.46,2.95
2013-06-13,12.98,12.29,12.98,11.86,14148,17550000,-0.86,-6.54,8.52,3.14
2013-06-14,12.35,12.55,12.69,12.35,10363,12980000,0.26,2.12,2.77,2.30
2013-06-17,12.75,12.60,12.83,12.41,10354,13090000,0.05,0.40,3.35,2.30
2013-06-18,12.70,12.75,12.90,12.61,9896,12660000,0.15,1.19,2.30,2.20
2013-06-19,12.75,12.57,12.75,12.32,8645,10780000,-0.18,-1.41,3.37,1.92
2013-06-20,12.52,12.03,12.73,12.00,10059,12460000,-0.54,-4.30,5.81,2.24
2013-06-21,11.86,11.73,11.95,11.36,10111,11820000,-0.30,-2.49,4.90,2.25
2013-06-24,11.60,10.87,11.72,10.60,10379,11610000,-0.86,-7.33,9.55,2.31
2013-06-25,10.71,10.83,11.04,9.78,21061,21750000,-0.04,-0.37,11.59,4.68
2013-06-26,10.65,10.92,10.96,10.55,13603,14630000,0.09,0.83,3.79,3.02
2013-06-27,11.50,11.15,11.66,11.04,22683,25640000,0.23,2.11,5.68,5.04
2013-06-28,11.17,11.37,11.50,10.96,11158,12560000,0.22,1.97,4.84,2.48
2013-07-01,11.38,11.52,11.57,11.26,10263,11720000,0.15,1.32,2.73,2.28
2013-07-02,11.49,11.84,11.92,11.45,14763,17360000,0.32,2.78,4.08,3.28
2013-07-03,11.65,11.58,11.79,11.33,19719,22780000,-0.26,-2.20,3.89,4.38
2013-07-04,11.52,11.62,11.87,11.51,13390,15690000,0.04,0.35,3.11,2.98
2013-07-05,11.63,11.50,11.74,11.49,9691,11250000,-0.12,-1.03,2.15,2.15
2013-07-08,11.37,10.76,11.37,10.74,12945,14190000,-0.74,-6.43,5.48,2.88
2013-07-09,10.88,10.82,11.13,10.76,4293,4680000,0.06,0.56,3.44,0.95
2013-07-10,10.61,11.12,11.13,10.61,6796,7460000,0.30,2.77,4.81,1.51
2013-07-11,11.20,11.48,11.65,11.12,15230,17380000,0.36,3.24,4.77,3.38
2013-07-12,11.50,11.47,11.70,11.40,10550,12190000,-0.01,-0.09,2.61,2.34
2013-07-15,11.46,11.85,11.89,11.46,16618,19560000,0.38,3.31,3.75,3.69
2013-07-16,11.85,12.04,12.19,11.66,14686,17450000,0.19,1.60,4.47,3.26
2013-07-17,12.23,12.49,13.03,12.23,35182,44450000,0.45,3.74,6.64,7.82
2013-07-18,12.35,12.22,12.47,12.19,15788,19410000,-0.27,-2.16,2.24,3.51
2013-07-19,12.26,11.62,12.33,11.55,20625,24650000,-0.60,-4.91,6.38,4.58
2013-07-22,11.50,12.14,12.14,11.50,14518,17250000,0.52,4.48,5.51,3.23
2013-07-23,12.15,12.36,12.48,12.06,17763,21880000,0.22,1.81,3.46,3.95
2013-07-24,12.51,12.67,12.80,12.37,25612,32320000,0.31,2.51,3.48,5.69
2013-07-25,12.66,12.19,12.69,12.08,20441,25240000,-0.48,-3.79,4.81,4.54
2013-07-26,12.19,12.11,12.39,11.93,11588,14100000,-0.08,-0.66,3.77,2.58
2013-07-29,12.09,11.94,12.17,11.85,7773,9320000,-0.17,-1.40,2.64,1.73
2013-07-30,11.94,11.83,12.12,11.63,9865,11660000,-0.11,-0.92,4.10,2.19
2013-07-31,11.86,11.88,12.11,11.84,8074,9650000,0.05,0.42,2.28,1.79
2013-08-01,11.88,12.28,12.29,11.87,13195,16020000,0.40,3.37,3.54,2.93
2013-08-02,12.29,12.36,12.60,12.21,18537,23020000,0.08,0.65,3.18,4.12
2013-08-05,12.32,12.64,12.73,12.20,21138,26570000,0.28,2.27,4.29,4.70
2013-08-06,12.52,12.57,12.67,12.32,24316,30410000,-0.07,-0.55,2.77,5.40
2013-08-07,12.65,12.34,12.65,12.28,19928,24770000,-0.23,-1.83,2.94,4.43
2013-08-08,12.40,12.78,13.17,12.28,51173,65620000,0.44,3.57,7.21,5.74
2013-08-09,12.77,13.19,13.20,12.69,52445,68190000,0.41,3.21,3.99,5.88
2013-08-12,13.18,13.27,13.51,13.05,39114,52060000,0.08,0.61,3.49,4.39
2013-08-13,13.23,13.29,13.29,13.05,22542,29690000,0.02,0.15,1.81,2.53
2013-08-14,13.29,13.28,13.82,13.17,26716,35990000,-0.01,-0.08,4.89,3.00
2013-08-15,13.27,12.78,13.28,12.71,25547,33070000,-0.50,-3.77,4.29,2.87
2013-08-16,12.61,12.29,12.97,12.29,21786,27490000,-0.49,-3.83,5.32,2.44
2013-08-19,12.20,12.40,12.48,12.08,29703,36570000,0.11,0.90,3.25,3.33
2013-08-20,12.38,12.50,12.76,12.31,21242,26670000,0.10,0.81,3.63,2.38
2013-08-21,12.53,12.70,12.71,12.45,15375,19410000,0.20,1.60,2.08,1.72
2013-08-22,12.71,12.69,12.78,12.60,12263,15570000,-0.01,-0.08,1.42,1.38
2013-08-23,12.71,12.39,12.79,12.19,21717,27260000,-0.30,-2.36,4.73,2.44
2013-08-26,12.43,12.75,12.78,12.30,16672,20930000,0.36,2.91,3.87,1.87
2013-08-27,12.72,12.77,12.84,12.54,14757,18690000,0.02,0.16,2.35,1.66
2013-08-28,12.70,12.45,12.76,12.44,16290,20500000,-0.32,-2.51,2.51,1.83
2013-08-29,12.40,12.35,12.58,12.31,11558,14350000,-0.10,-0.80,2.17,1.30
2013-08-30,12.35,11.84,12.42,11.60,20722,25060000,-0.51,-4.13,6.64,2.32
2013-09-02,11.84,11.75,11.84,11.49,14445,16820000,-0.09,-0.76,2.96,1.62
2013-09-03,11.84,12.19,12.21,11.65,16778,20230000,0.44,3.74,4.77,1.88
2013-09-04,12.13,11.94,12.19,11.90,15864,19030000,-0.25,-2.05,2.38,1.78
2013-09-05,11.98,11.93,12.05,11.82,11531,13780000,-0.01,-0.08,1.93,1.29
2013-09-06,11.95,11.94,11.97,11.80,12394,14730000,0.01,0.08,1.43,1.39
2013-09-09,11.95,12.11,12.15,11.94,17192,20730000,0.17,1.42,1.76,1.93
2013-09-10,12.19,12.06,12.19,11.98,18176,21890000,-0.05,-0.41,1.73,2.04
2013-09-11,12.13,12.15,12.25,12.03,23897,29030000,0.09,0.75,1.82,2.68
2013-09-12,12.13,12.30,12.38,12.01,24310,29660000,0.15,1.23,3.05,2.73
2013-09-13,12.26,12.23,12.34,12.12,14052,17130000,-0.07,-0.57,1.79,1.58
2013-09-16,12.23,12.28,12.36,12.10,25073,30700000,0.05,0.41,2.13,2.81
2013-09-17,12.30,11.77,12.32,11.70,22177,26670000,-0.51,-4.15,5.05,2.49
2013-09-18,11.73,11.82,11.89,11.73,12839,15150000,0.05,0.42,1.36,1.44
2013-09-23,11.83,12.06,12.09,11.76,12880,15410000,0.24,2.03,2.79,1.44
2013-09-24,12.10,12.16,12.28,12.00,17519,21280000,0.10,0.83,2.32,1.97
2013-09-25,12.17,12.13,12.32,12.11,25018,30540000,-0.03,-0.25,1.73,2.81
2013-09-26,12.10,12.48,12.48,12.07,34378,42280000,0.35,2.89,3.38,3.86
2013-09-27,12.40,12.57,12.78,12.33,49191,62110000,0.09,0.72,3.61,5.52
2013-09-30,12.56,12.68,12.78,12.43,33155,41720000,0.11,0.88,2.78,3.72
2013-10-08,12.63,12.86,13.03,12.51,32665,41980000,0.18,1.42,4.10,3.66
2013-10-09,12.82,12.93,13.00,12.73,23350,29980000,0.07,0.54,2.10,2.62
2013-10-10,12.97,12.57,12.97,12.56,28109,35680000,-0.36,-2.78,3.17,3.15
2013-10-11,12.62,12.75,12.80,12.57,24370,30920000,0.18,1.43,1.83,2.73
2013-10-14,12.78,12.86,12.96,12.70,30235,38820000,0.11,0.86,2.04,3.39
2013-10-15,12.93,13.11,13.30,12.93,63006,82870000,0.25,1.94,2.88,7.07
2013-10-16,13.07,12.64,13.07,12.60,31516,40160000,-0.47,-3.59,3.59,3.54
2013-10-17,12.68,12.63,12.90,12.56,21517,27400000,-0.01,-0.08,2.69,2.41
2013-10-18,12.63,12.77,12.83,12.61,16077,20470000,0.14,1.11,1.74,1.80
2013-10-21,12.79,13.10,13.26,12.73,39484,51610000,0.33,2.58,4.15,4.43
2013-10-22,13.08,13.13,13.27,13.02,37650,49510000,0.03,0.23,1.91,4.22
2013-10-23,13.13,12.64,13.23,12.55,35786,45930000,-0.49,-3.73,5.18,4.01
2013-10-24,12.66,13.38,13.50,12.64,56920,74760000,0.74,5.85,6.80,6.39
2013-10-25,13.32,13.25,13.48,12.97,46954,61840000,-0.13,-0.97,3.81,5.27
2013-10-28,13.26,13.69,13.83,13.25,71959,98060000,0.44,3.32,4.38,8.07
2013-10-29,13.48,13.10,13.55,12.67,55946,73370000,-0.59,-4.31,6.43,6.28
2013-10-30,13.01,13.66,13.67,12.70,43992,58300000,0.56,4.27,7.40,4.94
2013-10-31,13.53,13.28,14.20,13.22,79992,110660000,-0.38,-2.78,7.17,8.97
2013-11-01,13.01,12.89,13.10,12.60,41741,53560000,-0.39,-2.94,3.77,4.68
2013-11-04,12.87,12.99,13.16,12.77,19374,25150000,0.10,0.78,3.03,2.17
2013-11-05,12.90,12.76,12.90,12.44,36493,46020000,-0.23,-1.77,3.54,4.09
2013-11-06,12.70,12.78,12.93,12.61,24137,30860000,0.02,0.16,2.51,2.71
2013-11-07,12.75,12.80,12.92,12.65,18910,24210000,0.02,0.16,2.11,2.12
2013-11-08,12.75,12.38,12.80,12.20,28175,34940000,-0.42,-3.28,4.69,3.16
2013-11-11,12.13,12.60,12.64,12.13,15252,18900000,0.22,1.78,4.12,1.71
2013-11-12,12.58,13.05,13.09,12.51,29201,37640000,0.45,3.57,4.60,3.28
2013-11-13,13.00,12.62,13.08,12.60,17610,22570000,-0.43,-3.30,3.68,1.98
2013-11-14,12.51,13.48,13.88,12.51,60979,81920000,0.86,6.81,10.86,6.84
2013-11-15,13.56,13.60,13.99,13.44,58901,80660000,0.12,0.89,4.08,6.61
2013-11-18,13.64,13.84,14.18,13.60,65818,91760000,0.24,1.76,4.26,7.38
2013-11-19,13.89,14.53,14.97,13.59,89810,128280000,0.69,4.99,9.97,10.08
2013-11-20,14.30,14.63,14.73,14.23,60708,87590000,0.10,0.69,3.44,6.81
2013-11-21,14.50,14.25,14.67,14.18,41274,59340000,-0.38,-2.60,3.35,4.63
2013-11-22,14.25,14.19,14.25,13.90,43045,60490000,-0.06,-0.42,2.46,4.83
2013-11-25,14.11,14.15,14.37,13.80,43481,61040000,-0.04,-0.28,4.02,4.88
2013-11-26,14.11,14.19,14.32,13.92,33886,47850000,0.04,0.28,2.83,3.80
2013-11-27,14.13,14.42,14.64,14.10,47477,68510000,0.23,1.62,3.81,5.33
2013-11-28,14.41,14.53,14.65,14.31,37032,53630000,0.11,0.76,2.36,4.15
2013-11-29,14.59,15.03,15.20,14.34,71776,106150000,0.50,3.44,5.92,8.05
2013-12-02,14.48,13.61,14.59,13.53,71579,100430000,-1.42,-9.45,7.05,8.03
2013-12-03,13.43,14.10,14.15,13.40,33955,47140000,0.49,3.60,5.51,3.81
2013-12-04,14.00,14.82,15.04,14.00,64908,94580000,0.72,5.11,7.38,7.28
2013-12-05,14.79,15.35,15.99,14.71,93464,144510000,0.53,3.58,8.64,10.48
2013-12-06,15.30,15.27,15.60,15.10,47387,72500000,-0.08,-0.52,3.26,5.32
2013-12-09,15.26,15.73,15.79,15.12,59653,92070000,0.46,3.01,4.39,6.69
2013-12-10,15.73,15.95,16.20,15.62,73189,116770000,0.22,1.40,3.69,8.21
2013-12-11,15.80,15.53,15.93,15.31,50193,78530000,-0.42,-2.63,3.89,5.63
2013-12-12,15.47,15.29,15.73,15.27,32282,50010000,-0.24,-1.55,2.96,3.62
2013-12-13,15.31,16.82,16.82,15.21,79792,129010000,1.53,10.01,10.53,8.95
2013-12-16,16.85,16.30,16.88,16.06,75812,124280000,-0.52,-3.09,4.88,8.50
2013-12-17,15.90,15.32,15.94,14.92,75789,116280000,-0.98,-6.01,6.26,8.50
2013-12-18,15.30,15.38,15.56,15.02,35568,54460000,0.06,0.39,3.52,3.99
2013-12-19,15.42,14.82,15.45,14.70,48597,72890000,-0.56,-3.64,4.88,5.45
2013-12-20,14.86,14.77,15.15,14.66,29178,43450000,-0.05,-0.34,3.31,3.27
2013-12-23,14.86,15.35,15.59,14.72,50391,77200000,0.58,3.93,5.89,5.65
2013-12-24,15.40,15.40,15.48,14.78,47265,71920000,0.05,0.33,4.56,5.30
2013-12-25,15.29,15.81,15.82,15.15,37905,59240000,0.41,2.66,4.35,4.25
2013-12-26,15.81,15.10,15.90,15.03,40765,62990000,-0.71,-4.49,5.50,4.57
2013-12-27,14.85,15.08,15.35,14.85,30614,46280000,-0.02,-0.13,3.31,3.43
2013-12-30,15.10,15.13,15.55,14.93,26028,39630000,0.05,0.33,4.11,2.92
2013-12-31,15.10,15.70,15.76,15.10,40627,63170000,0.57,3.77,4.36,4.56
2014-01-02,15.60,15.79,16.08,15.60,45051,71540000,0.09,0.57,3.06,5.05
2014-01-03,15.55,15.94,15.97,15.38,34891,54580000,0.15,0.95,3.74,3.91
2014-01-06,15.88,16.22,16.40,15.55,77089,124050000,0.28,1.76,5.33,8.65
2014-01-07,16.02,16.34,16.46,15.70,61875,100000000,0.12,0.74,4.69,6.94
2014-01-08,16.30,16.13,16.47,16.02,41904,68110000,-0.21,-1.29,2.75,4.70
2014-01-09,15.95,15.98,16.60,15.90,48942,79650000,-0.15,-0.93,4.34,5.49
2014-01-17,15.02,14.80,15.68,14.50,54506,81430000,-1.18,-7.38,7.38,6.11
2014-01-20,14.75,14.80,15.06,14.66,28600,42490000,0.00,0.00,2.70,3.21
2014-01-21,14.89,15.04,15.16,14.82,23112,34620000,0.24,1.62,2.30,2.59
2014-01-22,14.99,15.15,15.19,14.79,29951,44980000,0.11,0.73,2.66,3.36
2014-01-23,15.10,15.17,15.21,14.87,34207,51490000,0.02,0.13,2.24,3.84
2014-01-24,15.10,15.35,15.45,14.95,27858,42590000,0.18,1.19,3.30,3.13
2014-01-27,15.23,15.47,15.77,15.21,30489,47130000,0.12,0.78,3.65,3.42
2014-01-28,15.52,15.74,15.82,15.47,26300,41160000,0.27,1.75,2.26,2.95
2014-01-29,15.67,15.70,15.83,15.50,25643,40160000,-0.04,-0.25,2.10,2.88
2014-01-30,15.69,15.57,15.77,15.51,12927,20220000,-0.13,-0.83,1.66,1.45
2014-02-07,15.41,16.01,16.01,15.39,22745,35990000,0.44,2.83,3.98,2.55
2014-02-10,16.08,16.69,16.79,16.05,47142,77570000,0.68,4.25,4.62,5.29
2014-02-11,16.60,16.72,16.95,16.23,35014,57990000,0.03,0.18,4.31,3.93
2014-02-12,16.94,16.72,17.13,16.41,48904,81730000,0.00,0.00,4.31,5.49
2014-02-13,16.88,16.15,16.88,16.15,28555,47310000,-0.57,-3.41,4.37,3.20
2014-02-14,16.18,17.30,17.37,16.18,57589,97470000,1.15,7.12,7.37,6.46
2014-02-17,17.37,17.29,17.90,17.18,54971,96180000,-0.01,-0.06,4.16,6.17
2014-02-18,17.25,17.82,17.82,16.96,48617,84420000,0.53,3.07,4.97,5.45
2014-02-19,17.72,17.42,17.76,17.21,47128,82370000,-0.40,-2.24,3.09,5.29
2014-02-20,17.48,17.08,17.60,16.88,29294,50470000,-0.34,-1.95,4.13,3.29
2014-02-21,17.08,16.82,17.38,16.60,26777,45240000,-0.26,-1.52,4.57,3.00
2014-02-24,16.86,17.65,17.65,16.62,48279,83170000,0.83,4.93,6.12,5.42
2014-02-25,17.60,16.30,17.82,16.00,50039,85670000,-1.35,-7.65,10.31,5.61
2014-02-26,16.31,16.23,16.73,15.73,39963,65060000,-0.07,-0.43,6.14,4.48
2014-02-27,16.32,15.81,16.71,15.73,33546,54370000,-0.42,-2.59,6.04,3.76
2014-02-28,15.82,15.65,16.08,15.06,26743,41480000,-0.16,-1.01,6.45,3.00
2014-03-03,15.60,16.21,16.23,15.58,22724,36230000,0.56,3.58,4.15,2.55
2014-03-04,16.15,16.34,16.38,15.84,27486,44160000,0.13,0.80,3.33,3.08
2014-03-05,16.34,16.00,16.35,16.00,16600,26890000,-0.34,-2.08,2.14,1.86
2014-03-06,16.04,15.91,16.16,15.62,18962,30030000,-0.09,-0.56,3.38,2.13
2014-03-07,15.95,15.99,16.19,15.87,15076,24180000,0.08,0.50,2.01,1.69
2014-03-10,15.96,14.80,15.96,14.80,33037,50170000,-1.19,-7.44,7.25,3.71
2014-03-11,14.89,14.61,14.95,14.47,24311,35640000,-0.19,-1.28,3.24,2.73
2014-03-12,14.61,14.61,14.76,14.16,14597,21180000,0.00,0.00,4.11,1.64
2014-03-13,14.74,14.88,14.91,14.60,12131,17950000,0.27,1.85,2.12,1.36
2014-03-14,14.85,14.90,14.98,14.62,7611,11260000,0.02,0.13,2.42,0.85
2014-03-17,15.00,15.22,15.32,14.82,12948,19610000,0.32,2.15,3.36,1.45
2014-03-18,15.20,15.29,15.50,15.15,10881,16710000,0.07,0.46,2.30,1.22
2014-03-19,15.32,15.13,15.32,14.90,12034,18170000,-0.16,-1.05,2.75,1.35
2014-03-20,15.08,14.62,15.36,14.62,13572,20260000,-0.51,-3.37,4.89,1.52
2014-03-21,14.62,15.08,15.11,14.55,12681,18780000,0.46,3.15,3.83,1.42
2014-03-24,15.09,15.14,15.18,14.80,12474,18730000,0.06,0.40,2.52,1.40
2014-03-25,15.14,15.14,15.24,15.03,9459,14310000,0.00,0.00,1.39,1.06
2014-03-26,15.15,15.20,15.49,15.14,11826,18070000,0.06,0.40,2.31,1.33
2014-03-27,15.15,14.90,15.31,14.71,16610,24680000,-0.30,-1.97,3.95,1.86
2014-03-28,14.73,13.78,14.74,13.70,25320,35870000,-1.12,-7.52,6.98,2.84
2014-03-31,13.81,13.81,13.95,13.61,9405,12950000,0.03,0.22,2.47,1.06
2014-04-01,13.81,14.09,14.10,13.76,8475,11860000,0.28,2.03,2.46,0.95
2014-04-02,14.09,14.05,14.15,14.00,8624,12140000,-0.04,-0.28,1.06,0.97
2014-04-03,14.16,13.89,14.16,13.80,7831,10950000,-0.16,-1.14,2.56,0.88
2014-04-04,13.81,14.14,14.23,13.81,7039,9930000,0.25,1.80,3.02,0.79
2014-04-08,14.15,14.24,14.29,14.01,12121,17220000,0.10,0.71,1.98,1.36
2014-04-09,14.25,14.45,14.48,14.20,10021,14400000,0.21,1.47,1.97,1.12
2014-04-10,14.65,15.05,15.46,14.65,36498,55210000,0.60,4.15,5.61,4.09
2014-04-11,14.92,15.01,15.37,14.85,21023,31860000,-0.04,-0.27,3.46,2.36
2014-04-14,15.03,15.12,15.22,14.95,12090,18220000,0.11,0.73,1.80,1.36
2014-04-15,15.12,15.19,15.40,15.05,13766,20960000,0.07,0.46,2.31,1.54
2014-04-16,15.19,15.09,15.27,14.96,13542,20470000,-0.10,-0.66,2.04,1.52
2014-04-17,15.09,15.15,15.25,15.02,12077,18300000,0.06,0.40,1.52,1.35
2014-04-18,15.09,15.39,15.47,15.06,18962,29050000,0.24,1.58,2.71,2.13
2014-04-21,15.29,15.35,15.47,15.15,19728,30200000,-0.04,-0.26,2.08,2.21
2014-04-22,15.30,15.09,15.30,14.85,15450,23320000,-0.26,-1.69,2.93,1.73
2014-04-23,15.00,14.90,15.14,14.82,7706,11530000,-0.19,-1.26,2.12,0.86
2014-04-24,14.88,14.91,15.04,14.77,8629,12850000,0.01,0.07,1.81,0.97
2014-04-25,14.60,13.62,14.66,13.42,38242,53550000,-1.29,-8.65,8.32,4.29
2014-04-28,13.50,13.00,13.58,12.90,18071,23640000,-0.62,-4.55,4.99,2.03
2014-04-29,13.12,13.32,13.32,12.95,9762,12890000,0.32,2.46,2.85,1.10
2014-04-30,13.32,13.44,13.52,13.30,8215,11030000,0.12,0.90,1.65,0.92
2014-05-05,13.49,13.58,13.58,13.35,14732,19810000,0.14,1.04,1.71,1.65
2014-05-06,13.58,13.68,13.76,13.45,15823,21490000,0.10,0.74,2.28,1.78
2014-05-07,13.56,13.41,13.68,13.38,13323,17980000,-0.27,-1.97,2.19,1.49
2014-05-08,13.33,13.40,13.60,13.22,8023,10780000,-0.01,-0.07,2.83,0.90
2014-05-09,13.30,13.38,13.48,13.07,9717,12880000,-0.02,-0.15,3.06,1.09
2014-05-12,13.48,13.83,13.83,13.40,13271,18080000,0.45,3.36,3.21,1.49
2014-05-13,13.76,13.84,14.05,13.75,12401,17200000,0.01,0.07,2.17,1.39
2014-05-14,13.80,13.85,13.92,13.71,6533,9020000,0.01,0.07,1.52,0.73
2014-05-15,13.91,13.93,14.41,13.90,18417,26050000,0.08,0.58,3.68,2.07
2014-05-16,13.90,14.14,14.15,13.70,10752,14980000,0.21,1.51,3.23,1.21
2014-05-19,14.13,14.30,14.47,13.89,10426,14760000,0.16,1.13,4.10,1.17
2014-05-20,14.34,14.52,14.59,14.23,11921,17180000,0.22,1.54,2.52,1.34
2014-05-21,14.51,14.43,14.58,14.30,13152,19000000,-0.09,-0.62,1.93,1.48
2014-05-22,9.50,9.34,9.57,9.30,20925,19640000,-0.15,-1.58,2.85,1.56
2014-05-23,9.33,9.36,9.36,9.16,19804,18310000,0.02,0.21,2.14,1.48
2014-05-26,9.30,9.73,9.78,9.30,26236,25040000,0.37,3.95,5.13,1.96
2014-05-27,9.75,9.66,9.78,9.58,15693,15210000,-0.07,-0.72,2.06,1.17
2014-05-28,9.60,9.78,9.79,9.60,16903,16410000,0.12,1.24,1.97,1.26
2014-05-29,9.82,9.65,9.93,9.55,20500,19980000,-0.13,-1.33,3.89,1.53
2014-05-30,9.65,9.67,9.73,9.50,12127,11660000,0.02,0.21,2.38,0.91
2014-06-03,9.67,9.70,9.85,9.65,14307,13940000,0.03,0.31,2.07,1.07
2014-06-04,9.68,9.58,9.72,9.54,10806,10360000,-0.12,-1.24,1.86,0.81
2014-06-05,9.58,9.79,9.85,9.55,13139,12770000,0.21,2.19,3.13,0.98
2014-06-06,9.75,9.83,9.99,9.70,19123,18820000,0.04,0.41,2.96,1.43
2014-06-09,9.81,9.93,10.08,9.71,17009,16930000,0.10,1.02,3.76,1.27
2014-06-10,9.91,9.99,10.02,9.77,15442,15330000,0.06,0.60,2.52,1.15
2014-06-11,9.99,10.09,10.10,9.90,19632,19630000,0.10,1.00,2.00,1.47
2014-06-12,10.11,10.15,10.17,10.03,19241,19420000,0.06,0.59,1.39,1.44
2014-06-13,10.09,10.15,10.17,10.00,19518,19730000,0.00,0.00,1.67,1.46
2014-06-16,10.07,10.10,10.16,9.95,22107,22210000,-0.05,-0.49,2.07,1.65
2014-06-17,10.03,9.96,10.07,9.95,11283,11280000,-0.14,-1.39,1.19,0.84
2014-06-18,9.88,9.94,10.07,9.88,19685,19620000,-0.02,-0.20,1.91,1.47
2014-06-19,9.98,9.45,9.98,9.36,18930,18320000,-0.49,-4.93,6.24,1.42
2014-06-20,9.31,9.47,9.50,9.29,14631,13750000,0.02,0.21,2.22,1.09
2014-06-23,9.47,9.58,9.74,9.45,14613,14080000,0.11,1.16,3.06,1.09
2014-06-24,9.65,9.81,9.82,9.56,16568,16060000,0.23,2.40,2.71,1.24
2014-06-25,9.80,9.94,10.01,9.67,16566,16280000,0.13,1.33,3.47,1.24
2014-06-26,9.98,10.11,10.16,9.90,29800,30080000,0.17,1.71,2.62,2.23
2014-06-27,10.12,10.30,10.43,10.03,37341,38100000,0.19,1.88,3.96,2.79
2014-06-30,10.31,10.30,10.46,10.23,33757,34930000,0.00,0.00,2.23,2.52
2014-07-01,10.36,10.30,10.40,10.22,21764,22350000,0.00,0.00,1.75,1.63
2014-07-02,10.33,10.68,10.68,10.28,45477,47930000,0.38,3.69,3.88,3.40
2014-07-03,10.69,10.67,10.96,10.52,62467,67030000,-0.01,-0.09,4.12,4.67
2014-07-04,10.58,10.83,10.85,10.46,37829,40270000,0.16,1.50,3.66,2.83
2014-07-07,10.78,10.78,10.90,10.66,26645,28620000,-0.05,-0.46,2.22,1.99
2014-07-08,10.79,10.70,10.84,10.53,21687,23080000,-0.08,-0.74,2.88,1.62
2014-07-09,10.65,10.69,10.87,10.55,34878,37500000,-0.01,-0.09,2.99,2.61
2014-07-10,10.65,10.85,10.85,10.60,22802,24510000,0.16,1.50,2.34,1.71
2014-07-11,10.81,10.85,10.92,10.78,20858,22610000,0.00,0.00,1.29,1.56
2014-07-14,10.85,11.10,11.17,10.80,25677,28320000,0.25,2.30,3.41,1.92
2014-07-15,11.03,11.17,11.55,10.94,60909,68580000,0.07,0.63,5.50,4.56
2014-07-16,11.17,11.15,11.26,10.88,27250,30230000,-0.02,-0.18,3.40,2.04
2014-07-17,11.05,11.18,11.22,10.95,18366,20380000,0.03,0.27,2.42,1.37
2014-07-18,11.18,11.12,11.27,11.04,17856,19940000,-0.06,-0.54,2.06,1.34
2014-07-21,11.11,10.85,11.11,10.70,25641,27760000,-0.27,-2.43,3.69,1.92
2014-07-22,10.83,10.85,10.95,10.77,12884,13990000,0.00,0.00,1.66,0.96
2014-07-23,10.85,10.45,10.87,10.43,35221,37240000,-0.40,-3.69,4.06,2.63
2014-07-24,10.45,10.25,10.64,10.20,23291,24180000,-0.20,-1.91,4.21,1.74
2014-07-25,10.25,10.25,10.53,10.17,23224,24000000,0.00,0.00,3.51,1.74
2014-07-28,10.35,10.64,10.70,10.29,30005,31540000,0.39,3.80,4.00,2.24
2014-07-29,11.20,11.70,11.70,11.20,114457,132590000,1.06,9.96,4.70,8.56
2014-07-30,12.22,12.86,12.87,12.01,316195,399830000,1.16,9.91,7.35,23.65
2014-07-31,12.40,12.57,12.76,12.31,175992,220030000,-0.29,-2.26,3.50,13.16
2014-08-01,12.42,12.50,13.13,12.20,180019,227590000,-0.07,-0.56,7.40,13.46
2014-08-04,12.57,12.72,12.81,12.37,100926,127260000,0.22,1.76,3.52,7.55
2014-08-05,12.60,12.75,12.75,12.31,93781,117750000,0.03,0.24,3.46,7.01
2014-08-06,12.80,12.58,12.99,12.51,91829,116280000,-0.17,-1.33,3.76,6.87
2014-08-07,12.44,12.62,12.80,12.38,74400,93460000,0.04,0.32,3.34,5.56
2014-08-08,12.60,13.51,13.88,12.56,185820,245490000,0.89,7.05,10.46,13.90
2014-08-11,13.55,13.71,13.98,13.28,141264,192790000,0.20,1.48,5.18,10.56
2014-08-12,13.59,13.46,13.68,13.35,71832,96910000,-0.25,-1.82,2.41,5.37
2014-08-13,13.50,13.75,13.80,13.38,75313,102430000,0.29,2.15,3.12,5.63
2014-08-14,13.70,13.58,14.25,13.58,102240,142140000,-0.17,-1.24,4.87,7.65
2014-08-15,13.40,13.20,13.59,13.18,97069,129000000,-0.38,-2.80,3.02,7.26
2014-08-18,13.25,13.34,13.39,13.20,40587,53970000,0.14,1.06,1.44,3.04
2014-08-19,13.31,13.23,13.45,12.94,59296,77960000,-0.11,-0.82,3.82,4.43
2014-08-20,13.23,13.27,13.36,13.08,30473,40370000,0.04,0.30,2.12,2.28
2014-08-21,13.27,13.47,13.56,13.27,39507,53020000,0.20,1.51,2.19,2.95
2014-08-22,13.50,13.49,13.60,13.35,26647,35850000,0.02,0.15,1.86,1.99
2014-08-25,13.50,13.59,14.06,13.50,54957,75720000,0.10,0.74,4.15,4.11
2014-08-26,13.68,13.26,13.74,12.85,42950,57200000,-0.33,-2.43,6.55,3.21
2014-08-27,13.37,13.27,13.37,12.95,25332,33350000,0.01,0.08,3.17,1.89
2014-08-28,13.25,13.02,13.27,12.91,25244,32990000,-0.25,-1.88,2.71,1.89
2014-08-29,13.06,13.16,13.22,13.00,14149,18570000,0.14,1.08,1.69,1.06
2014-09-01,13.10,13.77,13.86,13.10,49567,67560000,0.61,4.64,5.78,3.71
2014-09-02,13.87,13.93,14.10,13.66,49155,68210000,0.16,1.16,3.20,3.68
2014-09-03,13.93,13.94,14.16,13.73,37042,51690000,0.01,0.07,3.09,2.77
2014-09-04,13.95,14.26,14.48,13.94,63361,90620000,0.32,2.30,3.87,4.74
2014-09-05,14.22,14.24,14.25,14.00,32479,45920000,-0.02,-0.14,1.75,2.43
2014-09-09,14.24,13.98,14.35,13.89,31828,44550000,-0.26,-1.83,3.23,2.38
2014-09-10,13.90,14.11,14.25,13.80,22636,31800000,0.13,0.93,3.22,1.69
2014-09-11,14.12,14.13,14.36,13.91,39298,55660000,0.02,0.14,3.19,2.94
2014-09-12,14.46,14.21,14.46,14.09,31275,44490000,0.08,0.57,2.62,2.34
2014-09-15,14.21,14.30,14.38,14.07,32165,45760000,0.09,0.63,2.18,2.41
2014-09-16,14.37,13.76,14.37,13.61,51219,71420000,-0.54,-3.78,5.31,3.83
2014-09-17,13.84,13.57,13.86,13.27,38064,51440000,-0.19,-1.38,4.29,2.85
2014-09-18,13.49,13.93,13.95,13.41,32826,45280000,0.36,2.65,3.98,2.46
2014-09-19,13.95,14.18,14.24,13.90,38972,54960000,0.25,1.79,2.44,2.91
2014-09-22,14.14,14.10,14.14,13.81,24164,33780000,-0.08,-0.56,2.33,1.81
2014-09-23,14.01,14.02,14.15,13.80,23684,33150000,-0.08,-0.57,2.48,1.77
2014-09-24,13.94,14.95,15.41,13.83,121358,177350000,0.93,6.63,11.27,9.08
2014-09-25,15.19,14.75,15.24,14.58,103766,155140000,-0.20,-1.34,4.41,7.76
2014-09-26,14.70,14.54,14.80,14.30,56106,81370000,-0.21,-1.42,3.39,4.20
2014-09-29,14.55,14.55,14.75,14.32,55976,81250000,0.01,0.07,2.96,4.19
2014-09-30,14.70,14.79,14.95,14.55,45625,67320000,0.24,1.65,2.75,3.41
2014-10-08,14.78,14.85,14.98,14.69,47346,70260000,0.06,0.41,1.96,3.54
2014-10-09,14.85,14.73,14.95,14.52,47559,70100000,-0.12,-0.81,2.90,3.56
2014-10-10,14.69,14.75,14.89,14.57,31709,46590000,0.02,0.14,2.17,2.37
2014-10-13,14.75,14.95,15.00,14.70,50243,74760000,0.20,1.36,2.03,3.76
2014-10-14,14.98,15.28,15.70,14.90,75042,114900000,0.33,2.21,5.35,5.61
2014-10-15,15.29,15.62,15.75,15.05,91842,142320000,0.34,2.23,4.58,6.87
2014-10-16,15.61,15.15,15.99,15.14,79053,123800000,-0.47,-3.01,5.44,5.91
2014-10-17,15.30,14.76,15.30,14.25,65716,96800000,-0.39,-2.57,6.93,4.91
2014-10-20,14.73,15.03,15.19,14.70,30303,45360000,0.27,1.83,3.32,2.27
2014-10-21,15.07,14.78,15.07,14.50,26531,39140000,-0.25,-1.66,3.79,1.98
2014-10-22,14.77,14.43,14.79,14.36,25345,36950000,-0.35,-2.37,2.91,1.90
2014-10-23,14.44,13.99,14.55,13.77,41354,58060000,-0.44,-3.05,5.41,3.09
2014-10-24,13.95,14.18,14.19,13.89,21239,29800000,0.19,1.36,2.14,1.59
2014-10-27,14.04,14.44,14.49,14.04,20697,29340000,0.26,1.83,3.17,1.55
2014-10-28,14.44,14.65,14.67,14.40,21485,31300000,0.21,1.45,1.87,1.61
2014-10-29,14.69,14.73,14.79,14.51,40592,59370000,0.08,0.55,1.91,3.04
2014-10-30,14.69,14.75,14.90,14.53,40524,59670000,0.02,0.14,2.51,3.03
2014-10-31,14.81,14.52,14.83,14.40,37770,55020000,-0.23,-1.56,2.92,2.82
2014-11-03,14.52,14.40,14.59,14.30,35052,50620000,-0.12,-0.83,2.00,2.62
2014-11-04,14.40,14.41,14.54,14.18,26505,38110000,0.01,0.07,2.50,1.98
2014-11-05,14.30,14.43,14.48,14.30,17660,25410000,0.02,0.14,1.25,1.32
2014-11-06,14.44,14.64,14.67,14.34,20645,29920000,0.21,1.46,2.29,1.54
2014-11-07,14.64,14.35,14.77,14.26,31774,46190000,-0.29,-1.98,3.48,2.38
2014-11-10,14.36,14.31,14.45,14.18,17607,25140000,-0.04,-0.28,1.88,1.32
2014-11-11,14.27,13.45,14.28,13.13,50742,69630000,-0.86,-6.01,8.04,3.79
2014-11-12,13.26,13.50,13.52,13.01,20950,27940000,0.05,0.37,3.79,1.57
2014-11-13,13.50,13.00,13.50,12.88,43283,56510000,-0.50,-3.70,4.59,3.24
2014-11-14,12.98,12.86,13.18,12.73,24524,31610000,-0.14,-1.08,3.46,1.83
2014-11-17,12.86,13.26,13.37,12.80,24476,32310000,0.40,3.11,4.43,1.83
2014-11-18,13.26,13.36,13.42,13.26,16062,21430000,0.10,0.75,1.21,1.20
2014-11-19,13.33,13.46,13.47,13.30,16418,21990000,0.10,0.75,1.27,1.23
2014-11-20,13.41,13.18,13.41,13.12,21093,27910000,-0.28,-2.08,2.15,1.58
2014-11-21,13.19,13.20,13.35,13.19,20293,26910000,0.02,0.15,1.21,1.52
2014-11-24,13.23,13.44,13.45,13.06,33604,44550000,0.24,1.82,2.95,2.51
2014-11-25,13.44,13.65,13.73,13.34,25579,34760000,0.21,1.56,2.90,1.91
2014-11-26,13.68,13.88,13.99,13.47,43881,59860000,0.23,1.69,3.81,3.28
2014-11-27,13.90,14.08,14.16,13.77,38887,54690000,0.20,1.44,2.81,2.91
2014-11-28,14.00,14.05,14.25,13.90,37129,52180000,-0.03,-0.21,2.49,2.78
2014-12-01,14.06,13.81,14.10,13.72,36770,51110000,-0.24,-1.71,2.70,2.75
2014-12-08,13.90,13.53,13.90,13.01,41720,56250000,-0.28,-2.03,6.44,3.12
2014-12-09,13.07,12.52,13.50,12.51,52159,67920000,-1.01,-7.46,7.32,3.90
2014-12-10,12.42,13.09,13.42,12.42,42544,55590000,0.57,4.55,7.99,3.18
2014-12-11,13.10,13.37,13.42,13.09,23313,31030000,0.28,2.14,2.52,1.74
2014-12-12,13.35,13.18,13.61,13.01,45398,60090000,-0.19,-1.42,4.49,3.40
2014-12-15,13.17,13.65,13.65,13.00,32660,43890000,0.47,3.57,4.93,2.44
2014-12-16,13.56,13.84,13.98,13.56,37267,51660000,0.19,1.39,3.08,2.79
2014-12-17,13.84,13.60,13.94,13.33,27365,37250000,-0.24,-1.73,4.41,2.05
2015-02-03,14.96,14.96,14.96,14.96,7271,10880000,1.36,10.00,0.00,0.54
2015-02-04,16.00,14.42,16.00,14.40,137264,208870000,-0.54,-3.61,10.70,10.27
2015-02-05,14.45,14.37,14.85,14.00,70202,101020000,-0.05,-0.35,5.89,5.25
2015-02-06,14.13,13.90,14.39,13.80,38055,53450000,-0.47,-3.27,4.11,2.85
2015-02-09,13.90,13.86,14.26,13.65,23227,32370000,-0.04,-0.29,4.39,1.74
2015-02-10,13.80,13.92,13.98,13.63,32387,44670000,0.06,0.43,2.53,2.42
2015-02-11,14.00,14.23,14.42,13.90,34114,48440000,0.31,2.23,3.74,2.55
2015-02-12,14.25,14.33,14.40,14.19,21604,30890000,0.10,0.70,1.48,1.62
2015-02-13,14.45,14.45,14.59,14.36,29354,42520000,0.12,0.84,1.61,2.20
2015-02-16,14.48,14.65,14.84,14.48,30309,44420000,0.20,1.38,2.49,2.27
2015-02-17,14.71,14.69,14.79,14.53,21976,32190000,0.04,0.27,1.77,1.64
2015-02-25,14.77,14.80,14.85,14.56,22035,32370000,0.11,0.75,1.97,1.65
2015-02-26,14.90,14.79,14.91,14.67,21329,31550000,-0.01,-0.07,1.62,1.60
2015-02-27,14.84,14.78,14.93,14.71,23898,35360000,-0.01,-0.07,1.49,1.79
2015-03-02,14.81,15.02,15.21,14.74,45162,67670000,0.24,1.62,3.18,3.38
2015-03-03,15.00,15.02,15.21,14.88,39545,59740000,0.00,0.00,2.20,2.96
2015-03-04,15.20,16.52,16.52,15.20,93209,149880000,1.50,9.99,8.79,6.97
2015-03-05,16.78,16.60,16.78,16.11,56597,93010000,0.08,0.48,4.06,4.23
2015-03-06,16.40,17.97,18.14,16.40,93165,163260000,1.37,8.25,10.48,6.97
2015-03-09,17.96,18.20,18.50,17.56,97316,175570000,0.23,1.28,5.23,7.28
2015-03-10,12.20,11.99,12.20,11.70,108667,130060000,-0.08,-0.66,4.14,5.42
2015-03-11,11.90,12.03,12.19,11.75,81178,97200000,0.04,0.33,3.67,4.05
2015-03-12,12.03,11.56,12.10,11.30,88044,103120000,-0.47,-3.91,6.65,4.39
2015-03-13,11.48,11.71,11.76,11.38,68874,79460000,0.15,1.30,3.29,3.43
2015-03-16,11.72,12.07,12.07,11.66,100513,120050000,0.36,3.07,3.50,5.01
2015-03-17,12.09,13.27,13.28,12.09,216025,277370000,1.20,9.94,9.86,10.77
2015-03-18,13.26,13.30,13.55,12.84,153742,203000000,0.03,0.23,5.35,7.67
2015-03-19,13.30,13.19,13.30,13.00,108950,143110000,-0.11,-0.83,2.26,5.43
2015-03-20,13.20,13.35,13.53,13.19,99701,133010000,0.16,1.21,2.58,4.97
2015-03-23,13.39,13.80,13.83,13.39,120707,164650000,0.45,3.37,3.30,6.02
2015-03-24,13.89,14.25,14.39,13.06,190166,261610000,0.45,3.26,9.64,9.48
2015-03-25,14.20,14.17,14.45,13.75,145806,206810000,-0.08,-0.56,4.91,7.27
2015-03-26,14.17,13.61,14.17,13.50,116720,161200000,-0.56,-3.95,4.73,5.82
2015-03-27,13.61,13.63,13.72,13.41,74000,100270000,0.02,0.15,2.28,3.69
2015-03-30,13.68,13.69,13.78,13.56,80798,110270000,0.06,0.44,1.61,4.03
2015-03-31,13.70,13.73,13.99,13.57,88689,122010000,0.04,0.29,3.07,4.42
2015-04-01,13.75,14.00,14.12,13.75,101164,141620000,0.27,1.97,2.69,5.04
2015-04-02,14.00,14.47,14.48,14.00,138006,197580000,0.47,3.36,3.43,6.88
2015-04-03,14.58,14.36,14.58,14.20,106990,153600000,-0.11,-0.76,2.63,5.33
2015-04-07,14.36,14.57,14.63,14.23,132342,191270000,0.21,1.46,2.79,6.60
2015-04-08,14.60,14.13,14.64,13.75,123394,175560000,-0.44,-3.02,6.11,6.15
2015-04-09,14.10,13.71,14.10,13.41,106256,145210000,-0.42,-2.97,4.88,5.30
2015-04-10,13.70,14.06,14.13,13.53,77790,108300000,0.35,2.55,4.38,3.88
2015-04-13,14.08,14.68,14.98,14.04,189160,275560000,0.62,4.41,6.69,9.43
2015-04-14,14.68,14.34,14.75,14.24,117519,169740000,-0.34,-2.32,3.47,5.86
2015-04-15,14.25,13.77,14.25,13.50,102178,142820000,-0.57,-3.97,5.23,5.09
2015-04-16,13.72,14.03,14.18,13.56,73842,103070000,0.26,1.89,4.50,3.68
2015-04-17,14.09,13.95,14.25,13.82,76531,107070000,-0.08,-0.57,3.06,3.82
2015-04-20,13.96,13.30,13.96,13.25,97485,132250000,-0.65,-4.66,5.09,4.86
2015-04-21,13.30,13.65,13.70,13.24,51791,70000000,0.35,2.63,3.46,2.58
2015-04-22,13.68,14.12,14.20,13.68,86358,121110000,0.47,3.44,3.81,4.31
2015-04-23,14.14,14.42,14.57,13.89,124341,176990000,0.30,2.12,4.82,6.20
2015-04-24,14.39,14.60,14.66,14.15,148417,214660000,0.18,1.25,3.54,7.40
2015-04-27,14.63,14.65,15.28,14.52,172205,256930000,0.05,0.34,5.21,8.59
2015-04-28,14.65,14.41,14.93,14.00,111702,161540000,-0.24,-1.64,6.35,5.57
2015-04-29,14.30,14.54,14.68,13.99,88991,128020000,0.13,0.90,4.79,4.44
2015-04-30,14.54,14.50,14.85,14.50,114022,167430000,-0.04,-0.28,2.41,5.69
2015-05-04,14.51,14.27,14.58,14.15,69018,98910000,-0.23,-1.59,2.97,3.44
2015-05-07,14.68,14.98,15.49,13.80,238727,355990000,0.71,4.98,11.84,11.90
2015-05-08,15.00,15.18,15.38,14.60,207978,312330000,0.20,1.34,5.21,10.37
2015-05-11,15.24,16.13,16.30,14.98,285598,448210000,0.95,6.26,8.70,14.24
2015-05-12,15.99,16.13,16.35,15.81,179292,288010000,0.00,0.00,3.35,8.94
2015-05-13,16.13,16.51,17.50,15.87,200163,335500000,0.38,2.36,10.11,9.98
2015-05-14,16.40,16.28,17.00,16.26,133608,220800000,-0.23,-1.39,4.48,6.66
2015-05-15,16.15,15.81,16.15,15.50,111845,176110000,-0.47,-2.89,3.99,5.58
2015-05-18,15.81,16.76,17.02,15.61,157097,259820000,0.95,6.01,8.92,7.83
2015-05-19,16.81,16.98,17.29,16.55,97331,164730000,0.22,1.31,4.42,4.85
2015-05-20,16.99,16.94,17.76,16.80,119322,205950000,-0.04,-0.24,5.65,5.95
2015-05-21,16.88,17.50,17.60,16.60,140027,242110000,0.56,3.31,5.90,6.98
2015-05-22,17.46,17.33,17.76,17.09,119176,206330000,-0.17,-0.97,3.83,5.94
2015-05-25,17.50,17.68,18.20,17.40,167488,298270000,0.35,2.02,4.62,8.35
2015-05-26,18.00,19.45,19.45,18.00,233183,442630000,1.77,10.01,8.20,11.63
2015-05-27,19.86,20.70,21.16,19.85,223707,457950000,1.25,6.43,6.74,11.15
2015-05-28,20.75,18.67,20.90,18.63,204508,405380000,-2.03,-9.81,10.97,10.20
2015-05-29,18.55,19.04,19.80,17.17,180085,335580000,0.37,1.98,14.09,8.98
2015-06-01,19.30,19.83,20.02,19.12,100751,199020000,0.79,4.15,4.73,5.02
2015-06-02,20.01,20.63,21.16,20.00,116792,240290000,0.80,4.03,5.85,5.82
2015-06-03,20.55,20.05,20.75,19.41,138647,278520000,-0.58,-2.81,6.50,6.91
2015-06-04,19.89,19.50,19.89,18.18,104520,200140000,-0.55,-2.74,8.53,5.21
2015-06-05,19.80,20.23,20.55,19.60,137283,275100000,0.73,3.74,4.87,6.84
2015-06-08,20.24,19.26,20.40,18.90,101185,196710000,-0.97,-4.79,7.41,5.04
2015-06-09,19.17,18.88,19.48,18.74,82934,157610000,-0.38,-1.97,3.84,4.14
2015-06-10,18.88,19.15,19.45,18.51,78348,150520000,0.27,1.43,4.98,3.91
2015-06-11,19.35,20.00,20.25,19.15,117011,230010000,0.85,4.44,5.74,5.83
2015-06-12,19.99,20.02,20.49,19.80,118971,239040000,0.02,0.10,3.45,5.93
2015-06-15,20.00,20.96,21.62,19.80,194470,403090000,0.94,4.70,9.09,9.70
2015-06-16,20.49,19.58,20.75,19.41,105200,210780000,-1.38,-6.58,6.39,5.25
2015-06-17,19.40,19.65,19.75,18.60,92477,176600000,0.07,0.36,5.87,4.61
2015-06-18,19.80,19.66,20.50,19.40,105888,211980000,0.01,0.05,5.60,5.28
2015-06-19,18.80,17.69,19.50,17.69,82021,149920000,-1.97,-10.02,9.21,4.09
2015-06-23,17.05,17.27,17.90,15.92,119573,199510000,-0.42,-2.37,11.19,5.96
2015-06-24,17.44,17.39,17.88,16.00,96613,167690000,0.12,0.69,10.89,4.82
2015-06-25,17.14,16.27,17.60,16.01,66922,112700000,-1.12,-6.44,9.14,3.34
2015-06-26,16.00,14.64,16.00,14.64,88842,133000000,-1.63,-10.02,8.36,4.43
2015-06-29,15.00,13.18,15.00,13.18,77033,105690000,-1.46,-9.97,12.43,3.84
2015-06-30,12.50,13.80,13.88,11.86,104535,134440000,0.62,4.70,15.33,5.21
2015-07-01,13.81,12.75,14.39,12.49,104937,145140000,-1.05,-7.61,13.77,5.23
2015-07-02,12.70,11.48,12.90,11.48,87595,104720000,-1.27,-9.96,11.14,4.37
2015-07-03,11.00,10.33,11.59,10.33,78056,83060000,-1.15,-10.02,10.98,3.89
2015-07-06,11.36,9.35,11.36,9.30,129632,132020000,-0.98,-9.49,19.94,6.46
2015-07-07,8.80,8.42,9.15,8.42,71993,62200000,-0.93,-9.95,7.81,3.59
2015-07-15,9.26,9.26,9.26,9.26,5010,4640000,0.84,9.98,0.00,0.25
2015-07-16,9.98,10.19,10.19,8.49,308153,306380000,0.93,10.04,18.36,15.36
2015-07-17,10.49,11.21,11.21,10.40,163738,178500000,1.02,10.01,7.95,8.16
2015-07-20,12.00,12.33,12.33,11.56,323205,390520000,1.12,9.99,6.87,16.11
2015-07-21,12.45,13.08,13.42,11.80,244595,314020000,0.75,6.08,13.14,12.20
2015-07-22,12.80,12.91,13.17,12.50,191104,245390000,-0.17,-1.30,5.12,9.53
2015-07-23,12.92,13.26,13.43,12.70,184190,240400000,0.35,2.71,5.65,9.18
2015-07-24,13.10,12.92,13.56,12.85,159971,212040000,-0.34,-2.56,5.35,7.98
2015-07-27,12.49,11.63,13.00,11.63,140773,173330000,-1.29,-9.98,10.60,7.02
2015-07-28,10.65,10.93,11.79,10.47,139372,151630000,-0.70,-6.02,11.35,6.95
2015-07-29,11.19,12.02,12.02,10.88,105663,119770000,1.09,9.97,10.43,5.27
2015-07-30,12.08,11.74,12.65,11.70,127882,157870000,-0.28,-2.33,7.90,6.38
2015-07-31,11.31,11.36,11.79,11.21,85420,98450000,-0.38,-3.24,4.94,4.26
2015-08-03,11.25,10.39,11.31,10.25,80711,86100000,-0.97,-8.54,9.33,4.02
2015-08-04,10.44,11.43,11.43,10.44,84737,93140000,1.04,10.01,9.53,4.22
2015-08-05,11.58,11.99,12.40,11.52,161881,195630000,0.56,4.90,7.70,8.07
2015-08-06,11.65,12.13,12.48,11.50,91400,110940000,0.14,1.17,8.17,4.56
2015-08-07,12.35,12.55,12.67,12.27,127052,158810000,0.42,3.46,3.30,6.33
2015-08-10,12.57,13.29,13.59,12.44,142088,185170000,0.74,5.90,9.16,3.51
2015-08-11,13.30,13.12,13.47,12.90,143817,190530000,-0.17,-1.28,4.29,3.55
2015-08-12,12.90,13.08,13.40,12.81,102421,135110000,-0.04,-0.30,4.50,2.53
2015-08-13,13.06,13.34,13.38,12.90,96465,127010000,0.26,1.99,3.67,2.38
2015-08-14,13.45,13.85,14.15,13.32,134667,185520000,0.51,3.82,6.22,3.33
2015-08-17,13.80,14.02,14.10,13.51,100101,138510000,0.17,1.23,4.26,2.47
2015-08-18,14.03,12.62,14.33,12.62,127912,171680000,-1.40,-9.99,12.20,3.16
2015-08-19,12.43,13.38,13.53,12.20,107092,137540000,0.76,6.02,10.54,2.64
2015-08-20,13.10,13.12,13.97,13.00,110476,148200000,-0.26,-1.94,7.25,2.73
2015-08-21,12.90,12.58,13.42,12.22,88906,114460000,-0.54,-4.12,9.15,2.20
2015-08-24,11.73,11.32,12.10,11.32,57233,65450000,-1.26,-10.02,6.20,1.41
2015-08-25,10.20,10.19,10.62,10.19,67285,69010000,-1.13,-9.98,3.80,1.66
2015-08-26,10.21,10.02,10.90,9.55,97756,100570000,-0.17,-1.67,13.25,2.41
2015-08-27,10.30,10.50,10.60,9.75,65675,67140000,0.48,4.79,8.48,1.62
2015-08-28,10.79,11.21,11.41,10.50,84308,91180000,0.71,6.76,8.67,2.08
2015-08-31,11.00,10.37,11.12,10.36,63512,67790000,-0.84,-7.49,6.78,1.57
2015-09-01,10.37,9.59,10.38,9.56,60538,59740000,-0.78,-7.52,7.91,1.49
2015-09-02,9.24,9.17,9.96,8.96,47930,45040000,-0.42,-4.38,10.43,1.18
2015-09-07,9.45,9.65,9.93,9.45,48891,47510000,0.48,5.23,5.23,1.21
2015-09-08,9.62,10.30,10.30,9.50,43253,42620000,0.65,6.74,8.29,1.07
2015-09-09,10.34,10.52,10.67,10.27,88231,92450000,0.22,2.14,3.88,2.18
2015-09-10,10.28,10.11,10.43,10.09,46906,48110000,-0.41,-3.90,3.23,1.16
2015-09-11,10.20,10.18,10.36,10.07,32873,33500000,0.07,0.69,2.87,0.81
2015-09-14,10.28,9.16,10.30,9.16,56523,54670000,-1.02,-10.02,11.20,1.40
2015-09-15,8.52,8.45,9.04,8.39,45029,39240000,-0.71,-7.75,7.10,1.11
2015-09-16,8.52,9.28,9.30,8.48,40061,35640000,0.83,9.82,9.70,0.99
2015-09-17,9.28,8.96,9.45,8.95,48543,44900000,-0.32,-3.45,5.39,1.20
2015-09-18,9.01,8.97,9.15,8.82,30863,27710000,0.01,0.11,3.68,0.76
2015-09-21,8.92,9.32,9.32,8.83,43222,39480000,0.35,3.90,5.46,1.07
2015-09-22,9.47,9.31,9.50,9.21,44186,41420000,-0.01,-0.11,3.11,1.09
2015-09-23,9.12,9.10,9.26,9.00,37057,33780000,-0.21,-2.26,2.79,0.92
2015-09-24,9.10,9.32,9.36,9.10,44614,41360000,0.22,2.42,2.86,1.10
2015-09-25,9.20,9.15,9.37,9.03,38052,34950000,-0.17,-1.82,3.65,0.94
2015-09-28,9.13,9.17,9.20,8.96,44803,40680000,0.02,0.22,2.62,1.11
2015-09-29,9.00,8.99,9.09,8.90,30689,27630000,-0.18,-1.96,2.07,0.76
2015-09-30,9.08,9.02,9.12,8.99,18335,16580000,0.03,0.33,1.45,0.45
2015-10-08,9.40,9.50,9.60,9.31,54064,51170000,0.48,5.32,3.22,1.33
2015-10-09,9.56,9.60,9.67,9.41,42474,40580000,0.10,1.05,2.74,1.05
2015-10-12,9.62,10.08,10.19,9.61,61264,61200000,0.48,5.00,6.04,1.51
2015-10-13,10.04,10.15,10.30,9.98,55875,56660000,0.07,0.69,3.17,1.38
2015-10-14,10.15,10.27,10.61,10.05,71320,73940000,0.12,1.18,5.52,1.76
2015-10-15,10.24,10.87,10.90,10.21,103254,110300000,0.60,5.84,6.72,2.55
2015-10-16,10.85,11.31,11.41,10.80,106418,118760000,0.44,4.05,5.61,2.63
2015-10-19,11.45,11.24,11.49,11.01,87594,98300000,-0.07,-0.62,4.24,2.16
2015-10-20,11.10,11.65,12.14,11.03,83137,95340000,0.41,3.65,9.88,2.05
2015-10-21,11.60,10.51,11.99,10.49,99627,111630000,-1.14,-9.79,12.88,2.46
2015-10-22,10.55,11.21,11.21,10.55,83472,91340000,0.70,6.66,6.28,2.06
2015-10-23,11.23,11.65,11.82,11.23,92347,107470000,0.44,3.93,5.26,2.28
2015-10-26,12.66,11.89,12.66,11.65,101486,121670000,0.24,2.06,8.67,2.51
2015-10-27,11.80,12.75,12.98,11.70,144173,178660000,0.86,7.23,10.77,3.56
2015-10-28,12.51,11.96,12.59,11.80,106163,129830000,-0.79,-6.20,6.20,2.62
2015-10-29,12.01,11.93,12.27,11.92,49054,59100000,-0.03,-0.25,2.93,1.21
2015-10-30,11.99,11.86,12.21,11.69,51389,61370000,-0.07,-0.59,4.36,1.27
2015-11-02,11.75,11.27,11.78,11.17,64486,74180000,-0.59,-4.97,5.14,1.59
2015-11-03,11.26,11.31,11.46,11.09,41885,47200000,0.04,0.35,3.28,1.03
2015-11-04,11.58,11.95,11.96,11.39,59839,70100000,0.64,5.66,5.04,1.48
2015-11-05,11.95,11.98,12.42,11.80,74685,90190000,0.03,0.25,5.19,1.84
2015-11-06,11.98,12.15,12.26,11.86,55668,67680000,0.17,1.42,3.34,1.37
2015-11-09,12.00,12.50,12.58,11.87,86356,105160000,0.35,2.88,5.84,2.13
2015-11-10,12.31,12.35,12.49,12.12,58910,72600000,-0.15,-1.20,2.96,1.45
2015-11-11,12.35,12.56,12.57,12.22,57727,71540000,0.21,1.70,2.83,1.43
2015-11-12,12.80,12.63,12.80,12.25,75931,94670000,0.07,0.56,4.38,1.87
2015-11-13,12.40,12.28,12.67,12.28,71472,88720000,-0.35,-2.77,3.09,1.76
2015-11-16,11.97,12.58,12.59,11.90,67516,83420000,0.30,2.44,5.62,1.67
2015-11-17,12.65,12.58,12.95,12.51,71454,90840000,0.00,0.00,3.50,1.76
2015-11-18,12.75,12.58,12.79,12.38,55133,69430000,0.00,0.00,3.26,1.36
2015-11-19,12.58,12.84,12.85,12.51,48284,61450000,0.26,2.07,2.70,1.19
2015-11-20,12.90,14.00,14.03,12.90,135943,183310000,1.16,9.03,8.80,3.36
2015-11-23,14.30,14.92,15.40,14.27,326481,494870000,0.92,6.57,8.07,8.06
2015-11-24,14.90,14.99,15.36,14.60,189531,282870000,0.07,0.47,5.09,4.68
2015-11-25,15.00,15.80,16.29,14.72,214186,333620000,0.81,5.40,10.47,5.29
2015-11-26,15.61,16.60,17.38,15.55,202712,340410000,0.80,5.06,11.58,5.01
2015-11-27,16.51,15.39,17.09,15.03,145893,232200000,-1.21,-7.29,12.41,3.60
2015-11-30,15.45,16.51,16.85,15.10,202148,327050000,1.12,7.28,11.37,4.99
2015-12-01,16.66,17.12,17.73,16.60,188345,325300000,0.61,3.69,6.84,4.65
2015-12-02,16.90,16.21,17.18,15.41,164607,265460000,-0.91,-5.32,10.34,4.06
2015-12-03,16.00,16.69,17.10,15.90,79428,132360000,0.48,2.96,7.40,1.96
2015-12-04,16.43,17.55,17.65,16.43,126481,218590000,0.86,5.15,7.31,3.12
2015-12-07,17.30,17.65,17.94,16.80,102168,178090000,0.10,0.57,6.50,2.52
2015-12-08,17.28,17.14,17.86,16.83,78734,136630000,-0.51,-2.89,5.84,1.94
2015-12-09,17.00,16.84,17.20,16.30,75475,125990000,-0.30,-1.75,5.25,1.86
2015-12-10,16.80,16.42,17.09,16.37,48005,80120000,-0.42,-2.49,4.28,1.19
2015-12-11,16.40,16.97,17.04,16.07,85363,141640000,0.55,3.35,5.91,2.11
2015-12-14,16.60,17.30,17.32,16.41,48346,82150000,0.33,1.94,5.36,1.19
2015-12-15,17.15,17.30,18.25,16.97,78111,137080000,0.00,0.00,7.40,1.93
2015-12-16,17.08,17.08,17.54,16.88,62572,107220000,-0.22,-1.27,3.82,1.55
2015-12-17,17.10,17.45,17.50,16.75,100444,172230000,0.37,2.17,4.39,2.48
2015-12-18,17.42,16.80,17.42,16.26,145030,243480000,-0.65,-3.72,6.65,3.58
2015-12-21,16.55,15.97,16.59,15.78,115161,185190000,-0.83,-4.94,4.82,2.84
2015-12-22,15.98,16.10,16.35,15.84,81816,131650000,0.13,0.81,3.19,2.02
2015-12-23,16.20,15.60,16.24,15.40,108280,169610000,-0.50,-3.11,5.22,2.67
2015-12-24,15.50,15.13,15.58,14.58,121398,181370000,-0.47,-3.01,6.41,3.00
2015-12-25,15.03,15.16,15.28,14.78,73328,110400000,0.03,0.20,3.30,1.81
2015-12-28,15.20,15.13,15.64,15.11,114870,176490000,-0.03,-0.20,3.50,2.84
2015-12-29,15.03,15.08,15.15,14.50,75339,111550000,-0.05,-0.33,4.30,1.86
2015-12-30,15.12,15.23,15.38,14.98,87499,132750000,0.15,0.99,2.65,2.16
2015-12-31,15.28,14.85,15.44,14.78,59124,89220000,-0.38,-2.50,4.33,1.46
2016-01-04,14.89,13.38,14.98,13.37,57427,81130000,-1.47,-9.90,10.84,1.42
2016-01-05,12.90,12.70,13.41,12.21,82303,106120000,-0.68,-5.08,8.97,2.03
2016-01-06,12.80,13.14,13.19,12.60,54372,70130000,0.44,3.46,4.65,1.34
2016-01-07,12.90,11.85,12.90,11.83,12710,15560000,-1.29,-9.82,8.14,0.31
2016-01-08,12.08,11.79,12.29,10.93,75450,88920000,-0.06,-0.51,11.48,1.86
2016-01-11,11.35,10.61,11.70,10.61,53907,60210000,-1.18,-10.01,9.25,1.33
2016-01-12,10.63,10.81,10.99,10.32,37517,40290000,0.20,1.89,6.31,0.93
2016-01-13,10.83,10.33,11.18,10.21,52015,56070000,-0.48,-4.44,8.97,1.28
2016-01-14,9.81,10.78,10.83,9.80,49344,51250000,0.45,4.36,9.97,1.22
2016-01-15,10.70,10.46,10.99,10.30,45118,48190000,-0.32,-2.97,6.40,1.11
2016-01-18,10.20,10.87,10.96,10.20,39069,41940000,0.41,3.92,7.27,0.96
2016-01-19,10.80,11.30,11.38,10.80,44856,49830000,0.43,3.96,5.34,1.11
2016-01-20,11.25,11.22,11.54,11.02,44926,50680000,-0.08,-0.71,4.60,1.11
2016-01-21,10.99,11.04,11.78,10.87,59473,67740000,-0.18,-1.60,8.11,1.47
2016-01-22,10.99,10.79,11.28,10.40,71762,77110000,-0.25,-2.26,7.97,1.77
2016-01-25,11.00,10.81,11.08,10.63,38774,42110000,0.02,0.19,4.17,0.96
2016-01-26,10.70,9.99,10.83,9.90,54351,56350000,-0.82,-7.59,8.60,1.34
2016-01-27,10.10,9.93,10.20,9.46,41475,40540000,-0.06,-0.60,7.41,1.02
2016-01-28,9.79,9.55,10.05,9.43,34845,34090000,-0.38,-3.83,6.24,0.86
2016-01-29,9.45,9.92,10.01,9.45,37399,36640000,0.37,3.87,5.86,0.92
2016-02-01,9.95,9.80,10.00,9.65,27295,26800000,-0.12,-1.21,3.53,0.67
2016-02-02,9.81,10.20,10.27,9.81,37965,38530000,0.40,4.08,4.69,0.94
2016-02-03,10.09,10.20,10.24,9.88,35182,35380000,0.00,0.00,3.53,0.87
2016-02-04,10.28,10.57,10.81,10.21,43907,46140000,0.37,3.63,5.88,1.08
2016-02-05,10.60,10.71,10.96,10.60,33632,36290000,0.14,1.32,3.41,0.83
2016-02-15,10.30,10.83,10.92,10.00,39926,41850000,0.12,1.12,8.59,0.99
2016-02-16,10.83,11.37,11.46,10.80,48562,54510000,0.54,4.99,6.09,1.20
2016-02-17,11.37,11.43,11.50,11.15,45796,51810000,0.06,0.53,3.08,1.13
2016-02-18,11.44,11.24,11.48,11.18,35206,39800000,-0.19,-1.66,2.62,0.87
2016-02-19,11.15,11.24,11.28,11.12,22139,24790000,0.00,0.00,1.42,0.55
2016-02-22,11.39,11.43,11.50,11.24,40597,46040000,0.19,1.69,2.31,1.00
2016-02-23,11.48,11.41,11.63,11.20,50934,58120000,-0.02,-0.18,3.76,1.26
2016-02-24,11.40,11.81,11.81,11.30,79681,92330000,0.40,3.51,4.47,1.97
2016-02-25,11.75,10.63,11.75,10.63,77244,85400000,-1.18,-9.99,9.48,1.91
2016-02-26,11.00,10.26,11.00,10.00,39475,41110000,-0.37,-3.48,9.41,0.97
2016-02-29,10.20,9.58,10.25,9.37,38173,36660000,-0.68,-6.63,8.58,0.94
2016-03-01,9.65,9.86,9.93,9.46,32279,31200000,0.28,2.92,4.91,0.80
2016-03-02,9.99,10.39,10.43,9.75,44067,44360000,0.53,5.38,6.90,1.09
2016-03-03,10.39,10.29,10.59,10.20,48045,49820000,-0.10,-0.96,3.75,1.19
2016-03-04,10.25,9.79,10.34,9.65,32102,32140000,-0.50,-4.86,6.71,0.79
2016-03-07,9.87,9.95,10.15,9.75,29030,29020000,0.16,1.63,4.09,0.72
2016-03-08,9.94,10.21,10.25,9.58,36911,36870000,0.26,2.61,6.73,0.91
2016-03-09,10.12,10.00,10.18,9.81,26483,26440000,-0.21,-2.06,3.62,0.65
2016-03-10,10.05,9.87,10.12,9.85,17012,16950000,-0.13,-1.30,2.70,0.42
2016-03-11,9.70,9.88,9.92,9.69,18074,17720000,0.01,0.10,2.33,0.45
2016-03-14,9.92,10.20,10.35,9.92,30665,31330000,0.32,3.24,4.35,0.76
2016-03-15,10.21,10.62,10.70,10.06,56433,58590000,0.42,4.12,6.27,1.39
2016-03-16,10.55,10.64,11.12,10.50,78058,84050000,0.02,0.19,5.84,1.93
2016-03-17,10.51,11.05,11.06,10.51,106203,114930000,0.41,3.85,5.17,2.62
2016-03-18,10.88,11.21,11.39,10.80,107761,119830000,0.16,1.45,5.34,2.66
2016-03-21,11.29,11.30,11.30,11.08,83769,93790000,0.09,0.80,1.96,2.07
2016-03-22,11.20,11.13,11.26,11.07,57254,63810000,-0.17,-1.50,1.68,1.41
2016-03-23,11.10,11.12,11.17,10.93,43616,48250000,-0.01,-0.09,2.16,1.08
2016-03-24,11.07,10.91,11.10,10.84,34660,38070000,-0.21,-1.89,2.34,0.86
2016-03-25,10.86,11.10,11.11,10.86,26032,28650000,0.19,1.74,2.29,0.64
2016-03-28,11.18,11.13,11.42,11.04,55096,62020000,0.03,0.27,3.42,1.36
2016-03-29,11.14,10.83,11.14,10.67,32017,34700000,-0.30,-2.70,4.22,0.79
2016-03-30,10.95,11.19,11.19,10.83,37662,41570000,0.36,3.32,3.32,0.93
2016-03-31,11.10,11.05,11.19,10.95,43380,48080000,-0.14,-1.25,2.14,1.07
2016-04-01,11.00,10.88,11.03,10.61,46738,50390000,-0.17,-1.54,3.80,1.15
2016-04-05,10.88,11.14,11.15,10.80,45281,50050000,0.26,2.39,3.22,1.12
2016-04-06,11.14,11.21,11.26,11.05,64188,71700000,0.07,0.63,1.89,1.58
2016-04-07,11.21,10.85,11.27,10.80,72907,80340000,-0.36,-3.21,4.19,1.80
2016-04-08,10.78,10.54,10.84,10.38,66496,70560000,-0.31,-2.86,4.24,1.64
2016-04-11,10.64,10.89,10.93,10.64,56443,61170000,0.35,3.32,2.75,1.39
2016-04-12,10.89,10.96,11.10,10.80,65984,72270000,0.07,0.64,2.75,1.63
2016-04-13,10.93,11.16,11.30,10.93,90047,100710000,0.20,1.82,3.38,2.22
2016-04-14,11.24,11.19,11.26,10.94,73002,80950000,0.03,0.27,2.87,1.80
2016-04-15,11.15,11.30,11.33,10.97,75810,84480000,0.11,0.98,3.22,1.87
2016-04-18,11.31,11.47,11.50,11.04,84527,95370000,0.17,1.50,4.07,2.09
2016-04-19,11.47,11.22,11.51,11.11,69308,78360000,-0.25,-2.18,3.49,1.71
2016-04-20,11.30,10.62,11.31,10.31,79088,85530000,-0.60,-5.35,8.91,1.95
2016-04-21,10.45,10.59,10.90,10.40,48852,52100000,-0.03,-0.28,4.71,1.21
2016-04-22,10.20,10.52,10.69,10.20,27446,28800000,-0.07,-0.66,4.63,0.68
2016-04-25,10.51,10.27,10.51,10.04,82723,84180000,-0.25,-2.38,4.47,2.04
2016-04-26,10.20,10.29,10.37,10.13,38802,39660000,0.02,0.19,2.34,0.96
2016-04-27,10.28,10.23,10.39,10.19,45042,46300000,-0.06,-0.58,1.94,1.11
2016-04-28,10.24,10.24,10.29,9.97,33914,34370000,0.01,0.10,3.13,0.84
2016-04-29,10.19,10.25,10.30,10.14,19601,20050000,0.01,0.10,1.56,0.48
2016-05-03,10.28,10.54,10.60,10.20,41075,42860000,0.29,2.83,3.90,1.01
2016-05-04,10.50,10.53,10.65,10.43,40823,43060000,-0.01,-0.09,2.09,1.01
2016-05-05,10.53,10.56,10.60,10.42,30612,32180000,0.03,0.28,1.71,0.76
2016-05-06,10.56,9.93,10.60,9.90,75044,76130000,-0.63,-5.97,6.63,1.85
2016-05-09,9.86,9.20,9.86,9.00,71147,66370000,-0.73,-7.35,8.66,1.76
2016-05-10,9.18,9.31,9.44,9.10,34683,32320000,0.11,1.20,3.70,0.86
2016-05-11,9.31,9.25,9.48,9.20,30283,28250000,-0.06,-0.64,3.01,0.75
2016-05-12,9.15,9.22,9.38,8.90,31373,28710000,-0.03,-0.32,5.19,0.77
2016-05-13,9.18,9.15,9.32,9.10,22943,21150000,-0.07,-0.76,2.39,0.57
2016-05-16,9.12,9.30,9.30,9.03,23090,21280000,0.15,1.64,2.95,0.57
2016-05-17,9.25,9.27,9.38,9.18,21733,20210000,-0.03,-0.32,2.15,0.54
2016-05-18,9.25,9.01,9.25,8.94,27123,24510000,-0.26,-2.80,3.34,0.67
2016-05-19,9.00,8.93,9.22,8.92,27481,24890000,-0.08,-0.89,3.33,0.68
2016-05-20,8.91,9.01,9.02,8.85,16291,14570000,0.08,0.90,1.90,0.40
2016-05-23,9.03,9.15,9.23,8.90,30061,27430000,0.14,1.55,3.66,0.74
2016-05-24,9.11,9.23,9.27,9.00,26763,24450000,0.08,0.87,2.95,0.66
2016-05-25,9.22,9.13,9.32,9.09,21664,19950000,-0.10,-1.08,2.49,0.53
2016-05-26,9.13,9.11,9.24,8.80,29178,26210000,-0.02,-0.22,4.82,0.72
2016-05-27,9.11,9.03,9.13,8.99,16732,15170000,-0.08,-0.88,1.54,0.41
2016-05-30,8.95,9.10,9.26,8.90,31151,28480000,0.07,0.78,3.99,0.77
2016-05-31,9.19,9.38,9.38,9.08,80081,74590000,0.28,3.08,3.30,1.98
2016-06-01,9.42,9.43,9.57,9.33,50642,47960000,0.05,0.53,2.56,1.25
2016-06-02,9.41,9.38,9.76,9.23,144471,134940000,-0.05,-0.53,5.62,3.57
2016-06-03,9.35,9.51,9.54,9.30,90949,85820000,0.13,1.39,2.56,2.25
2016-06-06,9.48,9.40,9.49,9.33,55305,51960000,-0.11,-1.16,1.68,1.37
2016-06-07,9.38,9.30,9.40,9.21,50898,47250000,-0.10,-1.06,2.02,1.26
2016-06-08,9.32,9.24,9.32,9.15,39025,36020000,-0.06,-0.65,1.83,0.96
2016-06-13,9.11,8.88,9.18,8.88,56212,51020000,-0.36,-3.90,3.25,1.39
2016-06-14,8.85,8.79,8.93,8.70,40082,35280000,-0.09,-1.01,2.59,0.99
2016-06-15,8.71,9.03,9.04,8.65,37728,33720000,0.24,2.73,4.44,0.93
2016-06-16,9.04,9.00,9.10,8.90,38836,34910000,-0.03,-0.33,2.21,0.96
2016-06-17,9.05,9.18,9.29,8.98,52702,48360000,0.18,2.00,3.44,1.30
2016-06-20,9.20,9.17,9.24,9.02,32898,30020000,-0.01,-0.11,2.40,0.81
2016-06-21,9.20,9.02,9.27,8.97,36634,33430000,-0.15,-1.64,3.27,0.90
2016-06-22,9.05,9.14,9.15,9.00,26120,23730000,0.12,1.33,1.66,0.64
2016-06-23,9.14,9.19,9.24,9.08,38415,35290000,0.05,0.55,1.75,0.95
2016-06-24,9.11,9.04,9.20,8.81,48384,43780000,-0.15,-1.63,4.24,1.19
2016-06-27,8.93,9.20,9.25,8.93,37588,34330000,0.16,1.77,3.54,0.93
2016-06-28,9.17,9.30,9.33,9.10,63319,58490000,0.10,1.09,2.50,1.56
2016-06-29,9.29,9.46,9.51,9.26,65817,62020000,0.16,1.72,2.69,1.63
2016-06-30,9.50,9.46,9.52,9.34,46240,43650000,0.00,0.00,1.90,1.14
2016-07-01,9.43,9.43,9.56,9.37,43976,41680000,-0.03,-0.32,2.01,1.09
2016-07-04,9.40,9.70,9.73,9.39,61075,58820000,0.27,2.86,3.61,1.51
2016-07-05,9.72,9.75,9.85,9.68,50454,49220000,0.05,0.52,1.75,1.25
2016-07-06,9.72,9.89,9.91,9.67,46371,45530000,0.14,1.44,2.46,1.15
2016-07-07,9.89,10.01,10.23,9.82,68986,69490000,0.12,1.21,4.15,1.70
2016-07-08,9.96,9.86,10.13,9.85,50941,50840000,-0.15,-1.50,2.80,1.26
2016-07-11,9.90,10.13,10.34,9.90,74403,75800000,0.27,2.74,4.46,1.84
2016-07-12,10.08,10.18,10.29,9.92,72466,73050000,0.05,0.49,3.65,1.79
2016-07-13,10.25,10.46,10.49,10.07,75149,77340000,0.28,2.75,4.13,1.86
2016-07-14,10.40,10.95,11.25,10.32,164500,181160000,0.49,4.68,8.89,4.06
2016-07-15,11.00,10.66,11.21,10.59,74855,80400000,-0.29,-2.65,5.66,1.85
2016-07-18,10.72,10.61,11.07,10.54,105050,112950000,-0.05,-0.47,4.97,2.59
2016-07-19,10.64,10.50,10.69,10.34,60912,63840000,-0.11,-1.04,3.30,1.50
2016-07-20,10.49,11.03,11.30,10.49,145320,159620000,0.53,5.05,7.71,3.59
2016-07-21,11.06,10.84,11.20,10.80,85290,93650000,-0.19,-1.72,3.63,2.11
2016-07-22,10.80,10.62,10.83,10.35,100196,105980000,-0.22,-2.03,4.43,2.47
2016-07-25,10.50,10.59,10.62,10.22,54725,57050000,-0.03,-0.28,3.77,1.35
2016-07-26,10.56,10.58,10.70,10.39,48896,51410000,-0.01,-0.09,2.93,1.21
2016-07-27,10.59,10.42,10.89,10.28,112130,118340000,-0.16,-1.51,5.77,2.77
2016-07-28,10.35,10.35,10.48,10.01,52132,53520000,-0.07,-0.67,4.51,1.29
2016-07-29,10.35,10.35,10.44,10.15,37010,38090000,0.00,0.00,2.80,0.91
2016-08-01,10.35,9.94,10.35,9.93,39417,39630000,-0.41,-3.96,4.06,0.97
2016-08-02,10.02,9.94,10.02,9.80,23042,22790000,0.00,0.00,2.21,0.57
2016-08-03,9.91,10.06,10.11,9.89,22097,22200000,0.12,1.21,2.21,0.55
2016-08-04,10.06,10.21,10.23,9.96,19260,19510000,0.15,1.49,2.68,0.48
2016-08-05,10.15,10.00,10.25,9.99,21802,22000000,-0.21,-2.06,2.55,0.54
2016-08-08,10.00,10.18,10.18,9.98,18035,18190000,0.18,1.80,2.00,0.45
2016-08-09,10.11,10.19,10.31,10.11,24255,24820000,0.01,0.10,1.96,0.60
2016-08-10,10.20,10.27,10.34,10.19,19649,20180000,0.08,0.79,1.47,0.49
2016-08-11,10.25,10.01,10.28,10.01,18517,18700000,-0.26,-2.53,2.63,0.46
2016-08-12,10.01,10.06,10.08,9.98,12199,12220000,0.05,0.50,1.00,0.30
2016-08-15,10.06,10.19,10.28,10.00,37249,37760000,0.13,1.29,2.78,0.92
2016-08-16,10.19,10.38,10.50,10.15,49126,50890000,0.19,1.86,3.43,1.21
2016-08-17,10.40,10.35,10.41,10.02,100655,102460000,-0.03,-0.29,3.76,2.49
2016-08-18,10.30,10.19,10.36,10.10,42804,43720000,-0.16,-1.55,2.51,1.06
2016-08-19,10.19,10.08,10.21,10.04,41439,41840000,-0.11,-1.08,1.67,1.02
2016-08-22,10.06,10.15,10.20,10.03,41346,41800000,0.07,0.69,1.69,1.02
2016-08-23,10.15,10.06,10.17,9.98,32930,33200000,-0.09,-0.89,1.87,0.81
2016-08-24,10.05,10.16,10.26,10.05,53558,54620000,0.10,0.99,2.09,1.32
2016-08-25,10.13,10.60,10.63,10.01,99663,103270000,0.44,4.33,6.10,2.46
2016-08-26,10.60,10.78,11.06,10.60,151494,164480000,0.18,1.70,4.34,3.74
2016-08-29,10.70,10.90,11.15,10.62,78028,85170000,0.12,1.11,4.92,1.93
2016-08-30,10.79,11.01,11.10,10.77,53647,58740000,0.11,1.01,3.03,1.32
2016-08-31,11.07,10.94,11.07,10.90,55030,60470000,-0.07,-0.64,1.54,1.36
2016-09-01,10.91,10.84,11.00,10.84,39161,42740000,-0.10,-0.91,1.46,0.97
2016-09-02,10.78,11.04,11.11,10.78,67330,73850000,0.20,1.85,3.04,1.66
2016-09-05,11.03,10.74,11.06,10.74,49385,53980000,-0.30,-2.72,2.90,1.22
2016-09-06,10.75,10.90,10.95,10.67,47671,51540000,0.16,1.49,2.61,1.18
2016-09-07,10.90,10.92,10.99,10.82,27507,30030000,0.02,0.18,1.56,0.68
2016-09-08,10.86,11.06,11.09,10.80,48125,53070000,0.14,1.28,2.66,1.19
2016-09-09,11.13,10.94,11.22,10.90,46909,51750000,-0.12,-1.09,2.89,1.16
2016-09-12,10.70,10.81,11.13,10.67,46519,50440000,-0.13,-1.19,4.20,1.15
2016-09-13,10.94,10.88,10.97,10.76,21169,22960000,0.07,0.65,1.94,0.52
2016-09-14,10.86,11.30,11.30,10.78,97431,108480000,0.42,3.86,4.78,2.41
2016-09-19,11.32,11.65,11.79,11.23,113749,131530000,0.35,3.10,4.96,2.81
2016-09-20,11.41,11.53,11.60,11.33,52260,60010000,-0.12,-1.03,2.32,1.29
2016-09-21,11.58,11.37,11.59,11.33,55666,63700000,-0.16,-1.39,2.26,1.37
2016-09-22,11.49,11.85,12.15,11.43,102765,121560000,0.48,4.22,6.33,2.54
2016-09-23,11.82,12.08,12.17,11.64,76949,92030000,0.23,1.94,4.47,1.90
2016-09-26,11.91,11.56,12.24,11.55,75925,90420000,-0.52,-4.30,5.71,1.87
2016-09-27,11.50,11.71,11.77,11.40,47193,54800000,0.15,1.30,3.20,1.17
2016-09-28,11.77,11.47,11.81,11.35,40495,46930000,-0.24,-2.05,3.93,1.00
2016-09-29,11.48,12.19,12.20,11.48,82808,98870000,0.72,6.28,6.28,2.04
2016-09-30,12.11,12.40,12.74,12.02,128391,159450000,0.21,1.72,5.91,3.17
2016-10-10,12.60,12.55,12.64,12.30,88855,110860000,0.15,1.21,2.74,2.19
2016-10-11,12.41,12.40,12.65,12.30,67237,83570000,-0.15,-1.20,2.79,1.66
2016-10-12,12.38,12.22,12.51,12.16,66817,82220000,-0.18,-1.45,2.82,1.65
2016-10-13,12.21,12.20,12.32,12.11,49977,60930000,-0.02,-0.16,1.72,1.23
2016-10-14,12.20,12.55,12.63,12.09,82238,102050000,0.35,2.87,4.43,2.03
2016-10-17,12.15,11.90,12.25,11.80,147773,177680000,-0.65,-5.18,3.59,3.65
2016-10-18,11.95,12.40,12.50,11.90,105902,130100000,0.50,4.20,5.04,2.61
2016-10-19,12.39,12.52,12.70,12.21,95219,119430000,0.12,0.97,3.95,2.35
2016-10-20,12.42,12.41,12.64,12.27,56432,69990000,-0.11,-0.88,2.96,1.39
2016-10-21,12.29,12.19,12.46,11.98,48008,58360000,-0.22,-1.77,3.87,1.19
2016-10-24,12.13,12.00,12.23,11.95,66446,80410000,-0.19,-1.56,2.30,1.64
2016-10-25,11.99,12.69,12.69,11.95,120097,149390000,0.69,5.75,6.17,2.97
2016-10-26,12.61,12.68,12.76,12.46,54966,69400000,-0.01,-0.08,2.36,1.36
2016-10-27,12.68,12.55,13.05,12.50,110282,140800000,-0.13,-1.03,4.34,2.72
2016-10-28,12.50,12.60,12.88,12.43,66998,84610000,0.05,0.40,3.59,1.65
2016-10-31,12.56,12.24,12.56,12.05,72031,87930000,-0.36,-2.86,4.05,1.78
2016-11-01,12.24,12.26,12.29,12.00,58186,70610000,0.02,0.16,2.37,1.44
2016-11-02,12.15,12.07,12.35,12.02,42026,51030000,-0.19,-1.55,2.69,1.04
2016-11-03,12.03,11.99,12.19,11.60,79115,93980000,-0.08,-0.66,4.89,1.95
2016-11-04,11.98,11.80,11.98,11.44,126280,147310000,-0.19,-1.58,4.50,3.12
2016-11-07,11.79,11.70,11.80,11.61,35378,41370000,-0.10,-0.85,1.61,0.87
2016-11-08,11.70,11.79,11.99,11.63,46700,55230000,0.09,0.77,3.08,1.15
2016-11-09,11.86,11.81,11.95,11.52,36701,43100000,0.02,0.17,3.65,0.91
2016-11-10,11.91,11.95,12.07,11.83,34521,41230000,0.14,1.19,2.03,0.85
2016-11-11,11.94,11.91,12.06,11.83,38852,46390000,-0.04,-0.33,1.92,0.96
2016-11-14,11.85,11.97,12.07,11.85,47421,56670000,0.06,0.50,1.85,1.17
2016-11-15,11.99,12.02,12.17,11.90,40075,48280000,0.05,0.42,2.26,0.99
2016-11-16,12.00,12.10,12.16,11.90,51031,61470000,0.08,0.67,2.16,1.26
2016-11-17,12.09,12.08,12.10,11.77,64092,76620000,-0.02,-0.17,2.73,1.58
2016-11-18,12.07,12.25,12.26,11.90,40829,49400000,0.17,1.41,2.98,1.01
2016-11-21,12.24,12.22,12.44,12.10,41564,50970000,-0.03,-0.24,2.78,1.03
2016-11-22,12.19,12.17,12.35,12.04,40940,49770000,-0.05,-0.41,2.54,1.01
2016-11-23,12.15,12.18,12.29,11.99,46191,56130000,0.01,0.08,2.47,1.14
2016-11-24,12.14,12.10,12.29,12.06,28592,34780000,-0.08,-0.66,1.89,0.71
2016-11-25,12.08,12.18,12.18,11.90,43587,52450000,0.08,0.66,2.31,1.08
2016-11-28,12.18,12.28,12.47,12.18,68402,84570000,0.10,0.82,2.38,1.69
2016-11-29,12.26,11.95,12.28,11.90,66565,80020000,-0.33,-2.69,3.09,1.64
2016-11-30,11.86,11.63,11.94,11.57,43551,50960000,-0.32,-2.68,3.10,1.08
2016-12-01,11.79,11.50,11.79,11.38,63921,73750000,-0.13,-1.12,3.53,1.58
2016-12-02,11.48,11.53,11.64,11.34,28656,32950000,0.03,0.26,2.61,0.71
2016-12-05,11.50,11.41,11.50,11.03,41692,47020000,-0.12,-1.04,4.08,1.03
2016-12-06,11.30,11.36,11.41,11.24,19021,21580000,-0.05,-0.44,1.49,0.47
2016-12-07,11.36,11.47,11.47,11.22,21463,24350000,0.11,0.97,2.20,0.53
2016-12-08,11.44,11.59,11.68,11.40,26205,30290000,0.12,1.05,2.44,0.65
2016-12-09,11.53,11.54,11.65,11.28,32114,36910000,-0.05,-0.43,3.19,0.79
2016-12-12,11.45,11.22,11.53,11.10,49328,55290000,-0.32,-2.77,3.73,1.22
2016-12-13,11.18,11.06,11.26,10.18,85138,90070000,-0.16,-1.43,9.63,2.10
2016-12-14,10.90,10.74,10.90,10.57,41350,44280000,-0.32,-2.89,2.98,1.02
2016-12-15,10.58,10.73,10.85,10.58,27147,29010000,-0.01,-0.09,2.51,0.67
2016-12-16,10.68,10.68,10.90,10.65,20868,22430000,-0.05,-0.47,2.33,0.52
2016-12-19,10.68,10.94,11.03,10.66,23715,25640000,0.26,2.43,3.46,0.59
2016-12-20,10.92,10.99,11.12,10.76,19269,21180000,0.05,0.46,3.29,0.48
2016-12-21,10.98,10.98,11.05,10.90,18737,20560000,-0.01,-0.09,1.36,0.46
2016-12-22,10.93,11.01,11.08,10.93,19773,21810000,0.03,0.27,1.37,0.49
2016-12-23,11.07,11.01,11.07,10.92,20249,22230000,0.00,0.00,1.36,0.50
2016-12-26,10.99,10.78,10.99,10.51,22771,24400000,-0.23,-2.09,4.36,0.56
2016-12-27,10.78,10.74,10.87,10.67,22701,24370000,-0.04,-0.37,1.86,0.56
2016-12-28,10.75,10.81,10.81,10.45,14962,16020000,0.07,0.65,3.35,0.37
2016-12-29,10.80,10.81,10.89,10.65,18236,19640000,0.00,0.00,2.22,0.45
2016-12-30,10.81,10.78,10.94,10.64,20167,21640000,-0.03,-0.28,2.78,0.50
2017-01-03,10.77,10.83,10.91,10.73,24349,26310000,0.05,0.46,1.67,0.60
2017-01-04,10.85,10.85,10.87,10.60,40996,44320000,0.02,0.18,2.49,1.01
2017-01-05,10.88,10.99,11.13,10.78,49171,53990000,0.14,1.29,3.23,1.21
2017-01-06,10.82,10.76,10.94,10.71,29928,32300000,-0.23,-2.09,2.09,0.74
2017-01-09,10.71,10.78,10.87,10.69,23842,25660000,0.02,0.19,1.67,0.59
2017-01-10,10.81,10.74,10.81,10.69,23483,25210000,-0.04,-0.37,1.11,0.58
2017-01-11,10.72,10.86,10.88,10.67,39868,42930000,0.12,1.12,1.96,0.98
2017-01-12,10.78,10.68,10.82,10.67,24645,26480000,-0.18,-1.66,1.38,0.61
2017-01-13,10.68,10.34,10.77,10.10,32527,34410000,-0.34,-3.18,6.27,0.80
2017-01-16,10.41,9.57,10.41,9.31,62745,60880000,-0.77,-7.45,10.64,1.55
2017-01-17,9.63,9.68,9.68,9.31,26572,25300000,0.11,1.15,3.87,0.66
2017-01-18,9.67,9.62,9.72,9.60,16842,16260000,-0.06,-0.62,1.24,0.42
2017-01-19,9.64,9.66,9.73,9.50,15717,15140000,0.04,0.42,2.39,0.39
2017-01-20,9.56,9.77,9.83,9.56,19841,19250000,0.11,1.14,2.80,0.49
2017-01-23,9.77,9.88,9.97,9.72,18590,18310000,0.11,1.13,2.56,0.46
2017-01-24,9.88,9.79,9.92,9.78,10509,10330000,-0.09,-0.91,1.42,0.26
2017-01-25,9.78,9.75,9.81,9.66,23090,22490000,-0.04,-0.41,1.53,0.57
2017-01-26,9.76,9.86,9.95,9.40,19484,19130000,0.11,1.13,5.64,0.48
2017-02-03,9.85,10.35,10.46,9.79,33279,33840000,0.49,4.97,6.80,0.82
2017-02-06,10.30,10.35,10.65,10.21,41601,43360000,0.00,0.00,4.25,1.03
2017-02-07,10.26,10.58,10.58,10.25,26946,28190000,0.23,2.22,3.188,0.67
2017-02-08,10.60,10.59,10.66,10.36,30102,31705700,0.01,0.09,2.836,0.75
2017-02-09,10.54,10.70,10.77,10.49,27325,29129600,0.11,1.04,2.644,0.68
2017-02-10,10.65,10.68,10.78,10.50,25557,27304400,-0.02,-0.19,2.617,0.63
2017-02-13,10.68,10.46,10.68,10.44,18392,19310900,-0.22,-2.06,2.247,0.46
2017-02-14,10.47,10.28,10.51,10.10,34589,35428800,-0.18,-1.72,3.92,0.86
2017-02-15,10.25,10.27,10.38,10.10,22193,22748700,-0.01,-0.10,2.724,0.55
2017-02-16,10.27,10.23,10.31,10.15,13540,13857100,-0.04,-0.39,1.558,0.34
2017-02-17,10.25,10.23,10.36,10.17,14597,14967100,0.00,0.00,1.857,0.36
2017-02-20,10.23,10.31,10.34,10.19,18827,19320300,0.08,0.78,1.466,0.47
2017-02-21,10.24,10.29,10.34,10.19,20186,20707000,-0.02,-0.19,1.46,0.50
2017-02-22,10.29,10.25,10.30,10.15,16626,16988100,-0.04,-0.39,1.46,0.41
2017-02-23,10.26,10.29,10.32,10.14,19437,19869900,0.04,0.39,1.76,0.48
2017-02-24,10.32,10.38,10.40,10.22,26267,27110900,0.09,0.87,1.75,0.65
2017-02-27,10.35,10.39,10.49,10.30,16278,16915000,0.01,0.10,1.83,0.40
2017-02-28,10.39,10.45,10.47,10.23,21742,22518000,0.06,0.58,2.31,0.54
2017-03-01,10.38,10.33,10.44,10.30,22683,23487900,-0.12,-1.15,1.34,0.56
2017-03-02,10.30,10.26,10.33,10.19,22894,23434400,-0.07,-0.68,1.36,0.57
2017-03-03,10.18,10.17,10.27,10.15,18797,19174000,-0.09,-0.88,1.17,0.47
2017-03-06,10.17,10.31,10.31,10.15,24520,25162000,0.14,1.38,1.57,0.61
2017-03-07,10.73,11.07,11.30,10.68,252212,275543600,0.76,7.37,6.01,6.25
2017-03-08,10.80,10.63,10.86,10.52,146773,156024900,-0.44,-3.97,3.07,3.64
2017-03-09,10.63,10.49,10.64,10.40,67476,70870500,-0.14,-1.32,2.26,1.67
2017-03-10,10.50,10.40,10.50,10.33,42085,43736100,-0.09,-0.86,1.62,1.04
2017-03-13,10.38,10.38,10.39,10.19,46022,47363900,-0.02,-0.19,1.92,1.14
2017-03-14,10.35,10.38,10.40,10.28,41629,43000200,0.00,0.00,1.16,1.03
2017-03-15,10.38,10.34,10.43,10.20,35065,36240500,-0.04,-0.39,2.22,0.87
2017-03-16,10.30,10.36,10.37,10.26,32270,33324544,0.02,0.19,1.06,0.80
2017-03-17,10.39,10.37,10.40,10.30,38764,40137947,0.01,0.10,0.97,0.96
2017-03-20,10.32,10.21,10.34,10.18,33248,34054148,-0.16,-1.54,1.54,0.82
2017-03-21,10.21,10.11,10.24,10.05,34636,35045708,-0.10,-0.98,1.86,0.86
2017-03-22,10.10,10.05,10.18,10.04,30774,31089215,-0.06,-0.59,1.38,0.76
2017-03-23,10.07,9.95,10.07,9.84,43149,42959703,-0.10,-1.00,2.29,1.07
2017-03-24,9.95,9.91,9.95,9.80,24743,24445748,-0.04,-0.40,1.51,0.61
2017-03-27,9.92,9.93,9.97,9.89,21946,21774680,0.02,0.20,0.81,0.54
2017-03-28,9.93,9.86,9.93,9.80,22164,21820317,-0.07,-0.70,1.31,0.55
2017-03-29,9.83,9.61,9.88,9.60,40331,39166075,-0.25,-2.54,2.84,1.00
2017-03-30,9.62,9.20,9.65,9.18,60102,56072243,-0.41,-4.27,4.89,1.49
2017-03-31,9.26,9.25,9.29,9.11,37601,34568824,0.05,0.54,1.96,0.93
2017-04-05,9.24,9.42,9.43,9.18,28725,26725396,0.17,1.84,2.70,0.71
2017-04-06,9.42,9.50,9.65,9.38,35387,33675237,0.08,0.85,2.87,0.88
2017-04-07,9.60,9.38,9.60,9.36,25559,24074596,-0.12,-1.26,2.53,0.63
2017-04-10,9.38,9.29,9.43,9.19,24630,22748140,-0.09,-0.96,2.56,0.61
2017-04-11,9.30,9.32,9.32,9.18,29996,27714849,0.03,0.32,1.51,0.74
2017-04-12,9.30,9.26,9.34,9.19,23917,22136126,-0.06,-0.64,1.61,0.59
2017-04-13,9.22,9.29,9.30,9.21,21842,20211340,0.03,0.32,0.97,0.54
2017-04-14,9.23,9.21,9.28,9.16,20864,19253821,-0.08,-0.86,1.29,0.52
2017-04-17,9.24,8.97,9.24,8.82,40371,36266141,-0.24,-2.61,4.56,1.00
2017-04-18,8.98,9.03,9.22,8.68,61638,54840305,0.06,0.67,6.02,1.53
2017-04-19,8.91,8.79,9.04,8.63,47351,41560219,-0.24,-2.66,4.54,1.17
2017-04-20,8.70,8.69,8.78,8.50,29929,25909342,-0.10,-1.14,3.19,0.74
2017-04-21,8.70,8.58,8.70,8.49,34399,29413182,-0.11,-1.27,2.42,0.85
2017-04-24,8.58,8.34,8.79,8.03,33886,28620181,-0.24,-2.80,8.86,0.84
2017-04-25,8.29,8.30,8.36,8.25,12404,10306432,-0.04,-0.48,1.32,0.31
2017-04-26,8.28,8.33,8.33,8.28,16871,14017045,0.03,0.36,0.60,0.42
2017-04-27,8.37,8.57,8.66,8.20,58429,49657030,0.24,2.88,5.52,1.45
2017-04-28,8.51,8.62,8.64,8.50,15103,12945706,0.05,0.58,1.63,0.37
2017-05-02,8.64,8.65,8.69,8.49,13361,11551413,0.03,0.35,2.32,0.33
2017-05-03,8.56,8.65,8.68,8.56,13150,11345941,0.00,0.00,1.39,0.33
2017-05-04,8.65,8.62,8.66,8.53,27879,23942719,-0.03,-0.35,1.50,0.69
2017-05-05,8.60,8.36,8.60,8.31,14809,12473299,-0.26,-3.02,3.36,0.37
2017-05-08,8.36,8.21,8.36,8.18,17628,14542294,-0.15,-1.79,2.15,0.44
2017-05-09,8.16,8.16,8.24,8.08,20899,17009620,-0.05,-0.61,1.95,0.52
2017-05-10,8.18,8.01,8.20,8.01,19532,15861398,-0.15,-1.84,2.33,0.48
2017-05-11,8.01,7.78,8.01,7.59,29030,22449177,-0.23,-2.87,5.24,0.72
2017-05-12,7.78,7.63,7.82,7.58,18220,13953126,-0.15,-1.93,3.08,0.45
2017-05-15,7.63,7.65,7.71,7.58,15676,11991605,0.02,0.26,1.70,0.39
2017-05-16,7.64,7.95,8.00,7.51,50589,39054607,0.30,3.92,6.41,1.25
2017-05-17,7.94,8.00,8.09,7.84,36327,29106800,0.05,0.63,3.14,0.90
2017-05-18,7.92,7.94,8.04,7.82,20552,16278691,-0.06,-0.75,2.75,0.51
2017-05-19,7.96,7.86,7.96,7.70,20350,15851051,-0.08,-1.01,3.27,0.50
2017-05-22,7.77,7.54,7.85,7.49,23565,18048963,-0.32,-4.07,4.58,0.58
2017-05-23,7.53,7.21,7.61,7.16,37121,27316161,-0.33,-4.38,5.97,0.92
2017-05-24,7.23,6.67,7.23,6.58,124028,84102373,-0.54,-7.49,9.02,3.07
