日期,开盘,收盘,最高,最低,交易量(手),交易金额(元),涨跌额,涨跌幅(%),振幅(%),换手率(%)
2011-12-22,17.22,19.23,19.98,16.88,146817,268750000,3.23,20.19,19.38,90.07
2011-12-23,18.05,17.87,19.29,17.76,96497,177650000,-1.36,-7.07,7.96,59.20
2011-12-26,17.26,17.39,17.70,17.05,47045,81660000,-0.48,-2.69,3.64,28.86
2011-12-27,17.10,15.65,17.21,15.65,59231,95800000,-1.74,-10.01,8.97,36.34
2011-12-28,15.11,15.37,15.45,14.92,33031,50120000,-0.28,-1.79,3.39,20.26
2011-12-29,15.10,15.40,15.88,15.07,30825,47930000,0.03,0.20,5.27,18.91
2011-12-30,15.38,15.60,15.88,15.32,28602,44740000,0.20,1.30,3.64,17.55
2012-01-04,15.72,14.88,15.99,14.88,27640,42840000,-0.72,-4.62,7.12,16.96
2012-01-05,14.65,13.81,14.65,13.74,27717,39210000,-1.07,-7.19,6.12,17.00
2012-01-06,13.88,14.19,14.39,13.73,15836,22210000,0.38,2.75,4.78,9.72
2012-01-09,14.08,15.07,15.18,13.90,30531,44560000,0.88,6.20,9.02,18.73
2012-01-10,14.97,15.69,15.87,14.81,32412,50040000,0.62,4.11,7.03,19.88
2012-01-11,15.60,15.52,15.85,15.38,25867,40190000,-0.17,-1.08,3.00,15.87
2012-01-12,15.44,15.38,15.70,15.19,20907,32280000,-0.14,-0.90,3.29,12.83
2012-01-13,15.30,15.02,15.68,14.62,22519,34210000,-0.36,-2.34,6.89,13.82
2012-01-16,14.69,14.20,14.84,14.20,13350,19330000,-0.82,-5.46,4.26,8.19
2012-01-17,14.14,15.13,15.31,14.14,17459,25710000,0.93,6.55,8.24,10.71
2012-01-18,15.00,14.97,15.67,14.85,23705,36060000,-0.16,-1.06,5.42,14.54
2012-01-19,14.99,15.14,15.47,14.76,14189,21440000,0.17,1.14,4.74,8.70
2012-01-20,15.23,15.68,15.68,15.22,21993,34140000,0.54,3.57,3.04,13.49
2012-01-30,15.50,15.45,15.75,15.32,15167,23540000,-0.23,-1.47,2.74,9.31
2012-01-31,15.40,16.00,16.47,15.28,33901,54150000,0.55,3.56,7.70,20.80
2012-02-01,15.80,15.77,16.17,15.66,20669,32800000,-0.23,-1.44,3.19,12.68
2012-02-02,15.73,15.92,15.96,15.47,14992,23640000,0.15,0.95,3.11,9.20
2012-02-03,15.86,16.04,16.13,15.71,17822,28460000,0.12,0.75,2.64,10.93
2012-02-06,16.01,16.06,16.07,15.81,16864,26860000,0.02,0.12,1.62,10.35
2012-02-07,16.01,15.55,16.01,15.42,13046,20370000,-0.51,-3.18,3.67,8.00
2012-02-08,15.50,15.88,15.94,15.42,13243,20850000,0.33,2.12,3.34,8.12
2012-02-09,15.88,15.96,16.33,15.79,21275,34250000,0.08,0.50,3.40,13.05
2012-02-10,15.90,16.59,16.82,15.90,32156,52840000,0.63,3.95,5.76,19.73
2012-02-13,16.35,16.73,17.02,16.29,27975,46940000,0.14,0.84,4.40,17.16
2012-02-14,16.70,16.81,16.87,16.50,16562,27620000,0.08,0.48,2.21,10.16
2012-02-15,16.75,16.84,16.97,16.63,15815,26580000,0.03,0.18,2.02,9.70
2012-02-16,16.82,17.08,17.25,16.70,20398,34720000,0.24,1.43,3.27,12.51
2012-02-17,17.13,16.86,17.16,16.65,12630,21320000,-0.22,-1.29,2.99,7.75
2012-02-20,17.01,17.04,17.40,16.83,17075,29210000,0.18,1.07,3.38,10.48
2012-02-21,16.96,17.27,17.30,16.70,18214,31000000,0.23,1.35,3.52,11.17
2012-02-22,17.26,17.53,17.60,17.11,15518,27050000,0.26,1.51,2.84,9.52
2012-02-23,17.50,17.98,18.80,17.45,25836,46800000,0.45,2.57,7.70,15.85
2012-02-24,17.79,18.03,18.34,17.58,16877,30280000,0.05,0.28,4.23,10.35
2012-02-27,17.70,17.85,18.20,17.51,23896,42540000,-0.18,-1.00,3.83,14.66
2012-02-28,17.73,19.58,19.58,17.43,43978,81110000,1.73,9.69,12.04,26.98
2012-02-29,19.10,18.70,19.10,18.54,24608,46430000,-0.88,-4.49,2.86,15.10
2012-03-01,18.73,18.80,19.74,18.66,25615,49100000,0.10,0.53,5.78,15.71
2012-03-02,18.68,18.84,19.18,18.58,21415,40380000,0.04,0.21,3.19,13.14
2012-03-05,18.94,20.05,20.58,18.71,35459,69380000,1.21,6.42,9.93,21.75
2012-03-06,19.80,20.13,20.92,19.58,34992,70710000,0.08,0.40,6.68,21.47
2012-03-07,19.85,19.77,20.35,19.66,19757,39420000,-0.36,-1.79,3.43,12.12
2012-03-08,19.77,20.05,20.29,19.77,14813,29650000,0.28,1.42,2.63,9.09
2012-03-09,20.10,20.78,21.00,19.90,24827,50390000,0.73,3.64,5.49,15.23
2012-03-12,20.70,20.48,20.74,20.18,16933,34600000,-0.30,-1.44,2.69,10.39
2012-03-13,20.40,20.35,20.58,19.82,22093,44640000,-0.13,-0.63,3.71,13.55
2012-03-14,20.40,19.02,20.66,18.70,27591,54590000,-1.33,-6.54,9.63,16.93
2012-03-15,18.90,18.57,19.10,18.00,19230,35570000,-0.45,-2.37,5.78,11.80
2012-03-16,18.60,19.33,19.48,18.42,21617,40920000,0.76,4.09,5.71,13.26
2012-03-19,19.10,19.12,19.26,18.70,12854,24410000,-0.21,-1.09,2.90,7.89
2012-03-20,18.93,18.08,19.00,17.95,17074,31370000,-1.04,-5.44,5.49,10.47
2012-03-21,18.28,18.18,18.34,17.53,15251,27320000,0.10,0.55,4.48,9.36
2012-03-22,18.12,18.85,18.88,17.72,51812,95820000,0.67,3.69,6.38,25.65
2012-03-23,18.50,18.39,18.75,17.95,23509,42930000,-0.46,-2.44,4.24,11.64
2012-03-26,18.35,18.18,18.49,17.76,20617,37400000,-0.21,-1.14,3.97,10.21
2012-03-27,18.36,17.72,18.36,17.70,14531,26100000,-0.46,-2.53,3.63,7.19
2012-03-28,17.72,16.61,17.72,16.47,17302,29240000,-1.11,-6.26,7.05,8.57
2012-03-29,16.55,16.05,16.60,15.76,14053,22660000,-0.56,-3.37,5.06,6.96
2012-03-30,16.11,15.80,16.29,15.62,9586,15240000,-0.25,-1.56,4.17,4.75
2012-04-05,15.81,16.28,16.39,15.58,11850,19100000,0.48,3.04,5.13,5.87
2012-04-06,16.28,16.44,16.67,16.15,10498,17270000,0.16,0.98,3.19,5.20
2012-04-09,16.45,16.37,16.63,16.20,6499,10690000,-0.07,-0.43,2.62,3.22
2012-04-10,15.98,16.42,16.42,15.82,12680,20390000,0.05,0.31,3.67,6.28
2012-04-11,16.34,16.51,16.62,16.15,11677,19160000,0.09,0.55,2.86,5.78
2012-04-12,16.58,16.81,16.86,16.58,13220,22150000,0.30,1.82,1.70,6.54
2012-04-13,16.85,16.82,16.99,16.70,11398,19140000,0.01,0.06,1.73,5.64
2012-04-16,16.70,16.50,16.77,16.42,9410,15580000,-0.32,-1.90,2.08,4.66
2012-04-17,16.44,16.42,16.75,16.41,9574,15880000,-0.08,-0.48,2.06,4.74
2012-04-18,16.33,16.64,16.64,15.78,26113,42340000,0.22,1.34,5.24,12.93
2012-04-19,16.50,16.43,16.60,16.23,12537,20580000,-0.21,-1.26,2.22,6.21
2012-04-20,16.36,16.66,16.78,16.29,15075,25050000,0.23,1.40,2.98,7.46
2012-04-23,16.67,16.01,16.68,15.91,14811,24240000,-0.65,-3.90,4.62,7.33
2012-04-24,15.90,15.36,16.06,14.95,14530,22540000,-0.65,-4.06,6.93,7.19
2012-04-25,15.30,15.50,15.56,15.21,8600,13300000,0.14,0.91,2.28,4.26
2012-04-26,15.55,15.57,15.65,15.33,6195,9620000,0.07,0.45,2.06,3.07
2012-04-27,15.57,15.73,15.87,15.36,9183,14380000,0.16,1.03,3.28,4.55
2012-05-02,15.81,15.79,15.88,15.60,8920,14050000,0.06,0.38,1.78,4.42
2012-05-03,15.79,16.16,16.20,15.67,12100,19290000,0.37,2.34,3.36,5.99
2012-05-04,16.13,16.51,16.76,15.93,18782,30790000,0.35,2.17,5.14,9.30
2012-05-07,16.40,16.46,16.50,16.25,10594,17330000,-0.05,-0.30,1.51,5.24
2012-05-09,16.30,15.91,16.30,15.89,9013,14490000,-0.55,-3.34,2.49,4.46
2012-05-10,15.85,16.02,16.21,15.85,7740,12450000,0.11,0.69,2.26,3.83
2012-05-11,16.02,16.45,16.57,16.02,14800,24200000,0.43,2.68,3.43,7.33
2012-05-14,16.55,16.95,17.26,16.36,24346,41160000,0.50,3.04,5.47,12.05
2012-05-15,16.75,16.70,16.76,16.50,11505,19120000,-0.25,-1.47,1.53,5.70
2012-05-16,16.57,16.49,16.95,16.45,8324,13860000,-0.21,-1.26,2.99,4.12
2012-05-17,16.48,16.85,16.94,16.48,11567,19370000,0.36,2.18,2.79,5.73
2012-05-18,16.75,16.34,16.75,16.25,9496,15610000,-0.51,-3.03,2.97,4.70
2012-05-21,16.34,16.11,16.45,15.94,6569,10580000,-0.23,-1.41,3.12,3.25
2012-05-22,16.20,16.33,16.36,16.13,6544,10660000,0.22,1.37,1.43,3.24
2012-05-23,16.18,16.05,16.30,15.88,7332,11780000,-0.28,-1.71,2.57,3.63
2012-05-24,16.10,15.97,16.12,15.95,4166,6680000,-0.08,-0.50,1.06,2.06
2012-05-25,15.94,15.36,16.08,15.31,9434,14730000,-0.61,-3.82,4.82,4.67
2012-05-28,15.06,15.23,15.26,14.73,10299,15430000,-0.13,-0.85,3.45,5.10
2012-05-29,15.25,15.55,15.64,15.25,6767,10470000,0.32,2.10,2.56,3.35
2012-05-30,15.56,15.70,15.84,15.56,5447,8540000,0.15,0.96,1.80,2.70
2012-05-31,15.38,15.87,16.00,15.38,6388,10130000,0.17,1.08,3.95,3.16
2012-06-01,15.86,15.87,16.15,15.82,4680,7480000,0.00,0.00,2.08,2.32
2012-06-04,15.75,16.12,16.73,15.60,16646,27030000,0.25,1.58,7.12,8.24
2012-06-05,15.98,16.12,16.40,15.85,10863,17500000,0.00,0.00,3.41,5.38
2012-06-06,15.00,14.45,15.00,14.32,8460,12360000,-0.17,-1.16,4.65,3.81
2012-06-07,14.55,14.42,14.68,14.37,5473,7930000,-0.03,-0.21,2.15,2.46
2012-06-08,14.50,14.16,14.52,14.14,6053,8620000,-0.26,-1.80,2.64,2.72
2012-06-11,14.10,14.46,14.48,14.10,4935,7080000,0.30,2.12,2.68,2.22
2012-06-12,14.36,14.70,14.90,14.28,8945,13130000,0.24,1.66,4.29,4.03
2012-06-13,14.71,14.87,14.90,14.59,9981,14730000,0.17,1.16,2.11,4.49
2012-06-14,14.85,14.74,15.06,14.66,8647,12860000,-0.13,-0.87,2.69,3.89
2012-06-15,14.76,16.21,16.21,14.76,40201,63900000,1.47,9.97,9.84,18.09
2012-06-18,16.47,17.83,17.83,16.22,93989,161160000,1.62,9.99,9.93,42.30
2012-06-19,17.33,18.01,19.45,17.05,92767,168270000,0.18,1.01,13.46,41.75
2012-06-20,17.80,17.40,17.88,17.23,49154,86090000,-0.61,-3.39,3.61,22.12
2012-06-21,17.40,17.67,18.28,17.30,56658,100740000,0.27,1.55,5.63,25.50
2012-06-25,17.41,18.42,18.96,17.11,66255,121380000,0.75,4.24,10.47,29.82
2012-06-26,17.80,18.92,18.92,17.16,52406,93740000,0.50,2.71,9.55,23.58
2012-06-27,18.90,18.00,19.55,18.00,64366,120700000,-0.92,-4.86,8.19,28.97
2012-06-28,17.53,17.62,18.19,17.51,38647,68640000,-0.38,-2.11,3.78,17.39
2012-06-29,17.30,17.92,18.15,17.25,35355,63060000,0.30,1.70,5.11,15.91
2012-07-02,17.76,18.70,19.09,17.76,49648,92280000,0.78,4.35,7.42,22.34
2012-07-03,18.53,18.50,18.80,18.11,40918,75190000,-0.20,-1.07,3.69,18.41
2012-07-04,18.34,19.18,19.33,18.10,64444,121370000,0.68,3.68,6.65,29.00
2012-07-05,19.00,17.65,19.00,17.60,44662,81890000,-1.53,-7.98,7.30,20.10
2012-07-06,17.48,18.01,18.35,17.35,35657,63570000,0.36,2.04,5.67,16.05
2012-07-09,17.81,18.33,18.90,17.71,41710,76620000,0.32,1.78,6.61,18.77
2012-07-10,18.02,16.50,18.13,16.50,40611,69810000,-1.83,-9.98,8.89,18.28
2012-07-11,16.19,16.66,16.75,15.95,19553,32010000,0.16,0.97,4.85,8.80
2012-07-12,16.65,17.21,17.42,16.45,26019,44650000,0.55,3.30,5.82,11.71
2012-07-13,17.01,18.13,18.51,17.00,41535,75180000,0.92,5.35,8.77,18.69
2012-07-16,18.05,17.66,18.49,17.60,29050,52500000,-0.47,-2.59,4.91,13.07
2012-07-17,17.50,17.25,17.81,16.56,18979,32490000,-0.41,-2.32,7.08,8.54
2012-07-18,17.20,17.30,17.30,16.58,15841,26780000,0.05,0.29,4.17,7.13
2012-07-19,17.16,17.45,17.64,16.99,17819,30930000,0.15,0.87,3.76,8.02
2012-07-20,17.46,17.00,17.89,16.89,15291,26620000,-0.45,-2.58,5.73,6.88
2012-07-23,16.86,16.70,16.86,16.33,11974,19850000,-0.30,-1.76,3.12,5.39
2012-07-24,16.54,17.00,17.15,16.35,12470,21090000,0.30,1.80,4.79,5.61
2012-07-25,16.87,16.68,17.05,16.65,10321,17360000,-0.32,-1.88,2.35,4.65
2012-07-26,16.68,16.87,17.08,16.55,11096,18690000,0.19,1.14,3.18,4.99
2012-07-27,16.98,16.90,17.47,16.82,17261,29600000,0.03,0.18,3.85,7.77
2012-07-30,17.00,16.11,17.00,16.06,11478,18880000,-0.79,-4.67,5.56,5.17
2012-07-31,15.89,15.18,15.93,15.03,12785,19660000,-0.93,-5.77,5.59,5.75
2012-08-01,15.17,15.55,15.58,15.03,8514,13170000,0.37,2.44,3.62,3.83
2012-08-02,15.64,15.96,16.12,15.45,10838,17200000,0.41,2.64,4.31,4.88
2012-08-03,15.98,16.01,16.07,15.70,8672,13780000,0.05,0.31,2.32,3.90
2012-08-06,15.83,16.18,16.33,15.77,12623,20230000,0.17,1.06,3.50,5.68
2012-08-07,16.15,16.20,16.27,15.90,12851,20630000,0.02,0.12,2.29,5.78
2012-08-08,16.20,15.85,16.28,15.71,10931,17390000,-0.35,-2.16,3.52,4.92
2012-08-09,15.86,16.38,16.47,15.68,19112,30770000,0.53,3.34,4.98,8.60
2012-08-10,16.35,16.17,16.45,16.08,10117,16430000,-0.21,-1.28,2.26,4.55
2012-08-13,16.18,16.21,16.61,16.10,15874,25990000,0.04,0.25,3.15,7.14
2012-08-14,16.15,16.12,16.29,15.70,11779,18770000,-0.09,-0.56,3.64,5.30
2012-08-15,16.00,15.96,16.25,15.93,5805,9330000,-0.16,-0.99,1.99,2.61
2012-08-16,15.95,15.80,16.12,15.77,6746,10750000,-0.16,-1.00,2.19,3.04
2012-08-17,15.80,15.73,15.95,15.63,4156,6550000,-0.07,-0.44,2.03,1.87
2012-08-20,15.61,15.93,15.96,15.50,5261,8300000,0.20,1.27,2.92,2.37
2012-08-21,15.93,16.23,16.44,15.88,10074,16380000,0.30,1.88,3.52,4.53
2012-08-22,16.18,16.28,16.59,16.14,11255,18390000,0.05,0.31,2.77,5.07
2012-08-23,16.25,16.35,16.44,16.05,7428,12060000,0.07,0.43,2.40,3.34
2012-08-24,16.44,15.95,16.44,15.94,7826,12630000,-0.40,-2.45,3.06,3.52
2012-08-27,15.79,15.53,15.79,15.05,6380,9900000,-0.42,-2.63,4.64,2.87
2012-08-28,15.56,15.59,15.89,15.53,4543,7140000,0.06,0.39,2.32,2.04
2012-08-29,15.54,15.57,15.78,15.33,4215,6580000,-0.02,-0.13,2.89,1.90
2012-08-30,15.61,15.00,15.62,14.80,8625,13070000,-0.57,-3.66,5.27,3.88
2012-08-31,15.00,15.10,15.19,14.95,2996,4510000,0.10,0.67,1.60,1.35
2012-09-03,15.08,15.37,15.47,15.01,4106,6290000,0.27,1.79,3.05,1.85
2012-09-04,15.35,15.37,15.73,15.35,5134,7980000,0.00,0.00,2.47,2.31
2012-09-05,15.34,15.51,15.65,15.23,5330,8240000,0.14,0.91,2.73,2.40
2012-09-06,15.65,15.53,15.80,15.39,6540,10160000,0.02,0.13,2.64,2.94
2012-09-07,15.75,16.11,16.25,15.67,13716,21970000,0.58,3.73,3.73,6.17
2012-09-10,16.10,16.24,16.40,15.97,9498,15390000,0.13,0.81,2.67,4.27
2012-09-11,16.20,16.17,16.24,15.98,9682,15620000,-0.07,-0.43,1.60,4.36
2012-09-12,16.32,16.18,16.34,15.95,9434,15170000,0.01,0.06,2.41,4.25
2012-09-13,16.16,16.03,16.25,16.00,7902,12730000,-0.15,-0.93,1.55,3.56
2012-09-14,16.35,17.63,17.63,16.35,56346,98050000,1.60,9.98,7.99,25.36
2012-09-17,18.00,16.95,18.00,16.82,38328,66660000,-0.68,-3.86,6.69,17.25
2012-09-18,16.88,17.78,18.61,16.86,43551,77240000,0.83,4.90,10.32,19.60
2012-09-19,17.80,17.65,17.84,17.31,21852,38390000,-0.13,-0.73,2.98,9.83
2012-09-20,17.53,16.86,17.74,16.70,23016,39320000,-0.79,-4.48,5.89,10.36
2012-09-21,16.81,16.45,16.97,16.43,13850,23090000,-0.41,-2.43,3.20,6.23
2012-09-24,16.20,16.50,16.85,16.15,13343,22040000,0.05,0.30,4.26,6.01
2012-09-25,16.33,17.35,17.52,16.33,24950,42570000,0.85,5.15,7.21,11.23
2012-09-26,17.20,16.68,17.60,16.61,14715,25070000,-0.67,-3.86,5.71,6.62
2012-09-27,16.61,17.55,18.00,16.61,25849,45010000,0.87,5.22,8.33,11.63
2012-09-28,17.55,17.61,17.97,17.34,19442,34290000,0.06,0.34,3.59,8.75
2012-10-08,17.64,17.95,18.15,17.55,18145,32470000,0.34,1.93,3.41,8.17
2012-10-09,17.95,17.85,18.07,17.71,24033,42980000,-0.10,-0.56,2.01,10.82
2012-10-10,17.79,17.76,18.08,17.50,19078,33800000,-0.09,-0.50,3.25,8.59
2012-10-11,17.62,17.34,17.70,17.21,13888,24260000,-0.42,-2.36,2.76,6.25
2012-10-12,17.33,17.51,17.56,17.25,9413,16400000,0.17,0.98,1.79,4.24
2012-10-15,17.51,17.89,17.90,17.30,18364,32590000,0.38,2.17,3.43,8.26
2012-10-16,17.83,18.62,19.45,17.75,38642,72210000,0.73,4.08,9.50,17.39
2012-10-17,18.51,18.66,18.75,18.31,15935,29530000,0.04,0.21,2.36,7.17
2012-10-18,18.65,18.65,19.14,18.45,19290,36170000,-0.01,-0.05,3.70,8.68
2012-10-19,18.52,18.26,18.77,18.00,15537,28450000,-0.39,-2.09,4.13,6.99
2012-10-22,18.18,18.72,18.75,18.12,13567,25120000,0.46,2.52,3.45,6.11
2012-10-23,18.76,17.85,18.76,17.80,15380,27980000,-0.87,-4.65,5.13,6.92
2012-10-24,17.68,17.37,17.94,17.37,11738,20730000,-0.48,-2.69,3.19,5.28
2012-10-25,17.44,17.35,17.51,17.28,7304,12710000,-0.02,-0.12,1.32,3.29
2012-10-26,17.32,16.89,17.50,16.76,9904,16890000,-0.46,-2.65,4.27,4.46
2012-10-29,16.81,17.38,17.40,16.71,7599,12990000,0.49,2.90,4.09,3.42
2012-10-30,17.32,17.17,17.49,17.14,5939,10280000,-0.21,-1.21,2.01,2.67
2012-10-31,17.08,17.23,17.41,17.06,4589,7910000,0.06,0.35,2.04,2.07
2012-11-01,17.25,17.50,17.60,17.25,7643,13330000,0.27,1.57,2.03,3.44
2012-11-02,17.50,17.55,17.78,17.33,7004,12310000,0.05,0.29,2.57,3.15
2012-11-05,17.50,17.51,17.64,17.35,4674,8160000,-0.04,-0.23,1.65,2.10
2012-11-06,17.44,17.44,17.55,17.06,5732,9900000,-0.07,-0.40,2.80,2.58
2012-11-07,17.46,17.35,17.54,17.26,3958,6880000,-0.09,-0.52,1.61,1.78
2012-11-08,17.18,16.69,17.30,16.65,8238,13960000,-0.66,-3.80,3.75,3.71
2012-11-09,16.64,16.59,16.83,16.50,4890,8140000,-0.10,-0.60,1.98,2.20
2012-11-12,16.54,16.90,17.05,16.52,6378,10700000,0.31,1.87,3.19,2.87
2012-11-13,16.96,16.78,16.98,16.56,4917,8250000,-0.12,-0.71,2.49,2.21
2012-11-14,16.79,17.18,17.18,16.75,6553,11180000,0.40,2.38,2.56,2.95
2012-11-15,17.16,17.00,17.47,17.00,6344,10940000,-0.18,-1.05,2.74,2.86
2012-11-16,16.91,16.78,17.09,16.53,4392,7390000,-0.22,-1.29,3.29,1.98
2012-11-19,16.58,16.41,16.85,16.11,6758,11090000,-0.37,-2.21,4.41,3.04
2012-11-20,16.54,16.47,16.60,16.43,3433,5670000,0.06,0.37,1.04,1.54
2012-11-21,16.56,16.61,16.70,16.23,3486,5750000,0.14,0.85,2.85,1.57
2012-11-22,16.61,16.45,16.61,16.41,2458,4060000,-0.16,-0.96,1.20,1.11
2012-11-23,16.49,16.54,16.79,16.41,4767,7940000,0.09,0.55,2.31,2.15
2012-11-26,16.49,16.28,16.55,16.12,4848,7890000,-0.26,-1.57,2.60,2.18
2012-11-27,16.27,15.66,16.27,15.60,5043,8020000,-0.62,-3.81,4.12,2.27
2012-11-28,15.66,15.24,15.84,15.20,3592,5530000,-0.42,-2.68,4.09,1.62
2012-11-29,15.48,14.75,15.48,14.70,4002,6050000,-0.49,-3.22,5.12,1.80
2012-11-30,14.78,15.03,15.20,14.78,3562,5360000,0.28,1.90,2.85,1.60
2012-12-03,15.01,14.59,15.19,14.53,2546,3800000,-0.44,-2.93,4.39,1.15
2012-12-04,14.56,14.70,14.75,14.16,4385,6330000,0.11,0.75,4.04,1.97
2012-12-05,14.64,15.26,15.42,14.63,5891,8950000,0.56,3.81,5.37,2.65
2012-12-06,15.20,15.26,15.41,15.13,3325,5070000,0.00,0.00,1.83,1.50
2012-12-07,15.15,15.53,15.67,15.15,5102,7900000,0.27,1.77,3.41,2.30
2012-12-10,15.65,15.77,15.83,15.36,6713,10480000,0.24,1.55,3.03,3.02
2012-12-11,15.64,15.55,15.73,15.31,6012,9320000,-0.22,-1.40,2.66,2.71
2012-12-12,15.42,15.38,15.60,15.25,4989,7670000,-0.17,-1.09,2.25,2.25
2012-12-13,15.52,15.56,16.48,15.43,11661,18520000,0.18,1.17,6.83,5.25
2012-12-14,15.40,16.08,16.18,15.37,8924,14230000,0.52,3.34,5.21,4.02
2012-12-17,16.01,16.07,16.26,16.00,5883,9470000,-0.01,-0.06,1.62,2.65
2012-12-18,16.04,16.08,16.33,16.04,5459,8830000,0.01,0.06,1.80,2.46
2012-12-19,16.07,15.98,16.07,15.73,5025,8000000,-0.10,-0.62,2.11,2.26
2012-12-20,15.86,16.32,16.35,15.72,6980,11290000,0.34,2.13,3.94,3.14
2012-12-21,16.30,16.52,16.59,16.21,8152,13400000,0.20,1.23,2.33,3.67
2012-12-24,16.70,17.49,18.17,16.69,20402,35780000,0.97,5.87,8.96,8.55
2012-12-25,17.51,17.67,18.20,17.49,17491,31170000,0.18,1.03,4.06,7.33
2012-12-26,17.55,18.07,18.14,17.50,16976,30340000,0.40,2.26,3.62,7.11
2012-12-27,18.14,17.66,18.22,17.58,13933,24850000,-0.41,-2.27,3.54,5.84
2012-12-28,17.69,17.97,18.10,17.53,12679,22640000,0.31,1.76,3.23,5.31
2012-12-31,18.00,17.80,18.07,17.61,7760,13820000,-0.17,-0.95,2.56,3.25
2013-01-04,17.85,17.51,18.07,17.35,8438,14920000,-0.29,-1.63,4.04,3.54
2013-01-07,17.45,17.87,17.94,17.45,11091,19700000,0.36,2.06,2.80,4.65
2013-01-08,17.91,18.18,18.47,17.79,16655,30320000,0.31,1.73,3.81,6.98
2013-01-09,18.01,17.79,18.10,17.63,12624,22530000,-0.39,-2.15,2.59,5.29
2013-01-10,17.71,17.76,17.96,17.64,5622,10000000,-0.03,-0.17,1.80,2.36
2013-01-11,17.63,17.94,18.40,17.63,14366,25850000,0.18,1.01,4.34,6.02
2013-01-14,18.18,19.73,19.73,18.02,27411,52520000,1.79,9.98,9.53,11.48
2013-01-15,20.90,21.07,21.46,20.45,49463,103520000,1.34,6.79,5.12,20.72
2013-01-16,20.96,20.83,21.23,20.36,30492,63270000,-0.24,-1.14,4.13,12.77
2013-01-17,20.83,20.26,20.83,20.01,20740,42080000,-0.57,-2.74,3.94,8.69
2013-01-18,20.20,20.35,20.77,20.20,15653,32090000,0.09,0.44,2.81,6.56
2013-01-21,20.36,20.32,20.55,20.11,14844,30240000,-0.03,-0.15,2.16,6.22
2013-01-22,20.20,20.62,21.98,20.20,32594,68870000,0.30,1.48,8.76,13.65
2013-01-23,20.10,20.05,20.39,19.69,18823,37630000,-0.57,-2.76,3.39,7.89
2013-01-24,20.05,19.30,20.35,19.02,21497,42250000,-0.75,-3.74,6.63,9.01
2013-01-25,19.20,19.51,19.85,19.11,11681,22870000,0.21,1.09,3.83,4.89
2013-01-28,19.51,20.46,20.50,19.35,18137,36620000,0.95,4.87,5.89,7.60
2013-01-29,20.40,20.29,20.68,20.20,12053,24520000,-0.17,-0.83,2.35,5.05
2013-01-30,20.30,19.98,20.49,19.70,11776,23600000,-0.31,-1.53,3.89,4.93
2013-01-31,19.98,19.85,20.10,19.40,10193,19990000,-0.13,-0.65,3.50,4.27
2013-02-01,19.60,19.90,20.23,19.60,8394,16730000,0.05,0.25,3.17,3.52
2013-02-04,19.91,19.68,20.19,19.40,8494,16780000,-0.22,-1.11,3.97,3.56
2013-02-05,19.65,19.85,19.88,19.11,7809,15220000,0.17,0.86,3.91,3.27
2013-02-06,19.79,20.38,20.40,19.63,10502,21080000,0.53,2.67,3.88,4.40
2013-02-07,20.31,20.19,20.48,19.93,5801,11710000,-0.19,-0.93,2.70,2.43
2013-02-08,20.19,20.64,20.81,20.00,11503,23570000,0.45,2.23,4.01,4.82
2013-02-18,20.71,20.92,21.05,20.46,12079,25060000,0.28,1.36,2.86,5.06
2013-02-19,20.92,20.29,21.14,20.29,9609,19740000,-0.63,-3.01,4.06,4.03
2013-02-20,20.28,21.05,21.15,20.10,13124,27310000,0.76,3.75,5.18,5.50
2013-02-21,21.00,20.63,21.00,20.32,10261,21220000,-0.42,-2.00,3.23,4.30
2013-02-22,20.60,20.18,20.90,20.11,9163,18680000,-0.45,-2.18,3.83,3.84
2013-02-25,20.01,20.41,20.44,19.93,7458,15080000,0.23,1.14,2.53,3.12
2013-02-26,20.10,19.65,20.58,19.65,10334,20770000,-0.76,-3.72,4.56,4.33
2013-02-27,19.50,19.29,19.89,19.11,10372,20130000,-0.36,-1.83,3.97,4.35
2013-02-28,19.50,19.63,19.66,19.11,7287,14170000,0.34,1.76,2.85,3.05
2013-03-01,19.53,20.57,20.60,19.53,15961,32300000,0.94,4.79,5.45,6.69
2013-03-04,20.18,20.30,21.34,19.91,19566,40480000,-0.27,-1.31,6.95,8.20
2013-03-05,20.35,21.02,21.08,20.00,16515,34020000,0.72,3.55,5.32,6.92
2013-03-06,21.30,21.84,21.85,20.51,19338,41370000,0.82,3.90,6.37,8.10
2013-03-07,21.90,21.15,21.97,20.85,14769,31460000,-0.69,-3.16,5.13,6.19
2013-03-08,21.10,20.91,21.20,20.51,7632,15860000,-0.24,-1.13,3.26,3.20
2013-03-11,20.90,21.64,21.95,20.71,13895,29990000,0.73,3.49,5.93,5.82
2013-03-12,21.58,20.98,22.17,20.52,15579,33280000,-0.66,-3.05,7.62,6.53
2013-03-13,20.84,20.20,20.84,20.10,8338,16920000,-0.78,-3.72,3.53,3.49
2013-03-14,20.11,20.30,20.63,20.03,4977,10130000,0.10,0.50,2.97,2.09
2013-03-15,20.40,20.27,20.90,19.81,7955,16230000,-0.03,-0.15,5.37,3.33
2013-03-18,20.35,20.50,21.10,20.29,9403,19460000,0.23,1.13,4.00,3.94
2013-03-19,20.38,20.30,20.70,19.84,8787,17690000,-0.20,-0.98,4.20,3.68
2013-03-20,20.20,20.87,20.94,20.17,10011,20710000,0.57,2.81,3.79,4.19
2013-03-21,20.97,21.24,21.25,20.70,10190,21480000,0.37,1.77,2.64,4.27
2013-03-22,21.30,21.30,21.45,21.00,8182,17330000,0.06,0.28,2.12,3.43
2013-03-25,21.29,23.24,23.25,21.28,31127,69880000,1.94,9.11,9.25,13.04
2013-03-26,22.90,23.26,23.65,22.30,25285,58250000,0.02,0.09,5.81,10.59
2013-03-27,23.38,23.93,24.27,22.91,24928,59420000,0.67,2.88,5.85,10.44
2013-03-28,23.70,24.08,25.97,23.10,37716,92170000,0.15,0.63,11.99,15.80
2013-04-09,23.80,22.90,25.68,22.44,46743,111710000,-1.18,-4.90,13.46,19.58
2013-04-10,22.75,22.28,22.76,21.58,27389,60230000,-0.62,-2.71,5.15,11.47
2013-04-11,21.90,21.52,21.99,21.20,20867,45010000,-0.76,-3.41,3.55,8.74
2013-04-12,21.45,20.80,21.58,20.72,15119,32050000,-0.72,-3.35,4.00,6.33
2013-04-15,20.80,20.88,21.30,20.64,10920,22940000,0.08,0.38,3.17,4.57
2013-04-16,20.30,20.45,21.00,20.00,14031,28520000,-0.43,-2.06,4.79,5.88
2013-04-17,20.35,21.07,21.19,20.35,12111,25330000,0.62,3.03,4.11,5.07
2013-04-18,21.07,21.02,21.57,20.81,12584,26680000,-0.05,-0.24,3.61,5.27
2013-04-19,21.15,21.20,21.43,20.83,12265,25980000,0.18,0.86,2.85,5.14
2013-04-22,21.19,21.96,21.98,21.00,15759,34160000,0.76,3.58,4.62,6.60
2013-04-23,22.00,21.13,22.37,21.11,14030,30440000,-0.83,-3.78,5.74,5.88
2013-04-24,20.88,21.58,21.63,20.88,10119,21560000,0.45,2.13,3.55,4.24
2013-04-25,21.62,21.32,21.90,21.31,10081,21790000,-0.26,-1.20,2.73,4.22
2013-04-26,21.23,21.06,21.49,20.86,6994,14830000,-0.26,-1.22,2.96,2.93
2013-05-02,20.80,19.77,20.90,19.55,10974,22130000,-1.29,-6.13,6.41,4.60
2013-05-03,19.60,20.00,20.20,19.53,7332,14660000,0.23,1.16,3.39,3.07
2013-05-06,20.03,20.52,20.65,20.03,6363,12970000,0.52,2.60,3.10,2.67
2013-05-07,20.52,20.18,20.70,20.05,4890,9920000,-0.34,-1.66,3.17,2.05
2013-05-08,20.15,20.38,20.49,20.15,6207,12620000,0.20,0.99,1.68,2.60
2013-05-09,20.39,20.07,20.50,19.80,7465,15020000,-0.31,-1.52,3.43,3.13
2013-05-10,19.91,20.48,20.49,19.80,8070,16250000,0.41,2.04,3.44,3.38
2013-05-13,20.42,21.18,21.21,20.00,11435,23560000,0.70,3.42,5.91,4.79
2013-05-14,21.10,21.57,21.63,20.89,16526,35180000,0.39,1.84,3.49,6.92
2013-05-15,21.50,21.52,21.67,21.25,9349,20060000,-0.05,-0.23,1.95,3.92
2013-05-16,21.71,21.58,22.36,21.56,16479,36190000,0.06,0.28,3.72,6.90
2013-05-17,21.35,22.28,22.49,21.35,16743,36960000,0.70,3.24,5.28,7.01
2013-05-20,22.29,22.21,23.25,21.81,20270,45440000,-0.07,-0.31,6.46,8.49
2013-05-21,22.17,22.10,22.38,21.50,17568,38450000,-0.11,-0.50,3.96,7.36
2013-05-22,22.15,22.38,22.50,21.82,13311,29500000,0.28,1.27,3.08,5.58
2013-05-23,22.19,21.92,22.35,21.90,8745,19300000,-0.46,-2.06,2.01,3.66
2013-05-24,21.92,22.14,22.18,21.80,6187,13620000,0.22,1.00,1.73,2.59
2013-05-27,22.05,22.80,22.90,22.05,11605,26220000,0.66,2.98,3.84,4.86
2013-05-28,22.88,22.64,23.28,22.50,12017,27380000,-0.16,-0.70,3.42,5.03
2013-05-29,22.63,22.55,22.88,22.36,8611,19360000,-0.09,-0.40,2.30,3.61
2013-05-30,22.31,22.75,23.09,22.29,9906,22500000,0.20,0.89,3.55,4.15
2013-05-31,22.95,23.48,23.97,22.85,22201,52030000,0.73,3.21,4.92,9.30
2013-06-03,23.49,23.74,24.23,23.31,16123,38460000,0.26,1.11,3.92,6.75
2013-06-04,23.40,22.41,23.66,22.37,12628,28900000,-1.33,-5.60,5.43,5.29
2013-06-05,22.27,23.89,23.91,22.27,13564,31230000,1.48,6.60,7.32,5.68
2013-06-06,23.61,23.75,24.50,23.52,14722,35340000,-0.14,-0.59,4.10,6.17
2013-06-07,23.65,24.35,24.69,23.60,21957,53200000,0.60,2.53,4.59,9.20
2013-06-13,24.30,23.68,24.30,22.70,13193,30780000,-0.67,-2.75,6.57,5.53
2013-06-14,23.65,24.78,25.30,23.43,20099,49390000,1.10,4.65,7.90,8.42
2013-06-17,24.80,24.46,25.54,24.33,19975,49820000,-0.32,-1.29,4.88,8.37
2013-06-18,24.40,24.62,24.80,23.92,12610,30670000,0.16,0.65,3.60,5.28
2013-06-19,24.60,24.05,24.60,23.90,8679,20910000,-0.57,-2.32,2.84,3.64
2013-06-20,24.04,22.33,24.04,22.30,16048,36970000,-1.72,-7.15,7.23,6.72
2013-06-21,21.80,21.40,21.80,20.85,12381,26450000,-0.90,-4.04,4.26,5.19
2013-06-24,21.11,19.70,21.11,19.52,15510,31460000,-1.70,-7.94,7.43,6.50
2013-06-25,19.52,20.12,20.20,17.88,16038,30950000,0.42,2.13,11.78,6.72
2013-06-26,20.13,20.50,20.50,19.59,13031,26080000,0.38,1.89,4.52,5.46
2013-06-27,20.40,19.42,20.79,19.26,12465,24950000,-1.08,-5.27,7.46,5.22
2013-06-28,19.27,18.98,19.77,18.24,7600,14520000,-0.44,-2.27,7.88,3.18
2013-07-01,18.95,19.56,19.60,18.90,6650,12820000,0.58,3.06,3.69,2.79
2013-07-02,19.73,20.35,20.47,19.73,11389,23010000,0.79,4.04,3.78,4.77
2013-07-03,20.25,20.57,20.68,20.10,11939,24410000,0.22,1.08,2.85,5.00
2013-07-04,20.42,20.25,20.60,20.08,7927,16110000,-0.32,-1.56,2.53,3.32
2013-07-05,20.20,19.72,20.50,19.71,5898,11880000,-0.53,-2.62,3.90,2.47
2013-07-08,19.62,18.93,19.62,18.93,5766,11050000,-0.79,-4.01,3.50,2.42
2013-07-09,18.80,19.00,19.31,18.80,3807,7270000,0.07,0.37,2.69,1.59
2013-07-10,19.00,19.63,19.63,18.80,4626,8950000,0.63,3.32,4.37,1.94
2013-07-11,19.53,20.20,20.55,19.53,8691,17490000,0.57,2.90,5.20,3.64
2013-07-12,20.25,20.24,20.50,20.20,7205,14680000,0.04,0.20,1.49,3.02
2013-07-15,20.28,20.71,20.90,20.20,7412,15280000,0.47,2.32,3.46,3.11
2013-07-16,20.80,20.77,20.84,20.40,5718,11800000,0.06,0.29,2.12,2.40
2013-07-17,20.80,20.20,20.89,20.20,7499,15420000,-0.57,-2.74,3.32,3.14
2013-07-18,20.00,20.18,20.50,19.81,5017,10130000,-0.02,-0.10,3.42,2.10
2013-07-19,20.04,19.57,20.38,19.57,7241,14540000,-0.61,-3.02,4.01,3.03
2013-07-22,19.41,20.43,20.58,19.41,5655,11420000,0.86,4.39,5.98,2.37
2013-07-23,20.49,21.08,21.44,20.49,10857,22900000,0.65,3.18,4.65,4.55
2013-07-24,21.14,21.22,21.24,20.77,9071,19050000,0.14,0.66,2.23,3.80
2013-07-25,21.30,21.40,22.11,21.20,15099,32750000,0.18,0.85,4.29,6.33
2013-07-26,21.11,20.94,21.50,20.55,7094,14870000,-0.46,-2.15,4.44,2.97
2013-07-29,20.72,20.51,21.25,20.50,6243,12980000,-0.43,-2.05,3.58,2.62
2013-07-30,20.48,20.56,20.81,19.88,5330,10880000,0.05,0.24,4.53,2.23
2013-07-31,20.65,20.59,20.78,20.29,3800,7800000,0.03,0.15,2.38,1.59
2013-08-01,20.36,21.11,21.20,20.36,6850,14350000,0.52,2.53,4.08,2.87
2013-08-02,21.17,21.12,21.33,21.05,7467,15810000,0.01,0.05,1.33,3.13
2013-08-05,21.21,22.39,22.55,21.12,18003,39790000,1.27,6.01,6.77,7.54
2013-08-06,22.25,22.50,22.57,22.12,9831,22010000,0.11,0.49,2.01,4.12
2013-08-07,22.43,22.74,23.78,22.30,17523,40310000,0.24,1.07,6.58,7.34
2013-08-08,22.68,23.48,23.64,22.52,14047,32720000,0.74,3.25,4.93,5.88
2013-08-09,24.50,23.10,24.50,22.80,19165,45210000,-0.38,-1.62,7.24,8.03
2013-08-12,23.12,22.78,23.35,22.51,12174,27750000,-0.32,-1.39,3.64,5.10
2013-08-13,22.75,23.09,23.29,22.75,7673,17660000,0.31,1.36,2.37,3.21
2013-08-14,23.07,22.81,23.12,22.60,5669,12970000,-0.28,-1.21,2.25,2.37
2013-08-15,22.82,22.56,23.00,22.10,8744,19630000,-0.25,-1.10,3.95,3.66
2013-08-16,22.37,22.68,23.19,22.32,9119,20840000,0.12,0.53,3.86,3.82
2013-08-19,22.45,23.42,23.42,22.45,8161,18910000,0.74,3.26,4.28,3.42
2013-08-20,23.20,23.22,23.50,22.89,13763,31880000,-0.20,-0.85,2.60,5.77
2013-08-21,23.62,24.41,25.48,23.62,22981,56260000,1.19,5.12,8.01,9.63
2013-08-22,23.79,24.19,24.60,23.66,12930,31170000,-0.22,-0.90,3.85,5.42
2013-08-23,24.18,23.67,24.21,23.01,10020,23710000,-0.52,-2.15,4.96,4.20
2013-08-26,23.67,23.70,23.86,23.50,6671,15820000,0.03,0.13,1.52,2.79
2013-08-27,23.75,24.12,24.25,23.57,6091,14620000,0.42,1.77,2.87,2.55
2013-08-28,24.12,23.26,24.12,23.20,10433,24640000,-0.86,-3.57,3.81,4.37
2013-08-29,23.83,23.37,23.85,23.09,7937,18570000,0.11,0.47,3.27,3.33
2013-08-30,23.37,22.40,23.37,22.26,10529,23900000,-0.97,-4.15,4.75,4.41
2013-09-02,22.32,22.89,23.06,22.22,3855,8770000,0.49,2.19,3.75,1.62
2013-09-03,22.56,23.24,23.34,22.56,4049,9370000,0.35,1.53,3.41,1.70
2013-09-04,23.20,22.86,23.29,22.80,5212,12010000,-0.38,-1.64,2.11,2.18
2013-09-05,22.70,23.17,23.46,22.70,7600,17590000,0.31,1.36,3.32,3.18
2013-09-06,23.39,23.12,23.42,22.91,4309,9950000,-0.05,-0.22,2.20,1.81
2013-09-09,23.10,22.80,23.10,22.65,8611,19580000,-0.32,-1.38,1.95,3.61
2013-09-10,22.75,22.65,22.89,22.58,4509,10240000,-0.15,-0.66,1.36,1.89
2013-09-11,22.63,22.10,22.78,21.90,6807,15090000,-0.55,-2.43,3.89,2.85
2013-09-12,22.10,22.18,22.37,21.91,4130,9140000,0.08,0.36,2.08,1.73
2013-09-13,22.18,22.68,22.79,22.01,6264,14050000,0.50,2.25,3.52,2.62
2013-09-16,22.73,22.66,22.97,22.48,3015,6860000,-0.02,-0.09,2.16,1.26
2013-09-17,22.70,22.69,22.98,22.42,4431,10010000,0.03,0.13,2.47,1.86
2013-09-18,22.70,22.72,22.75,22.30,2613,5890000,0.03,0.13,1.98,1.09
2013-09-23,22.75,23.29,23.30,22.75,8304,19160000,0.57,2.51,2.42,3.48
2013-09-24,23.29,23.30,23.55,23.07,4957,11550000,0.01,0.04,2.06,2.08
2013-09-25,23.23,23.38,23.48,22.93,6868,16000000,0.08,0.34,2.36,2.88
2013-09-26,23.30,22.91,23.77,22.91,9495,22210000,-0.47,-2.01,3.68,3.98
2013-09-27,23.07,22.75,23.07,22.60,6449,14730000,-0.16,-0.70,2.05,2.70
2013-09-30,22.52,22.70,22.81,22.12,6990,15720000,-0.05,-0.22,3.03,2.93
2013-10-08,22.74,23.12,23.18,22.42,6523,14920000,0.42,1.85,3.35,2.73
2013-10-09,23.00,23.39,23.40,22.91,6542,15120000,0.27,1.17,2.12,2.74
2013-10-10,23.53,23.30,23.75,23.14,9835,23090000,-0.09,-0.38,2.61,4.12
2013-10-11,23.31,23.34,23.45,23.03,6233,14460000,0.04,0.17,1.80,2.61
2013-10-14,23.33,23.96,24.12,23.30,12762,30430000,0.62,2.66,3.51,5.35
2013-10-15,24.20,24.49,25.00,24.10,15003,36820000,0.53,2.21,3.76,6.29
2013-10-16,24.26,23.74,24.40,23.50,7730,18400000,-0.75,-3.06,3.68,3.24
2013-10-17,23.78,23.50,24.20,23.50,8438,20150000,-0.24,-1.01,2.95,3.53
2013-10-18,23.56,24.34,24.48,23.45,6076,14540000,0.84,3.57,4.38,2.55
2013-10-21,24.40,25.18,25.50,24.40,16811,42310000,0.84,3.45,4.52,7.04
2013-10-22,24.85,24.80,25.25,24.66,9854,24510000,-0.38,-1.51,2.34,4.13
2013-10-23,24.74,24.65,25.97,24.54,18554,46960000,-0.15,-0.60,5.77,7.77
2013-10-24,24.80,26.33,26.59,24.33,30015,77720000,1.68,6.82,9.17,12.57
2013-10-25,26.00,25.75,26.70,25.00,20051,51930000,-0.58,-2.20,6.46,8.40
2013-10-28,25.50,24.10,25.75,23.88,15487,38160000,-1.65,-6.41,7.26,6.49
2013-10-29,24.17,22.50,24.41,21.70,16410,37610000,-1.60,-6.64,11.24,6.87
2013-10-30,22.50,23.08,23.16,22.24,7966,18190000,0.58,2.58,4.09,3.34
2013-10-31,23.00,23.07,23.27,22.62,5422,12450000,-0.01,-0.04,2.82,2.27
2013-11-01,22.86,23.45,24.20,22.85,9875,23330000,0.38,1.65,5.85,4.14
2013-11-04,23.32,23.50,23.87,23.31,3811,8970000,0.05,0.21,2.39,1.60
2013-11-05,23.39,23.35,23.58,23.00,5899,13740000,-0.15,-0.64,2.47,2.47
2013-11-06,23.39,23.36,23.85,23.30,5657,13340000,0.01,0.04,2.36,2.37
2013-11-07,23.30,22.37,23.30,22.31,7518,17020000,-0.99,-4.24,4.24,3.15
2013-11-08,22.17,22.29,22.60,21.91,6155,13690000,-0.08,-0.36,3.08,2.58
2013-11-11,22.45,23.50,24.13,22.19,8318,19270000,1.21,5.43,8.70,3.48
2013-11-12,23.58,24.01,24.22,23.35,9609,22940000,0.51,2.17,3.70,4.03
2013-11-13,23.99,24.02,24.37,23.39,8369,20030000,0.01,0.04,4.08,3.51
2013-11-14,23.90,25.47,26.12,23.88,21800,55060000,1.45,6.04,9.33,9.13
2013-11-15,25.47,26.90,27.27,25.33,24684,64540000,1.43,5.61,7.62,10.34
2013-11-18,26.69,26.83,28.89,26.50,23740,64850000,-0.07,-0.26,8.88,9.95
2013-11-19,26.83,26.56,27.53,26.10,18878,50150000,-0.27,-1.01,5.33,7.91
2013-11-20,26.70,26.70,26.81,26.18,13153,34790000,0.14,0.53,2.37,5.51
2013-11-21,26.47,26.19,26.59,25.86,12914,33760000,-0.51,-1.91,2.73,5.41
2013-11-22,26.15,26.46,26.89,26.08,11845,31390000,0.27,1.03,3.09,4.96
2013-11-25,26.46,27.97,28.30,26.00,25225,69470000,1.51,5.71,8.69,10.57
2013-11-26,27.80,29.21,30.30,27.61,29610,86330000,1.24,4.43,9.62,12.40
2013-11-27,29.01,29.21,29.76,28.78,16617,48440000,0.00,0.00,3.36,6.96
2013-11-28,29.23,32.13,32.13,29.23,27568,86280000,2.92,10.00,9.93,11.55
2013-11-29,32.98,34.20,35.28,32.52,57614,195010000,2.07,6.44,8.59,24.14
2013-12-02,31.04,31.00,33.38,30.78,41338,131870000,-3.20,-9.36,7.60,17.32
2013-12-03,30.10,34.10,34.10,29.22,40477,130010000,3.10,10.00,15.74,16.96
2013-12-04,35.00,37.51,37.51,35.00,35942,131350000,3.41,10.00,7.36,15.06
2013-12-05,38.00,35.45,39.37,34.37,66159,242660000,-2.06,-5.49,13.33,27.72
2013-12-06,34.80,34.29,36.68,33.40,38682,134440000,-1.16,-3.27,9.25,16.21
2013-12-09,33.95,35.98,36.19,33.61,35181,123690000,1.69,4.93,7.52,14.74
2013-12-10,35.80,33.70,35.92,32.90,29748,101590000,-2.28,-6.34,8.39,12.46
2013-12-11,33.57,33.22,33.96,32.33,20984,69370000,-0.48,-1.42,4.84,8.79
2013-12-12,33.29,33.13,34.19,32.80,20345,67930000,-0.09,-0.27,4.18,8.52
2013-12-13,33.02,33.40,33.99,32.18,22417,74340000,0.27,0.82,5.46,9.39
2013-12-16,32.96,31.60,33.33,31.60,19066,61540000,-1.80,-5.39,5.18,7.99
2013-12-17,31.69,32.30,32.57,31.59,13713,44060000,0.70,2.22,3.10,5.74
2013-12-18,32.30,33.85,34.00,32.30,28110,94150000,1.55,4.80,5.26,11.78
2013-12-19,33.35,32.60,33.99,32.60,17824,59190000,-1.25,-3.69,4.11,7.47
2013-12-20,32.20,30.29,32.20,30.00,19934,61330000,-2.31,-7.09,6.75,8.35
2013-12-23,30.40,30.50,31.27,29.30,13375,40650000,0.21,0.69,6.50,5.60
2013-12-24,30.28,30.91,31.58,30.17,13522,41900000,0.41,1.34,4.62,5.66
2013-12-25,31.10,34.00,34.00,30.80,28987,94740000,3.09,10.00,10.35,12.14
2013-12-26,34.90,32.80,34.90,32.48,25310,84820000,-1.20,-3.53,7.12,10.60
2013-12-27,32.60,33.79,34.29,32.60,19785,66740000,0.99,3.02,5.15,8.29
2013-12-30,33.98,33.33,34.20,33.06,15066,50530000,-0.46,-1.36,3.37,6.31
2013-12-31,33.15,32.08,33.32,31.56,14242,46040000,-1.25,-3.75,5.28,5.97
2014-01-02,31.73,32.34,32.86,31.73,9181,29660000,0.26,0.81,3.52,3.85
2014-01-03,32.10,31.33,32.35,30.91,16614,52180000,-1.01,-3.12,4.45,6.96
2014-01-06,30.99,30.10,31.00,30.00,14514,43920000,-1.23,-3.93,3.19,6.08
2014-01-07,30.10,30.54,30.65,29.81,6822,20660000,0.44,1.46,2.79,2.86
2014-01-08,30.45,31.32,31.44,30.33,9280,28840000,0.78,2.55,3.63,3.89
2014-01-09,31.03,30.38,31.50,30.35,9244,28700000,-0.94,-3.00,3.67,3.87
2014-01-10,30.13,29.90,30.68,29.90,7566,22870000,-0.48,-1.58,2.57,3.17
2014-01-13,30.00,30.29,30.40,29.40,7299,21840000,0.39,1.30,3.34,3.06
2014-01-14,30.29,30.98,31.09,30.02,9973,30730000,0.69,2.28,3.53,4.18
2014-01-15,30.98,32.13,32.28,30.06,17196,53660000,1.15,3.71,7.17,7.20
2014-01-16,31.92,32.95,33.70,31.60,20439,67280000,0.82,2.55,6.54,8.56
2014-01-17,32.87,32.40,33.18,31.77,11372,36910000,-0.55,-1.67,4.28,4.76
2014-01-20,32.40,31.82,32.62,31.31,5808,18530000,-0.58,-1.79,4.04,2.43
2014-01-21,31.88,32.00,32.27,31.70,5001,16000000,0.18,0.57,1.79,2.10
2014-01-22,31.88,32.87,32.97,31.84,9516,30950000,0.87,2.72,3.53,3.99
2014-01-23,32.77,33.04,33.27,32.30,12003,39340000,0.17,0.52,2.95,5.03
2014-01-24,32.80,32.93,33.40,32.80,9328,30860000,-0.11,-0.33,1.82,3.91
2014-01-27,32.90,32.35,33.17,32.30,8265,26890000,-0.58,-1.76,2.64,3.46
2014-01-28,32.59,32.33,32.88,31.80,6738,21750000,-0.02,-0.06,3.34,2.82
2014-01-29,32.43,32.70,32.80,32.11,5299,17280000,0.37,1.14,2.13,2.22
2014-01-30,32.70,32.88,33.80,32.68,7133,23690000,0.18,0.55,3.43,2.99
2014-02-07,32.00,32.78,32.96,32.00,7683,25000000,-0.10,-0.30,2.92,3.22
2014-02-10,32.89,33.90,34.00,32.81,14603,49250000,1.12,3.42,3.63,6.12
2014-02-11,34.10,34.40,35.88,33.67,16985,58710000,0.50,1.47,6.52,7.12
2014-02-12,34.42,35.00,35.51,34.42,12576,43970000,0.60,1.74,3.17,5.27
2014-02-13,35.35,33.33,35.36,33.27,14485,49200000,-1.67,-4.77,5.97,6.07
2014-02-14,33.30,33.88,33.88,32.80,11145,37090000,0.55,1.65,3.24,4.67
2014-02-17,33.80,34.14,34.20,33.78,12455,42360000,0.26,0.77,1.24,5.22
2014-02-18,34.14,33.93,34.39,33.40,9633,32540000,-0.21,-0.62,2.90,4.04
2014-02-19,33.95,33.95,34.25,33.51,8334,28230000,0.02,0.06,2.18,3.49
2014-02-20,33.97,32.84,34.07,32.66,8565,28390000,-1.11,-3.27,4.15,3.59
2014-02-21,32.66,32.86,33.40,32.63,6787,22370000,0.02,0.06,2.34,2.84
2014-02-24,32.98,33.12,33.20,32.45,7272,23830000,0.26,0.79,2.28,3.05
2014-02-25,33.15,34.27,35.59,32.70,28675,98090000,1.15,3.47,8.73,12.01
2014-02-26,33.92,37.37,37.39,33.50,46818,166420000,3.10,9.05,11.35,19.61
2014-02-27,36.70,36.00,37.30,35.38,30262,109510000,-1.37,-3.67,5.14,12.68
2014-02-28,35.32,32.40,35.32,32.40,30501,99920000,-3.60,-10.00,8.11,12.78
2014-03-03,31.36,31.89,32.29,30.89,12663,40100000,-0.51,-1.57,4.32,5.31
2014-03-04,31.90,30.93,32.10,30.55,14627,45770000,-0.96,-3.01,4.86,6.13
2014-03-05,30.94,31.00,31.61,30.79,9426,29510000,0.07,0.23,2.65,3.95
2014-03-06,31.00,31.00,31.04,30.22,8301,25390000,0.00,0.00,2.65,3.48
2014-03-07,31.09,31.39,31.76,30.68,6520,20410000,0.39,1.26,3.48,2.73
2014-03-10,31.39,29.50,31.78,29.31,9097,27460000,-1.89,-6.02,7.87,3.81
2014-03-11,29.59,30.00,30.79,29.59,5324,15960000,0.50,1.69,4.07,2.23
2014-03-12,29.93,29.76,30.17,29.13,5825,17290000,-0.24,-0.80,3.47,2.44
2014-03-13,30.03,29.90,30.29,29.76,3975,11950000,0.14,0.47,1.78,1.67
2014-03-14,29.89,29.90,30.20,29.80,4304,12920000,0.00,0.00,1.34,1.80
2014-03-17,30.17,30.69,30.84,29.80,6398,19460000,0.79,2.64,3.48,2.68
2014-03-18,30.69,31.21,31.58,30.68,9372,29240000,0.52,1.69,2.93,3.93
2014-03-19,31.01,31.30,31.39,30.70,4773,14800000,0.09,0.29,2.21,2.00
2014-03-20,31.05,30.20,31.66,30.02,6062,18790000,-1.10,-3.51,5.24,2.54
2014-03-21,30.00,30.78,31.00,29.80,6058,18560000,0.58,1.92,3.97,2.54
2014-03-24,30.78,30.74,31.22,30.67,3895,12030000,-0.04,-0.13,1.79,1.63
2014-03-25,30.86,30.18,30.86,29.90,4890,14770000,-0.56,-1.82,3.12,2.05
2014-03-26,30.03,30.59,30.59,30.03,2617,7930000,0.41,1.36,1.86,1.10
2014-03-27,30.58,29.85,30.59,29.80,2395,7210000,-0.74,-2.42,2.58,1.00
2014-03-28,29.85,28.97,29.85,26.87,12788,35660000,-0.88,-2.95,9.98,5.36
2014-03-31,28.00,27.70,28.40,27.50,3869,10790000,-1.27,-4.38,3.11,1.62
2014-04-01,27.71,28.05,28.28,27.71,2524,7090000,0.35,1.26,2.06,1.06
2014-04-02,28.14,27.87,28.18,27.22,4196,11680000,-0.18,-0.64,3.42,1.76
2014-04-03,27.95,28.01,28.13,27.60,2620,7320000,0.14,0.50,1.90,1.10
2014-04-04,28.01,28.46,28.50,27.88,2796,7910000,0.45,1.61,2.21,1.17
2014-04-08,28.40,29.85,31.31,28.23,7785,23390000,1.39,4.88,10.82,3.26
2014-04-09,30.20,30.23,30.61,29.62,5487,16470000,0.38,1.27,3.32,2.30
2014-04-10,30.06,30.99,31.38,30.06,13120,40530000,0.76,2.51,4.37,5.50
2014-04-11,31.20,30.38,31.35,30.03,9204,28100000,-0.61,-1.97,4.26,3.86
2014-04-14,30.35,30.40,30.53,29.92,3046,9210000,0.02,0.07,2.01,1.28
2014-04-15,30.38,30.14,30.38,30.08,3057,9230000,-0.26,-0.86,0.99,1.28
2014-04-16,30.30,30.17,30.32,30.03,2205,6660000,0.03,0.10,0.96,0.92
2014-04-17,30.16,30.23,30.68,30.11,3952,12040000,0.06,0.20,1.89,1.66
2014-04-18,30.36,30.08,30.44,30.02,3396,10240000,-0.15,-0.50,1.39,1.42
2014-04-21,29.94,29.68,30.15,29.66,2118,6320000,-0.40,-1.33,1.63,0.89
2014-04-22,29.60,29.10,29.96,29.00,2608,7650000,-0.58,-1.95,3.23,1.09
2014-04-23,28.85,28.56,29.31,28.05,3063,8830000,-0.54,-1.86,4.33,1.28
2014-04-24,28.70,28.39,28.76,28.27,2222,6330000,-0.17,-0.60,1.72,0.93
2014-04-25,28.39,28.26,28.81,28.20,2255,6430000,-0.13,-0.46,2.15,0.94
2014-04-28,28.19,27.00,28.27,26.96,3076,8400000,-1.26,-4.46,4.64,1.29
2014-04-29,26.33,27.19,27.20,26.33,2917,7850000,0.19,0.70,3.22,1.22
2014-04-30,27.18,27.26,27.48,27.05,2149,5850000,0.07,0.26,1.58,0.90
2014-05-05,27.30,27.78,28.42,27.30,5695,15930000,0.52,1.91,4.11,2.39
2014-05-06,27.97,28.36,28.88,27.96,4395,12540000,0.58,2.09,3.31,1.84
2014-05-07,28.59,27.79,28.68,27.56,4441,12520000,-0.57,-2.01,3.95,1.86
2014-05-08,27.85,27.32,27.88,27.30,2817,7760000,-0.47,-1.69,2.09,1.18
2014-05-09,27.32,27.17,27.58,27.00,1370,3720000,-0.15,-0.55,2.12,0.57
2014-05-12,27.58,27.94,28.00,27.38,2142,5950000,0.77,2.83,2.28,0.90
2014-05-13,27.98,28.02,28.10,27.80,1911,5340000,0.08,0.29,1.07,0.80
2014-05-14,28.05,28.31,28.47,27.85,2387,6730000,0.29,1.04,2.21,1.00
2014-05-15,28.50,31.14,31.14,28.50,21889,67120000,2.83,10.00,9.33,9.17
2014-05-16,32.00,30.89,32.30,29.63,30966,95840000,-0.25,-0.80,8.57,12.97
2014-05-19,30.25,30.40,30.68,29.83,11406,34490000,-0.49,-1.59,2.75,4.78
2014-05-20,30.68,32.00,32.83,30.20,26005,82240000,1.60,5.26,8.65,10.89
2014-05-21,15.70,15.60,15.79,14.70,33135,50460000,-0.38,-2.38,6.82,6.94
2014-05-22,15.31,15.09,15.50,15.05,29295,44660000,-0.51,-3.27,2.88,6.14
2014-05-23,14.91,15.13,15.30,14.65,26384,39470000,0.04,0.27,4.31,5.53
2014-05-26,15.10,15.38,15.38,14.86,28918,43800000,0.25,1.65,3.44,6.06
2014-05-27,15.29,15.05,15.36,15.03,17060,25800000,-0.33,-2.15,2.15,3.57
2014-05-28,15.10,15.21,15.25,14.91,19829,29980000,0.16,1.06,2.26,4.15
2014-05-29,15.17,14.98,15.23,14.61,27541,41030000,-0.23,-1.51,4.08,5.77
2014-05-30,14.88,14.69,14.88,14.39,19486,28510000,-0.29,-1.94,3.27,4.08
2014-06-03,14.68,14.80,14.88,14.61,12076,17820000,0.11,0.75,1.84,2.53
2014-06-04,14.80,14.39,14.80,14.26,14509,20950000,-0.41,-2.77,3.65,3.04
2014-06-05,14.39,14.65,14.67,14.22,11636,16820000,0.26,1.81,3.13,2.44
2014-06-06,14.65,14.61,14.83,14.52,10449,15330000,-0.04,-0.27,2.12,2.19
2014-06-09,14.52,14.46,14.75,14.41,9780,14270000,-0.15,-1.03,2.33,2.05
2014-06-10,14.50,14.74,14.83,14.41,11428,16750000,0.28,1.94,2.90,2.39
2014-06-11,14.70,15.05,15.05,14.70,18099,26880000,0.31,2.10,2.37,3.79
2014-06-12,15.00,14.88,15.12,14.87,13147,19670000,-0.17,-1.13,1.66,2.75
2014-06-13,14.88,14.90,15.00,14.78,13569,20210000,0.02,0.13,1.48,2.84
2014-06-16,14.85,14.95,14.96,14.80,13075,19480000,0.05,0.34,1.07,2.74
2014-06-17,14.90,14.70,14.90,14.62,11166,16470000,-0.25,-1.67,1.87,2.34
2014-06-18,14.71,14.69,14.78,14.64,9121,13410000,-0.01,-0.07,0.95,1.91
2014-06-19,14.73,14.10,14.82,13.98,12180,17480000,-0.59,-4.02,5.72,2.55
2014-06-20,14.15,14.52,14.59,14.03,9400,13490000,0.42,2.98,3.97,1.97
2014-06-23,14.50,14.65,14.70,14.41,5729,8380000,0.13,0.90,2.00,1.20
2014-06-24,14.59,15.03,15.67,14.47,26268,39440000,0.38,2.59,8.19,5.50
2014-06-25,14.99,16.07,16.39,14.71,72534,113330000,1.04,6.92,11.18,15.19
2014-06-26,15.83,15.92,16.52,15.73,61191,98630000,-0.15,-0.93,4.92,12.82
2014-06-27,15.86,15.96,16.27,15.80,29550,47340000,0.04,0.25,2.95,6.19
2014-06-30,15.81,16.23,16.38,15.81,28676,46510000,0.27,1.69,3.57,6.01
2014-07-01,16.19,16.41,16.42,16.11,30022,48910000,0.18,1.11,1.91,6.29
2014-07-02,16.44,16.10,16.50,15.86,27753,44740000,-0.31,-1.89,3.90,5.81
2014-07-03,16.00,16.37,16.45,15.88,28495,46360000,0.27,1.68,3.54,5.97
2014-07-04,16.37,16.29,16.43,16.10,17053,27710000,-0.08,-0.49,2.02,3.57
2014-07-07,16.39,16.74,16.92,16.12,27691,45660000,0.45,2.76,4.91,5.80
2014-07-08,16.70,16.73,16.89,16.41,24006,40010000,-0.01,-0.06,2.87,5.03
2014-07-09,16.70,16.04,16.70,16.00,22803,37390000,-0.69,-4.12,4.18,4.78
2014-07-11,16.50,16.32,16.92,16.30,24245,40150000,0.28,1.75,3.87,5.08
2014-07-14,16.28,16.31,16.38,15.95,15928,25820000,-0.01,-0.06,2.63,3.34
2014-07-15,16.35,16.00,16.38,15.96,17732,28480000,-0.31,-1.90,2.58,3.71
2014-07-16,15.94,15.65,16.15,15.63,14848,23560000,-0.35,-2.19,3.25,3.11
2014-07-17,15.54,15.54,15.74,15.45,11100,17280000,-0.11,-0.70,1.85,2.33
2014-07-18,15.55,16.80,16.80,15.55,32029,52130000,1.26,8.11,8.04,6.71
2014-07-21,16.82,16.46,16.82,16.32,23580,38950000,-0.34,-2.02,2.98,4.94
2014-07-22,16.43,16.53,16.55,16.31,16603,27310000,0.07,0.43,1.46,3.48
2014-07-23,16.45,16.13,16.54,15.85,17842,28900000,-0.40,-2.42,4.17,3.74
2014-07-24,16.08,15.95,16.23,15.51,13925,21970000,-0.18,-1.12,4.46,2.92
2014-07-25,15.93,16.05,16.17,15.71,8171,13080000,0.10,0.63,2.88,1.71
2014-07-28,16.13,16.30,16.47,16.05,15783,25630000,0.25,1.56,2.62,3.31
2014-07-29,16.32,16.82,16.95,16.30,33947,56830000,0.52,3.19,3.99,7.11
2014-07-30,16.88,17.80,18.00,16.72,66250,115990000,0.98,5.83,7.61,13.88
2014-07-31,17.80,17.69,17.90,17.41,34169,60210000,-0.11,-0.62,2.75,7.16
2014-08-01,17.50,18.48,19.20,17.45,73511,135580000,0.79,4.47,9.89,15.40
2014-08-04,18.60,18.76,19.14,18.31,41932,78570000,0.28,1.52,4.49,8.78
2014-08-05,18.59,18.46,18.80,18.30,38494,71080000,-0.30,-1.60,2.67,8.06
2014-08-06,18.47,18.10,18.50,17.91,34771,62940000,-0.36,-1.95,3.20,7.28
2014-08-07,18.09,18.80,18.95,17.91,46441,86220000,0.70,3.87,5.75,9.73
2014-08-08,18.70,20.11,20.39,18.51,80102,158870000,1.31,6.97,10.00,16.78
2014-08-11,20.10,20.34,21.06,19.83,53806,110610000,0.23,1.14,6.12,11.27
2014-08-12,20.42,20.31,20.42,19.90,25191,50800000,-0.03,-0.15,2.56,5.28
2014-08-13,20.24,21.76,21.94,20.01,51208,108160000,1.45,7.14,9.50,10.73
2014-08-14,21.70,21.16,21.70,21.10,46438,98810000,-0.60,-2.76,2.76,9.73
2014-08-15,21.01,21.00,21.38,20.59,31065,64810000,-0.16,-0.76,3.73,6.51
2014-08-18,20.91,21.01,21.87,20.90,39137,83370000,0.01,0.05,4.62,8.20
2014-08-19,21.12,20.69,21.20,20.28,42691,87760000,-0.32,-1.52,4.38,8.94
2014-08-20,20.68,20.54,20.93,20.30,20617,42550000,-0.15,-0.73,3.04,4.32
2014-08-21,20.66,21.27,21.46,20.35,35284,73810000,0.73,3.55,5.40,7.39
2014-08-22,21.28,20.80,21.50,20.79,25755,54400000,-0.47,-2.21,3.34,5.39
2014-08-25,20.72,20.41,20.80,20.16,19452,39660000,-0.39,-1.88,3.08,4.07
2014-08-26,20.40,20.36,20.59,20.06,13448,27300000,-0.05,-0.25,2.60,2.82
2014-08-27,20.36,20.50,20.68,20.26,9420,19300000,0.14,0.69,2.06,1.97
2014-08-28,20.51,20.18,20.68,20.12,10128,20590000,-0.32,-1.56,2.73,2.12
2014-08-29,20.18,20.36,20.42,19.95,9082,18360000,0.18,0.89,2.33,1.90
2014-09-01,20.20,20.64,20.78,20.20,10697,21990000,0.28,1.38,2.85,2.24
2014-09-02,20.66,21.25,21.45,20.65,21264,45020000,0.61,2.96,3.88,4.45
2014-09-03,21.30,21.15,21.45,20.96,16472,34890000,-0.10,-0.47,2.31,3.45
2014-09-04,21.25,21.08,21.45,20.86,19930,41900000,-0.07,-0.33,2.79,4.17
2014-09-05,21.10,20.97,21.19,20.72,16071,33570000,-0.11,-0.52,2.23,3.37
2014-09-09,21.00,21.06,21.25,20.95,15205,32070000,0.09,0.43,1.43,3.18
2014-09-10,21.06,21.00,21.12,20.80,12761,26750000,-0.06,-0.28,1.52,2.67
2014-09-11,21.01,22.21,22.57,20.80,49856,109100000,1.21,5.76,8.43,10.44
2014-09-12,22.15,22.18,22.30,21.68,21180,46710000,-0.03,-0.14,2.79,4.44
2014-09-15,22.18,22.70,23.00,22.08,23436,52900000,0.52,2.34,4.15,4.91
2014-09-16,22.80,21.17,22.98,21.01,33468,73430000,-1.53,-6.74,8.68,7.01
2014-09-17,21.17,20.96,21.50,20.50,18322,38620000,-0.21,-0.99,4.72,3.84
2014-09-18,20.98,21.62,21.68,20.98,17716,37900000,0.66,3.15,3.34,3.71
2014-09-19,21.62,21.72,22.03,21.20,15679,33880000,0.10,0.46,3.84,3.28
2014-09-22,21.70,21.21,21.70,21.18,13907,29780000,-0.51,-2.35,2.39,2.91
2014-09-23,21.25,21.29,21.45,21.17,10974,23370000,0.08,0.38,1.32,2.30
2014-09-24,21.32,22.38,22.49,21.32,35029,77070000,1.09,5.12,5.50,7.34
2014-09-25,22.41,21.81,22.43,21.70,23822,52390000,-0.57,-2.55,3.26,4.99
2014-09-26,21.72,21.80,22.10,21.50,15483,33810000,-0.01,-0.05,2.75,3.24
2014-09-29,21.97,22.06,22.49,21.89,17851,39620000,0.26,1.19,2.75,3.74
2014-09-30,22.07,22.12,22.28,22.00,10871,24000000,0.06,0.27,1.27,2.28
2014-10-08,22.13,23.79,24.10,22.13,42850,99460000,1.67,7.55,8.91,8.98
2014-10-09,23.90,24.23,24.25,23.24,38154,90510000,0.44,1.85,4.25,7.99
2014-10-10,23.97,25.36,26.65,23.63,51403,129820000,1.13,4.66,12.46,10.77
2014-10-13,25.80,25.99,26.30,24.85,35541,91230000,0.63,2.48,5.72,7.44
2014-10-14,25.94,25.24,25.94,24.99,35463,89660000,-0.75,-2.89,3.66,7.43
2014-10-15,25.49,25.42,25.98,24.60,30121,76600000,0.18,0.71,5.47,6.31
2014-10-16,25.76,24.92,25.76,24.85,26079,65790000,-0.50,-1.97,3.58,5.46
2014-10-17,24.78,24.73,25.15,24.00,20378,50240000,-0.19,-0.76,4.61,4.27
2014-10-20,24.98,25.40,25.66,24.75,19798,50190000,0.67,2.71,3.68,4.15
2014-10-21,25.90,24.99,25.98,24.84,21251,53870000,-0.41,-1.61,4.49,4.45
2014-10-22,24.96,24.02,24.96,24.00,15356,37310000,-0.97,-3.88,3.84,3.22
2014-10-23,24.02,23.07,24.12,22.85,16697,38900000,-0.95,-3.96,5.29,3.50
2014-10-24,23.05,23.44,23.58,22.81,9876,22990000,0.37,1.60,3.34,2.07
2014-10-27,23.35,23.58,23.60,23.28,7775,18230000,0.14,0.60,1.37,1.63
2014-10-28,23.65,24.79,24.80,23.65,13507,32910000,1.21,5.13,4.88,2.83
2014-10-29,24.72,24.63,25.39,24.59,22532,56200000,-0.16,-0.65,3.23,4.72
2014-10-30,24.53,24.74,25.13,24.53,14477,35880000,0.11,0.45,2.44,3.03
2014-10-31,24.75,24.95,25.10,24.12,13234,32580000,0.21,0.85,3.96,2.77
2014-11-03,24.96,24.74,24.99,24.64,11189,27690000,-0.21,-0.84,1.40,2.34
2014-11-04,24.94,24.30,24.94,24.21,10997,26930000,-0.44,-1.78,2.95,2.30
2014-11-05,24.20,24.35,24.45,24.00,6502,15760000,0.05,0.21,1.85,1.36
2014-11-06,24.22,24.47,24.50,24.00,8372,20300000,0.12,0.49,2.05,1.75
2014-11-07,24.47,24.51,24.85,24.20,11962,29380000,0.04,0.16,2.66,2.51
2014-11-10,24.70,24.15,24.71,24.09,10512,25440000,-0.36,-1.47,2.53,2.20
2014-11-11,24.25,22.73,24.46,22.59,22060,51260000,-1.42,-5.88,7.74,4.62
2014-11-12,22.52,23.15,23.20,22.50,8736,19930000,0.42,1.85,3.08,1.83
2014-11-13,23.12,22.99,23.65,22.85,10269,23810000,-0.16,-0.69,3.46,2.15
2014-11-14,22.98,22.96,23.49,22.56,5891,13510000,-0.03,-0.13,4.05,1.23
2014-11-17,22.76,23.15,23.24,22.76,7535,17330000,0.19,0.83,2.09,1.58
2014-11-18,23.19,23.10,23.38,22.88,8460,19550000,-0.05,-0.22,2.16,1.77
2014-11-19,23.32,23.38,23.48,22.81,11865,27600000,0.28,1.21,2.90,2.49
2014-11-20,23.38,23.05,23.38,22.88,8812,20360000,-0.33,-1.41,2.14,1.85
2014-11-21,22.90,23.07,23.24,22.90,8580,19820000,0.02,0.09,1.48,1.80
2014-11-24,23.09,23.10,23.50,22.98,14282,32960000,0.03,0.13,2.25,2.99
2014-11-25,23.26,23.71,23.75,22.96,17426,40620000,0.61,2.64,3.42,3.65
2014-11-26,23.50,23.75,23.95,23.43,12725,30190000,0.04,0.17,2.19,2.67
2014-11-27,23.75,23.88,24.00,23.61,13586,32370000,0.13,0.55,1.64,2.85
2014-11-28,23.80,23.46,23.95,23.27,12521,29610000,-0.42,-1.76,2.85,2.62
2014-12-01,23.46,22.47,23.80,21.99,24847,56000000,-0.99,-4.22,7.72,5.20
2014-12-02,22.47,22.46,22.70,22.35,14883,33470000,-0.01,-0.04,1.56,3.12
2014-12-03,22.50,22.10,22.68,21.87,21954,48560000,-0.36,-1.60,3.61,4.60
2014-12-04,22.28,22.41,22.60,22.10,23235,52050000,0.31,1.40,2.26,4.87
2014-12-05,22.50,24.06,24.65,22.20,59541,140090000,1.65,7.36,10.93,12.47
2014-12-08,23.61,24.48,24.80,23.30,52424,127510000,0.42,1.75,6.23,10.98
2014-12-09,24.29,22.50,24.39,22.20,29383,69440000,-1.98,-8.09,8.95,6.15
2014-12-10,22.50,22.99,23.29,22.50,11148,25590000,0.49,2.18,3.51,2.34
2014-12-11,22.99,23.02,23.49,22.88,9362,21630000,0.03,0.13,2.65,1.96
2014-12-12,23.30,23.52,23.85,22.89,12652,29670000,0.50,2.17,4.17,2.65
2014-12-15,23.50,24.32,24.59,23.29,28666,69390000,0.80,3.40,5.53,6.00
2014-12-16,24.17,24.05,24.32,23.75,13522,32400000,-0.27,-1.11,2.34,2.83
2014-12-17,24.03,23.57,24.03,23.40,9452,22380000,-0.48,-2.00,2.62,1.98
2014-12-18,23.57,23.15,23.75,23.01,9167,21320000,-0.42,-1.78,3.14,1.92
2014-12-19,23.09,22.51,23.10,22.00,14855,33530000,-0.64,-2.76,4.75,3.11
2014-12-22,22.50,20.46,23.00,20.26,19466,41010000,-2.05,-9.11,12.17,4.08
2014-12-23,20.41,20.59,21.27,20.41,9060,18950000,0.13,0.64,4.20,1.90
2014-12-24,20.59,21.11,21.50,20.59,7529,15920000,0.52,2.53,4.42,1.58
2014-12-25,21.28,21.42,22.00,21.28,5279,11380000,0.31,1.47,3.41,1.11
2014-12-26,21.42,21.26,21.54,21.21,5824,12410000,-0.16,-0.75,1.54,1.22
2014-12-29,21.26,21.00,21.88,20.50,12453,26480000,-0.26,-1.22,6.49,2.61
2014-12-30,20.85,20.86,21.59,20.80,7369,15520000,-0.14,-0.67,3.76,1.54
2014-12-31,20.86,20.80,21.28,20.45,7503,15490000,-0.06,-0.29,3.98,1.57
2015-01-05,20.81,20.16,20.85,18.72,10517,20920000,-0.64,-3.08,10.24,2.20
2015-01-06,20.18,20.81,20.98,19.30,12867,26080000,0.65,3.22,8.33,2.70
2015-01-07,20.78,20.63,20.98,20.38,7231,14880000,-0.18,-0.87,2.88,1.51
2015-01-08,20.72,20.69,20.95,20.63,4951,10290000,0.06,0.29,1.55,1.04
2015-01-09,20.69,21.00,21.57,20.65,13807,29290000,0.31,1.50,4.45,2.89
2015-01-12,20.89,21.08,21.44,20.85,7834,16600000,0.08,0.38,2.81,1.64
2015-01-13,21.08,21.22,21.52,21.00,5375,11410000,0.14,0.66,2.47,1.13
2015-01-14,21.22,21.19,21.50,21.02,6084,12960000,-0.03,-0.14,2.26,1.27
2015-01-15,21.03,21.12,21.49,21.03,6280,13350000,-0.07,-0.33,2.17,1.32
2015-01-16,21.12,20.95,21.36,20.72,6651,13920000,-0.17,-0.80,3.03,1.39
2015-01-19,19.90,20.28,21.45,19.90,10529,21950000,-0.67,-3.20,7.40,2.21
2015-01-20,20.14,20.96,21.28,20.14,8661,18180000,0.68,3.35,5.62,1.81
2015-01-21,21.16,22.01,22.65,21.16,16863,37200000,1.05,5.01,7.11,3.53
2015-01-22,22.01,22.16,22.44,22.01,9888,21960000,0.15,0.68,1.95,2.07
2015-01-23,22.18,21.90,22.38,21.89,8043,17830000,-0.26,-1.17,2.21,1.68
2015-01-26,21.80,22.22,22.26,21.80,6393,14140000,0.32,1.46,2.10,1.34
2015-01-27,22.22,22.61,22.89,22.10,12267,27620000,0.39,1.76,3.56,2.57
2015-01-28,22.66,22.29,22.66,22.20,9024,20120000,-0.32,-1.42,2.03,1.89
2015-01-29,22.29,21.94,22.29,21.85,7431,16360000,-0.35,-1.57,1.97,1.56
2015-01-30,21.72,21.47,22.00,21.39,8078,17450000,-0.47,-2.14,2.78,1.69
2015-02-02,21.45,21.13,21.59,21.06,5379,11420000,-0.34,-1.58,2.47,1.13
2015-02-03,21.10,21.52,21.63,21.10,7211,15440000,0.39,1.85,2.51,1.51
2015-02-04,21.49,21.92,22.20,20.88,20435,44030000,0.40,1.86,6.13,4.28
2015-02-05,21.90,21.39,21.90,21.19,10171,21840000,-0.53,-2.42,3.24,0.57
2015-02-06,21.20,20.70,21.46,20.45,8244,17200000,-0.69,-3.23,4.72,0.46
2015-02-09,20.98,20.33,20.99,20.21,5411,11070000,-0.37,-1.79,3.77,0.30
2015-02-10,20.36,20.40,20.58,20.16,4066,8250000,0.07,0.34,2.07,0.23
2015-02-11,20.38,20.60,20.68,20.36,5223,10730000,0.20,0.98,1.57,0.29
2015-02-12,20.65,20.42,20.78,20.32,7970,16350000,-0.18,-0.87,2.23,0.45
2015-02-13,20.46,20.75,20.87,20.46,15020,31060000,0.33,1.62,2.01,0.85
2015-02-16,20.85,21.17,21.22,20.70,11752,24660000,0.42,2.02,2.51,0.66
2015-02-17,21.38,21.42,21.47,21.17,9985,21270000,0.25,1.18,1.42,0.56
2015-02-25,21.42,20.93,21.43,20.88,11847,24950000,-0.49,-2.29,2.57,0.67
2015-02-26,20.98,21.18,21.18,20.86,7617,16040000,0.25,1.19,1.53,0.43
2015-02-27,21.18,21.07,21.22,20.89,12178,25630000,-0.11,-0.52,1.56,0.69
2015-03-02,21.26,22.58,22.87,21.18,32825,72330000,1.51,7.17,8.02,1.85
2015-03-03,22.30,23.28,23.99,22.25,37929,88760000,0.70,3.10,7.71,2.13
2015-03-04,23.24,23.52,23.85,23.00,21245,49910000,0.24,1.03,3.65,1.20
2015-03-05,23.55,23.53,23.80,23.15,20581,48180000,0.01,0.04,2.76,1.16
2015-03-06,23.50,22.60,23.70,22.60,15908,36730000,-0.93,-3.95,4.67,0.90
2015-03-09,22.71,22.80,23.00,22.64,11990,27350000,0.20,0.89,1.59,0.67
2015-03-10,22.80,23.17,23.20,22.67,15396,35390000,0.37,1.62,2.32,0.87
2015-03-11,23.17,22.33,23.32,22.17,20243,45660000,-0.84,-3.63,4.96,1.14
2015-03-12,22.42,22.11,22.59,22.03,19181,42480000,-0.22,-0.99,2.51,1.08
2015-03-13,22.18,22.90,23.11,22.18,15999,36570000,0.79,3.57,4.21,0.90
2015-03-16,23.26,23.44,23.50,22.94,25837,60390000,0.54,2.36,2.45,1.45
2015-03-17,23.65,25.06,25.32,23.65,55888,136960000,1.62,6.91,7.12,3.14
2015-03-18,24.89,25.34,25.88,24.58,35331,89350000,0.28,1.12,5.19,1.99
2015-03-19,25.10,24.85,25.36,24.75,19578,48720000,-0.49,-1.93,2.41,1.10
2015-03-20,24.85,25.10,25.35,24.73,16898,42330000,0.25,1.01,2.50,0.95
2015-03-23,25.01,25.26,25.28,24.58,40932,101770000,0.16,0.64,2.79,2.30
2015-03-24,25.05,27.20,27.59,24.80,62168,162090000,1.94,7.68,11.05,3.50
2015-03-25,26.90,26.28,26.90,25.50,38731,101730000,-0.92,-3.38,5.15,2.18
2015-03-26,26.20,25.59,26.20,25.36,26939,69360000,-0.69,-2.63,3.20,1.52
2015-03-27,25.85,28.15,28.15,25.60,61347,166580000,2.56,10.00,9.96,3.45
2015-03-30,28.50,29.11,30.88,28.16,61095,179830000,0.96,3.41,9.66,3.44
2015-03-31,29.69,28.71,29.80,28.30,23906,69050000,-0.40,-1.37,5.15,1.35
2015-04-01,29.30,29.34,29.49,28.73,23592,68960000,0.63,2.19,2.65,1.33
2015-04-02,29.34,29.49,30.10,29.01,26957,79150000,0.15,0.51,3.72,1.52
2015-04-03,29.00,29.98,31.23,28.66,31319,94220000,0.49,1.66,8.71,1.76
2015-04-07,29.80,29.98,30.87,29.52,18167,54270000,0.00,0.00,4.50,1.02
2015-04-08,29.86,28.76,30.22,28.01,30227,87850000,-1.22,-4.07,7.37,1.70
2015-04-09,28.70,29.45,29.85,25.88,46770,129610000,0.69,2.40,13.80,2.63
2015-04-10,28.80,29.48,30.18,27.80,37729,110670000,0.03,0.10,8.08,2.12
2015-04-13,29.57,30.62,31.29,29.57,32752,100400000,1.14,3.87,5.83,1.84
2015-04-14,30.63,30.39,31.13,29.82,25843,78920000,-0.23,-0.75,4.28,1.45
2015-04-15,30.77,29.03,30.80,28.69,16558,49090000,-1.36,-4.48,6.94,0.93
2015-04-16,28.80,29.21,29.48,28.03,28779,82760000,0.18,0.62,4.99,1.62
2015-04-17,29.00,28.65,29.50,28.60,22299,64340000,-0.56,-1.92,3.08,1.25
2015-04-20,28.65,27.47,28.86,27.47,17086,47880000,-1.18,-4.12,4.85,0.96
2015-04-21,27.40,28.76,29.10,27.30,21255,60790000,1.29,4.70,6.55,1.20
2015-04-22,29.10,29.57,30.05,29.10,17366,51540000,0.81,2.82,3.30,0.98
2015-04-23,29.50,32.00,32.00,29.50,36739,113760000,2.43,8.22,8.45,2.07
2015-04-24,31.50,31.54,31.88,30.50,22511,70290000,-0.46,-1.44,4.31,1.27
2015-04-27,31.55,31.50,32.22,30.85,16222,50990000,-0.04,-0.13,4.34,0.91
2015-04-28,31.50,34.20,34.65,30.90,41193,135160000,2.70,8.57,11.90,2.32
2015-04-29,34.00,33.50,34.80,32.70,26759,90700000,-0.70,-2.05,6.14,1.51
2015-04-30,33.40,33.51,34.77,33.02,21621,73310000,0.01,0.03,5.22,1.22
2015-05-04,34.00,34.32,34.66,33.31,16055,54780000,0.81,2.42,4.03,0.90
2015-05-05,34.32,35.02,36.50,34.01,30939,109500000,0.70,2.04,7.26,1.74
2015-05-06,33.83,33.88,36.95,33.50,27935,99280000,-1.14,-3.26,9.85,1.57
2015-05-07,33.54,35.09,36.50,32.80,27094,93750000,1.21,3.57,10.92,1.52
2015-05-08,36.10,38.60,38.60,35.56,39781,148120000,3.51,10.00,8.66,2.24
2015-05-11,42.46,42.46,42.46,39.60,18162,76800000,3.86,10.00,7.41,1.02
2015-05-12,45.98,46.71,46.71,43.20,47135,213630000,4.25,10.01,8.27,2.65
2015-05-13,47.50,46.30,48.90,43.48,44576,207100000,-0.41,-0.88,11.60,2.51
2015-05-14,45.30,48.88,50.62,44.86,33667,161080000,2.58,5.57,12.44,1.89
2015-05-15,48.85,48.64,50.10,46.88,19273,93540000,-0.24,-0.49,6.59,1.08
2015-05-18,47.80,50.39,52.00,47.20,16365,82410000,1.75,3.60,9.87,0.92
2015-05-19,50.90,55.43,55.43,50.03,17583,94080000,5.04,10.00,10.72,0.99
2015-05-20,56.55,57.75,60.97,55.70,21773,128160000,2.32,4.19,9.51,1.23
2015-05-21,56.91,58.49,60.00,55.30,29928,173540000,0.74,1.28,8.14,1.68
2015-05-22,58.10,57.28,58.60,55.80,23066,131360000,-1.21,-2.07,4.79,1.30
2015-05-25,56.01,54.89,57.27,53.80,34125,188530000,-2.39,-4.17,6.06,1.92
2015-05-26,55.23,55.80,56.55,54.30,31171,172320000,0.91,1.66,4.10,1.75
2015-05-27,55.79,58.98,60.48,55.09,34708,198260000,3.18,5.70,9.66,1.95
2015-05-28,58.75,55.27,61.00,55.00,39727,231420000,-3.71,-6.29,10.17,2.24
2015-05-29,55.00,56.50,57.28,52.01,28946,159940000,1.23,2.23,9.54,1.63
2015-06-01,57.29,58.99,59.58,56.50,21407,125140000,2.49,4.41,5.45,1.20
2015-06-02,58.50,58.80,60.40,56.19,31053,179990000,-0.19,-0.32,7.14,1.75
2015-06-03,59.70,56.00,59.70,54.51,36646,205860000,-2.80,-4.76,8.83,2.06
2015-06-04,54.91,52.80,55.00,50.62,27798,146240000,-3.20,-5.71,7.82,1.56
2015-06-05,52.75,55.21,57.00,52.74,20335,112090000,2.41,4.56,8.07,1.14
2015-06-08,55.38,58.78,58.80,55.38,34233,197650000,3.57,6.47,6.19,1.93
2015-06-09,59.00,61.85,63.00,59.00,31814,195700000,3.07,5.22,6.81,1.79
2015-06-10,62.04,64.30,64.50,59.12,30204,186420000,2.45,3.96,8.70,1.70
2015-06-11,63.73,63.95,65.50,62.00,19979,128210000,-0.35,-0.54,5.44,1.12
2015-06-12,65.33,60.15,65.33,59.98,28472,175140000,-3.80,-5.94,8.37,1.60
2015-06-15,58.84,58.44,62.50,58.00,24288,143710000,-1.71,-2.84,7.48,1.37
2015-06-16,58.00,57.02,61.61,55.95,31692,183960000,-1.42,-2.43,9.69,1.78
2015-06-17,58.50,58.91,61.00,55.05,16342,93830000,1.89,3.31,10.43,0.92
2015-06-18,60.00,58.38,61.30,58.02,27775,168380000,-0.53,-0.90,5.57,1.56
2015-06-19,58.30,54.40,59.15,53.11,21590,120860000,-3.98,-6.82,10.35,1.21
2015-06-23,53.97,50.45,56.00,48.96,26027,133060000,-3.95,-7.26,12.94,1.46
2015-06-24,51.30,53.79,54.37,50.49,22194,116030000,3.36,6.66,7.69,1.25
2015-06-25,54.33,56.13,59.10,52.61,27652,154710000,2.34,4.35,12.07,1.56
2015-06-26,54.99,50.52,54.99,50.52,15658,81290000,-5.61,-9.99,7.96,0.88
2015-06-29,50.65,45.47,53.50,45.47,28787,135090000,-5.05,-10.00,15.89,1.62
2015-06-30,44.00,49.98,49.98,40.92,39007,178160000,4.51,9.92,19.93,2.19
2015-07-01,50.00,47.60,53.80,46.65,51958,267800000,-2.38,-4.76,14.31,2.92
2015-07-02,46.00,42.84,47.94,42.84,29838,132110000,-4.76,-10.00,10.71,1.68
2015-07-03,45.90,39.80,45.90,38.56,101569,424860000,-3.04,-7.10,17.13,5.72
2015-07-06,42.01,36.05,43.43,35.82,61071,240820000,-3.75,-9.42,19.12,3.44
2015-07-07,33.00,32.45,33.00,32.45,13565,44110000,-3.60,-9.99,1.53,0.76
2015-07-14,35.70,35.70,35.70,35.70,855,3050000,3.25,10.02,0.00,0.05
2015-07-15,39.27,36.80,39.27,36.35,105090,405500000,1.10,3.08,8.18,5.91
2015-07-16,36.80,40.48,40.48,34.01,89686,342890000,3.68,10.00,17.58,5.05
2015-07-17,41.41,44.53,44.53,40.67,77484,335900000,4.05,10.00,9.54,4.36
2015-07-20,44.99,48.98,48.98,44.00,81192,378930000,4.45,9.99,11.18,4.57
2015-07-21,49.00,52.39,53.88,47.00,78201,405470000,3.41,6.96,14.05,4.40
2015-07-22,52.39,50.42,53.50,48.11,75547,382650000,-1.97,-3.76,10.29,4.25
2015-07-23,50.30,52.36,54.19,49.51,60259,313040000,1.94,3.85,9.28,3.39
2015-07-24,52.00,55.78,57.40,51.51,71188,392500000,3.42,6.53,11.25,4.01
2015-07-27,54.00,50.20,58.91,50.20,72241,399960000,-5.58,-10.00,15.61,4.07
2015-07-28,45.90,50.00,52.80,45.90,65895,324100000,-0.20,-0.40,13.75,3.71
2015-07-29,51.45,54.00,54.30,46.05,64057,323470000,4.00,8.00,16.50,3.60
2015-07-30,53.20,51.60,55.80,50.15,63581,343900000,-2.40,-4.44,10.46,3.58
2015-07-31,50.40,48.02,52.50,46.47,54032,271380000,-3.58,-6.94,11.69,3.04
2015-08-03,47.00,43.22,47.25,43.22,56041,249320000,-4.80,-10.00,8.39,3.15
2015-08-04,43.20,47.54,47.54,43.20,53929,246780000,4.32,10.00,10.04,3.03
2015-08-05,49.00,51.27,52.29,48.02,81679,415910000,3.73,7.85,8.98,4.60
2015-08-06,49.00,49.25,51.00,48.45,47636,236830000,-2.02,-3.94,4.97,2.68
2015-08-07,54.18,54.18,54.18,53.00,25810,139790000,4.93,10.01,2.40,1.45
2015-08-10,59.60,59.60,59.60,59.60,11681,69620000,5.42,10.00,0.00,0.66
2015-08-11,61.00,65.56,65.56,60.20,121994,766020000,5.96,10.00,8.99,6.86
2015-08-12,65.48,59.10,68.00,59.00,143281,900540000,-6.46,-9.85,13.73,8.06
2015-08-13,58.12,63.00,63.97,56.16,133133,811500000,3.90,6.60,13.21,7.49
2015-08-14,25.68,24.82,26.20,23.51,387753,968410000,-0.38,-1.51,10.67,8.73
2015-08-17,23.50,25.06,25.89,23.20,270939,673360000,0.24,0.97,10.84,6.10
2015-08-18,24.85,22.55,26.98,22.55,318869,792860000,-2.51,-10.02,17.68,7.18
2015-08-19,21.18,22.24,23.00,20.30,249703,530280000,-0.31,-1.37,11.97,5.62
2015-08-20,21.80,20.02,21.99,20.02,172675,360650000,-2.22,-9.98,8.86,3.89
2015-08-21,19.80,18.02,19.96,18.02,140827,264340000,-2.00,-9.99,9.69,3.17
2015-08-24,17.00,16.22,17.49,16.22,61200,99860000,-1.80,-9.99,7.05,1.38
2015-08-25,14.60,14.60,14.84,14.60,64681,94570000,-1.62,-9.99,1.48,1.46
2015-08-26,14.00,13.16,14.98,13.14,173075,241060000,-1.44,-9.86,12.60,3.90
2015-08-27,13.66,13.95,13.95,12.51,136312,184040000,0.79,6.00,10.94,3.07
2015-08-28,14.28,15.35,15.35,13.73,159473,233450000,1.40,10.04,11.61,3.59
2015-08-31,15.68,15.65,16.33,15.18,168902,268720000,0.30,1.95,7.49,3.80
2015-09-01,15.19,14.09,15.19,14.09,97028,139400000,-1.56,-9.97,7.03,2.18
2015-09-02,12.74,12.69,14.49,12.68,104255,138550000,-1.40,-9.94,12.85,2.35
2015-09-07,13.10,13.02,13.75,12.81,80029,106060000,0.33,2.60,7.41,1.80
2015-09-08,13.07,14.30,14.30,12.81,87883,118990000,1.28,9.83,11.44,1.98
2015-09-09,14.80,14.81,15.05,14.36,133888,196690000,0.51,3.57,4.83,3.01
2015-09-10,14.50,13.94,14.68,13.82,97897,140040000,-0.87,-5.87,5.81,2.20
2015-09-11,13.89,13.67,14.20,13.45,68323,94190000,-0.27,-1.94,5.38,1.54
2015-09-14,13.74,12.88,14.29,12.59,117792,159240000,-0.79,-5.78,12.44,2.65
2015-09-15,12.30,11.75,12.60,11.60,87505,106720000,-1.13,-8.77,7.76,1.97
2015-09-16,11.70,12.93,12.93,11.70,85260,104870000,1.18,10.04,10.47,1.92
2015-09-17,13.16,12.90,13.70,12.82,120765,159890000,-0.03,-0.23,6.81,2.72
2015-09-18,13.15,13.00,13.27,12.74,52111,67590000,0.10,0.78,4.11,1.17
2015-09-21,12.65,13.34,13.42,12.65,75205,98630000,0.34,2.62,5.92,1.69
2015-09-22,13.34,13.09,13.50,12.88,82492,108680000,-0.25,-1.87,4.65,1.86
2015-09-23,12.80,12.49,12.93,12.21,84776,106840000,-0.60,-4.58,5.50,1.91
2015-09-24,12.59,12.67,12.79,12.48,63826,80380000,0.18,1.44,2.48,1.44
2015-09-25,12.62,12.13,12.62,12.01,49916,61220000,-0.54,-4.26,4.81,1.12
2015-09-28,12.26,12.34,12.40,12.03,33862,41450000,0.21,1.73,3.05,0.76
2015-09-29,12.11,13.57,13.57,12.11,107110,143460000,1.23,9.97,11.83,2.41
2015-09-30,14.28,13.27,14.28,13.13,175349,240900000,-0.30,-2.21,8.47,3.95
2015-10-08,14.00,13.80,14.20,13.55,126561,175240000,0.53,3.99,4.90,2.85
2015-10-09,13.76,13.71,13.78,13.43,99117,134770000,-0.09,-0.65,2.54,2.23
2015-10-12,13.72,14.45,14.70,13.72,159828,227340000,0.74,5.40,7.15,3.60
2015-10-13,14.38,14.73,14.94,14.00,178346,255970000,0.28,1.94,6.51,4.01
2015-10-14,14.50,14.10,14.70,14.10,104511,150110000,-0.63,-4.28,4.07,2.35
2015-10-15,14.15,14.52,14.55,14.00,100136,143430000,0.42,2.98,3.90,2.25
2015-10-16,15.18,14.82,15.20,14.54,147994,220330000,0.30,2.07,4.55,3.33
2015-10-19,14.65,15.96,16.25,14.62,203220,315170000,1.14,7.69,11.00,4.57
2015-10-20,15.80,15.79,15.85,15.35,142004,222080000,-0.17,-1.07,3.13,3.20
2015-10-21,15.81,14.71,16.55,14.28,195382,306590000,-1.08,-6.84,14.38,4.40
2015-10-22,14.48,15.57,15.80,14.40,137226,206630000,0.86,5.85,9.52,3.09
2015-10-23,15.60,16.18,16.47,15.58,190553,305510000,0.61,3.92,5.72,4.29
2015-10-26,16.41,15.88,16.51,15.61,144532,229740000,-0.30,-1.85,5.56,3.25
2015-10-27,15.78,15.59,15.80,14.68,129773,198550000,-0.29,-1.83,7.05,2.92
2015-10-28,15.48,15.00,15.56,14.88,89687,136430000,-0.59,-3.78,4.36,2.02
2015-10-29,15.11,15.05,15.28,14.80,66913,100670000,0.05,0.33,3.20,1.51
2015-10-30,15.06,14.85,15.06,14.66,63762,94840000,-0.20,-1.33,2.66,1.44
2015-11-02,14.58,14.51,14.93,14.40,59953,87800000,-0.34,-2.29,3.57,1.35
2015-11-03,14.43,14.44,14.68,14.30,50020,72440000,-0.07,-0.48,2.62,1.13
2015-11-04,14.52,15.11,15.15,14.52,90922,135340000,0.67,4.64,4.36,2.05
2015-11-05,15.09,14.96,15.20,14.88,94027,141120000,-0.15,-0.99,2.12,2.12
2015-11-06,14.90,15.23,15.29,14.88,106279,161560000,0.27,1.80,2.74,2.39
2015-11-09,15.00,15.41,15.46,14.80,126070,191120000,0.18,1.18,4.33,2.84
2015-11-10,15.35,15.55,15.64,15.18,130837,202230000,0.14,0.91,2.99,2.94
2015-11-11,15.53,15.80,15.91,15.26,136074,211790000,0.25,1.61,4.18,3.06
2015-11-12,16.11,17.38,17.38,16.11,306108,515670000,1.58,10.00,8.04,6.89
2015-11-13,17.87,17.58,18.48,17.20,348217,620790000,0.20,1.15,7.36,7.84
2015-11-16,16.97,18.68,19.10,16.74,200507,355410000,1.10,6.26,13.42,4.51
2015-11-17,18.92,18.08,19.07,18.00,196041,362920000,-0.60,-3.21,5.73,4.41
2015-11-18,18.00,17.01,18.27,16.96,131144,229470000,-1.07,-5.92,7.25,2.95
2015-11-19,16.82,17.68,17.95,16.82,101582,175900000,0.67,3.94,6.64,2.29
2015-11-20,17.68,18.02,18.45,17.22,156148,280550000,0.34,1.92,6.96,3.51
2015-11-23,18.11,17.61,18.86,17.45,154153,280740000,-0.41,-2.28,7.82,3.47
2015-11-24,17.53,18.00,18.12,17.47,79460,141330000,0.39,2.21,3.69,1.79
2015-11-25,17.84,17.91,18.02,17.65,94419,168240000,-0.09,-0.50,2.06,2.13
2015-11-26,18.00,17.46,18.10,17.35,97075,171410000,-0.45,-2.51,4.19,2.19
2015-11-27,17.30,15.87,17.45,15.72,117044,194350000,-1.59,-9.11,9.91,2.63
2015-11-30,15.73,15.52,16.05,14.41,104718,160760000,-0.35,-2.21,10.33,2.36
2015-12-01,15.61,15.60,15.95,15.36,68180,106800000,0.08,0.52,3.80,1.53
2015-12-02,15.59,15.50,15.75,14.81,47199,72230000,-0.10,-0.64,6.03,1.06
2015-12-03,15.63,15.84,15.88,15.48,52866,83180000,0.34,2.19,2.58,1.19
2015-12-04,16.10,16.08,16.29,15.81,70527,113360000,0.24,1.52,3.03,1.59
2015-12-07,16.00,16.17,16.35,15.78,57410,92220000,0.09,0.56,3.54,1.29
2015-12-08,16.08,16.18,16.34,15.60,81776,131170000,0.01,0.06,4.58,1.84
2015-12-09,16.12,16.32,16.59,15.92,78550,128620000,0.14,0.87,4.14,1.77
2015-12-10,16.33,16.21,16.55,16.10,69804,113830000,-0.11,-0.67,2.76,1.57
2015-12-11,16.05,15.67,16.18,15.56,59817,94270000,-0.54,-3.33,3.82,1.35
2015-12-14,15.50,15.81,15.86,15.27,48900,75940000,0.14,0.89,3.77,1.10
2015-12-15,15.82,15.92,15.95,15.70,53881,85420000,0.11,0.70,1.58,1.21
2015-12-16,15.95,16.86,17.00,15.95,122548,204000000,0.94,5.90,6.60,2.76
2015-12-17,16.99,17.12,17.17,16.73,125622,212700000,0.26,1.54,2.61,2.83
2015-12-18,17.00,16.74,17.01,16.63,82077,137850000,-0.38,-2.22,2.22,1.85
2015-12-21,16.64,16.88,17.05,16.51,77411,130700000,0.14,0.84,3.23,1.74
2015-12-22,16.98,16.77,17.03,16.54,67923,113700000,-0.11,-0.65,2.90,1.53
2015-12-23,16.95,17.15,17.99,16.86,165372,287390000,0.38,2.27,6.74,3.72
2015-12-24,17.23,16.75,17.27,16.48,72042,120500000,-0.40,-2.33,4.61,1.62
2015-12-25,16.86,16.77,16.97,16.65,44535,74650000,0.02,0.12,1.91,1.00
2015-12-28,16.81,16.20,16.90,16.20,75438,124670000,-0.57,-3.40,4.17,1.70
2015-12-29,16.00,16.42,16.55,15.88,57329,93150000,0.22,1.36,4.14,1.29
2015-12-30,16.43,16.68,16.80,16.33,47813,79330000,0.26,1.58,2.86,1.08
2015-12-31,16.70,16.96,16.96,16.53,79954,134360000,0.28,1.68,2.58,1.80
2016-01-04,17.14,15.37,17.14,15.31,56643,93260000,-1.59,-9.38,10.79,1.27
2016-01-05,14.44,15.10,15.74,14.30,73458,110540000,-0.27,-1.76,9.37,1.65
2016-01-06,15.15,15.35,15.48,14.88,51848,78790000,0.25,1.66,3.97,1.17
2016-01-07,15.06,13.84,15.06,13.82,20654,29750000,-1.51,-9.84,8.08,0.46
2016-01-08,14.01,13.87,14.54,12.62,64107,88650000,0.03,0.22,13.87,1.44
2016-01-11,13.40,12.48,13.88,12.48,58964,76950000,-1.39,-10.02,10.09,1.33
2016-01-12,12.54,12.56,12.86,12.03,41029,51400000,0.08,0.64,6.65,0.92
2016-01-13,12.60,12.24,12.85,12.13,36535,45920000,-0.32,-2.55,5.73,0.82
2016-01-14,11.81,12.58,12.74,11.68,40303,49490000,0.34,2.78,8.66,0.91
2016-01-15,12.58,12.22,12.70,12.20,36436,45410000,-0.36,-2.86,3.97,0.82
2016-01-18,12.00,12.46,12.59,11.90,37389,46060000,0.24,1.96,5.65,0.84
2016-01-19,12.46,12.89,12.93,12.33,49529,62990000,0.43,3.45,4.82,1.11
2016-01-20,13.00,13.36,13.54,12.89,73771,98320000,0.47,3.65,5.04,1.66
2016-01-21,13.00,12.70,13.46,12.70,43286,56950000,-0.66,-4.94,5.69,0.97
2016-01-22,12.83,12.84,13.00,12.22,30972,39260000,0.14,1.10,6.14,0.70
2016-01-25,12.95,13.21,13.30,12.87,39011,51260000,0.37,2.88,3.35,0.88
2016-01-26,13.02,12.20,13.19,12.00,36847,46720000,-1.01,-7.65,9.01,0.83
2016-01-27,12.66,11.85,12.66,11.18,41356,48570000,-0.35,-2.87,12.13,0.93
2016-01-28,11.64,11.27,11.80,11.20,21236,24470000,-0.58,-4.89,5.06,0.48
2016-01-29,11.28,11.76,11.85,11.20,24330,28240000,0.49,4.35,5.77,0.55
2016-02-01,11.73,11.92,12.35,11.61,28075,33620000,0.16,1.36,6.29,0.63
2016-02-02,11.88,12.19,12.33,11.87,24342,29660000,0.27,2.27,3.86,0.55
2016-02-03,12.00,12.22,12.23,11.88,20905,25290000,0.03,0.25,2.87,0.47
2016-02-04,12.39,12.30,12.40,12.22,20715,25530000,0.08,0.65,1.47,0.47
2016-02-05,12.41,12.20,12.50,12.18,15263,18730000,-0.10,-0.81,2.60,0.34
2016-02-15,11.80,12.56,12.66,11.71,32121,39740000,0.36,2.95,7.79,0.72
2016-02-16,12.56,12.99,13.00,12.46,36640,47280000,0.43,3.42,4.30,0.82
2016-02-17,12.98,12.91,12.98,12.66,33692,43240000,-0.08,-0.62,2.46,0.76
2016-02-18,12.98,12.80,13.20,12.75,38432,49750000,-0.11,-0.85,3.49,0.87
2016-02-19,12.70,12.80,12.84,12.50,28687,36310000,0.00,0.00,2.66,0.65
2016-02-22,12.99,12.95,13.08,12.89,36151,46910000,0.15,1.17,1.48,0.81
2016-02-23,12.93,12.84,13.06,12.69,26796,34500000,-0.11,-0.85,2.86,0.60
2016-02-24,12.80,12.98,12.99,12.73,29122,37540000,0.14,1.09,2.02,0.66
2016-02-25,12.98,11.71,12.98,11.68,48731,59550000,-1.27,-9.78,10.02,1.10
2016-02-26,11.98,11.71,11.98,11.53,25403,29900000,0.00,0.00,3.84,0.57
2016-02-29,11.71,10.91,11.84,10.70,34214,37920000,-0.80,-6.83,9.74,0.77
2016-03-01,10.91,11.16,11.20,10.81,20963,23150000,0.25,2.29,3.57,0.47
2016-03-02,11.16,11.72,11.72,11.16,29936,34340000,0.56,5.02,5.02,0.67
2016-03-03,11.79,11.62,11.82,11.61,37525,43910000,-0.10,-0.85,1.79,0.84
2016-03-04,11.62,11.15,11.65,10.92,27261,30890000,-0.47,-4.04,6.28,0.61
2016-03-07,11.33,11.50,11.71,11.21,23032,26490000,0.35,3.14,4.48,0.52
2016-03-08,11.60,11.58,11.61,11.12,21740,24760000,0.08,0.70,4.26,0.49
2016-03-09,11.29,11.33,11.50,11.23,15421,17510000,-0.25,-2.16,2.33,0.35
2016-03-10,11.35,11.70,11.78,11.35,47882,55580000,0.37,3.27,3.80,1.08
2016-03-11,11.60,12.22,12.85,11.50,84603,102240000,0.52,4.44,11.54,1.90
2016-03-14,12.10,12.42,12.68,11.88,91896,113470000,0.20,1.64,6.55,2.07
2016-03-15,12.20,11.94,12.35,11.83,67034,80630000,-0.48,-3.86,4.19,1.51
2016-03-16,11.98,11.62,12.10,11.58,35710,42000000,-0.32,-2.68,4.36,0.80
2016-03-17,11.75,11.88,11.96,11.56,40330,47630000,0.26,2.24,3.44,0.91
2016-03-18,11.88,12.35,12.54,11.80,79599,97290000,0.47,3.96,6.23,1.79
2016-03-21,12.47,12.63,12.65,12.33,78073,97440000,0.28,2.27,2.59,1.76
2016-03-22,12.54,12.49,12.68,12.32,52226,65280000,-0.14,-1.11,2.85,1.18
2016-03-23,12.42,12.53,12.65,12.39,35281,44020000,0.04,0.32,2.08,0.79
2016-03-24,12.44,12.00,12.45,12.00,51365,63000000,-0.53,-4.23,3.59,1.16
2016-03-25,12.04,12.34,12.37,12.04,33571,40960000,0.34,2.83,2.75,0.76
2016-03-28,12.35,12.29,12.58,12.13,36599,45410000,-0.05,-0.41,3.65,0.82
2016-03-29,12.20,11.95,12.27,11.90,29804,35880000,-0.34,-2.77,3.01,0.67
2016-03-30,12.09,12.32,12.34,12.00,35341,43200000,0.37,3.10,2.85,0.80
2016-03-31,12.45,12.28,12.45,12.24,40212,49600000,-0.04,-0.32,1.70,0.91
2016-04-01,12.28,12.10,12.31,11.89,30166,36360000,-0.18,-1.47,3.42,0.68
2016-04-05,12.00,12.40,12.42,12.00,47267,57960000,0.30,2.48,3.47,1.06
2016-04-06,12.30,12.58,12.58,12.30,53933,67060000,0.18,1.45,2.26,1.21
2016-04-07,12.58,12.50,12.76,12.46,83234,105110000,-0.08,-0.64,2.38,1.87
2016-04-08,12.40,12.29,12.44,12.08,38748,47260000,-0.21,-1.68,2.88,0.87
2016-04-11,12.35,12.55,12.59,12.34,87063,108660000,0.26,2.12,2.03,1.70
2016-04-12,12.50,12.19,12.62,12.00,85835,104950000,-0.36,-2.87,4.94,1.68
2016-04-13,12.39,12.69,12.89,12.00,174869,217320000,0.50,4.10,7.30,3.42
2016-04-14,12.60,12.62,12.64,12.40,118795,148650000,-0.07,-0.55,1.89,2.33
2016-04-15,12.61,12.40,12.61,12.30,98314,121950000,-0.22,-1.74,2.46,1.93
2016-04-18,12.32,12.23,12.33,12.15,50464,61610000,-0.17,-1.37,1.45,0.99
2016-04-19,12.35,12.34,12.35,12.12,46438,56890000,0.11,0.90,1.88,0.91
2016-04-20,12.33,11.48,12.37,11.30,95029,111460000,-0.86,-6.97,8.67,1.86
2016-04-21,11.52,11.20,11.54,11.18,49546,56450000,-0.28,-2.44,3.14,0.97
2016-04-22,11.18,11.31,11.31,11.10,29128,32720000,0.11,0.98,1.88,0.57
2016-04-25,11.31,11.19,11.33,11.06,34197,38210000,-0.12,-1.06,2.39,0.67
2016-04-26,11.13,11.34,11.34,11.13,26104,29340000,0.15,1.34,1.88,0.51
2016-04-27,11.38,11.28,11.49,11.26,30649,34850000,-0.06,-0.53,2.03,0.60
2016-04-28,11.31,11.35,11.38,11.11,32060,36100000,0.07,0.62,2.39,0.63
2016-04-29,11.36,11.39,11.40,11.22,20832,23540000,0.04,0.35,1.59,0.41
2016-05-03,11.36,11.98,12.01,11.31,78337,92050000,0.59,5.18,6.15,1.53
2016-05-04,11.98,12.01,12.43,11.91,138175,169000000,0.03,0.25,4.34,2.71
2016-05-05,11.99,12.01,12.17,11.83,40481,48440000,0.00,0.00,2.83,0.79
2016-05-06,12.02,11.55,12.11,11.53,54436,64180000,-0.46,-3.83,4.83,1.07
2016-05-09,11.46,11.20,11.46,11.13,40033,45090000,-0.35,-3.03,2.86,0.78
2016-05-10,11.26,11.63,11.65,11.20,46667,53120000,0.43,3.84,4.02,0.91
2016-05-11,11.68,11.48,11.84,11.42,52318,60700000,-0.15,-1.29,3.61,1.02
2016-05-12,11.17,11.19,11.60,11.06,117763,132040000,-0.29,-2.53,4.70,2.31
2016-05-13,11.10,10.97,11.28,10.82,55388,61260000,-0.22,-1.97,4.11,1.08
2016-05-16,10.96,11.00,11.02,10.71,38188,41530000,0.03,0.27,2.83,0.75
2016-05-17,11.00,10.95,11.10,10.84,37083,40600000,-0.05,-0.45,2.36,0.73
2016-05-18,10.90,10.55,10.90,10.47,42541,45460000,-0.40,-3.65,3.93,0.83
2016-05-19,10.59,10.59,10.74,10.49,29084,30860000,0.04,0.38,2.37,0.57
2016-05-20,10.59,10.62,10.64,10.47,31610,33390000,0.03,0.28,1.61,0.62
2016-05-23,10.64,10.82,10.87,10.62,43525,46710000,0.20,1.88,2.35,0.85
2016-05-24,10.82,10.54,10.83,10.50,42128,44490000,-0.28,-2.59,3.05,0.83
2016-05-25,10.60,10.54,10.67,10.49,25679,27170000,0.00,0.00,1.71,0.50
2016-05-26,10.50,10.40,10.58,10.21,36144,37470000,-0.14,-1.33,3.51,0.71
2016-05-27,10.43,10.40,10.44,10.34,22057,22920000,0.00,0.00,0.96,0.43
2016-05-30,10.40,10.30,10.41,10.22,22356,23050000,-0.10,-0.96,1.83,0.44
2016-05-31,10.28,10.74,10.78,10.28,56347,59590000,0.44,4.27,4.85,1.10
2016-06-01,10.75,10.68,10.80,10.64,51088,54810000,-0.06,-0.56,1.49,1.00
2016-06-02,10.70,11.25,11.59,10.41,139580,154540000,0.57,5.34,11.05,2.73
2016-06-03,11.28,11.13,11.28,11.09,72449,80840000,-0.12,-1.07,1.69,1.42
2016-06-06,11.10,10.97,11.24,10.84,72948,80480000,-0.16,-1.44,3.59,1.43
2016-06-07,10.96,11.14,11.33,10.85,83314,92800000,0.18,1.64,4.38,1.63
2016-06-08,11.00,10.96,11.06,10.88,38062,41720000,-0.18,-1.62,1.62,0.75
2016-06-13,10.88,10.48,11.08,10.40,50884,55090000,-0.48,-4.38,6.20,1.00
2016-06-14,10.38,10.40,10.59,10.26,36927,38500000,-0.08,-0.76,3.15,0.72
2016-06-15,10.35,10.61,10.67,10.27,50858,53680000,0.21,2.02,3.85,1.00
2016-06-16,10.61,10.45,10.61,10.42,56952,59770000,-0.16,-1.51,1.79,1.12
2016-06-17,10.43,10.50,10.64,10.43,54631,57580000,0.05,0.48,2.01,1.07
2016-06-20,10.51,10.53,10.56,10.41,42278,44320000,0.03,0.29,1.43,0.83
2016-06-21,10.58,10.40,10.66,10.35,48990,51430000,-0.13,-1.23,2.94,0.96
2016-06-22,10.39,10.54,10.55,10.29,46467,48450000,0.14,1.35,2.50,0.91
2016-06-23,10.47,10.36,10.54,10.30,66452,69010000,-0.18,-1.71,2.28,1.30
2016-06-24,10.40,10.24,10.46,10.05,70200,72070000,-0.12,-1.16,3.96,1.37
2016-06-27,10.15,10.39,10.40,10.15,57292,59220000,0.15,1.46,2.44,1.12
2016-06-28,10.38,10.70,10.71,10.30,110833,117110000,0.31,2.98,3.95,2.17
2016-06-29,10.71,10.86,10.90,10.60,105776,113390000,0.16,1.50,2.80,2.07
2016-06-30,10.86,11.21,11.27,10.81,166961,184200000,0.35,3.22,4.24,3.27
2016-07-01,11.30,11.06,11.46,11.01,148465,166420000,-0.15,-1.34,4.01,2.91
2016-07-04,11.02,11.17,11.38,10.94,125598,141140000,0.11,0.99,3.98,2.46
2016-07-05,11.27,11.59,11.66,11.26,163090,186870000,0.42,3.76,3.58,3.19
2016-07-06,11.50,11.57,11.59,11.31,106683,121880000,-0.02,-0.17,2.42,2.09
2016-07-07,11.72,11.88,12.15,11.58,198808,236820000,0.31,2.68,4.93,3.89
2016-07-08,11.90,11.87,12.30,11.81,142068,170940000,-0.01,-0.08,4.12,2.78
2016-07-11,11.96,11.66,12.08,11.62,166223,196270000,-0.21,-1.77,3.88,3.26
2016-07-12,11.68,11.83,11.83,11.36,144126,166250000,0.17,1.46,4.03,2.82
2016-07-13,11.89,11.74,11.90,11.57,98551,115750000,-0.09,-0.76,2.79,1.93
2016-07-14,11.71,11.62,11.76,11.43,97194,112590000,-0.12,-1.02,2.81,1.90
2016-07-15,11.61,11.71,11.86,11.57,87997,103340000,0.09,0.77,2.50,1.72
2016-07-18,11.71,11.49,11.71,11.40,96153,110770000,-0.22,-1.88,2.65,1.88
2016-07-19,11.46,11.58,11.60,11.38,65935,75780000,0.09,0.78,1.91,1.29
2016-07-20,11.58,11.81,11.92,11.52,118290,139120000,0.23,1.99,3.45,2.32
2016-07-21,11.78,11.67,11.92,11.63,131996,155470000,-0.14,-1.19,2.46,2.58
2016-07-22,11.69,11.49,11.75,11.48,80979,94120000,-0.18,-1.54,2.31,1.59
2016-07-25,11.48,11.55,11.62,11.47,44819,51700000,0.06,0.52,1.31,0.88
2016-07-26,11.52,11.82,11.85,11.52,86082,100990000,0.27,2.34,2.86,1.69
2016-07-27,11.80,11.29,11.85,11.05,171568,196420000,-0.53,-4.48,6.77,3.36
2016-07-28,11.30,11.26,11.33,11.02,74807,83780000,-0.03,-0.27,2.75,1.46
2016-07-29,11.22,11.28,11.36,11.10,54381,61090000,0.02,0.18,2.31,1.06
2016-08-01,11.30,11.38,11.40,11.08,66428,74610000,0.10,0.89,2.84,1.30
2016-08-02,11.35,11.34,11.38,11.21,38382,43340000,-0.04,-0.35,1.49,0.75
2016-08-03,11.32,11.26,11.38,11.20,43087,48620000,-0.08,-0.71,1.59,0.84
2016-08-04,11.27,11.24,11.29,11.11,37190,41680000,-0.02,-0.18,1.60,0.73
2016-08-05,11.20,11.15,11.30,11.15,46443,52100000,-0.09,-0.80,1.33,0.91
2016-08-08,11.12,11.29,11.29,11.06,41965,47160000,0.14,1.26,2.06,0.82
2016-08-09,11.30,11.34,11.35,11.24,43191,48790000,0.05,0.44,0.97,0.85
2016-08-10,11.33,11.24,11.37,11.23,40924,46130000,-0.10,-0.88,1.23,0.80
2016-08-11,11.25,11.66,11.88,11.25,220888,257430000,0.42,3.74,5.61,4.33
2016-08-12,11.61,11.70,11.78,11.47,145216,168630000,0.04,0.34,2.66,2.84
2016-08-15,11.75,11.84,11.86,11.54,167987,197330000,0.14,1.20,2.74,3.29
2016-08-16,11.84,11.79,11.85,11.71,108644,127890000,-0.05,-0.42,1.18,2.13
2016-08-17,11.79,11.69,11.83,11.59,112322,131170000,-0.10,-0.85,2.04,2.20
2016-08-18,11.69,11.74,11.76,11.55,109571,127470000,0.05,0.43,1.80,2.15
2016-08-19,11.65,12.17,12.19,11.63,237861,283930000,0.43,3.66,4.77,4.66
2016-08-22,12.15,11.83,12.15,11.83,158096,189290000,-0.34,-2.79,2.63,3.10
2016-08-23,11.79,11.78,11.98,11.69,87266,103320000,-0.05,-0.42,2.45,1.71
2016-08-24,11.80,11.77,11.93,11.71,66712,78700000,-0.01,-0.08,1.87,1.31
2016-08-25,11.70,11.58,11.71,11.43,86622,100080000,-0.19,-1.61,2.38,1.70
2016-08-26,11.58,11.86,11.94,11.58,131346,155260000,0.28,2.42,3.11,2.57
2016-08-29,11.87,12.22,12.28,11.75,237332,287040000,0.36,3.04,4.47,4.65
2016-08-30,12.32,12.10,12.55,12.05,320021,394980000,-0.12,-0.98,4.09,6.27
2016-08-31,12.00,12.19,12.24,11.92,132721,160640000,0.09,0.74,2.64,2.60
2016-09-01,12.20,11.86,12.21,11.76,140457,168450000,-0.33,-2.71,3.69,2.75
2016-09-02,11.81,11.81,11.92,11.70,72065,85010000,-0.05,-0.42,1.86,1.41
2016-09-05,11.85,11.74,11.88,11.71,67981,80040000,-0.07,-0.59,1.44,1.33
2016-09-06,11.70,11.91,11.92,11.60,80103,94040000,0.17,1.45,2.73,1.57
2016-09-07,11.91,11.83,11.99,11.80,72739,86520000,-0.08,-0.67,1.60,1.42
2016-09-08,11.81,11.88,11.95,11.77,63418,75210000,0.05,0.42,1.52,1.24
2016-09-09,11.83,11.71,11.94,11.70,67440,79450000,-0.17,-1.43,2.02,1.32
2016-09-12,11.51,11.31,11.60,11.30,70710,81110000,-0.40,-3.42,2.56,1.38
2016-09-13,11.37,11.37,11.44,11.30,37755,42860000,0.06,0.53,1.24,0.74
2016-09-14,11.34,11.28,11.37,11.25,38933,44000000,-0.09,-0.79,1.06,0.76
2016-09-19,11.29,11.40,11.40,11.29,30466,34640000,0.12,1.06,0.98,0.60
2016-09-20,11.42,11.34,11.43,11.33,30427,34590000,-0.06,-0.53,0.88,0.60
2016-09-21,11.34,11.41,11.43,11.34,25658,29240000,0.07,0.62,0.79,0.50
2016-09-22,11.46,11.52,11.55,11.46,36098,41520000,0.11,0.96,0.79,0.71
2016-09-23,11.47,11.50,11.57,11.47,29609,34090000,-0.02,-0.17,0.87,0.58
2016-09-26,11.47,11.12,11.50,11.08,45296,51270000,-0.38,-3.30,3.65,0.89
2016-09-27,11.12,11.18,11.19,11.05,35256,39170000,0.06,0.54,1.26,0.69
2016-09-28,11.18,11.13,11.20,11.11,16724,18630000,-0.05,-0.45,0.81,0.33
2016-09-29,11.22,11.14,11.24,11.13,22200,24820000,0.01,0.09,0.99,0.43
2016-09-30,11.10,11.28,11.30,11.09,25145,28210000,0.14,1.26,1.89,0.49
2016-10-10,11.30,11.47,11.49,11.30,36774,42050000,0.19,1.68,1.68,0.72
2016-10-11,11.50,11.53,11.56,11.43,47987,55150000,0.06,0.52,1.13,0.94
2016-10-12,11.50,11.60,11.62,11.41,48591,55960000,0.07,0.61,1.82,0.95
2016-10-13,11.61,11.75,11.87,11.57,84056,98730000,0.15,1.29,2.59,1.65
2016-10-14,11.84,11.73,11.84,11.68,34508,40500000,-0.02,-0.17,1.36,0.68
2016-10-17,11.73,11.75,11.80,11.65,54548,63960000,0.02,0.17,1.28,1.07
2016-10-18,11.80,12.27,12.28,11.75,198900,240720000,0.52,4.43,4.51,3.90
2016-10-19,12.30,13.19,13.45,12.28,468328,598520000,0.92,7.50,9.54,9.17
2016-10-20,12.93,13.02,13.10,12.84,291661,377250000,-0.17,-1.29,1.97,5.71
2016-10-21,12.88,12.99,13.20,12.82,278772,361190000,-0.03,-0.23,2.92,5.46
2016-10-24,13.03,13.02,13.16,12.88,317533,412510000,0.03,0.23,2.16,6.22
2016-10-25,13.01,13.90,13.98,12.84,420548,555410000,0.88,6.76,8.76,8.24
2016-10-26,13.62,13.01,13.62,13.00,315559,418040000,-0.89,-6.40,4.46,6.18
2016-10-27,13.00,12.97,13.37,12.90,159505,208670000,-0.04,-0.31,3.61,3.12
2016-10-28,13.01,12.43,13.02,12.37,188169,237430000,-0.54,-4.16,5.01,3.68
2016-10-31,12.37,12.46,12.55,12.35,85371,106350000,0.03,0.24,1.61,1.67
2016-11-01,12.42,12.94,13.07,12.36,183971,233950000,0.48,3.85,5.70,3.60
2016-11-02,12.83,12.64,12.95,12.61,93544,119440000,-0.30,-2.32,2.63,1.83
2016-11-03,12.59,13.15,13.15,12.54,200709,260980000,0.51,4.03,4.83,3.93
2016-11-04,13.18,13.05,13.29,12.83,126095,164020000,-0.10,-0.76,3.50,2.47
2016-11-07,13.00,12.80,13.03,12.71,86976,111390000,-0.25,-1.92,2.45,1.70
2016-11-08,12.92,12.80,12.98,12.70,73836,94520000,0.00,0.00,2.19,1.45
2016-11-09,12.80,12.78,12.95,12.67,108588,139340000,-0.02,-0.16,2.19,2.13
2016-11-10,12.90,12.99,13.24,12.82,147713,192230000,0.21,1.64,3.29,2.89
2016-11-11,12.99,13.12,13.15,12.92,112103,146450000,0.13,1.00,1.77,2.20
2016-11-14,13.15,13.00,13.28,12.94,109153,142530000,-0.12,-0.91,2.59,2.14
2016-11-15,12.98,12.82,12.98,12.71,80115,102330000,-0.18,-1.38,2.08,1.57
2016-11-16,12.82,12.72,12.84,12.68,66861,85070000,-0.10,-0.78,1.25,1.31
2016-11-17,12.68,12.79,12.86,12.66,54424,69400000,0.07,0.55,1.57,1.07
2016-11-18,12.75,12.67,12.79,12.65,45135,57380000,-0.12,-0.94,1.09,0.88
2016-11-21,12.69,12.64,12.78,12.56,58880,74520000,-0.03,-0.24,1.74,1.15
2016-11-22,12.64,12.69,12.77,12.60,54705,69460000,0.05,0.40,1.34,1.07
2016-11-23,12.69,12.65,12.78,12.64,48636,61770000,-0.04,-0.32,1.10,0.95
2016-11-24,12.59,12.38,12.65,12.33,80158,100030000,-0.27,-2.13,2.53,1.57
2016-11-25,12.27,12.40,12.43,12.10,66872,81930000,0.02,0.16,2.67,1.31
2016-11-28,12.40,12.45,12.54,12.36,39472,49180000,0.05,0.40,1.45,0.77
2016-11-29,12.41,12.29,12.56,12.29,47417,58910000,-0.16,-1.29,2.17,0.93
2016-11-30,12.34,11.91,12.34,11.80,84079,101520000,-0.38,-3.09,4.39,1.65
2016-12-01,11.88,12.02,12.03,11.85,63283,75530000,0.11,0.92,1.51,1.24
2016-12-02,12.00,11.83,12.01,11.81,39328,46760000,-0.19,-1.58,1.66,0.77
2016-12-05,11.75,11.91,11.97,11.68,33800,40140000,0.08,0.68,2.45,0.66
2016-12-06,11.98,11.94,12.04,11.89,30782,36840000,0.03,0.25,1.26,0.60
2016-12-07,11.94,12.11,12.21,11.94,62733,76100000,0.17,1.42,2.26,1.23
2016-12-08,12.13,12.00,12.23,11.96,42587,51510000,-0.11,-0.91,2.23,0.83
2016-12-09,12.00,11.95,12.10,11.86,33889,40690000,-0.05,-0.42,2.00,0.66
2016-12-12,11.90,11.24,11.99,11.03,68846,79480000,-0.71,-5.94,8.03,1.35
2016-12-13,11.14,11.23,11.30,11.10,35649,39970000,-0.01,-0.09,1.78,0.70
2016-12-14,11.26,11.22,11.35,11.16,24589,27680000,-0.01,-0.09,1.69,0.48
2016-12-15,11.18,11.25,11.36,11.16,28685,32300000,0.03,0.27,1.78,0.56
2016-12-16,11.21,11.37,11.43,11.20,26317,29860000,0.12,1.07,2.04,0.52
2016-12-19,11.38,11.35,11.45,11.30,22220,25240000,-0.02,-0.18,1.32,0.44
2016-12-20,11.40,11.39,11.42,11.28,23164,26290000,0.04,0.35,1.23,0.45
2016-12-21,11.36,11.42,11.48,11.35,42183,48090000,0.03,0.26,1.14,0.83
2016-12-22,11.44,11.45,11.54,11.38,29651,33980000,0.03,0.26,1.40,0.58
2016-12-23,11.44,11.28,11.48,11.25,28402,32170000,-0.17,-1.48,2.01,0.56
2016-12-26,11.24,11.38,11.39,11.12,31363,35280000,0.10,0.89,2.39,0.61
2016-12-27,11.38,11.32,11.42,11.29,20637,23400000,-0.06,-0.53,1.14,0.40
2016-12-28,11.35,11.28,11.35,11.26,17776,20080000,-0.04,-0.35,0.80,0.35
2016-12-29,11.23,11.27,11.34,11.21,21392,24110000,-0.01,-0.09,1.15,0.42
2016-12-30,11.27,11.30,11.36,11.27,20162,22810000,0.03,0.27,0.80,0.39
2017-01-03,11.35,11.40,11.48,11.32,32116,36670000,0.10,0.89,1.42,0.63
2017-01-04,11.36,11.48,11.50,11.36,28375,32490000,0.08,0.70,1.23,0.56
2017-01-05,11.48,11.41,11.54,11.40,30399,34800000,-0.07,-0.61,1.22,0.60
2017-01-06,11.45,11.26,11.47,11.25,41887,47390000,-0.15,-1.31,1.93,0.82
2017-01-09,11.26,11.42,11.47,11.13,34726,39370000,0.16,1.42,3.02,0.68
2017-01-10,11.40,11.36,11.45,11.35,27289,31110000,-0.06,-0.53,0.88,0.53
2017-01-11,11.37,11.42,11.54,11.37,38830,44500000,0.06,0.53,1.50,0.76
2017-01-12,11.42,11.52,11.64,11.42,46050,53210000,0.10,0.88,1.93,0.90
2017-01-13,11.45,11.42,11.67,11.30,53900,62080000,-0.10,-0.87,3.21,1.06
2017-01-16,11.31,10.76,11.36,10.32,74551,81210000,-0.66,-5.78,9.11,1.46
2017-01-17,10.56,10.77,10.82,10.43,31953,34060000,0.01,0.09,3.62,0.63
2017-01-18,10.77,10.64,10.77,10.62,16888,18040000,-0.13,-1.21,1.39,0.33
2017-01-19,10.64,10.51,10.64,10.43,23756,24960000,-0.13,-1.22,1.97,0.47
2017-01-20,10.51,10.64,10.72,10.49,18680,19880000,0.13,1.24,2.19,0.37
2017-01-23,10.64,10.65,10.85,10.60,35647,38140000,0.01,0.09,2.35,0.70
2017-01-24,10.65,10.71,10.78,10.60,17371,18540000,0.06,0.56,1.69,0.34
2017-01-25,10.72,10.71,10.75,10.63,13668,14640000,0.00,0.00,1.12,0.27
2017-01-26,10.75,10.85,10.95,10.75,19324,20940000,0.14,1.31,1.87,0.38
2017-02-03,10.85,10.77,10.92,10.71,15427,16610000,-0.08,-0.74,1.94,0.30
2017-02-06,10.81,10.92,10.97,10.77,24412,26620000,0.15,1.39,1.86,0.48
2017-02-07,10.92,10.86,10.92,10.80,17872,19403500,-0.06,-0.55,1.099,0.35
2017-02-08,10.85,10.91,10.94,10.80,19540,21278400,0.05,0.46,1.289,0.38
2017-02-09,10.88,10.96,10.98,10.88,24876,27208200,0.05,0.46,0.917,0.49
2017-02-10,11.06,10.93,11.06,10.92,22801,24976700,-0.03,-0.27,1.277,0.45
2017-02-13,11.00,11.01,11.04,10.89,24236,26581500,0.08,0.73,1.372,0.47
2017-02-14,10.96,10.89,11.03,10.86,35569,38812200,-0.12,-1.09,1.544,0.70
2017-02-15,10.86,10.80,10.94,10.77,36246,39384500,-0.09,-0.83,1.561,0.71
2017-02-16,10.73,10.81,10.81,10.67,29019,31226700,0.01,0.09,1.296,0.57
2017-02-17,10.80,10.84,10.97,10.79,32401,35245800,0.03,0.28,1.665,0.63
2017-02-20,10.84,10.94,10.94,10.81,26568,28871500,0.10,0.92,1.199,0.52
2017-02-21,10.94,11.04,11.04,10.88,43557,47826900,0.10,0.91,1.46,0.85
2017-02-22,11.07,11.20,11.20,10.97,50893,56314200,0.16,1.45,2.08,1.00
2017-02-23,11.62,11.74,12.18,11.62,257867,304937200,0.54,4.82,5.00,5.05
2017-02-24,11.58,11.50,11.65,11.41,108998,125439900,-0.24,-2.04,2.04,2.13
2017-02-27,11.45,11.45,11.61,11.37,62974,72391900,-0.05,-0.43,2.09,1.23
2017-02-28,11.44,11.35,11.48,11.30,49756,56482700,-0.10,-0.87,1.57,0.97
2017-03-01,11.35,11.38,11.46,11.33,39543,45067200,0.03,0.26,1.15,0.77
2017-03-02,11.40,11.33,11.48,11.32,35993,40928300,-0.05,-0.44,1.41,0.70
2017-03-03,11.35,11.26,11.35,11.23,30731,34632800,-0.07,-0.62,1.06,0.60
2017-03-06,11.22,11.36,11.36,11.21,35417,40039300,0.10,0.89,1.33,0.69
2017-03-07,11.32,11.40,11.40,11.28,37017,41957400,0.04,0.35,1.06,0.72
2017-03-08,11.39,11.34,11.50,11.30,37277,42499000,-0.06,-0.53,1.75,0.73
2017-03-09,11.34,11.23,11.34,11.21,26982,30316500,-0.11,-0.97,1.15,0.53
2017-03-10,11.31,11.35,11.35,11.22,30108,33965700,0.12,1.07,1.16,0.59
2017-03-13,11.28,11.52,11.68,11.26,67304,77465800,0.17,1.50,3.70,1.32
2017-03-14,11.53,11.49,11.55,11.42,42695,48978700,-0.03,-0.26,1.13,0.84
2017-03-15,11.44,11.42,11.57,11.41,30843,35413900,-0.07,-0.61,1.39,0.60
2017-03-16,11.43,11.46,11.55,11.42,40155,46014238,0.04,0.35,1.14,0.79
2017-03-17,11.39,11.33,11.48,11.30,42397,48306944,-0.13,-1.13,1.57,0.83
2017-03-20,11.31,11.29,11.34,11.21,33583,37806435,-0.04,-0.35,1.15,0.66
2017-03-21,11.29,11.44,11.45,11.26,36827,41786919,0.15,1.33,1.68,0.72
2017-03-22,11.38,11.33,11.45,11.31,33597,38180047,-0.11,-0.96,1.22,0.66
2017-03-23,11.33,11.41,11.47,11.26,38373,43691355,0.08,0.71,1.85,0.75
2017-03-24,11.41,11.47,11.47,11.30,43892,50026897,0.06,0.53,1.49,0.86
2017-03-27,11.45,11.50,11.60,11.43,60333,69501327,0.03,0.26,1.48,1.18
2017-03-28,11.47,11.39,11.55,11.39,32062,36771292,-0.11,-0.96,1.39,0.63
2017-03-29,11.40,11.27,11.44,11.25,33503,37891742,-0.12,-1.05,1.67,0.66
2017-03-30,11.27,10.92,11.28,10.89,56633,62689047,-0.35,-3.11,3.46,1.11
2017-03-31,10.92,10.90,11.00,10.82,25894,28287097,-0.02,-0.18,1.65,0.51
2017-04-05,10.90,11.04,11.05,10.90,30591,33644263,0.14,1.28,1.38,0.60
2017-04-06,11.06,11.03,11.07,10.97,25425,27979269,-0.01,-0.09,0.91,0.50
2017-04-07,11.00,10.92,11.03,10.92,28349,31067068,-0.11,-1.00,1.00,0.56
2017-04-10,10.90,10.73,10.93,10.72,38533,41645169,-0.19,-1.74,1.92,0.76
2017-04-11,10.72,10.79,10.81,10.61,40257,43055020,0.06,0.56,1.86,0.79
2017-04-12,10.80,10.87,10.94,10.70,38712,41899427,0.08,0.74,2.22,0.76
2017-04-13,10.83,10.83,10.89,10.74,21772,23549375,-0.04,-0.37,1.38,0.43
2017-04-14,10.84,10.65,10.84,10.64,27850,29915457,-0.18,-1.66,1.85,0.55
2017-04-17,10.63,10.47,10.67,10.41,33319,35072297,-0.18,-1.69,2.44,0.65
2017-04-18,10.50,10.38,10.64,10.32,28747,30112270,-0.09,-0.86,3.06,0.56
2017-04-19,10.39,10.48,10.55,10.35,31723,33084482,0.10,0.96,1.93,0.62
2017-04-20,10.48,10.65,10.68,10.48,33078,35072365,0.17,1.62,1.91,0.65
2017-04-21,10.68,10.56,10.73,10.54,18050,19181835,-0.09,-0.85,1.78,0.35
2017-04-24,10.55,10.06,10.58,9.95,52523,53350575,-0.50,-4.73,5.97,1.03
2017-04-25,10.07,9.80,10.16,9.78,47869,47607335,-0.26,-2.58,3.78,0.94
2017-04-26,9.84,9.81,9.87,9.70,27415,26817721,0.01,0.10,1.73,0.54
2017-04-27,9.75,9.86,9.88,9.51,35996,34759294,0.05,0.51,3.77,0.70
2017-04-28,9.82,9.90,9.94,9.75,16395,16157938,0.04,0.41,1.93,0.32
2017-05-02,9.90,9.85,9.94,9.80,13823,13637858,-0.05,-0.51,1.41,0.27
2017-05-03,9.85,9.75,9.87,9.66,23328,22758122,-0.10,-1.02,2.13,0.46
2017-05-04,9.77,9.67,9.78,9.63,16079,15607715,-0.08,-0.82,1.54,0.32
2017-05-05,9.65,9.48,9.65,9.45,35763,34091718,-0.19,-1.96,2.07,0.70
2017-05-08,9.47,9.36,9.47,9.31,27360,25674742,-0.12,-1.27,1.69,0.54
2017-05-09,9.35,9.51,9.54,9.32,30751,29066197,0.15,1.60,2.35,0.60
2017-05-10,9.50,9.32,9.54,9.32,16528,15590870,-0.19,-2.00,2.31,0.32
2017-05-11,9.30,9.09,9.30,8.97,30714,27941535,-0.23,-2.47,3.54,0.60
2017-05-12,9.09,9.05,9.13,8.99,14988,13563917,-0.04,-0.44,1.54,0.29
2017-05-15,9.05,9.06,9.14,9.04,18823,17058638,0.01,0.11,1.10,0.37
2017-05-16,9.06,9.29,9.30,8.99,24155,22034944,0.23,2.54,3.42,0.47
2017-05-17,9.31,9.26,9.34,9.23,19084,17715163,-0.03,-0.32,1.18,0.37
2017-05-18,9.18,9.22,9.33,9.15,14403,13324218,-0.04,-0.43,1.94,0.28
2017-05-19,9.22,9.21,9.29,9.10,18582,17055597,-0.01,-0.11,2.06,0.36
2017-05-22,9.19,9.10,9.25,9.05,20346,18574812,-0.11,-1.19,2.17,0.40
2017-05-23,9.10,8.85,9.11,8.85,25505,22847804,-0.25,-2.75,2.86,0.50
2017-05-24,8.85,8.91,8.94,8.66,16543,14565030,0.06,0.68,3.16,0.32
2017-05-25,8.92,8.95,8.98,8.77,17569,15613724,0.04,0.45,2.36,0.34
2017-05-26,8.97,9.01,9.02,8.91,16083,14445200,0.06,0.67,1.23,0.32
2017-05-31,9.05,9.01,9.23,9.00,11626,10552731,0.00,0.00,2.55,0.23
2017-06-01,9.01,8.98,9.10,8.96,12795,11531143,-0.03,-0.33,1.55,0.25
2017-06-02,8.98,9.08,9.11,8.93,15315,13810454,0.10,1.11,2.00,0.30
2017-06-05,9.09,9.10,9.15,9.08,10702,9750351,0.02,0.22,0.77,0.21
2017-06-06,9.08,9.12,9.13,9.05,9705,8826829,0.02,0.22,0.88,0.19
2017-06-07,9.15,9.25,9.28,9.12,22482,20696044,0.13,1.43,1.75,0.44
2017-06-08,9.25,9.17,9.25,9.14,17857,16391554,-0.08,-0.86,1.19,0.35
2017-06-09,9.16,9.14,9.21,9.10,11215,10233423,-0.02,-0.22,1.20,0.22
