日期,开盘,收盘,最高,最低,交易量(手),交易金额(元),涨跌额,涨跌幅(%),振幅(%),换手率(%)
2015-06-12,17.84,21.41,21.41,17.84,58,120000,6.54,43.98,24.01,0.02
2015-06-15,23.55,23.55,23.55,23.55,37,90000,2.14,10.00,0.00,0.01
2015-06-16,25.91,25.91,25.91,25.91,43,110000,2.36,10.02,0.00,0.02
2015-06-17,28.50,28.50,28.50,28.50,71,200000,2.59,10.00,0.00,0.03
2015-06-18,31.35,31.35,31.35,31.35,96,300000,2.85,10.00,0.00,0.04
2015-06-19,34.49,34.49,34.49,34.49,598,2060000,3.14,10.02,0.00,0.24
2015-06-23,37.94,37.94,37.94,37.94,154,580000,3.45,10.00,0.00,0.06
2015-06-24,41.73,41.73,41.73,41.73,97,400000,3.79,9.99,0.00,0.04
2015-06-25,45.90,45.90,45.90,45.90,157,720000,4.17,9.99,0.00,0.06
2015-06-26,50.49,50.49,50.49,48.12,51544,259880000,4.59,10.00,5.16,20.62
2015-06-29,47.99,45.44,47.99,45.44,13378,61730000,-5.05,-10.00,5.05,5.35
2015-06-30,40.90,43.46,48.50,40.90,99077,423780000,-1.98,-4.36,16.73,39.63
2015-07-01,40.93,45.00,47.81,39.22,117349,525720000,1.54,3.54,19.77,46.94
2015-07-02,44.02,40.50,47.50,40.50,88879,389050000,-4.50,-10.00,15.56,35.55
2015-07-03,36.45,36.45,38.56,36.45,48738,180030000,-4.05,-10.00,5.21,19.50
2015-07-06,39.00,32.81,40.00,32.81,74225,267400000,-3.64,-9.99,19.73,29.69
2015-07-07,29.76,29.53,30.50,29.53,12123,35940000,-3.28,-10.00,2.96,4.85
2015-07-08,26.58,26.58,26.58,26.58,2827,7510000,-2.95,-9.99,0.00,1.13
2015-07-09,23.92,29.24,29.24,23.92,74295,203580000,2.66,10.01,20.02,29.72
2015-07-10,32.15,32.16,32.16,31.00,26137,83780000,2.92,9.99,3.97,10.45
2015-07-13,35.38,35.38,35.38,34.20,31032,109670000,3.22,10.01,3.67,12.41
2015-07-14,37.88,38.92,38.92,36.99,80089,309340000,3.54,10.01,5.46,32.04
2015-07-15,38.80,35.03,38.80,35.03,50691,182080000,-3.89,-9.99,9.69,20.28
2015-07-16,34.00,33.87,36.87,31.53,64583,219660000,-1.16,-3.31,15.24,25.83
2015-07-17,33.91,36.11,37.00,33.87,45148,159500000,2.24,6.61,9.24,18.06
2015-07-20,35.90,35.64,37.15,34.98,45318,162690000,-0.47,-1.30,6.01,18.13
2015-07-21,34.33,37.89,38.10,34.00,50967,186140000,2.25,6.31,11.50,20.39
2015-07-22,37.42,37.94,38.80,36.18,50094,188760000,0.05,0.13,6.91,20.04
2015-07-23,38.35,41.73,41.73,37.90,52838,211790000,3.79,9.99,10.09,21.14
2015-07-24,42.73,40.56,45.12,39.71,82142,355680000,-1.17,-2.80,12.96,32.86
2015-07-27,38.50,36.50,42.11,36.50,54638,217520000,-4.06,-10.01,13.83,21.86
2015-07-28,34.00,35.00,37.99,32.85,45855,158990000,-1.50,-4.11,14.08,18.34
2015-07-29,35.58,38.50,38.50,33.22,51567,185370000,3.50,10.00,15.09,20.63
2015-07-30,37.94,40.68,42.35,36.95,97829,399800000,2.18,5.66,14.03,39.13
2015-07-31,38.82,44.65,44.75,38.82,110126,470770000,3.97,9.76,14.58,44.05
2015-08-03,44.45,49.12,49.12,41.13,111468,497050000,4.47,10.01,17.89,44.59
2015-08-04,47.58,44.21,50.11,44.21,104240,476370000,-4.91,-10.00,12.01,41.70
2015-08-05,41.80,45.70,47.92,41.80,88030,398850000,1.49,3.37,13.84,35.21
2015-08-06,44.50,42.25,45.25,41.18,61118,263810000,-3.45,-7.55,8.91,24.45
2015-08-07,42.60,42.70,44.01,41.46,41649,179080000,0.45,1.07,6.04,16.66
2015-08-10,43.30,44.70,45.50,42.29,43996,193880000,2.00,4.68,7.52,17.60
2015-08-11,44.50,49.17,49.17,44.03,72163,345310000,4.47,10.00,11.50,28.87
2015-08-12,50.00,47.98,52.50,46.00,98998,489760000,-1.19,-2.42,13.22,39.60
2015-08-13,46.06,49.32,52.09,46.06,80051,398240000,1.34,2.79,12.57,32.02
2015-08-14,49.35,47.41,50.21,46.97,59169,284900000,-1.91,-3.87,6.57,23.67
2015-08-17,46.10,43.50,46.60,43.48,61314,272560000,-3.91,-8.25,6.58,24.53
2015-08-18,43.70,39.60,44.95,39.20,44305,189690000,-3.90,-8.97,13.22,17.72
2015-08-19,39.19,41.00,41.57,36.23,36648,143960000,1.40,3.54,13.48,14.66
2015-08-20,40.50,37.90,40.51,37.68,25564,100770000,-3.10,-7.56,6.90,10.23
2015-08-21,37.46,34.14,37.70,34.11,30010,107540000,-3.76,-9.92,9.47,12.00
2015-08-24,32.00,30.73,32.00,30.73,15481,48120000,-3.41,-9.99,3.72,6.19
2015-08-25,27.70,27.80,32.48,27.66,45796,134420000,-2.93,-9.53,15.69,18.32
2015-08-26,28.78,30.30,30.58,28.00,61674,183960000,2.50,8.99,9.28,24.67
2015-08-27,30.75,31.17,32.75,27.80,59001,179220000,0.87,2.87,16.34,23.60
2015-08-28,31.20,32.87,33.48,30.03,51470,162300000,1.70,5.45,11.07,20.59
2015-08-31,32.00,29.58,32.42,29.58,29970,93040000,-3.29,-10.01,8.64,11.99
2015-09-01,28.40,26.62,28.88,26.62,32137,88130000,-2.96,-10.01,7.64,12.85
2015-09-02,25.15,25.12,27.98,24.80,29243,77850000,-1.50,-5.63,11.95,11.70
2015-09-07,26.04,26.30,27.01,25.55,25117,66360000,1.18,4.70,5.81,10.05
2015-09-08,26.28,28.93,28.93,25.67,39950,111090000,2.63,10.00,12.40,15.98
2015-09-09,29.50,30.30,30.97,29.00,44817,135240000,1.37,4.74,6.81,17.93
2015-09-10,29.33,28.62,30.10,28.55,29705,86780000,-1.68,-5.54,5.12,11.88
2015-09-11,28.90,29.50,29.99,28.85,21111,62070000,0.88,3.07,3.98,8.44
2015-09-14,29.40,26.55,29.50,26.55,23115,64220000,-2.95,-10.00,10.00,9.25
2015-09-15,25.57,24.79,26.75,24.50,20106,51160000,-1.76,-6.63,8.47,8.04
2015-09-16,25.42,27.27,27.27,25.14,24920,65680000,2.48,10.00,8.59,9.97
2015-09-17,27.00,26.37,28.59,26.37,32520,89360000,-0.90,-3.30,8.14,13.01
2015-09-18,26.75,26.84,27.20,25.93,17491,46400000,0.47,1.78,4.82,7.00
2015-09-21,26.40,28.30,28.36,26.04,27068,74920000,1.46,5.44,8.64,10.83
2015-09-22,28.60,28.67,29.58,28.11,29898,86060000,0.37,1.31,5.19,11.96
2015-09-23,27.80,28.97,29.80,27.75,38998,113320000,0.30,1.05,7.15,15.60
2015-09-24,29.29,29.11,29.88,28.57,28797,84160000,0.14,0.48,4.52,11.52
2015-09-25,29.02,27.00,29.15,26.65,21476,59840000,-2.11,-7.25,8.59,8.59
2015-09-28,27.42,28.91,29.22,26.83,21569,60560000,1.91,7.07,8.85,8.63
2015-09-29,28.09,28.02,28.58,27.65,15667,44040000,-0.89,-3.08,3.22,6.27
2015-09-30,28.11,28.78,29.19,27.96,25771,73830000,0.76,2.71,4.39,10.31
2015-10-08,30.00,30.12,30.58,29.20,31354,93530000,1.34,4.66,4.80,12.54
2015-10-09,30.00,30.30,30.66,29.70,29230,88550000,0.18,0.60,3.19,11.69
2015-10-12,30.30,31.52,32.10,30.15,32649,102280000,1.22,4.03,6.44,13.06
2015-10-13,31.39,32.03,32.05,31.01,30015,94390000,0.51,1.62,3.30,12.01
2015-10-14,31.89,31.38,32.86,31.38,28660,91680000,-0.65,-2.03,4.62,11.46
2015-10-15,30.99,32.60,32.78,30.82,34801,111890000,1.22,3.89,6.25,13.92
2015-10-16,33.00,32.59,33.05,31.81,33089,107210000,-0.01,-0.03,3.80,13.24
2015-10-19,32.75,32.63,33.10,32.22,30979,101250000,0.04,0.12,2.70,12.39
2015-10-20,32.63,33.18,33.26,32.20,27774,91050000,0.55,1.69,3.25,11.11
2015-10-21,33.18,30.60,34.60,30.55,41946,138860000,-2.58,-7.78,12.21,16.78
2015-10-22,30.31,31.60,31.80,30.31,25627,79850000,1.00,3.27,4.87,10.25
2015-10-23,31.76,32.58,32.85,31.68,22967,74080000,0.98,3.10,3.70,9.19
2015-10-26,33.10,33.51,34.27,33.01,32335,108870000,0.93,2.85,3.87,12.93
2015-10-27,33.26,33.94,33.97,30.95,23943,78520000,0.43,1.28,9.01,9.58
2015-10-28,33.88,34.00,35.41,33.41,33674,116260000,0.06,0.18,5.89,13.47
2015-10-29,34.43,34.59,34.82,33.28,25634,87490000,0.59,1.74,4.53,10.25
2015-10-30,34.40,34.94,35.30,33.52,25296,87570000,0.35,1.01,5.15,10.12
2015-11-02,34.45,38.43,38.43,34.18,63544,240210000,3.49,9.99,12.16,25.42
2015-11-03,37.99,39.39,40.35,37.07,73234,283020000,0.96,2.50,8.54,29.29
2015-11-04,38.80,40.68,41.28,38.51,59151,235400000,1.29,3.27,7.03,23.66
2015-11-05,40.26,39.87,41.93,38.80,41533,166940000,-0.81,-1.99,7.69,16.61
2015-11-06,39.49,41.17,41.50,39.48,37837,153700000,1.30,3.26,5.07,15.13
2015-11-09,40.95,43.18,43.99,40.49,47034,199480000,2.01,4.88,8.50,18.81
2015-11-10,42.47,42.66,43.40,41.58,34798,148110000,-0.52,-1.20,4.21,13.92
2015-11-11,42.88,46.93,46.93,42.40,55025,251370000,4.27,10.01,10.62,22.01
2015-11-12,48.33,49.80,50.88,46.90,69048,337070000,2.87,6.12,8.48,27.62
2015-11-13,48.95,44.82,48.95,44.82,54730,253450000,-4.98,-10.00,8.29,21.89
2015-11-16,43.00,45.00,45.74,42.50,27075,120350000,0.18,0.40,7.23,10.83
2015-11-17,45.69,44.99,46.67,43.95,31591,143570000,-0.01,-0.02,6.04,12.64
2015-11-18,44.71,42.80,45.02,41.80,29082,125650000,-2.19,-4.87,7.16,11.63
2015-11-19,42.74,45.05,45.23,42.50,27194,118760000,2.25,5.26,6.38,10.88
2015-11-20,45.20,44.68,45.48,43.81,25553,113950000,-0.37,-0.82,3.71,10.22
2015-11-23,44.01,43.11,45.06,42.90,27906,123020000,-1.57,-3.51,4.83,11.16
2015-11-24,43.11,46.36,46.68,43.00,58174,259740000,3.25,7.54,8.54,23.27
2015-11-25,45.70,45.80,46.25,44.99,42675,194710000,-0.56,-1.21,2.72,17.07
2015-11-26,45.78,45.49,47.45,45.00,43927,203770000,-0.31,-0.68,5.35,17.57
2015-11-27,44.75,42.18,46.17,41.61,38380,170100000,-3.31,-7.28,10.02,15.35
2015-11-30,42.20,44.77,44.97,40.55,35016,149960000,2.59,6.14,10.48,14.01
2015-12-01,44.10,44.16,46.68,42.70,41462,187600000,-0.61,-1.36,8.89,16.58
2015-12-02,43.50,42.67,43.92,40.68,23397,99300000,-1.49,-3.37,7.34,9.36
2015-12-03,42.91,45.69,46.50,42.91,36619,164770000,3.02,7.08,8.41,14.65
2015-12-04,45.00,45.98,46.83,44.83,38758,177460000,0.29,0.63,4.38,15.50
2015-12-07,45.83,46.36,46.89,45.60,28757,132820000,0.38,0.83,2.81,11.50
2015-12-08,46.37,46.90,48.96,46.13,53648,255440000,0.54,1.16,6.10,21.46
2015-12-09,45.80,44.47,46.00,43.51,37044,165690000,-2.43,-5.18,5.31,14.82
2015-12-10,44.40,43.15,44.70,42.80,25087,109100000,-1.32,-2.97,4.27,10.03
2015-12-11,43.26,43.07,43.80,42.60,11682,50470000,-0.08,-0.19,2.78,4.67
2015-12-14,42.13,44.43,44.62,41.66,16515,71750000,1.36,3.16,6.87,6.61
2015-12-15,44.10,44.45,45.08,43.78,19069,84600000,0.02,0.05,2.93,7.63
2015-12-16,44.90,46.17,47.68,44.51,38108,176290000,1.72,3.87,7.13,15.24
2015-12-17,46.40,48.32,48.50,46.30,52624,249110000,2.15,4.66,4.77,21.05
2015-12-18,47.90,47.36,48.96,46.84,33533,160150000,-0.96,-1.99,4.39,13.41
2015-12-21,46.97,50.25,50.58,46.69,47023,230150000,2.89,6.10,8.21,18.81
2015-12-22,50.50,50.10,50.90,48.53,38889,192910000,-0.15,-0.30,4.72,15.56
2015-12-23,50.00,48.58,52.44,48.20,47849,242670000,-1.52,-3.03,8.46,19.14
2015-12-24,48.00,51.88,52.25,47.47,39382,195470000,3.30,6.79,9.84,15.75
2015-12-25,51.70,50.80,53.25,49.38,41597,215100000,-1.08,-2.08,7.46,16.64
2015-12-28,50.80,47.00,51.19,46.70,32979,161730000,-3.80,-7.48,8.84,13.19
2015-12-29,47.21,48.20,48.25,46.78,18741,89350000,1.20,2.55,3.13,7.50
2015-12-30,48.50,48.03,48.78,47.23,19556,93600000,-0.17,-0.35,3.22,7.82
2015-12-31,48.03,45.93,48.20,45.50,20821,97360000,-2.10,-4.37,5.62,8.33
2016-01-04,45.06,41.34,46.15,41.34,16608,72200000,-4.59,-9.99,10.47,6.64
2016-01-05,38.70,40.92,41.82,38.70,21959,88600000,-0.42,-1.02,7.55,8.78
2016-01-06,41.26,42.32,42.69,40.52,20169,84140000,1.40,3.42,5.30,8.07
2016-01-07,41.30,38.09,41.33,38.09,5389,21220000,-4.23,-10.00,7.66,2.16
2016-01-08,39.51,39.10,40.35,36.80,20893,81760000,1.01,2.65,9.32,8.36
2016-01-11,38.10,35.20,38.30,35.19,21121,77180000,-3.90,-9.97,7.95,8.45
2016-01-12,35.64,35.65,36.30,34.53,16473,58220000,0.45,1.28,5.03,6.59
2016-01-13,35.60,33.60,36.36,33.60,14805,52360000,-2.05,-5.75,7.74,5.92
2016-01-14,31.90,35.10,35.48,31.52,19571,65750000,1.50,4.46,11.79,7.83
2016-01-15,34.45,32.65,35.15,32.02,15326,52060000,-2.45,-6.98,8.92,6.13
2016-01-18,31.56,33.80,34.55,31.50,12525,42020000,1.15,3.52,9.34,5.01
2016-01-19,33.80,35.59,35.98,33.63,15804,54960000,1.79,5.30,6.95,6.32
2016-01-20,35.31,35.97,36.30,35.11,18701,67030000,0.38,1.07,3.34,7.48
2016-01-21,35.38,33.99,36.76,33.82,17043,60740000,-1.98,-5.50,8.17,6.82
2016-01-22,34.70,35.22,35.59,34.13,12717,44310000,1.23,3.62,4.30,5.09
2016-01-25,35.59,35.65,36.36,35.18,12448,44490000,0.43,1.22,3.35,4.98
2016-01-26,35.22,32.25,35.54,32.10,15681,53260000,-3.40,-9.54,9.65,6.27
2016-01-27,33.72,33.00,33.72,29.81,17804,56930000,0.75,2.33,12.12,7.12
2016-01-28,32.24,30.50,32.90,30.28,13975,44270000,-2.50,-7.58,7.94,5.59
2016-01-29,30.53,31.83,32.63,30.02,10833,34140000,1.33,4.36,8.56,4.33
2016-02-01,31.43,32.01,32.38,31.25,11011,35110000,0.18,0.57,3.55,4.40
2016-02-02,32.10,33.28,33.50,31.89,11523,38050000,1.27,3.97,5.03,4.61
2016-02-03,32.90,33.31,33.49,32.52,10166,33520000,0.03,0.09,2.91,4.07
2016-02-04,33.31,34.01,34.45,33.30,11855,40240000,0.70,2.10,3.45,4.74
2016-02-05,34.28,33.58,34.28,33.51,8362,28340000,-0.43,-1.26,2.26,3.34
2016-02-15,32.40,33.30,33.72,32.00,6378,20990000,-0.28,-0.83,5.12,2.55
2016-02-16,33.70,34.87,34.98,33.43,12350,42640000,1.57,4.71,4.65,4.94
2016-02-17,34.87,35.31,35.44,34.42,12943,45320000,0.44,1.26,2.93,5.18
2016-02-18,35.50,34.95,35.76,34.90,15215,53620000,-0.36,-1.02,2.44,6.09
2016-02-19,34.98,35.21,35.50,34.68,12031,42360000,0.26,0.74,2.35,4.81
2016-02-22,35.77,35.89,36.05,35.42,14322,51270000,0.68,1.93,1.79,5.73
2016-02-23,35.89,36.40,36.79,35.59,16640,60110000,0.51,1.42,3.34,6.66
2016-02-24,36.01,35.76,36.36,34.51,17206,60950000,-0.64,-1.76,5.08,6.88
2016-02-25,35.88,32.24,35.88,32.18,15832,53310000,-3.52,-9.84,10.35,6.33
2016-02-26,34.25,32.86,34.25,32.10,10326,33990000,0.62,1.92,6.67,4.13
2016-02-29,32.50,30.35,32.51,29.80,11279,34560000,-2.51,-7.64,8.25,4.51
2016-03-01,30.28,31.06,31.63,30.03,8927,27450000,0.71,2.34,5.27,3.57
2016-03-02,31.15,32.50,32.85,30.90,10469,33350000,1.44,4.64,6.28,4.19
2016-03-03,32.11,32.28,32.99,32.11,11142,36260000,-0.22,-0.68,2.71,4.46
2016-03-04,32.18,30.60,32.18,30.01,12020,37320000,-1.68,-5.20,6.72,4.81
2016-03-07,30.98,32.10,32.21,30.98,12548,39770000,1.50,4.90,4.02,5.02
2016-03-08,32.04,31.98,32.10,30.50,9901,31000000,-0.12,-0.37,4.98,3.96
2016-03-09,31.60,32.27,32.79,30.82,12103,38550000,0.29,0.91,6.16,4.84
2016-03-10,32.00,31.33,32.38,31.33,8126,25800000,-0.94,-2.91,3.25,3.25
2016-03-11,30.56,31.46,31.89,30.51,5485,17140000,0.13,0.41,4.40,2.19
2016-03-14,31.75,32.73,33.40,31.75,12456,40940000,1.27,4.04,5.24,4.98
2016-03-15,32.40,32.55,33.20,32.39,7524,24660000,-0.18,-0.55,2.47,3.01
2016-03-16,32.70,31.85,33.18,31.60,9451,30610000,-0.70,-2.15,4.85,3.78
2016-03-17,31.88,33.15,33.28,31.80,11445,37470000,1.30,4.08,4.65,4.58
2016-03-18,33.65,35.20,35.36,33.26,22782,78880000,2.05,6.18,6.33,9.11
2016-03-21,35.21,35.96,36.00,35.05,18540,65980000,0.76,2.16,2.70,7.42
2016-03-22,35.66,36.19,36.40,35.40,13179,47510000,0.23,0.64,2.78,5.27
2016-03-23,36.17,37.88,38.08,35.70,16389,60740000,1.69,4.67,6.58,6.56
2016-03-24,37.32,37.20,38.70,36.91,17012,64360000,-0.68,-1.80,4.73,6.80
2016-03-25,37.20,37.68,38.00,36.35,14051,52480000,0.48,1.29,4.44,5.62
2016-03-28,37.41,36.88,38.04,36.40,13292,49680000,-0.80,-2.12,4.35,5.32
2016-03-29,36.59,35.02,37.00,34.61,17355,61660000,-1.86,-5.04,6.48,6.94
2016-03-30,35.30,36.96,36.97,35.30,13924,50250000,1.94,5.54,4.77,5.57
2016-03-31,36.94,37.15,38.10,36.83,16174,60610000,0.19,0.51,3.44,6.47
2016-04-01,36.99,37.58,37.69,36.66,12665,47120000,0.43,1.16,2.77,5.07
2016-04-05,37.59,39.41,39.85,37.21,20245,78670000,1.83,4.87,7.03,8.10
2016-04-06,39.33,43.35,43.35,38.91,44694,186060000,3.94,10.00,11.27,17.88
2016-04-07,43.00,42.18,43.99,42.07,22374,95300000,-1.17,-2.70,4.43,8.95
2016-04-08,41.74,44.79,45.00,40.81,36496,156560000,2.61,6.19,9.93,14.60
2016-04-11,44.79,45.79,46.30,44.00,25937,118060000,1.00,2.23,5.14,10.37
2016-04-12,45.54,43.55,45.54,43.50,17457,77150000,-2.24,-4.89,4.46,6.98
2016-04-13,43.50,45.50,46.18,43.50,20541,91270000,1.95,4.48,6.15,8.22
2016-04-14,45.25,45.01,45.68,44.31,10122,45650000,-0.49,-1.08,3.01,4.05
2016-04-15,44.99,46.75,46.99,44.00,28567,131340000,1.74,3.87,6.64,11.43
2016-04-18,46.10,47.85,47.89,45.99,25305,118970000,1.10,2.35,4.06,10.12
2016-04-19,48.37,47.88,48.59,47.60,34460,165610000,0.03,0.06,2.07,13.78
2016-04-20,45.50,43.12,45.50,43.09,47084,205960000,-4.76,-9.94,5.03,18.83
2016-04-21,42.35,43.25,44.69,40.10,27268,115780000,0.13,0.30,10.64,10.91
2016-04-22,42.03,42.85,43.13,41.11,11910,50310000,-0.40,-0.92,4.67,4.76
2016-04-25,43.00,42.95,43.19,41.88,8730,37050000,0.10,0.23,3.06,3.49
2016-04-26,42.80,43.00,43.24,42.40,7058,30240000,0.05,0.12,1.96,2.82
2016-04-27,43.70,41.90,43.70,41.90,10168,43660000,-1.10,-2.56,4.19,4.07
2016-04-28,42.45,43.00,43.00,41.29,10513,44330000,1.10,2.63,4.08,4.21
2016-04-29,42.89,43.38,43.70,42.01,11551,49870000,0.38,0.88,3.93,4.62
2016-05-03,43.38,44.11,44.20,43.05,10181,44670000,0.73,1.68,2.65,4.07
2016-05-04,44.10,44.29,44.44,43.70,11527,50710000,0.18,0.41,1.68,4.61
2016-05-05,44.45,44.73,45.37,44.22,9871,44260000,0.44,0.99,2.60,3.95
2016-05-06,44.99,44.00,45.60,43.01,17187,75910000,-0.73,-1.63,5.79,6.87
2016-05-09,43.50,42.05,43.50,41.65,12108,51240000,-1.95,-4.43,4.20,4.84
2016-05-10,42.91,44.73,45.49,42.07,26054,115740000,2.68,6.37,8.13,10.42
2016-05-11,44.97,43.31,45.04,42.60,14693,64180000,-1.42,-3.17,5.46,5.88
2016-05-12,43.33,43.58,43.58,40.11,14654,62300000,0.27,0.62,8.01,5.86
2016-05-13,43.60,43.35,44.49,43.08,10656,46900000,-0.23,-0.53,3.24,4.26
2016-05-16,42.80,44.16,44.24,42.51,11755,51110000,0.81,1.87,3.99,4.70
2016-05-17,44.17,46.02,46.49,43.28,36221,164070000,1.86,4.21,7.27,14.49
2016-05-18,45.50,44.61,46.87,43.70,19757,89150000,-1.41,-3.06,6.89,7.90
2016-05-19,44.30,45.03,45.96,43.23,12863,58010000,0.42,0.94,6.12,5.15
2016-05-20,44.32,45.76,45.85,43.66,16086,72230000,0.73,1.62,4.86,6.43
2016-05-23,46.20,46.44,47.50,46.01,23766,111100000,0.68,1.49,3.26,9.51
2016-05-24,46.05,46.98,46.98,44.86,21849,99760000,0.54,1.16,4.57,8.74
2016-05-25,47.30,47.49,48.30,46.28,27486,129810000,0.51,1.09,4.30,10.99
2016-05-26,47.35,47.99,48.28,46.50,23776,112900000,0.50,1.05,3.75,9.51
2016-05-27,48.58,48.07,48.58,47.01,21829,104340000,0.08,0.17,3.27,8.73
2016-05-30,48.00,47.18,48.00,46.36,13474,63280000,-0.89,-1.85,3.41,5.39
2016-05-31,31.31,32.79,32.80,30.60,51316,164280000,1.40,4.46,7.01,13.68
2016-06-01,33.07,33.12,33.69,32.50,42807,141790000,0.33,1.01,3.63,11.42
2016-06-02,32.75,33.35,33.48,32.68,29997,99100000,0.23,0.69,2.42,8.00
2016-06-03,33.33,35.76,36.45,32.91,79785,275700000,2.41,7.23,10.61,21.28
2016-06-06,35.39,35.01,35.70,34.70,45077,158220000,-0.75,-2.10,2.80,12.02
2016-06-07,35.13,35.68,35.85,34.50,34621,122160000,0.67,1.91,3.86,9.23
2016-06-08,35.21,35.78,35.90,34.50,32217,112910000,0.10,0.28,3.92,8.59
2016-06-13,35.25,33.29,35.52,33.00,27183,94260000,-2.49,-6.96,7.04,7.25
2016-06-14,32.90,34.05,34.47,32.75,24893,84510000,0.76,2.28,5.17,6.64
2016-06-15,33.28,36.28,37.00,33.20,46334,164900000,2.23,6.55,11.16,12.36
2016-06-16,36.30,35.86,36.57,35.40,30581,110030000,-0.42,-1.16,3.22,8.15
2016-06-17,35.86,35.90,37.60,35.61,32673,119670000,0.04,0.11,5.55,8.71
2016-06-20,35.20,37.68,38.77,35.08,54188,200620000,1.78,4.96,10.28,14.45
2016-06-21,37.50,36.69,37.77,36.04,47392,175610000,-0.99,-2.63,4.59,12.64
2016-06-22,36.18,36.60,36.81,35.82,24429,88880000,-0.09,-0.25,2.70,6.51
2016-06-23,37.57,37.87,40.00,37.57,70373,270670000,1.27,3.47,6.64,18.77
2016-06-24,37.10,37.28,38.20,35.03,43836,161500000,-0.59,-1.56,8.37,11.69
2016-06-27,36.70,37.70,38.29,36.60,34521,130150000,0.42,1.13,4.53,9.21
2016-06-28,37.35,36.91,37.97,36.68,30312,112450000,-0.79,-2.10,3.42,8.08
2016-06-29,36.80,36.65,37.20,36.08,26485,96890000,-0.26,-0.70,3.03,7.06
2016-06-30,36.85,36.37,36.87,36.00,18426,66890000,-0.28,-0.76,2.37,4.91
2016-07-01,36.58,35.50,36.97,35.41,26552,96060000,-0.87,-2.39,4.29,7.08
2016-07-04,35.00,35.22,35.77,34.75,41541,146400000,-0.28,-0.79,2.87,11.08
2016-07-05,35.55,34.31,35.55,33.90,73005,253470000,-0.91,-2.58,4.68,19.47
2016-07-06,33.90,36.02,36.14,33.80,74037,260100000,1.71,4.98,6.82,19.74
2016-07-07,36.02,37.23,37.40,35.71,76816,283560000,1.21,3.36,4.69,20.48
2016-07-08,37.13,36.82,37.13,36.29,37669,138380000,-0.41,-1.10,2.26,10.05
2016-07-11,36.45,35.60,36.90,35.51,33030,118840000,-1.22,-3.31,3.78,8.81
2016-07-12,35.66,35.74,36.09,34.67,21047,74330000,0.14,0.39,3.99,5.61
2016-07-13,35.89,35.70,36.09,35.47,16193,57890000,-0.04,-0.11,1.73,4.32
2016-07-14,35.52,35.92,36.60,35.52,16889,61010000,0.22,0.62,3.03,4.50
2016-07-15,35.98,36.32,36.37,35.50,17669,63440000,0.40,1.11,2.42,4.71
2016-07-18,36.35,36.20,36.60,36.00,13449,48840000,-0.12,-0.33,1.65,3.59
2016-07-19,36.01,35.28,36.26,35.02,18752,66350000,-0.92,-2.54,3.43,5.00
2016-07-20,35.29,35.49,35.75,35.29,9838,34900000,0.21,0.60,1.30,2.62
2016-07-21,35.54,35.28,35.54,35.04,11396,40180000,-0.21,-0.59,1.41,3.04
2016-07-22,35.18,33.51,35.18,33.47,25619,87630000,-1.77,-5.02,4.85,6.83
2016-07-25,33.51,33.70,34.20,33.50,20529,69490000,0.19,0.57,2.09,5.47
2016-07-26,33.70,35.02,35.36,33.70,29034,100340000,1.32,3.92,4.93,7.74
2016-07-27,35.00,34.04,35.00,32.91,21031,71210000,-0.98,-2.80,5.97,5.61
2016-07-28,34.00,34.09,34.43,33.08,11362,38380000,0.05,0.15,3.97,3.03
2016-07-29,34.08,33.79,34.17,33.22,7474,25140000,-0.30,-0.88,2.79,1.99
2016-08-01,33.80,33.06,33.80,32.50,21662,71250000,-0.73,-2.16,3.85,5.78
2016-08-02,33.09,33.18,33.43,32.72,9006,29710000,0.12,0.36,2.15,2.40
2016-08-03,33.22,32.77,33.22,32.70,7961,26160000,-0.41,-1.24,1.57,2.12
2016-08-04,33.03,32.96,33.13,32.75,9155,30160000,0.19,0.58,1.16,2.44
2016-08-05,32.92,33.05,33.29,32.80,6478,21390000,0.09,0.27,1.49,1.73
2016-08-08,32.93,33.25,33.38,32.93,6653,22100000,0.20,0.61,1.36,1.77
2016-08-09,33.35,33.52,33.56,33.03,8535,28460000,0.27,0.81,1.59,2.28
2016-08-10,33.70,33.43,33.70,33.33,12415,41500000,-0.09,-0.27,1.10,3.31
2016-08-11,33.44,33.50,33.70,33.15,11696,39170000,0.07,0.21,1.65,3.12
2016-08-12,33.50,33.85,33.95,33.24,11186,37560000,0.35,1.04,2.12,2.98
2016-08-15,33.85,34.27,34.46,32.92,12970,44330000,0.42,1.24,4.55,3.46
2016-08-16,34.58,34.35,35.00,34.20,12404,42980000,0.08,0.23,2.33,3.31
2016-08-17,34.33,35.36,35.39,34.19,16458,57390000,1.01,2.94,3.49,4.39
2016-08-18,35.70,35.52,35.84,35.20,16217,57480000,0.16,0.45,1.81,4.32
2016-08-19,35.58,36.90,37.50,35.21,42806,156730000,1.38,3.89,6.45,11.42
2016-08-22,37.38,36.95,37.40,36.11,23941,87640000,0.05,0.14,3.50,6.38
2016-08-23,37.00,36.85,38.42,36.34,32481,120490000,-0.10,-0.27,5.63,8.66
2016-08-24,37.20,36.87,37.58,36.50,24611,91000000,0.02,0.05,2.93,6.56
2016-08-25,36.96,36.15,36.96,35.45,16731,60260000,-0.72,-1.95,4.10,4.46
2016-08-26,36.40,37.13,39.77,36.21,38512,143910000,0.98,2.71,9.85,10.27
2016-08-29,37.13,37.53,37.98,36.91,28377,106130000,0.40,1.08,2.88,7.57
2016-08-30,37.51,37.18,37.94,36.70,21179,78690000,-0.35,-0.93,3.30,5.65
2016-08-31,37.25,37.24,37.49,36.96,17946,66800000,0.06,0.16,1.43,4.79
2016-09-01,37.50,37.34,37.72,37.02,18073,67420000,0.10,0.27,1.88,4.82
2016-09-02,37.50,38.17,38.90,37.05,42629,162430000,0.83,2.22,4.95,11.37
2016-09-05,38.48,40.75,41.88,38.20,71437,286940000,2.58,6.76,9.64,19.05
2016-09-06,41.00,40.85,41.76,40.01,53814,219060000,0.10,0.25,4.29,14.35
2016-09-07,41.95,41.34,43.88,40.56,67803,283050000,0.49,1.20,8.13,18.08
2016-09-08,41.86,39.27,41.86,39.01,55287,220970000,-2.07,-5.01,6.89,14.74
2016-09-09,39.28,39.42,40.15,39.02,36242,143360000,0.15,0.38,2.88,9.66
2016-09-12,38.99,37.35,38.99,36.85,37844,142660000,-2.07,-5.25,5.43,10.09
2016-09-13,37.94,37.32,37.94,37.00,24764,92700000,-0.03,-0.08,2.52,6.60
2016-09-14,37.32,38.50,39.50,36.36,42046,160470000,1.18,3.16,8.41,11.21
2016-09-19,38.67,39.63,42.00,38.65,51766,205270000,1.13,2.94,8.70,13.80
2016-09-20,40.00,38.56,40.20,38.38,34390,133940000,-1.07,-2.70,4.59,9.17
2016-09-21,38.88,37.40,38.88,37.31,25790,97650000,-1.16,-3.01,4.07,6.88
2016-09-22,37.60,37.60,38.29,37.25,17249,64880000,0.20,0.53,2.78,4.60
2016-09-23,37.80,37.26,37.93,37.10,16447,61650000,-0.34,-0.90,2.21,4.39
2016-09-26,37.00,36.10,37.26,35.94,20000,72520000,-1.16,-3.11,3.54,5.33
2016-09-27,36.00,36.62,36.66,35.51,16698,60270000,0.52,1.44,3.19,4.45
2016-09-28,36.88,36.38,36.88,35.61,18266,65910000,-0.24,-0.66,3.47,4.87
2016-09-29,36.30,36.49,36.49,36.08,8735,31720000,0.11,0.30,1.13,2.33
2016-09-30,36.58,36.55,36.70,36.23,8172,29870000,0.06,0.16,1.29,2.18
2016-10-10,37.49,37.22,37.49,36.33,11146,41290000,0.67,1.83,3.17,2.97
2016-10-11,37.26,37.10,37.40,36.90,13366,49630000,-0.12,-0.32,1.34,3.56
2016-10-12,37.33,37.60,37.80,37.01,15337,57410000,0.50,1.35,2.13,4.09
2016-10-13,37.68,38.41,38.45,37.50,27392,103600000,0.81,2.15,2.53,7.30
2016-10-14,38.41,37.88,38.41,37.74,13334,50570000,-0.53,-1.38,1.74,3.56
2016-10-17,37.65,37.32,38.23,37.32,10671,40170000,-0.56,-1.48,2.40,2.85
2016-10-18,37.02,38.30,38.41,36.93,14673,55440000,0.98,2.63,3.97,3.91
2016-10-19,38.80,38.61,39.12,38.11,34529,133870000,0.31,0.81,2.64,9.21
2016-10-20,38.55,38.20,38.62,37.83,15082,57550000,-0.41,-1.06,2.05,4.02
2016-10-21,38.45,38.24,38.45,37.70,10525,40050000,0.04,0.10,1.96,2.81
2016-10-24,38.70,38.33,38.85,37.98,9125,34910000,0.09,0.24,2.28,2.43
2016-10-25,38.29,38.15,38.76,37.71,10856,41470000,-0.18,-0.47,2.74,2.89
2016-10-26,38.10,37.75,38.23,37.40,10748,40540000,-0.40,-1.05,2.18,2.87
2016-10-27,37.75,37.09,37.75,37.06,12214,45630000,-0.66,-1.75,1.83,3.26
2016-10-28,37.21,37.00,37.60,36.84,12600,46750000,-0.09,-0.24,2.05,3.36
2016-10-31,36.81,37.32,37.55,36.79,8579,32040000,0.32,0.86,2.05,2.29
2016-11-01,37.55,37.90,38.00,37.17,10963,41230000,0.58,1.55,2.22,2.92
2016-11-02,36.11,37.60,37.84,36.11,10390,38950000,-0.30,-0.79,4.56,2.77
2016-11-03,37.69,38.03,38.50,37.28,16494,62470000,0.43,1.14,3.24,4.40
2016-11-04,38.10,38.10,38.18,37.71,10320,39180000,0.07,0.18,1.24,2.75
2016-11-07,38.00,38.45,38.79,38.00,12362,47500000,0.35,0.92,2.07,3.30
2016-11-08,38.49,38.44,38.68,38.00,11561,44200000,-0.01,-0.03,1.77,3.08
2016-11-09,38.44,38.10,38.67,37.25,13844,52550000,-0.34,-0.88,3.69,3.69
2016-11-10,38.48,39.58,39.69,38.39,60269,235360000,1.48,3.88,3.41,16.07
2016-11-11,39.98,39.61,39.98,38.99,38184,150280000,0.03,0.08,2.50,10.18
2016-11-14,39.80,39.82,39.85,39.15,23243,91880000,0.21,0.53,1.77,6.20
2016-11-15,39.03,39.49,39.67,39.03,12717,50100000,-0.33,-0.83,1.61,3.39
2016-11-16,39.55,39.48,39.80,39.16,15963,62920000,-0.01,-0.03,1.62,4.26
2016-11-17,39.23,38.45,39.40,38.38,18974,73440000,-1.03,-2.61,2.58,5.06
2016-11-18,38.39,38.53,38.96,38.35,12780,49500000,0.08,0.21,1.59,3.41
2016-11-21,38.50,38.67,38.82,38.00,16630,63810000,0.14,0.36,2.13,4.43
2016-11-22,38.75,39.58,39.60,38.57,20210,79340000,0.91,2.35,2.66,5.39
2016-11-23,39.58,38.68,39.78,38.68,15629,61230000,-0.90,-2.27,2.78,4.17
2016-11-24,38.50,38.04,38.87,37.94,12475,47750000,-0.64,-1.65,2.40,3.33
2016-11-25,38.39,38.57,38.57,37.50,10372,39470000,0.53,1.39,2.81,2.77
2016-11-28,38.56,39.37,40.11,38.00,29156,114700000,0.80,2.07,5.47,7.77
2016-11-29,38.86,38.23,38.95,38.20,17126,65870000,-1.14,-2.90,1.91,4.57
2016-11-30,38.12,37.95,38.37,37.80,8302,31550000,-0.28,-0.73,1.49,2.21
2016-12-01,37.92,37.96,38.23,37.78,7571,28760000,0.01,0.03,1.19,2.02
2016-12-02,37.97,37.35,38.19,37.00,12668,47390000,-0.61,-1.61,3.13,3.38
2016-12-05,37.18,37.51,37.72,36.72,6343,23720000,0.16,0.43,2.68,1.69
2016-12-06,37.51,37.90,38.17,37.40,7643,28970000,0.39,1.04,2.05,2.04
2016-12-07,37.81,38.03,38.12,37.61,5445,20670000,0.13,0.34,1.35,1.45
2016-12-08,38.17,37.58,38.17,37.30,6314,23800000,-0.45,-1.18,2.29,1.68
2016-12-09,37.50,37.12,37.71,37.00,5998,22390000,-0.46,-1.22,1.89,1.60
2016-12-12,37.01,34.99,37.31,33.41,16849,60710000,-2.13,-5.74,10.51,4.49
2016-12-13,34.80,35.06,35.10,34.40,8468,29470000,0.07,0.20,2.00,2.26
2016-12-14,35.48,35.57,35.98,35.06,8306,29480000,0.51,1.45,2.62,2.21
2016-12-15,35.70,37.20,37.50,35.70,49755,182800000,1.63,4.58,5.06,13.27
2016-12-16,37.00,40.92,40.92,34.06,200272,758510000,3.72,10.00,18.44,53.41
2016-12-19,43.00,45.01,45.01,42.50,168360,750370000,4.09,10.00,6.13,44.90
2016-12-20,44.20,49.51,49.51,43.28,138530,665340000,4.50,10.00,13.84,36.94
2016-12-21,50.50,53.89,54.02,46.56,120473,611820000,4.38,8.85,15.07,32.13
2016-12-22,52.48,48.50,52.48,48.50,48099,240590000,-5.39,-10.00,7.39,12.83
2016-12-23,44.24,47.01,48.55,43.71,92302,424730000,-1.49,-3.07,9.98,24.61
2016-12-26,45.00,42.31,45.75,42.31,122352,525520000,-4.70,-10.00,7.32,32.63
2016-12-27,41.80,46.54,46.54,41.30,231940,1007550000,4.23,10.00,12.38,61.85
2016-12-28,43.88,43.17,45.88,43.08,178394,788210000,-3.37,-7.24,6.02,47.57
2016-12-29,42.95,44.78,46.00,42.88,156989,697820000,1.61,3.73,7.23,41.86
2016-12-30,43.91,46.60,48.98,43.91,187860,883470000,1.82,4.06,11.32,50.10
2017-01-03,45.22,48.64,50.56,44.69,172516,827430000,2.04,4.38,12.60,46.00
2017-01-04,48.03,47.19,51.70,46.68,179179,874540000,-1.45,-2.98,10.32,47.78
2017-01-05,46.22,51.91,51.91,45.08,199226,977800000,4.72,10.00,14.47,53.13
2017-01-06,51.60,46.74,53.33,46.72,192954,955000000,-5.17,-9.96,12.73,51.45
2017-01-09,44.98,45.98,48.38,44.33,121565,564850000,-0.76,-1.63,8.67,32.42
2017-01-10,45.37,47.12,47.99,44.33,127698,591700000,1.14,2.48,7.96,34.05
2017-01-11,46.53,43.36,46.95,42.73,110998,497330000,-3.76,-7.98,8.96,29.60
2017-01-12,43.48,41.54,44.44,41.00,85510,363040000,-1.82,-4.20,7.93,22.80
2017-01-13,41.80,41.51,42.80,39.53,87137,357560000,-0.03,-0.07,7.87,23.24
2017-01-16,40.70,37.40,40.93,37.36,72119,279980000,-4.11,-9.90,8.60,19.23
2017-01-17,37.28,38.23,38.70,35.41,65296,243570000,0.83,2.22,8.80,17.41
2017-01-18,37.56,38.25,39.44,37.05,73271,282040000,0.02,0.05,6.25,19.54
2017-01-19,37.50,38.84,40.44,37.50,68818,269280000,0.59,1.54,7.69,18.35
2017-01-20,38.45,39.22,40.30,38.45,61191,241080000,0.38,0.98,4.76,16.32
2017-01-23,39.00,38.94,39.59,38.62,46835,183120000,-0.28,-0.71,2.47,12.49
2017-01-24,38.89,37.49,39.08,37.28,49135,185830000,-1.45,-3.72,4.62,13.10
2017-01-25,37.49,39.15,40.95,37.49,79551,314380000,1.66,4.43,9.23,21.21
2017-01-26,38.78,38.15,39.48,38.01,44957,172420000,-1.00,-2.55,3.75,11.99
2017-02-03,37.98,38.18,38.44,37.60,26702,101580000,0.03,0.08,2.20,7.12
2017-02-06,38.18,38.60,38.65,37.88,36004,137910000,0.42,1.10,2.02,9.60
2017-02-07,38.74,40.00,40.18,38.60,73838,293345500,1.40,3.63,4.093,19.69
2017-02-08,39.89,39.88,40.18,39.07,49037,194279900,-0.12,-0.30,2.775,13.08
2017-02-09,40.20,40.18,41.99,40.00,75284,308099000,0.30,0.75,4.99,20.08
2017-02-10,39.48,39.38,39.95,39.22,48792,192675800,-0.80,-1.99,1.817,13.01
2017-02-13,39.42,40.18,40.25,38.64,46256,182770100,0.80,2.03,4.088,12.33
2017-02-14,40.08,39.40,40.58,39.27,37380,148444900,-0.78,-1.94,3.26,9.97
2017-02-15,39.30,38.05,39.45,38.00,48381,186470700,-1.35,-3.43,3.68,12.90
2017-02-16,37.63,37.90,38.29,37.37,27037,102325200,-0.15,-0.39,2.418,7.21
2017-02-17,37.90,36.61,38.13,36.51,40408,150375800,-1.29,-3.40,4.274,10.78
2017-02-20,36.63,36.38,37.00,35.61,32691,118172800,-0.23,-0.63,3.797,8.72
2017-02-21,36.50,37.03,37.04,36.18,27792,101964900,0.65,1.79,2.36,7.41
2017-02-22,37.07,36.65,37.12,36.49,23782,87275600,-0.38,-1.03,1.70,6.34
2017-02-23,36.78,36.98,37.02,36.55,24746,91070600,0.33,0.90,1.28,6.60
2017-02-24,37.00,37.13,37.20,36.65,25980,95918600,0.15,0.41,1.49,6.93
2017-02-27,37.01,36.33,37.13,36.12,23715,86938400,-0.80,-2.15,2.72,6.32
2017-02-28,36.35,35.80,36.47,35.50,28646,102644700,-0.53,-1.46,2.67,7.64
2017-03-01,35.71,37.13,37.29,35.55,53597,197095500,1.33,3.72,4.86,14.29
2017-03-02,37.00,36.27,37.16,36.20,28899,105835900,-0.86,-2.32,2.59,7.71
2017-03-03,36.03,36.23,36.58,36.00,17748,64416600,-0.04,-0.11,1.60,4.73
2017-03-06,36.24,36.95,37.53,36.23,35670,131622200,0.72,1.99,3.59,9.51
2017-03-07,36.76,37.30,37.30,36.75,33309,123428400,0.35,0.95,1.49,8.88
2017-03-08,37.32,39.02,39.70,37.08,97340,375834800,1.72,4.61,7.02,25.96
2017-03-09,38.80,38.50,38.80,38.16,47828,183687900,-0.52,-1.33,1.64,12.75
2017-03-10,38.55,39.28,39.98,38.55,76147,299700500,0.78,2.03,3.71,20.31
2017-03-13,39.00,38.74,39.20,38.28,45204,174662400,-0.54,-1.37,2.34,12.05
2017-03-14,38.66,38.03,38.79,37.75,42024,160094500,-0.71,-1.83,2.69,11.21
2017-03-15,37.87,38.15,38.40,37.34,34700,131064500,0.12,0.32,2.79,9.25
2017-03-16,38.01,38.24,39.17,38.01,34192,131405834,0.09,0.24,3.04,9.12
2017-03-17,38.37,37.48,38.58,37.47,33778,128092386,-0.76,-1.99,2.90,9.01
2017-03-20,37.00,37.09,37.45,36.50,30458,112635132,-0.39,-1.04,2.53,8.12
2017-03-21,37.09,37.60,37.70,36.81,26714,99519233,0.51,1.38,2.40,7.12
2017-03-22,37.53,36.75,37.53,36.73,22600,83868365,-0.85,-2.26,2.13,6.03
2017-03-23,36.61,36.86,37.20,36.08,25471,93643619,0.11,0.30,3.05,6.79
2017-03-24,36.86,37.09,37.35,36.53,18258,67674512,0.23,0.62,2.22,4.87
2017-03-27,37.08,40.80,40.80,36.81,97618,387033544,3.71,10.00,10.76,26.03
2017-03-28,41.90,40.90,43.88,40.81,144283,608957037,0.10,0.25,7.52,38.48
2017-03-29,40.99,41.54,42.28,39.76,105915,434185285,0.64,1.56,6.16,28.24
2017-03-30,40.54,39.16,41.10,38.81,68193,271048187,-2.38,-5.73,5.51,18.18
2017-03-31,38.82,39.45,40.48,38.50,48993,194383182,0.29,0.74,5.06,13.07
2017-04-05,39.00,38.44,39.46,37.00,42481,162078925,-1.01,-2.56,6.24,11.33
2017-04-06,38.68,39.08,39.67,38.29,44406,173605285,0.64,1.66,3.59,11.84
2017-04-07,39.02,40.95,41.89,38.61,90050,365431693,1.87,4.79,8.39,24.01
2017-04-10,40.54,40.90,41.30,39.75,67697,274914915,-0.05,-0.12,3.79,18.05
2017-04-11,40.18,39.65,40.68,39.08,50163,198815785,-1.25,-3.06,3.91,13.38
2017-04-12,39.20,36.90,39.20,36.85,60065,227157458,-2.75,-6.94,5.93,16.02
2017-04-13,36.49,36.71,37.48,36.00,32138,117643745,-0.19,-0.51,4.01,8.57
2017-04-14,36.56,34.95,36.93,34.51,36972,132170667,-1.76,-4.79,6.59,9.86
2017-04-17,34.90,31.98,34.90,31.97,33796,110464674,-2.97,-8.50,8.38,9.01
2017-04-18,32.17,32.02,32.94,31.81,18998,61443679,0.04,0.13,3.53,5.07
2017-04-19,32.00,30.38,32.00,29.50,32346,98115927,-1.64,-5.12,7.81,8.63
2017-04-20,30.55,30.15,30.82,29.84,16083,48734189,-0.23,-0.76,3.23,4.29
2017-04-21,30.15,30.15,30.69,30.01,13731,41684900,0.00,0.00,2.26,3.66
2017-04-24,30.10,27.47,30.10,27.41,19217,54849397,-2.68,-8.89,8.92,5.13
2017-04-25,27.47,27.44,28.15,27.37,15989,44342729,-0.03,-0.11,2.84,4.26
2017-04-26,27.63,28.08,28.08,27.50,18119,50492721,0.64,2.33,2.11,4.83
2017-04-27,27.75,28.30,28.51,26.20,26206,72261348,0.22,0.78,8.23,6.99
2017-04-28,28.60,28.49,28.70,28.03,15333,43536225,0.19,0.67,2.37,4.09
2017-05-02,28.58,28.90,29.16,28.30,15504,44632983,0.41,1.44,3.02,4.13
2017-05-03,29.00,29.26,29.80,29.00,20086,59007037,0.36,1.25,2.77,5.36
2017-05-04,29.25,28.83,29.40,28.51,12936,37395941,-0.43,-1.47,3.04,3.45
2017-05-05,28.92,27.75,28.92,27.62,14241,40154547,-1.08,-3.75,4.51,3.80
2017-05-08,27.69,26.57,27.69,26.50,13627,36808319,-1.18,-4.25,4.29,3.63
2017-05-09,26.29,26.87,27.00,26.00,10816,28809812,0.30,1.13,3.76,2.88
2017-05-10,26.93,26.55,27.49,26.50,11484,31116792,-0.32,-1.19,3.68,3.06
2017-05-11,26.11,26.91,26.97,26.11,12881,34167042,0.36,1.36,3.24,3.44
2017-05-12,26.84,27.90,28.46,26.31,23736,65096056,0.99,3.68,7.99,6.33
2017-05-15,27.70,28.47,29.49,27.51,27952,79704138,0.57,2.04,7.10,7.45
2017-05-16,28.39,28.72,28.78,27.80,22782,64371811,0.25,0.88,3.44,6.08
2017-05-17,28.54,28.39,29.20,28.33,22889,65630346,-0.33,-1.15,3.03,6.10
2017-05-18,27.72,27.45,28.26,27.45,13851,38630125,-0.94,-3.31,2.85,3.69
2017-05-19,27.54,27.58,27.74,27.32,9284,25573842,0.13,0.47,1.53,2.48
2017-05-22,28.00,26.70,28.00,26.42,13824,37472277,-0.88,-3.19,5.73,3.69
2017-05-23,26.20,25.52,26.97,25.11,13802,36267555,-1.18,-4.42,6.97,3.68
2017-05-24,25.26,25.80,25.86,25.18,10788,27593329,0.28,1.10,2.66,2.88
2017-05-25,26.11,26.68,27.04,25.31,19934,52450381,0.88,3.41,6.71,5.32
2017-05-26,26.35,26.29,26.65,26.20,11796,31101934,-0.39,-1.46,1.69,3.15
2017-05-31,26.53,26.25,27.11,26.23,8882,23592443,-0.04,-0.15,3.35,2.37
2017-06-01,26.25,25.20,26.25,25.10,9387,24072019,-1.05,-4.00,4.38,2.50
2017-06-02,25.20,25.05,25.20,24.05,15612,38339438,-0.15,-0.60,4.56,4.16
2017-06-05,24.89,25.16,25.30,24.89,7622,19195316,0.11,0.44,1.64,2.03
2017-06-06,25.16,25.21,25.30,24.99,7224,18157499,0.05,0.20,1.23,1.93
2017-06-07,25.20,25.90,26.01,25.20,14512,37348333,0.69,2.74,3.21,3.87
2017-06-08,25.95,25.95,26.50,25.90,17420,45666039,0.05,0.19,2.32,4.64
2017-06-09,25.94,25.98,25.98,25.38,12885,33074522,0.03,0.12,2.31,3.44
2017-06-12,25.89,24.83,25.89,24.82,14409,36454085,-1.15,-4.43,4.12,3.84
2017-06-13,24.70,25.50,25.54,24.55,11765,29789768,0.67,2.70,3.99,3.14
