日期,开盘,收盘,最高,最低,交易量(手),交易金额(元),涨跌额,涨跌幅(%),振幅(%),换手率(%)
2011-12-05,22.11,22.62,22.98,21.70,119636,266300000,4.52,24.97,7.07,89.28
2011-12-06,22.20,21.96,22.22,21.13,60624,132200000,-0.66,-2.92,4.82,45.24
2011-12-07,21.82,22.87,23.94,21.42,79107,180690000,0.91,4.14,11.48,59.04
2011-12-08,22.00,22.20,22.75,21.00,58820,128920000,-0.67,-2.93,7.65,43.90
2011-12-09,21.64,21.97,22.50,21.41,33659,73630000,-0.23,-1.04,4.91,25.12
2011-12-12,21.88,22.80,23.04,21.88,56365,127130000,0.83,3.78,5.28,42.06
2011-12-13,22.49,22.80,23.55,22.02,62148,141560000,0.00,0.00,6.71,46.38
2011-12-14,22.60,21.80,22.76,21.60,38679,86040000,-1.00,-4.39,5.09,28.86
2011-12-15,21.60,22.85,23.79,21.45,64396,145690000,1.05,4.82,10.73,48.06
2011-12-16,22.20,23.32,23.44,21.30,57105,127020000,0.47,2.06,9.37,42.62
2011-12-19,22.60,23.45,23.45,22.02,46758,106450000,0.13,0.56,6.13,34.89
2011-12-20,23.19,22.66,24.60,22.61,65840,156280000,-0.79,-3.37,8.49,49.13
2011-12-21,22.56,22.00,22.76,21.90,41072,91670000,-0.66,-2.91,3.80,30.65
2011-12-22,21.51,19.82,21.70,19.80,47358,95910000,-2.18,-9.91,8.64,35.34
2011-12-23,19.25,19.60,19.77,18.80,36294,69960000,-0.22,-1.11,4.89,27.09
2011-12-26,19.31,18.40,19.72,18.38,27729,53200000,-1.20,-6.12,6.84,20.69
2011-12-27,18.30,18.42,18.72,18.08,23328,42980000,0.02,0.11,3.48,17.41
2011-12-28,18.46,19.15,19.30,18.42,41973,79340000,0.73,3.96,4.78,31.32
2011-12-29,18.60,18.77,19.00,18.51,22002,41230000,-0.38,-1.98,2.56,16.42
2011-12-30,18.90,19.06,19.17,18.80,23187,44120000,0.29,1.55,1.97,17.30
2012-01-04,19.14,17.21,19.20,17.15,30566,55520000,-1.85,-9.71,10.76,22.81
2012-01-05,16.85,15.83,16.97,15.70,22117,35690000,-1.38,-8.02,7.38,16.51
2012-01-06,15.70,16.32,16.36,15.40,16906,26930000,0.49,3.10,6.06,12.62
2012-01-09,16.05,16.79,16.85,15.91,22326,36790000,0.47,2.88,5.76,16.66
2012-01-10,16.62,17.22,17.38,16.59,24897,42220000,0.43,2.56,4.71,18.58
2012-01-11,17.15,17.05,17.34,16.80,19387,33130000,-0.17,-0.99,3.14,14.47
2012-01-12,16.93,16.53,17.23,16.45,16756,28060000,-0.52,-3.05,4.57,12.50
2012-01-13,16.45,15.60,16.60,15.50,14778,23610000,-0.93,-5.63,6.65,11.03
2012-01-16,15.51,15.11,15.54,15.01,9113,13850000,-0.49,-3.14,3.40,6.80
2012-01-17,15.18,15.93,16.00,15.01,12249,19020000,0.82,5.43,6.55,9.14
2012-01-18,15.76,15.17,16.07,15.07,12851,20090000,-0.76,-4.77,6.28,9.59
2012-01-19,15.07,15.30,15.40,14.90,10028,15280000,0.13,0.86,3.30,7.48
2012-01-20,15.30,15.52,15.76,15.30,11046,17210000,0.22,1.44,3.01,8.24
2012-01-30,15.52,15.62,15.90,15.38,11366,17830000,0.10,0.64,3.35,8.48
2012-01-31,15.65,15.36,15.75,15.24,9084,13990000,-0.26,-1.66,3.27,6.78
2012-02-01,15.36,16.03,16.09,15.21,16957,26610000,0.67,4.36,5.73,12.65
2012-02-02,15.89,16.13,16.16,15.73,16645,26550000,0.10,0.62,2.68,12.42
2012-02-03,16.01,16.19,16.26,15.89,17532,28210000,0.06,0.37,2.29,13.08
2012-02-06,16.24,16.11,16.29,15.97,16821,27140000,-0.08,-0.49,1.98,12.55
2012-02-07,16.00,15.76,16.12,15.72,11129,17690000,-0.35,-2.17,2.48,8.31
2012-02-08,15.71,16.18,16.19,15.71,12529,20060000,0.42,2.67,3.05,9.35
2012-02-09,16.20,16.45,16.66,16.10,19111,31420000,0.27,1.67,3.46,14.26
2012-02-10,16.38,17.30,17.30,16.25,36445,61320000,0.85,5.17,6.38,27.20
2012-02-13,17.06,17.45,17.96,17.00,35877,62650000,0.15,0.87,5.55,26.77
2012-02-14,17.30,17.60,17.74,17.12,19843,34540000,0.15,0.86,3.55,14.81
2012-02-15,17.59,17.70,17.80,17.40,16992,29950000,0.10,0.57,2.27,12.68
2012-02-16,17.67,17.45,17.68,17.10,21196,36760000,-0.25,-1.41,3.28,15.82
2012-02-17,17.52,17.13,17.59,16.93,14363,24720000,-0.32,-1.83,3.78,10.72
2012-02-20,17.36,17.19,17.40,17.13,13356,23040000,0.06,0.35,1.58,9.97
2012-02-21,17.19,17.77,17.78,17.08,19233,33630000,0.58,3.37,4.07,14.35
2012-02-22,17.80,18.01,18.11,17.58,22156,39610000,0.24,1.35,2.98,16.53
2012-02-23,17.91,17.97,18.30,17.79,20643,37150000,-0.04,-0.22,2.83,15.41
2012-02-24,17.93,18.35,18.77,17.87,20036,36780000,0.38,2.11,5.01,14.95
2012-02-27,18.10,18.31,18.88,18.00,25732,47420000,-0.04,-0.22,4.80,19.20
2012-02-28,18.20,18.48,18.60,18.06,17743,32560000,0.17,0.93,2.95,13.24
2012-02-29,18.80,18.73,19.98,18.55,32912,63030000,0.25,1.35,7.74,24.56
2012-03-01,18.46,18.86,19.14,18.46,15273,28800000,0.13,0.69,3.63,11.40
2012-03-02,18.90,19.04,19.09,18.75,17561,33240000,0.18,0.95,1.80,13.10
2012-03-05,19.08,18.93,19.08,18.78,19479,36860000,-0.11,-0.58,1.58,11.66
2012-03-06,18.93,18.30,18.97,18.27,20749,38340000,-0.63,-3.33,3.70,12.42
2012-03-07,18.10,18.26,18.59,18.02,15127,27690000,-0.04,-0.22,3.11,9.06
2012-03-08,18.28,18.29,18.55,18.23,18119,33270000,0.03,0.16,1.75,10.85
2012-03-09,18.33,18.82,18.88,18.30,18859,35010000,0.53,2.90,3.17,11.29
2012-03-12,18.84,19.21,19.23,18.73,22866,43500000,0.39,2.07,2.66,13.69
2012-03-13,19.22,19.58,19.58,19.00,19928,38440000,0.37,1.93,3.02,11.93
2012-03-14,19.88,19.96,20.85,19.45,56438,113890000,0.38,1.94,7.15,33.80
2012-03-15,19.75,19.64,20.38,19.51,25607,51070000,-0.32,-1.60,4.36,15.33
2012-03-16,19.75,20.15,20.20,19.33,18181,35850000,0.51,2.60,4.43,10.89
2012-03-19,20.06,20.25,20.60,19.88,17654,35720000,0.10,0.50,3.57,10.57
2012-03-20,20.11,19.03,20.11,19.01,16096,31380000,-1.22,-6.02,5.43,9.64
2012-03-21,19.10,19.18,19.35,18.50,9450,17940000,0.15,0.79,4.47,5.66
2012-03-22,19.21,18.82,19.29,18.74,6905,13090000,-0.36,-1.88,2.87,4.13
2012-03-23,18.81,18.05,18.81,17.91,12249,22420000,-0.77,-4.09,4.78,7.33
2012-03-26,18.04,18.17,18.25,17.99,5063,9160000,0.12,0.66,1.44,3.03
2012-03-27,18.29,18.22,18.53,18.18,7521,13800000,0.05,0.28,1.93,4.50
2012-03-28,18.15,16.87,18.39,16.82,11695,20320000,-1.35,-7.41,8.62,7.00
2012-03-29,16.66,16.89,17.35,16.65,7705,13080000,0.02,0.12,4.15,4.61
2012-03-30,16.99,16.40,17.19,15.82,15402,25170000,-0.49,-2.90,8.11,9.22
2012-04-05,16.55,16.99,17.28,16.55,24987,42360000,0.59,3.60,4.45,14.96
2012-04-06,17.03,17.35,17.45,16.91,16831,28960000,0.36,2.12,3.18,10.08
2012-04-09,17.29,17.82,18.40,17.25,19573,34880000,0.47,2.71,6.63,11.72
2012-04-10,17.60,18.09,18.27,17.10,19693,34880000,0.27,1.52,6.57,11.79
2012-04-11,17.72,18.85,19.58,17.72,31846,59340000,0.76,4.20,10.28,19.07
2012-04-12,18.65,19.11,19.37,18.61,32301,61670000,0.26,1.38,4.03,19.34
2012-04-13,19.40,19.88,21.00,19.40,42195,85010000,0.77,4.03,8.37,25.27
2012-04-16,19.31,19.53,20.23,19.30,24885,48990000,-0.35,-1.76,4.68,14.90
2012-04-17,18.85,17.58,18.85,17.58,41440,74600000,-1.95,-9.98,6.50,24.81
2012-04-18,17.30,17.93,18.08,17.23,26056,46040000,0.35,1.99,4.84,15.60
2012-04-19,17.78,17.54,17.88,17.39,18561,32610000,-0.39,-2.18,2.73,11.11
2012-04-23,17.59,16.72,17.69,16.63,18570,31880000,-0.82,-4.68,6.04,11.12
2012-04-24,16.51,17.63,17.64,16.51,17504,29960000,0.91,5.44,6.76,10.48
2012-04-25,17.50,19.07,19.33,17.39,42280,78780000,1.44,8.17,11.00,25.32
2012-04-26,18.76,18.33,18.84,17.90,20175,37300000,-0.74,-3.88,4.93,12.08
2012-04-27,18.28,17.72,18.28,17.68,11274,20190000,-0.61,-3.33,3.27,6.75
2012-05-02,17.91,18.04,18.14,17.67,10945,19600000,0.32,1.81,2.65,6.55
2012-05-03,18.00,17.88,18.17,17.70,9199,16470000,-0.16,-0.89,2.61,5.51
2012-05-04,17.79,18.20,18.38,17.68,13248,23890000,0.32,1.79,3.92,7.93
2012-05-07,18.16,18.46,18.49,17.80,11352,20530000,0.26,1.43,3.79,6.80
2012-05-08,18.46,18.73,18.99,18.31,18163,33980000,0.27,1.46,3.68,10.88
2012-05-09,18.50,18.53,18.72,18.30,12557,23220000,-0.20,-1.07,2.24,7.52
2012-05-10,18.53,18.87,19.68,18.53,27496,52620000,0.34,1.83,6.21,16.46
2012-05-11,18.79,18.50,18.99,18.35,15092,28060000,-0.37,-1.96,3.39,9.04
2012-05-14,18.50,18.07,18.78,18.01,13118,24080000,-0.43,-2.32,4.16,7.86
2012-05-15,17.56,17.83,17.99,17.56,8808,15640000,-0.24,-1.33,2.38,5.27
2012-05-16,17.85,17.70,18.10,17.65,5534,9910000,-0.13,-0.73,2.52,3.31
2012-05-17,17.73,17.84,18.34,17.65,11905,21410000,0.14,0.79,3.90,7.13
2012-05-18,17.91,17.98,18.66,17.90,16335,29830000,0.14,0.78,4.26,9.78
2012-05-21,17.81,17.36,18.40,17.28,10864,19000000,-0.62,-3.45,6.23,6.51
2012-05-22,17.42,17.51,17.64,17.40,6564,11490000,0.15,0.86,1.38,3.93
2012-05-23,17.51,17.52,17.61,17.31,6296,10990000,0.01,0.06,1.71,3.77
2012-05-24,17.53,17.23,17.55,17.10,7727,13430000,-0.29,-1.66,2.57,4.63
2012-05-25,17.23,16.75,17.28,16.65,8093,13670000,-0.48,-2.79,3.66,4.85
2012-05-28,16.66,17.68,17.79,16.60,9821,16950000,0.93,5.55,7.10,5.88
2012-05-29,18.70,17.98,19.39,17.92,20601,37940000,0.30,1.70,8.31,12.34
2012-05-30,18.01,18.94,19.59,18.01,44974,84750000,0.96,5.34,8.79,26.93
2012-05-31,18.31,18.48,18.66,18.17,24240,44610000,-0.46,-2.43,2.59,14.52
2012-06-01,18.40,18.33,18.69,18.23,12169,22420000,-0.15,-0.81,2.49,7.29
2012-06-04,17.89,17.19,17.93,17.17,14488,25440000,-1.14,-6.22,4.15,8.68
2012-06-05,17.45,17.32,17.66,17.10,7182,12480000,0.13,0.76,3.26,4.30
2012-06-06,17.33,17.29,17.57,17.15,4579,7930000,-0.03,-0.17,2.42,2.74
2012-06-07,17.46,17.26,17.60,17.18,6748,11770000,-0.03,-0.17,2.43,4.04
2012-06-08,17.47,17.42,17.49,17.18,4986,8640000,0.16,0.93,1.80,2.99
2012-06-11,17.58,18.32,18.32,17.45,15588,28090000,0.90,5.17,4.99,9.33
2012-06-12,18.30,18.34,18.64,18.01,13968,25710000,0.02,0.11,3.44,8.36
2012-06-13,18.35,18.60,18.64,18.08,15231,28050000,0.26,1.42,3.05,9.12
2012-06-14,18.57,18.52,18.66,18.30,13774,25420000,-0.08,-0.43,1.94,8.25
2012-06-15,12.03,11.60,12.09,11.58,20224,23770000,-0.55,-4.53,4.20,8.07
2012-06-18,11.62,12.25,12.48,11.60,27664,33360000,0.65,5.60,7.59,11.04
2012-06-19,12.23,12.08,12.51,11.96,21244,25900000,-0.17,-1.39,4.49,8.48
2012-06-20,12.19,11.98,12.19,11.84,12930,15540000,-0.10,-0.83,2.90,5.16
2012-06-21,11.96,11.83,11.96,11.72,11021,13020000,-0.15,-1.25,2.00,4.40
2012-06-25,11.80,11.17,11.80,11.11,13966,15910000,-0.66,-5.58,5.83,5.58
2012-06-26,11.12,11.34,11.40,11.02,7430,8360000,0.17,1.52,3.40,2.97
2012-06-27,11.30,11.20,11.47,11.15,9029,10220000,-0.14,-1.23,2.82,3.60
2012-06-28,11.12,10.84,11.35,10.72,7891,8780000,-0.36,-3.21,5.63,3.15
2012-06-29,10.70,10.83,10.89,10.40,10791,11530000,-0.01,-0.09,4.52,4.31
2012-07-02,10.88,10.95,11.07,10.83,7828,8550000,0.12,1.11,2.22,3.13
2012-07-03,10.88,11.16,11.17,10.80,9487,10460000,0.21,1.92,3.38,3.79
2012-07-04,11.14,11.17,11.23,11.04,9956,11060000,0.01,0.09,1.70,3.97
2012-07-05,11.12,10.83,11.14,10.68,8955,9700000,-0.34,-3.04,4.12,3.57
2012-07-06,10.86,11.05,11.13,10.83,10947,12030000,0.22,2.03,2.77,4.37
2012-07-09,11.06,10.90,11.17,10.90,9891,10920000,-0.15,-1.36,2.44,3.95
2012-07-10,10.78,10.53,10.88,10.40,8454,8970000,-0.37,-3.39,4.40,3.37
2012-07-11,10.50,10.52,10.58,10.23,6954,7220000,-0.01,-0.10,3.32,2.78
2012-07-12,10.52,10.45,10.54,10.26,8454,8800000,-0.07,-0.67,2.66,3.38
2012-07-13,10.46,9.96,10.47,9.92,13103,13330000,-0.49,-4.69,5.26,5.23
2012-07-16,9.97,9.31,9.98,9.20,10346,9850000,-0.65,-6.53,7.83,4.13
2012-07-17,9.28,9.46,9.51,9.21,5872,5520000,0.15,1.61,3.22,2.34
2012-07-18,9.44,9.61,9.65,9.32,5982,5670000,0.15,1.59,3.49,2.39
2012-07-19,9.55,9.77,9.95,9.52,7928,7750000,0.16,1.66,4.47,3.16
2012-07-20,9.75,9.62,9.82,9.58,7090,6850000,-0.15,-1.54,2.46,2.83
2012-07-23,9.60,9.30,9.60,9.28,6878,6430000,-0.32,-3.33,3.33,2.75
2012-07-24,9.30,9.53,9.59,9.28,7417,7010000,0.23,2.47,3.33,2.96
2012-07-25,9.45,9.43,9.56,9.31,4886,4620000,-0.10,-1.05,2.62,1.95
2012-07-26,9.36,9.36,9.62,9.36,5827,5530000,-0.07,-0.74,2.76,2.33
2012-07-27,9.44,9.39,9.49,9.31,3444,3240000,0.03,0.32,1.92,1.37
2012-07-30,9.17,8.97,9.37,8.90,5897,5370000,-0.42,-4.47,5.01,2.35
2012-07-31,8.98,8.74,9.04,8.66,3774,3310000,-0.23,-2.56,4.24,1.51
2012-08-01,8.83,8.83,8.93,8.74,4732,4190000,0.09,1.03,2.17,1.89
2012-08-02,8.75,8.73,8.87,8.65,2916,2560000,-0.10,-1.13,2.49,1.16
2012-08-03,8.77,8.91,8.93,8.67,3979,3520000,0.18,2.06,2.98,1.59
2012-08-06,8.91,9.80,9.80,8.90,24244,23210000,0.89,9.99,10.10,9.68
2012-08-07,9.89,10.13,10.25,9.75,35935,36040000,0.33,3.37,5.10,14.35
2012-08-08,9.99,10.01,10.08,9.85,16814,16760000,-0.12,-1.18,2.27,6.71
2012-08-09,10.00,10.21,10.35,9.91,24046,24590000,0.20,2.00,4.40,9.60
2012-08-10,10.09,9.99,10.30,9.92,12217,12300000,-0.22,-2.15,3.72,4.88
2012-08-13,10.07,9.76,10.07,9.75,10024,9900000,-0.23,-2.30,3.20,4.00
2012-08-14,9.64,9.85,9.88,9.36,9477,9100000,0.09,0.92,5.33,3.78
2012-08-15,9.75,9.92,9.95,9.61,9631,9440000,0.07,0.71,3.45,3.84
2012-08-16,9.90,9.68,9.96,9.65,5226,5100000,-0.24,-2.42,3.13,2.09
2012-08-17,9.68,9.78,9.78,9.60,3678,3570000,0.10,1.03,1.86,1.47
2012-08-20,9.76,9.83,9.88,9.60,4575,4460000,0.05,0.51,2.86,1.83
2012-08-21,9.92,9.97,10.08,9.78,9045,9010000,0.14,1.42,3.05,3.61
2012-08-22,10.10,9.77,10.10,9.74,7295,7260000,-0.20,-2.01,3.61,2.91
2012-08-23,9.71,9.89,9.89,9.63,6791,6650000,0.12,1.23,2.66,2.71
2012-08-24,9.90,9.78,10.04,9.77,8787,8710000,-0.11,-1.11,2.73,3.51
2012-08-27,9.72,9.24,9.82,9.18,7451,6990000,-0.54,-5.52,6.54,2.97
2012-08-28,9.24,9.34,9.42,9.18,5138,4790000,0.10,1.08,2.60,2.05
2012-08-29,9.30,9.37,9.49,9.25,5117,4800000,0.03,0.32,2.57,2.04
2012-08-30,9.35,9.21,9.48,9.02,5150,4770000,-0.16,-1.71,4.91,2.06
2012-08-31,9.18,9.24,9.32,9.14,3059,2820000,0.03,0.33,1.95,1.22
2012-09-03,9.25,9.38,9.49,9.08,5735,5380000,0.14,1.52,4.44,2.29
2012-09-04,9.38,9.51,9.63,9.33,10828,10280000,0.13,1.39,3.20,4.32
2012-09-05,9.52,9.65,9.65,9.38,8009,7630000,0.14,1.47,2.84,3.20
2012-09-06,9.65,9.81,9.84,9.60,8883,8640000,0.16,1.66,2.49,3.55
2012-09-07,9.85,10.50,10.76,9.84,35281,36390000,0.69,7.03,9.38,14.08
2012-09-10,10.60,11.55,11.55,10.57,54555,62120000,1.05,10.00,9.33,21.78
2012-09-11,11.74,11.56,11.87,11.20,51468,58790000,0.01,0.09,5.80,20.55
2012-09-12,11.51,12.38,12.69,11.30,61573,72210000,0.82,7.09,12.02,24.58
2012-09-13,12.25,11.88,12.29,11.62,62779,74970000,-0.50,-4.04,5.41,25.06
2012-09-14,11.82,12.00,12.80,11.39,67403,81630000,0.12,1.01,11.87,26.91
2012-09-17,12.00,11.39,12.47,11.31,47139,55810000,-0.61,-5.08,9.67,18.82
2012-09-18,11.00,10.92,11.58,10.75,28592,31490000,-0.47,-4.13,7.29,11.41
2012-09-19,11.21,10.95,11.24,10.82,25893,28440000,0.03,0.27,3.85,10.34
2012-09-20,10.89,10.79,11.37,10.61,32868,35750000,-0.16,-1.46,6.94,13.12
2012-09-21,10.79,10.72,10.95,10.42,24346,26060000,-0.07,-0.65,4.91,9.72
2012-09-24,10.72,11.28,11.41,10.54,42427,47050000,0.56,5.22,8.12,16.94
2012-09-25,11.10,10.75,11.27,10.67,25496,27950000,-0.53,-4.70,5.32,10.18
2012-09-26,10.67,9.95,10.67,9.84,23745,24200000,-0.80,-7.44,7.72,9.48
2012-09-27,9.80,10.20,10.29,9.80,16323,16420000,0.25,2.51,4.92,6.52
2012-09-28,10.10,10.25,10.30,10.02,13104,13340000,0.05,0.49,2.75,5.23
2012-10-08,10.28,10.14,10.44,10.05,9181,9380000,-0.11,-1.07,3.80,3.67
2012-10-09,10.20,10.49,10.51,10.12,16390,17040000,0.35,3.45,3.85,6.54
2012-10-10,10.41,11.54,11.54,10.35,52928,59450000,1.05,10.01,11.34,21.13
2012-10-11,11.40,11.03,11.70,10.94,38825,43810000,-0.51,-4.42,6.59,15.50
2012-10-12,11.00,11.15,11.39,10.90,22679,25310000,0.12,1.09,4.44,9.05
2012-10-15,11.14,10.79,11.14,10.56,15834,17000000,-0.36,-3.23,5.20,6.32
2012-10-16,10.85,10.73,10.96,10.66,12030,13020000,-0.06,-0.56,2.78,4.80
2012-10-17,10.65,10.89,10.95,10.58,9868,10640000,0.16,1.49,3.45,3.94
2012-10-18,10.89,11.25,11.26,10.85,17574,19440000,0.36,3.31,3.76,7.02
2012-10-19,11.23,11.02,11.43,10.99,13130,14640000,-0.23,-2.04,3.91,5.24
2012-10-22,10.90,11.06,11.09,10.76,8755,9550000,0.04,0.36,2.99,3.50
2012-10-23,11.06,10.80,11.12,10.78,8283,9000000,-0.26,-2.35,3.07,3.31
2012-10-24,10.66,10.58,10.92,10.58,7169,7690000,-0.22,-2.04,3.15,2.86
2012-10-25,10.50,10.48,10.64,10.41,8715,9160000,-0.10,-0.95,2.17,3.48
2012-10-26,10.41,10.11,10.54,10.08,6869,7030000,-0.37,-3.53,4.39,2.74
2012-10-29,10.10,10.15,10.22,10.08,3616,3670000,0.04,0.40,1.38,1.44
2012-10-30,10.16,10.21,10.23,10.08,4101,4160000,0.06,0.59,1.48,1.64
2012-10-31,10.21,10.25,10.26,10.10,3715,3770000,0.04,0.39,1.57,1.48
2012-11-01,10.29,10.48,10.54,10.25,6734,7030000,0.23,2.24,2.83,2.69
2012-11-02,10.55,10.88,11.47,10.55,26186,28820000,0.40,3.82,8.78,10.45
2012-11-05,10.72,10.58,10.88,10.45,10312,10960000,-0.30,-2.76,3.95,4.12
2012-11-06,10.68,10.70,10.80,10.33,11053,11650000,0.12,1.13,4.44,4.41
2012-11-07,10.88,10.60,10.88,10.48,6130,6500000,-0.10,-0.93,3.74,2.45
2012-11-08,10.50,10.10,10.61,10.10,10292,10560000,-0.50,-4.72,4.81,4.11
2012-11-09,10.10,10.08,10.18,10.02,3780,3820000,-0.02,-0.20,1.58,1.51
2012-11-12,10.08,10.17,10.26,10.08,4106,4170000,0.09,0.89,1.79,1.64
2012-11-13,10.32,9.80,10.32,9.80,7228,7180000,-0.37,-3.64,5.11,2.89
2012-11-14,9.70,9.69,9.98,9.51,4693,4570000,-0.11,-1.12,4.80,1.87
2012-11-15,9.69,9.49,9.79,9.40,3965,3800000,-0.20,-2.06,4.02,1.58
2012-11-16,9.68,9.52,9.68,9.40,5004,4780000,0.03,0.32,2.95,2.00
2012-11-19,9.51,9.55,9.58,9.28,3884,3670000,0.03,0.32,3.15,1.55
2012-11-20,9.65,9.69,9.74,9.51,4659,4500000,0.14,1.47,2.41,1.86
2012-11-21,9.69,9.79,9.79,9.44,6323,6120000,0.10,1.03,3.61,2.52
2012-11-22,9.70,10.05,10.05,9.67,15922,15800000,0.26,2.66,3.88,6.36
2012-11-23,9.94,9.83,10.12,9.82,8002,7980000,-0.22,-2.19,2.99,3.19
2012-11-26,9.75,9.33,9.75,9.30,7484,7110000,-0.50,-5.09,4.58,2.99
2012-11-27,9.38,8.72,9.38,8.72,6095,5500000,-0.61,-6.54,7.07,2.43
2012-11-28,8.71,8.60,8.78,8.53,3109,2680000,-0.12,-1.38,2.87,1.24
2012-11-29,8.72,8.52,8.75,8.46,4408,3790000,-0.08,-0.93,3.37,1.76
2012-11-30,8.52,8.61,8.63,8.43,3904,3340000,0.09,1.06,2.35,1.56
2012-12-03,8.48,8.32,8.62,8.32,3577,3040000,-0.29,-3.37,3.48,1.43
2012-12-04,8.23,8.00,8.32,7.61,7939,6300000,-0.32,-3.85,8.53,3.17
2012-12-05,7.98,8.40,8.48,7.92,8405,6930000,0.40,5.00,7.00,2.16
2012-12-06,8.31,8.42,8.78,8.31,8932,7610000,0.02,0.24,5.60,2.30
2012-12-07,8.75,8.74,8.88,8.56,11151,9700000,0.32,3.80,3.80,2.87
2012-12-10,8.78,9.00,9.09,8.60,11688,10360000,0.26,2.97,5.61,3.01
2012-12-11,8.96,8.76,8.96,8.72,9989,8800000,-0.24,-2.67,2.67,2.57
2012-12-12,9.40,8.90,9.40,8.75,9740,8720000,0.14,1.60,7.42,2.51
2012-12-13,8.82,8.48,8.89,8.02,8241,7070000,-0.42,-4.72,9.78,2.12
2012-12-14,8.43,9.01,9.20,8.43,18739,16690000,0.53,6.25,9.08,4.82
2012-12-17,8.99,9.01,9.11,8.87,11593,10420000,0.00,0.00,2.66,2.98
2012-12-18,9.01,9.07,9.10,8.87,11484,10370000,0.06,0.67,2.55,2.95
2012-12-19,9.05,9.20,9.29,9.01,11409,10420000,0.13,1.43,3.09,2.94
2012-12-20,9.15,9.10,9.20,8.96,7629,6920000,-0.10,-1.09,2.61,1.96
2012-12-21,9.14,9.27,9.45,9.00,15852,14570000,0.17,1.87,4.95,4.08
2012-12-24,9.27,9.33,9.38,9.19,8577,7970000,0.06,0.65,2.05,2.21
2012-12-25,9.30,9.46,9.60,9.22,16758,15870000,0.13,1.39,4.07,4.31
2012-12-26,9.54,9.72,9.75,9.49,16782,16210000,0.26,2.75,2.75,4.32
2012-12-27,9.76,9.60,9.87,9.59,15051,14610000,-0.12,-1.23,2.88,3.87
2012-12-28,9.67,9.74,9.75,9.36,13372,12840000,0.14,1.46,4.06,3.44
2012-12-31,9.75,9.73,9.78,9.65,9427,9150000,-0.01,-0.10,1.33,2.43
2013-01-04,9.80,9.79,9.94,9.65,12652,12390000,0.06,0.62,2.98,3.26
2013-01-07,9.76,10.55,10.73,9.65,35079,36060000,0.76,7.76,11.03,9.03
2013-01-08,10.44,10.28,10.54,10.04,25949,26690000,-0.27,-2.56,4.74,6.68
2013-01-09,10.27,10.31,10.43,10.07,16041,16390000,0.03,0.29,3.50,4.13
2013-01-10,10.33,10.19,10.48,10.14,11499,11820000,-0.12,-1.16,3.30,2.96
2013-01-11,10.19,9.74,10.26,9.70,11513,11530000,-0.45,-4.42,5.50,2.96
2013-01-14,9.72,10.26,10.26,9.68,17781,17960000,0.52,5.34,5.95,4.58
2013-01-15,10.28,10.63,10.88,10.27,36617,38760000,0.37,3.61,5.95,9.42
2013-01-16,10.75,10.90,10.93,10.45,29692,31720000,0.27,2.54,4.52,7.64
2013-01-17,11.05,11.08,11.45,10.90,50088,55900000,0.18,1.65,5.05,12.89
2013-01-18,11.10,11.16,11.30,10.86,30135,33460000,0.08,0.72,3.97,7.75
2013-01-21,11.38,11.80,12.28,11.38,81386,95740000,0.64,5.73,8.06,20.94
2013-01-22,11.86,11.53,12.19,11.40,47654,55730000,-0.27,-2.29,6.69,12.26
2013-01-23,11.44,11.38,11.72,10.90,32781,37040000,-0.15,-1.30,7.11,8.43
2013-01-24,11.38,11.30,11.45,10.86,25777,28710000,-0.08,-0.70,5.18,6.63
2013-01-25,11.35,11.21,11.61,11.06,32263,36500000,-0.09,-0.80,4.87,8.30
2013-01-28,11.25,11.29,11.63,11.25,47194,53520000,0.08,0.71,3.39,12.14
2013-01-29,11.29,11.26,11.40,11.07,24655,27680000,-0.03,-0.27,2.92,6.34
2013-01-30,11.39,11.66,11.99,11.38,62097,72090000,0.40,3.55,5.42,15.98
2013-01-31,11.58,11.45,11.60,11.21,25919,29410000,-0.21,-1.80,3.34,6.67
2013-02-01,11.46,11.80,11.92,11.46,59223,69260000,0.35,3.06,4.02,15.24
2013-02-04,11.93,12.18,12.60,11.93,53042,64790000,0.38,3.22,5.68,13.65
2013-02-05,12.45,12.28,12.77,12.20,53738,66500000,0.10,0.82,4.68,13.83
2013-02-06,12.45,12.23,12.45,11.86,34445,41590000,-0.05,-0.41,4.80,8.86
2013-02-07,12.80,12.83,13.05,12.39,75824,96080000,0.60,4.91,5.40,19.51
2013-02-08,13.14,12.59,13.18,12.53,55770,71180000,-0.24,-1.87,5.07,14.35
2013-02-18,12.85,12.32,12.85,12.20,26072,32330000,-0.27,-2.14,5.16,6.71
2013-02-19,12.22,12.35,12.74,11.88,46289,56800000,0.03,0.24,6.98,11.91
2013-02-20,12.31,12.28,12.38,12.16,21493,26410000,-0.07,-0.57,1.78,5.53
2013-02-21,12.29,12.18,12.29,11.97,27404,33160000,-0.10,-0.81,2.61,7.05
2013-02-22,12.33,12.59,12.76,12.32,74250,93140000,0.41,3.37,3.61,19.10
2013-02-25,12.51,12.80,13.15,12.51,42103,53530000,0.21,1.67,5.08,10.83
2013-02-26,12.82,12.96,13.40,12.77,46782,60750000,0.16,1.25,4.92,12.04
2013-02-27,13.10,12.77,13.17,12.66,26619,34110000,-0.19,-1.47,3.94,6.85
2013-02-28,12.91,12.80,12.91,12.53,27535,35020000,0.03,0.23,2.98,7.08
2013-03-01,12.89,12.83,13.03,12.72,24062,30890000,0.03,0.23,2.42,6.19
2013-03-04,12.82,12.53,12.87,12.48,21862,27620000,-0.30,-2.34,3.04,5.63
2013-03-05,12.65,12.68,12.77,12.51,17794,22510000,0.15,1.20,2.08,4.58
2013-03-06,12.79,13.36,13.37,12.78,74601,97150000,0.68,5.36,4.65,19.20
2013-03-07,13.37,12.69,13.37,12.62,40102,51680000,-0.67,-5.02,5.61,10.32
2013-03-08,12.68,11.83,12.78,11.81,41816,51040000,-0.86,-6.78,7.64,10.76
2013-03-11,11.69,11.65,11.85,11.60,18648,21850000,-0.18,-1.52,2.11,4.80
2013-03-12,11.67,11.21,11.87,11.02,17889,20530000,-0.44,-3.78,7.30,4.60
2013-03-13,11.23,11.10,11.30,10.76,14958,16490000,-0.11,-0.98,4.82,3.85
2013-03-14,11.03,11.15,11.32,11.03,10067,11280000,0.05,0.45,2.61,2.59
2013-03-15,11.12,11.18,11.50,11.00,15045,16960000,0.03,0.27,4.48,3.87
2013-03-18,11.10,11.20,11.41,11.10,9672,10930000,0.02,0.18,2.77,2.49
2013-03-19,11.20,11.10,11.35,10.91,7533,8390000,-0.10,-0.89,3.93,1.94
2013-03-20,11.09,11.43,11.48,11.09,16646,18860000,0.33,2.97,3.51,4.28
2013-03-21,11.43,11.50,11.55,11.36,14123,16200000,0.07,0.61,1.66,3.63
2013-03-22,11.39,11.48,11.66,11.38,11080,12760000,-0.02,-0.17,2.43,2.85
2013-03-25,11.48,11.52,11.67,11.41,10332,11930000,0.04,0.35,2.26,2.66
2013-03-26,11.51,11.60,11.67,11.30,16916,19430000,0.08,0.69,3.21,4.35
2013-03-27,11.60,11.38,11.66,11.32,9549,10970000,-0.22,-1.90,2.93,2.46
2013-03-28,11.30,10.37,11.30,10.34,17872,19130000,-1.01,-8.88,8.44,4.60
2013-03-29,10.55,10.47,10.74,10.35,8572,9040000,0.10,0.96,3.76,2.21
2013-04-01,10.60,10.53,10.65,10.48,7367,7790000,0.06,0.57,1.62,1.90
2013-04-02,10.54,10.40,10.74,10.35,9927,10500000,-0.13,-1.23,3.70,2.55
2013-04-03,10.43,10.30,10.56,10.10,4897,5030000,-0.10,-0.96,4.42,1.26
2013-04-08,10.20,10.75,10.77,10.11,12674,13350000,0.45,4.37,6.41,3.26
2013-04-09,10.76,11.33,11.49,10.76,37125,41150000,0.58,5.40,6.79,9.55
2013-04-10,11.14,11.18,11.42,11.07,15982,17880000,-0.15,-1.32,3.09,4.11
2013-04-11,11.18,11.52,11.77,11.13,30440,35020000,0.34,3.04,5.72,7.83
2013-04-12,11.50,11.03,11.62,10.96,19796,22160000,-0.49,-4.25,5.73,5.09
2013-04-15,10.98,10.85,10.98,10.63,6497,7020000,-0.18,-1.63,3.17,1.67
2013-04-16,10.83,10.93,10.95,10.65,6327,6820000,0.08,0.74,2.77,1.63
2013-04-17,10.87,10.95,11.00,10.73,5677,6180000,0.02,0.18,2.47,1.46
2013-04-18,10.82,10.87,10.98,10.80,8009,8700000,-0.08,-0.73,1.64,2.06
2013-04-19,10.77,11.29,11.39,10.77,15480,17370000,0.42,3.86,5.70,3.98
2013-04-22,11.24,11.34,11.37,11.13,8721,9830000,0.05,0.44,2.13,2.24
2013-04-23,11.14,10.64,11.28,10.60,16130,17530000,-0.70,-6.17,6.00,4.15
2013-04-24,10.60,10.72,10.89,10.60,8264,8890000,0.08,0.75,2.73,2.13
2013-04-25,10.72,10.51,10.77,10.50,8493,9020000,-0.21,-1.96,2.52,2.19
2013-04-26,10.52,10.29,10.59,10.28,4397,4580000,-0.22,-2.09,2.95,1.13
2013-05-02,10.20,10.30,10.35,10.16,2084,2140000,0.01,0.10,1.85,0.54
2013-05-03,10.48,10.60,10.71,10.36,5378,5720000,0.30,2.91,3.40,1.38
2013-05-06,10.60,10.78,10.85,10.49,6137,6620000,0.18,1.70,3.40,1.58
2013-05-07,10.73,10.79,10.90,10.71,4629,5000000,0.01,0.09,1.76,1.19
2013-05-08,10.81,11.09,11.09,10.80,9519,10430000,0.30,2.78,2.69,2.45
2013-05-09,10.96,11.01,11.15,10.78,7480,8200000,-0.08,-0.72,3.34,1.92
2013-05-10,10.91,11.15,11.24,10.91,13036,14490000,0.14,1.27,3.00,3.35
2013-05-13,11.15,11.03,11.28,10.98,9300,10320000,-0.12,-1.08,2.69,2.39
2013-05-14,11.03,10.85,11.03,10.80,7610,8300000,-0.18,-1.63,2.09,1.96
2013-05-15,10.88,11.22,11.26,10.88,12134,13550000,0.37,3.41,3.50,3.12
2013-05-16,11.24,11.15,11.38,11.04,11282,12680000,-0.07,-0.62,3.03,2.90
2013-05-17,11.16,11.27,11.33,11.07,10623,11920000,0.12,1.08,2.33,2.73
2013-05-20,11.28,11.50,11.60,11.22,11325,13010000,0.23,2.04,3.37,2.91
2013-05-21,11.60,11.62,11.72,11.41,15386,17790000,0.12,1.04,2.70,3.96
2013-05-22,11.69,11.49,11.72,11.45,10060,11610000,-0.13,-1.12,2.32,2.59
2013-05-23,11.45,11.40,11.58,11.37,8145,9330000,-0.09,-0.78,1.83,2.10
2013-05-24,11.40,11.51,11.52,11.34,6768,7760000,0.11,0.96,1.58,1.74
2013-05-27,11.54,11.57,11.70,11.51,13597,15770000,0.06,0.52,1.65,3.50
2013-05-28,11.60,11.82,11.86,11.50,16018,18740000,0.25,2.16,3.11,4.12
2013-05-29,11.80,11.66,11.80,11.64,11680,13670000,-0.16,-1.35,1.35,3.01
2013-05-30,11.60,11.57,11.66,11.48,9125,10550000,-0.09,-0.77,1.54,2.35
2013-05-31,11.50,11.50,11.69,11.49,9969,11550000,-0.07,-0.61,1.73,2.56
2013-06-03,11.50,11.25,11.55,11.21,9638,10960000,-0.25,-2.17,2.96,2.48
2013-06-04,11.15,10.73,11.26,10.67,10722,11700000,-0.52,-4.62,5.24,2.76
2013-06-05,10.73,10.84,10.87,10.69,4622,4990000,0.11,1.03,1.68,1.19
2013-06-06,10.78,10.60,10.86,10.53,6380,6840000,-0.24,-2.21,3.04,1.64
2013-06-07,10.69,10.39,10.75,10.31,5543,5820000,-0.21,-1.98,4.15,1.43
2013-06-13,10.35,10.00,10.35,9.86,5744,5730000,-0.39,-3.75,4.72,1.48
2013-06-14,10.00,10.15,10.28,10.00,4557,4630000,0.15,1.50,2.80,1.17
2013-06-17,10.17,10.35,10.40,10.10,5596,5760000,0.20,1.97,2.96,1.44
2013-06-18,10.45,10.25,10.45,10.15,4026,4130000,-0.10,-0.97,2.90,1.04
2013-06-19,10.19,10.13,10.25,9.88,6040,6060000,-0.12,-1.17,3.61,1.55
2013-06-20,10.01,9.97,10.25,9.95,5198,5260000,-0.16,-1.58,2.96,1.34
2013-06-21,9.89,9.97,10.10,9.68,3324,3300000,0.00,0.00,4.21,0.86
2013-06-24,9.99,9.22,10.06,9.00,5527,5210000,-0.75,-7.52,10.63,1.42
2013-06-25,9.10,9.08,9.30,8.46,8580,7660000,-0.14,-1.52,9.11,2.21
2013-06-26,9.06,9.26,9.43,9.04,6997,6480000,0.18,1.98,4.30,1.80
2013-06-27,9.31,9.24,9.48,9.08,8664,8040000,-0.02,-0.22,4.32,2.23
2013-06-28,8.88,8.96,9.20,8.62,4227,3810000,-0.08,-0.89,6.42,1.09
2013-07-01,8.92,9.28,9.34,8.92,5834,5330000,0.32,3.57,4.69,1.50
2013-07-02,9.28,9.38,9.43,9.24,4323,4030000,0.10,1.08,2.05,1.11
2013-07-03,9.25,9.79,10.08,9.13,11223,10780000,0.41,4.37,10.13,2.89
2013-07-04,9.63,10.13,10.25,9.52,22385,22440000,0.34,3.47,7.46,5.76
2013-07-05,9.95,9.85,10.15,9.78,12353,12290000,-0.28,-2.76,3.65,3.18
2013-07-08,9.94,10.84,10.84,9.69,101074,109370000,0.99,10.05,11.68,26.01
2013-07-09,11.00,11.50,11.89,10.80,136102,152680000,0.66,6.09,10.06,35.02
2013-07-10,11.01,11.91,12.52,10.94,128332,149780000,0.41,3.57,13.74,33.02
2013-07-11,11.42,11.75,11.87,11.32,93300,107910000,-0.16,-1.34,4.62,24.01
2013-07-12,11.55,11.70,12.27,11.50,77990,92260000,-0.05,-0.43,6.55,20.07
2013-07-15,11.68,11.70,11.84,11.05,55264,64110000,0.00,0.00,6.75,14.22
2013-07-16,11.80,12.87,12.87,11.75,142379,178590000,1.17,10.00,9.57,36.63
2013-07-17,12.66,12.40,12.66,12.10,118203,146580000,-0.47,-3.65,4.35,30.41
2013-07-18,12.00,12.19,12.30,11.85,57561,69590000,-0.21,-1.69,3.63,14.81
2013-07-19,12.00,12.37,12.54,11.81,94520,115820000,0.18,1.48,5.99,24.32
2013-07-22,12.47,12.41,12.87,12.15,80426,100830000,0.04,0.32,5.82,20.69
2013-07-23,12.16,12.27,12.30,11.85,75101,90960000,-0.14,-1.13,3.63,19.32
2013-07-24,12.15,12.18,12.24,11.82,60188,72430000,-0.09,-0.73,3.42,15.49
2013-07-25,12.04,11.10,12.14,11.05,61662,71220000,-1.08,-8.87,8.95,15.87
2013-07-26,11.05,11.27,11.46,10.98,35889,40290000,0.17,1.53,4.32,9.23
2013-07-29,11.33,11.33,11.67,11.27,49425,56870000,0.06,0.53,3.55,12.72
2013-07-30,11.28,11.58,11.98,10.60,66297,76090000,0.25,2.21,12.18,17.06
2013-07-31,11.41,11.83,11.88,11.05,61465,71020000,0.25,2.16,7.17,15.82
2013-08-01,11.83,13.01,13.01,11.71,106999,134190000,1.18,9.97,10.99,27.53
2013-08-02,13.95,14.31,14.31,13.81,143823,203460000,1.30,9.99,3.84,37.01
2013-08-05,14.47,14.08,14.47,13.68,97347,136790000,-0.23,-1.61,5.52,25.05
2013-08-06,14.15,14.35,15.18,13.70,129920,187520000,0.27,1.92,10.51,33.43
2013-08-07,13.99,13.75,14.41,13.51,87751,122330000,-0.60,-4.18,6.27,22.58
2013-08-08,13.55,13.48,13.87,13.37,57657,78320000,-0.27,-1.96,3.64,14.84
2013-08-09,13.56,13.78,13.85,13.19,55746,75710000,0.30,2.23,4.90,14.34
2013-08-12,13.55,13.71,14.03,13.44,44969,61620000,-0.07,-0.51,4.28,11.57
2013-08-13,13.78,14.19,14.31,13.50,66678,93110000,0.48,3.50,5.91,17.16
2013-08-14,14.03,13.61,14.26,13.51,56148,78330000,-0.58,-4.09,5.29,14.45
2013-08-15,13.38,14.97,14.97,13.20,81669,117400000,1.36,9.99,13.01,21.01
2013-08-16,15.01,13.52,15.08,13.52,102321,148270000,-1.45,-9.69,10.42,26.33
2013-08-19,13.01,13.50,13.88,12.70,54300,72660000,-0.02,-0.15,8.73,13.97
2013-08-20,13.31,14.02,14.20,13.19,58596,80890000,0.52,3.85,7.48,15.08
2013-08-21,13.87,14.33,14.36,13.51,57444,80770000,0.31,2.21,6.06,14.78
2013-08-22,14.20,13.70,14.43,13.70,44489,62220000,-0.63,-4.40,5.09,11.45
2013-08-23,13.81,13.57,14.19,13.02,42921,58840000,-0.13,-0.95,8.54,11.04
2013-08-26,13.56,13.82,13.89,13.17,28082,38430000,0.25,1.84,5.31,7.23
2013-08-27,13.70,14.19,14.38,13.58,57993,81770000,0.37,2.68,5.79,14.92
2013-08-28,14.05,13.64,14.07,13.60,38901,53600000,-0.55,-3.88,3.31,10.01
2013-08-29,13.59,13.34,13.76,13.29,24338,32670000,-0.30,-2.20,3.45,6.26
2013-08-30,13.27,12.88,13.67,12.81,39468,52320000,-0.46,-3.45,6.45,10.16
2013-09-02,12.78,12.48,12.88,12.02,24111,30090000,-0.40,-3.11,6.68,6.20
2013-09-03,12.52,12.62,12.73,12.42,20845,26270000,0.14,1.12,2.48,5.36
2013-09-04,12.62,12.58,12.98,12.52,20196,25680000,-0.04,-0.32,3.65,5.20
2013-09-05,12.77,12.88,13.00,12.45,26249,33540000,0.30,2.38,4.37,6.75
2013-09-06,12.72,12.92,13.06,12.71,24709,31720000,0.04,0.31,2.72,6.36
2013-09-09,13.00,13.56,13.95,12.64,52777,71380000,0.64,4.95,10.14,13.58
2013-09-10,13.50,13.23,13.54,13.15,32385,43050000,-0.33,-2.43,2.88,8.33
2013-09-11,13.20,12.52,13.20,12.51,28216,35760000,-0.71,-5.37,5.22,7.26
2013-09-12,12.51,13.77,13.77,12.31,75659,101990000,1.25,9.98,11.66,19.47
2013-09-13,14.45,14.93,15.15,14.22,144664,214140000,1.16,8.42,6.75,37.22
2013-09-16,14.80,16.22,16.22,14.40,125548,191780000,1.29,8.64,12.19,32.30
2013-09-17,15.79,15.28,16.10,15.10,91350,141660000,-0.94,-5.80,6.17,23.50
2013-09-18,15.00,15.13,16.00,15.00,69242,106830000,-0.15,-0.98,6.54,17.82
2013-09-23,14.75,15.25,15.48,14.75,66951,100670000,0.12,0.79,4.82,17.23
2013-09-24,15.20,15.60,15.90,14.80,79523,121970000,0.35,2.30,7.21,20.46
2013-09-25,15.30,14.85,15.74,14.77,46926,70840000,-0.75,-4.81,6.22,12.07
2013-09-26,14.60,15.07,15.69,14.34,83267,125670000,0.22,1.48,9.09,21.42
2013-09-27,14.90,14.38,15.31,14.31,48013,70860000,-0.69,-4.58,6.64,12.35
2013-09-30,14.52,14.66,14.73,14.33,29639,43160000,0.28,1.95,2.78,7.63
2013-10-08,14.51,16.13,16.13,14.51,82861,130590000,1.47,10.03,11.05,21.32
2013-10-09,16.20,16.91,16.92,15.88,119678,194700000,0.78,4.84,6.45,30.79
2013-10-10,16.55,17.03,17.68,16.08,93276,156320000,0.12,0.71,9.46,24.00
2013-10-11,16.58,16.64,16.99,16.50,49774,83200000,-0.39,-2.29,2.88,12.81
2013-10-14,16.52,16.84,17.14,16.11,54191,90420000,0.20,1.20,6.19,13.94
2013-10-15,16.66,16.35,16.68,16.16,37789,62000000,-0.49,-2.91,3.09,9.72
2013-10-16,16.20,16.90,17.44,15.96,76049,127300000,0.55,3.36,9.05,19.57
2013-10-17,16.70,16.37,17.35,16.22,56856,95470000,-0.53,-3.14,6.69,14.63
2013-10-18,16.16,15.99,16.18,15.61,32476,51580000,-0.38,-2.32,3.48,8.36
2013-10-21,15.86,16.42,16.53,15.71,31106,50410000,0.43,2.69,5.13,8.00
2013-10-22,16.39,15.40,16.39,15.07,47886,75060000,-1.02,-6.21,8.04,12.32
2013-10-23,15.46,14.63,15.48,14.27,28972,43110000,-0.77,-5.00,7.86,7.45
2013-10-24,14.49,14.71,14.99,14.49,16982,25160000,0.08,0.55,3.42,4.37
2013-10-25,14.72,14.22,15.05,14.13,19957,29120000,-0.49,-3.33,6.25,5.13
2013-10-28,14.60,14.36,14.72,14.30,13513,19590000,0.14,0.98,2.95,3.48
2013-10-29,14.34,13.41,14.47,12.92,34485,46450000,-0.95,-6.62,10.79,8.87
2013-10-30,13.40,13.69,13.83,13.16,19855,26840000,0.28,2.09,5.00,5.11
2013-10-31,13.48,13.52,13.90,13.26,22528,30660000,-0.17,-1.24,4.67,5.80
2013-11-01,13.54,14.10,14.18,12.96,32045,43220000,0.58,4.29,9.02,8.25
2013-11-04,13.87,13.86,14.09,13.71,22872,31800000,-0.24,-1.70,2.70,5.89
2013-11-05,13.66,13.90,13.96,13.54,18112,25020000,0.04,0.29,3.03,4.66
2013-11-06,13.71,13.71,14.16,13.57,23491,32530000,-0.19,-1.37,4.24,6.04
2013-11-07,13.56,13.15,13.60,13.02,19228,25520000,-0.56,-4.08,4.23,4.95
2013-11-08,13.09,12.52,13.26,12.40,20400,25970000,-0.63,-4.79,6.54,5.25
2013-11-11,12.58,12.41,12.59,12.20,13248,16440000,-0.11,-0.88,3.12,3.41
2013-11-12,12.45,12.62,12.74,12.35,15830,19830000,0.21,1.69,3.14,4.07
2013-11-13,12.59,11.82,12.59,11.81,20250,24690000,-0.80,-6.34,6.18,5.21
2013-11-14,11.89,12.15,12.22,11.73,17407,21010000,0.33,2.79,4.15,4.48
2013-11-15,12.18,12.63,12.96,12.15,29165,36700000,0.48,3.95,6.67,7.50
2013-11-18,12.65,13.14,13.35,12.53,36538,48040000,0.51,4.04,6.49,9.40
2013-11-19,13.20,13.25,13.35,13.00,26766,35290000,0.11,0.84,2.66,6.89
2013-11-20,13.33,13.37,13.47,13.00,24582,32540000,0.12,0.91,3.55,6.32
2013-11-21,13.30,13.21,13.31,12.94,23910,31420000,-0.16,-1.20,2.77,6.15
2013-11-22,13.18,13.13,13.39,13.10,18189,24140000,-0.08,-0.61,2.20,4.68
2013-11-25,13.15,13.24,13.50,12.95,20415,27140000,0.11,0.84,4.19,5.25
2013-11-26,13.27,13.70,13.79,13.16,29552,39860000,0.46,3.47,4.76,7.60
2013-11-27,13.68,13.64,13.76,13.42,23129,31450000,-0.06,-0.44,2.48,5.95
2013-11-28,13.68,13.74,13.97,13.51,25655,35430000,0.10,0.73,3.37,6.60
2013-11-29,13.75,14.40,14.66,13.74,38217,54580000,0.66,4.80,6.70,9.83
2013-12-02,13.90,13.17,14.10,13.00,34233,46440000,-1.23,-8.54,7.64,8.81
2013-12-03,13.00,13.38,13.50,12.80,16024,21200000,0.21,1.59,5.32,4.12
2013-12-04,13.38,13.72,13.98,13.37,16984,23340000,0.34,2.54,4.56,4.37
2013-12-05,13.71,13.91,14.28,13.58,22645,31870000,0.19,1.38,5.10,5.83
2013-12-06,13.90,13.83,14.12,13.68,11090,15360000,-0.08,-0.58,3.16,2.85
2013-12-09,13.97,14.21,14.40,13.86,16123,22790000,0.38,2.75,3.90,4.15
2013-12-10,14.21,14.75,14.96,14.00,33309,48620000,0.54,3.80,6.76,8.57
2013-12-11,14.68,14.45,14.68,14.33,21478,31130000,-0.30,-2.03,2.37,5.53
2013-12-12,14.39,14.81,14.85,14.36,18590,27310000,0.36,2.49,3.39,4.78
2013-12-13,14.96,14.73,15.28,14.66,23230,34490000,-0.08,-0.54,4.19,5.98
2013-12-16,14.68,14.64,14.88,14.43,15750,22950000,-0.09,-0.61,3.06,4.05
2013-12-17,14.64,14.91,14.98,14.55,18249,27050000,0.27,1.84,2.94,4.70
2013-12-18,14.92,15.23,16.40,14.92,71763,112240000,0.32,2.15,9.93,18.46
2013-12-19,14.51,14.26,14.89,14.20,35287,50720000,-0.97,-6.37,4.53,9.08
2013-12-20,15.67,14.95,15.69,14.90,90432,139820000,0.69,4.84,5.54,23.27
2013-12-23,13.80,13.46,14.05,13.46,58300,79340000,-1.49,-9.97,3.95,15.00
2013-12-24,12.93,13.05,13.23,12.51,44410,57900000,-0.41,-3.05,5.35,11.43
2013-12-25,12.95,13.46,13.60,12.91,28488,38040000,0.41,3.14,5.29,7.33
2013-12-26,13.39,13.48,13.67,13.21,19774,26670000,0.02,0.15,3.42,5.09
2013-12-27,13.47,13.90,13.92,13.42,17955,24660000,0.42,3.12,3.71,4.62
2013-12-30,13.90,13.89,14.14,13.76,15997,22290000,-0.01,-0.07,2.73,4.12
2013-12-31,13.90,14.20,14.50,13.51,27319,38360000,0.31,2.23,7.13,7.03
2014-01-02,14.20,14.59,14.89,14.10,18704,27290000,0.39,2.75,5.56,4.81
2014-01-03,14.59,14.80,14.96,14.41,16258,23960000,0.21,1.44,3.77,4.18
2014-01-06,14.80,13.94,14.80,13.94,17976,25670000,-0.86,-5.81,5.81,4.63
2014-01-07,14.28,15.33,15.33,14.28,100665,153810000,1.39,9.97,7.53,25.90
2014-01-08,15.33,14.94,15.33,14.60,92723,137870000,-0.39,-2.54,4.76,23.86
2014-01-09,14.56,14.19,14.65,14.11,45860,66220000,-0.75,-5.02,3.61,11.80
2014-01-10,14.18,13.33,14.18,13.23,35195,47720000,-0.86,-6.06,6.69,9.06
2014-01-13,13.15,13.35,13.55,13.11,16031,21380000,0.02,0.15,3.30,4.12
2014-01-14,13.25,13.67,13.77,13.25,15524,20970000,0.32,2.40,3.90,3.99
2014-01-15,13.67,13.85,14.00,13.55,15800,21800000,0.18,1.32,3.29,4.07
2014-01-16,13.90,13.71,13.98,13.67,14672,20180000,-0.14,-1.01,2.24,3.78
2014-01-17,13.80,13.73,14.15,13.70,16001,22250000,0.02,0.15,3.28,4.12
2014-01-20,13.64,13.32,13.76,13.27,15120,20330000,-0.41,-2.99,3.57,3.89
2014-01-21,13.36,13.69,13.76,13.35,13566,18320000,0.37,2.78,3.08,3.49
2014-01-22,13.59,14.07,14.10,13.59,19645,27310000,0.38,2.78,3.73,5.05
2014-01-23,14.19,14.17,14.33,13.97,17611,24910000,0.10,0.71,2.56,4.53
2014-01-24,14.40,14.30,14.55,14.16,19925,28540000,0.13,0.92,2.75,5.13
2014-01-27,14.29,14.49,14.79,14.16,23333,33900000,0.19,1.33,4.41,6.00
2014-01-28,14.55,14.23,14.55,14.11,13209,18850000,-0.26,-1.79,3.04,3.40
2014-01-29,14.37,14.29,14.45,14.15,10815,15510000,0.06,0.42,2.11,2.78
2014-01-30,14.29,14.22,14.37,14.12,8812,12510000,-0.07,-0.49,1.75,2.27
2014-02-07,14.21,14.34,14.35,13.68,16101,22710000,0.12,0.84,4.71,4.14
2014-02-10,14.34,14.78,14.85,14.32,28777,42160000,0.44,3.07,3.70,7.40
2014-02-11,14.83,15.10,15.13,14.65,36974,55230000,0.32,2.17,3.25,9.51
2014-02-12,15.15,15.35,15.60,14.86,34325,52160000,0.25,1.66,4.90,8.83
2014-02-13,15.25,14.94,15.25,14.90,23933,36070000,-0.41,-2.67,2.28,6.16
2014-02-14,14.94,15.30,15.40,14.78,26084,39600000,0.36,2.41,4.15,6.71
2014-02-17,15.30,15.74,15.88,15.20,33427,52150000,0.44,2.88,4.44,8.60
2014-02-18,15.70,15.73,16.26,15.56,30431,48530000,-0.01,-0.06,4.45,7.83
2014-02-19,15.91,15.93,16.15,15.66,24981,39570000,0.20,1.27,3.12,6.43
2014-02-20,16.03,15.50,16.14,15.32,22666,35510000,-0.43,-2.70,5.15,5.83
2014-02-21,15.50,15.26,15.64,15.01,15965,24370000,-0.24,-1.55,4.06,4.11
2014-02-24,15.06,15.97,16.04,14.92,37818,59290000,0.71,4.65,7.34,9.73
2014-02-25,16.50,14.83,16.79,14.37,52555,83240000,-1.14,-7.14,15.15,13.52
2014-02-26,14.28,14.65,14.93,14.03,18542,26740000,-0.18,-1.21,6.07,4.77
2014-02-27,14.77,14.61,15.12,14.54,22984,33990000,-0.04,-0.27,3.96,5.91
2014-02-28,14.54,14.21,14.54,13.31,28722,39830000,-0.40,-2.74,8.42,7.39
2014-03-03,14.06,14.30,14.49,14.00,15937,22620000,0.09,0.63,3.45,4.10
2014-03-04,14.22,14.00,14.22,13.73,11894,16660000,-0.30,-2.10,3.43,3.06
2014-03-05,14.10,14.31,14.55,13.95,17300,24760000,0.31,2.21,4.29,4.45
2014-03-06,14.23,14.27,14.32,14.00,9384,13310000,-0.04,-0.28,2.24,2.41
2014-03-07,14.27,14.43,14.73,14.27,12241,17740000,0.16,1.12,3.22,3.15
2014-03-10,14.30,13.99,14.60,13.84,12774,18210000,-0.44,-3.05,5.27,3.29
2014-03-11,13.99,14.26,14.39,13.89,14459,20460000,0.27,1.93,3.57,3.72
2014-03-12,14.16,14.55,14.66,14.16,22164,32050000,0.29,2.03,3.51,5.70
2014-03-13,14.60,14.64,14.65,14.38,18950,27570000,0.09,0.62,1.86,4.88
2014-03-14,14.75,14.88,14.93,14.60,24878,36740000,0.24,1.64,2.25,6.40
2014-03-17,14.86,15.17,15.43,14.86,25987,39460000,0.29,1.95,3.83,6.69
2014-03-18,15.06,15.32,15.40,14.90,32857,49900000,0.15,0.99,3.30,8.45
2014-03-19,15.20,15.09,15.20,14.84,19510,29320000,-0.23,-1.50,2.35,5.02
2014-03-20,15.09,14.39,15.17,14.38,17804,26400000,-0.70,-4.64,5.24,4.58
2014-03-21,14.39,14.67,14.85,14.10,12527,18100000,0.28,1.95,5.21,3.22
2014-03-24,14.67,14.70,14.88,14.51,21493,31690000,0.03,0.20,2.52,5.53
2014-03-25,14.60,14.30,14.72,14.08,19120,27470000,-0.40,-2.72,4.35,4.92
2014-03-26,14.31,14.34,14.38,14.08,12200,17330000,0.04,0.28,2.10,3.14
2014-03-27,14.35,14.75,14.90,14.18,30510,44660000,0.41,2.86,5.02,7.85
2014-03-28,14.60,14.01,14.76,14.01,20870,30150000,-0.74,-5.02,5.08,5.37
2014-03-31,13.85,14.26,14.49,13.76,16444,23200000,0.25,1.78,5.21,4.23
2014-04-01,14.41,14.48,14.53,13.92,17988,25970000,0.22,1.54,4.28,4.63
2014-04-02,14.48,14.87,14.99,14.48,28334,41890000,0.39,2.69,3.52,7.29
2014-04-03,14.90,14.79,14.92,14.68,15665,23200000,-0.08,-0.54,1.61,4.03
2014-04-04,14.52,15.08,15.40,14.52,37277,56580000,0.29,1.96,5.95,9.59
2014-04-08,15.07,15.15,15.46,14.93,30019,45770000,0.07,0.46,3.51,7.72
2014-04-09,15.25,15.16,15.38,14.96,20407,30910000,0.01,0.07,2.77,5.25
2014-04-10,15.18,15.15,15.32,14.88,21531,32610000,-0.01,-0.07,2.90,5.54
2014-04-11,15.07,14.98,15.09,14.75,16128,24020000,-0.17,-1.12,2.24,4.15
2014-04-14,15.06,15.44,15.45,14.90,30764,46940000,0.46,3.07,3.67,7.92
2014-04-15,15.48,15.27,15.64,15.19,26050,40130000,-0.17,-1.10,2.91,6.70
2014-04-16,15.18,14.92,15.34,14.84,19197,28770000,-0.35,-2.29,3.27,4.94
2014-04-17,15.10,15.19,16.40,15.10,49732,77320000,0.27,1.81,8.71,12.80
2014-04-18,14.88,15.36,15.48,14.85,30562,46360000,0.17,1.12,4.15,7.86
2014-04-21,15.30,15.88,15.99,15.18,71021,111670000,0.52,3.39,5.27,18.27
2014-04-22,15.88,15.95,15.99,15.40,39380,61870000,0.07,0.44,3.72,10.13
2014-04-23,16.10,16.36,16.80,16.03,83987,137780000,0.41,2.57,4.83,21.61
2014-04-24,16.00,15.93,16.55,15.90,44812,72320000,-0.43,-2.63,3.97,11.53
2014-04-25,15.69,14.34,15.73,14.34,37868,57250000,-1.59,-9.98,8.73,9.74
2014-04-28,13.99,13.72,14.15,13.41,34283,47270000,-0.62,-4.32,5.16,8.82
2014-04-29,13.69,13.89,13.99,13.34,16323,22590000,0.17,1.24,4.74,4.20
2014-04-30,13.92,13.87,14.08,13.76,13855,19260000,-0.02,-0.14,2.30,3.57
2014-05-05,13.89,14.16,14.28,13.77,19933,28070000,0.29,2.09,3.68,5.13
2014-05-06,14.16,14.20,14.29,14.07,18006,25560000,0.04,0.28,1.55,4.63
2014-05-07,14.20,13.57,14.33,13.00,17897,25200000,-0.63,-4.44,9.37,4.60
2014-05-08,13.51,13.82,14.17,13.51,10296,14310000,0.25,1.84,4.86,2.65
2014-05-09,13.82,14.38,14.48,13.71,26694,37620000,0.56,4.05,5.57,6.87
2014-05-12,14.59,14.46,14.59,14.28,29504,42520000,0.08,0.56,2.16,7.59
2014-05-13,14.53,14.75,14.98,14.36,35586,52360000,0.29,2.01,4.29,9.16
2014-05-14,14.75,14.56,14.75,14.46,10877,15830000,-0.19,-1.29,1.97,2.80
2014-05-15,14.45,14.22,14.64,14.12,13224,18930000,-0.34,-2.34,3.57,3.40
2014-05-16,14.14,14.14,14.38,13.98,6382,9030000,-0.08,-0.56,2.81,1.64
2014-05-19,14.00,14.23,14.23,13.83,9006,12650000,0.09,0.64,2.83,2.32
2014-05-20,14.35,14.05,14.53,13.95,11628,16580000,-0.18,-1.26,4.08,2.99
2014-05-21,14.00,13.94,14.07,13.85,11183,15620000,-0.11,-0.78,1.57,2.88
2014-05-22,13.99,13.86,14.20,13.75,16769,23370000,-0.08,-0.57,3.23,4.31
2014-05-23,13.93,14.00,14.06,13.70,12695,17560000,0.14,1.01,2.60,3.27
2014-05-26,13.99,14.30,14.35,13.99,17619,24930000,0.30,2.14,2.57,4.53
2014-05-27,14.29,14.24,14.43,14.11,8022,11410000,-0.06,-0.42,2.24,2.06
2014-05-28,14.34,14.36,14.40,14.18,11306,16190000,0.12,0.84,1.54,2.91
2014-05-29,14.34,14.43,14.54,14.23,14139,20340000,0.07,0.49,2.16,3.64
2014-05-30,14.31,14.63,14.90,14.09,33669,48900000,0.40,2.81,5.69,8.66
2014-06-03,14.43,14.39,14.63,14.26,17393,25050000,-0.24,-1.64,2.53,4.48
2014-06-04,14.39,14.22,14.44,14.10,9613,13690000,-0.17,-1.18,2.36,2.47
2014-06-05,14.31,14.31,14.39,14.03,8097,11550000,0.09,0.63,2.53,2.08
2014-06-06,14.34,14.45,14.58,14.21,13519,19490000,0.14,0.98,2.59,3.48
2014-06-09,14.35,14.13,14.50,14.12,9657,13850000,-0.32,-2.21,2.63,2.48
2014-06-10,14.38,15.38,15.38,14.38,47141,69910000,1.25,8.85,7.08,12.13
2014-06-11,15.05,15.29,15.56,14.91,30471,46270000,-0.09,-0.59,4.23,7.84
2014-06-12,15.18,15.06,15.35,14.92,18774,28380000,-0.23,-1.50,2.81,4.83
2014-06-13,15.05,15.27,15.55,15.05,22333,34210000,0.21,1.39,3.32,5.75
2014-06-16,15.28,15.56,15.86,15.11,22258,34760000,0.29,1.90,4.91,5.73
2014-06-17,15.56,15.40,15.82,15.26,14324,22120000,-0.16,-1.03,3.60,3.69
2014-06-18,15.48,15.11,15.59,15.08,14696,22520000,-0.29,-1.88,3.31,3.78
2014-06-19,15.24,15.44,16.14,15.12,40262,63100000,0.33,2.18,6.75,10.36
2014-06-20,15.54,16.15,16.15,15.10,40008,63150000,0.71,4.60,6.80,10.29
2014-06-23,16.11,15.93,16.11,15.85,21890,34950000,-0.22,-1.36,1.61,5.63
2014-06-24,15.94,15.93,16.70,15.70,38315,62280000,0.00,0.00,6.28,9.86
2014-06-25,15.89,16.05,16.11,15.42,24798,38930000,0.12,0.75,4.33,6.38
2014-06-26,15.98,16.80,16.98,15.81,42456,70460000,0.75,4.67,7.29,10.92
2014-06-27,16.70,16.50,16.80,16.31,21757,36060000,-0.30,-1.79,2.92,5.60
2014-06-30,16.50,16.31,16.55,16.07,27101,44030000,-0.19,-1.15,2.91,6.97
2014-07-01,16.27,16.50,16.80,16.20,18231,29930000,0.19,1.16,3.68,4.69
2014-07-02,16.65,16.26,16.65,16.01,17000,27630000,-0.24,-1.45,3.88,4.37
2014-07-03,16.28,16.02,16.40,15.96,23992,38810000,-0.24,-1.48,2.71,6.17
2014-07-04,15.93,16.73,16.73,15.81,41409,67490000,0.71,4.43,5.74,10.65
2014-07-07,16.76,16.63,16.90,16.36,24099,39900000,-0.10,-0.60,3.23,6.20
2014-07-08,16.57,17.00,17.38,16.21,33435,56150000,0.37,2.22,7.04,8.60
2014-07-09,16.94,16.56,17.13,16.40,24238,40770000,-0.44,-2.59,4.29,6.24
2014-07-10,16.44,16.56,16.76,16.40,14372,23790000,0.00,0.00,2.17,3.70
2014-07-11,16.70,16.80,16.87,16.50,13293,22190000,0.24,1.45,2.23,3.42
2014-07-14,16.65,16.50,16.67,16.16,23547,38650000,-0.30,-1.79,3.04,6.06
2014-07-15,16.40,16.02,16.40,15.77,19949,32070000,-0.48,-2.91,3.82,5.13
2014-07-16,15.80,15.95,16.23,15.79,10753,17190000,-0.07,-0.44,2.75,2.77
2014-07-17,15.90,15.95,16.12,15.70,6744,10750000,0.00,0.00,2.63,1.74
2014-07-18,15.81,16.00,16.25,15.81,8777,14150000,0.05,0.31,2.76,2.26
2014-07-21,16.18,15.86,16.18,15.75,5039,8020000,-0.14,-0.88,2.69,1.30
2014-07-22,15.88,16.12,16.19,15.76,8670,13950000,0.26,1.64,2.71,2.23
2014-07-23,16.12,15.55,16.19,15.48,10446,16520000,-0.57,-3.54,4.40,2.69
2014-07-24,15.50,15.50,15.76,15.21,8917,13820000,-0.05,-0.32,3.54,2.29
2014-07-25,15.52,15.70,15.86,15.51,6099,9590000,0.20,1.29,2.26,1.57
2014-07-28,15.70,15.96,16.00,15.70,7155,11370000,0.26,1.66,1.91,1.84
2014-07-29,15.95,16.03,16.13,15.81,9796,15660000,0.07,0.44,2.01,2.52
2014-07-30,15.88,16.02,16.07,15.77,7859,12510000,-0.01,-0.06,1.87,2.02
2014-07-31,15.90,16.14,16.27,15.88,9417,15170000,0.12,0.75,2.43,2.42
2014-08-01,16.18,16.08,16.19,15.91,11024,17680000,-0.06,-0.37,1.73,2.84
2014-08-04,15.95,16.30,16.33,15.95,25804,41870000,0.22,1.37,2.36,6.64
2014-08-05,16.30,16.38,16.43,16.18,14392,23450000,0.08,0.49,1.53,3.70
2014-08-06,16.38,16.27,16.38,16.15,10596,17230000,-0.11,-0.67,1.40,2.73
2014-08-07,16.22,16.16,16.49,16.15,9542,15560000,-0.11,-0.68,2.09,2.46
2014-08-08,16.11,16.37,16.37,16.00,11899,19210000,0.21,1.30,2.29,3.06
2014-08-11,16.37,16.61,16.65,16.24,18295,30180000,0.24,1.47,2.50,4.71
2014-08-12,16.61,16.79,16.89,16.51,17747,29680000,0.18,1.08,2.29,4.57
2014-08-13,16.67,16.87,16.89,16.55,12625,21140000,0.08,0.48,2.03,3.25
2014-08-14,16.89,16.81,16.89,16.63,15095,25270000,-0.06,-0.36,1.54,3.88
2014-08-15,16.70,17.15,17.32,16.70,18889,32170000,0.34,2.02,3.69,4.86
2014-08-18,17.21,17.20,17.58,17.00,19377,33470000,0.05,0.29,3.38,4.99
2014-08-19,17.20,17.60,17.60,17.06,22440,38990000,0.40,2.33,3.14,5.77
2014-08-20,17.60,18.00,18.61,17.47,30891,55900000,0.40,2.27,6.48,7.95
2014-08-21,17.99,18.20,18.39,17.77,17333,31360000,0.20,1.11,3.44,4.46
2014-08-22,18.37,17.97,18.37,17.79,11866,21310000,-0.23,-1.26,3.19,3.05
2014-08-25,18.00,17.92,18.17,17.52,15558,27660000,-0.05,-0.28,3.62,4.00
2014-08-26,17.93,17.64,17.93,17.35,18334,32400000,-0.28,-1.56,3.24,4.72
2014-08-27,17.64,18.10,18.37,17.48,22553,40170000,0.46,2.61,5.05,5.80
2014-08-28,18.00,17.70,18.28,17.68,12534,22540000,-0.40,-2.21,3.31,3.23
2014-08-29,17.79,17.69,17.84,17.30,9465,16590000,-0.01,-0.06,3.05,2.44
2014-09-01,17.82,18.76,18.95,17.69,20067,37220000,1.07,6.05,7.12,5.16
2014-09-02,18.76,19.18,19.49,18.70,27266,52310000,0.42,2.24,4.21,7.02
2014-09-03,19.40,19.03,19.48,18.84,12983,24800000,-0.15,-0.78,3.34,3.34
2014-09-04,18.90,19.80,20.15,18.90,15894,31380000,0.77,4.05,6.57,4.09
2014-09-05,19.78,19.68,20.50,19.41,14779,29320000,-0.12,-0.61,5.51,3.80
2014-09-09,19.69,19.60,19.89,19.40,9948,19480000,-0.08,-0.41,2.49,2.56
2014-09-10,19.25,20.39,20.39,19.25,18165,35990000,0.79,4.03,5.82,4.67
2014-09-11,20.33,20.12,20.44,19.78,17842,35870000,-0.27,-1.32,3.24,4.59
2014-09-12,19.99,21.26,21.30,18.11,27427,57310000,1.14,5.67,15.85,7.06
2014-09-15,21.20,21.47,21.51,20.90,16211,34390000,0.21,0.99,2.87,4.17
2014-09-16,21.50,20.40,21.50,20.40,27374,57410000,-1.07,-4.98,5.12,7.04
2014-09-17,20.30,21.36,21.47,20.25,30918,64510000,0.96,4.71,5.98,7.96
2014-09-18,21.40,21.42,22.20,21.20,17350,37350000,0.06,0.28,4.68,4.46
2014-09-19,21.40,21.36,21.90,21.00,20325,43530000,-0.06,-0.28,4.20,5.23
2014-09-22,21.34,20.98,21.49,20.80,11848,24950000,-0.38,-1.78,3.23,3.05
2014-09-23,21.38,21.27,21.60,21.00,17240,36850000,0.29,1.38,2.86,4.44
2014-09-24,21.46,21.40,21.60,21.10,17855,38150000,0.13,0.61,2.35,4.59
2014-09-25,21.41,21.18,21.60,21.18,21147,45270000,-0.22,-1.03,1.96,5.44
2014-09-26,21.03,20.85,21.35,20.85,12758,26910000,-0.33,-1.56,2.36,3.28
2014-09-29,20.80,21.54,21.54,20.80,19677,41670000,0.69,3.31,3.55,5.06
2014-09-30,21.33,21.73,21.78,21.22,14373,30880000,0.19,0.88,2.60,3.70
2014-10-08,21.73,23.22,23.40,21.73,27472,62470000,1.49,6.86,7.69,7.07
2014-10-09,23.26,23.22,23.63,22.50,19391,44740000,0.00,0.00,4.87,4.99
2014-10-10,23.33,23.78,24.09,23.02,22158,52420000,0.56,2.41,4.61,5.70
2014-10-13,23.13,23.71,24.26,22.90,17453,41080000,-0.07,-0.29,5.72,4.49
2014-10-14,23.68,23.69,23.86,23.40,11949,28190000,-0.02,-0.08,1.94,3.07
2014-10-15,23.60,23.63,24.18,23.55,9232,21990000,-0.06,-0.25,2.66,2.38
2014-10-16,23.44,23.48,24.25,23.32,9187,21950000,-0.15,-0.63,3.94,2.36
2014-10-17,23.22,22.56,23.45,21.66,19829,44410000,-0.92,-3.92,7.62,5.10
2014-10-20,22.54,23.90,23.90,21.70,19547,44130000,1.34,5.94,9.75,5.03
2014-10-21,23.87,23.45,24.08,23.20,15944,37640000,-0.45,-1.88,3.68,4.10
2014-10-22,23.30,22.20,23.39,22.02,12154,27420000,-1.25,-5.33,5.84,3.13
2014-10-23,22.05,22.27,22.53,21.51,11182,24700000,0.07,0.32,4.59,2.88
2014-10-24,22.39,21.81,22.39,21.78,8760,19310000,-0.46,-2.07,2.74,2.25
2014-10-27,21.70,22.14,22.20,21.48,7310,16050000,0.33,1.51,3.30,1.88
2014-10-28,22.14,22.35,22.63,21.80,14416,32130000,0.21,0.95,3.75,3.71
2014-10-29,22.24,22.45,22.60,21.95,20289,44970000,0.10,0.45,2.91,5.22
2014-10-30,22.40,22.69,22.93,22.05,14188,31850000,0.24,1.07,3.92,3.65
2014-10-31,22.69,22.29,22.76,22.20,10797,24170000,-0.40,-1.76,2.47,2.78
2014-11-03,22.22,22.13,22.35,21.75,12022,26430000,-0.16,-0.72,2.69,3.09
2014-11-04,22.10,22.46,22.55,21.98,12770,28480000,0.33,1.49,2.58,3.29
2014-11-05,22.45,22.18,22.45,21.88,8594,18950000,-0.28,-1.25,2.54,2.21
2014-11-06,22.00,21.93,22.09,21.65,7630,16680000,-0.25,-1.13,1.98,1.96
2014-11-07,21.94,21.91,22.12,21.61,10908,23830000,-0.02,-0.09,2.33,2.81
2014-11-10,21.86,21.66,21.92,21.56,6303,13650000,-0.25,-1.14,1.64,1.62
2014-11-11,21.66,20.40,21.66,20.13,14238,29730000,-1.26,-5.82,7.06,3.66
2014-11-12,20.40,21.07,21.08,20.11,7438,15400000,0.67,3.28,4.75,1.91
2014-11-13,21.27,20.96,21.37,20.24,7251,15180000,-0.11,-0.52,5.36,1.87
2014-11-14,20.70,20.50,20.70,19.77,7719,15680000,-0.46,-2.19,4.44,1.99
2014-11-17,20.09,20.65,20.65,20.06,7694,15700000,0.15,0.73,2.88,1.98
2014-11-18,20.65,20.65,20.82,20.30,4943,10150000,0.00,0.00,2.52,1.27
2014-11-19,20.60,20.65,20.70,20.37,6667,13690000,0.00,0.00,1.60,1.72
2014-11-20,20.63,21.10,21.28,20.38,14018,29460000,0.45,2.18,4.36,3.61
2014-11-21,21.10,21.03,21.20,20.80,6387,13420000,-0.07,-0.33,1.90,1.64
2014-11-24,21.10,21.17,21.20,20.85,8087,17040000,0.14,0.67,1.66,2.08
2014-11-25,21.10,21.16,21.18,20.78,11009,23090000,-0.01,-0.05,1.89,2.83
2014-11-26,21.16,21.73,21.75,21.02,17771,38070000,0.57,2.69,3.45,4.57
2014-11-27,21.73,22.78,22.94,21.73,44534,100370000,1.05,4.83,5.57,11.46
2014-11-28,22.78,22.60,22.80,22.03,21153,47220000,-0.18,-0.79,3.38,5.44
2014-12-01,22.45,21.52,22.45,21.29,16998,37090000,-1.08,-4.78,5.13,4.37
2014-12-02,21.53,21.85,22.10,21.50,12464,27060000,0.33,1.53,2.79,3.21
2014-12-03,21.85,21.35,21.95,20.68,19358,40820000,-0.50,-2.29,5.81,4.98
2014-12-04,21.18,21.47,21.50,20.94,13626,28960000,0.12,0.56,2.62,3.51
2014-12-05,21.47,20.89,21.47,20.55,15148,31530000,-0.58,-2.70,4.29,1.51
2014-12-08,20.62,20.48,20.82,20.10,13662,27790000,-0.41,-1.96,3.45,1.37
2014-12-09,20.48,19.55,20.48,19.10,21728,42570000,-0.93,-4.54,6.74,2.17
2014-12-10,19.55,20.48,20.79,19.30,9137,18300000,0.93,4.76,7.62,0.91
2014-12-11,20.50,20.20,20.79,20.13,7063,14350000,-0.28,-1.37,3.22,0.71
2014-12-12,20.38,20.78,20.98,20.11,16757,34420000,0.58,2.87,4.31,1.67
2014-12-15,20.65,21.84,21.85,20.48,27343,58370000,1.06,5.10,6.59,2.73
2014-12-16,21.80,21.94,22.40,21.58,46207,101560000,0.10,0.46,3.75,4.62
2014-12-17,21.81,20.85,21.81,20.59,17180,36400000,-1.09,-4.97,5.56,1.72
2014-12-18,21.49,20.58,21.59,20.27,16981,35610000,-0.27,-1.30,6.33,1.70
2014-12-19,20.60,20.56,21.19,20.23,14003,28820000,-0.02,-0.10,4.66,1.40
2014-12-22,20.56,18.50,20.90,18.50,30121,56810000,-2.06,-10.02,11.67,3.01
2014-12-31,15.00,16.20,16.26,15.00,19081,29800000,0.66,4.25,8.11,1.49
2015-01-05,16.10,15.89,16.34,15.70,9779,15650000,-0.31,-1.91,3.95,0.76
2015-01-06,15.78,15.88,15.97,15.55,5907,9340000,-0.01,-0.06,2.64,0.46
2015-01-07,15.94,15.99,16.04,15.80,6000,9560000,0.11,0.69,1.51,0.47
2015-01-08,16.04,15.95,16.30,15.95,7338,11800000,-0.04,-0.25,2.19,0.57
2015-01-09,15.90,16.01,16.25,15.88,8150,13070000,0.06,0.38,2.32,0.64
2015-01-12,15.88,15.44,15.99,15.15,11802,18340000,-0.57,-3.56,5.25,0.92
2015-01-13,15.43,15.54,15.57,15.16,8160,12560000,0.10,0.65,2.66,0.64
2015-01-14,15.54,15.69,15.95,15.30,16811,26320000,0.15,0.97,4.18,1.31
2015-01-15,15.69,15.78,15.93,15.50,8028,12640000,0.09,0.57,2.74,0.63
2015-01-16,15.78,15.78,15.90,15.50,8489,13350000,0.00,0.00,2.53,0.66
2015-01-19,15.70,15.58,15.75,15.00,12508,19270000,-0.20,-1.27,4.75,0.98
2015-01-20,15.48,16.50,16.50,15.48,24537,39390000,0.92,5.91,6.55,1.92
2015-01-21,16.48,17.70,17.85,16.29,39362,66240000,1.20,7.27,9.45,3.07
2015-01-22,17.60,17.47,17.63,17.20,51585,89740000,-0.23,-1.30,2.43,4.03
2015-01-23,17.31,16.73,17.39,16.64,25802,43410000,-0.74,-4.24,4.29,2.01
2015-01-26,16.71,16.81,16.92,16.45,15516,26000000,0.08,0.48,2.81,1.21
2015-01-27,16.81,16.85,16.96,16.62,11196,18810000,0.04,0.24,2.02,0.87
2015-01-28,16.86,16.69,16.99,16.59,13124,22020000,-0.16,-0.95,2.37,1.02
2015-01-29,16.64,16.67,16.72,16.48,10258,17010000,-0.02,-0.12,1.44,0.80
2015-01-30,16.70,16.76,16.90,16.60,13526,22680000,0.09,0.54,1.80,1.06
2015-02-02,16.61,16.65,16.80,16.35,9315,15440000,-0.11,-0.66,2.69,0.73
2015-02-03,16.66,16.90,17.20,16.60,13560,23050000,0.25,1.50,3.60,1.06
2015-02-04,16.88,16.94,17.11,16.69,11024,18610000,0.04,0.24,2.49,0.86
2015-02-05,17.19,17.50,17.75,16.96,31761,55220000,0.56,3.31,4.66,2.48
2015-02-06,17.49,17.10,17.49,16.80,18234,31070000,-0.40,-2.29,3.94,1.42
2015-02-09,16.82,17.16,17.35,16.78,16412,28080000,0.06,0.35,3.33,1.28
2015-02-10,17.16,16.91,17.27,16.68,10347,17460000,-0.25,-1.46,3.44,0.81
2015-02-11,16.91,17.47,17.50,16.75,22517,38540000,0.56,3.31,4.44,1.76
2015-02-12,17.47,17.39,17.58,17.06,18135,31410000,-0.08,-0.46,2.98,1.42
2015-02-13,17.46,17.50,17.66,17.34,20683,36230000,0.11,0.63,1.84,1.62
2015-02-16,17.47,17.66,17.73,17.40,25749,45230000,0.16,0.91,1.89,2.01
2015-02-17,17.66,17.68,17.71,17.50,15330,26960000,0.02,0.11,1.19,1.20
2015-02-25,17.71,18.13,18.39,17.46,22576,40470000,0.45,2.55,5.26,1.76
2015-02-26,18.00,18.05,18.27,17.86,15826,28610000,-0.08,-0.44,2.26,1.24
2015-02-27,18.00,18.29,18.29,17.94,20984,38010000,0.24,1.33,1.94,1.64
2015-03-02,18.26,18.76,18.87,18.20,20175,37590000,0.47,2.57,3.66,1.58
2015-03-03,18.76,18.47,18.76,18.45,19904,36860000,-0.29,-1.55,1.65,1.55
2015-03-04,18.28,19.48,20.15,18.19,31230,59840000,1.01,5.47,10.61,2.44
2015-03-05,19.39,19.60,19.90,18.91,23989,46260000,0.12,0.62,5.08,1.87
2015-03-06,19.56,19.68,19.79,19.26,20374,39830000,0.08,0.41,2.70,1.59
2015-03-09,19.85,19.85,20.38,19.36,29785,59500000,0.17,0.86,5.18,2.33
2015-03-10,19.85,20.35,20.50,19.78,24502,49510000,0.50,2.52,3.63,1.91
2015-03-11,20.35,19.97,20.35,19.75,18375,36740000,-0.38,-1.87,2.95,1.43
2015-03-12,19.95,19.62,19.95,19.11,22846,44410000,-0.35,-1.75,4.21,1.78
2015-03-13,19.45,19.50,19.79,19.19,15914,30850000,-0.12,-0.61,3.06,1.24
2015-03-16,19.37,20.58,20.68,19.27,43038,85980000,1.08,5.54,7.23,3.36
2015-03-17,20.40,21.18,22.10,20.40,61898,131150000,0.60,2.92,8.26,4.83
2015-03-18,21.09,21.47,21.64,20.55,40417,85410000,0.29,1.37,5.15,3.16
2015-03-19,21.43,20.98,21.43,20.88,21126,44500000,-0.49,-2.28,2.56,1.65
2015-03-20,21.10,21.05,21.52,20.76,23077,48630000,0.07,0.33,3.62,1.80
2015-03-23,21.00,21.20,21.50,20.82,24409,51700000,0.15,0.71,3.23,1.91
2015-03-24,21.22,20.80,21.36,20.14,31125,64630000,-0.40,-1.89,5.75,2.43
2015-03-25,20.58,20.98,21.23,20.32,22297,46250000,0.18,0.87,4.38,1.74
2015-03-26,20.69,20.59,20.90,20.45,24895,51480000,-0.39,-1.86,2.14,1.94
2015-03-27,20.50,20.59,20.79,20.25,19541,40130000,0.00,0.00,2.62,1.53
2015-03-30,20.69,20.86,21.22,20.66,27078,56800000,0.27,1.31,2.72,2.11
2015-03-31,20.76,20.66,21.00,20.48,22127,45680000,-0.20,-0.96,2.49,1.73
2015-04-01,20.73,21.59,21.80,20.55,43606,92780000,0.93,4.50,6.05,3.41
2015-04-02,21.73,22.59,23.50,21.70,61697,139200000,1.00,4.63,8.34,4.82
2015-04-03,22.24,22.98,23.26,22.00,34268,77580000,0.39,1.73,5.58,2.68
2015-04-07,23.00,23.45,23.84,22.63,30189,70060000,0.47,2.05,5.27,2.36
2015-04-08,23.40,22.95,23.40,22.09,27477,63090000,-0.50,-2.13,5.59,2.15
2015-04-09,22.99,25.25,25.25,22.60,57792,139810000,2.30,10.02,11.55,4.51
2015-04-10,25.50,26.84,27.78,25.50,71505,190800000,1.59,6.30,9.03,5.58
2015-04-13,26.35,26.64,27.59,26.05,47391,125970000,-0.20,-0.75,5.74,3.70
2015-04-14,26.64,26.56,26.70,26.10,34321,90520000,-0.08,-0.30,2.25,2.68
2015-04-15,26.12,24.79,26.70,24.79,28182,72470000,-1.77,-6.66,7.19,2.20
2015-04-16,24.00,24.74,25.56,23.06,26388,65300000,-0.05,-0.20,10.08,2.06
2015-04-17,24.70,24.66,25.50,24.13,28328,69270000,-0.08,-0.32,5.54,2.21
2015-04-20,24.68,23.75,24.68,23.00,32946,78270000,-0.91,-3.69,6.81,2.57
2015-04-21,23.44,24.75,25.11,23.40,21774,53220000,1.00,4.21,7.20,1.70
2015-04-22,24.75,24.95,25.46,24.63,18229,45750000,0.20,0.81,3.35,1.42
2015-04-23,25.25,25.12,25.90,25.06,24967,63680000,0.17,0.68,3.37,1.95
2015-04-24,24.80,27.09,27.63,24.66,56854,151840000,1.97,7.84,11.82,4.44
2015-04-27,26.50,26.64,26.85,25.80,41848,109870000,-0.45,-1.66,3.88,3.27
2015-04-28,26.40,26.10,26.52,25.10,27885,71900000,-0.54,-2.03,5.33,2.18
2015-04-29,26.05,26.18,26.60,25.70,25517,66720000,0.08,0.31,3.45,1.99
2015-04-30,26.24,26.49,26.59,26.00,22201,58480000,0.31,1.18,2.25,1.73
2015-05-04,26.48,26.26,26.94,25.58,16786,44260000,-0.23,-0.87,5.13,1.31
2015-05-05,26.27,25.03,26.47,24.42,17647,45360000,-1.23,-4.68,7.81,1.38
2015-05-06,25.30,24.86,25.98,24.18,12677,31990000,-0.17,-0.68,7.19,0.99
2015-05-07,24.75,24.55,24.87,23.80,13665,33080000,-0.31,-1.25,4.30,1.07
2015-05-08,24.42,25.25,25.36,24.42,14857,37090000,0.70,2.85,3.83,1.16
2015-05-11,25.81,26.94,26.97,25.04,68314,177890000,1.69,6.69,7.64,5.33
2015-05-12,26.57,27.38,27.45,26.41,58913,159170000,0.44,1.63,3.86,4.60
2015-05-13,27.40,28.64,30.01,27.40,56258,162760000,1.26,4.60,9.53,4.39
2015-05-14,28.80,28.27,29.37,27.80,33501,95320000,-0.37,-1.29,5.48,2.62
2015-05-15,28.07,28.00,28.44,26.99,29903,82560000,-0.27,-0.96,5.13,2.34
2015-05-18,28.15,28.40,28.62,27.57,29523,83240000,0.40,1.43,3.75,2.31
2015-05-19,28.40,29.86,30.00,28.00,42581,124030000,1.46,5.14,7.04,3.33
2015-05-20,29.98,31.00,31.50,29.57,44581,136570000,1.14,3.82,6.46,3.48
2015-05-21,31.00,31.75,32.49,30.20,42887,134020000,0.75,2.42,7.39,3.35
2015-05-22,32.50,34.93,34.93,32.50,89872,310900000,3.18,10.02,7.65,7.02
2015-05-25,35.00,38.08,38.42,33.45,62338,220110000,3.15,9.02,14.23,4.87
2015-05-26,38.11,38.38,39.49,37.38,38458,147710000,0.30,0.79,5.54,3.00
2015-05-27,38.00,36.30,38.01,35.00,63368,231910000,-2.08,-5.42,7.84,4.95
2015-05-28,36.00,39.84,39.93,35.39,96552,378740000,3.54,9.75,12.51,7.54
2015-05-29,41.00,38.30,41.40,35.86,63697,245570000,-1.54,-3.87,13.91,4.97
2015-06-01,36.87,41.51,41.83,36.87,57811,232430000,3.21,8.38,12.95,4.51
2015-06-02,41.80,45.66,45.66,40.20,38859,168780000,4.15,10.00,13.15,3.03
2015-06-03,46.50,48.10,49.50,43.01,44303,207410000,2.44,5.34,14.21,3.46
2015-06-04,47.13,43.29,48.40,43.29,51299,227100000,-4.81,-10.00,10.62,4.01
2015-06-05,43.33,42.30,44.89,39.96,76838,322450000,-0.99,-2.29,11.39,6.00
2015-06-08,41.00,39.40,41.09,38.89,49261,195480000,-2.90,-6.86,5.20,3.85
2015-06-09,38.90,40.19,40.25,38.00,34887,137300000,0.79,2.01,5.71,2.72
2015-06-10,40.00,42.45,42.68,39.18,42573,177180000,2.26,5.62,8.71,3.32
2015-06-11,41.13,44.87,45.00,41.13,50630,219360000,2.42,5.70,9.12,3.95
2015-06-12,44.01,44.30,45.79,43.67,37982,169980000,-0.57,-1.27,4.72,2.97
2015-06-15,44.50,41.78,45.22,41.00,33784,144200000,-2.52,-5.69,9.53,2.64
2015-06-16,41.78,41.78,42.99,40.28,28955,121230000,0.00,0.00,6.49,2.26
2015-06-17,42.00,42.85,43.00,38.58,35731,147870000,1.07,2.56,10.58,2.79
2015-06-18,42.50,42.90,43.78,41.50,29206,125290000,0.05,0.12,5.32,2.28
2015-06-19,41.96,42.88,42.88,38.61,32850,131400000,-0.02,-0.05,9.95,2.57
2015-06-24,42.97,41.92,42.99,40.11,41499,173030000,-0.96,-2.24,6.72,3.24
2015-06-25,41.30,37.73,41.30,37.73,46016,178040000,-4.19,-10.00,8.52,3.59
2015-06-26,33.96,33.96,35.89,33.96,19475,66210000,-3.77,-9.99,5.12,1.52
2015-06-29,32.30,30.56,34.20,30.56,24187,75000000,-3.40,-10.01,10.72,1.89
2015-06-30,27.50,31.70,31.90,27.50,61880,179280000,1.14,3.73,14.40,4.83
2015-07-01,30.69,28.53,31.69,28.53,50233,150550000,-3.17,-10.00,9.97,3.92
2015-07-02,25.68,25.68,26.80,25.68,30407,78350000,-2.85,-9.99,3.93,2.37
2015-07-03,23.11,23.11,24.98,23.11,48114,112170000,-2.57,-10.01,7.28,3.76
2015-07-06,24.34,20.80,25.02,20.80,68889,156120000,-2.31,-10.00,18.26,5.38
2015-07-07,18.72,18.72,18.72,18.72,1380,2580000,-2.08,-10.00,0.00,0.11
2015-07-14,20.59,20.59,20.59,20.59,10350,21310000,1.87,9.99,0.00,0.81
2015-07-15,22.65,18.87,22.65,18.70,121193,257570000,-1.72,-8.35,19.18,9.46
2015-07-16,18.87,19.48,20.03,16.98,73298,138740000,0.61,3.23,16.16,5.72
2015-07-17,19.80,21.42,21.42,19.48,55126,113370000,1.94,9.96,9.96,4.30
2015-07-20,21.42,23.32,23.50,21.27,74525,166400000,1.90,8.87,10.41,5.82
2015-07-21,22.50,23.30,24.50,22.00,71334,166060000,0.18,0.78,10.81,5.57
2015-07-22,23.24,23.39,24.12,22.26,54072,125920000,0.09,0.39,7.98,4.22
2015-07-23,23.50,25.15,25.29,23.25,62612,151490000,1.76,7.52,8.72,4.89
2015-07-24,25.18,24.21,26.10,24.10,72367,183550000,-0.94,-3.74,7.95,5.65
2015-07-27,23.40,21.79,24.50,21.79,45895,107870000,-2.42,-10.00,11.19,3.58
2015-07-28,19.81,20.01,22.00,19.66,51416,105780000,-1.78,-8.17,10.74,4.02
2015-07-29,20.01,21.64,21.70,19.01,41917,85600000,1.63,8.15,13.44,3.27
2015-07-30,21.60,20.95,23.21,20.80,39479,86810000,-0.69,-3.19,11.14,3.08
2015-07-31,20.25,21.30,21.53,20.25,27659,58350000,0.35,1.67,6.11,2.16
2015-08-03,21.41,20.71,21.70,19.73,28279,58980000,-0.59,-2.77,9.25,2.21
2015-08-04,20.85,22.50,22.55,20.50,43796,94140000,1.79,8.64,9.90,3.42
2015-08-05,22.13,22.90,23.60,22.13,51737,119070000,0.40,1.78,6.53,4.04
2015-08-06,22.46,23.12,23.40,22.18,27506,63210000,0.22,0.96,5.33,2.15
2015-08-07,23.68,24.50,24.68,23.17,49904,120260000,1.38,5.97,6.53,3.90
2015-08-10,25.20,25.68,26.20,23.80,85048,210220000,1.18,4.82,9.80,6.64
2015-08-11,25.20,26.20,27.44,24.62,93169,242840000,0.52,2.02,10.98,7.28
2015-08-12,26.92,26.70,28.20,26.70,96655,264090000,0.50,1.91,5.73,7.55
2015-08-13,25.63,26.50,26.76,25.00,69494,180100000,-0.20,-0.75,6.59,5.43
2015-08-14,26.55,25.70,26.88,25.10,46641,121400000,-0.80,-3.02,6.72,3.64
2015-08-17,25.70,26.90,27.00,25.20,48205,126110000,1.20,4.67,7.00,3.76
2015-08-18,27.00,24.21,27.33,24.21,54881,143120000,-2.69,-10.00,11.60,4.29
2015-08-19,23.70,25.26,25.30,21.90,53625,125610000,1.05,4.34,14.04,4.19
2015-08-20,25.09,26.17,26.94,24.18,77959,202860000,0.91,3.60,10.93,6.09
2015-08-21,25.81,23.56,26.49,23.55,50332,124650000,-2.61,-9.97,11.23,3.93
2015-08-24,21.56,21.20,22.90,21.20,40894,87210000,-2.36,-10.02,7.22,3.19
2015-08-25,19.08,19.08,20.08,19.08,43369,83200000,-2.12,-10.00,4.72,3.39
2015-08-26,19.29,17.17,19.80,17.17,57007,103080000,-1.91,-10.01,13.78,4.45
2015-08-27,17.30,18.14,18.68,17.29,45905,81980000,0.97,5.65,8.10,3.58
2015-08-28,18.95,19.95,19.95,18.28,51051,100820000,1.81,9.98,9.21,3.99
2015-08-31,19.94,19.41,20.25,19.34,58987,117170000,-0.54,-2.71,4.56,4.61
2015-09-01,19.30,17.47,19.30,17.47,30466,54560000,-1.94,-9.99,9.43,2.38
2015-09-02,16.50,15.72,18.31,15.72,43493,72950000,-1.75,-10.02,14.83,3.40
2015-09-07,16.50,16.98,17.29,15.99,43743,73500000,1.26,8.02,8.27,3.42
2015-09-08,16.49,18.40,18.55,16.10,33944,58810000,1.42,8.36,14.43,2.65
2015-09-09,18.45,20.24,20.24,18.45,39247,76800000,1.84,10.00,9.73,3.06
2015-09-10,20.30,21.60,22.25,19.80,42678,90510000,1.36,6.72,12.10,3.33
2015-09-11,21.45,21.67,23.18,20.88,27654,59490000,0.07,0.32,10.65,2.16
2015-09-14,21.40,19.50,21.90,19.50,32740,68000000,-2.17,-10.01,11.08,2.56
2015-09-15,18.90,17.55,19.00,17.55,27091,49320000,-1.95,-10.00,7.44,2.12
2015-09-16,17.79,19.31,19.31,17.56,21376,39930000,1.76,10.03,9.97,1.67
2015-09-17,20.00,20.20,21.24,20.00,44650,92900000,0.89,4.61,6.42,3.49
2015-09-18,20.50,21.03,21.03,19.51,26825,54400000,0.83,4.11,7.52,2.09
2015-09-21,20.50,21.90,22.49,20.50,25347,54720000,0.87,4.14,9.46,1.98
2015-09-22,21.84,21.57,21.99,21.24,15980,34590000,-0.33,-1.51,3.42,1.25
2015-09-23,21.05,22.15,22.45,20.60,28137,60740000,0.58,2.69,8.58,2.20
2015-09-24,22.15,22.80,23.08,22.00,25391,57410000,0.65,2.93,4.88,1.98
2015-09-25,22.75,20.93,22.81,20.86,27183,58760000,-1.87,-8.20,8.55,2.12
2015-09-28,20.92,21.59,21.92,20.16,11203,23520000,0.66,3.15,8.41,0.87
2015-09-29,20.94,22.05,22.60,20.94,23793,52270000,0.46,2.13,7.69,1.86
2015-09-30,22.05,21.29,22.50,21.13,15426,33450000,-0.76,-3.45,6.21,1.20
2015-10-08,21.90,22.16,22.38,21.66,30103,66400000,0.87,4.09,3.38,2.35
2015-10-09,22.30,22.13,22.30,21.57,27505,60410000,-0.03,-0.14,3.29,2.15
2015-10-12,22.13,23.66,24.21,22.10,59765,138850000,1.53,6.91,9.53,4.67
2015-10-13,23.48,23.49,23.64,22.99,34967,81230000,-0.17,-0.72,2.75,2.73
2015-10-14,23.09,22.93,23.49,22.65,25432,58500000,-0.56,-2.38,3.58,1.99
2015-10-15,22.73,23.48,23.53,22.73,36374,84590000,0.55,2.40,3.49,2.84
2015-10-16,23.46,25.50,25.60,22.80,59769,143520000,2.02,8.60,11.93,4.67
2015-10-19,25.45,25.59,25.98,24.67,70885,179270000,0.09,0.35,5.14,5.54
2015-10-20,25.60,25.54,26.21,24.20,45257,116150000,-0.05,-0.20,7.85,3.53
2015-10-21,25.40,22.99,25.40,22.99,43599,105380000,-2.55,-9.98,9.44,3.40
2015-10-22,23.10,23.65,24.48,22.90,41423,97860000,0.66,2.87,6.87,3.23
2015-10-23,24.02,25.01,26.02,24.00,51383,127150000,1.36,5.75,8.54,4.01
2015-10-26,25.00,24.73,25.50,24.25,40505,100350000,-0.28,-1.12,5.00,3.16
2015-10-27,24.40,24.00,24.40,22.55,52535,123420000,-0.73,-2.95,7.48,4.10
2015-10-28,23.99,23.30,24.21,23.12,30321,72040000,-0.70,-2.92,4.54,2.37
2015-10-29,23.50,24.24,24.50,23.50,28942,69350000,0.94,4.03,4.29,2.26
2015-10-30,25.63,24.93,25.65,23.84,54926,136040000,0.69,2.85,7.47,4.29
2015-11-02,24.00,23.52,24.48,23.35,41763,99820000,-1.41,-5.66,4.53,3.26
2015-11-03,23.48,22.88,23.60,22.47,22777,52420000,-0.64,-2.72,4.80,1.78
2015-11-04,22.88,25.17,25.17,22.88,62840,154710000,2.29,10.01,10.01,4.91
2015-11-05,25.15,24.88,25.57,24.55,49203,123260000,-0.29,-1.15,4.05,3.84
2015-11-06,25.00,27.37,27.37,24.88,68433,182880000,2.49,10.01,10.01,5.34
2015-11-09,27.79,28.96,29.50,27.37,112223,318360000,1.59,5.81,7.78,8.76
2015-11-10,28.50,30.35,31.20,28.01,65908,190140000,1.39,4.80,11.02,5.15
2015-11-11,29.50,30.28,31.38,29.01,51756,156200000,-0.07,-0.23,7.81,4.04
2015-11-12,30.26,29.20,30.26,28.38,60222,175070000,-1.08,-3.57,6.21,4.70
2015-11-13,28.95,27.75,28.95,27.35,51293,143250000,-1.45,-4.97,5.48,4.01
2015-11-16,27.50,28.96,29.55,27.31,40877,116640000,1.21,4.36,8.07,3.19
2015-11-17,29.30,29.03,30.40,28.88,50018,148590000,0.07,0.24,5.25,3.91
2015-11-18,29.03,28.23,29.26,27.62,30590,86820000,-0.80,-2.76,5.65,2.39
2015-11-19,28.10,29.32,29.52,28.00,24371,70130000,1.09,3.86,5.38,1.90
2015-11-20,29.32,32.25,32.25,29.11,74583,233200000,2.93,9.99,10.71,5.82
2015-11-23,33.33,35.48,35.48,32.41,93600,324910000,3.23,10.02,9.52,7.31
2015-11-24,36.10,36.48,38.88,34.19,102129,367610000,1.00,2.82,13.22,7.98
2015-11-25,36.00,36.71,36.71,34.84,76225,271990000,0.23,0.63,5.13,5.95
2015-11-26,35.92,40.38,40.38,35.70,91577,354570000,3.67,10.00,12.75,7.15
2015-11-27,39.20,37.99,40.58,36.66,67725,264030000,-2.39,-5.92,9.71,5.29
2015-11-30,38.54,37.59,38.65,35.58,85323,314110000,-0.40,-1.05,8.08,6.66
2015-12-01,37.30,37.59,38.55,36.52,32371,121120000,0.00,0.00,5.40,2.53
2015-12-02,37.59,35.75,37.59,34.05,38362,137980000,-1.84,-4.89,9.42,3.00
2015-12-03,35.75,37.10,37.10,35.18,17270,62420000,1.35,3.78,5.37,1.35
2015-12-04,37.10,36.02,38.59,35.98,29214,108860000,-1.08,-2.91,7.04,2.28
2015-12-07,35.06,36.28,36.55,35.06,14800,53410000,0.26,0.72,4.14,1.16
2015-12-08,36.30,34.70,36.39,34.70,23007,81240000,-1.58,-4.36,4.66,1.80
2015-12-09,34.99,33.82,35.49,33.40,23189,79440000,-0.88,-2.54,6.02,1.81
2015-12-10,34.19,37.20,37.20,33.22,34000,119090000,3.38,9.99,11.77,2.66
2015-12-11,37.70,35.80,37.70,35.51,23262,84950000,-1.40,-3.76,5.89,1.82
2015-12-14,35.04,34.80,35.66,33.90,17090,59030000,-1.00,-2.79,4.92,1.33
2015-12-15,35.10,35.49,35.66,34.46,14757,51950000,0.69,1.98,3.45,1.15
2015-12-16,35.20,37.50,37.99,35.10,24457,89780000,2.01,5.66,8.14,1.91
2015-12-17,37.40,38.18,38.30,36.68,29340,110900000,0.68,1.81,4.32,2.29
2015-12-18,37.90,38.90,39.50,37.31,24596,95110000,0.72,1.89,5.74,1.92
2015-12-21,38.00,39.18,41.98,38.00,20341,79490000,0.28,0.72,10.23,1.59
2015-12-22,39.20,38.41,39.20,37.04,12552,47970000,-0.77,-1.97,5.51,0.98
2015-12-23,38.45,38.43,39.36,37.52,16006,61690000,0.02,0.05,4.79,1.25
2015-12-24,38.76,38.90,39.30,37.54,13984,54040000,0.47,1.22,4.58,1.09
2015-12-25,38.98,38.75,40.36,38.55,16011,63110000,-0.15,-0.39,4.65,1.25
2015-12-28,38.90,37.00,39.69,36.99,11434,43410000,-1.75,-4.52,6.97,0.89
2015-12-29,37.00,37.02,37.55,35.50,10540,38560000,0.02,0.05,5.54,0.82
2015-12-30,37.03,39.53,39.69,37.03,19911,77320000,2.51,6.78,7.19,1.55
2015-12-31,39.80,39.51,40.98,38.00,21152,83290000,-0.02,-0.05,7.54,1.65
2016-01-04,39.04,37.91,41.50,37.00,22178,88970000,-1.60,-4.05,11.39,1.73
2016-01-05,34.84,40.30,40.68,34.12,34878,135140000,2.39,6.30,17.30,2.72
2016-01-06,40.30,42.91,43.87,40.30,48478,205330000,2.61,6.48,8.86,3.79
2016-01-07,41.73,38.62,42.34,38.62,6919,27680000,-4.29,-10.00,8.67,0.54
2016-01-08,39.17,42.14,42.46,34.76,35209,138950000,3.52,9.11,19.94,2.75
2016-01-11,41.00,37.93,41.00,37.93,33884,133070000,-4.21,-9.99,7.29,2.65
2016-01-12,38.01,35.85,38.67,34.18,25624,91870000,-2.08,-5.48,11.84,2.00
2016-01-13,35.80,34.05,36.66,32.50,23076,79150000,-1.80,-5.02,11.60,1.80
2016-01-14,31.90,33.99,34.68,31.90,16281,53950000,-0.06,-0.18,8.16,1.27
2016-01-15,33.99,33.90,35.08,33.00,14467,49320000,-0.09,-0.26,6.12,1.13
2016-01-18,33.00,31.20,34.20,31.03,41301,133300000,-2.70,-7.96,9.35,3.23
2016-01-19,30.95,32.08,32.08,29.30,38845,118410000,0.88,2.82,8.91,3.03
2016-01-20,31.50,35.29,35.29,31.30,32494,108910000,3.21,10.01,12.44,2.54
2016-01-21,34.21,33.79,36.38,33.70,30581,107200000,-1.50,-4.25,7.59,2.39
2016-01-22,34.50,33.50,34.60,32.71,19126,64600000,-0.29,-0.86,5.59,1.49
2016-01-25,33.70,36.85,36.85,33.70,62562,227320000,3.35,10.00,9.40,4.89
2016-01-26,36.85,37.80,40.32,36.00,59883,225830000,0.95,2.58,11.72,4.68
2016-01-27,41.58,41.55,41.58,39.00,202563,836380000,3.75,9.92,6.83,15.82
2016-01-28,38.50,37.40,38.98,37.40,91659,348440000,-4.15,-9.99,3.80,7.16
2016-01-29,34.38,35.09,36.90,33.66,100709,349580000,-2.31,-6.18,8.66,7.86
2016-02-01,34.95,32.06,36.40,31.62,80713,276930000,-3.03,-8.63,13.62,6.30
2016-02-02,31.51,33.01,33.40,31.15,51666,168220000,0.95,2.96,7.02,4.03
2016-02-03,32.01,33.31,34.20,31.66,59744,198070000,0.30,0.91,7.69,4.67
2016-02-04,33.12,34.44,35.33,33.00,62623,214340000,1.13,3.39,6.99,4.89
2016-02-05,34.33,34.99,37.88,34.33,79251,288330000,0.55,1.60,10.31,6.19
2016-02-15,33.62,35.71,36.30,32.52,60046,207520000,0.72,2.06,10.80,4.69
2016-02-16,35.80,38.45,39.18,35.35,71727,269080000,2.74,7.67,10.73,5.60
2016-02-17,38.08,42.30,42.30,37.58,102666,412620000,3.85,10.01,12.28,8.02
2016-02-18,43.99,43.25,45.76,42.56,121221,529750000,0.95,2.25,7.57,9.47
2016-02-19,42.91,42.00,43.50,41.49,77081,326090000,-1.25,-2.89,4.65,6.02
2016-02-22,42.41,43.60,43.60,40.58,117815,491650000,1.60,3.81,7.19,9.20
2016-02-23,43.00,43.34,44.99,41.80,116518,506060000,-0.26,-0.60,7.32,9.10
2016-02-24,42.74,40.80,43.45,39.66,102723,422030000,-2.54,-5.86,8.74,8.02
2016-02-25,40.21,36.72,40.21,36.72,84835,319540000,-4.08,-10.00,8.55,6.62
2016-02-26,35.92,34.21,36.40,33.70,62562,219240000,-2.51,-6.84,7.35,4.89
2016-02-29,33.80,30.79,34.18,30.79,48028,152170000,-3.42,-10.00,9.91,3.75
2016-03-01,30.00,32.47,32.98,30.00,67461,212770000,1.68,5.46,9.68,5.27
2016-03-02,32.26,34.30,35.00,32.00,69202,230720000,1.83,5.64,9.24,5.40
2016-03-03,33.99,32.99,34.69,32.90,55819,188840000,-1.31,-3.82,5.22,4.36
2016-03-04,32.50,29.69,32.71,29.69,58496,181320000,-3.30,-10.00,9.15,4.57
2016-03-07,30.01,30.77,31.79,30.01,34549,107120000,1.08,3.64,6.00,2.70
2016-03-08,30.90,31.92,33.00,28.50,45845,140220000,1.15,3.74,14.62,3.58
2016-03-09,31.20,31.07,31.90,30.50,30139,93830000,-0.85,-2.66,4.39,2.35
2016-03-10,31.45,31.15,32.78,31.06,44974,142830000,0.08,0.26,5.54,3.51
2016-03-11,30.79,31.68,32.00,30.11,33740,105870000,0.53,1.70,6.07,2.63
2016-03-14,32.30,33.44,34.33,32.15,52628,175800000,1.76,5.56,6.88,4.11
2016-03-15,33.13,32.40,33.60,32.22,37374,122570000,-1.04,-3.11,4.13,2.92
2016-03-16,32.78,32.13,33.08,31.62,30366,98080000,-0.27,-0.83,4.51,2.37
2016-03-17,32.14,33.60,33.96,32.14,46018,152890000,1.47,4.58,5.66,3.59
2016-03-18,34.05,36.31,36.90,34.05,75008,265760000,2.71,8.07,8.48,5.86
2016-03-21,37.50,39.94,39.94,37.01,96954,370270000,3.63,10.00,8.07,7.57
2016-03-22,39.49,39.55,41.35,38.01,137200,540920000,-0.39,-0.98,8.36,10.71
2016-03-23,39.05,41.00,41.89,39.01,104126,418670000,1.45,3.67,7.28,8.13
2016-03-24,40.38,44.34,45.10,40.06,171921,750770000,3.34,8.15,12.29,13.43
2016-03-25,44.36,42.21,45.21,40.70,134459,575900000,-2.13,-4.80,10.17,10.50
2016-03-28,42.10,40.40,43.38,40.00,99301,417490000,-1.81,-4.29,8.01,7.75
2016-03-29,40.90,40.95,41.55,39.36,82115,333590000,0.55,1.36,5.42,6.41
2016-03-30,41.25,45.05,45.05,41.06,121077,530740000,4.10,10.01,9.74,9.46
2016-03-31,47.30,47.62,49.56,46.00,177407,855540000,2.57,5.70,7.90,13.85
2016-04-01,47.00,52.38,52.38,46.55,171971,855580000,4.76,10.00,12.24,13.43
2016-04-05,51.45,52.85,54.32,50.51,137311,717620000,0.47,0.90,7.27,10.72
2016-04-06,52.06,58.14,58.14,52.06,100245,559200000,5.29,10.01,11.50,7.83
2016-04-07,60.00,58.30,61.77,58.30,149035,888260000,0.16,0.28,5.97,11.64
2016-04-08,57.20,60.85,61.30,56.01,142106,832210000,2.55,4.37,9.07,11.10
2016-04-11,60.85,59.40,61.18,58.63,92019,550970000,-1.45,-2.38,4.19,7.19
2016-04-12,58.80,53.46,60.50,53.46,114697,634580000,-5.94,-10.00,11.85,8.96
2016-04-13,53.05,54.55,57.06,52.30,133811,727400000,1.09,2.04,8.90,10.45
2016-04-14,54.60,53.60,54.98,51.22,120565,638760000,-0.95,-1.74,6.89,9.42
2016-04-15,53.50,52.80,54.39,52.60,75815,404670000,-0.80,-1.49,3.34,5.92
2016-04-18,52.90,54.23,54.96,51.69,88874,474960000,1.43,2.71,6.19,6.94
2016-04-19,54.00,52.15,55.10,51.35,105502,560640000,-2.08,-3.84,6.92,8.24
2016-04-20,52.49,46.94,52.49,46.94,144905,707370000,-5.21,-9.99,10.64,11.32
2016-04-21,46.70,45.70,47.98,45.20,77584,362590000,-1.24,-2.64,5.92,6.06
2016-04-22,45.85,47.60,47.90,45.49,84981,400140000,1.90,4.16,5.27,6.64
2016-04-25,47.50,45.80,47.50,44.00,72460,330280000,-1.80,-3.78,7.35,5.66
2016-04-26,46.03,46.82,47.28,45.60,70937,330530000,1.02,2.23,3.67,5.54
2016-04-27,47.39,45.23,47.50,44.80,69574,319720000,-1.59,-3.40,5.77,5.43
2016-04-28,45.35,46.37,46.68,44.00,78781,358920000,1.14,2.52,5.93,6.15
2016-04-29,45.68,46.53,47.80,45.10,88463,414430000,0.16,0.35,5.82,6.91
2016-05-03,45.95,48.26,48.70,44.20,94646,444040000,1.73,3.72,9.67,7.39
2016-05-04,47.50,49.50,51.20,47.35,112857,556690000,1.24,2.57,7.98,8.81
2016-05-05,49.05,53.18,53.90,48.95,120731,618090000,3.68,7.43,10.00,9.43
2016-05-06,55.80,51.02,56.98,51.00,173584,940530000,-2.16,-4.06,11.24,13.56
2016-05-09,51.06,52.00,52.49,49.10,113484,579780000,0.98,1.92,6.64,8.86
2016-05-10,51.38,46.80,52.50,46.80,125067,608490000,-5.20,-10.00,10.96,9.77
2016-05-11,46.80,44.25,47.29,42.60,121700,540110000,-2.55,-5.45,10.02,9.50
2016-05-12,11.30,11.50,11.77,11.11,284264,323550000,-0.74,-6.05,5.39,6.17
2016-05-13,11.49,10.70,11.61,10.57,374690,413330000,-0.80,-6.96,9.04,8.13
2016-05-16,10.50,10.83,10.91,10.36,240162,256940000,0.13,1.22,5.14,5.21
2016-05-17,10.70,10.93,10.99,10.52,276179,296560000,0.10,0.92,4.34,5.99
2016-05-18,10.69,9.97,10.69,9.84,286781,294000000,-0.96,-8.78,7.78,6.22
2016-05-19,9.90,9.99,10.45,9.85,198227,200990000,0.02,0.20,6.02,4.30
2016-05-20,9.85,10.11,10.21,9.73,159029,159390000,0.12,1.20,4.80,3.45
2016-05-23,10.20,10.48,10.58,10.05,264813,273710000,0.37,3.66,5.24,5.74
2016-05-24,10.40,10.07,10.43,9.98,207252,210330000,-0.41,-3.91,4.29,4.50
2016-05-25,10.18,9.88,10.32,9.76,184984,185520000,-0.19,-1.89,5.56,4.01
2016-05-26,9.89,9.94,9.97,9.48,178026,173140000,0.06,0.61,4.96,3.86
2016-05-27,9.95,9.75,9.96,9.74,142691,140470000,-0.19,-1.91,2.21,3.10
2016-05-30,9.58,9.73,9.98,9.49,134507,131370000,-0.02,-0.21,5.03,2.92
2016-05-31,9.70,10.28,10.50,9.70,302772,306870000,0.55,5.65,8.22,6.57
2016-06-01,10.28,10.65,10.84,10.20,351611,373220000,0.37,3.60,6.23,7.63
2016-06-02,10.76,11.11,11.11,10.55,380754,413160000,0.46,4.32,5.26,8.26
2016-06-03,11.22,10.89,11.29,10.87,252410,278090000,-0.22,-1.98,3.78,5.48
2016-06-06,10.89,11.06,11.21,10.77,216773,238180000,0.17,1.56,4.04,4.70
2016-06-07,11.01,10.85,11.09,10.71,185349,201140000,-0.21,-1.90,3.44,4.02
2016-06-08,10.74,10.57,10.85,10.45,175210,185920000,-0.28,-2.58,3.69,3.80
2016-06-13,10.40,9.92,10.77,9.91,190275,198210000,-0.65,-6.15,8.14,4.13
2016-06-14,9.95,10.03,10.14,9.80,134885,134490000,0.11,1.11,3.43,2.93
2016-06-15,10.19,10.68,10.74,10.15,233658,242890000,0.65,6.48,5.88,5.07
2016-06-16,10.50,10.31,10.64,10.21,187332,194540000,-0.37,-3.46,4.03,4.06
2016-06-17,10.35,10.21,10.47,10.05,119625,123130000,-0.10,-0.97,4.07,2.59
2016-06-20,10.22,10.15,10.25,9.93,127753,128450000,-0.06,-0.59,3.13,2.77
2016-06-21,10.25,9.99,10.37,9.91,113636,114970000,-0.16,-1.58,4.53,2.47
2016-06-22,9.86,10.11,10.13,9.86,90714,90740000,0.12,1.20,2.70,1.97
2016-06-23,10.14,10.41,10.50,10.04,209337,215960000,0.30,2.97,4.55,4.54
2016-06-24,10.30,10.05,10.45,9.50,196775,198400000,-0.36,-3.46,9.13,4.27
2016-06-27,9.98,10.27,10.35,9.91,134977,137660000,0.22,2.19,4.38,2.93
2016-06-28,10.20,10.74,10.89,10.16,303136,320710000,0.47,4.58,7.11,6.58
2016-06-29,10.80,10.64,10.87,10.56,213038,227420000,-0.10,-0.93,2.89,4.62
2016-06-30,10.66,10.59,10.67,10.39,143069,150450000,-0.05,-0.47,2.63,3.10
2016-07-01,10.60,10.43,10.71,10.40,110139,116120000,-0.16,-1.51,2.93,2.39
2016-07-04,10.43,10.63,10.73,10.36,145765,154090000,0.20,1.92,3.55,3.16
2016-07-05,10.63,10.66,10.85,10.55,188894,202150000,0.03,0.28,2.82,4.10
2016-07-06,10.64,10.50,10.64,10.39,131937,138410000,-0.16,-1.50,2.35,2.86
2016-07-07,10.55,10.74,10.80,10.45,198921,211970000,0.24,2.29,3.33,4.32
2016-07-08,10.80,10.57,10.81,10.50,117851,125000000,-0.17,-1.58,2.89,2.56
2016-07-11,10.60,10.41,10.64,10.40,124992,131390000,-0.16,-1.51,2.27,2.71
2016-07-12,10.49,10.34,10.49,9.99,135308,138500000,-0.07,-0.67,4.80,2.94
2016-07-13,10.40,11.07,11.37,10.35,359604,393970000,0.73,7.06,9.86,7.80
2016-07-14,10.98,11.09,11.20,10.73,295363,324410000,0.02,0.18,4.25,6.41
2016-07-15,10.96,10.86,11.14,10.77,165481,180190000,-0.23,-2.07,3.34,3.59
2016-07-18,10.80,10.77,10.94,10.61,112279,120600000,-0.09,-0.83,3.04,2.44
2016-07-19,10.79,10.86,10.86,10.56,111369,119420000,0.09,0.84,2.79,2.42
2016-07-20,10.80,11.49,11.94,10.76,401410,459440000,0.63,5.80,10.87,8.71
2016-07-21,11.53,12.05,12.33,11.36,513713,611580000,0.56,4.87,8.44,11.14
2016-07-22,11.98,12.09,12.20,11.76,331647,396370000,0.04,0.33,3.65,7.19
2016-07-25,12.00,11.91,12.07,11.70,215550,255830000,-0.18,-1.49,3.06,4.68
2016-07-26,11.85,11.92,12.00,11.66,182942,216230000,0.01,0.08,2.85,3.97
2016-07-27,11.86,11.06,12.28,10.82,311316,362060000,-0.86,-7.21,12.25,6.75
2016-07-28,11.00,10.59,11.23,10.28,247174,264280000,-0.47,-4.25,8.59,5.36
2016-07-29,10.60,10.32,10.67,10.20,128442,133350000,-0.27,-2.55,4.44,2.79
2016-08-01,10.28,10.07,10.30,9.81,113896,113910000,-0.25,-2.42,4.75,2.47
2016-08-02,10.08,10.29,10.37,9.96,129022,130600000,0.22,2.18,4.07,2.80
2016-08-03,10.18,10.17,10.31,10.11,85419,87050000,-0.12,-1.17,1.94,1.85
2016-08-04,10.23,10.19,10.23,10.01,99172,100460000,0.02,0.20,2.16,2.15
2016-08-05,10.13,10.04,10.19,10.04,85162,86050000,-0.15,-1.47,1.47,1.85
2016-08-08,9.94,10.07,10.11,9.82,79537,79420000,0.03,0.30,2.89,1.73
2016-08-09,10.07,10.18,10.29,10.00,109609,111770000,0.11,1.09,2.88,2.38
2016-08-10,10.22,10.17,10.38,10.15,76110,77750000,-0.01,-0.10,2.26,1.65
2016-08-11,10.20,10.03,10.20,10.02,64602,65060000,-0.14,-1.38,1.77,1.40
2016-08-12,9.95,10.04,10.06,9.86,85684,85510000,0.01,0.10,1.99,1.86
2016-08-15,10.09,10.20,10.28,9.93,131891,133750000,0.16,1.59,3.49,2.86
2016-08-16,10.28,10.22,10.28,10.12,113179,115360000,0.02,0.20,1.57,2.46
2016-08-17,10.24,10.25,10.28,10.18,93966,96170000,0.03,0.29,0.98,2.04
2016-08-18,10.26,10.18,10.32,10.15,95557,97600000,-0.07,-0.68,1.66,2.07
2016-08-19,10.17,10.09,10.19,10.06,83980,84920000,-0.09,-0.88,1.28,1.82
2016-08-22,10.20,10.65,10.95,10.10,255086,268200000,0.56,5.55,8.42,5.53
2016-08-23,10.56,10.54,10.86,10.37,192881,205300000,-0.11,-1.03,4.60,4.18
2016-08-24,10.47,10.46,10.61,10.35,110958,115860000,-0.08,-0.76,2.47,2.41
2016-08-25,10.38,10.20,10.38,10.11,104271,106350000,-0.26,-2.49,2.58,2.26
2016-08-26,10.28,10.27,10.44,10.17,105336,108540000,0.07,0.69,2.65,2.28
2016-08-29,10.30,10.29,10.38,10.20,59576,61320000,0.02,0.19,1.75,1.29
2016-08-30,10.34,10.36,10.42,10.28,63964,66170000,0.07,0.68,1.36,1.39
2016-08-31,10.39,10.31,10.40,10.25,65801,67750000,-0.05,-0.48,1.45,1.43
2016-09-01,10.31,10.33,10.60,10.22,111264,115910000,0.02,0.19,3.69,2.41
2016-09-02,10.27,10.63,10.65,10.25,172951,181320000,0.30,2.90,3.87,3.75
2016-09-05,10.65,10.99,10.99,10.61,247821,268320000,0.36,3.39,3.57,5.38
2016-09-06,11.00,11.03,11.17,10.82,182420,199990000,0.04,0.36,3.18,3.96
2016-09-07,11.09,10.92,11.12,10.80,143154,156440000,-0.11,-1.00,2.90,3.11
2016-09-08,10.88,11.77,11.97,10.86,451970,522530000,0.85,7.78,10.16,9.80
2016-09-09,11.67,11.86,12.15,11.53,488157,577680000,0.09,0.76,5.27,10.59
2016-09-12,11.50,11.73,11.95,11.37,321791,376910000,-0.13,-1.10,4.89,6.98
2016-09-13,11.78,12.50,12.56,11.65,545718,660510000,0.77,6.56,7.76,11.84
2016-09-14,12.25,11.42,12.25,11.25,419130,492310000,-1.08,-8.64,8.00,9.09
2016-09-19,11.42,11.58,11.75,11.04,263933,299900000,0.16,1.40,6.22,5.73
2016-09-20,11.45,11.24,11.55,11.16,167651,189820000,-0.34,-2.94,3.37,3.64
2016-09-21,11.25,11.20,11.42,11.15,124622,140280000,-0.04,-0.36,2.40,2.70
2016-09-22,11.30,11.68,11.75,11.22,261608,302090000,0.48,4.29,4.73,5.67
2016-09-23,11.60,11.43,11.79,11.41,163604,189320000,-0.25,-2.14,3.25,3.55
2016-09-26,11.33,10.89,11.36,10.85,138399,154340000,-0.54,-4.72,4.46,3.00
2016-09-27,10.75,10.88,10.98,10.54,123057,132440000,-0.01,-0.09,4.04,2.67
2016-09-28,10.87,10.74,10.90,10.70,64237,69270000,-0.14,-1.29,1.84,1.39
2016-09-29,10.71,10.92,11.06,10.70,106249,116200000,0.18,1.68,3.35,2.30
2016-09-30,10.90,10.88,11.03,10.88,65106,71200000,-0.04,-0.37,1.37,1.41
2016-10-10,10.89,11.25,11.31,10.89,103296,115530000,0.37,3.40,3.86,2.24
2016-10-11,11.25,11.29,11.36,11.11,109197,122690000,0.04,0.36,2.22,2.37
2016-10-12,11.17,11.35,11.43,11.11,97233,109270000,0.06,0.53,2.83,2.11
2016-10-13,11.38,11.41,11.72,11.36,146707,169140000,0.06,0.53,3.17,3.18
2016-10-14,11.33,11.64,11.68,11.14,181349,207530000,0.23,2.02,4.73,3.93
2016-10-17,11.62,11.46,11.74,11.36,141356,163420000,-0.18,-1.55,3.26,3.07
2016-10-18,11.33,11.55,11.65,11.25,126988,145760000,0.09,0.79,3.49,2.75
2016-10-19,11.54,11.44,11.70,11.37,117141,135040000,-0.11,-0.95,2.86,2.54
2016-10-20,11.38,11.78,11.87,11.38,195701,227610000,0.34,2.97,4.28,4.25
2016-10-21,11.64,11.54,11.75,11.35,148662,171110000,-0.24,-2.04,3.40,3.22
2016-10-24,11.45,11.55,11.68,11.40,103534,119350000,0.01,0.09,2.43,2.25
2016-10-25,11.54,11.55,11.75,11.47,118630,137540000,0.00,0.00,2.42,2.57
2016-10-26,11.50,11.22,11.55,11.12,127187,144060000,-0.33,-2.86,3.72,2.76
2016-10-27,11.18,11.23,11.28,11.13,59652,66870000,0.01,0.09,1.34,1.29
2016-10-28,11.23,10.95,11.28,10.95,86047,95280000,-0.28,-2.49,2.94,1.87
2016-10-31,10.89,11.03,11.10,10.80,55857,61450000,0.08,0.73,2.74,1.21
2016-11-01,11.06,11.07,11.14,10.99,57668,63790000,0.04,0.36,1.36,1.25
2016-11-02,11.03,11.02,11.23,11.00,85711,95190000,-0.05,-0.45,2.08,1.86
2016-11-03,11.01,11.10,11.19,10.95,83171,92050000,0.08,0.73,2.18,1.80
2016-11-04,11.11,10.88,11.15,10.83,86485,94980000,-0.22,-1.98,2.88,1.88
2016-11-07,10.89,11.06,11.12,10.81,86053,94960000,0.18,1.65,2.85,1.87
2016-11-08,11.04,10.99,11.10,10.90,79803,87760000,-0.07,-0.63,1.81,1.73
2016-11-09,10.96,10.78,11.03,10.65,82454,89520000,-0.21,-1.91,3.46,1.79
2016-11-10,10.90,10.96,10.98,10.85,74636,81500000,0.18,1.67,1.21,1.62
2016-11-11,10.90,10.87,10.98,10.80,91465,99490000,-0.09,-0.82,1.64,1.98
2016-11-14,10.87,11.00,11.13,10.85,118072,130060000,0.13,1.20,2.58,2.56
2016-11-15,11.01,11.73,11.95,10.97,343667,397340000,0.73,6.64,8.91,7.45
2016-11-16,11.58,11.68,11.98,11.50,259253,303470000,-0.05,-0.43,4.09,5.62
2016-11-17,11.62,11.98,12.30,11.51,358537,426740000,0.30,2.57,6.76,7.78
2016-11-18,11.84,11.78,11.93,11.68,177782,209540000,-0.20,-1.67,2.09,3.86
2016-11-21,11.70,11.62,11.80,11.47,153757,178250000,-0.16,-1.36,2.80,3.34
2016-11-22,11.63,11.74,11.94,11.52,195078,229040000,0.12,1.03,3.61,4.23
2016-11-23,11.75,11.58,11.88,11.51,140959,164690000,-0.16,-1.36,3.15,3.06
2016-11-24,11.53,11.34,11.71,11.30,145164,166770000,-0.24,-2.07,3.54,3.15
2016-11-25,11.37,11.29,11.45,11.10,96741,108780000,-0.05,-0.44,3.09,2.10
2016-11-28,11.32,11.36,11.44,11.22,79776,90370000,0.07,0.62,1.95,1.73
2016-11-29,11.36,11.01,11.38,11.01,107812,120280000,-0.35,-3.08,3.26,2.34
2016-11-30,10.92,11.02,11.13,10.90,60978,67220000,0.01,0.09,2.09,1.32
2016-12-01,11.04,11.02,11.12,10.97,50562,55800000,0.00,0.00,1.36,1.10
2016-12-02,11.01,10.70,11.08,10.66,97173,105240000,-0.32,-2.90,3.81,2.11
2016-12-05,10.61,10.67,10.75,10.57,41255,43970000,-0.03,-0.28,1.68,0.89
2016-12-06,10.68,10.68,10.80,10.67,50639,54430000,0.01,0.09,1.22,1.10
2016-12-07,10.65,10.90,10.97,10.64,59063,64020000,0.22,2.06,3.09,1.28
2016-12-08,10.97,10.65,10.97,10.62,51122,55160000,-0.25,-2.29,3.21,1.11
2016-12-09,10.70,10.57,10.72,10.52,47851,50830000,-0.08,-0.75,1.88,1.04
2016-12-12,10.56,9.86,10.62,9.82,93496,95280000,-0.71,-6.72,7.57,2.03
2016-12-13,9.85,10.00,10.06,9.70,51711,51320000,0.14,1.42,3.65,1.12
2016-12-14,10.00,9.88,10.15,9.85,35814,35700000,-0.12,-1.20,3.00,0.78
2016-12-15,9.88,10.01,10.15,9.88,52524,52530000,0.13,1.32,2.73,1.14
2016-12-16,10.06,10.12,10.12,9.96,46132,46430000,0.11,1.10,1.60,1.00
2016-12-19,10.11,10.09,10.15,10.01,29796,29950000,-0.03,-0.30,1.38,0.65
2016-12-20,10.09,10.13,10.14,10.03,36135,36480000,0.04,0.40,1.09,0.78
2016-12-21,10.12,10.20,10.23,10.12,37939,38640000,0.07,0.69,1.09,0.82
2016-12-22,10.18,10.19,10.27,10.15,33815,34490000,-0.01,-0.10,1.18,0.73
2016-12-23,10.22,10.17,10.28,9.95,51666,52260000,-0.02,-0.20,3.24,1.12
2016-12-26,10.24,10.56,10.63,10.14,104416,108960000,0.39,3.83,4.82,2.27
2016-12-27,10.46,10.63,10.85,10.42,102244,108870000,0.07,0.66,4.07,2.22
2016-12-28,10.65,10.46,10.77,10.46,61348,64930000,-0.17,-1.60,2.92,1.33
2016-12-29,10.42,10.57,10.64,10.42,54632,57710000,0.11,1.05,2.10,1.19
2016-12-30,10.52,10.53,10.62,10.44,32887,34600000,-0.04,-0.38,1.70,0.71
2017-01-03,10.64,10.84,10.84,10.56,62202,66680000,0.31,2.94,2.66,1.35
2017-01-04,11.88,11.11,11.92,10.92,336859,378590000,0.27,2.49,9.23,7.31
2017-01-05,10.92,10.55,10.92,10.49,206564,220500000,-0.56,-5.04,3.87,4.48
2017-01-06,10.50,10.22,10.50,10.21,105861,109380000,-0.33,-3.13,2.75,2.30
2017-01-09,10.22,10.34,10.36,10.13,61483,63000000,0.12,1.17,2.25,1.33
2017-01-10,10.34,10.37,10.43,10.19,65926,67840000,0.03,0.29,2.32,1.43
2017-01-11,10.30,10.29,10.42,10.21,64320,66460000,-0.08,-0.77,2.03,1.40
2017-01-12,10.21,10.21,10.34,10.19,35989,36910000,-0.08,-0.78,1.46,0.78
2017-01-13,10.22,9.96,10.24,9.92,52377,52680000,-0.25,-2.45,3.13,1.14
2017-01-16,9.96,9.37,10.00,9.03,94258,89690000,-0.59,-5.92,9.74,2.04
2017-01-17,9.37,9.43,9.44,9.21,33164,30980000,0.06,0.64,2.45,0.72
2017-01-18,9.42,9.35,9.49,9.32,22457,21120000,-0.08,-0.85,1.80,0.49
2017-01-19,9.35,9.22,9.40,9.20,21064,19590000,-0.13,-1.39,2.14,0.46
2017-01-20,9.25,9.70,9.96,9.21,53124,50420000,0.48,5.21,8.13,1.15
2017-01-23,9.56,9.62,9.70,9.54,40568,39030000,-0.08,-0.82,1.65,0.88
2017-01-24,9.67,9.52,9.67,9.49,19028,18160000,-0.10,-1.04,1.87,0.41
2017-01-25,9.51,9.53,9.60,9.43,18180,17350000,0.01,0.11,1.79,0.39
2017-01-26,9.54,9.60,9.67,9.54,18328,17640000,0.07,0.73,1.36,0.40
2017-02-03,9.56,9.58,9.68,9.56,20156,19390000,-0.02,-0.21,1.25,0.44
2017-02-06,9.50,9.67,9.67,9.48,26039,25050000,0.09,0.94,1.98,0.56
2017-02-07,9.70,9.84,9.88,9.66,42156,41313300,0.17,1.76,2.275,1.66
2017-02-08,9.71,9.86,9.92,9.70,32648,31935700,0.02,0.20,2.236,1.28
2017-02-09,10.01,9.92,10.10,9.88,40276,40112600,0.06,0.61,2.231,1.58
2017-02-10,9.91,9.88,10.04,9.87,49556,49204700,-0.04,-0.40,1.714,1.95
2017-02-13,9.88,9.90,9.96,9.86,27173,26934100,0.02,0.20,1.012,1.07
2017-02-14,9.95,9.90,9.95,9.88,47459,47038300,0.00,0.00,0.707,1.86
2017-02-15,9.98,9.65,9.98,9.50,51081,50066700,-0.25,-2.53,4.848,2.01
2017-02-16,9.71,9.69,9.74,9.64,57901,56028600,0.04,0.41,1.036,2.28
2017-02-17,9.69,9.80,10.22,9.65,115264,114117000,0.11,1.14,5.882,4.53
2017-02-20,9.66,9.91,9.98,9.58,109438,107659400,0.11,1.12,4.082,4.30
2017-02-21,9.91,10.14,10.29,9.85,184117,185589900,0.23,2.32,4.44,7.23
2017-02-22,10.06,10.17,10.18,10.04,109313,110519300,0.03,0.30,1.38,4.30
2017-02-23,10.18,10.27,10.40,10.12,162249,166554500,0.10,0.98,2.75,6.38
2017-02-24,10.33,10.22,10.33,10.06,93016,94438300,-0.05,-0.49,2.63,3.65
2017-02-27,10.14,10.45,10.48,10.13,158814,164755500,0.23,2.25,3.42,6.24
2017-02-28,10.48,11.25,11.31,10.41,488553,539825900,0.80,7.66,8.61,19.20
2017-03-01,11.15,11.11,11.36,10.92,452824,503389500,-0.14,-1.24,3.91,17.79
2017-03-02,11.07,11.02,11.07,10.92,119519,131280200,-0.09,-0.81,1.35,4.70
2017-03-03,11.00,11.02,11.18,10.95,92966,102662800,0.00,0.00,2.09,3.65
2017-03-06,11.02,11.09,11.17,10.97,123196,136111200,0.07,0.64,1.81,4.84
2017-03-07,11.18,11.04,11.25,10.95,160049,177150000,-0.05,-0.45,2.71,6.29
2017-03-08,11.09,10.70,11.09,10.65,155594,168362000,-0.34,-3.08,3.99,6.11
2017-03-09,11.00,10.86,11.04,10.60,109865,119419800,0.16,1.50,4.11,4.32
2017-03-10,10.86,10.50,11.05,10.45,172073,184980000,-0.36,-3.31,5.53,6.76
2017-03-13,10.59,11.54,11.55,10.55,885121,1009515900,1.04,9.90,9.52,34.78
2017-03-14,11.10,12.25,12.38,11.10,657854,759828200,0.71,6.15,11.09,25.85
2017-03-15,11.65,12.60,12.80,11.61,442724,546971800,0.35,2.86,9.71,17.40
2017-03-16,12.77,12.56,12.79,12.20,334879,418294271,-0.04,-0.32,4.68,13.16
2017-03-17,13.00,13.82,13.82,12.48,405919,549025283,1.26,10.03,10.67,15.95
2017-03-20,14.10,13.60,14.49,12.90,731896,986874862,-0.22,-1.59,11.51,28.76
2017-03-21,13.00,12.51,13.18,12.24,626603,784782642,-1.09,-8.01,6.91,24.62
2017-03-22,12.20,13.76,13.76,12.11,1111599,1491242680,1.25,9.99,13.19,43.68
2017-03-23,13.90,13.75,14.49,13.44,771009,1077339090,-0.01,-0.07,7.63,30.30
2017-03-24,13.30,12.53,13.45,12.38,1001658,1259184712,-1.22,-8.87,7.78,39.36
2017-03-27,12.25,11.97,12.47,11.73,459364,554049616,-0.56,-4.47,5.91,18.05
2017-03-28,12.07,11.80,12.26,11.71,294677,351355758,-0.17,-1.42,4.59,11.58
2017-03-29,11.79,11.48,11.79,11.30,274214,315187315,-0.32,-2.71,4.15,10.78
2017-03-30,11.50,10.93,11.50,10.86,252009,279136395,-0.55,-4.79,5.57,9.90
2017-03-31,10.97,10.98,11.15,10.85,169147,186235667,0.05,0.46,2.74,6.65
2017-04-05,10.98,11.09,11.11,10.63,184537,201806680,0.11,1.00,4.37,7.18
2017-04-06,11.04,11.06,11.20,10.96,151688,168102693,-0.03,-0.27,2.16,5.90
2017-04-07,11.11,10.95,11.27,10.92,166150,184240614,-0.11,-0.99,3.16,6.47
2017-04-10,10.85,10.24,10.86,10.18,247172,257861461,-0.71,-6.48,6.21,9.62
2017-04-11,10.24,10.37,10.38,10.00,180932,184034488,0.13,1.27,3.71,7.04
2017-04-12,10.33,10.12,10.35,10.11,90763,92529831,-0.25,-2.41,2.31,3.53
2017-04-13,10.01,10.06,10.23,10.01,75627,76392373,-0.06,-0.59,2.17,2.94
2017-04-14,10.07,10.00,10.19,9.94,85017,85284097,-0.06,-0.60,2.49,3.31
2017-04-17,9.90,9.61,9.95,9.30,107180,102685823,-0.39,-3.90,6.50,4.17
2017-04-18,9.61,9.47,9.78,9.42,77108,73828265,-0.14,-1.46,3.75,3.00
2017-04-19,9.38,9.44,9.49,9.15,101267,93898238,-0.03,-0.32,3.59,3.94
2017-04-20,9.42,9.30,9.48,9.25,66115,61778515,-0.14,-1.48,2.44,2.57
2017-04-21,9.30,9.29,9.41,9.26,50004,46585117,-0.01,-0.11,1.61,1.95
2017-04-24,9.29,9.03,9.29,9.03,61398,55828424,-0.26,-2.80,2.80,2.39
2017-04-25,9.05,9.06,9.14,8.96,46824,42453406,0.03,0.33,1.99,1.82
2017-04-26,9.08,9.01,9.11,9.00,53849,48716426,-0.05,-0.55,1.21,2.10
2017-04-27,8.98,9.08,9.09,8.69,100371,88950520,0.07,0.78,4.44,3.91
2017-04-28,9.10,9.24,9.25,9.04,62826,57386849,0.16,1.76,2.31,2.44
2017-05-02,9.21,9.34,9.37,9.10,62111,57247963,0.10,1.08,2.92,2.42
2017-05-03,9.34,9.23,9.40,9.18,57750,53637769,-0.11,-1.18,2.36,2.25
2017-05-04,9.19,9.02,9.22,9.00,62298,56670765,-0.21,-2.28,2.38,2.42
2017-05-05,9.06,9.29,9.59,8.93,129766,120177289,0.27,2.99,7.32,5.05
2017-05-08,9.32,9.31,9.58,9.22,117756,110860561,0.02,0.22,3.88,4.58
2017-05-09,9.17,9.20,9.27,9.01,73157,66719294,-0.11,-1.18,2.79,2.85
2017-05-10,9.13,8.92,9.24,8.92,60667,55138736,-0.28,-3.04,3.48,2.36
2017-05-11,8.83,9.05,9.20,8.70,84182,75494033,0.13,1.46,5.61,3.28
2017-05-12,8.99,9.06,9.14,8.82,70653,63382327,0.01,0.11,3.54,2.75
2017-05-15,9.01,8.98,9.10,8.97,39033,35183708,-0.08,-0.88,1.43,1.52
2017-05-16,8.98,9.20,9.22,8.86,89025,80760923,0.22,2.45,4.01,3.46
2017-05-17,9.15,9.38,9.75,9.15,196548,186210469,0.18,1.96,6.52,7.65
2017-05-18,9.21,9.28,9.47,9.21,76473,71411581,-0.10,-1.07,2.77,2.98
2017-05-19,9.23,9.16,9.38,9.12,65995,61190093,-0.12,-1.29,2.80,2.57
2017-05-22,9.11,9.66,9.98,8.97,273181,259706644,0.50,5.46,11.03,10.63
2017-05-23,9.60,9.14,9.63,9.01,188198,176112482,-0.52,-5.38,6.42,7.32
2017-05-24,9.02,8.95,9.13,8.50,110541,97662294,-0.19,-2.08,6.89,4.30
2017-05-25,8.94,8.87,8.97,8.66,85001,75029639,-0.08,-0.89,3.46,3.31
2017-05-26,8.87,8.88,9.06,8.85,55588,49664339,0.01,0.11,2.37,2.16
2017-05-31,8.95,8.91,9.05,8.88,50013,44672283,0.03,0.34,1.91,1.95
2017-06-01,8.82,8.42,8.88,8.40,92099,79408392,-0.49,-5.50,5.39,3.58
2017-06-02,8.42,8.27,8.45,8.03,78392,64319869,-0.15,-1.78,4.99,3.05
2017-06-05,8.28,8.25,8.34,8.23,40578,33599609,-0.02,-0.24,1.33,1.58
2017-06-06,8.25,8.30,8.32,8.16,32588,26958865,0.05,0.61,1.94,1.27
2017-06-07,8.30,8.49,8.49,8.25,59080,49763650,0.19,2.29,2.89,2.30
2017-06-08,8.50,8.39,8.55,8.37,51578,43521674,-0.10,-1.18,2.12,2.01
2017-06-09,8.38,8.57,8.83,8.22,98587,83769123,0.18,2.15,7.27,3.84
2017-06-12,8.30,8.34,8.44,8.30,52227,43727323,-0.23,-2.68,1.63,2.03
2017-06-13,8.30,8.42,8.50,8.30,59018,49661192,0.08,0.96,2.40,2.30
