日期,开盘,收盘,最高,最低,交易量(手),交易金额(元),涨跌额,涨跌幅(%),振幅(%),换手率(%)
2012-05-07,12.88,12.65,12.88,12.37,279785,352960000,0.65,5.42,4.25,58.29
2012-05-08,12.40,12.66,12.93,12.32,204148,258450000,0.01,0.08,4.82,42.53
2012-05-09,12.59,12.76,12.99,12.52,155398,198520000,0.10,0.79,3.71,32.37
2012-05-10,12.65,12.39,12.65,12.33,105273,131510000,-0.37,-2.90,2.51,21.93
2012-05-11,12.34,12.05,12.35,12.05,78800,95790000,-0.34,-2.74,2.42,16.42
2012-05-14,12.17,12.04,12.25,11.96,56991,68960000,-0.01,-0.08,2.41,11.87
2012-05-15,11.94,12.20,12.21,11.83,48660,58480000,0.16,1.33,3.16,10.14
2012-05-16,12.11,11.94,12.20,11.94,36446,43980000,-0.26,-2.13,2.13,7.59
2012-05-17,11.91,12.04,12.12,11.91,38668,46510000,0.10,0.84,1.76,8.06
2012-05-18,11.99,11.67,12.00,11.65,53232,63010000,-0.37,-3.07,2.91,11.09
2012-05-21,11.67,11.70,11.75,11.55,27735,32350000,0.03,0.26,1.71,5.78
2012-05-22,11.71,11.78,11.83,11.70,29324,34470000,0.08,0.68,1.11,6.11
2012-05-23,11.76,11.62,11.78,11.59,33473,39000000,-0.16,-1.36,1.61,6.97
2012-05-24,11.63,11.70,11.85,11.58,33367,39140000,0.08,0.69,2.32,6.95
2012-05-25,11.72,11.41,11.72,11.35,33207,38290000,-0.29,-2.48,3.16,6.92
2012-05-28,11.33,11.43,11.44,11.18,24577,27790000,0.02,0.18,2.28,5.12
2012-05-29,11.36,11.66,11.73,11.35,31160,35990000,0.23,2.01,3.32,6.49
2012-05-30,11.61,11.56,11.69,11.52,20165,23370000,-0.10,-0.86,1.46,4.20
2012-05-31,11.52,11.70,11.84,11.38,33651,39130000,0.14,1.21,3.98,7.01
2012-06-01,11.74,11.66,11.78,11.55,21644,25270000,-0.04,-0.34,1.97,4.51
2012-06-04,11.45,11.27,11.54,11.26,19683,22500000,-0.39,-3.34,2.40,4.10
2012-06-05,11.39,11.30,11.47,11.26,14410,16340000,0.03,0.27,1.86,3.00
2012-06-06,11.31,11.24,11.37,11.19,12076,13590000,-0.06,-0.53,1.59,2.52
2012-06-07,11.34,11.14,11.36,11.11,11351,12750000,-0.10,-0.89,2.22,2.36
2012-06-08,11.24,11.20,11.32,11.13,15440,17340000,0.06,0.54,1.71,3.22
2012-06-11,11.28,11.32,11.35,11.18,12866,14520000,0.12,1.07,1.52,2.68
2012-06-12,11.28,11.38,11.44,11.25,16357,18580000,0.06,0.53,1.68,3.41
2012-06-13,11.43,11.50,11.52,11.31,19072,21810000,0.12,1.05,1.85,3.97
2012-06-14,11.47,11.45,11.66,11.43,17602,20300000,-0.05,-0.43,2.00,3.67
2012-06-15,11.47,11.36,11.51,11.31,14089,16080000,-0.09,-0.79,1.75,2.94
2012-06-18,11.43,11.52,11.62,11.37,16563,19110000,0.16,1.41,2.20,3.45
2012-06-19,11.55,11.40,11.55,11.37,17824,20390000,-0.12,-1.04,1.56,3.71
2012-06-20,11.41,11.38,11.49,11.36,9913,11330000,-0.02,-0.18,1.14,2.07
2012-06-21,11.35,11.18,11.37,11.15,15398,17280000,-0.20,-1.76,1.93,3.21
2012-06-25,11.19,11.01,11.26,11.00,10445,11640000,-0.17,-1.52,2.33,2.18
2012-06-26,11.07,11.01,11.07,10.85,11813,12960000,0.00,0.00,2.00,2.46
2012-06-27,11.09,11.08,11.27,10.96,17152,19100000,0.07,0.64,2.82,3.57
2012-06-28,11.11,10.93,11.18,10.90,11397,12590000,-0.15,-1.35,2.53,2.37
2012-06-29,10.85,11.02,11.06,10.80,15374,16770000,0.09,0.82,2.38,3.20
2012-07-02,11.05,11.13,11.21,11.03,14853,16520000,0.11,1.00,1.63,3.09
2012-07-03,11.13,11.32,11.38,11.11,26431,29780000,0.19,1.71,2.43,5.51
2012-07-04,11.28,11.33,11.38,11.18,21730,24560000,0.01,0.09,1.77,4.53
2012-07-05,11.32,11.31,11.43,11.20,21622,24470000,-0.02,-0.18,2.03,4.50
2012-07-06,11.32,11.30,11.38,11.01,19997,22420000,-0.01,-0.09,3.27,4.17
2012-07-09,11.21,10.90,11.23,10.87,14341,15880000,-0.40,-3.54,3.19,2.99
2012-07-10,10.86,10.78,10.95,10.75,9888,10700000,-0.12,-1.10,1.83,2.06
2012-07-11,10.80,10.84,10.88,10.76,7000,7570000,0.06,0.56,1.11,1.46
2012-07-12,10.82,10.99,11.01,10.70,13566,14750000,0.15,1.38,2.86,2.83
2012-07-13,10.99,10.79,10.99,10.79,8235,8960000,-0.20,-1.82,1.82,1.72
2012-07-16,10.79,10.16,10.88,10.10,16794,17450000,-0.63,-5.84,7.23,3.50
2012-07-17,10.18,10.28,10.35,10.10,6716,6880000,0.12,1.18,2.46,1.40
2012-07-18,10.28,10.26,10.28,10.07,4800,4890000,-0.02,-0.19,2.04,1.00
2012-07-19,10.32,10.35,10.45,10.22,8083,8380000,0.09,0.88,2.24,1.68
2012-07-20,10.33,10.33,10.40,10.29,4798,4960000,-0.02,-0.19,1.06,1.00
2012-07-23,10.28,10.17,10.28,10.10,6529,6620000,-0.16,-1.55,1.74,1.36
2012-07-24,10.11,10.24,10.26,10.03,5005,5100000,0.07,0.69,2.26,1.04
2012-07-25,10.20,10.38,10.65,10.20,15823,16620000,0.14,1.37,4.39,3.30
2012-07-26,10.31,10.37,10.49,10.28,6207,6420000,-0.01,-0.10,2.02,1.29
2012-07-27,10.34,10.37,10.44,10.30,4342,4500000,0.00,0.00,1.35,0.90
2012-07-30,10.50,10.37,10.60,10.33,14348,15040000,0.00,0.00,2.60,2.99
2012-07-31,10.37,10.20,10.42,9.94,11844,11940000,-0.17,-1.64,4.63,2.47
2012-08-01,10.20,10.34,10.38,10.13,8809,9060000,0.14,1.37,2.45,1.84
2012-08-02,10.28,10.15,10.28,10.11,5614,5710000,-0.19,-1.84,1.64,1.17
2012-08-03,10.20,10.36,10.37,10.12,6809,7010000,0.21,2.07,2.46,1.42
2012-08-06,10.36,10.71,10.76,10.33,25797,27520000,0.35,3.38,4.15,5.37
2012-08-07,10.72,10.66,10.83,10.59,29428,31410000,-0.05,-0.47,2.24,4.90
2012-08-08,10.65,10.55,10.65,10.41,25682,27010000,-0.11,-1.03,2.25,4.28
2012-08-09,10.60,11.49,11.57,10.60,118442,131750000,0.94,8.91,9.19,19.74
2012-08-10,11.44,11.88,12.38,11.25,188693,223540000,0.39,3.39,9.83,31.45
2012-08-13,11.60,11.46,11.99,11.41,97967,114240000,-0.42,-3.54,4.88,16.33
2012-08-14,11.40,11.31,11.71,10.96,73771,83140000,-0.15,-1.31,6.54,12.30
2012-08-15,11.15,11.16,11.46,11.06,40185,45120000,-0.15,-1.33,3.54,6.70
2012-08-16,11.11,10.87,11.26,10.80,34105,37630000,-0.29,-2.60,4.12,5.68
2012-08-17,10.84,10.89,11.03,10.69,28260,30640000,0.02,0.18,3.13,4.71
2012-08-20,10.80,10.95,10.99,10.66,21719,23510000,0.06,0.55,3.03,3.62
2012-08-21,10.95,11.13,11.20,10.88,36805,40780000,0.18,1.64,2.92,6.13
2012-08-22,11.10,10.92,11.15,10.85,30697,33530000,-0.21,-1.89,2.70,5.12
2012-08-23,10.92,11.14,11.14,10.83,31884,35200000,0.22,2.01,2.84,5.31
2012-08-24,11.06,10.60,11.17,10.60,29502,32080000,-0.54,-4.85,5.12,4.92
2012-08-27,10.50,10.40,10.59,10.33,21024,21960000,-0.20,-1.89,2.45,3.50
2012-08-28,10.39,10.52,10.65,10.36,13710,14420000,0.12,1.15,2.79,2.29
2012-08-29,10.49,10.57,10.68,10.46,12962,13740000,0.05,0.48,2.09,2.16
2012-08-30,10.51,10.64,10.78,10.37,23217,24580000,0.07,0.66,3.88,3.87
2012-08-31,10.62,10.62,10.75,10.55,12216,13010000,-0.02,-0.19,1.88,2.04
2012-09-03,10.71,10.90,11.05,10.71,28233,30830000,0.28,2.64,3.20,4.71
2012-09-04,11.01,10.91,11.06,10.86,21863,23960000,0.01,0.09,1.83,3.64
2012-09-05,10.94,11.24,11.35,10.86,36962,41350000,0.33,3.02,4.49,6.16
2012-09-06,11.18,11.19,11.33,11.15,23521,26390000,-0.05,-0.44,1.60,3.92
2012-09-07,11.28,11.32,11.49,11.16,35120,39840000,0.13,1.16,2.95,5.85
2012-09-10,11.29,11.35,11.37,11.17,23971,27020000,0.03,0.27,1.77,4.00
2012-09-11,11.30,11.25,11.30,11.14,17792,19930000,-0.10,-0.88,1.41,2.97
2012-09-12,11.24,11.20,11.30,11.08,20109,22420000,-0.05,-0.44,1.96,3.35
2012-09-13,11.17,10.97,11.22,10.97,11332,12590000,-0.23,-2.05,2.23,1.89
2012-09-14,11.10,11.03,11.12,10.90,8632,9510000,0.06,0.55,2.01,1.44
2012-09-17,11.03,10.89,11.11,10.81,11508,12580000,-0.14,-1.27,2.72,1.92
2012-09-18,10.78,10.89,10.99,10.78,7730,8420000,0.00,0.00,1.93,1.29
2012-09-19,10.86,10.97,10.97,10.86,7079,7730000,0.08,0.73,1.01,1.18
2012-09-20,10.97,10.65,10.97,10.61,14076,15070000,-0.32,-2.92,3.28,2.35
2012-09-21,10.60,10.66,10.83,10.55,5847,6260000,0.01,0.09,2.63,0.97
2012-09-24,10.60,10.70,10.73,10.51,6127,6520000,0.04,0.38,2.06,1.02
2012-09-25,10.71,10.73,10.86,10.65,6612,7110000,0.03,0.28,1.96,1.10
2012-09-26,10.72,10.34,10.72,10.34,8941,9400000,-0.39,-3.63,3.54,1.49
2012-09-27,10.33,10.54,10.69,10.33,6217,6570000,0.20,1.93,3.48,1.04
2012-09-28,10.50,10.69,10.74,10.50,4227,4510000,0.15,1.42,2.28,0.70
2012-10-08,10.80,10.66,10.82,10.65,2458,2620000,-0.03,-0.28,1.59,0.41
2012-10-09,10.66,10.90,10.93,10.66,6618,7180000,0.24,2.25,2.53,1.10
2012-10-10,10.86,10.93,10.95,10.78,8106,8820000,0.03,0.28,1.56,1.35
2012-10-11,10.87,10.71,10.90,10.69,6455,6960000,-0.22,-2.01,1.92,1.08
2012-10-12,10.78,10.68,10.85,10.61,4684,5010000,-0.03,-0.28,2.24,0.78
2012-10-15,10.75,10.35,10.75,10.25,11888,12380000,-0.33,-3.09,4.68,1.98
2012-10-16,10.35,10.33,10.36,10.15,11634,11970000,-0.02,-0.19,2.03,1.94
2012-10-17,10.30,10.33,10.35,10.20,8703,8940000,0.00,0.00,1.45,1.45
2012-10-18,10.34,10.46,10.47,10.30,13765,14330000,0.13,1.26,1.65,2.29
2012-10-19,10.48,10.42,10.48,10.39,6270,6540000,-0.04,-0.38,0.86,1.04
2012-10-22,10.39,10.44,10.44,10.33,4647,4830000,0.02,0.19,1.06,0.77
2012-10-23,10.36,10.39,10.48,10.36,4777,4980000,-0.05,-0.48,1.15,0.80
2012-10-24,10.34,10.35,10.41,10.30,5195,5380000,-0.04,-0.39,1.06,0.87
2012-10-25,10.31,10.31,10.40,10.30,3982,4120000,-0.04,-0.39,0.97,0.66
2012-10-26,10.36,10.69,10.87,10.36,41669,44490000,0.38,3.69,4.95,6.94
2012-10-29,10.62,10.79,10.82,10.53,19057,20400000,0.10,0.94,2.71,3.18
2012-10-30,10.76,10.74,10.87,10.67,13263,14310000,-0.05,-0.46,1.85,2.21
2012-10-31,10.75,10.80,10.87,10.62,12798,13740000,0.06,0.56,2.33,2.13
2012-11-01,10.77,10.82,10.93,10.69,21094,22870000,0.02,0.19,2.22,3.52
2012-11-02,10.82,10.98,11.04,10.77,20448,22320000,0.16,1.48,2.50,3.41
2012-11-05,10.90,10.77,11.02,10.75,15481,16820000,-0.21,-1.91,2.46,2.58
2012-11-06,10.74,10.68,10.81,10.50,17041,18130000,-0.09,-0.84,2.88,2.84
2012-11-07,10.66,10.50,10.69,10.48,9473,10010000,-0.18,-1.69,1.97,1.58
2012-11-08,10.37,10.35,10.49,10.35,6787,7060000,-0.15,-1.43,1.33,1.13
2012-11-09,10.29,10.30,10.39,10.25,10886,11210000,-0.05,-0.48,1.35,1.81
2012-11-12,10.35,10.41,10.45,10.23,11579,11950000,0.11,1.07,2.14,1.93
2012-11-13,10.53,10.53,10.69,10.42,19814,20890000,0.12,1.15,2.59,3.30
2012-11-14,10.48,10.43,10.52,10.26,8674,9020000,-0.10,-0.95,2.47,1.45
2012-11-15,10.37,10.12,10.43,10.12,8690,8920000,-0.31,-2.97,2.97,1.45
2012-11-16,10.12,10.00,10.19,9.85,7634,7600000,-0.12,-1.19,3.36,1.27
2012-11-19,10.02,10.05,10.06,9.90,5507,5510000,0.05,0.50,1.60,0.92
2012-11-20,10.10,10.00,10.12,10.00,5809,5830000,-0.05,-0.50,1.19,0.97
2012-11-21,10.06,10.16,10.19,9.98,7425,7490000,0.16,1.60,2.10,1.24
2012-11-22,10.17,10.07,10.17,10.03,4345,4390000,-0.09,-0.89,1.38,0.72
2012-11-23,10.05,10.09,10.15,10.05,4686,4730000,0.02,0.20,0.99,0.78
2012-11-26,10.07,10.09,10.21,10.04,4694,4740000,0.00,0.00,1.68,0.78
2012-11-27,10.05,9.52,10.05,9.52,8602,8380000,-0.57,-5.65,5.25,1.43
2012-11-28,9.51,9.28,9.58,9.25,7295,6830000,-0.24,-2.52,3.47,1.22
2012-11-29,9.30,9.08,9.38,9.00,4927,4550000,-0.20,-2.16,4.09,0.82
2012-11-30,9.08,9.18,9.24,9.07,3380,3090000,0.10,1.10,1.87,0.56
2012-12-03,9.18,8.87,9.22,8.85,3404,3080000,-0.31,-3.38,4.03,0.57
2012-12-04,8.88,9.01,9.02,8.64,9197,8130000,0.14,1.58,4.28,1.53
2012-12-05,9.00,9.30,9.50,8.96,12778,11870000,0.29,3.22,5.99,2.13
2012-12-06,9.26,9.21,9.35,9.20,5418,5020000,-0.09,-0.97,1.61,0.90
2012-12-07,9.18,9.39,9.39,9.17,13953,12990000,0.18,1.95,2.39,2.33
2012-12-10,9.39,9.54,9.54,9.28,18322,17270000,0.15,1.60,2.77,3.05
2012-12-11,9.55,9.38,9.55,9.37,9994,9440000,-0.16,-1.68,1.89,1.67
2012-12-12,9.37,9.38,9.46,9.24,9202,8610000,0.00,0.00,2.35,1.53
2012-12-13,9.36,9.24,9.42,9.22,5833,5430000,-0.14,-1.49,2.13,0.97
2012-12-14,9.19,9.58,9.66,9.19,18160,17310000,0.34,3.68,5.09,3.03
2012-12-17,9.59,9.60,9.65,9.53,16025,15370000,0.02,0.21,1.25,2.67
2012-12-18,9.60,9.55,9.68,9.50,11561,11110000,-0.05,-0.52,1.88,1.93
2012-12-19,9.52,9.64,9.73,9.50,11641,11230000,0.09,0.94,2.41,1.94
2012-12-20,9.64,9.78,9.88,9.57,18207,17750000,0.14,1.45,3.22,3.03
2012-12-21,9.78,9.99,10.13,9.74,28906,28770000,0.21,2.15,3.99,4.82
2012-12-24,10.02,10.31,10.38,10.02,29902,30670000,0.32,3.20,3.60,4.98
2012-12-25,10.30,10.61,10.69,10.24,39761,41770000,0.30,2.91,4.36,6.63
2012-12-26,10.88,11.00,11.36,10.88,62792,69610000,0.39,3.68,4.52,10.47
2012-12-27,10.89,10.54,10.96,10.51,43529,46730000,-0.46,-4.18,4.09,7.25
2012-12-28,10.48,10.77,10.92,10.48,28636,30760000,0.23,2.18,4.17,4.77
2012-12-31,10.80,10.96,11.01,10.80,26146,28580000,0.19,1.76,1.95,4.36
2013-01-04,11.02,10.83,11.09,10.78,22275,24240000,-0.13,-1.19,2.83,3.71
2013-01-07,10.73,10.91,10.96,10.70,17514,18980000,0.08,0.74,2.40,2.92
2013-01-08,10.85,10.95,11.05,10.75,29592,32360000,0.04,0.37,2.75,4.93
2013-01-09,10.98,10.80,11.01,10.65,27862,30210000,-0.15,-1.37,3.29,4.64
2013-01-10,10.73,10.79,10.90,10.70,17418,18780000,-0.01,-0.09,1.85,2.90
2013-01-11,10.79,10.70,10.95,10.65,25934,28080000,-0.09,-0.83,2.78,4.32
2013-01-14,10.66,11.09,11.17,10.61,35106,38510000,0.39,3.64,5.23,5.85
2013-01-15,11.24,11.20,11.41,11.13,39473,44400000,0.11,0.99,2.52,6.58
2013-01-16,11.10,11.07,11.23,10.82,28851,31800000,-0.13,-1.16,3.66,4.81
2013-01-17,11.01,10.90,11.05,10.81,14045,15350000,-0.17,-1.54,2.17,2.34
2013-01-18,11.05,10.95,11.08,10.87,23227,25470000,0.05,0.46,1.93,3.87
2013-01-21,10.99,11.00,11.04,10.92,22950,25180000,0.05,0.46,1.10,3.83
2013-01-22,11.02,10.76,11.18,10.73,47847,52690000,-0.24,-2.18,4.09,7.97
2013-01-23,10.70,10.53,10.82,10.35,38537,40650000,-0.23,-2.14,4.37,6.42
2013-01-24,10.59,10.19,10.70,10.10,34843,36370000,-0.34,-3.23,5.70,5.81
2013-01-25,10.28,10.25,10.36,10.20,15627,16040000,0.06,0.59,1.57,2.60
2013-01-28,10.25,10.50,10.50,10.25,16936,17630000,0.25,2.44,2.44,2.82
2013-01-29,10.49,10.54,10.58,10.41,20649,21750000,0.04,0.38,1.62,3.44
2013-01-30,10.54,10.75,10.95,10.54,33134,35770000,0.21,1.99,3.89,5.52
2013-01-31,10.79,10.64,10.79,10.57,14808,15780000,-0.11,-1.02,2.05,2.47
2013-02-01,10.58,10.76,10.83,10.58,16685,17910000,0.12,1.13,2.35,2.78
2013-02-04,10.78,10.65,10.81,10.56,12516,13370000,-0.11,-1.02,2.32,2.09
2013-02-05,10.61,10.74,10.74,10.51,12797,13610000,0.09,0.85,2.16,2.13
2013-02-06,10.78,10.82,10.83,10.71,12779,13780000,0.08,0.74,1.12,2.13
2013-02-07,10.83,10.84,10.88,10.70,10976,11850000,0.02,0.18,1.66,1.83
2013-02-08,10.83,10.99,11.00,10.82,17755,19430000,0.15,1.38,1.66,2.96
2013-02-18,11.03,11.20,11.26,10.98,32607,36410000,0.21,1.91,2.55,5.43
2013-02-19,11.18,10.88,11.22,10.82,20724,22760000,-0.32,-2.86,3.57,3.45
2013-02-20,10.84,11.05,11.09,10.80,19468,21330000,0.17,1.56,2.67,3.24
2013-02-21,11.00,11.48,11.49,10.85,83454,93730000,0.43,3.89,5.79,13.91
2013-02-22,11.60,11.36,11.95,11.20,107511,124720000,-0.12,-1.05,6.53,17.92
2013-02-25,11.40,11.19,11.40,11.13,38953,43610000,-0.17,-1.50,2.38,6.49
2013-02-26,11.13,11.02,11.34,11.00,26657,29830000,-0.17,-1.52,3.04,4.44
2013-02-27,11.19,11.05,11.19,10.98,30282,33490000,0.03,0.27,1.91,5.05
2013-02-28,11.08,11.27,11.30,10.99,26348,29480000,0.22,1.99,2.81,4.39
2013-03-01,11.27,11.28,11.31,11.14,27805,31210000,0.01,0.09,1.51,4.63
2013-03-04,11.20,10.94,11.24,10.80,28349,31310000,-0.34,-3.01,3.90,4.72
2013-03-05,10.90,11.11,11.13,10.82,21209,23300000,0.17,1.55,2.83,3.53
2013-03-06,11.15,11.32,11.37,11.00,32778,36930000,0.21,1.89,3.33,5.46
2013-03-07,11.30,11.27,11.53,11.13,32462,36840000,-0.05,-0.44,3.53,5.41
2013-03-08,11.25,11.32,11.38,11.17,17515,19760000,0.05,0.44,1.86,2.92
2013-03-11,11.29,11.38,11.54,11.27,21160,24150000,0.06,0.53,2.39,3.53
2013-03-12,11.44,10.84,11.44,10.74,30277,33360000,-0.54,-4.75,6.15,5.05
2013-03-13,10.78,10.60,10.85,10.60,17417,18610000,-0.24,-2.21,2.31,2.90
2013-03-14,10.65,10.63,10.75,10.60,6829,7280000,0.03,0.28,1.42,1.14
2013-03-15,10.65,10.73,10.95,10.60,13475,14530000,0.10,0.94,3.29,2.25
2013-03-18,10.63,10.77,10.86,10.63,10816,11660000,0.04,0.37,2.14,1.80
2013-03-19,10.83,11.02,11.02,10.66,15164,16440000,0.25,2.32,3.34,2.53
2013-03-20,11.00,11.24,11.25,10.93,21884,24310000,0.22,2.00,2.90,3.65
2013-03-21,11.24,11.35,11.39,11.17,24014,27150000,0.11,0.98,1.96,4.00
2013-03-22,11.37,11.42,11.43,11.30,21988,24980000,0.07,0.62,1.15,3.66
2013-03-25,11.72,11.51,11.85,11.42,56732,65760000,0.09,0.79,3.77,9.46
2013-03-26,10.95,11.05,11.10,10.80,45680,50240000,-0.46,-4.00,2.61,7.61
2013-03-27,11.04,10.94,11.09,10.83,29196,31980000,-0.11,-1.00,2.35,4.87
2013-03-28,10.90,10.59,10.90,10.53,22301,23680000,-0.35,-3.20,3.38,3.72
2013-03-29,10.59,10.59,10.65,10.45,14405,15160000,0.00,0.00,1.89,2.40
2013-04-01,10.51,10.44,10.63,10.38,13255,13900000,-0.15,-1.42,2.36,2.21
2013-04-02,10.45,10.21,10.57,10.15,20200,20820000,-0.23,-2.20,4.02,3.37
2013-04-03,10.25,9.92,10.27,9.86,20522,20560000,-0.29,-2.84,4.02,3.42
2013-04-08,9.78,9.96,9.97,9.64,12318,12040000,0.04,0.40,3.33,2.05
2013-04-09,9.94,10.01,10.07,9.90,21191,21110000,0.05,0.50,1.71,3.53
2013-04-10,9.99,9.89,10.00,9.83,9155,9070000,-0.12,-1.20,1.70,1.53
2013-04-11,9.97,9.93,10.01,9.88,8416,8360000,0.04,0.40,1.31,1.40
2013-04-12,9.95,9.97,9.98,9.84,8208,8160000,0.04,0.40,1.41,1.37
2013-04-15,9.92,9.72,9.94,9.69,8062,7860000,-0.25,-2.51,2.51,1.34
2013-04-16,9.68,9.79,9.81,9.55,6084,5900000,0.07,0.72,2.67,1.01
2013-04-17,9.79,9.83,9.88,9.71,5699,5580000,0.04,0.41,1.74,0.95
2013-04-18,9.77,9.88,9.90,9.77,6029,5940000,0.05,0.51,1.32,1.00
2013-04-19,9.89,10.04,10.09,9.85,12866,12870000,0.16,1.62,2.43,2.14
2013-04-22,9.97,10.05,10.06,9.95,10171,10170000,0.01,0.10,1.10,1.70
2013-04-23,10.08,9.68,10.08,9.68,10680,10480000,-0.37,-3.68,3.98,1.78
2013-04-24,9.71,9.89,9.90,9.62,8488,8340000,0.21,2.17,2.89,1.41
2013-04-25,9.90,9.80,9.97,9.77,8190,8080000,-0.09,-0.91,2.02,1.37
2013-04-26,9.81,9.63,9.89,9.56,12339,11930000,-0.17,-1.73,3.37,2.06
2013-05-02,9.60,9.63,9.63,9.41,10885,10330000,0.00,0.00,2.28,1.81
2013-05-03,9.62,9.73,10.30,9.53,16999,16740000,0.10,1.04,8.00,2.83
2013-05-06,9.74,9.89,9.94,9.74,16202,16000000,0.16,1.64,2.06,2.70
2013-05-07,9.88,9.92,9.96,9.85,11454,11340000,0.03,0.30,1.11,0.93
2013-05-08,9.92,10.24,10.33,9.92,26224,26660000,0.32,3.23,4.13,2.12
2013-05-09,10.24,10.19,10.24,10.05,11719,11880000,-0.05,-0.49,1.86,0.95
2013-05-10,10.09,10.19,10.22,10.08,10375,10540000,0.00,0.00,1.37,0.84
2013-05-13,10.18,10.14,10.33,10.09,11831,12060000,-0.05,-0.49,2.36,0.96
2013-05-14,10.15,9.98,10.15,9.93,10373,10360000,-0.16,-1.58,2.17,0.84
2013-05-15,9.99,10.08,10.09,9.97,10033,10060000,0.10,1.00,1.20,0.81
2013-05-16,10.09,10.14,10.25,9.98,18331,18630000,0.06,0.60,2.68,1.48
2013-05-17,10.14,10.36,10.39,10.06,22434,23110000,0.22,2.17,3.25,1.81
2013-05-20,10.37,10.47,10.55,10.33,18670,19520000,0.11,1.06,2.12,1.51
2013-05-21,10.60,10.67,10.83,10.60,33216,35650000,0.20,1.91,2.20,2.68
2013-05-22,10.66,10.70,10.86,10.56,21015,22520000,0.03,0.28,2.81,1.70
2013-05-23,10.64,10.53,10.75,10.47,16794,17800000,-0.17,-1.59,2.62,1.36
2013-05-24,10.53,10.72,10.75,10.50,13647,14530000,0.19,1.80,2.37,1.10
2013-05-27,10.78,10.81,10.93,10.75,19483,21110000,0.09,0.84,1.68,1.57
2013-05-28,10.85,10.68,10.85,10.54,12876,13740000,-0.13,-1.20,2.87,1.04
2013-05-29,10.68,10.69,10.73,10.63,14018,14980000,0.01,0.09,0.94,1.13
2013-05-30,10.65,10.89,10.95,10.60,22420,24110000,0.20,1.87,3.27,1.81
2013-05-31,10.88,10.69,10.88,10.68,17618,18990000,-0.20,-1.84,1.84,1.42
2013-06-03,10.69,10.55,10.85,10.53,13486,14310000,-0.14,-1.31,2.99,1.09
2013-06-04,10.55,10.18,10.59,10.11,18674,19330000,-0.37,-3.51,4.55,1.51
2013-06-05,10.15,10.21,10.27,10.15,8048,8220000,0.03,0.29,1.18,0.65
2013-06-06,10.26,10.12,10.26,10.08,7873,8000000,-0.09,-0.88,1.76,0.64
2013-06-07,10.18,9.91,10.18,9.85,9032,9020000,-0.21,-2.08,3.26,0.73
2013-06-13,9.85,9.67,9.86,9.55,8214,7950000,-0.24,-2.42,3.13,0.66
2013-06-14,9.67,9.85,9.85,9.67,7367,7200000,0.18,1.86,1.86,0.60
2013-06-17,9.70,9.72,9.79,9.56,5760,5580000,0.07,0.73,2.38,0.47
2013-06-18,9.75,9.67,9.78,9.56,4892,4730000,-0.05,-0.51,2.26,0.40
2013-06-19,9.64,9.53,9.64,9.37,9443,8970000,-0.14,-1.45,2.79,0.76
2013-06-20,9.48,9.38,9.57,9.37,7976,7570000,-0.15,-1.57,2.10,0.64
2013-06-21,9.33,9.33,9.36,9.16,8543,7890000,-0.05,-0.53,2.13,0.69
2013-06-24,9.30,8.87,9.39,8.84,8849,8010000,-0.46,-4.93,5.90,0.71
2013-06-25,8.96,8.89,8.96,8.38,10122,8860000,0.02,0.23,6.54,0.82
2013-06-26,8.95,9.01,9.06,8.76,7026,6280000,0.12,1.35,3.37,0.57
2013-06-27,9.01,8.93,9.20,8.91,8636,7840000,-0.08,-0.89,3.22,0.70
2013-06-28,8.81,8.95,9.11,8.81,4372,3920000,0.02,0.22,3.36,0.35
2013-07-01,8.88,9.05,9.08,8.88,4849,4360000,0.10,1.12,2.23,0.39
2013-07-02,9.16,9.28,9.29,9.05,6785,6240000,0.23,2.54,2.65,0.55
2013-07-03,9.28,9.16,9.28,9.08,5372,4910000,-0.12,-1.29,2.16,0.43
2013-07-04,9.16,9.19,9.33,9.06,8301,7630000,0.03,0.33,2.95,0.67
2013-07-05,9.24,9.12,9.24,9.09,5051,4630000,-0.07,-0.76,1.63,0.41
2013-07-08,9.10,8.82,9.10,8.78,5187,4600000,-0.30,-3.29,3.51,0.42
2013-07-09,8.82,8.86,8.88,8.78,2645,2340000,0.04,0.45,1.13,0.21
2013-07-10,8.82,9.31,9.73,8.82,13506,12600000,0.45,5.08,10.27,1.09
2013-07-11,9.38,9.47,9.55,9.28,13004,12250000,0.16,1.72,2.90,1.05
2013-07-12,9.43,9.34,9.52,9.31,6193,5840000,-0.13,-1.37,2.22,0.50
2013-07-15,9.40,9.53,9.55,9.34,7495,7110000,0.19,2.03,2.25,0.61
2013-07-16,9.46,9.62,9.69,9.46,9499,9130000,0.09,0.94,2.41,0.77
2013-07-17,9.60,9.52,9.69,9.50,6562,6290000,-0.10,-1.04,1.98,0.53
2013-07-18,9.41,9.52,9.59,9.37,7741,7360000,0.00,0.00,2.31,0.63
2013-07-19,9.53,9.48,9.72,9.48,12524,12040000,-0.04,-0.42,2.52,1.01
2013-07-22,10.40,9.95,10.41,9.71,31705,31730000,0.47,4.96,7.38,2.56
2013-07-23,9.95,10.04,10.06,9.76,21714,21540000,0.09,0.90,3.02,1.75
2013-07-24,9.95,9.96,10.02,9.83,18610,18430000,-0.08,-0.80,1.89,1.50
2013-07-25,9.95,9.65,9.97,9.55,14883,14500000,-0.31,-3.11,4.22,1.20
2013-07-26,9.73,9.66,9.76,9.47,7111,6870000,0.01,0.10,3.01,0.57
2013-07-29,9.64,9.72,9.77,9.50,7071,6850000,0.06,0.62,2.80,0.57
2013-07-30,9.55,9.49,9.75,9.33,14287,13530000,-0.23,-2.37,4.32,1.15
2013-07-31,9.52,9.50,9.58,9.49,6880,6560000,0.01,0.11,0.95,0.56
2013-08-01,9.57,9.83,9.88,9.50,14234,13870000,0.33,3.47,4.00,1.15
2013-08-02,9.84,9.97,10.07,9.84,16816,16800000,0.14,1.42,2.34,1.36
2013-08-05,10.00,10.03,10.06,9.92,11476,11490000,0.06,0.60,1.40,0.93
2013-08-06,10.01,10.78,10.98,10.00,85063,91100000,0.75,7.48,9.77,6.87
2013-08-07,10.65,10.42,10.74,10.41,45341,47720000,-0.36,-3.34,3.06,3.66
2013-08-08,10.41,10.43,10.58,10.34,17029,17820000,0.01,0.10,2.30,1.38
2013-08-09,10.45,10.43,10.66,10.33,17658,18510000,0.00,0.00,3.16,1.43
2013-08-12,10.50,10.62,10.68,10.36,24887,26200000,0.19,1.82,3.07,2.01
2013-08-13,10.59,10.55,10.60,10.50,13689,14440000,-0.07,-0.66,0.94,1.11
2013-08-14,10.60,10.55,10.73,10.50,23077,24520000,0.00,0.00,2.18,1.86
2013-08-15,10.60,10.37,10.66,10.33,16563,17420000,-0.18,-1.71,3.13,1.34
2013-08-16,10.35,10.11,10.48,10.11,17975,18420000,-0.26,-2.51,3.57,1.45
2013-08-19,10.07,10.24,10.27,9.99,9392,9570000,0.13,1.29,2.77,0.76
2013-08-20,10.24,10.32,10.38,10.14,8523,8760000,0.08,0.78,2.34,0.69
2013-08-21,10.32,10.38,10.40,10.20,7635,7880000,0.06,0.58,1.94,0.62
2013-08-22,10.36,10.46,10.52,10.28,14059,14640000,0.08,0.77,2.31,1.14
2013-08-23,10.45,10.28,10.54,10.10,13356,13790000,-0.18,-1.72,4.21,1.08
2013-08-26,10.34,10.43,10.46,10.28,10280,10680000,0.15,1.46,1.75,0.83
2013-08-27,10.43,10.53,10.56,10.42,12279,12880000,0.10,0.96,1.34,0.99
2013-08-28,10.50,10.37,10.53,10.30,12401,12870000,-0.16,-1.52,2.18,1.00
2013-08-29,10.40,10.42,10.50,10.33,8986,9350000,0.05,0.48,1.64,0.73
2013-08-30,10.37,10.05,10.48,9.98,16806,17130000,-0.37,-3.55,4.80,1.36
2013-09-02,10.09,10.17,10.17,9.99,7424,7490000,0.12,1.19,1.79,0.60
2013-09-03,10.18,10.34,10.36,10.18,8921,9190000,0.17,1.67,1.77,0.72
2013-09-04,10.26,10.35,10.43,10.24,6586,6790000,0.01,0.10,1.84,0.53
2013-09-05,10.42,10.30,10.42,10.19,8885,9110000,-0.05,-0.48,2.22,0.72
2013-09-06,10.30,10.28,10.32,10.17,8256,8460000,-0.02,-0.19,1.46,0.67
2013-09-09,10.35,10.48,10.53,10.27,20333,21200000,0.20,1.95,2.53,1.64
2013-09-10,10.49,10.47,10.55,10.41,16434,17220000,-0.01,-0.10,1.34,1.33
2013-09-11,10.51,10.51,10.68,10.43,15374,16210000,0.04,0.38,2.39,1.24
2013-09-12,10.58,10.48,10.58,10.40,11953,12540000,-0.03,-0.29,1.71,0.97
2013-09-13,10.45,10.60,10.71,10.45,15445,16370000,0.12,1.15,2.48,1.25
2013-09-16,10.57,10.74,10.83,10.57,20193,21750000,0.14,1.32,2.45,1.63
2013-09-17,10.80,10.45,10.81,10.43,15621,16650000,-0.29,-2.70,3.54,1.26
2013-09-18,10.45,10.35,10.48,10.21,12789,13210000,-0.10,-0.96,2.58,1.03
2013-09-23,10.45,10.57,10.58,10.35,9996,10480000,0.22,2.13,2.22,0.81
2013-09-24,10.57,10.59,10.67,10.50,10618,11250000,0.02,0.19,1.61,0.86
2013-09-25,10.61,10.77,10.82,10.56,20952,22410000,0.18,1.70,2.46,1.69
2013-09-26,10.76,10.48,10.78,10.47,14631,15530000,-0.29,-2.69,2.88,1.18
2013-09-27,10.45,10.50,10.59,10.41,6792,7140000,0.02,0.19,1.72,0.55
2013-09-30,10.51,10.77,10.95,10.51,18141,19550000,0.27,2.57,4.19,1.47
2013-10-08,10.77,10.94,10.98,10.70,16759,18260000,0.17,1.58,2.60,1.35
2013-10-09,10.89,10.93,10.98,10.83,12222,13320000,-0.01,-0.09,1.37,0.99
2013-10-10,10.92,11.05,11.15,10.88,22080,24310000,0.12,1.10,2.47,1.78
2013-10-11,11.10,11.14,11.18,10.98,18015,20000000,0.09,0.81,1.81,1.46
2013-10-14,11.17,11.11,11.20,11.05,18791,20890000,-0.03,-0.27,1.35,1.52
2013-10-15,11.12,10.89,11.18,10.79,19095,20890000,-0.22,-1.98,3.51,1.54
2013-10-16,10.81,10.54,10.92,10.52,17220,18310000,-0.35,-3.21,3.67,1.39
2013-10-17,10.53,11.13,11.55,10.53,60577,68000000,0.59,5.60,9.68,4.89
2013-10-18,11.35,11.30,11.49,11.21,49250,55680000,0.17,1.53,2.52,3.98
2013-10-21,11.40,11.62,11.65,11.25,41919,48200000,0.32,2.83,3.54,3.39
2013-10-22,11.61,11.48,11.69,11.33,26170,30130000,-0.14,-1.20,3.10,2.11
2013-10-23,11.48,11.10,11.55,11.00,22887,25620000,-0.38,-3.31,4.79,1.85
2013-10-24,11.12,11.23,11.42,11.12,18029,20350000,0.13,1.17,2.70,1.46
2013-10-25,11.22,11.13,11.32,11.03,14447,16090000,-0.10,-0.89,2.58,1.17
2013-10-28,11.22,11.60,11.65,11.22,26517,30420000,0.47,4.22,3.86,2.14
2013-10-29,11.62,11.14,11.64,10.85,34159,38270000,-0.46,-3.97,6.81,2.76
2013-10-30,11.15,12.00,12.15,11.01,55776,65200000,0.86,7.72,10.23,4.51
2013-10-31,11.83,12.04,12.48,11.81,103952,127050000,0.04,0.33,5.58,8.40
2013-11-01,11.90,12.36,12.43,11.71,50103,60950000,0.32,2.66,5.98,4.05
2013-11-04,12.38,12.37,12.60,12.20,44508,55270000,0.01,0.08,3.24,3.60
2013-11-05,12.27,12.58,12.58,11.88,48209,58900000,0.21,1.70,5.66,3.89
2013-11-06,12.41,12.10,12.59,12.08,38100,46890000,-0.48,-3.82,4.05,3.08
2013-11-07,12.02,12.10,12.30,11.92,33023,40090000,0.00,0.00,3.14,2.67
2013-11-08,11.99,12.11,12.20,11.80,27337,32940000,0.01,0.08,3.31,2.21
2013-11-11,12.11,12.65,12.70,11.75,47301,58680000,0.54,4.46,7.84,3.82
2013-11-12,12.60,12.78,12.96,12.41,59151,75190000,0.13,1.03,4.35,4.78
2013-11-13,12.63,12.87,13.24,12.56,65793,85160000,0.09,0.70,5.32,5.31
2013-11-14,12.74,13.50,13.65,12.63,84849,112050000,0.63,4.90,7.93,6.85
2013-11-15,13.40,13.93,14.25,13.32,95721,131000000,0.43,3.19,6.89,7.73
2013-11-18,13.85,13.75,14.25,13.62,77031,106650000,-0.18,-1.29,4.52,6.22
2013-11-19,13.67,13.80,14.05,13.58,57692,79600000,0.05,0.36,3.42,4.66
2013-11-20,13.75,13.66,13.80,13.39,47259,64110000,-0.14,-1.01,2.97,3.82
2013-11-21,13.60,14.05,14.20,13.50,58153,80950000,0.39,2.86,5.12,4.70
2013-11-22,13.93,13.81,14.24,13.66,30987,43130000,-0.24,-1.71,4.13,2.50
2013-11-25,13.70,14.64,14.78,13.62,66253,95080000,0.83,6.01,8.40,5.35
2013-11-26,14.64,14.59,14.85,14.40,49620,72670000,-0.05,-0.34,3.07,4.01
2013-11-27,14.51,14.59,14.95,14.40,40182,58910000,0.00,0.00,3.77,3.25
2013-11-28,14.72,14.87,14.99,14.46,44003,64890000,0.28,1.92,3.63,3.55
2013-11-29,14.86,15.38,15.61,14.75,58792,89780000,0.51,3.43,5.78,4.75
2013-12-02,14.00,13.84,14.60,13.84,68993,96980000,-1.54,-10.01,4.94,5.57
2013-12-03,13.14,13.67,14.06,12.59,81390,108390000,-0.17,-1.23,10.62,6.57
2013-12-04,13.52,13.79,14.17,13.41,63641,88480000,0.12,0.88,5.56,5.14
2013-12-05,13.65,13.30,13.85,13.16,52596,70690000,-0.49,-3.55,5.00,4.25
2013-12-06,13.30,13.05,13.68,12.95,41924,55970000,-0.25,-1.88,5.49,3.39
2013-12-09,13.09,13.59,13.70,13.09,41749,56240000,0.54,4.14,4.67,3.37
2013-12-10,13.65,13.52,13.80,13.40,42163,57270000,-0.07,-0.52,2.94,3.41
2013-12-11,13.35,12.91,13.40,12.75,60810,79430000,-0.61,-4.51,4.81,4.91
2013-12-12,12.94,13.41,13.51,12.92,57430,76180000,0.50,3.87,4.57,4.64
2013-12-13,13.25,13.68,13.84,13.14,74802,101490000,0.27,2.01,5.22,6.04
2013-12-16,13.72,13.29,13.87,13.27,70737,96350000,-0.39,-2.85,4.39,5.71
2013-12-17,13.25,13.04,13.39,12.85,40643,52930000,-0.25,-1.88,4.06,3.28
2013-12-18,13.04,12.85,13.16,12.77,27777,35920000,-0.19,-1.46,2.99,2.24
2013-12-19,12.90,12.80,13.04,12.80,20775,26870000,-0.05,-0.39,1.87,1.68
2013-12-20,12.76,12.67,12.95,12.65,18619,23860000,-0.13,-1.02,2.34,1.50
2013-12-23,12.71,12.39,12.78,12.35,22870,28550000,-0.28,-2.21,3.39,1.85
2013-12-24,12.49,12.78,12.89,12.42,45795,58170000,0.39,3.15,3.79,3.70
2013-12-25,12.90,13.25,13.38,12.81,58984,77660000,0.47,3.68,4.46,4.76
2013-12-26,13.18,12.65,13.19,12.64,59552,76700000,-0.60,-4.53,4.15,4.81
2013-12-27,12.81,13.30,13.35,12.70,65672,86150000,0.65,5.14,5.14,5.31
2013-12-30,13.41,13.35,13.73,13.33,51962,70160000,0.05,0.38,3.01,4.20
2013-12-31,13.19,13.22,13.38,13.01,28073,37030000,-0.13,-0.97,2.77,2.27
2014-01-02,13.38,13.36,13.38,13.12,33006,43790000,0.14,1.06,1.97,2.67
2014-01-03,13.35,13.69,13.75,13.15,67923,91740000,0.33,2.47,4.49,5.49
2014-01-06,13.54,13.05,13.66,13.00,41173,54590000,-0.64,-4.67,4.82,3.33
2014-01-07,12.95,13.04,13.12,12.76,32965,42700000,-0.01,-0.08,2.76,2.66
2014-01-08,13.03,13.41,13.41,13.03,42184,55740000,0.37,2.84,2.91,3.41
2014-01-09,13.34,13.01,13.56,12.97,41279,54920000,-0.40,-2.98,4.40,3.33
2014-01-10,12.90,12.00,12.93,11.89,54279,67160000,-1.01,-7.76,7.99,4.38
2014-01-13,12.02,11.85,12.14,11.73,20512,24480000,-0.15,-1.25,3.42,1.66
2014-01-14,11.82,12.21,12.39,11.82,25546,31060000,0.36,3.04,4.81,2.06
2014-01-15,12.11,12.26,12.37,12.09,21813,26700000,0.05,0.41,2.29,1.76
2014-01-16,12.26,12.35,12.48,12.20,24457,30190000,0.09,0.73,2.28,1.98
2014-01-17,12.30,12.27,12.32,12.11,14606,17790000,-0.08,-0.65,1.70,1.18
2014-01-20,12.17,12.00,12.25,11.85,15700,18910000,-0.27,-2.20,3.26,1.27
2014-01-21,12.00,12.27,12.29,12.00,14027,17100000,0.27,2.25,2.42,1.13
2014-01-22,12.28,12.51,12.56,12.27,27305,33990000,0.24,1.96,2.36,2.21
2014-01-23,12.51,12.54,12.65,12.43,26110,32770000,0.03,0.24,1.76,2.11
2014-01-24,12.49,12.73,12.85,12.48,37558,47740000,0.19,1.52,2.95,3.03
2014-01-27,12.69,12.70,12.93,12.55,30296,38690000,-0.03,-0.24,2.99,2.45
2014-01-28,12.71,12.42,12.79,12.32,22144,27720000,-0.28,-2.20,3.70,1.79
2014-01-29,12.49,12.74,12.79,12.42,20116,25390000,0.32,2.58,2.98,1.63
2014-01-30,12.65,12.48,12.78,12.48,12495,15740000,-0.26,-2.04,2.35,1.01
2014-02-07,12.35,12.76,12.77,12.04,19634,24710000,0.28,2.24,5.85,1.59
2014-02-10,12.76,13.05,13.12,12.71,38956,50590000,0.29,2.27,3.21,3.15
2014-02-11,13.10,12.98,13.25,12.88,33458,43670000,-0.07,-0.54,2.84,2.70
2014-02-12,12.98,13.32,13.34,12.86,46243,60680000,0.34,2.62,3.70,3.74
2014-02-13,13.25,12.96,13.36,12.96,32430,42830000,-0.36,-2.70,3.00,2.62
2014-02-14,12.92,13.39,13.39,12.91,33036,43590000,0.43,3.32,3.70,2.67
2014-02-17,13.40,13.65,13.71,13.40,50507,68540000,0.26,1.94,2.32,4.08
2014-02-18,13.59,13.60,13.76,13.45,45589,61910000,-0.05,-0.37,2.27,3.68
2014-02-19,13.58,13.65,13.74,13.46,45918,62360000,0.05,0.37,2.06,3.71
2014-02-20,13.63,13.20,13.68,13.17,41182,54940000,-0.45,-3.30,3.74,3.33
2014-02-21,13.40,13.49,14.00,13.31,63347,86380000,0.29,2.20,5.23,5.12
2014-02-24,13.41,13.87,13.95,13.30,57895,79150000,0.38,2.82,4.82,4.68
2014-02-25,13.88,13.09,13.96,12.95,51308,69460000,-0.78,-5.62,7.28,4.14
2014-02-26,13.08,12.86,13.08,12.42,32537,41620000,-0.23,-1.76,5.04,2.63
2014-02-27,12.88,12.73,13.20,12.66,25900,33580000,-0.13,-1.01,4.20,2.09
2014-02-28,12.75,12.92,12.95,12.59,20191,25780000,0.19,1.49,2.83,1.63
2014-03-03,12.94,13.10,13.17,12.92,20286,26520000,0.18,1.39,1.94,1.64
2014-03-04,13.05,13.08,13.08,12.86,17796,23060000,-0.02,-0.15,1.68,1.44
2014-03-05,13.10,13.36,13.57,13.06,39049,52190000,0.28,2.14,3.90,3.15
2014-03-06,13.37,13.75,13.83,13.23,49129,66900000,0.39,2.92,4.49,3.97
2014-03-07,13.70,13.60,13.89,13.55,31230,42710000,-0.15,-1.09,2.47,2.52
2014-03-10,13.52,12.85,13.52,12.72,37251,48650000,-0.75,-5.51,5.88,3.01
2014-03-11,12.85,12.90,12.95,12.64,15960,20450000,0.05,0.39,2.41,1.29
2014-03-12,12.81,13.16,13.19,12.81,21383,27940000,0.26,2.02,2.95,1.73
2014-03-13,13.20,13.39,13.46,13.14,27941,37170000,0.23,1.75,2.43,2.26
2014-03-14,13.37,13.22,13.50,13.12,21464,28580000,-0.17,-1.27,2.84,1.73
2014-03-17,13.27,13.67,13.79,13.25,39258,53370000,0.45,3.40,4.08,3.17
2014-03-18,13.70,13.70,13.80,13.50,33888,46300000,0.03,0.22,2.19,2.74
2014-03-19,13.66,14.30,14.50,13.55,82487,116790000,0.60,4.38,6.93,6.66
2014-03-20,14.20,13.64,14.31,13.63,49360,69260000,-0.66,-4.62,4.76,3.99
2014-03-21,13.51,14.34,14.45,13.36,52928,73790000,0.70,5.13,7.99,4.28
2014-03-24,14.48,14.20,14.72,14.10,49644,71110000,-0.14,-0.98,4.32,4.01
2014-03-25,13.65,13.01,13.65,12.99,85661,113230000,-1.19,-8.38,4.65,6.92
2014-03-26,13.09,13.30,13.32,13.03,29359,38750000,0.29,2.23,2.23,2.37
2014-03-27,13.28,12.77,13.28,12.67,50365,64790000,-0.53,-3.99,4.59,4.07
2014-03-28,12.76,12.65,12.90,12.46,28488,35900000,-0.12,-0.94,3.45,2.30
2014-03-31,12.65,12.50,12.69,12.30,16105,20060000,-0.15,-1.19,3.08,1.30
2014-04-01,12.50,12.69,12.72,12.40,11647,14720000,0.19,1.52,2.56,0.94
2014-04-02,12.75,12.60,12.75,12.48,12923,16260000,-0.09,-0.71,2.13,1.04
2014-04-03,12.54,12.46,12.68,12.33,13776,17250000,-0.14,-1.11,2.78,1.11
2014-04-04,12.40,12.60,12.63,12.40,9199,11530000,0.14,1.12,1.85,0.74
2014-04-08,12.51,12.84,12.86,12.51,17948,22830000,0.24,1.90,2.78,1.45
2014-04-09,12.81,12.89,12.90,12.76,11665,14990000,0.05,0.39,1.09,0.94
2014-04-10,12.95,12.87,13.06,12.83,20814,26920000,-0.02,-0.16,1.78,1.68
2014-04-11,12.83,12.51,12.93,12.48,27146,34230000,-0.36,-2.80,3.50,2.19
2014-04-14,12.52,12.68,12.71,12.50,11820,14890000,0.17,1.36,1.68,0.95
2014-04-15,12.69,12.54,12.70,12.51,12161,15280000,-0.14,-1.10,1.50,0.98
2014-04-16,12.55,12.59,12.66,12.54,8798,11070000,0.05,0.40,0.96,0.71
2014-04-17,12.69,12.79,12.97,12.69,18413,23690000,0.20,1.59,2.22,1.49
2014-04-18,12.71,12.87,12.93,12.60,13844,17710000,0.08,0.63,2.58,1.12
2014-04-21,12.77,12.45,12.88,12.45,12421,15730000,-0.42,-3.26,3.34,1.00
2014-04-22,12.46,12.20,12.55,12.01,18885,23070000,-0.25,-2.01,4.34,1.53
2014-04-23,12.24,12.21,12.36,12.15,8505,10400000,0.01,0.08,1.72,0.69
2014-04-24,12.21,12.07,12.25,12.03,7326,8870000,-0.14,-1.15,1.80,0.59
2014-04-25,12.06,11.69,12.17,11.63,12894,15360000,-0.38,-3.15,4.47,1.04
2014-04-28,11.69,11.02,11.69,10.90,20553,22840000,-0.67,-5.73,6.76,1.66
2014-04-29,10.95,11.13,11.14,10.95,9874,10920000,0.11,1.00,1.72,0.80
2014-04-30,11.11,11.26,11.28,11.06,11131,12430000,0.13,1.17,1.98,0.90
2014-05-05,11.20,11.41,11.43,11.20,12454,14100000,0.15,1.33,2.04,1.01
2014-05-06,11.42,11.43,11.59,11.38,12355,14170000,0.02,0.18,1.84,1.00
2014-05-07,11.43,11.06,11.47,11.05,12010,13460000,-0.37,-3.24,3.67,0.97
2014-05-08,11.10,11.12,11.28,11.01,6203,6930000,0.06,0.54,2.44,0.50
2014-05-09,11.20,11.12,11.21,10.94,6599,7310000,0.00,0.00,2.43,0.53
2014-05-12,11.20,11.45,11.50,11.20,9772,11110000,0.33,2.97,2.70,0.79
2014-05-13,11.49,11.35,11.51,11.28,10488,11930000,-0.10,-0.87,2.01,0.85
2014-05-14,11.38,11.31,11.39,11.27,6311,7140000,-0.04,-0.35,1.06,0.51
2014-05-15,11.34,11.06,11.34,11.02,7681,8570000,-0.25,-2.21,2.83,0.62
2014-05-16,11.01,10.85,11.10,10.72,9975,10850000,-0.21,-1.90,3.44,0.81
2014-05-19,10.85,10.85,10.90,10.80,5882,6380000,0.00,0.00,0.92,0.48
2014-05-20,10.96,10.96,11.12,10.91,8442,9310000,0.11,1.01,1.94,0.68
2014-05-21,10.92,11.13,11.14,10.88,6884,7580000,0.17,1.55,2.37,0.56
2014-05-22,11.17,11.15,11.32,11.08,8323,9340000,0.02,0.18,2.16,0.67
2014-05-23,11.23,11.27,11.27,11.15,4757,5340000,0.12,1.08,1.08,0.38
2014-05-26,11.28,11.40,11.45,11.28,7610,8660000,0.13,1.15,1.51,0.61
2014-05-27,11.40,11.30,11.43,11.29,5374,6090000,-0.10,-0.88,1.23,0.43
2014-05-28,11.30,11.41,11.43,11.25,10249,11640000,0.11,0.97,1.59,0.83
2014-05-29,11.49,11.25,11.50,11.25,9154,10410000,-0.16,-1.40,2.19,0.74
2014-05-30,11.35,11.27,11.38,11.18,7774,8770000,0.02,0.18,1.78,0.63
2014-06-03,11.35,11.38,11.40,11.29,14103,16010000,0.11,0.98,0.98,1.14
2014-06-04,11.23,10.96,11.23,10.80,10909,11940000,-0.17,-1.53,3.86,0.88
2014-06-05,10.96,11.04,11.09,10.85,4117,4540000,0.08,0.73,2.19,0.33
2014-06-06,11.04,11.24,11.26,11.03,14013,15630000,0.20,1.81,2.08,1.13
2014-06-09,11.25,11.18,11.27,11.14,5044,5650000,-0.06,-0.53,1.16,0.41
2014-06-10,11.24,11.33,11.36,11.14,8886,10010000,0.15,1.34,1.97,0.72
2014-06-11,11.30,11.34,11.35,11.18,10634,11990000,0.01,0.09,1.50,0.86
2014-06-12,11.33,11.40,11.46,11.32,11137,12690000,0.06,0.53,1.23,0.90
2014-06-13,11.40,11.54,11.59,11.34,16547,19040000,0.14,1.23,2.19,1.34
2014-06-16,11.54,11.77,11.86,11.50,21981,25890000,0.23,1.99,3.12,1.78
2014-06-17,11.72,11.66,11.82,11.65,8572,10030000,-0.11,-0.93,1.44,0.69
2014-06-18,11.64,11.52,11.72,11.47,9170,10620000,-0.14,-1.20,2.14,0.74
2014-06-19,11.53,11.19,11.65,11.15,11236,12770000,-0.33,-2.86,4.34,0.91
2014-06-20,11.19,11.32,11.32,11.12,5837,6560000,0.13,1.16,1.79,0.47
2014-06-23,11.33,11.73,11.78,11.30,15625,18090000,0.41,3.62,4.24,1.26
2014-06-24,11.82,11.89,12.17,11.82,29001,34770000,0.16,1.36,2.98,2.34
2014-06-25,11.78,11.92,11.95,11.72,12511,14840000,0.03,0.25,1.93,1.01
2014-06-26,11.89,11.95,12.10,11.89,21201,25450000,0.03,0.25,1.76,1.71
2014-06-27,11.97,12.01,12.07,11.93,15346,18420000,0.06,0.50,1.17,1.24
2014-06-30,12.09,12.03,12.09,11.98,14751,17750000,0.02,0.17,0.92,1.19
2014-07-01,12.02,11.97,12.03,11.82,16847,20060000,-0.06,-0.50,1.75,1.36
2014-07-02,12.03,11.97,12.03,11.83,16444,19610000,0.00,0.00,1.67,1.33
2014-07-03,11.97,12.53,12.62,11.86,45032,55730000,0.56,4.68,6.35,3.64
2014-07-04,12.42,12.48,12.64,12.37,17384,21760000,-0.05,-0.40,2.15,1.40
2014-07-07,12.50,12.50,12.52,12.34,12343,15310000,0.02,0.16,1.44,1.00
2014-07-08,12.42,12.43,12.56,12.25,23154,28710000,-0.07,-0.56,2.48,1.87
2014-07-09,12.48,12.40,12.78,12.35,29380,36940000,-0.03,-0.24,3.46,2.37
2014-07-10,12.41,12.50,12.62,12.31,15308,19130000,0.10,0.81,2.50,1.24
2014-07-11,12.20,12.02,12.20,11.82,66083,78960000,-0.48,-3.84,3.04,5.34
2014-07-14,12.00,12.14,12.17,11.85,31598,37940000,0.12,1.00,2.66,2.55
2014-07-15,12.10,12.14,12.20,12.03,21042,25490000,0.00,0.00,1.40,1.70
2014-07-16,12.12,11.83,12.12,11.83,14921,17850000,-0.31,-2.55,2.39,1.21
2014-07-17,11.83,11.73,11.89,11.63,8988,10550000,-0.10,-0.85,2.20,0.73
2014-07-18,11.75,11.86,11.98,11.71,11305,13420000,0.13,1.11,2.30,0.91
2014-07-21,11.92,11.85,11.97,11.79,8706,10330000,-0.01,-0.08,1.52,0.70
2014-07-22,11.88,11.91,11.96,11.81,11392,13540000,0.06,0.51,1.27,0.92
2014-07-23,11.92,11.63,12.00,11.55,16777,19720000,-0.28,-2.35,3.78,1.36
2014-07-24,11.68,11.49,11.68,11.45,12746,14680000,-0.14,-1.20,1.98,1.03
2014-07-25,11.50,11.63,11.68,11.50,7943,9230000,0.14,1.22,1.57,0.64
2014-07-28,11.68,11.86,11.94,11.66,13079,15500000,0.23,1.98,2.41,1.06
2014-07-29,11.87,12.00,12.06,11.84,13272,15890000,0.14,1.18,1.86,1.07
2014-07-30,12.00,12.00,12.09,11.92,8763,10520000,0.00,0.00,1.42,0.71
2014-07-31,12.05,12.17,12.17,11.98,10328,12490000,0.17,1.42,1.58,0.83
2014-08-01,12.10,12.00,12.15,11.99,13033,15730000,-0.17,-1.40,1.31,1.05
2014-08-04,12.00,12.15,12.15,11.93,13464,16280000,0.15,1.25,1.83,1.09
2014-08-05,12.15,12.50,12.54,12.08,35181,43600000,0.35,2.88,3.79,2.84
2014-08-06,12.49,12.50,12.63,12.37,25799,32230000,0.00,0.00,2.08,2.08
2014-08-07,12.50,12.33,12.65,12.31,18043,22510000,-0.17,-1.36,2.72,1.46
2014-08-08,12.45,12.46,12.46,12.31,16849,20890000,0.13,1.05,1.22,1.36
2014-08-11,12.44,12.50,12.53,12.44,15527,19390000,0.04,0.32,0.72,1.25
2014-08-12,12.50,12.49,12.54,12.35,18350,22830000,-0.01,-0.08,1.52,1.48
2014-08-13,12.50,12.47,12.53,12.38,10837,13490000,-0.02,-0.16,1.20,0.88
2014-08-14,12.42,12.43,12.54,12.41,13678,17080000,-0.04,-0.32,1.04,1.10
2014-08-15,12.42,12.60,12.60,12.42,16998,21360000,0.17,1.37,1.45,1.37
2014-08-18,12.66,13.20,13.21,12.50,48462,62480000,0.60,4.76,5.63,3.91
2014-08-19,12.93,13.14,13.20,12.87,46619,60540000,-0.06,-0.45,2.50,3.77
2014-08-20,13.08,13.79,14.20,13.00,119768,164070000,0.65,4.95,9.13,9.67
2014-08-21,13.86,13.77,14.15,13.52,60977,83950000,-0.02,-0.15,4.57,4.93
2014-08-22,13.65,13.68,14.06,13.50,100774,138950000,-0.09,-0.65,4.07,8.14
2014-08-25,13.57,13.72,13.85,13.29,80204,109360000,0.04,0.29,4.09,6.48
2014-08-26,13.52,13.84,13.84,13.38,82593,112820000,0.12,0.87,3.35,6.67
2014-08-27,13.71,13.20,14.10,13.06,99746,136030000,-0.64,-4.62,7.51,8.06
2014-08-28,13.25,12.80,13.25,12.61,36924,47530000,-0.40,-3.03,4.85,2.98
2014-08-29,13.00,13.01,13.10,12.76,15616,20240000,0.21,1.64,2.66,1.26
2014-09-01,12.98,13.15,13.32,12.98,19439,25650000,0.14,1.08,2.61,1.57
2014-09-02,13.21,13.29,13.45,13.15,26686,35570000,0.14,1.06,2.28,2.16
2014-09-03,13.33,13.46,13.52,13.28,38430,51520000,0.17,1.28,1.81,3.10
2014-09-04,13.43,13.44,13.55,13.36,23015,30950000,-0.02,-0.15,1.41,1.86
2014-09-05,13.44,13.59,13.68,13.32,29373,39640000,0.15,1.12,2.68,2.37
2014-09-09,13.50,13.72,13.88,13.47,34341,46970000,0.13,0.96,3.02,2.77
2014-09-10,13.63,13.78,13.91,13.40,35279,48190000,0.06,0.44,3.72,2.85
2014-09-11,13.78,13.71,13.95,13.62,34534,47590000,-0.07,-0.51,2.39,2.79
2014-09-12,13.73,13.89,13.92,13.60,35597,49140000,0.18,1.31,2.33,2.88
2014-09-15,13.88,13.88,13.98,13.76,33186,45970000,-0.01,-0.07,1.58,2.68
2014-09-16,13.92,13.30,13.93,13.19,30213,41130000,-0.58,-4.18,5.33,2.44
2014-09-17,13.30,13.42,13.55,13.20,22421,29970000,0.12,0.90,2.63,1.81
2014-09-18,13.29,13.46,13.55,13.29,16689,22460000,0.04,0.30,1.94,1.35
2014-09-19,13.45,13.58,13.62,13.39,15348,20760000,0.12,0.89,1.71,1.24
2014-09-22,13.50,13.27,13.57,13.23,14057,18760000,-0.31,-2.28,2.50,1.14
2014-09-23,13.29,13.37,13.38,13.15,24957,33160000,0.10,0.75,1.73,2.02
2014-09-24,13.38,13.46,13.48,13.25,23483,31500000,0.09,0.67,1.72,1.90
2014-09-25,13.51,13.35,13.58,13.31,25490,34270000,-0.11,-0.82,2.01,2.06
2014-09-26,13.25,13.34,13.35,13.19,20456,27140000,-0.01,-0.07,1.20,1.65
2014-09-29,13.37,13.86,13.90,13.37,39706,53940000,0.52,3.90,3.97,3.21
2014-09-30,14.15,13.90,14.42,13.81,43483,61020000,0.04,0.29,4.40,3.51
2014-10-08,13.90,13.95,13.96,13.70,28205,39060000,0.05,0.36,1.87,2.28
2014-10-09,13.96,13.90,14.05,13.71,27586,38340000,-0.05,-0.36,2.44,2.23
2014-10-10,13.90,13.90,13.95,13.73,23443,32470000,0.00,0.00,1.58,1.89
2014-10-13,13.83,13.73,13.83,13.55,16698,22810000,-0.17,-1.22,2.01,1.35
2014-10-14,13.70,13.68,13.92,13.55,21987,30190000,-0.05,-0.36,2.69,1.78
2014-10-15,13.67,13.80,13.89,13.60,17492,24040000,0.12,0.88,2.12,1.41
2014-10-16,13.75,13.50,13.83,13.50,22406,30620000,-0.30,-2.17,2.39,1.81
2014-10-17,13.53,13.32,13.57,12.92,24362,32300000,-0.18,-1.33,4.81,1.97
2014-10-20,13.22,13.43,13.47,13.22,13869,18570000,0.11,0.83,1.88,1.12
2014-10-21,13.46,13.38,13.55,13.31,20661,27720000,-0.05,-0.37,1.79,1.67
2014-10-22,13.35,13.02,13.42,13.01,17574,23230000,-0.36,-2.69,3.06,1.42
2014-10-23,13.08,12.75,13.08,12.66,21236,27290000,-0.27,-2.07,3.23,1.72
2014-10-24,12.83,12.78,12.88,12.60,11426,14580000,0.03,0.24,2.20,0.92
2014-10-27,12.71,12.95,12.98,12.60,15068,19390000,0.17,1.33,2.97,1.22
2014-10-28,12.94,13.21,13.22,12.94,15354,20180000,0.26,2.01,2.16,1.24
2014-10-29,13.21,13.40,13.51,13.21,21261,28470000,0.19,1.44,2.27,1.72
2014-10-30,13.38,13.40,13.48,13.33,24076,32300000,0.00,0.00,1.12,1.94
2014-10-31,13.46,13.40,13.48,13.26,14960,19940000,0.00,0.00,1.64,1.20
2014-11-03,13.50,13.64,13.85,13.50,31923,43600000,0.24,1.79,2.61,2.57
2014-11-04,13.69,13.65,13.72,13.52,21286,29010000,0.01,0.07,1.47,1.71
2014-11-05,13.63,13.55,13.64,13.48,15233,20630000,-0.10,-0.73,1.17,1.22
2014-11-06,13.51,13.69,13.72,13.44,20602,28060000,0.14,1.03,2.07,1.66
2014-11-07,13.74,13.83,13.90,13.63,44967,61870000,0.14,1.02,1.97,3.62
2014-11-10,13.80,13.87,14.10,13.70,31412,43650000,0.04,0.29,2.89,2.53
2014-11-11,13.82,13.20,13.92,13.10,30130,40590000,-0.67,-4.83,5.91,2.42
2014-11-12,13.20,13.46,13.46,13.20,12909,17260000,0.26,1.97,1.97,1.04
2014-11-13,13.52,13.10,13.52,13.03,20544,27030000,-0.36,-2.67,3.64,1.65
2014-11-14,13.08,13.10,13.18,13.01,9277,12140000,0.00,0.00,1.30,0.75
2014-11-17,13.12,13.28,13.36,13.02,10239,13600000,0.18,1.37,2.60,0.82
2014-11-18,13.28,13.68,13.96,13.28,30614,41920000,0.40,3.01,5.12,2.46
2014-11-19,13.68,13.75,13.86,13.65,31876,43840000,0.07,0.51,1.54,2.56
2014-11-20,13.76,13.70,13.95,13.68,30886,42720000,-0.05,-0.36,1.96,2.48
2014-11-21,13.65,13.87,13.91,13.62,27066,37330000,0.17,1.24,2.12,2.18
2014-11-24,13.98,13.94,13.99,13.80,33729,46870000,0.07,0.50,1.37,2.71
2014-11-25,14.00,14.03,14.09,13.83,33484,46720000,0.09,0.65,1.87,2.69
2014-11-26,14.02,13.89,14.15,13.74,31234,43450000,-0.14,-1.00,2.92,2.51
2014-11-27,13.89,14.56,14.72,13.84,80957,116200000,0.67,4.82,6.34,6.51
2014-11-28,14.56,14.49,14.68,14.30,47921,69250000,-0.07,-0.48,2.61,3.85
2014-12-01,14.46,14.43,14.66,14.26,32474,46750000,-0.06,-0.41,2.76,2.61
2014-12-02,14.38,14.43,14.49,14.00,30806,44170000,0.00,0.00,3.40,2.48
2014-12-03,14.42,14.57,14.62,14.22,49091,70760000,0.14,0.97,2.77,3.95
2014-12-04,14.59,14.52,14.78,14.43,41236,60260000,-0.05,-0.34,2.40,3.32
2014-12-05,14.50,13.70,14.50,13.60,51200,71300000,-0.82,-5.65,6.20,4.12
2014-12-08,13.72,13.75,13.99,13.70,29293,40500000,0.05,0.37,2.12,2.36
2014-12-09,13.61,13.03,13.61,13.00,44354,58680000,-0.72,-5.24,4.44,3.57
2014-12-10,12.98,13.33,13.33,12.94,20269,26770000,0.30,2.30,2.99,1.63
2014-12-11,13.33,13.42,13.45,13.14,19534,26050000,0.09,0.68,2.33,1.57
2014-12-12,13.42,13.45,13.49,13.34,18751,25170000,0.03,0.22,1.12,1.51
2014-12-15,13.45,13.97,14.00,13.38,40299,55320000,0.52,3.87,4.61,3.24
2014-12-16,13.88,13.80,13.88,13.61,16130,22190000,-0.17,-1.22,1.93,1.30
2014-12-17,13.79,13.59,13.80,13.40,13183,17930000,-0.21,-1.52,2.90,1.06
2014-12-18,13.59,13.59,13.64,13.48,9058,12290000,0.00,0.00,1.18,0.73
2014-12-19,13.52,13.20,13.52,12.94,21410,28260000,-0.39,-2.87,4.27,1.72
2014-12-22,13.13,12.40,13.13,12.21,26505,33290000,-0.80,-6.06,6.97,2.13
2014-12-23,12.40,12.38,12.58,12.27,12821,15960000,-0.02,-0.16,2.50,1.03
2014-12-24,12.50,12.53,12.65,12.41,16986,21260000,0.15,1.21,1.94,1.37
2014-12-25,12.61,12.61,12.80,12.54,16573,20940000,0.08,0.64,2.08,1.33
2014-12-26,12.59,12.74,12.78,12.50,14617,18460000,0.13,1.03,2.22,1.18
2014-12-29,12.68,12.48,12.74,12.38,16527,20850000,-0.26,-2.04,2.83,1.33
2014-12-30,12.42,12.52,12.57,12.40,10521,13120000,0.04,0.32,1.36,0.85
2014-12-31,12.50,12.67,12.70,12.33,15704,19570000,0.15,1.20,2.96,1.26
2015-01-05,12.64,12.74,12.85,12.41,14567,18430000,0.07,0.55,3.47,1.17
2015-01-06,12.72,13.00,13.02,12.53,22382,28660000,0.26,2.04,3.85,1.80
2015-01-07,13.00,12.84,13.13,12.79,12945,16740000,-0.16,-1.23,2.62,1.04
2015-01-08,12.85,12.65,12.88,12.63,10589,13520000,-0.19,-1.48,1.95,0.85
2015-01-09,12.66,12.62,12.78,12.60,10543,13370000,-0.03,-0.24,1.42,0.85
2015-01-12,12.58,12.22,12.58,12.03,14010,17310000,-0.40,-3.17,4.36,1.13
2015-01-13,12.16,12.35,12.37,12.15,8133,10000000,0.13,1.06,1.80,0.65
2015-01-14,12.34,12.38,12.50,12.31,6549,8120000,0.03,0.24,1.54,0.53
2015-01-15,12.38,12.45,12.48,12.37,7358,9150000,0.07,0.57,0.89,0.59
2015-01-16,12.50,12.45,12.54,12.40,11212,13970000,0.00,0.00,1.12,0.90
2015-01-19,12.30,12.25,12.63,12.00,18628,22920000,-0.20,-1.61,5.06,1.50
2015-01-20,12.25,12.66,12.67,12.25,17868,22440000,0.41,3.35,3.43,1.44
2015-01-21,12.68,12.86,12.97,12.61,20708,26660000,0.20,1.58,2.84,1.67
2015-01-22,12.95,13.06,13.13,12.95,19371,25270000,0.20,1.56,1.40,1.56
2015-01-23,13.10,12.83,13.14,12.80,13554,17600000,-0.23,-1.76,2.60,1.09
2015-01-26,12.84,13.04,13.05,12.80,17939,23180000,0.21,1.64,1.95,1.44
2015-01-27,13.04,13.08,13.15,12.80,15739,20520000,0.04,0.31,2.68,1.27
2015-01-28,13.10,13.10,13.17,13.03,22475,29470000,0.02,0.15,1.07,1.81
2015-01-29,13.10,13.27,13.29,13.01,19667,25920000,0.17,1.30,2.14,1.58
2015-01-30,13.21,13.05,13.29,12.96,12242,16050000,-0.22,-1.66,2.49,0.98
2015-02-02,13.03,13.14,13.24,12.78,9721,12720000,0.09,0.69,3.52,0.78
2015-02-03,13.18,13.25,13.35,13.16,13428,17800000,0.11,0.84,1.45,1.08
2015-02-04,13.26,13.11,13.27,13.07,9852,12970000,-0.14,-1.06,1.51,0.79
2015-02-05,13.28,12.85,13.29,12.81,14951,19450000,-0.26,-1.98,3.66,1.20
2015-02-06,12.90,12.65,12.90,12.50,11089,14140000,-0.20,-1.56,3.11,0.89
2015-02-09,12.61,12.91,13.27,12.60,15808,20520000,0.26,2.06,5.30,1.27
2015-02-10,12.93,12.91,12.97,12.81,7623,9810000,0.00,0.00,1.24,0.61
2015-02-11,12.83,12.95,13.02,12.80,9268,11980000,0.04,0.31,1.70,0.75
2015-02-12,12.90,13.21,13.32,12.90,16424,21590000,0.26,2.01,3.24,1.32
2015-02-13,13.29,13.27,13.35,13.21,16266,21620000,0.06,0.45,1.06,1.31
2015-02-16,13.40,14.01,14.08,13.28,34600,47580000,0.74,5.58,6.03,2.78
2015-02-17,13.95,14.03,14.07,13.71,23613,33020000,0.02,0.14,2.57,1.90
2015-02-25,14.03,13.75,14.06,13.72,25661,35450000,-0.28,-2.00,2.42,2.06
2015-02-26,13.75,13.67,13.79,13.55,20808,28360000,-0.08,-0.58,1.75,1.67
2015-02-27,13.69,13.75,13.77,13.63,19380,26580000,0.08,0.59,1.02,1.56
2015-03-02,13.80,13.84,13.89,13.71,27282,37610000,0.09,0.65,1.31,2.19
2015-03-03,13.85,13.86,13.93,13.68,24332,33560000,0.02,0.14,1.81,1.96
2015-03-04,13.85,14.09,14.16,13.75,36052,50500000,0.23,1.66,2.96,2.90
2015-03-05,14.10,14.30,14.45,14.03,39501,56250000,0.21,1.49,2.98,3.18
2015-03-06,14.30,14.10,14.47,14.04,29032,41260000,-0.20,-1.40,3.01,2.33
2015-03-09,14.15,14.39,14.48,14.03,27445,39270000,0.29,2.06,3.19,2.21
2015-03-10,14.41,14.61,14.83,14.37,29263,42960000,0.22,1.53,3.20,2.35
2015-03-11,14.55,14.42,14.63,14.32,22520,32460000,-0.19,-1.30,2.12,1.81
2015-03-12,14.42,14.69,15.19,14.40,37760,55930000,0.27,1.87,5.48,3.04
2015-03-13,14.78,14.92,15.15,14.78,24041,35960000,0.23,1.57,2.52,1.93
2015-03-16,14.94,15.51,15.68,14.93,46188,71120000,0.59,3.95,5.03,3.71
2015-03-17,15.66,15.80,15.91,15.30,45701,71580000,0.29,1.87,3.93,3.67
2015-03-18,15.79,16.48,16.70,15.79,55874,91210000,0.68,4.30,5.76,4.49
2015-03-19,16.39,16.70,16.96,16.06,40351,66630000,0.22,1.34,5.46,3.24
2015-03-20,16.79,16.60,16.79,16.50,25121,41710000,-0.10,-0.60,1.74,2.02
2015-03-23,16.65,17.68,17.99,16.64,45950,80040000,1.08,6.51,8.13,3.69
2015-03-24,17.85,18.00,18.23,17.00,48441,85920000,0.32,1.81,6.96,3.90
2015-03-25,17.00,17.25,17.60,16.40,206818,349050000,-0.75,-4.17,6.67,16.63
2015-03-26,16.68,16.22,16.68,16.20,118792,195000000,-1.03,-5.97,2.78,9.55
2015-03-27,16.06,16.35,16.52,16.06,60848,99460000,0.13,0.80,2.84,4.89
2015-03-30,16.37,16.23,16.38,16.19,58285,94690000,-0.12,-0.73,1.16,4.69
2015-03-31,16.26,16.21,16.26,16.00,70989,114400000,-0.02,-0.12,1.60,5.71
2015-04-01,16.24,16.60,16.62,16.21,76282,125290000,0.39,2.41,2.53,6.13
2015-04-02,16.60,16.83,16.84,16.51,84930,141810000,0.23,1.39,1.99,6.83
2015-04-03,16.70,17.12,17.15,16.56,88157,148860000,0.29,1.72,3.51,7.09
2015-04-07,17.20,17.19,17.24,17.03,87838,150650000,0.07,0.41,1.23,7.06
2015-04-08,17.20,16.67,17.25,16.52,73375,123320000,-0.52,-3.03,4.25,5.90
2015-04-09,16.65,17.34,17.38,15.65,114564,193310000,0.67,4.02,10.38,9.21
2015-04-10,17.27,17.51,17.58,17.12,78040,135760000,0.17,0.98,2.65,6.28
2015-04-13,17.47,17.69,17.99,17.38,75531,133660000,0.18,1.03,3.48,6.07
2015-04-14,17.70,17.31,17.74,17.21,48359,84260000,-0.38,-2.15,3.00,3.89
2015-04-15,17.03,16.56,17.56,16.53,43881,74480000,-0.75,-4.33,5.95,3.53
2015-04-16,16.51,16.83,16.88,16.09,36209,59820000,0.27,1.63,4.77,2.91
2015-04-17,16.72,16.67,16.90,16.40,46807,77890000,-0.16,-0.95,2.97,3.76
2015-04-20,16.30,15.89,16.30,15.71,59619,95560000,-0.78,-4.68,3.54,4.79
2015-04-21,15.85,16.19,16.23,15.72,38122,61130000,0.30,1.89,3.21,3.07
2015-04-22,16.37,16.58,16.63,16.21,46334,76210000,0.39,2.41,2.59,3.73
2015-04-23,16.51,16.40,16.54,16.22,47931,78540000,-0.18,-1.09,1.93,3.85
2015-04-24,16.30,16.11,16.45,15.70,72151,115430000,-0.29,-1.77,4.57,5.80
2015-04-27,16.12,17.72,17.72,16.12,141273,242400000,1.61,9.99,9.93,11.36
2015-04-28,17.61,18.48,18.80,17.02,155647,279330000,0.76,4.29,10.05,12.52
2015-04-29,18.38,18.77,19.15,17.92,97792,182530000,0.29,1.57,6.66,7.86
2015-04-30,18.50,18.21,18.80,18.17,53586,98730000,-0.56,-2.98,3.36,4.31
2015-05-04,18.22,17.71,18.25,17.25,57534,101590000,-0.50,-2.75,5.49,4.63
2015-05-05,17.60,17.07,17.98,17.04,48314,84630000,-0.64,-3.61,5.31,3.88
2015-05-06,17.01,16.30,17.50,16.16,45421,77240000,-0.77,-4.51,7.85,3.65
2015-05-07,16.26,16.42,16.57,15.98,31140,50660000,0.12,0.74,3.62,1.29
2015-05-08,16.45,18.00,18.06,16.45,61359,106110000,1.58,9.62,9.81,2.55
2015-05-11,18.05,18.21,18.48,17.80,61823,112110000,0.21,1.17,3.78,2.57
2015-05-12,18.30,18.34,18.39,17.80,60310,109340000,0.13,0.71,3.24,2.51
2015-05-13,18.42,18.07,19.65,18.00,122578,230560000,-0.27,-1.47,9.00,5.10
2015-05-14,18.13,18.60,19.38,18.10,98937,185750000,0.53,2.93,7.08,4.11
2015-05-15,18.40,18.42,18.66,17.67,57441,104510000,-0.18,-0.97,5.32,2.39
2015-05-18,18.65,19.46,19.59,18.65,104098,199820000,1.04,5.65,5.10,4.33
2015-05-19,19.50,19.32,19.65,18.51,70893,135360000,0.01,0.05,5.90,2.95
2015-05-20,19.00,21.25,21.25,19.00,80556,166350000,1.93,9.99,11.65,3.35
2015-05-21,22.00,23.38,23.38,21.81,98769,225910000,2.13,10.02,7.39,4.11
2015-06-16,25.72,25.72,25.72,25.72,10243,26340000,2.34,10.01,0.00,0.43
2015-06-17,25.72,26.10,26.10,23.15,145678,361490000,0.38,1.48,11.47,6.06
2015-06-18,25.15,27.12,28.71,24.25,126818,343750000,1.02,3.91,17.09,5.27
2015-06-19,25.78,24.65,28.46,24.65,92892,245700000,-2.47,-9.11,14.05,3.86
2015-06-23,23.60,24.01,25.62,23.01,65773,157970000,-0.64,-2.60,10.59,2.73
2015-06-24,24.60,24.62,25.45,23.91,58213,144400000,0.61,2.54,6.41,2.42
2015-06-25,24.85,22.35,25.45,22.16,105661,254020000,-2.27,-9.22,13.36,4.39
2015-06-26,21.49,20.12,21.49,20.12,58548,118990000,-2.23,-9.98,6.13,2.43
2015-06-29,20.12,18.11,20.40,18.11,74576,138400000,-2.01,-9.99,11.38,3.10
2015-06-30,17.10,18.18,18.84,16.30,87569,150890000,0.07,0.39,14.03,3.64
2015-07-01,17.73,17.01,19.29,17.00,86739,158570000,-1.17,-6.44,12.60,3.61
2015-07-02,17.00,15.32,17.46,15.31,81539,130210000,-1.69,-9.94,12.64,3.39
2015-07-03,14.90,13.87,15.75,13.79,58960,84680000,-1.45,-9.46,12.79,2.45
2015-07-06,15.26,13.59,15.26,13.02,34993,50950000,-0.28,-2.02,16.15,1.45
2015-07-14,14.95,14.95,14.95,14.95,742,1110000,1.36,10.01,0.00,0.03
2015-07-15,16.45,15.00,16.45,13.85,131060,205820000,0.05,0.33,17.39,5.45
2015-07-16,15.00,15.23,15.75,14.25,82454,125430000,0.23,1.53,10.00,3.43
2015-07-17,15.23,16.26,16.60,15.23,69887,111350000,1.03,6.76,9.00,2.91
2015-07-20,16.15,16.69,16.88,15.90,74739,122660000,0.43,2.64,6.03,3.11
2015-07-21,16.50,16.99,17.37,15.80,93598,156090000,0.30,1.80,9.41,3.89
2015-07-22,17.00,16.85,17.19,16.31,56447,94550000,-0.14,-0.82,5.18,2.35
2015-07-23,16.80,17.46,17.80,16.62,70225,121370000,0.61,3.62,7.00,2.92
2015-07-24,17.69,17.35,18.17,16.00,76679,135560000,-0.11,-0.63,12.43,3.19
2015-07-27,16.50,15.62,17.34,15.62,64419,105210000,-1.73,-9.97,9.91,2.68
2015-07-28,14.82,15.22,16.39,14.08,67447,101720000,-0.40,-2.56,14.79,2.80
2015-07-29,15.75,16.11,16.14,14.98,40255,62460000,0.89,5.85,7.62,1.67
2015-07-30,16.00,15.79,16.16,15.60,30856,49210000,-0.32,-1.99,3.48,1.28
2015-07-31,15.53,15.91,16.49,15.39,36841,58760000,0.12,0.76,6.97,1.53
2015-08-03,15.80,15.28,15.80,14.64,35046,53140000,-0.63,-3.96,7.29,1.46
2015-08-04,15.08,16.55,16.78,14.90,77892,121720000,1.27,8.31,12.30,3.24
2015-08-05,16.03,15.96,16.88,15.91,60634,98720000,-0.59,-3.57,5.86,2.52
2015-08-06,15.52,15.45,16.08,15.00,44018,68870000,-0.51,-3.20,6.77,1.83
2015-08-07,15.59,15.95,15.98,15.48,50865,80210000,0.50,3.24,3.24,2.11
2015-08-10,16.07,16.67,16.85,15.90,89018,146230000,0.72,4.51,5.96,3.70
2015-08-11,16.80,16.99,17.29,16.45,117123,198230000,0.32,1.92,5.04,4.87
2015-08-12,16.85,16.80,17.49,16.72,95847,164320000,-0.19,-1.12,4.53,3.98
2015-08-13,16.78,17.11,17.18,16.27,70807,118360000,0.31,1.85,5.42,2.94
2015-08-14,17.08,17.50,17.89,17.06,113785,199240000,0.39,2.28,4.85,4.73
2015-08-17,17.00,19.24,19.25,16.88,161159,300470000,1.74,9.94,13.54,6.70
2015-08-18,19.00,17.50,19.10,17.50,167341,308150000,-1.74,-9.04,8.32,6.96
2015-08-19,16.90,18.69,18.88,16.03,128065,220850000,1.19,6.80,16.29,5.32
2015-08-20,18.24,19.17,19.99,18.18,129672,247930000,0.48,2.57,9.68,5.39
2015-08-21,18.69,17.25,19.17,17.25,82693,148480000,-1.92,-10.02,10.02,3.44
2015-08-24,15.95,15.53,15.95,15.53,39413,61370000,-1.72,-9.97,2.43,1.64
2015-08-25,13.98,13.98,14.30,13.98,59801,83810000,-1.55,-9.98,2.06,2.49
2015-08-26,14.00,12.58,14.19,12.58,93726,122380000,-1.40,-10.01,11.52,3.90
2015-08-27,12.80,13.15,13.30,12.31,65004,83910000,0.57,4.53,7.87,2.70
2015-08-28,13.38,13.98,14.23,13.29,38604,52830000,0.83,6.31,7.15,1.60
2015-08-31,13.72,12.75,13.78,12.63,43647,58440000,-1.23,-8.80,8.23,1.81
2015-09-01,12.71,11.62,12.91,11.51,55918,67390000,-1.13,-8.86,10.98,2.32
2015-09-02,11.10,11.04,12.00,10.68,31783,36040000,-0.58,-4.99,11.36,1.32
2015-09-07,11.22,11.38,11.85,11.22,21586,24990000,0.34,3.08,5.71,0.90
2015-09-08,11.48,12.17,12.26,11.38,22338,26360000,0.79,6.94,7.73,0.93
2015-09-09,12.38,12.83,13.29,12.00,42916,54490000,0.66,5.42,10.60,1.78
2015-09-10,12.50,12.76,13.11,12.30,25518,32790000,-0.07,-0.55,6.31,1.06
2015-09-11,12.65,12.88,13.00,12.65,17247,22100000,0.12,0.94,2.74,0.72
2015-09-14,12.92,12.69,13.12,11.96,44125,54340000,-0.19,-1.48,9.01,1.83
2015-09-15,12.60,12.71,13.67,12.30,76821,100440000,0.02,0.16,10.80,3.19
2015-09-16,12.43,13.73,13.90,11.45,54708,69170000,1.02,8.03,19.28,2.27
2015-09-17,13.46,12.90,13.71,12.80,44770,59430000,-0.83,-6.05,6.63,1.86
2015-09-18,12.79,12.53,12.99,12.40,23573,29700000,-0.37,-2.87,4.57,0.98
2015-09-21,12.43,12.86,12.94,12.14,30062,38170000,0.33,2.63,6.38,1.25
2015-09-22,12.84,12.85,12.97,12.55,30185,38630000,-0.01,-0.08,3.27,1.25
2015-09-23,12.60,12.55,12.81,12.45,18429,23260000,-0.30,-2.33,2.80,0.77
2015-09-24,12.60,12.75,12.88,12.55,17189,21870000,0.20,1.59,2.63,0.71
2015-09-25,12.75,12.10,12.84,12.01,15538,19300000,-0.65,-5.10,6.51,0.65
2015-09-28,12.10,12.58,12.80,12.00,18690,23270000,0.48,3.97,6.61,0.78
2015-09-29,12.30,12.32,12.45,12.10,9949,12270000,-0.26,-2.07,2.78,0.41
2015-09-30,12.39,13.06,13.38,12.39,40234,52190000,0.74,6.01,8.04,1.67
2015-10-08,13.50,13.60,13.66,13.10,35064,47280000,0.54,4.13,4.29,1.46
2015-10-09,13.41,13.96,14.28,13.41,36589,50740000,0.36,2.65,6.40,1.52
2015-10-12,14.07,14.36,14.57,13.89,37905,54190000,0.40,2.87,4.87,1.58
2015-10-13,14.16,15.13,15.75,14.13,44644,66980000,0.77,5.36,11.28,1.86
2015-10-14,14.80,14.45,14.93,14.36,44281,64580000,-0.68,-4.49,3.77,1.84
2015-10-15,14.30,14.93,15.01,14.08,38714,56850000,0.48,3.32,6.44,1.61
2015-10-16,14.88,15.08,15.23,14.70,37110,55790000,0.15,1.00,3.55,1.54
2015-10-19,15.08,14.46,15.30,14.20,36023,52710000,-0.62,-4.11,7.29,1.50
2015-10-20,14.38,14.90,15.00,14.35,38845,57370000,0.44,3.04,4.50,1.61
2015-10-21,15.00,14.36,15.50,14.02,45641,67980000,-0.54,-3.62,9.93,1.90
2015-10-22,14.30,15.80,15.80,14.30,67242,103600000,1.44,10.03,10.45,2.80
2015-10-23,16.00,16.38,16.79,15.50,59329,95070000,0.58,3.67,8.16,2.47
2015-10-26,16.38,16.09,16.38,15.59,61190,97250000,-0.29,-1.77,4.82,2.54
2015-10-27,15.88,16.03,16.24,15.25,33346,52790000,-0.06,-0.37,6.15,1.39
2015-10-28,15.99,15.95,16.55,15.73,37369,60560000,-0.08,-0.50,5.12,1.55
2015-10-29,15.97,16.20,16.38,15.60,22713,36470000,0.25,1.57,4.89,0.94
2015-10-30,16.16,16.38,16.47,15.81,28484,46280000,0.18,1.11,4.07,1.18
2015-11-02,15.75,16.32,17.18,15.70,32325,53780000,-0.06,-0.37,9.04,1.34
2015-11-03,16.12,16.62,16.80,16.12,21651,35770000,0.30,1.84,4.17,0.90
2015-11-04,16.60,17.21,17.24,16.60,40115,68500000,0.59,3.55,3.85,1.67
2015-11-05,17.30,16.44,17.30,16.30,51804,86610000,-0.77,-4.47,5.81,2.15
2015-11-06,16.45,16.44,16.84,16.29,41077,67950000,0.00,0.00,3.35,1.71
2015-11-09,16.44,16.37,16.62,15.85,39107,63560000,-0.07,-0.43,4.68,1.63
2015-11-10,16.29,16.37,16.63,16.00,40506,66190000,0.00,0.00,3.85,1.68
2015-11-11,16.20,16.75,16.85,16.10,47932,78860000,0.38,2.32,4.58,1.99
2015-11-12,16.79,16.39,16.79,16.12,45987,75400000,-0.36,-2.15,4.00,1.91
2015-11-13,16.18,15.85,16.28,15.70,49657,79100000,-0.54,-3.29,3.54,2.06
2015-11-16,15.78,15.92,15.94,15.50,58136,91560000,0.07,0.44,2.78,2.42
2015-11-17,15.97,15.60,16.33,15.55,78146,125130000,-0.32,-2.01,4.90,3.25
2015-11-18,15.71,15.62,16.08,15.61,37766,59790000,0.02,0.13,3.01,1.57
2015-11-19,15.77,16.00,16.01,15.64,27966,44340000,0.38,2.43,2.37,1.16
2015-11-20,16.00,16.15,16.36,15.81,52685,84760000,0.15,0.94,3.44,2.19
2015-11-23,16.20,16.31,16.99,16.00,130266,214080000,0.16,0.99,6.13,5.41
2015-11-24,16.26,17.15,17.30,16.26,109464,184210000,0.84,5.15,6.38,4.55
2015-11-25,16.98,18.10,18.36,16.91,146830,259380000,0.95,5.54,8.45,6.10
2015-11-26,17.95,17.73,18.62,17.66,85629,156330000,-0.37,-2.04,5.30,3.56
2015-11-27,17.80,16.10,17.90,15.96,55951,94380000,-1.63,-9.19,10.94,2.33
2015-11-30,16.20,15.58,16.28,14.71,49373,76550000,-0.52,-3.23,9.75,2.05
2015-12-01,15.58,15.70,16.08,15.42,42995,67290000,0.12,0.77,4.24,1.79
2015-12-02,15.65,15.21,15.83,15.00,41966,63990000,-0.49,-3.12,5.29,1.74
2015-12-03,15.25,15.76,15.79,15.17,37018,57700000,0.55,3.62,4.08,1.54
2015-12-04,15.73,16.14,16.34,15.67,37686,60680000,0.38,2.41,4.25,1.57
2015-12-07,16.16,16.64,16.76,16.00,41402,68290000,0.50,3.10,4.71,1.72
2015-12-08,16.61,16.16,17.30,16.05,52802,88410000,-0.48,-2.88,7.51,2.19
2015-12-09,16.08,16.61,16.64,15.90,36430,59490000,0.45,2.78,4.58,1.51
2015-12-10,16.58,16.39,16.92,16.35,27197,45030000,-0.22,-1.32,3.43,1.13
2015-12-11,16.30,16.23,16.55,16.16,20208,33020000,-0.16,-0.98,2.38,0.84
2015-12-14,16.15,17.20,17.20,16.09,46224,77220000,0.97,5.98,6.84,1.92
2015-12-15,17.11,17.39,17.86,16.81,45138,78870000,0.19,1.10,6.10,1.88
2015-12-16,17.43,17.30,17.73,17.01,45511,79260000,-0.09,-0.52,4.14,1.89
2015-12-17,17.35,18.01,18.08,17.35,60378,107440000,0.71,4.10,4.22,2.51
2015-12-18,17.86,18.13,18.19,17.53,41021,73220000,0.12,0.67,3.66,1.71
2015-12-21,18.30,18.26,19.10,18.12,65380,120710000,0.13,0.72,5.41,2.72
2015-12-22,18.16,18.47,18.63,17.65,42215,76620000,0.21,1.15,5.37,1.75
2015-12-23,18.40,18.70,19.06,18.21,53943,101110000,0.23,1.25,4.60,2.24
2015-12-24,18.48,18.20,18.75,18.01,31192,56930000,-0.50,-2.67,3.96,1.30
2015-12-25,18.26,18.29,18.39,17.95,23541,42780000,0.09,0.49,2.42,0.98
2015-12-28,18.36,18.64,19.37,18.29,77621,146320000,0.35,1.91,5.90,3.23
2015-12-29,18.40,20.31,20.50,18.31,81165,156960000,1.67,8.96,11.75,3.37
2015-12-30,20.30,20.78,20.87,19.80,59105,119360000,0.47,2.31,5.27,2.46
2015-12-31,20.75,19.85,20.75,19.81,37213,75310000,-0.93,-4.48,4.52,1.55
2016-01-04,19.57,17.87,20.00,17.87,42216,77580000,-1.98,-9.97,10.73,1.75
2016-01-05,17.00,16.90,17.80,16.11,42451,71610000,-0.97,-5.43,9.46,1.76
2016-01-06,16.99,17.31,17.47,16.67,43161,74230000,0.41,2.43,4.73,1.79
2016-01-07,17.07,15.58,17.07,15.58,9135,14660000,-1.73,-9.99,8.61,0.38
2016-01-08,15.65,15.79,16.67,14.80,41497,64900000,0.21,1.35,12.00,1.72
2016-01-11,15.30,14.21,15.85,14.21,42409,62850000,-1.58,-10.01,10.39,1.76
2016-01-12,13.97,13.68,14.50,13.48,41362,57050000,-0.53,-3.73,7.18,1.72
2016-01-13,13.70,12.87,14.15,12.80,43139,57940000,-0.81,-5.92,9.87,1.79
2016-01-14,12.40,13.61,13.69,12.40,40790,53310000,0.74,5.75,10.02,1.70
2016-01-15,13.63,13.00,13.91,12.96,37171,50120000,-0.61,-4.48,6.98,1.55
2016-01-18,12.68,14.23,14.28,12.61,43810,60560000,1.23,9.46,12.85,1.82
2016-01-19,14.02,15.17,15.27,13.98,39041,57360000,0.94,6.61,9.07,1.62
2016-01-20,15.06,14.99,15.29,14.69,22017,32990000,-0.18,-1.19,3.96,0.92
2016-01-21,14.64,14.23,15.15,13.90,27166,39480000,-0.76,-5.07,8.34,1.13
2016-01-22,14.42,14.72,14.98,13.83,15409,22130000,0.49,3.44,8.08,0.64
2016-01-25,14.94,14.69,15.20,14.52,19620,29150000,-0.03,-0.20,4.62,0.82
2016-01-26,14.70,13.22,14.70,13.22,30723,42400000,-1.47,-10.01,10.07,1.28
2016-01-27,13.01,12.84,13.44,11.90,48087,59660000,-0.38,-2.87,11.65,2.00
2016-01-28,12.61,12.19,13.14,12.01,37098,46840000,-0.65,-5.06,8.80,1.54
2016-01-29,12.30,12.88,13.29,11.88,31253,39920000,0.69,5.66,11.57,1.30
2016-02-01,12.90,12.73,13.15,12.42,15454,19880000,-0.15,-1.16,5.67,0.64
2016-02-02,12.80,13.21,13.40,12.78,23819,31320000,0.48,3.77,4.87,0.99
2016-02-03,13.01,13.38,13.48,12.88,29268,38440000,0.17,1.29,4.54,1.22
2016-02-04,13.35,13.65,13.71,13.25,23275,31630000,0.27,2.02,3.44,0.97
2016-02-05,13.75,13.37,13.79,13.36,11276,15330000,-0.28,-2.05,3.15,0.47
2016-02-15,12.88,13.28,13.36,12.63,10190,13270000,-0.09,-0.67,5.46,0.42
2016-02-16,13.37,13.99,14.12,13.33,34042,46430000,0.71,5.35,5.95,1.42
2016-02-17,13.81,13.96,14.00,13.55,31594,43630000,-0.03,-0.21,3.22,1.31
2016-02-18,14.01,13.96,14.35,13.81,34352,48450000,0.00,0.00,3.87,1.43
2016-02-19,13.86,14.20,14.32,13.71,32879,46280000,0.24,1.72,4.37,1.37
2016-02-22,14.44,14.31,14.48,14.09,28860,41300000,0.11,0.77,2.75,1.20
2016-02-23,14.15,14.20,14.29,13.86,30826,43470000,-0.11,-0.77,3.00,1.28
2016-02-24,14.22,14.50,14.80,14.04,40665,58730000,0.30,2.11,5.35,1.69
2016-02-25,14.40,13.05,14.48,13.05,53183,72490000,-1.45,-10.00,9.86,2.21
2016-02-26,13.21,13.35,13.50,12.64,49040,63770000,0.30,2.30,6.59,2.04
2016-02-29,13.25,12.15,13.36,12.02,48520,59260000,-1.20,-8.99,10.04,2.02
2016-03-01,12.22,12.19,12.47,11.88,37089,45200000,0.04,0.33,4.86,1.54
2016-03-02,12.26,13.40,13.41,12.10,74387,95960000,1.21,9.93,10.75,3.09
2016-03-03,13.21,13.80,14.07,13.15,58412,79510000,0.40,2.99,6.87,2.43
2016-03-04,13.53,13.17,13.99,12.98,38946,52370000,-0.63,-4.57,7.32,1.62
2016-03-07,13.35,13.26,13.73,13.06,27028,36090000,0.09,0.68,5.09,1.12
2016-03-08,13.36,14.20,14.32,12.82,48271,65870000,0.94,7.09,11.31,2.01
2016-03-09,13.82,13.82,14.13,13.62,36266,50520000,-0.38,-2.68,3.59,1.51
2016-03-10,13.97,13.10,14.00,13.05,27401,36640000,-0.72,-5.21,6.87,1.14
2016-03-11,12.87,12.95,13.09,12.71,27611,35600000,-0.15,-1.15,2.90,1.15
2016-03-14,12.95,13.45,13.57,12.81,46511,62300000,0.50,3.86,5.87,1.93
2016-03-15,13.39,13.18,13.50,13.00,38091,50280000,-0.27,-2.01,3.72,1.58
2016-03-16,13.47,13.00,13.49,12.90,33002,43410000,-0.18,-1.37,4.48,1.37
2016-03-17,13.09,13.60,13.62,13.03,38981,52240000,0.60,4.62,4.54,1.62
2016-03-18,13.70,14.20,14.30,13.63,71399,99560000,0.60,4.41,4.93,2.97
2016-03-21,14.15,14.67,14.87,14.00,79516,113980000,0.47,3.31,6.13,3.31
2016-03-22,14.45,14.56,14.76,14.34,48280,70320000,-0.11,-0.75,2.86,2.01
2016-03-23,14.54,14.49,14.63,14.28,30684,44320000,-0.07,-0.48,2.40,1.28
2016-03-24,14.30,14.49,14.77,14.15,43266,62800000,0.00,0.00,4.28,1.80
2016-03-25,14.38,14.63,14.80,14.32,42110,61520000,0.14,0.97,3.31,1.75
2016-03-28,14.63,14.12,14.95,14.11,52997,77290000,-0.51,-3.49,5.74,2.20
2016-03-29,14.12,13.76,14.25,13.61,39142,54520000,-0.36,-2.55,4.53,1.63
2016-03-30,13.83,14.37,14.42,13.83,38592,54400000,0.61,4.43,4.29,1.60
2016-03-31,14.40,14.74,14.78,14.40,35334,51690000,0.37,2.57,2.64,1.47
2016-04-01,14.68,15.10,15.29,14.49,53814,80060000,0.36,2.44,5.43,2.24
2016-04-05,15.02,15.39,15.84,14.80,48366,73900000,0.29,1.92,6.89,2.01
2016-04-06,15.28,15.37,15.53,15.10,36027,55060000,-0.02,-0.13,2.79,1.50
2016-04-07,15.37,15.25,15.46,14.90,54926,83290000,-0.12,-0.78,3.64,2.28
2016-04-08,15.03,15.25,15.25,14.90,31366,47220000,0.00,0.00,2.30,1.30
2016-04-11,15.37,15.89,16.42,15.12,58708,93140000,0.64,4.20,8.52,2.44
2016-04-12,16.03,15.62,16.15,15.52,42639,67380000,-0.27,-1.70,3.96,1.77
2016-04-13,15.73,15.86,16.20,15.68,47685,75940000,0.24,1.54,3.33,1.98
2016-04-14,15.86,15.97,16.00,15.69,28747,45490000,0.11,0.69,1.95,1.19
2016-04-15,16.04,16.10,16.29,15.70,46469,74490000,0.13,0.81,3.69,1.93
2016-04-18,16.05,15.83,16.09,15.48,39556,62210000,-0.27,-1.68,3.79,1.64
2016-04-19,15.86,15.86,15.97,15.55,42575,67090000,0.03,0.19,2.65,1.77
2016-04-20,15.80,14.65,15.88,14.27,72210,106750000,-1.21,-7.63,10.15,3.00
2016-04-21,14.52,14.46,14.82,14.41,39472,57610000,-0.19,-1.30,2.80,1.64
2016-04-22,14.31,14.80,14.85,14.21,35598,51670000,0.34,2.35,4.43,1.48
2016-04-25,14.78,14.93,15.06,14.36,27720,40800000,0.13,0.88,4.73,1.15
2016-04-26,14.93,15.18,15.27,14.73,28604,42980000,0.25,1.67,3.62,1.19
2016-04-27,15.50,15.17,15.57,14.81,34990,53520000,-0.01,-0.07,5.01,1.45
2016-04-28,14.91,14.86,15.28,14.59,42378,62910000,-0.31,-2.04,4.55,1.76
2016-04-29,14.85,14.88,15.06,14.64,22100,32830000,0.02,0.13,2.83,0.92
2016-05-03,15.05,16.37,16.37,15.05,156252,249740000,1.49,10.01,8.87,6.50
2016-05-04,16.03,16.48,16.65,16.03,95006,155610000,0.11,0.67,3.79,3.95
2016-05-05,16.37,16.30,16.48,16.14,45827,74790000,-0.18,-1.09,2.06,1.90
2016-05-06,16.25,15.93,16.45,15.69,65990,105800000,-0.37,-2.27,4.66,2.74
2016-05-09,15.62,15.25,15.70,15.11,55132,84730000,-0.68,-4.27,3.70,2.29
2016-05-10,15.20,15.36,15.56,15.08,35458,54280000,0.11,0.72,3.15,1.47
2016-05-11,15.40,15.30,15.45,15.17,31594,48440000,-0.06,-0.39,1.82,1.31
2016-05-12,15.10,15.48,15.48,14.70,29917,44940000,0.18,1.18,5.10,1.24
2016-05-13,15.35,15.85,16.18,15.35,55855,88040000,0.37,2.39,5.36,2.32
2016-05-16,15.80,16.00,16.08,14.95,51957,80910000,0.15,0.95,7.13,2.16
2016-05-17,15.98,15.49,16.00,15.46,49714,77560000,-0.51,-3.19,3.38,2.07
2016-05-18,15.43,14.97,15.43,14.88,27610,41560000,-0.52,-3.36,3.55,1.15
2016-05-19,15.00,14.85,15.33,14.81,19523,29450000,-0.12,-0.80,3.47,0.81
2016-05-20,14.85,14.96,15.16,14.50,31501,46810000,0.11,0.74,4.44,1.31
2016-05-23,14.90,14.84,15.07,14.80,39066,58270000,-0.12,-0.80,1.80,1.62
2016-05-24,14.83,15.06,15.07,14.73,32235,48160000,0.22,1.48,2.29,1.34
2016-05-25,15.10,14.96,15.34,14.85,39302,59620000,-0.10,-0.66,3.25,1.63
2016-05-26,14.86,14.72,15.02,14.13,35685,51560000,-0.24,-1.60,5.95,1.48
2016-05-27,14.71,14.57,14.75,14.51,21732,31780000,-0.15,-1.02,1.63,0.90
2016-05-30,14.48,14.48,14.65,14.32,13701,19870000,-0.09,-0.62,2.26,0.57
2016-05-31,14.43,15.03,15.07,14.43,31069,46180000,0.55,3.80,4.42,1.29
2016-06-01,15.10,15.27,15.38,14.91,40664,61450000,0.24,1.60,3.13,1.69
2016-06-02,15.21,15.45,15.53,15.00,42980,65600000,0.18,1.18,3.47,1.79
2016-06-03,15.35,15.32,15.58,15.23,25132,38640000,-0.13,-0.84,2.27,1.04
2016-06-06,15.33,15.40,15.59,15.22,38257,58930000,0.08,0.52,2.42,1.59
2016-06-07,15.40,15.20,15.50,15.08,23353,35560000,-0.20,-1.30,2.73,0.97
2016-06-08,15.20,15.01,15.20,14.80,21702,32510000,-0.19,-1.25,2.63,0.90
2016-06-13,14.80,14.33,14.87,14.33,22046,32260000,-0.68,-4.53,3.60,0.92
2016-06-14,14.28,14.41,14.55,14.28,25576,36840000,0.08,0.56,1.88,1.06
2016-06-15,14.20,14.69,14.90,14.20,21677,31900000,0.28,1.94,4.86,0.90
2016-06-16,14.68,14.72,14.78,14.60,23107,33930000,0.03,0.20,1.23,0.96
2016-06-17,14.76,14.62,14.96,14.55,21843,32120000,-0.10,-0.68,2.79,0.91
2016-06-20,14.65,14.60,14.75,14.30,31510,45500000,-0.02,-0.14,3.08,1.31
2016-06-21,14.61,14.55,14.81,14.31,35120,51170000,-0.05,-0.34,3.42,1.46
2016-06-22,14.42,14.73,14.80,14.31,19587,28560000,0.18,1.24,3.37,0.81
2016-06-23,14.62,15.29,15.52,14.60,58763,89480000,0.56,3.80,6.25,2.44
2016-06-24,15.27,15.09,15.42,14.80,33978,51430000,-0.20,-1.31,4.05,1.41
2016-06-27,14.96,15.32,15.40,14.96,25081,38280000,0.23,1.52,2.92,1.04
2016-06-28,15.32,15.37,15.41,15.07,31809,48490000,0.05,0.33,2.22,1.32
2016-06-29,15.37,15.53,15.57,15.31,36303,56000000,0.16,1.04,1.69,1.51
2016-06-30,15.40,15.33,15.59,15.33,21049,32470000,-0.20,-1.29,1.67,0.88
2016-07-01,15.33,15.62,15.70,15.21,32666,50460000,0.29,1.89,3.20,1.36
2016-07-04,15.60,15.77,15.83,15.39,43207,67460000,0.15,0.96,2.82,1.80
2016-07-05,15.73,15.80,15.97,15.63,23888,37660000,0.03,0.19,2.16,0.99
2016-07-06,15.73,15.79,15.86,15.68,23078,36400000,-0.01,-0.06,1.14,0.96
2016-07-07,15.79,16.10,16.26,15.76,45006,72230000,0.31,1.96,3.17,1.87
2016-07-08,16.10,15.85,16.13,15.84,32266,51540000,-0.25,-1.55,1.80,1.34
2016-07-11,15.90,15.78,16.20,15.70,38304,61280000,-0.07,-0.44,3.15,1.59
2016-07-12,15.72,15.86,15.88,15.35,38785,60640000,0.08,0.51,3.36,1.61
2016-07-13,15.87,16.07,16.10,15.85,24067,38430000,0.21,1.32,1.58,1.00
2016-07-14,16.00,16.00,16.09,15.77,16348,26000000,-0.07,-0.44,1.99,0.68
2016-07-15,16.00,15.85,16.03,15.68,14863,23560000,-0.15,-0.94,2.19,0.62
2016-07-18,15.85,16.32,16.49,15.78,50616,82100000,0.47,2.97,4.48,2.10
2016-07-19,16.19,16.36,16.38,16.08,32425,52690000,0.04,0.25,1.84,1.35
2016-07-20,16.34,16.56,17.10,16.21,58451,97390000,0.20,1.22,5.44,2.43
2016-07-21,16.45,16.70,16.85,16.34,39129,65120000,0.14,0.85,3.08,1.63
2016-07-22,16.68,17.00,17.06,16.55,45600,76970000,0.30,1.80,3.05,1.90
2016-07-25,17.01,17.15,17.45,16.61,61115,104200000,0.15,0.88,4.94,2.54
2016-07-26,17.70,17.45,18.50,17.22,104832,184640000,0.30,1.75,7.46,4.36
2016-07-27,17.11,16.86,17.66,16.07,84559,144130000,-0.59,-3.38,9.11,3.51
2016-07-28,16.80,17.54,17.57,16.30,50302,85620000,0.68,4.03,7.53,2.09
2016-07-29,17.62,17.21,17.71,17.20,43552,76090000,-0.33,-1.88,2.91,1.81
2016-08-01,17.05,16.36,17.05,16.14,51141,84180000,-0.85,-4.94,5.29,2.13
2016-08-02,16.57,17.27,17.39,16.30,39524,66880000,0.91,5.56,6.66,1.64
2016-08-03,17.22,17.06,17.32,16.80,28844,49130000,-0.21,-1.22,3.01,1.20
2016-08-04,17.23,18.24,18.29,17.11,79125,140710000,1.18,6.92,6.92,3.29
2016-08-05,18.28,18.45,19.18,18.00,103962,193970000,0.21,1.15,6.47,4.32
2016-08-08,18.50,18.38,19.26,18.01,94875,175570000,-0.07,-0.38,6.78,3.94
2016-08-09,18.16,18.36,18.59,17.80,59932,108560000,-0.02,-0.11,4.30,2.49
2016-08-10,18.31,17.90,18.67,17.83,49876,91150000,-0.46,-2.51,4.58,2.07
2016-08-11,17.99,17.30,18.09,17.28,54725,96330000,-0.60,-3.35,4.53,2.27
2016-08-12,17.42,17.60,17.65,17.30,39782,69450000,0.30,1.73,2.02,1.65
2016-08-15,17.50,17.78,17.87,17.20,52795,92910000,0.18,1.02,3.81,2.19
2016-08-16,17.79,18.02,18.20,17.60,56464,101530000,0.24,1.35,3.37,2.35
2016-08-17,18.16,17.89,18.95,17.84,78253,143010000,-0.13,-0.72,6.16,3.25
2016-08-18,18.00,18.00,18.00,17.50,40540,71970000,0.11,0.61,2.79,1.69
2016-08-19,17.95,18.18,18.49,17.75,52742,95990000,0.18,1.00,4.11,2.19
2016-08-22,18.18,17.63,18.28,17.60,37433,66650000,-0.55,-3.03,3.74,1.56
2016-08-23,17.80,17.53,17.80,17.42,21535,37790000,-0.10,-0.57,2.16,0.90
2016-08-24,17.69,17.91,18.06,17.48,39542,70740000,0.38,2.17,3.31,1.64
2016-08-25,17.76,17.50,17.76,17.32,34716,60750000,-0.41,-2.29,2.46,1.44
2016-08-26,17.60,17.54,17.73,17.50,18632,32820000,0.04,0.23,1.31,0.77
2016-08-29,17.54,17.92,17.99,17.40,35511,63350000,0.38,2.17,3.36,1.48
2016-08-30,17.92,17.96,18.40,17.91,26485,48000000,0.04,0.22,2.73,1.10
2016-08-31,17.90,17.91,18.03,17.68,15357,27400000,-0.05,-0.28,1.95,0.64
2016-09-01,17.97,18.20,18.43,17.96,42209,76990000,0.29,1.62,2.62,1.75
2016-09-02,18.11,18.06,18.30,17.68,25714,46240000,-0.14,-0.77,3.41,1.07
2016-09-05,18.07,18.07,18.30,18.01,17515,31780000,0.01,0.06,1.61,0.73
2016-09-06,18.06,18.07,18.19,17.74,33005,59350000,0.00,0.00,2.49,1.37
2016-09-07,18.03,18.84,19.19,18.03,78225,145010000,0.77,4.26,6.42,3.25
2016-09-08,18.64,18.69,18.92,18.51,39722,74090000,-0.15,-0.80,2.18,1.65
2016-09-09,18.89,18.23,18.90,18.23,33577,62080000,-0.46,-2.46,3.58,1.40
2016-09-12,17.83,17.68,17.88,17.21,35024,61640000,-0.55,-3.02,3.68,1.46
2016-09-13,17.80,17.62,17.84,17.61,11475,20280000,-0.06,-0.34,1.30,0.48
2016-09-14,17.60,17.67,17.86,17.50,16916,30010000,0.05,0.28,2.04,0.70
2016-09-19,17.67,17.94,18.12,17.57,17896,32170000,0.27,1.53,3.11,0.74
2016-09-20,18.00,18.19,18.40,17.94,21231,38520000,0.25,1.39,2.56,0.88
2016-09-21,18.25,18.56,18.56,18.09,22996,42400000,0.37,2.03,2.58,0.96
2016-09-22,18.60,18.64,18.85,18.31,24488,45410000,0.08,0.43,2.91,1.02
2016-09-23,18.68,18.28,18.75,18.01,35088,64480000,-0.36,-1.93,3.97,1.46
2016-09-26,18.09,18.59,18.90,18.02,43305,80410000,0.31,1.70,4.81,1.80
2016-09-27,18.64,18.65,18.75,18.20,24291,44800000,0.06,0.32,2.96,1.01
2016-09-28,18.66,18.47,18.66,18.35,14373,26570000,-0.18,-0.97,1.66,0.60
2016-09-29,18.53,18.90,19.01,18.43,42373,79710000,0.43,2.33,3.14,1.76
2016-09-30,18.91,18.86,19.02,18.63,26675,50090000,-0.04,-0.21,2.06,1.11
2016-10-10,18.95,19.02,19.14,18.78,34647,65670000,0.16,0.85,1.91,1.44
2016-10-11,19.08,18.96,19.08,18.77,26817,50640000,-0.06,-0.32,1.63,1.11
2016-10-12,18.91,19.71,19.92,18.78,54074,105250000,0.75,3.96,6.01,2.25
2016-10-13,19.63,19.60,19.98,19.50,27480,54010000,-0.11,-0.56,2.44,1.14
2016-10-14,19.63,19.33,19.63,19.08,27908,53910000,-0.27,-1.38,2.81,1.16
2016-10-17,19.58,18.97,19.58,18.75,26070,49980000,-0.36,-1.86,4.29,1.08
2016-10-18,18.89,19.29,19.35,18.88,16534,31660000,0.32,1.69,2.48,0.69
2016-10-19,19.26,18.90,19.35,18.86,20492,39040000,-0.39,-2.02,2.54,0.85
2016-10-20,19.01,18.94,19.09,18.75,14882,28170000,0.04,0.21,1.80,0.62
2016-10-21,18.95,18.42,18.95,18.22,32607,60460000,-0.52,-2.75,3.85,1.36
2016-10-24,18.42,18.90,18.96,18.42,23392,43940000,0.48,2.61,2.93,0.97
2016-10-25,19.10,18.80,19.10,18.72,22112,41730000,-0.10,-0.53,2.01,0.92
2016-10-26,18.86,19.40,19.49,18.62,44082,84030000,0.60,3.19,4.63,1.83
2016-10-27,19.42,19.26,19.42,19.06,19932,38220000,-0.14,-0.72,1.86,0.83
2016-10-28,19.21,18.87,19.48,18.82,22978,44030000,-0.39,-2.02,3.43,0.96
2016-10-31,18.90,19.13,19.15,18.68,13072,24720000,0.26,1.38,2.49,0.54
2016-11-01,19.12,19.21,19.40,19.11,25737,49600000,0.08,0.42,1.52,1.07
2016-11-02,19.17,19.08,19.44,19.00,17464,33530000,-0.13,-0.68,2.29,0.73
2016-11-03,19.05,19.13,19.22,18.50,31936,60600000,0.05,0.26,3.77,1.33
2016-11-04,19.10,18.84,19.10,18.70,23664,44610000,-0.29,-1.52,2.09,0.98
2016-11-07,18.94,18.65,18.95,18.55,21789,40660000,-0.19,-1.01,2.12,0.91
2016-11-08,18.78,18.71,18.84,18.56,15345,28630000,0.06,0.32,1.50,0.64
2016-11-09,18.69,18.71,18.90,18.53,20371,38130000,0.00,0.00,1.98,0.85
2016-11-10,18.88,18.82,18.96,18.67,19114,35890000,0.11,0.59,1.55,0.79
2016-11-11,18.79,18.81,18.92,18.63,30566,57500000,-0.01,-0.05,1.54,1.27
2016-11-14,18.71,18.56,18.92,18.48,35541,66270000,-0.25,-1.33,2.34,1.48
2016-11-15,18.59,18.73,18.78,18.50,18007,33580000,0.17,0.92,1.51,0.75
2016-11-16,18.73,18.62,18.84,18.58,20133,37610000,-0.11,-0.59,1.39,0.84
2016-11-17,18.67,19.46,19.71,18.57,86191,165640000,0.84,4.51,6.12,3.58
2016-11-18,19.42,19.31,19.53,19.14,39280,75990000,-0.15,-0.77,2.00,1.63
2016-11-21,19.26,19.80,20.23,19.15,55107,108780000,0.49,2.54,5.59,2.29
2016-11-22,19.75,19.60,19.82,19.36,35492,69350000,-0.20,-1.01,2.32,1.48
2016-11-23,19.60,19.22,19.63,19.15,31473,60800000,-0.38,-1.94,2.45,1.31
2016-11-24,19.30,19.29,19.47,19.10,23335,45040000,0.07,0.36,1.93,0.97
2016-11-25,19.23,19.18,19.33,18.75,19620,37310000,-0.11,-0.57,3.01,0.82
2016-11-28,19.21,19.04,19.21,18.85,21603,41010000,-0.14,-0.73,1.88,0.90
2016-11-29,19.04,18.53,19.08,18.52,22175,41740000,-0.51,-2.68,2.94,0.92
2016-11-30,18.47,18.31,18.67,18.20,19380,35600000,-0.22,-1.19,2.54,0.81
2016-12-01,18.39,18.46,18.65,18.26,20774,38350000,0.15,0.82,2.13,0.86
2016-12-02,18.47,17.86,18.65,17.85,20401,37100000,-0.60,-3.25,4.33,0.85
2016-12-05,17.78,17.65,18.09,17.51,24998,44330000,-0.21,-1.18,3.25,1.04
2016-12-06,17.75,17.81,18.04,17.75,17564,31500000,0.16,0.91,1.64,0.73
2016-12-07,17.85,18.18,18.26,17.76,17842,32230000,0.37,2.08,2.81,0.74
2016-12-08,18.18,18.04,18.37,18.01,15620,28390000,-0.14,-0.77,1.98,0.65
2016-12-09,18.10,18.13,18.25,18.00,13223,24020000,0.09,0.50,1.39,0.55
2016-12-12,18.18,17.31,18.33,17.30,25575,45490000,-0.82,-4.52,5.68,1.06
2016-12-13,17.00,17.38,17.50,16.91,14915,25620000,0.07,0.40,3.41,0.62
2016-12-14,17.35,17.26,17.44,17.01,12557,21650000,-0.12,-0.69,2.47,0.52
2016-12-15,17.26,17.31,17.61,17.26,11322,19730000,0.05,0.29,2.03,0.47
2016-12-16,17.28,17.36,17.42,17.20,13641,23610000,0.05,0.29,1.27,0.57
2016-12-19,17.45,17.34,17.47,17.26,12612,21900000,-0.02,-0.12,1.21,0.52
2016-12-20,17.31,17.46,17.49,17.27,13661,23800000,0.12,0.69,1.27,0.57
2016-12-21,17.86,17.54,17.86,17.38,18057,31770000,0.08,0.46,2.75,0.75
2016-12-22,17.56,17.73,17.78,17.42,10820,19100000,0.19,1.08,2.05,0.45
2016-12-23,17.67,17.20,17.73,17.19,15954,27690000,-0.53,-2.99,3.05,0.66
2016-12-26,17.13,17.72,17.72,17.13,15910,27690000,0.52,3.02,3.43,0.66
2016-12-27,17.80,17.77,17.80,17.59,14969,26510000,0.05,0.28,1.19,0.62
2016-12-28,17.72,17.63,17.88,17.43,12762,22480000,-0.14,-0.79,2.53,0.53
2016-12-29,17.53,17.64,17.74,17.53,7915,13970000,0.01,0.06,1.19,0.33
2016-12-30,17.63,17.76,17.98,17.57,13317,23620000,0.12,0.68,2.32,0.55
2017-01-03,17.76,17.79,17.93,17.62,16867,29910000,0.03,0.17,1.75,0.70
2017-01-04,17.84,17.79,17.91,17.57,13485,23920000,0.00,0.00,1.91,0.56
2017-01-05,17.76,17.73,17.89,17.61,15673,27810000,-0.06,-0.34,1.57,0.65
2017-01-06,17.73,17.74,17.83,17.58,11452,20310000,0.01,0.06,1.41,0.48
2017-01-09,17.74,17.59,17.92,17.52,20391,35980000,-0.15,-0.85,2.25,0.85
2017-01-10,17.55,17.20,17.72,17.15,18402,32060000,-0.39,-2.22,3.24,0.76
2017-01-11,17.11,17.21,17.40,17.02,14197,24550000,0.01,0.06,2.21,0.59
2017-01-12,17.20,16.59,17.24,16.46,19257,32400000,-0.62,-3.60,4.53,0.80
2017-01-13,16.51,16.56,16.88,16.50,13338,22260000,-0.03,-0.18,2.29,0.55
2017-01-16,16.56,15.75,16.80,15.04,22540,36370000,-0.81,-4.89,10.63,0.94
2017-01-17,15.64,15.88,15.93,15.20,18931,29520000,0.13,0.83,4.63,0.79
2017-01-18,15.81,15.56,15.85,15.50,10635,16680000,-0.32,-2.02,2.20,0.44
2017-01-19,15.51,15.45,15.64,15.30,9431,14620000,-0.11,-0.71,2.19,0.39
2017-01-20,15.56,15.58,15.75,15.45,13490,21060000,0.13,0.84,1.94,0.56
2017-01-23,15.75,16.27,16.48,15.71,31544,51260000,0.69,4.43,4.94,1.31
2017-01-24,16.28,16.17,16.30,16.01,20481,33080000,-0.10,-0.61,1.78,0.85
2017-01-25,16.16,16.23,16.26,16.05,9898,16000000,0.06,0.37,1.30,0.41
2017-01-26,16.31,16.45,16.48,16.25,8699,14250000,0.22,1.36,1.42,0.36
2017-02-03,16.50,16.79,16.84,16.35,15214,25210000,0.34,2.07,2.98,0.63
2017-02-06,16.70,16.86,16.88,16.61,23769,39770000,0.07,0.42,1.61,0.99
2017-02-07,16.79,16.98,17.04,16.69,19735,33347300,0.12,0.71,2.076,0.82
2017-02-08,16.90,17.20,17.30,16.89,17678,30341200,0.22,1.30,2.415,0.73
2017-02-09,17.30,17.51,17.59,17.20,17209,30026000,0.31,1.80,2.267,0.72
2017-02-10,17.47,17.49,17.65,17.29,17962,31424400,-0.02,-0.11,2.056,0.75
2017-02-13,17.32,17.28,17.49,17.01,15302,26421800,-0.21,-1.20,2.744,0.64
2017-02-14,17.35,17.32,17.49,17.23,10206,17698200,0.04,0.23,1.505,0.42
2017-02-15,17.33,17.14,17.50,16.95,12053,20817400,-0.18,-1.04,3.176,0.50
2017-02-16,17.23,17.26,17.39,17.08,10289,17725100,0.12,0.70,1.809,0.43
2017-02-17,17.17,17.20,17.45,17.13,10453,18030300,-0.06,-0.35,1.854,0.43
2017-02-20,17.20,17.38,17.48,17.09,13976,24153000,0.18,1.05,2.267,0.58
2017-02-21,17.45,17.39,17.48,17.27,10194,17735000,0.01,0.06,1.21,0.42
2017-02-22,17.37,17.31,17.45,17.15,13354,23067900,-0.08,-0.46,1.73,0.56
2017-02-23,17.31,17.67,17.76,17.22,18639,32583000,0.36,2.08,3.12,0.77
2017-02-24,17.66,17.36,17.66,17.30,13884,24144500,-0.31,-1.75,2.04,0.58
2017-02-27,17.34,17.44,17.54,17.31,14617,25494500,0.08,0.46,1.33,0.61
2017-02-28,17.44,17.24,17.49,17.20,10900,18892700,-0.20,-1.15,1.66,0.45
2017-03-01,17.35,17.40,17.43,17.24,15818,27432100,0.16,0.93,1.10,0.66
2017-03-02,17.54,17.33,17.54,17.32,12348,21491100,-0.07,-0.40,1.26,0.51
2017-03-03,17.31,17.40,17.45,17.22,9484,16461400,0.07,0.40,1.33,0.39
2017-03-06,17.55,17.35,17.55,17.15,28067,48517900,-0.05,-0.29,2.30,1.17
2017-03-07,17.35,17.93,18.38,17.27,36520,65194100,0.58,3.34,6.40,1.52
2017-03-08,17.90,17.55,17.92,17.35,24398,42907800,-0.38,-2.12,3.18,1.01
2017-03-09,17.55,16.87,17.58,16.80,24819,42368800,-0.68,-3.87,4.44,1.03
2017-03-10,16.81,16.86,17.00,16.81,13380,22633900,-0.01,-0.06,1.13,0.56
2017-03-13,16.86,16.91,17.03,16.50,16654,27843900,0.05,0.30,3.14,0.69
2017-03-14,16.87,16.95,17.03,16.84,10651,18055800,0.04,0.24,1.12,0.44
2017-03-15,17.01,16.86,17.02,16.80,7984,13481900,-0.09,-0.53,1.30,0.33
2017-03-16,16.87,17.04,17.15,16.87,14147,24089305,0.18,1.07,1.66,0.59
2017-03-17,17.04,17.05,17.19,17.01,15851,27110065,0.01,0.06,1.06,0.66
2017-03-20,17.13,17.10,17.15,16.91,17181,29283237,0.05,0.29,1.41,0.71
2017-03-21,17.14,17.35,17.47,17.08,19782,34226202,0.25,1.46,2.28,0.82
2017-03-22,17.38,17.22,17.40,17.18,15632,27013529,-0.13,-0.75,1.27,0.65
2017-03-23,17.25,17.31,17.43,17.05,15882,27440975,0.09,0.52,2.21,0.66
2017-03-24,17.43,17.30,17.45,17.13,17405,30006839,-0.01,-0.06,1.85,0.72
2017-03-27,17.35,17.09,17.35,17.05,18287,31342128,-0.21,-1.21,1.73,0.76
2017-03-28,16.96,16.76,16.98,16.55,27465,45991017,-0.33,-1.93,2.52,1.14
2017-03-29,16.85,16.58,16.90,16.09,20290,33711411,-0.18,-1.07,4.83,0.84
2017-03-30,16.37,15.90,16.53,15.76,25973,41666840,-0.68,-4.10,4.64,1.08
2017-03-31,15.99,16.17,16.30,15.93,17435,28204077,0.27,1.70,2.33,0.72
2017-04-05,16.17,16.43,16.57,16.12,18523,30230815,0.26,1.61,2.78,0.77
2017-04-06,16.49,16.63,16.75,16.36,18942,31501174,0.20,1.22,2.37,0.79
2017-04-07,16.68,16.32,16.73,16.21,16685,27486327,-0.31,-1.86,3.13,0.69
2017-04-10,16.31,16.87,17.13,16.28,35341,59435596,0.55,3.37,5.21,1.47
2017-04-11,16.81,16.55,16.96,16.26,23821,39576399,-0.32,-1.90,4.15,0.99
2017-04-12,16.33,16.64,16.74,16.33,17616,29140974,0.09,0.54,2.48,0.73
2017-04-13,16.48,16.34,16.70,16.21,16225,26743489,-0.30,-1.80,2.94,0.67
2017-04-14,16.35,16.15,16.40,16.02,12654,20442321,-0.19,-1.16,2.33,0.53
2017-04-17,16.08,15.74,16.23,15.68,19483,31053561,-0.41,-2.54,3.41,0.81
2017-04-18,15.89,15.90,16.08,15.69,22967,36564717,0.16,1.02,2.48,0.95
2017-04-19,15.89,15.51,15.96,15.23,22095,34134976,-0.39,-2.45,4.59,0.92
2017-04-20,15.50,15.00,15.67,14.78,21502,32512604,-0.51,-3.29,5.74,0.89
2017-04-21,15.08,15.00,15.09,14.82,11055,16574165,0.00,0.00,1.80,0.46
2017-04-24,15.00,14.53,15.09,14.51,12042,17639815,-0.47,-3.13,3.87,0.50
2017-04-25,14.54,14.68,14.89,14.45,13165,19297832,0.15,1.03,3.03,0.55
2017-04-26,14.63,14.58,14.82,14.56,12460,18292652,-0.10,-0.68,1.77,0.52
2017-04-27,14.60,14.43,14.68,13.71,21586,30627643,-0.15,-1.03,6.65,0.90
2017-04-28,14.32,14.66,14.95,14.31,13777,20220678,0.23,1.59,4.44,0.57
2017-05-02,14.66,14.75,14.95,14.51,14270,21113361,0.09,0.61,3.00,0.59
2017-05-03,14.85,14.41,14.85,14.00,15843,23038369,-0.34,-2.31,5.76,0.66
2017-05-04,14.25,14.33,14.59,14.20,12536,18052643,-0.08,-0.56,2.71,0.52
2017-05-05,14.19,14.19,14.42,14.17,10846,15498030,-0.14,-0.98,1.74,0.45
2017-05-08,14.30,13.87,14.30,13.75,14359,20079947,-0.32,-2.26,3.88,0.60
2017-05-09,13.87,13.79,13.98,13.62,15259,21011000,-0.08,-0.58,2.60,0.63
2017-05-10,13.88,13.64,13.96,13.56,15065,20779008,-0.15,-1.09,2.90,0.63
2017-05-11,13.59,13.35,14.35,12.92,15696,21020923,-0.29,-2.13,10.48,0.65
2017-05-12,13.17,13.45,13.88,13.17,21598,28983423,0.10,0.75,5.32,0.90
2017-05-15,13.35,13.22,13.59,13.22,11967,16003508,-0.23,-1.71,2.75,0.50
2017-05-16,13.11,13.40,13.44,12.96,28703,37910558,0.18,1.36,3.63,1.19
2017-05-17,13.41,13.36,13.62,13.31,21481,28905465,-0.04,-0.30,2.31,0.89
2017-05-18,13.21,13.34,13.47,13.21,16038,21405883,-0.02,-0.15,1.95,0.67
2017-05-19,13.34,13.28,13.41,13.22,15356,20388356,-0.06,-0.45,1.42,0.64
2017-05-22,13.34,12.87,13.40,12.80,15344,20004411,-0.41,-3.09,4.52,0.64
2017-05-23,12.81,12.27,12.90,12.23,17559,22023895,-0.60,-4.66,5.21,0.73
2017-05-24,12.40,12.25,12.40,11.98,13826,16836770,-0.02,-0.16,3.42,0.57
2017-05-25,12.30,12.42,12.49,12.02,11351,13940637,0.17,1.39,3.84,0.47
2017-05-26,12.58,12.45,12.58,12.38,9087,11329669,0.03,0.24,1.61,0.38
2017-05-31,12.51,12.40,12.74,12.39,10885,13733918,-0.05,-0.40,2.81,0.45
2017-06-01,12.47,12.09,12.51,11.92,12163,14947130,-0.31,-2.50,4.76,0.51
2017-06-02,11.99,12.25,12.32,11.68,12906,15493469,0.16,1.32,5.29,0.54
2017-06-05,12.16,12.28,12.43,12.11,11229,13808297,0.18,1.49,2.64,0.47
2017-06-06,12.37,12.36,12.49,12.25,10696,13221299,0.08,0.65,1.95,0.45
2017-06-07,13.19,13.03,13.19,12.88,57263,74615743,0.67,5.42,2.51,2.38
2017-06-08,12.90,12.71,13.08,12.70,35554,45791645,-0.32,-2.46,2.92,1.48
2017-06-09,12.65,12.69,12.85,12.55,21733,27487089,-0.02,-0.16,2.36,0.90
2017-06-12,12.71,12.32,12.71,12.30,14706,18294698,-0.37,-2.92,3.23,0.61
2017-06-13,12.40,12.54,12.60,12.20,15635,19546505,0.22,1.79,3.25,0.65
2017-06-14,12.55,12.58,12.73,12.48,13170,16594610,0.04,0.32,1.99,0.55
2017-06-15,12.59,12.80,12.90,12.52,18481,23564868,0.22,1.75,3.02,0.77
2017-06-16,12.90,12.73,12.90,12.60,11596,14713861,-0.07,-0.55,2.34,0.48
