日期,开盘,收盘,最高,最低,交易量(手),交易金额(元),涨跌额,涨跌幅(%),振幅(%),换手率(%)
2011-11-11,26.88,27.80,30.28,26.00,139522,385620000,10.69,62.48,25.01,92.15
2011-11-14,27.03,27.85,28.30,26.66,83536,229040000,0.05,0.18,5.90,55.18
2011-11-15,27.50,27.85,28.10,26.91,56436,154840000,0.00,0.00,4.27,37.28
2011-11-16,27.50,29.09,30.20,27.10,93954,268950000,1.24,4.45,11.13,62.06
2011-11-17,28.49,28.61,29.27,27.85,48086,136890000,-0.48,-1.65,4.88,31.76
2011-11-18,28.10,28.57,28.90,27.88,37728,107040000,-0.04,-0.14,3.57,24.92
2011-11-21,28.36,26.07,28.57,25.71,46336,123460000,-2.50,-8.75,10.01,30.61
2011-11-22,25.40,25.89,26.07,24.88,28200,72090000,-0.18,-0.69,4.56,18.63
2011-11-23,25.90,25.41,26.00,25.38,20254,51870000,-0.48,-1.85,2.39,13.38
2011-11-24,24.95,25.03,25.36,24.82,16759,41960000,-0.38,-1.50,2.13,11.07
2011-11-25,24.95,25.69,25.97,24.73,24769,62990000,0.66,2.64,4.95,16.36
2011-11-28,25.53,25.16,25.80,25.08,14756,37440000,-0.53,-2.06,2.80,9.75
2011-11-29,25.37,25.25,25.49,24.86,17039,42770000,0.09,0.36,2.50,11.25
2011-11-30,25.01,23.40,25.79,23.00,29519,72700000,-1.85,-7.33,11.05,19.50
2011-12-01,24.11,23.58,24.67,23.55,21291,51390000,0.18,0.77,4.79,14.06
2011-12-02,23.98,22.71,23.98,22.71,15370,35660000,-0.87,-3.69,5.39,10.15
2011-12-05,22.28,21.18,22.28,21.05,14976,32530000,-1.53,-6.74,5.42,9.89
2011-12-06,21.07,21.95,22.18,21.07,18004,39210000,0.77,3.64,5.24,11.89
2011-12-07,21.68,22.28,22.65,21.68,15193,33830000,0.33,1.50,4.42,10.04
2011-12-08,22.47,22.22,22.47,21.39,15093,33220000,-0.06,-0.27,4.85,9.97
2011-12-09,21.83,21.51,22.20,21.44,10140,22000000,-0.71,-3.20,3.42,6.70
2011-12-12,21.70,21.38,21.74,21.35,6936,14930000,-0.13,-0.60,1.81,4.58
2011-12-13,21.20,20.10,21.22,19.99,12472,25360000,-1.28,-5.99,5.75,8.24
2011-12-14,20.11,19.72,20.48,19.61,8908,17940000,-0.38,-1.89,4.33,5.88
2011-12-15,19.50,19.95,20.15,19.48,10116,20080000,0.23,1.17,3.40,6.68
2011-12-16,19.90,20.40,20.46,19.41,11527,23060000,0.45,2.26,5.26,7.61
2011-12-19,20.20,20.26,20.36,19.52,9576,19080000,-0.14,-0.69,4.12,6.32
2011-12-20,20.08,19.71,20.50,19.50,9022,18160000,-0.55,-2.71,4.94,5.96
2011-12-21,20.00,19.44,20.43,19.42,14891,29930000,-0.27,-1.37,5.12,9.84
2011-12-22,19.11,18.24,19.11,17.78,17609,32100000,-1.20,-6.17,6.84,11.63
2011-12-23,18.12,18.22,18.54,18.00,9511,17360000,-0.02,-0.11,2.96,6.28
2011-12-27,17.90,17.06,17.90,17.05,11539,20030000,-1.16,-6.37,4.67,7.62
2011-12-28,16.90,16.95,17.05,16.41,8369,13980000,-0.11,-0.64,3.75,5.53
2011-12-29,16.75,17.23,17.40,16.70,9014,15450000,0.28,1.65,4.13,5.95
2011-12-30,17.18,17.69,17.74,17.14,10367,18130000,0.46,2.67,3.48,6.85
2012-01-04,17.84,16.51,17.87,16.51,10110,17490000,-1.18,-6.67,7.69,6.68
2012-01-05,16.57,15.82,16.68,15.63,8618,13900000,-0.69,-4.18,6.36,5.69
2012-01-06,16.00,16.32,16.38,15.55,7746,12430000,0.50,3.16,5.25,5.12
2012-01-09,16.19,16.99,17.00,16.00,10421,17380000,0.67,4.11,6.13,6.88
2012-01-10,17.05,17.59,17.60,16.89,14124,24530000,0.60,3.53,4.18,9.33
2012-01-11,17.51,17.45,17.79,17.26,11044,19310000,-0.14,-0.80,3.01,7.29
2012-01-12,17.28,17.35,17.74,17.15,7831,13680000,-0.10,-0.57,3.38,5.17
2012-01-13,17.45,16.33,17.45,16.28,9276,15460000,-1.02,-5.88,6.74,6.13
2012-01-17,15.85,17.02,17.18,15.41,11828,19250000,0.69,4.23,10.84,7.81
2012-01-18,16.90,16.16,17.10,16.11,8282,13820000,-0.86,-5.05,5.82,5.47
2012-01-19,16.28,16.62,16.74,16.09,4307,7090000,0.46,2.85,4.02,2.84
2012-01-20,16.56,16.89,17.03,16.54,5822,9820000,0.27,1.62,2.95,3.85
2012-01-30,16.92,17.11,17.65,16.92,10401,18020000,0.22,1.30,4.32,6.87
2012-01-31,17.14,17.20,17.29,16.88,5555,9460000,0.09,0.53,2.40,3.67
2012-02-01,17.10,17.15,17.47,16.98,6112,10510000,-0.05,-0.29,2.85,4.04
2012-02-02,17.25,17.30,17.36,17.01,5911,10180000,0.15,0.87,2.04,3.90
2012-02-03,17.25,17.60,17.66,17.20,9270,16240000,0.30,1.73,2.66,6.12
2012-02-06,17.61,18.98,19.30,17.56,26544,49200000,1.38,7.84,9.89,17.53
2012-02-07,18.70,18.40,18.70,18.21,13761,25310000,-0.58,-3.06,2.58,9.09
2012-02-08,18.28,18.70,18.88,18.23,11659,21680000,0.30,1.63,3.53,7.70
2012-02-09,18.69,18.75,18.78,18.46,13849,25800000,0.05,0.27,1.71,9.15
2012-02-10,18.68,18.58,18.75,18.34,12321,22850000,-0.17,-0.91,2.19,8.14
2012-02-13,18.55,18.93,18.95,18.18,20968,39050000,0.35,1.88,4.14,11.09
2012-02-14,19.00,19.29,19.86,18.90,21181,40990000,0.36,1.90,5.07,11.21
2012-02-15,19.07,19.27,19.29,18.72,17071,32570000,-0.02,-0.10,2.95,9.03
2012-02-16,19.13,18.92,19.25,18.76,11831,22480000,-0.35,-1.82,2.54,6.26
2012-02-17,18.93,18.60,19.12,18.50,10822,20270000,-0.32,-1.69,3.28,5.73
2012-02-20,18.83,18.62,18.97,18.60,9358,17600000,0.02,0.11,1.99,4.95
2012-02-21,18.60,19.13,19.13,18.60,12639,23810000,0.51,2.74,2.85,6.69
2012-02-22,19.15,19.48,19.69,19.10,19596,38070000,0.35,1.83,3.08,10.37
2012-02-23,19.58,19.66,20.10,19.36,15871,31240000,0.18,0.92,3.80,8.40
2012-02-24,19.93,20.44,20.80,19.90,27924,56880000,0.78,3.97,4.58,14.77
2012-02-27,20.47,20.21,20.78,20.01,24582,50070000,-0.23,-1.13,3.77,13.01
2012-02-28,20.02,20.20,20.29,19.60,24117,48150000,-0.01,-0.05,3.41,12.76
2012-02-29,20.88,21.10,22.18,20.75,39548,84070000,0.90,4.46,7.08,20.93
2012-03-01,20.86,22.10,22.17,20.86,32164,69420000,1.00,4.74,6.21,17.02
2012-03-02,22.08,22.16,22.45,21.81,27191,59930000,0.06,0.27,2.90,14.39
2012-03-05,22.18,23.03,23.25,22.03,25661,58550000,0.87,3.93,5.51,13.58
2012-03-06,23.03,22.94,23.66,22.51,28705,66040000,-0.09,-0.39,4.99,15.19
2012-03-07,22.66,22.07,22.92,21.90,22804,51060000,-0.87,-3.79,4.45,12.07
2012-03-08,22.15,22.24,22.37,22.00,15761,34970000,0.17,0.77,1.68,8.34
2012-03-09,22.38,22.74,22.96,22.22,17203,39060000,0.50,2.25,3.33,9.10
2012-03-12,22.81,23.24,23.53,22.55,15715,36340000,0.50,2.20,4.31,8.32
2012-03-13,23.37,23.36,23.53,23.05,13380,31160000,0.12,0.52,2.07,7.08
2012-03-14,23.50,22.35,24.25,21.30,25104,58400000,-1.01,-4.32,12.63,13.28
2012-03-15,22.35,23.83,24.04,21.87,24617,56210000,1.48,6.62,9.71,13.02
2012-03-16,23.89,23.95,24.22,23.31,21859,52100000,0.12,0.50,3.82,11.57
2012-03-19,23.96,23.50,24.50,23.45,23752,56700000,-0.45,-1.88,4.38,12.57
2012-03-20,22.38,21.17,22.45,21.15,50851,109220000,-2.33,-9.91,5.53,26.91
2012-03-21,21.20,20.88,21.30,20.30,24264,50260000,-0.29,-1.37,4.72,12.84
2012-03-22,20.80,20.63,20.98,20.41,12427,25700000,-0.25,-1.20,2.73,6.58
2012-03-23,20.55,20.27,20.65,20.18,12858,26270000,-0.36,-1.75,2.28,6.80
2012-03-26,20.25,20.30,20.43,20.14,6359,12900000,0.03,0.15,1.43,3.36
2012-03-27,20.44,20.56,20.95,20.38,11217,23160000,0.26,1.28,2.81,5.93
2012-03-28,20.56,19.11,20.68,18.87,16061,31290000,-1.45,-7.05,8.80,8.50
2012-03-29,19.01,18.31,19.11,18.15,9087,16970000,-0.80,-4.19,5.02,4.81
2012-03-30,18.35,17.99,18.53,17.83,7564,13710000,-0.32,-1.75,3.82,4.00
2012-04-05,18.04,18.58,18.65,17.91,7241,13350000,0.59,3.28,4.11,3.83
2012-04-06,18.40,18.70,18.83,18.35,7344,13650000,0.12,0.65,2.58,3.89
2012-04-09,18.70,18.23,18.70,18.22,5385,9910000,-0.47,-2.51,2.57,2.85
2012-04-10,18.23,18.21,18.34,17.50,7012,12560000,-0.02,-0.11,4.61,3.71
2012-04-11,18.00,18.27,18.40,17.83,6613,12000000,0.06,0.33,3.13,3.50
2012-04-12,18.36,18.70,18.79,18.22,9880,18310000,0.43,2.35,3.12,5.23
2012-04-13,18.70,18.95,19.09,18.65,10089,19060000,0.25,1.34,2.35,5.34
2012-04-16,18.90,18.93,19.03,18.70,7157,13490000,-0.02,-0.11,1.74,3.79
2012-04-17,18.93,18.68,18.98,18.60,5656,10590000,-0.25,-1.32,2.01,2.99
2012-04-18,18.80,19.07,19.15,18.59,8452,16000000,0.39,2.09,3.00,4.47
2012-04-19,19.10,19.50,19.68,19.10,11917,23210000,0.43,2.25,3.04,6.31
2012-04-20,19.50,19.45,19.60,19.17,8928,17270000,-0.05,-0.26,2.21,4.72
2012-04-24,18.45,18.09,18.92,17.60,15057,27350000,-1.36,-6.99,6.79,7.97
2012-04-25,17.91,18.09,18.15,17.67,6736,12120000,0.00,0.00,2.65,3.56
2012-04-26,18.11,18.20,18.43,18.07,5079,9250000,0.11,0.61,1.99,2.69
2012-04-27,18.26,18.25,18.34,18.08,3475,6330000,0.05,0.27,1.43,1.84
2012-05-02,18.60,18.70,18.86,18.28,5525,10260000,0.45,2.47,3.18,2.92
2012-05-03,18.72,19.10,19.27,18.63,8355,15920000,0.40,2.14,3.42,4.42
2012-05-04,19.11,19.18,19.26,19.00,6515,12470000,0.08,0.42,1.36,3.45
2012-05-07,19.09,19.38,19.38,18.86,8314,15850000,0.20,1.04,2.71,4.40
2012-05-08,19.35,19.36,19.50,19.16,7934,15340000,-0.02,-0.10,1.75,4.20
2012-05-09,19.31,18.75,19.33,18.64,7118,13450000,-0.61,-3.15,3.56,3.77
2012-05-10,18.71,18.87,18.93,18.71,3766,7100000,0.12,0.64,1.17,1.99
2012-05-11,18.89,18.81,19.00,18.70,2790,5260000,-0.06,-0.32,1.59,1.48
2012-05-14,19.00,18.83,19.20,18.83,4395,8350000,0.02,0.11,1.97,2.33
2012-05-15,18.80,18.89,18.96,18.58,4394,8240000,0.06,0.32,2.02,2.32
2012-05-16,18.71,18.54,18.93,18.53,3876,7250000,-0.35,-1.85,2.12,2.05
2012-05-17,18.51,18.75,18.86,18.50,3467,6470000,0.21,1.13,1.94,1.83
2012-05-18,18.64,18.26,18.70,18.18,5236,9640000,-0.49,-2.61,2.77,2.77
2012-05-21,18.30,18.19,18.52,18.06,2524,4600000,-0.07,-0.38,2.52,1.34
2012-05-22,18.29,18.46,18.47,18.25,2824,5180000,0.27,1.48,1.21,1.49
2012-05-23,18.36,18.19,18.46,18.10,4225,7710000,-0.27,-1.46,1.95,2.24
2012-05-24,18.19,18.13,18.30,18.12,3210,5840000,-0.06,-0.33,0.99,1.70
2012-05-25,18.19,17.76,18.19,17.75,3187,5720000,-0.37,-2.04,2.43,1.69
2012-05-28,17.80,18.10,18.15,17.43,4731,8420000,0.34,1.91,4.05,2.50
2012-05-29,18.10,18.33,18.36,17.92,5893,10760000,0.23,1.27,2.43,3.12
2012-05-30,18.36,18.36,18.40,18.26,3735,6850000,0.03,0.16,0.76,1.98
2012-05-31,18.30,18.75,18.75,18.22,6803,12600000,0.39,2.12,2.89,3.60
2012-06-01,18.84,18.76,19.00,18.68,7248,13620000,0.01,0.05,1.71,3.83
2012-06-04,18.26,17.81,18.36,17.64,6575,11910000,-0.95,-5.06,3.84,3.48
2012-06-05,17.73,17.81,18.15,17.73,2268,4050000,0.00,0.00,2.36,1.20
2012-06-06,17.98,17.82,17.98,17.75,1348,2410000,0.01,0.06,1.29,0.71
2012-06-07,17.90,17.64,18.09,17.62,3047,5440000,-0.18,-1.01,2.64,1.61
2012-06-08,17.88,17.61,17.95,17.60,2627,4660000,-0.03,-0.17,1.98,1.39
2012-06-11,17.75,18.42,18.43,17.73,7957,14530000,0.81,4.60,3.98,4.21
2012-06-12,18.18,18.24,18.37,18.12,4202,7660000,-0.18,-0.98,1.36,2.22
2012-06-13,18.23,18.48,18.54,18.17,6554,12010000,0.24,1.32,2.03,3.47
2012-06-14,18.39,18.66,18.74,18.39,10098,18790000,0.18,0.97,1.89,5.34
2012-06-15,18.67,18.47,18.76,18.30,7235,13380000,-0.19,-1.02,2.47,3.83
2012-06-18,14.00,13.87,14.00,13.65,6743,9320000,-0.11,-0.79,2.50,2.74
2012-06-19,13.80,14.06,14.17,13.74,8337,11640000,0.19,1.37,3.10,3.39
2012-06-20,14.01,13.93,14.10,13.90,5998,8400000,-0.13,-0.92,1.42,2.44
2012-06-21,13.91,13.70,13.91,13.68,5568,7670000,-0.23,-1.65,1.65,2.27
2012-06-25,13.70,13.42,13.80,13.42,5211,7120000,-0.28,-2.04,2.77,2.12
2012-06-26,13.43,13.51,13.55,13.30,3071,4130000,0.09,0.67,1.86,1.25
2012-06-27,13.45,13.50,13.73,13.40,2919,3960000,-0.01,-0.07,2.44,1.19
2012-06-28,13.55,13.35,13.60,13.35,4028,5430000,-0.15,-1.11,1.85,1.64
2012-06-29,13.30,13.50,13.55,13.02,4523,6010000,0.15,1.12,3.97,1.84
2012-07-03,13.42,13.74,13.74,13.24,9972,13470000,0.24,1.78,3.70,4.06
2012-07-04,13.70,13.50,13.81,13.43,6666,9060000,-0.24,-1.75,2.77,2.71
2012-07-05,13.47,13.18,13.49,13.05,5488,7240000,-0.32,-2.37,3.26,2.23
2012-07-06,13.17,13.35,13.39,13.05,4579,6050000,0.17,1.29,2.58,1.86
2012-07-09,13.29,12.90,13.35,12.87,4823,6350000,-0.45,-3.37,3.60,1.96
2012-07-10,12.89,14.01,14.19,12.83,32354,45060000,1.11,8.60,10.54,13.17
2012-07-11,13.59,13.80,13.95,13.49,16855,23070000,-0.21,-1.50,3.28,6.86
2012-07-12,13.65,13.81,13.89,13.42,12326,16900000,0.01,0.07,3.41,5.02
2012-07-13,13.67,13.56,13.93,13.53,7502,10310000,-0.25,-1.81,2.90,3.05
2012-07-16,13.47,12.20,13.67,12.20,16209,20130000,-1.36,-10.03,10.84,6.60
2012-07-17,12.13,12.26,12.32,11.80,11022,13200000,0.06,0.49,4.26,4.49
2012-07-18,12.24,12.12,12.24,11.90,4744,5720000,-0.14,-1.14,2.77,1.93
2012-07-19,12.12,12.36,12.47,12.02,6558,8080000,0.24,1.98,3.71,2.67
2012-07-20,12.37,12.28,12.55,12.25,4016,4970000,-0.08,-0.65,2.43,1.63
2012-07-23,12.20,12.05,12.20,12.04,2835,3430000,-0.23,-1.87,1.30,1.15
2012-07-24,12.00,12.16,12.24,12.00,2002,2430000,0.11,0.91,1.99,0.82
2012-07-25,12.28,13.38,13.38,12.27,21505,28590000,1.22,10.03,9.13,8.75
2012-07-26,13.61,14.28,14.38,13.50,82549,116000000,0.90,6.73,6.58,33.60
2012-07-27,14.00,13.60,14.10,13.40,38272,52590000,-0.68,-4.76,4.90,15.58
2012-07-30,13.50,13.15,13.82,13.10,21878,29470000,-0.45,-3.31,5.29,8.90
2012-07-31,12.88,12.31,13.15,11.84,25103,30970000,-0.84,-6.39,9.96,10.22
2012-08-01,12.18,13.05,13.23,12.10,26554,34010000,0.74,6.01,9.18,10.81
2012-08-02,12.99,12.58,12.99,12.35,19622,24810000,-0.47,-3.60,4.90,7.99
2012-08-03,12.60,13.40,13.50,12.54,30841,40310000,0.82,6.52,7.63,12.55
2012-08-06,13.21,13.83,14.10,13.02,33066,45150000,0.43,3.21,8.06,13.46
2012-08-07,13.84,13.88,14.04,13.62,22531,31140000,0.05,0.36,3.04,9.17
2012-08-08,13.86,14.18,14.24,13.46,29390,40590000,0.30,2.16,5.62,11.96
2012-08-09,14.38,14.02,14.40,13.96,32828,46450000,-0.16,-1.13,3.10,13.36
2012-08-10,13.90,13.95,14.25,13.75,23612,33180000,-0.07,-0.50,3.57,9.61
2012-08-13,14.01,13.53,14.01,13.40,15083,20580000,-0.42,-3.01,4.37,6.14
2012-08-14,13.55,13.69,13.73,13.21,12558,16940000,0.16,1.18,3.84,5.11
2012-08-15,13.58,13.44,13.78,13.44,10479,14250000,-0.25,-1.83,2.48,4.26
2012-08-16,13.40,13.48,13.54,13.32,5544,7440000,0.04,0.30,1.64,2.26
2012-08-17,13.39,13.50,13.68,13.38,8556,11550000,0.02,0.15,2.23,3.48
2012-08-20,13.53,13.60,13.73,13.00,16014,21550000,0.10,0.74,5.41,6.52
2012-08-21,13.88,14.00,14.11,13.74,27942,38990000,0.40,2.94,2.72,11.37
2012-08-22,13.92,13.88,14.02,13.77,14945,20770000,-0.12,-0.86,1.79,6.08
2012-08-23,13.78,13.99,14.08,13.78,13926,19450000,0.11,0.79,2.16,5.67
2012-08-24,14.00,13.20,14.00,13.20,17478,23720000,-0.79,-5.65,5.72,7.11
2012-08-27,13.12,12.86,13.20,12.65,9028,11620000,-0.34,-2.58,4.17,3.67
2012-08-28,12.80,12.98,13.20,12.80,5247,6820000,0.12,0.93,3.11,2.14
2012-08-29,12.80,13.05,13.28,12.78,10198,13260000,0.07,0.54,3.85,4.15
2012-08-30,12.94,12.67,13.09,12.38,9871,12590000,-0.38,-2.91,5.44,4.02
2012-08-31,12.56,12.74,12.88,12.56,5332,6790000,0.07,0.55,2.53,2.17
2012-09-03,12.76,13.02,13.02,12.75,5122,6610000,0.28,2.20,2.12,2.08
2012-09-04,13.08,12.84,13.13,12.80,5383,6980000,-0.18,-1.38,2.53,2.19
2012-09-05,12.88,13.12,13.18,12.71,6959,9050000,0.28,2.18,3.66,2.83
2012-09-06,13.14,13.27,13.31,13.07,8008,10580000,0.15,1.14,1.83,3.26
2012-09-07,13.33,13.65,13.85,13.33,15513,21110000,0.38,2.86,3.92,6.31
2012-09-10,13.65,13.76,13.94,13.56,12833,17640000,0.11,0.81,2.78,5.22
2012-09-11,13.68,13.65,13.75,13.56,9931,13530000,-0.11,-0.80,1.38,4.04
2012-09-12,13.68,13.86,13.99,13.68,11248,15530000,0.21,1.54,2.27,4.58
2012-09-13,13.86,13.50,13.98,13.50,12485,17220000,-0.36,-2.60,3.46,5.08
2012-09-14,13.62,13.75,13.96,13.58,18009,24830000,0.25,1.85,2.81,7.33
2012-09-17,13.89,13.39,13.90,13.39,12473,17030000,-0.36,-2.62,3.71,5.08
2012-09-18,13.30,13.20,13.48,13.10,7816,10390000,-0.19,-1.42,2.84,3.18
2012-09-19,13.20,13.31,13.40,13.16,4668,6200000,0.11,0.83,1.82,1.90
2012-09-20,13.20,12.80,13.24,12.74,7086,9180000,-0.51,-3.83,3.76,2.88
2012-09-21,12.65,12.63,12.88,12.57,5260,6670000,-0.17,-1.33,2.42,2.14
2012-09-24,12.48,12.74,12.78,12.34,3022,3800000,0.11,0.87,3.48,1.23
2012-09-25,12.74,12.51,12.81,12.50,3810,4820000,-0.23,-1.81,2.43,1.55
2012-09-26,12.64,12.23,12.64,12.13,4135,5100000,-0.28,-2.24,4.08,1.68
2012-09-27,12.23,12.50,12.59,12.20,4468,5540000,0.27,2.21,3.19,1.82
2012-09-28,12.41,12.66,12.67,12.38,5668,7130000,0.16,1.28,2.32,2.31
2012-10-08,12.69,12.69,12.74,12.58,3108,3930000,0.03,0.24,1.26,1.26
2012-10-09,12.65,13.00,13.00,12.62,5918,7630000,0.31,2.44,2.99,2.41
2012-10-10,13.04,13.12,13.25,12.90,7744,10140000,0.12,0.92,2.69,3.15
2012-10-11,12.95,12.83,13.28,12.80,7966,10370000,-0.29,-2.21,3.66,3.24
2012-10-12,12.76,12.89,12.96,12.72,4331,5570000,0.06,0.47,1.87,1.76
2012-10-15,12.78,12.63,12.88,12.50,3715,4700000,-0.26,-2.02,2.95,1.51
2012-10-16,12.63,12.68,12.82,12.60,3065,3890000,0.05,0.40,1.74,1.25
2012-10-17,12.70,12.74,12.80,12.50,2617,3320000,0.06,0.47,2.37,1.07
2012-10-18,12.76,12.98,13.06,12.70,6622,8570000,0.24,1.88,2.83,2.70
2012-10-19,12.96,13.05,13.11,12.87,5949,7740000,0.07,0.54,1.85,2.42
2012-10-22,13.05,13.39,13.41,12.93,12519,16650000,0.34,2.61,3.68,5.10
2012-10-23,13.50,13.12,13.50,13.10,9793,12930000,-0.27,-2.02,2.99,3.99
2012-10-24,13.02,13.01,13.16,12.95,4513,5880000,-0.11,-0.84,1.60,1.84
2012-10-25,13.01,13.00,13.24,12.97,4769,6240000,-0.01,-0.08,2.08,1.94
2012-10-26,12.90,12.74,13.10,12.70,5114,6570000,-0.26,-2.00,3.08,2.08
2012-10-29,12.78,12.65,12.80,12.60,2625,3330000,-0.09,-0.71,1.57,1.07
2012-10-30,12.75,12.82,12.84,12.63,2377,3030000,0.17,1.34,1.66,0.97
2012-10-31,12.84,12.84,12.96,12.72,2458,3150000,0.02,0.16,1.87,1.00
2012-11-01,12.80,13.03,13.12,12.80,6374,8300000,0.19,1.48,2.49,2.59
2012-11-02,13.13,13.03,13.13,12.95,4552,5920000,0.00,0.00,1.38,1.85
2012-11-05,13.04,12.90,13.04,12.85,4016,5190000,-0.13,-1.00,1.46,1.63
2012-11-06,12.82,12.64,12.84,12.55,5401,6820000,-0.26,-2.02,2.25,2.20
2012-11-07,12.62,12.68,12.73,12.51,3737,4730000,0.04,0.32,1.74,1.52
2012-11-08,12.66,12.20,12.66,12.20,5951,7390000,-0.48,-3.79,3.63,2.42
2012-11-09,12.21,12.25,12.39,12.18,2647,3250000,0.05,0.41,1.72,1.08
2012-11-12,12.27,12.40,12.50,12.16,2571,3170000,0.15,1.22,2.78,0.70
2012-11-13,12.33,12.21,12.40,12.19,3070,3770000,-0.19,-1.53,1.69,0.84
2012-11-14,12.21,12.45,12.46,12.11,2524,3110000,0.24,1.97,2.87,0.69
2012-11-15,12.28,12.23,12.48,12.22,2121,2620000,-0.22,-1.77,2.09,0.58
2012-11-16,12.35,12.28,12.39,12.20,2592,3180000,0.05,0.41,1.55,0.71
2012-11-19,12.25,12.38,12.38,12.21,1641,2020000,0.10,0.81,1.38,0.45
2012-11-20,12.47,12.35,12.55,12.22,2807,3480000,-0.03,-0.24,2.67,0.77
2012-11-21,12.30,12.47,12.48,12.22,2690,3320000,0.12,0.97,2.11,0.74
2012-11-22,12.47,12.33,12.47,12.26,1725,2130000,-0.14,-1.12,1.68,0.47
2012-11-23,12.31,12.41,12.45,12.27,3506,4340000,0.08,0.65,1.46,0.96
2012-11-26,12.33,12.38,12.45,12.25,2990,3700000,-0.03,-0.24,1.61,0.82
2012-11-27,12.30,11.91,12.37,11.83,4187,5040000,-0.47,-3.80,4.36,1.14
2012-11-28,11.72,11.51,11.80,11.42,2212,2570000,-0.40,-3.36,3.19,0.60
2012-11-29,11.42,11.43,11.79,11.42,1525,1760000,-0.08,-0.70,3.21,0.42
2012-11-30,11.43,11.68,11.69,11.41,2464,2850000,0.25,2.19,2.45,0.67
2012-12-03,11.54,11.19,11.67,11.19,1947,2230000,-0.49,-4.20,4.11,0.53
2012-12-04,11.22,11.36,11.46,10.97,2911,3270000,0.17,1.52,4.38,0.80
2012-12-05,11.31,11.60,11.86,11.30,5584,6510000,0.24,2.11,4.93,1.53
2012-12-06,11.55,11.63,11.80,11.50,4973,5790000,0.03,0.26,2.59,1.36
2012-12-07,11.70,11.95,11.95,11.50,7102,8380000,0.32,2.75,3.87,1.94
2012-12-10,11.78,12.34,12.36,11.78,10276,12470000,0.39,3.26,4.85,2.81
2012-12-11,12.15,12.20,12.30,12.12,5548,6760000,-0.14,-1.13,1.46,1.52
2012-12-12,12.20,12.10,12.25,11.88,5917,7130000,-0.10,-0.82,3.03,1.62
2012-12-13,12.06,11.88,12.14,11.85,3371,4040000,-0.22,-1.82,2.40,0.92
2012-12-14,11.87,12.31,12.34,11.83,8872,10840000,0.43,3.62,4.29,2.43
2012-12-17,12.34,12.28,12.42,12.25,6907,8520000,-0.03,-0.24,1.38,1.89
2012-12-18,12.25,12.20,12.39,12.15,6380,7810000,-0.08,-0.65,1.95,1.74
2012-12-19,12.20,12.40,12.44,11.97,7972,9830000,0.20,1.64,3.85,2.18
2012-12-20,12.34,12.50,12.65,12.32,8790,10990000,0.10,0.81,2.66,2.40
2012-12-21,12.50,12.82,13.11,12.40,17429,22210000,0.32,2.56,5.68,4.76
2012-12-24,12.82,12.93,13.15,12.80,10429,13530000,0.11,0.86,2.73,2.85
2012-12-25,12.88,13.30,13.41,12.85,16373,21670000,0.37,2.86,4.33,4.48
2012-12-26,13.30,13.70,13.77,13.21,19647,26640000,0.40,3.01,4.21,5.37
2012-12-27,13.81,13.21,14.18,13.21,24309,33290000,-0.49,-3.58,7.08,6.65
2012-12-28,13.18,13.47,13.56,13.02,14533,19330000,0.26,1.97,4.09,3.97
2012-12-31,13.70,13.49,13.70,13.26,9853,13250000,0.02,0.15,3.27,2.69
2013-01-04,13.51,13.34,13.62,13.10,9337,12470000,-0.15,-1.11,3.85,2.55
2013-01-07,13.31,13.56,13.56,13.17,8434,11300000,0.22,1.65,2.92,2.31
2013-01-08,13.57,13.97,14.01,13.40,21068,29150000,0.41,3.02,4.50,5.76
2013-01-09,13.80,13.70,14.08,13.54,13662,18860000,-0.27,-1.93,3.87,3.74
2013-01-10,13.69,13.71,13.85,13.56,9336,12810000,0.01,0.07,2.12,2.55
2013-01-11,13.78,13.53,13.95,13.46,17048,23460000,-0.18,-1.31,3.57,4.66
2013-01-14,13.40,13.91,13.94,13.33,20012,27660000,0.38,2.81,4.51,5.47
2013-01-15,13.93,14.40,14.71,13.90,28101,40480000,0.49,3.52,5.82,7.68
2013-01-16,14.32,14.04,14.40,13.85,18136,25560000,-0.36,-2.50,3.82,4.96
2013-01-17,14.04,13.78,14.05,13.68,13069,18100000,-0.26,-1.85,2.64,3.57
2013-01-18,13.76,13.99,14.08,13.76,10858,15120000,0.21,1.52,2.32,2.97
2013-01-21,14.01,14.09,14.09,13.90,9842,13780000,0.10,0.71,1.36,2.69
2013-01-22,14.00,13.76,14.29,13.61,15323,21210000,-0.33,-2.34,4.83,4.19
2013-01-23,13.64,13.89,13.96,13.60,12525,17300000,0.13,0.94,2.62,3.42
2013-01-24,13.88,13.20,13.96,13.15,16813,22960000,-0.69,-4.97,5.83,4.60
2013-01-25,13.25,13.20,13.37,13.11,5285,6980000,0.00,0.00,1.97,1.44
2013-01-28,13.30,13.58,13.58,13.21,7193,9670000,0.38,2.88,2.80,1.97
2013-01-29,13.67,13.66,13.69,13.51,7067,9610000,0.08,0.59,1.33,1.93
2013-01-30,13.65,13.53,13.75,13.39,8379,11320000,-0.13,-0.95,2.64,2.29
2013-01-31,13.51,13.48,13.60,13.28,6630,8910000,-0.05,-0.37,2.37,1.81
2013-02-01,13.40,13.92,13.92,13.40,13034,17840000,0.44,3.26,3.86,3.56
2013-02-04,13.92,13.73,14.19,13.68,12107,16760000,-0.19,-1.36,3.66,3.31
2013-02-05,13.66,14.10,14.10,13.63,10302,14340000,0.37,2.69,3.42,2.82
2013-02-06,14.00,14.13,14.19,14.00,12136,17130000,0.03,0.21,1.35,3.32
2013-02-07,14.19,14.14,14.19,14.00,7691,10830000,0.01,0.07,1.34,2.10
2013-02-08,14.11,14.35,14.45,14.09,12519,17900000,0.21,1.49,2.55,3.42
2013-02-18,14.40,14.52,14.65,14.35,15393,22400000,0.17,1.18,2.09,4.21
2013-02-19,14.56,14.18,14.65,14.15,15850,22660000,-0.34,-2.34,3.44,4.33
2013-02-20,14.13,14.40,14.42,14.12,9876,14120000,0.22,1.55,2.12,2.70
2013-02-21,14.41,14.01,14.41,13.94,11575,16350000,-0.39,-2.71,3.26,3.16
2013-02-22,14.00,14.43,14.45,13.86,14843,21080000,0.42,3.00,4.21,4.06
2013-02-25,14.54,14.46,14.60,14.28,11580,16710000,0.03,0.21,2.22,3.17
2013-02-26,14.32,14.60,15.17,14.30,24340,35980000,0.14,0.97,6.02,6.65
2013-02-27,14.75,14.66,14.80,14.38,13316,19410000,0.06,0.41,2.88,3.64
2013-02-28,14.65,14.81,14.84,14.39,13773,20160000,0.15,1.02,3.07,3.77
2013-03-01,14.76,15.01,15.02,14.63,13524,20040000,0.20,1.35,2.63,3.70
2013-03-04,14.80,14.70,14.94,14.35,15887,23290000,-0.31,-2.07,3.93,4.34
2013-03-05,14.61,14.92,14.95,14.60,10630,15730000,0.22,1.50,2.38,2.91
2013-03-06,14.96,15.15,15.28,14.82,14621,22070000,0.23,1.54,3.08,4.00
2013-03-07,15.06,14.89,15.45,14.84,13932,21090000,-0.26,-1.72,4.03,3.81
2013-03-08,15.00,14.91,15.17,14.80,7792,11660000,0.02,0.13,2.48,2.13
2013-03-11,14.95,14.85,14.96,14.65,7068,10480000,-0.06,-0.40,2.08,1.93
2013-03-12,14.82,14.40,14.90,14.14,12867,18680000,-0.45,-3.03,5.12,3.52
2013-03-13,14.32,14.17,14.39,14.02,6446,9150000,-0.23,-1.60,2.57,1.76
2013-03-14,14.17,14.17,14.26,14.06,4057,5760000,0.00,0.00,1.41,1.11
2013-03-15,14.20,14.19,14.45,13.90,8674,12340000,0.02,0.14,3.88,2.37
2013-03-18,15.01,14.87,15.25,14.68,36414,54240000,0.68,4.79,4.02,9.95
2013-03-19,14.90,15.28,15.87,14.87,31319,47950000,0.41,2.76,6.72,8.56
2013-03-20,15.02,15.44,15.48,14.91,24388,37220000,0.16,1.05,3.73,6.67
2013-03-21,15.41,15.47,15.66,15.28,17363,26850000,0.03,0.19,2.46,4.75
2013-03-22,15.42,15.89,16.20,15.34,25461,40360000,0.42,2.71,5.56,6.96
2013-03-25,15.95,15.80,15.97,15.63,11291,17820000,-0.09,-0.57,2.14,3.09
2013-03-26,15.71,15.48,15.72,15.25,15865,24480000,-0.32,-2.03,2.97,4.34
2013-03-27,15.50,15.61,15.67,15.33,10866,16880000,0.13,0.84,2.20,2.97
2013-03-28,15.51,15.03,15.51,15.02,11146,16920000,-0.58,-3.72,3.14,3.05
2013-03-29,15.03,14.95,15.18,14.91,7379,11070000,-0.08,-0.53,1.80,2.02
2013-04-01,14.95,15.22,15.22,14.87,5394,8130000,0.27,1.81,2.34,1.47
2013-04-02,15.29,14.80,15.36,14.80,8193,12340000,-0.42,-2.76,3.68,2.24
2013-04-03,14.98,14.60,14.98,14.46,6579,9630000,-0.20,-1.35,3.51,1.80
2013-04-08,14.48,14.80,14.88,14.18,5547,8050000,0.20,1.37,4.79,1.52
2013-04-09,14.81,14.97,15.02,14.73,6241,9300000,0.17,1.15,1.96,1.71
2013-04-10,14.81,14.77,15.07,14.62,6355,9410000,-0.20,-1.34,3.01,1.74
2013-04-11,14.78,15.07,15.07,14.78,6732,10070000,0.30,2.03,1.96,1.84
2013-04-12,15.07,14.99,15.16,14.93,4815,7230000,-0.08,-0.53,1.53,1.32
2013-04-15,15.00,14.59,15.03,14.55,4256,6240000,-0.40,-2.67,3.20,1.16
2013-04-16,14.52,14.68,14.83,14.20,5712,8230000,0.09,0.62,4.32,1.56
2013-04-17,14.72,14.76,14.80,14.48,5065,7430000,0.08,0.55,2.18,1.38
2013-04-18,14.74,14.91,14.98,14.62,7150,10620000,0.15,1.02,2.44,1.95
2013-04-19,15.00,15.38,15.40,14.97,11087,16920000,0.47,3.15,2.88,3.03
2013-04-22,15.26,15.68,15.74,15.22,14643,22800000,0.30,1.95,3.38,4.00
2013-04-23,15.71,15.11,15.81,15.10,15287,23570000,-0.57,-3.64,4.53,4.18
2013-04-24,15.11,15.97,15.98,15.11,18288,28730000,0.86,5.69,5.76,5.00
2013-04-25,15.96,15.71,16.20,15.66,18987,30180000,-0.26,-1.63,3.38,5.19
2013-04-26,15.75,15.43,15.85,15.30,9243,14300000,-0.28,-1.78,3.50,2.53
2013-05-02,15.35,15.64,15.68,15.30,6620,10290000,0.21,1.36,2.46,1.81
2013-05-03,15.56,16.03,16.20,15.56,15195,24350000,0.39,2.49,4.09,4.15
2013-05-06,15.98,16.24,16.38,15.98,16398,26610000,0.21,1.31,2.50,4.48
2013-05-07,16.25,16.03,16.25,15.90,12155,19500000,-0.21,-1.29,2.16,3.32
2013-05-08,16.14,16.73,16.92,16.05,23658,39070000,0.70,4.37,5.43,6.47
2013-05-09,16.67,16.74,16.77,16.40,12944,21400000,0.01,0.06,2.21,3.54
2013-05-10,16.65,16.70,16.93,16.50,11309,18880000,-0.04,-0.24,2.57,3.09
2013-05-13,16.60,16.94,16.97,16.56,10214,17070000,0.24,1.44,2.46,2.79
2013-05-14,16.86,16.35,16.89,16.33,12469,20530000,-0.59,-3.48,3.31,3.41
2013-05-15,16.45,16.69,16.75,16.28,8651,14280000,0.34,2.08,2.87,2.36
2013-05-16,16.65,16.56,16.93,16.48,14487,24150000,-0.13,-0.78,2.70,3.96
2013-05-17,16.60,16.79,16.87,16.51,10208,17080000,0.23,1.39,2.17,2.79
2013-05-20,16.80,17.21,17.30,16.80,12782,21940000,0.42,2.50,2.98,3.49
2013-05-21,17.34,17.26,17.34,16.92,15044,25740000,0.05,0.29,2.44,4.11
2013-05-22,17.26,17.00,17.28,16.89,13987,23900000,-0.26,-1.51,2.26,3.82
2013-05-23,16.91,17.02,17.26,16.89,9132,15560000,0.02,0.12,2.18,2.50
2013-05-24,17.02,17.26,17.27,16.94,10163,17380000,0.24,1.41,1.94,2.78
2013-05-27,17.20,17.57,17.66,17.20,13186,23010000,0.31,1.80,2.67,3.60
2013-05-28,17.41,17.14,17.60,17.02,12755,21930000,-0.43,-2.45,3.30,3.49
2013-05-29,17.20,17.28,17.33,17.11,8199,14110000,0.14,0.82,1.28,2.24
2013-05-30,17.25,17.22,17.30,17.15,9584,16490000,-0.06,-0.35,0.87,2.62
2013-05-31,17.22,17.17,17.28,16.96,11830,20240000,-0.05,-0.29,1.86,3.23
2013-06-03,17.29,16.96,17.48,16.93,15009,25800000,-0.21,-1.22,3.20,4.10
2013-06-04,16.90,16.25,16.90,16.05,15056,24660000,-0.71,-4.19,5.01,4.12
2013-06-05,16.25,16.30,16.38,16.10,5822,9450000,0.05,0.31,1.72,1.59
2013-06-06,16.30,15.92,16.30,15.88,8316,13350000,-0.38,-2.33,2.58,2.27
2013-06-07,16.00,15.68,16.12,15.50,9515,15020000,-0.24,-1.51,3.89,2.60
2013-06-13,8.39,8.27,8.43,8.15,12347,10200000,-0.27,-3.16,3.28,1.88
2013-06-14,8.30,8.30,8.38,8.18,11163,9250000,0.03,0.36,2.42,1.70
2013-06-17,8.30,8.23,8.33,8.05,13107,10720000,-0.07,-0.84,3.37,1.99
2013-06-18,8.23,8.22,8.30,8.13,9035,7410000,-0.01,-0.12,2.07,1.37
2013-06-19,8.27,8.88,8.88,8.10,29654,25400000,0.66,8.03,9.49,4.50
2013-06-20,8.73,8.56,8.96,8.50,22306,19420000,-0.32,-3.60,5.18,3.39
2013-06-21,8.70,8.89,9.15,8.58,56749,50710000,0.33,3.86,6.66,8.62
2013-06-24,8.89,8.27,9.01,8.00,33763,28490000,-0.62,-6.97,11.36,5.13
2013-06-25,8.08,8.23,8.35,7.44,28988,23390000,-0.04,-0.48,11.00,4.40
2013-06-26,8.21,8.54,8.66,8.21,28672,24360000,0.31,3.77,5.47,4.35
2013-06-27,8.54,8.26,8.65,8.20,23194,19680000,-0.28,-3.28,5.27,3.52
2013-06-28,8.10,8.22,8.38,8.08,12943,10590000,-0.04,-0.48,3.63,1.97
2013-07-01,8.25,8.33,8.35,8.16,7979,6600000,0.11,1.34,2.31,1.21
2013-07-02,8.29,8.60,8.64,8.27,16825,14320000,0.27,3.24,4.44,2.56
2013-07-03,8.53,8.46,8.54,8.32,13079,11040000,-0.14,-1.63,2.56,1.99
2013-07-04,8.42,8.84,8.96,8.42,38666,34040000,0.38,4.49,6.38,5.87
2013-07-05,8.94,8.63,8.96,8.62,21081,18530000,-0.21,-2.38,3.85,3.20
2013-07-08,8.42,8.15,8.42,8.09,13742,11350000,-0.48,-5.56,3.82,2.09
2013-07-09,8.12,8.25,8.30,8.12,9060,7430000,0.10,1.23,2.21,1.38
2013-07-10,8.20,8.39,8.39,8.12,11294,9350000,0.14,1.70,3.27,1.72
2013-07-11,8.41,8.60,8.68,8.32,18326,15650000,0.21,2.50,4.29,2.78
2013-07-12,8.59,8.46,8.78,8.44,16271,13970000,-0.14,-1.63,3.95,2.47
2013-07-15,8.46,8.60,8.64,8.42,11636,9950000,0.14,1.65,2.60,1.77
2013-07-16,8.60,8.77,8.78,8.53,16431,14240000,0.17,1.98,2.91,2.50
2013-07-17,8.80,8.45,8.80,8.45,17570,15170000,-0.32,-3.65,3.99,2.67
2013-07-18,8.47,8.40,8.53,8.30,10493,8800000,-0.05,-0.59,2.72,1.59
2013-07-19,8.33,8.16,8.54,8.16,15024,12540000,-0.24,-2.86,4.52,2.28
2013-07-22,8.12,8.28,8.28,8.02,9245,7570000,0.12,1.47,3.19,1.40
2013-07-23,8.32,8.55,8.57,8.26,14710,12450000,0.27,3.26,3.74,2.23
2013-07-24,8.50,8.76,8.77,8.46,26537,22920000,0.21,2.46,3.63,4.03
2013-07-25,8.79,8.51,8.86,8.50,18782,16250000,-0.25,-2.85,4.11,2.85
2013-07-26,8.41,8.39,8.53,8.22,13023,10870000,-0.12,-1.41,3.64,1.98
2013-07-29,8.25,8.27,8.41,8.23,8180,6790000,-0.12,-1.43,2.15,1.24
2013-07-30,8.30,8.70,8.71,8.18,18419,15640000,0.43,5.20,6.41,2.80
2013-07-31,8.68,8.49,8.76,8.45,17644,15150000,-0.21,-2.41,3.56,2.68
2013-08-01,8.49,8.87,8.89,8.46,32096,28110000,0.38,4.48,5.06,4.87
2013-08-02,8.79,9.00,9.20,8.75,49893,45070000,0.13,1.47,5.07,7.58
2013-08-05,9.00,9.78,9.83,8.98,79858,76210000,0.78,8.67,9.44,12.13
2013-08-06,9.67,9.75,9.81,9.56,51291,49650000,-0.03,-0.31,2.56,7.79
2013-08-07,9.70,9.42,9.71,9.39,32114,30500000,-0.33,-3.38,3.28,4.88
2013-08-08,9.39,9.34,9.49,9.20,23733,22140000,-0.08,-0.85,3.08,3.60
2013-08-09,9.34,9.38,9.44,9.13,22078,20550000,0.04,0.43,3.32,3.35
2013-08-12,9.38,9.91,9.95,9.32,59246,58140000,0.53,5.65,6.72,9.00
2013-08-13,9.97,9.79,9.98,9.65,36533,35710000,-0.12,-1.21,3.33,5.55
2013-08-14,9.80,9.62,9.92,9.62,26361,25720000,-0.17,-1.74,3.06,4.00
2013-08-15,9.57,9.63,9.95,9.55,25573,24950000,0.01,0.10,4.16,3.88
2013-08-16,9.56,9.28,9.60,9.23,31820,29850000,-0.35,-3.63,3.84,4.83
2013-08-19,9.20,9.44,9.49,9.18,13137,12290000,0.16,1.72,3.34,2.00
2013-08-20,9.40,9.40,9.63,9.36,15614,14810000,-0.04,-0.42,2.86,2.37
2013-08-21,9.40,9.51,9.54,9.30,11132,10500000,0.11,1.17,2.55,1.69
2013-08-22,9.50,9.44,9.55,9.40,11610,10970000,-0.07,-0.74,1.58,1.76
2013-08-23,9.44,9.36,9.49,9.19,14276,13330000,-0.08,-0.85,3.18,2.17
2013-08-26,9.40,9.56,9.59,9.33,14884,14110000,0.20,2.14,2.78,2.26
2013-08-27,9.54,9.53,9.65,9.41,15339,14570000,-0.03,-0.31,2.51,2.33
2013-08-28,9.49,9.21,9.49,9.18,16827,15690000,-0.32,-3.36,3.25,2.56
2013-08-29,9.21,8.97,9.31,8.91,18455,16760000,-0.24,-2.61,4.34,2.80
2013-08-30,8.97,8.85,9.11,8.74,16991,15170000,-0.12,-1.34,4.12,2.58
2013-09-02,8.87,9.01,9.05,8.85,9135,8170000,0.16,1.81,2.26,1.39
2013-09-03,8.95,9.12,9.12,8.91,11377,10290000,0.11,1.22,2.33,1.73
2013-09-04,9.11,9.00,9.11,8.89,15444,13870000,-0.12,-1.32,2.41,2.35
2013-09-05,9.00,8.95,9.03,8.87,9262,8300000,-0.05,-0.56,1.78,1.41
2013-09-06,8.94,8.98,9.02,8.87,8980,8030000,0.03,0.34,1.68,1.36
2013-09-09,8.98,9.05,9.09,8.97,12063,10900000,0.07,0.78,1.34,1.83
2013-09-10,9.10,9.08,9.11,9.03,11023,9990000,0.03,0.33,0.88,1.67
2013-09-11,9.08,8.95,9.08,8.88,15564,13930000,-0.13,-1.43,2.20,2.36
2013-09-12,8.93,8.96,9.04,8.90,7099,6360000,0.01,0.11,1.56,1.08
2013-09-13,8.96,9.07,9.10,8.90,12088,10900000,0.11,1.23,2.23,1.84
2013-09-16,9.09,9.03,9.11,8.99,8826,7990000,-0.04,-0.44,1.32,1.34
2013-09-17,9.03,8.88,9.09,8.87,9270,8300000,-0.15,-1.66,2.44,1.41
2013-09-18,8.86,8.89,8.94,8.81,7136,6320000,0.01,0.11,1.46,1.08
2013-09-23,9.01,9.41,9.46,8.99,30445,28230000,0.52,5.85,5.29,4.62
2013-09-24,9.36,9.42,9.51,9.15,22456,20970000,0.01,0.11,3.83,3.41
2013-09-25,9.30,9.27,9.42,9.22,12973,12120000,-0.15,-1.59,2.12,1.97
2013-09-26,9.27,9.31,9.38,9.16,11790,10930000,0.04,0.43,2.37,1.79
2013-09-27,9.33,9.23,9.35,9.21,8777,8130000,-0.08,-0.86,1.50,1.33
2013-09-30,9.23,9.26,9.32,9.16,6823,6290000,0.03,0.33,1.73,1.04
2013-10-08,9.19,9.24,9.31,9.19,13255,12270000,-0.02,-0.22,1.30,2.01
2013-10-09,9.25,9.45,9.47,9.21,17128,16030000,0.21,2.27,2.81,2.60
2013-10-10,9.48,9.25,9.48,9.24,15041,14030000,-0.20,-2.12,2.54,2.28
2013-10-11,9.24,9.26,9.33,9.22,14765,13690000,0.01,0.11,1.19,2.24
2013-10-14,9.29,9.58,9.65,9.26,34418,32770000,0.32,3.46,4.21,5.23
2013-10-22,9.97,10.54,10.54,9.94,25365,26260000,0.96,10.02,6.26,3.85
2013-10-23,11.11,10.79,11.53,10.54,129379,142110000,0.25,2.37,9.39,19.65
2013-10-24,10.31,10.62,10.95,10.25,46991,49700000,-0.17,-1.58,6.49,7.14
2013-10-25,10.46,10.32,10.74,10.01,38608,39950000,-0.30,-2.82,6.87,5.86
2013-10-28,10.36,11.24,11.26,10.16,84409,91530000,0.92,8.91,10.66,12.82
2013-10-29,11.08,10.90,11.19,10.23,57772,62500000,-0.34,-3.02,8.54,8.77
2013-10-30,10.90,10.65,10.90,10.16,45734,48240000,-0.25,-2.29,6.79,6.95
2013-10-31,10.54,11.08,11.70,10.42,92903,103920000,0.43,4.04,12.02,14.11
2013-11-01,10.82,10.28,10.83,10.02,52266,54300000,-0.80,-7.22,7.31,7.94
2013-11-04,10.28,10.58,10.63,10.10,33461,34590000,0.30,2.92,5.16,5.08
2013-11-05,10.36,10.52,10.60,10.21,29593,30780000,-0.06,-0.57,3.69,4.49
2013-11-06,10.40,10.25,10.55,10.21,36670,37890000,-0.27,-2.57,3.23,5.57
2013-11-07,10.17,9.70,10.17,9.62,40304,39530000,-0.55,-5.37,5.37,6.12
2013-11-08,9.57,9.37,9.68,9.31,21047,19870000,-0.33,-3.40,3.81,3.20
2013-11-11,9.41,9.53,9.63,9.31,13066,12380000,0.16,1.71,3.42,1.98
2013-11-12,9.51,9.74,9.76,9.45,14573,14020000,0.21,2.20,3.25,2.21
2013-11-13,9.74,9.30,9.74,9.30,13748,13090000,-0.44,-4.52,4.52,2.09
2013-11-14,9.19,9.49,9.50,9.15,12234,11430000,0.19,2.04,3.76,1.86
2013-11-15,9.38,9.66,9.75,9.38,18552,17920000,0.17,1.79,3.90,2.82
2013-11-18,9.75,9.83,9.87,9.65,19212,18780000,0.17,1.76,2.28,2.92
2013-11-19,9.84,10.15,10.21,9.71,33608,33850000,0.32,3.26,5.09,5.10
2013-11-20,10.14,10.12,10.16,10.01,17541,17700000,-0.03,-0.30,1.48,2.66
2013-11-21,10.12,9.81,10.12,9.80,25055,24790000,-0.31,-3.06,3.16,3.81
2013-11-22,9.82,10.04,10.07,9.76,18508,18380000,0.23,2.34,3.16,2.81
2013-11-25,10.02,9.91,10.08,9.90,13167,13140000,-0.13,-1.29,1.79,2.00
2013-11-26,9.91,9.91,10.01,9.84,10018,9930000,0.00,0.00,1.72,1.52
2013-11-27,9.95,10.63,10.70,9.95,51517,53670000,0.72,7.27,7.57,7.82
2013-11-28,10.55,10.52,10.63,10.38,29589,31130000,-0.11,-1.03,2.35,4.49
2013-11-29,10.46,10.62,10.92,10.42,31597,33740000,0.10,0.95,4.75,4.80
2013-12-02,10.28,9.77,10.42,9.60,27865,27910000,-0.85,-8.00,7.72,4.23
2013-12-03,9.58,10.16,10.19,9.58,14654,14630000,0.39,3.99,6.24,2.23
2013-12-04,10.18,10.40,10.64,10.02,28145,29470000,0.24,2.36,6.10,4.27
2013-12-05,10.54,10.49,10.70,10.40,23987,25270000,0.09,0.87,2.88,3.64
2013-12-06,10.46,10.38,10.59,10.30,15648,16300000,-0.11,-1.05,2.76,2.38
2013-12-09,10.40,10.82,11.00,10.38,32769,35080000,0.44,4.24,5.97,4.98
2013-12-10,10.83,10.79,10.98,10.65,23721,25530000,-0.03,-0.28,3.05,3.60
2013-12-11,11.25,10.47,11.25,10.45,23102,24850000,-0.32,-2.97,7.41,3.51
2013-12-12,10.54,10.53,10.67,10.47,18261,19340000,0.06,0.57,1.91,2.77
2013-12-13,10.53,10.52,10.64,10.40,17147,18070000,-0.01,-0.10,2.28,2.60
2013-12-16,10.52,10.16,10.55,10.09,21349,22000000,-0.36,-3.42,4.37,3.24
2013-12-17,10.17,10.26,10.30,10.05,11006,11190000,0.10,0.98,2.46,1.67
2013-12-18,10.30,10.35,10.41,10.11,11634,12000000,0.09,0.88,2.92,1.77
2013-12-19,10.40,10.17,10.40,10.17,9971,10260000,-0.18,-1.74,2.22,1.51
2013-12-20,10.19,10.13,10.29,10.04,9816,9940000,-0.04,-0.39,2.46,1.49
2013-12-23,10.05,10.10,10.23,9.87,7534,7580000,-0.03,-0.30,3.55,1.14
2013-12-24,10.10,10.09,10.33,10.00,10084,10240000,-0.01,-0.10,3.27,1.53
2013-12-25,10.15,10.51,10.51,10.03,26871,27870000,0.42,4.16,4.76,4.08
2013-12-26,10.53,10.34,10.57,10.30,13272,13790000,-0.17,-1.62,2.57,2.02
2013-12-27,10.39,10.71,10.80,10.36,32404,34490000,0.37,3.58,4.26,4.92
2013-12-30,10.71,10.77,10.84,10.60,19696,21140000,0.06,0.56,2.24,2.99
2013-12-31,10.76,10.70,10.85,10.62,15851,16970000,-0.07,-0.65,2.14,2.41
2014-01-02,11.00,11.77,11.77,10.89,40266,46800000,1.07,10.00,8.22,6.12
2014-01-03,12.36,11.63,12.45,11.57,142525,169970000,-0.14,-1.19,7.48,21.65
2014-01-06,11.31,10.82,11.49,10.81,62987,69800000,-0.81,-6.96,5.85,9.57
2014-01-07,10.63,10.90,11.05,10.50,32423,35120000,0.08,0.74,5.08,4.92
2014-01-08,11.01,10.86,11.09,10.71,36822,40180000,-0.04,-0.37,3.49,5.59
2014-01-09,10.75,10.48,10.89,10.46,26446,28330000,-0.38,-3.50,3.96,4.02
2014-01-10,10.41,10.09,10.54,10.04,22100,22710000,-0.39,-3.72,4.77,3.36
2014-01-13,10.08,10.28,10.28,10.08,12456,12680000,0.19,1.88,1.98,1.89
2014-01-14,10.32,10.52,10.53,10.21,13962,14570000,0.24,2.33,3.11,2.12
2014-01-15,10.55,10.71,10.79,10.46,20366,21720000,0.19,1.81,3.14,3.09
2014-01-16,10.71,10.74,10.79,10.61,18951,20310000,0.03,0.28,1.68,2.88
2014-01-17,10.72,10.47,10.72,10.40,14597,15320000,-0.27,-2.51,2.98,2.22
2014-01-20,10.45,10.32,10.47,10.26,10606,11000000,-0.15,-1.43,2.01,1.61
2014-01-21,10.35,10.67,10.67,10.35,14359,15200000,0.35,3.39,3.10,2.18
2014-01-22,10.67,10.96,11.03,10.62,26673,29140000,0.29,2.72,3.84,4.05
2014-01-23,10.95,10.98,11.19,10.92,22755,25120000,0.02,0.18,2.46,3.46
2014-01-24,10.97,11.18,11.33,10.93,22497,25190000,0.20,1.82,3.64,3.42
2014-01-27,11.15,11.29,11.40,11.08,22316,25110000,0.11,0.98,2.86,3.39
2014-01-28,11.12,10.93,11.12,10.81,22843,24990000,-0.36,-3.19,2.75,3.47
2014-01-29,10.90,11.42,11.48,10.83,29719,33470000,0.49,4.48,5.95,4.51
2014-01-30,11.42,11.13,11.42,11.10,17265,19390000,-0.29,-2.54,2.80,2.62
2014-02-07,11.01,11.39,11.43,10.98,19002,21530000,0.26,2.34,4.04,2.89
2014-02-10,11.42,11.76,11.76,11.39,30671,35650000,0.37,3.25,3.25,4.66
2014-02-11,11.78,11.81,12.00,11.50,34602,40740000,0.05,0.43,4.25,5.26
2014-02-12,11.86,11.92,11.94,11.62,27435,32300000,0.11,0.93,2.71,4.17
2014-02-13,11.90,11.50,11.90,11.50,26096,30650000,-0.42,-3.52,3.36,3.96
2014-02-14,11.59,11.96,11.99,11.50,30552,35920000,0.46,4.00,4.26,4.64
2014-02-17,11.97,12.20,12.41,11.97,31833,38890000,0.24,2.01,3.68,4.83
2014-02-18,12.21,12.06,12.25,11.95,28847,34840000,-0.14,-1.15,2.46,4.38
2014-02-19,12.03,11.93,12.24,11.91,30146,36360000,-0.13,-1.08,2.74,4.58
2014-02-20,12.05,11.56,12.11,11.56,24376,28560000,-0.37,-3.10,4.61,3.70
2014-02-21,11.57,11.62,11.71,11.45,15229,17630000,0.06,0.52,2.25,2.31
2014-02-24,11.57,12.01,12.01,11.57,23594,27940000,0.39,3.36,3.79,3.58
2014-02-25,12.00,11.67,12.48,11.58,42277,50930000,-0.34,-2.83,7.49,6.42
2014-02-26,11.60,11.75,11.79,11.29,16891,19450000,0.08,0.69,4.28,2.57
2014-02-27,11.78,11.80,12.25,11.76,29023,34880000,0.05,0.43,4.17,4.41
2014-02-28,11.82,12.25,12.26,11.40,31242,37380000,0.45,3.81,7.29,4.74
2014-03-03,12.45,12.35,12.47,12.12,35331,43390000,0.10,0.82,2.86,5.37
2014-03-04,12.30,13.20,13.40,12.11,65928,84060000,0.85,6.88,10.45,10.01
2014-03-05,13.00,12.79,13.15,12.66,42806,55090000,-0.41,-3.11,3.71,6.50
2014-03-06,12.99,14.07,14.07,12.80,112363,154570000,1.28,10.01,9.93,17.07
2014-03-07,13.92,14.70,15.23,13.61,126942,182150000,0.63,4.48,11.51,19.28
2014-03-10,14.55,13.92,14.97,13.86,73948,105810000,-0.78,-5.31,7.55,11.23
2014-03-11,13.90,13.47,14.25,13.15,58103,78810000,-0.45,-3.23,7.90,8.82
2014-03-12,13.11,12.96,13.27,12.50,51300,66120000,-0.51,-3.79,5.72,7.79
2014-03-13,12.93,13.27,13.49,12.75,41783,55020000,0.31,2.39,5.71,6.35
2014-03-14,13.20,12.92,13.26,12.72,25261,32620000,-0.35,-2.64,4.07,3.84
2014-03-17,12.88,13.30,13.30,12.56,30217,39210000,0.38,2.94,5.73,4.59
2014-03-18,13.27,13.70,13.79,13.10,46040,62120000,0.40,3.01,5.19,6.99
2014-03-19,13.57,13.46,13.62,13.15,28010,37490000,-0.24,-1.75,3.43,4.25
2014-03-20,13.47,12.76,13.53,12.71,29097,38100000,-0.70,-5.20,6.09,4.42
2014-03-21,12.60,12.84,12.92,12.31,23862,30160000,0.08,0.63,4.78,3.62
2014-03-24,12.75,12.91,12.97,12.65,15854,20390000,0.07,0.55,2.49,2.41
2014-03-25,12.91,13.05,13.07,12.73,14829,19190000,0.14,1.08,2.63,2.25
2014-03-26,13.09,13.36,13.63,13.09,30256,40620000,0.31,2.38,4.14,4.60
2014-03-27,13.21,12.70,13.21,12.70,23180,29980000,-0.66,-4.94,3.82,3.52
2014-03-28,12.70,12.07,12.79,11.92,23182,28490000,-0.63,-4.96,6.85,3.52
2014-03-31,11.99,12.23,12.25,11.92,13621,16390000,0.16,1.33,2.73,2.07
2014-04-01,12.01,12.03,12.12,11.80,9502,11390000,0.10,0.84,2.68,1.44
2014-04-02,12.03,11.52,12.06,11.45,18877,22070000,-0.51,-4.24,5.07,2.87
2014-04-03,11.55,11.53,11.63,11.43,12489,14400000,0.01,0.09,1.74,1.90
2014-04-04,11.50,11.52,11.59,11.22,17761,20250000,-0.01,-0.09,3.21,2.70
2014-04-08,11.49,11.74,11.83,11.33,16751,19510000,0.22,1.91,4.34,2.54
2014-04-09,11.75,11.96,11.97,11.71,12355,14660000,0.22,1.87,2.21,1.88
2014-04-10,11.93,11.89,12.10,11.85,14194,16990000,-0.07,-0.59,2.09,2.16
2014-04-11,11.80,12.00,12.08,11.59,15927,18830000,0.11,0.93,4.12,2.42
2014-04-14,12.00,12.11,12.12,11.90,11383,13680000,0.11,0.92,1.83,1.73
2014-04-15,12.12,11.90,12.14,11.84,9865,11780000,-0.21,-1.73,2.48,1.50
2014-04-16,11.90,11.80,11.94,11.71,6592,7780000,-0.10,-0.84,1.93,1.00
2014-04-17,11.80,11.88,11.92,11.79,5906,7010000,0.08,0.68,1.10,0.90
2014-04-18,11.89,11.85,11.89,11.70,5837,6900000,-0.03,-0.25,1.60,0.89
2014-04-21,11.80,11.49,11.93,11.49,10371,12150000,-0.36,-3.04,3.71,1.58
2014-04-22,11.26,11.76,11.77,11.26,9812,11350000,0.27,2.35,4.44,1.49
2014-04-23,11.76,11.78,11.91,11.62,8431,9970000,0.02,0.17,2.47,1.28
2014-04-24,11.70,11.41,11.80,11.40,6443,7470000,-0.37,-3.14,3.40,0.98
2014-04-25,11.38,11.18,11.55,11.17,6653,7540000,-0.23,-2.02,3.33,1.01
2014-04-28,11.15,10.49,11.21,10.46,9604,10320000,-0.69,-6.17,6.71,1.46
2014-04-29,10.52,10.85,10.85,10.52,6535,7010000,0.36,3.43,3.15,0.99
2014-04-30,10.81,11.27,11.35,10.81,6370,7060000,0.42,3.87,4.98,0.97
2014-05-05,11.20,11.27,11.34,11.02,4723,5280000,0.00,0.00,2.84,0.72
2014-05-06,11.32,11.29,11.47,11.24,7934,9010000,0.02,0.18,2.04,1.20
2014-05-07,11.19,11.14,11.31,11.14,4934,5530000,-0.15,-1.33,1.51,0.75
2014-05-08,11.03,11.15,11.38,11.03,4750,5340000,0.01,0.09,3.14,0.72
2014-05-09,11.24,11.11,11.24,11.05,3429,3810000,-0.04,-0.36,1.70,0.52
2014-05-12,11.22,11.60,11.60,11.22,10042,11450000,0.49,4.41,3.42,1.53
2014-05-13,11.58,11.50,11.64,11.40,6329,7280000,-0.10,-0.86,2.07,0.96
2014-05-14,11.44,11.43,11.50,11.31,8769,9990000,-0.07,-0.61,1.65,1.33
2014-05-15,11.36,11.11,11.41,11.08,5442,6100000,-0.32,-2.80,2.89,0.83
2014-05-16,11.02,11.02,11.14,10.85,6323,6950000,-0.09,-0.81,2.61,0.96
2014-05-19,10.90,11.02,11.10,10.81,3299,3630000,0.00,0.00,2.63,0.50
2014-05-20,11.12,11.15,11.24,11.06,3906,4360000,0.13,1.18,1.63,0.59
2014-05-21,11.08,11.25,11.27,11.04,5856,6530000,0.10,0.90,2.06,0.89
2014-05-22,11.26,11.38,11.43,11.17,14338,16300000,0.13,1.16,2.31,2.18
2014-05-23,11.38,11.48,11.52,11.30,6274,7170000,0.10,0.88,1.93,0.95
2014-05-26,11.54,11.59,11.68,11.45,5618,6480000,0.11,0.96,2.00,0.85
2014-05-27,11.53,11.44,11.63,11.42,5331,6130000,-0.15,-1.29,1.81,0.81
2014-05-28,11.35,11.53,11.53,11.34,6100,6980000,0.09,0.79,1.66,0.93
2014-05-29,11.56,11.34,11.62,11.34,6628,7620000,-0.19,-1.65,2.43,1.01
2014-05-30,11.44,11.45,11.48,11.28,6343,7230000,0.11,0.97,1.76,0.96
2014-06-03,11.50,11.49,11.60,11.40,7577,8740000,0.04,0.35,1.75,1.15
2014-06-04,11.49,11.26,11.49,11.21,4954,5610000,-0.23,-2.00,2.44,0.75
2014-06-05,11.35,11.74,11.79,11.28,19708,22880000,0.48,4.26,4.53,2.99
2014-06-06,11.72,11.72,11.82,11.60,8570,10020000,-0.02,-0.17,1.87,1.30
2014-06-09,11.65,11.58,11.75,11.57,5047,5890000,-0.14,-1.19,1.54,0.77
2014-06-10,11.62,11.91,11.93,11.62,13064,15450000,0.33,2.85,2.68,1.98
2014-06-11,11.84,11.95,11.98,11.84,7952,9480000,0.04,0.34,1.18,1.21
2014-06-12,11.95,11.73,11.99,11.73,8450,9990000,-0.22,-1.84,2.18,1.28
2014-06-13,11.75,11.92,11.95,11.74,9536,11330000,0.19,1.62,1.79,1.45
2014-06-16,11.86,12.13,12.22,11.82,16698,20190000,0.21,1.76,3.36,2.54
2014-06-17,12.11,12.05,12.11,11.95,8496,10210000,-0.08,-0.66,1.32,1.29
2014-06-18,11.99,11.79,12.10,11.72,7824,9260000,-0.26,-2.16,3.15,1.19
2014-06-19,11.76,11.34,11.88,11.10,9309,10720000,-0.45,-3.82,6.62,1.41
2014-06-20,11.30,11.57,11.57,11.15,4853,5540000,0.23,2.03,3.70,0.74
2014-06-23,11.61,11.72,11.78,11.53,6417,7480000,0.15,1.30,2.16,0.97
2014-06-24,11.72,12.12,12.12,11.63,13783,16470000,0.40,3.41,4.18,2.09
2014-06-25,12.12,12.33,12.35,11.93,16257,19760000,0.21,1.73,3.47,2.47
2014-06-26,12.30,12.29,12.40,12.20,15262,18790000,-0.04,-0.32,1.62,2.32
2014-06-27,12.26,12.47,12.60,12.17,18901,23600000,0.18,1.46,3.50,2.87
2014-06-30,12.46,12.40,12.65,12.36,14646,18250000,-0.07,-0.56,2.33,2.22
2014-07-01,12.40,12.34,12.51,12.23,13671,16900000,-0.06,-0.48,2.26,2.08
2014-07-02,12.34,12.39,12.40,12.16,13804,16960000,0.05,0.41,1.94,2.10
2014-07-03,12.44,12.47,12.50,12.25,13471,16720000,0.08,0.65,2.02,2.05
2014-07-04,12.41,12.37,12.52,12.30,9158,11330000,-0.10,-0.80,1.76,1.39
2014-07-07,12.25,12.55,12.63,12.25,15002,18780000,0.18,1.46,3.07,2.28
2014-07-08,12.55,12.90,12.90,12.48,23243,29540000,0.35,2.79,3.35,3.53
2014-07-09,12.88,12.41,12.90,12.33,18519,23480000,-0.49,-3.80,4.42,2.81
2014-07-10,12.40,12.85,12.88,12.36,17437,22180000,0.44,3.55,4.19,2.65
2014-07-11,12.85,13.10,13.45,12.61,31080,41050000,0.25,1.95,6.54,4.72
2014-07-14,13.09,13.22,13.36,13.00,19341,25490000,0.12,0.92,2.75,2.94
2014-07-15,13.25,13.87,13.98,13.06,54417,74580000,0.65,4.92,6.96,8.26
2014-07-16,13.70,13.52,13.79,13.38,29823,40430000,-0.35,-2.52,2.96,4.53
2014-07-17,13.48,13.18,13.50,13.08,16491,21720000,-0.34,-2.51,3.11,2.50
2014-07-18,13.10,13.15,13.30,12.88,12864,16950000,-0.03,-0.23,3.19,1.95
2014-07-21,13.16,13.68,13.99,13.15,37432,51120000,0.53,4.03,6.39,5.69
2014-07-22,13.30,13.54,13.96,13.30,30104,41190000,-0.14,-1.02,4.82,4.57
2014-07-23,13.59,13.10,13.60,12.98,26131,34450000,-0.44,-3.25,4.58,3.97
2014-07-24,13.12,12.68,13.18,12.61,18765,24080000,-0.42,-3.21,4.35,2.85
2014-07-25,12.59,12.70,12.88,12.59,8987,11440000,0.02,0.16,2.29,1.36
2014-07-28,12.72,12.95,13.16,12.72,14526,18940000,0.25,1.97,3.46,2.21
2014-07-29,12.94,13.04,13.19,12.81,14438,18850000,0.09,0.70,2.93,2.19
2014-07-30,13.01,12.95,13.13,12.80,20660,26710000,-0.09,-0.69,2.53,3.14
2014-07-31,12.95,13.59,13.68,12.87,36942,49490000,0.64,4.94,6.25,5.61
2014-08-01,13.43,13.18,13.58,13.16,18780,25120000,-0.41,-3.02,3.09,2.85
2014-08-04,13.20,13.40,13.48,13.20,15492,20670000,0.22,1.67,2.12,2.35
2014-08-05,13.44,13.29,13.47,13.16,17984,23860000,-0.11,-0.82,2.31,2.73
2014-08-06,13.23,13.50,13.54,13.21,21068,28260000,0.21,1.58,2.48,3.20
2014-08-07,13.55,13.13,13.55,13.00,22150,29400000,-0.37,-2.74,4.07,3.36
2014-08-08,13.15,13.19,13.23,13.09,11008,14480000,0.06,0.46,1.07,1.67
2014-08-11,13.11,13.38,13.45,13.11,14836,19780000,0.19,1.44,2.58,2.25
2014-08-12,13.32,13.72,13.85,13.30,29815,40620000,0.34,2.54,4.11,4.53
2014-08-13,13.75,13.79,13.85,13.42,25297,34500000,0.07,0.51,3.13,3.84
2014-08-14,13.78,14.03,14.12,13.58,43143,60140000,0.24,1.74,3.92,6.55
2014-08-15,13.95,14.25,14.30,13.86,33467,47090000,0.22,1.57,3.14,5.08
2014-08-18,14.70,14.29,14.95,14.20,45141,65060000,0.04,0.28,5.26,6.86
2014-08-19,14.38,15.19,15.45,14.21,66285,99290000,0.90,6.30,8.68,10.07
2014-08-20,14.98,14.87,15.14,14.80,25978,38800000,-0.32,-2.11,2.24,3.95
2014-08-21,14.91,14.70,15.02,14.30,23781,34760000,-0.17,-1.14,4.84,3.61
2014-08-22,14.64,14.69,14.72,14.46,14628,21330000,-0.01,-0.07,1.77,2.22
2014-08-25,14.69,14.53,14.80,14.40,13002,18920000,-0.16,-1.09,2.72,1.97
2014-08-26,14.51,13.95,14.58,13.90,22107,31160000,-0.58,-3.99,4.68,3.36
2014-08-27,13.99,14.14,14.23,13.99,11954,16890000,0.19,1.36,1.72,1.82
2014-08-28,14.00,13.88,14.25,13.85,10374,14570000,-0.26,-1.84,2.83,1.58
2014-08-29,13.88,14.23,14.36,13.88,12076,17160000,0.35,2.52,3.46,1.83
2014-09-01,14.30,14.72,14.78,14.26,20353,29660000,0.49,3.44,3.65,3.09
2014-09-02,14.72,14.82,14.82,14.60,19889,29290000,0.10,0.68,1.49,3.02
2014-09-03,14.78,14.68,14.87,14.61,13795,20320000,-0.14,-0.94,1.75,2.10
2014-09-04,14.68,14.76,14.84,14.67,16638,24540000,0.08,0.55,1.16,2.53
2014-09-05,14.78,14.77,14.88,14.60,12027,17730000,0.01,0.07,1.90,1.83
2014-09-09,14.78,15.00,15.16,14.67,18532,27730000,0.23,1.56,3.32,2.81
2014-09-10,14.90,15.05,15.20,14.88,16468,24820000,0.05,0.33,2.13,2.50
2014-09-11,15.09,15.01,15.37,14.81,19029,28760000,-0.04,-0.27,3.72,2.89
2014-09-12,15.08,15.08,15.16,14.82,14971,22480000,0.07,0.47,2.27,2.27
2014-09-15,15.18,15.24,15.24,14.91,19723,29680000,0.16,1.06,2.19,3.00
2014-09-16,15.30,14.50,15.37,14.45,19424,29020000,-0.74,-4.86,6.04,2.95
2014-09-17,14.40,14.91,14.96,14.39,15535,22860000,0.41,2.83,3.93,2.36
2014-09-18,14.91,14.96,15.13,14.79,13208,19810000,0.05,0.34,2.28,2.01
2014-09-19,15.03,15.13,15.29,15.02,15942,24160000,0.17,1.14,1.80,2.42
2014-09-22,15.10,15.10,15.52,15.00,29116,44650000,-0.03,-0.20,3.44,4.42
2014-09-23,15.22,16.61,16.61,15.22,22193,36490000,1.51,10.00,9.21,3.37
2014-09-24,17.20,18.27,18.27,17.20,41983,75100000,1.66,9.99,6.44,6.38
2014-09-25,18.80,19.90,20.10,17.52,170711,321240000,1.63,8.92,14.12,25.93
2014-09-26,19.38,19.08,19.69,19.00,72374,139370000,-0.82,-4.12,3.47,10.99
2014-09-29,18.88,20.01,20.79,18.80,83672,167780000,0.93,4.87,10.43,12.71
2014-09-30,19.73,20.60,21.45,19.41,153479,313350000,0.59,2.95,10.19,23.31
2014-10-08,20.50,20.71,21.40,20.00,83764,173680000,0.11,0.53,6.80,12.72
2014-10-09,20.48,20.54,20.73,20.20,45941,93740000,-0.17,-0.82,2.56,6.98
2014-10-10,20.41,19.40,20.66,19.18,78007,153540000,-1.14,-5.55,7.21,11.85
2014-10-13,18.88,19.03,19.24,18.52,41003,77070000,-0.37,-1.91,3.71,6.23
2014-10-14,19.05,19.46,19.97,18.81,48824,94590000,0.43,2.26,6.10,7.42
2014-10-15,19.29,18.81,19.29,18.52,42445,79820000,-0.65,-3.34,3.96,6.45
2014-10-16,18.80,18.36,18.96,18.33,28720,53710000,-0.45,-2.39,3.35,4.36
2014-10-17,18.39,18.65,18.72,18.03,27222,50080000,0.29,1.58,3.76,4.13
2014-10-20,18.64,19.05,19.10,18.41,22450,42310000,0.40,2.14,3.70,3.41
2014-10-21,19.03,18.40,19.10,18.40,20867,39030000,-0.65,-3.41,3.67,3.17
2014-10-22,18.47,18.44,18.98,18.38,18251,34040000,0.04,0.22,3.26,2.77
2014-10-23,18.15,17.56,18.39,17.41,24821,43970000,-0.88,-4.77,5.31,3.77
2014-10-24,17.84,17.35,17.84,17.26,15602,27130000,-0.21,-1.20,3.30,2.37
2014-10-27,17.29,17.65,17.67,17.06,13586,23610000,0.30,1.73,3.52,2.06
2014-10-28,17.71,18.17,18.23,17.69,23502,42100000,0.52,2.95,3.06,3.57
2014-10-29,18.24,18.40,18.48,17.80,39340,71220000,0.23,1.27,3.74,5.97
2014-10-30,18.40,18.46,18.50,17.95,35251,64520000,0.06,0.33,2.99,5.35
2014-10-31,18.41,18.21,18.57,18.13,21965,40190000,-0.25,-1.35,2.38,3.34
2015-02-02,18.90,16.62,18.90,16.41,50732,88050000,-1.59,-8.73,13.67,2.87
2015-02-03,16.21,18.18,18.18,16.21,37384,64180000,1.56,9.39,11.85,2.12
2015-02-04,18.10,18.88,19.87,18.07,49765,94270000,0.70,3.85,9.90,2.82
2015-02-05,18.88,18.45,19.18,18.32,23827,44390000,-0.43,-2.28,4.56,1.35
2015-02-06,18.80,18.45,19.08,18.30,18725,34870000,0.00,0.00,4.23,1.06
2015-02-09,18.75,18.59,19.39,18.33,18350,34430000,0.14,0.76,5.75,1.04
2015-02-10,18.39,17.64,18.44,17.35,18861,33470000,-0.95,-5.11,5.86,1.07
2015-02-11,17.62,17.90,18.23,16.93,23748,41430000,0.26,1.47,7.37,1.34
2015-02-12,17.70,17.88,18.05,17.51,14822,26320000,-0.02,-0.11,3.02,0.84
2015-02-13,17.90,17.96,18.21,17.77,13263,23890000,0.08,0.45,2.46,0.75
2015-02-16,17.96,18.00,18.09,17.60,13818,24740000,0.04,0.22,2.73,0.78
2015-02-17,18.00,18.54,19.37,18.00,24180,45220000,0.54,3.00,7.61,1.37
2015-02-25,18.53,18.70,18.99,18.40,17227,32310000,0.16,0.86,3.18,0.97
2015-02-26,18.90,19.02,19.16,18.52,24366,45930000,0.32,1.71,3.42,1.38
2015-02-27,18.86,19.09,19.10,18.80,20741,39370000,0.07,0.37,1.58,1.17
2015-03-02,19.10,19.53,19.68,19.09,29229,56870000,0.44,2.30,3.09,1.65
2015-03-03,19.40,19.12,19.53,19.08,25730,49410000,-0.41,-2.10,2.30,1.46
2015-03-04,19.01,18.98,19.40,18.89,27340,52220000,-0.14,-0.73,2.67,1.55
2015-03-05,18.99,19.23,19.28,18.86,17764,33790000,0.25,1.32,2.21,1.01
2015-03-06,19.22,19.78,20.22,19.08,54443,107170000,0.55,2.86,5.93,3.08
2015-03-09,19.90,20.53,20.82,19.89,53552,109330000,0.75,3.79,4.70,3.03
2015-03-10,20.21,21.44,21.44,19.63,61112,127890000,0.91,4.43,8.82,3.46
2015-03-11,21.45,20.95,22.33,20.70,46748,100220000,-0.49,-2.29,7.60,2.65
2015-03-12,20.81,20.28,20.89,20.15,28892,58990000,-0.67,-3.20,3.53,1.63
2015-03-13,20.36,20.75,21.28,20.16,20994,43370000,0.47,2.32,5.52,1.19
2015-03-16,20.75,21.11,21.23,20.51,36773,76480000,0.36,1.73,3.47,2.08
2015-03-17,21.02,23.22,23.22,21.02,66060,145790000,2.11,10.00,10.42,3.74
2015-03-18,23.31,24.08,25.01,22.80,72539,174210000,0.86,3.70,9.52,4.10
2015-03-19,24.50,24.10,24.50,23.72,35099,84730000,0.02,0.08,3.24,1.99
2015-03-20,23.95,24.44,24.99,23.80,34945,85250000,0.34,1.41,4.94,1.98
2015-03-23,25.39,24.90,25.39,24.17,37498,93430000,0.46,1.88,4.99,2.12
2015-03-24,24.90,27.18,27.24,23.70,93796,242530000,2.28,9.16,14.22,5.31
2015-03-25,26.89,27.60,27.99,26.36,54491,149020000,0.42,1.55,6.00,3.08
2015-03-26,27.40,26.55,28.16,25.71,53494,144520000,-1.05,-3.80,8.88,3.03
2015-03-27,25.94,27.10,27.30,24.98,73507,192460000,0.55,2.07,8.74,4.16
2015-03-30,26.79,26.44,27.45,25.80,104479,277110000,-0.66,-2.44,6.09,5.91
2015-03-31,26.52,25.14,26.59,25.00,52225,134470000,-1.30,-4.92,6.01,2.96
2015-04-01,25.38,25.73,25.82,24.96,47030,119310000,0.59,2.35,3.42,2.66
2015-04-02,25.73,26.13,26.19,25.46,35179,90940000,0.40,1.55,2.84,1.99
2015-04-03,25.92,27.05,27.39,25.86,78012,209470000,0.92,3.52,5.86,4.41
2015-04-07,27.09,26.90,27.30,26.38,73618,196940000,-0.15,-0.55,3.40,4.17
2015-04-08,26.89,25.28,26.89,24.25,81981,209220000,-1.62,-6.02,9.81,4.64
2015-04-09,25.14,24.05,25.15,22.75,57193,135070000,-1.23,-4.87,9.49,3.24
2015-04-10,23.51,24.42,24.58,23.45,33273,80730000,0.37,1.54,4.70,1.88
2015-04-13,24.41,24.67,24.96,23.15,32383,78920000,0.25,1.02,7.41,1.83
2015-04-14,24.67,24.19,24.96,24.04,26745,65540000,-0.48,-1.95,3.73,1.51
2015-04-15,24.19,24.90,26.52,23.88,70295,178540000,0.71,2.94,10.91,3.98
2015-04-16,24.50,24.86,25.47,24.12,30188,75350000,-0.04,-0.16,5.42,1.71
2015-04-17,25.25,24.58,25.30,24.30,32223,79870000,-0.28,-1.13,4.02,1.82
2015-04-20,24.19,22.82,24.55,22.79,40146,93960000,-1.76,-7.16,7.16,2.27
2015-04-21,23.50,24.09,24.10,23.11,26895,63630000,1.27,5.57,4.34,1.52
2015-04-22,24.16,24.49,24.69,24.10,24330,59540000,0.40,1.66,2.45,1.38
2015-04-23,24.59,26.20,26.60,24.14,75890,190210000,1.71,6.98,10.04,4.29
2015-04-24,25.51,25.53,26.00,24.99,75044,191540000,-0.67,-2.56,3.86,4.25
2015-04-27,25.34,25.52,26.40,25.29,52393,135100000,-0.01,-0.04,4.35,2.96
2015-04-28,25.48,26.42,26.50,25.42,106620,277980000,0.90,3.53,4.23,6.03
2015-04-29,26.33,28.19,29.00,26.09,112421,304340000,1.77,6.70,11.01,6.36
2015-04-30,28.02,26.80,28.02,26.60,54774,149830000,-1.39,-4.93,5.04,3.10
2015-05-04,26.75,27.02,27.50,26.50,39139,105900000,0.22,0.82,3.73,2.21
2015-05-05,26.81,25.81,27.27,25.36,38093,100690000,-1.21,-4.48,7.07,2.16
2015-05-06,25.81,26.14,26.50,25.60,28696,74900000,0.33,1.28,3.49,1.62
2015-05-07,26.00,27.06,27.09,25.00,66427,173870000,0.92,3.52,8.00,3.76
2015-05-08,27.08,28.07,28.90,26.91,93500,260010000,1.01,3.73,7.35,5.29
2015-05-11,28.10,28.89,29.00,26.60,66024,186470000,0.82,2.92,8.55,3.74
2015-05-12,28.79,28.28,28.79,27.81,52147,147160000,-0.61,-2.11,3.39,2.95
2015-05-13,28.10,31.11,31.11,27.51,113880,333190000,2.83,10.01,12.73,6.44
2015-05-14,32.18,34.22,34.22,32.18,89378,298770000,3.11,10.00,6.56,5.06
2015-05-15,37.64,37.64,37.64,34.65,73419,274900000,3.42,9.99,8.74,4.15
2015-05-18,41.40,41.40,41.40,39.59,47082,194430000,3.76,9.99,4.81,2.66
2015-05-19,45.40,45.54,45.54,41.50,157622,689790000,4.14,10.00,9.76,8.92
2015-05-20,48.80,49.98,50.09,45.60,107086,525640000,4.44,9.75,9.86,6.06
2015-05-21,47.67,48.86,52.00,47.00,77415,375320000,-1.12,-2.24,10.00,4.38
2015-05-22,48.82,47.73,51.49,47.50,88739,436010000,-1.13,-2.31,8.17,5.02
2015-05-25,47.70,47.08,48.50,44.00,66910,309860000,-0.65,-1.36,9.43,3.79
2015-05-26,46.70,51.79,51.79,46.70,89748,443970000,4.71,10.00,10.81,5.08
2015-05-27,53.00,51.80,56.97,51.52,110720,599120000,0.01,0.02,10.52,6.27
2015-05-28,50.90,46.62,52.76,46.62,73492,363610000,-5.18,-10.00,11.85,4.16
2015-05-29,46.00,47.79,49.80,43.22,72582,344840000,1.17,2.51,14.11,4.11
2015-06-01,47.91,51.77,52.43,46.00,77925,388360000,3.98,8.33,13.45,4.41
2015-06-02,52.10,56.83,56.83,52.10,72191,406390000,5.17,10.01,9.16,4.09
2015-06-03,59.98,60.18,60.88,53.00,82941,478130000,3.35,5.89,13.87,4.69
2015-06-04,59.00,58.89,61.00,55.50,50394,291910000,-1.29,-2.14,9.14,2.85
2015-06-05,59.47,58.79,60.86,54.86,44572,261050000,-0.10,-0.17,10.19,2.52
2015-06-08,58.72,59.93,63.50,57.79,43605,262880000,1.14,1.94,9.71,2.47
2015-06-09,59.80,62.10,63.00,58.50,37789,229810000,2.17,3.62,7.51,2.14
2015-06-10,60.15,60.40,62.29,59.00,28187,171790000,-1.70,-2.74,5.30,1.60
2015-06-11,60.39,60.20,62.00,58.50,26697,160270000,-0.20,-0.33,5.79,1.51
2015-06-12,59.90,66.22,66.22,59.81,35422,227050000,6.02,10.00,10.65,2.00
2015-06-15,67.50,72.84,72.84,67.50,45795,331330000,6.62,10.00,8.06,2.59
2015-06-16,73.99,73.64,77.99,69.00,46574,342240000,0.80,1.10,12.34,2.64
2015-06-17,74.91,72.48,75.00,68.00,24754,177640000,-1.16,-1.58,9.51,1.40
2015-06-18,71.57,74.55,79.72,71.28,32490,246840000,2.07,2.86,11.64,1.84
2015-06-19,71.98,71.00,75.90,69.60,22927,167840000,-3.55,-4.76,8.45,1.30
2015-06-23,68.50,66.20,73.00,63.90,34180,228830000,-4.80,-6.76,12.82,1.93
2015-06-24,67.80,61.58,67.91,59.58,59165,366280000,-4.62,-6.98,12.58,3.35
2015-06-25,61.50,60.58,63.80,57.08,42637,258150000,-1.00,-1.62,10.91,2.41
2015-06-26,56.51,54.52,58.00,54.52,29488,163760000,-6.06,-10.00,5.74,1.67
2015-06-29,54.90,49.07,56.98,49.07,28849,143290000,-5.45,-10.00,14.51,1.63
2015-06-30,45.28,53.98,53.98,44.16,94312,452810000,4.91,10.01,20.01,5.34
2015-07-01,55.92,54.70,59.38,53.99,56920,328270000,0.72,1.33,9.99,3.22
2015-07-02,53.65,54.70,59.65,49.32,63087,350440000,0.00,0.00,18.88,3.57
2015-07-03,52.80,50.97,57.39,49.23,46870,245180000,-3.73,-6.82,14.92,2.65
2015-07-06,56.07,51.59,56.07,46.00,56260,285430000,0.62,1.22,19.76,3.18
2015-07-17,56.75,56.75,56.75,46.51,60089,335530000,5.16,10.00,19.85,3.40
2015-07-20,57.50,62.43,62.43,56.00,49321,301770000,5.68,10.01,11.33,2.79
2015-07-21,64.01,68.67,68.67,63.00,27375,185910000,6.24,10.00,9.08,1.55
2015-07-22,75.00,75.54,75.54,71.00,17218,129650000,6.87,10.00,6.61,0.97
2015-07-23,81.50,76.03,82.50,72.00,48612,371890000,0.49,0.65,13.90,2.75
2015-07-24,76.88,75.70,77.69,74.50,32392,245780000,-0.33,-0.43,4.20,1.83
2015-07-27,76.70,71.28,83.27,70.13,59136,469520000,-4.42,-5.84,17.36,3.35
2015-07-28,64.20,66.40,75.20,64.15,57042,384740000,-4.88,-6.85,15.50,3.23
2015-07-29,66.00,71.26,71.51,63.49,41305,277420000,4.86,7.32,12.08,2.34
2015-07-30,72.40,72.31,77.40,71.27,46810,349740000,1.05,1.47,8.60,2.65
2015-07-31,71.48,75.84,76.92,71.26,33816,251610000,3.53,4.88,7.83,1.91
2015-08-03,75.45,68.26,77.77,68.26,31902,228110000,-7.58,-9.99,12.54,1.81
2015-08-04,68.88,73.90,73.97,65.75,23202,163020000,5.64,8.26,12.04,1.31
2015-08-05,73.50,72.52,75.01,71.58,20981,153870000,-1.38,-1.87,4.64,1.19
2015-08-06,70.88,70.49,73.00,69.00,9731,69590000,-2.03,-2.80,5.52,0.55
2015-08-07,71.95,74.00,74.84,71.95,15295,112640000,3.51,4.98,4.10,0.87
2015-08-10,74.00,81.40,81.40,74.00,20232,162050000,7.40,10.00,10.00,1.14
2015-08-11,85.00,86.93,87.34,82.32,31679,268840000,5.53,6.79,6.17,1.79
2015-08-12,84.50,87.61,90.50,84.00,24746,217090000,0.68,0.78,7.48,1.40
2015-08-13,86.88,86.62,88.77,84.00,17117,147950000,-0.99,-1.13,5.44,0.97
2015-08-14,86.70,87.30,89.00,85.50,14192,123970000,0.68,0.79,4.04,0.80
2015-08-17,87.30,83.50,88.97,81.42,18727,158750000,-3.80,-4.35,8.65,1.06
2015-08-18,84.46,75.15,84.47,75.15,21174,167190000,-8.35,-10.00,11.16,1.20
2015-08-19,70.06,72.71,74.78,67.64,29413,206640000,-2.44,-3.25,9.50,1.66
2015-08-20,74.00,74.50,77.90,72.71,19455,145560000,1.79,2.46,7.14,1.10
2015-08-21,73.88,69.46,73.88,67.05,17005,120630000,-5.04,-6.77,9.17,0.96
2015-08-24,68.00,62.51,68.00,62.51,20859,131060000,-6.95,-10.01,7.90,1.18
2015-08-25,56.26,56.26,56.26,56.26,2993,16840000,-6.25,-10.00,0.00,0.17
2015-08-26,53.01,50.63,58.88,50.63,47086,242840000,-5.63,-10.01,14.66,2.66
2015-08-27,50.30,51.98,54.17,48.20,30829,157450000,1.35,2.67,11.79,1.74
2015-08-28,54.00,57.18,57.18,52.08,23053,126860000,5.20,10.00,9.81,1.30
2015-08-31,58.80,57.00,60.50,56.80,23796,138840000,-0.18,-0.31,6.47,1.35
2015-09-01,55.10,51.30,57.00,51.30,23299,121110000,-5.70,-10.00,10.00,1.32
2015-09-02,46.17,46.17,51.19,46.17,28439,134010000,-5.13,-10.00,9.79,1.61
2015-09-07,46.00,42.00,49.10,41.55,35331,156450000,-4.17,-9.03,16.35,2.00
2015-09-08,41.89,38.32,41.89,37.80,40147,153640000,-3.68,-8.76,9.74,2.27
2015-09-09,38.50,42.15,42.15,37.00,46023,184380000,3.83,9.99,13.44,2.60
2015-09-10,41.30,44.61,46.00,40.66,38627,169190000,2.46,5.84,12.67,2.19
2015-09-11,43.82,43.52,45.00,41.00,30249,129770000,-1.09,-2.44,8.97,1.71
2015-09-14,42.10,39.17,42.98,39.17,35898,143000000,-4.35,-10.00,8.75,2.03
2015-09-15,35.25,35.25,35.25,35.25,3724,13130000,-3.92,-10.01,0.00,0.21
2015-09-16,31.73,38.70,38.78,31.73,108194,363330000,3.45,9.79,20.00,6.12
2015-09-17,35.00,34.83,36.50,34.83,107808,382260000,-3.87,-10.00,4.32,6.10
2015-09-18,33.79,31.35,34.20,31.35,83864,267830000,-3.48,-9.99,8.18,4.75
2015-09-21,30.20,31.70,32.19,29.03,74761,229630000,0.35,1.12,10.08,4.23
2015-09-22,31.70,32.43,34.00,31.11,85328,277970000,0.73,2.30,9.12,4.83
2015-09-23,31.00,31.34,32.00,30.60,54677,171150000,-1.09,-3.36,4.32,3.09
2015-09-24,31.50,34.47,34.47,31.50,93544,310640000,3.13,9.99,9.48,5.29
2015-09-25,35.02,34.40,36.08,32.01,104039,359340000,-0.07,-0.20,11.81,5.89
2015-09-28,34.30,33.34,34.35,31.60,67881,224200000,-1.06,-3.08,7.99,3.84
2015-09-29,32.44,33.32,34.95,32.00,73126,247800000,-0.02,-0.06,8.85,4.14
2015-09-30,33.73,32.96,34.38,32.09,52525,175770000,-0.36,-1.08,6.87,2.97
2015-10-08,34.19,33.92,34.82,33.65,64633,220760000,0.96,2.91,3.55,3.66
2015-10-09,33.70,34.42,34.75,33.45,57242,196040000,0.50,1.47,3.83,3.24
2015-10-12,34.80,37.86,37.86,34.45,99985,368950000,3.44,9.99,9.91,5.66
2015-10-13,37.90,38.48,39.01,37.05,77750,296970000,0.62,1.64,5.18,4.40
2015-10-14,38.97,39.69,40.48,37.51,95897,376540000,1.21,3.14,7.72,5.43
2015-10-15,39.00,40.85,41.50,38.20,97290,388660000,1.16,2.92,8.31,5.51
2015-10-16,40.43,41.05,41.39,39.60,77970,316590000,0.20,0.49,4.38,4.41
2015-10-19,41.49,39.06,41.50,38.50,73877,292850000,-1.99,-4.85,7.31,4.18
2015-10-20,38.80,39.50,39.70,38.50,73285,287260000,0.44,1.13,3.07,4.15
2015-10-21,39.20,35.55,39.66,35.55,83092,311340000,-3.95,-10.00,10.41,4.70
2015-10-22,34.50,36.55,36.88,33.99,72983,258900000,1.00,2.81,8.13,4.13
2015-10-23,36.38,38.25,38.79,35.33,80416,294530000,1.70,4.65,9.47,4.55
2015-10-26,38.90,37.94,38.90,37.39,70167,266570000,-0.31,-0.81,3.95,3.97
2015-10-27,37.50,37.01,37.74,34.70,70755,256510000,-0.93,-2.45,8.01,4.00
2015-10-28,36.86,35.62,36.99,35.46,53192,192720000,-1.39,-3.76,4.13,3.01
2015-10-29,36.41,36.20,36.69,35.50,46486,168010000,0.58,1.63,3.34,2.63
2015-10-30,36.21,35.49,36.21,34.85,45983,163710000,-0.71,-1.96,3.76,2.60
2015-11-02,35.91,39.04,39.04,35.88,135752,521550000,3.55,10.00,8.90,7.68
2015-11-03,39.50,42.37,42.91,39.12,183582,753010000,3.33,8.53,9.71,10.39
2015-11-04,41.40,43.25,43.95,40.15,159241,669660000,0.88,2.08,8.97,9.01
2015-11-05,42.66,41.68,44.17,41.65,109256,464850000,-1.57,-3.63,5.83,6.18
2015-11-06,41.50,42.54,43.50,41.35,94332,398430000,0.86,2.06,5.16,5.34
2015-11-09,41.80,41.99,42.79,40.16,76236,318060000,-0.55,-1.29,6.18,4.31
2015-11-10,41.10,42.25,42.98,41.08,65783,276910000,0.26,0.62,4.52,3.72
2015-11-11,42.67,45.30,46.30,42.00,115089,511820000,3.05,7.22,10.18,6.51
2015-11-12,45.10,46.05,48.50,44.10,98262,459700000,0.75,1.66,9.71,5.56
2015-11-13,45.11,42.86,45.96,41.68,75150,330280000,-3.19,-6.93,9.29,4.25
2015-11-16,41.00,44.09,44.15,40.35,49682,212060000,1.23,2.87,8.87,2.81
2015-11-17,44.40,43.30,45.98,42.70,59755,264960000,-0.79,-1.79,7.44,3.38
2015-11-18,43.98,41.92,43.99,41.80,38865,165090000,-1.38,-3.19,5.06,2.20
2015-11-19,42.17,44.16,44.70,41.52,50268,216040000,2.24,5.34,7.59,2.84
2015-11-20,44.21,43.85,45.49,43.58,57970,256640000,-0.31,-0.70,4.33,3.28
2015-11-23,45.00,44.57,45.82,44.10,75009,338210000,0.72,1.64,3.92,4.24
2015-11-24,44.02,44.41,44.50,42.30,50862,221010000,-0.16,-0.36,4.94,2.88
2015-11-25,44.29,45.13,45.48,43.65,63773,284910000,0.72,1.62,4.12,3.61
2015-11-26,45.56,49.64,49.64,45.21,141424,678510000,4.51,9.99,9.82,8.00
2015-11-27,50.10,51.60,54.60,48.81,188549,960960000,1.96,3.95,11.66,10.67
2015-11-30,52.01,56.76,56.76,52.00,139784,753080000,5.16,10.00,9.22,7.91
2015-12-01,58.48,51.08,59.59,51.08,156633,870210000,-5.68,-10.01,14.99,8.86
2015-12-02,50.01,48.55,51.05,46.02,96343,469720000,-2.53,-4.95,9.85,5.45
2015-12-03,48.56,53.41,53.41,48.55,90092,457520000,4.86,10.01,10.01,5.10
2015-12-04,53.29,54.38,56.50,51.30,114072,618450000,0.97,1.82,9.74,6.46
2015-12-07,54.76,53.92,55.50,52.10,55464,298470000,-0.46,-0.85,6.25,3.14
2015-12-08,52.97,50.68,53.20,50.50,54572,281470000,-3.24,-6.01,5.01,3.09
2015-12-09,50.00,49.59,50.79,48.70,58505,289930000,-1.09,-2.15,4.12,3.31
2015-12-10,50.20,49.93,51.79,48.98,62235,313340000,0.34,0.69,5.67,3.52
2015-12-11,49.02,47.40,49.50,44.94,58386,278040000,-2.53,-5.07,9.13,3.30
2015-12-14,45.89,47.81,48.18,45.40,44136,206350000,0.41,0.87,5.87,2.50
2015-12-15,48.10,47.82,48.50,47.61,41783,200650000,0.01,0.02,1.86,2.36
2015-12-16,48.16,48.67,49.73,46.86,67766,327570000,0.85,1.78,6.00,3.83
2015-12-17,48.71,50.12,50.70,48.71,74302,371110000,1.45,2.98,4.09,4.20
2015-12-18,49.98,48.19,50.00,47.80,55273,269500000,-1.93,-3.85,4.39,3.13
2015-12-21,47.25,47.35,47.88,46.51,54518,256740000,-0.84,-1.74,2.84,3.09
2015-12-22,47.60,47.05,48.33,46.01,46687,220360000,-0.30,-0.63,4.90,2.64
2015-12-23,47.49,45.00,47.49,44.85,73506,337640000,-2.05,-4.36,5.61,4.16
2015-12-24,44.30,45.80,45.94,42.92,84164,371480000,0.80,1.78,6.71,4.76
2015-12-25,45.90,45.50,46.16,44.80,49461,225460000,-0.30,-0.66,2.97,2.80
2015-12-28,45.50,45.58,46.95,45.30,58425,269610000,0.08,0.18,3.63,3.31
2015-12-29,45.50,45.34,45.64,44.03,45746,204740000,-0.24,-0.53,3.53,2.59
2015-12-30,45.33,46.16,46.79,44.80,60715,276910000,0.82,1.81,4.39,3.44
2015-12-31,46.16,44.20,46.17,44.11,46784,210790000,-1.96,-4.25,4.46,2.65
2016-01-04,43.75,39.78,43.75,39.78,51828,213090000,-4.42,-10.00,8.98,2.93
2016-01-05,36.95,36.60,38.96,35.80,68632,254140000,-3.18,-7.99,7.94,3.88
2016-01-06,36.65,37.19,37.33,35.58,62999,230610000,0.59,1.61,4.78,3.57
2016-01-07,36.56,33.47,36.56,33.47,16214,55900000,-3.72,-10.00,8.31,0.92
2016-01-08,34.00,32.85,34.68,31.00,58119,193180000,-0.62,-1.85,10.99,3.29
2016-01-11,31.50,29.57,32.43,29.57,43630,134760000,-3.28,-9.98,8.71,2.47
2016-01-12,29.40,30.12,30.44,29.01,43647,130410000,0.55,1.86,4.84,2.47
2016-01-13,30.48,29.20,31.30,29.02,44370,135010000,-0.92,-3.05,7.57,2.51
2016-01-14,28.30,30.50,30.85,27.80,45609,135270000,1.30,4.45,10.45,2.58
2016-01-15,30.30,28.48,30.38,28.01,43896,128770000,-2.02,-6.62,7.77,2.48
2016-01-18,27.46,29.20,30.00,27.00,38790,111990000,0.72,2.53,10.53,2.20
2016-01-19,28.93,30.53,30.65,28.88,52227,155920000,1.33,4.55,6.06,2.96
2016-01-20,30.30,30.81,31.18,29.96,53127,162420000,0.28,0.92,4.00,3.01
2016-01-21,30.19,29.84,31.62,29.80,56386,173000000,-0.97,-3.15,5.91,3.19
2016-01-22,29.05,29.16,29.85,28.05,55927,161880000,-0.68,-2.28,6.03,3.16
2016-01-25,29.26,29.60,30.00,29.26,30697,90760000,0.44,1.51,2.54,1.74
2016-01-26,29.08,27.50,29.30,27.08,47014,133040000,-2.10,-7.09,7.50,2.66
2016-01-27,27.78,28.15,28.21,26.60,47445,130990000,0.65,2.36,5.85,2.68
2016-01-28,28.07,28.14,28.30,27.54,34398,96090000,-0.01,-0.04,2.70,1.95
2016-01-29,27.50,29.29,29.50,27.50,31826,91410000,1.15,4.09,7.11,1.80
2016-02-01,29.20,29.25,29.35,28.56,28040,81130000,-0.04,-0.14,2.70,1.59
2016-02-02,29.11,31.04,31.51,29.11,34598,106100000,1.79,6.12,8.21,1.96
2016-02-03,30.57,31.64,31.66,30.34,30568,94970000,0.60,1.93,4.25,1.73
2016-02-04,31.84,32.20,32.50,31.30,51310,164250000,0.56,1.77,3.79,2.90
2016-02-05,32.16,31.10,32.16,30.93,28297,88710000,-1.10,-3.42,3.82,1.60
2016-02-15,29.54,30.42,30.95,29.54,18737,56620000,-0.68,-2.19,4.53,1.06
2016-02-16,30.40,31.78,31.86,30.40,24062,75740000,1.36,4.47,4.80,1.36
2016-02-17,34.00,34.96,34.96,33.77,18967,66060000,3.18,10.01,3.74,1.07
2016-02-18,36.00,33.79,36.50,33.60,65815,229440000,-1.17,-3.35,8.30,3.72
2016-02-19,34.05,33.85,34.10,33.00,32095,107540000,0.06,0.18,3.26,1.82
2016-02-22,33.80,34.45,35.29,33.80,39004,134900000,0.60,1.77,4.40,2.21
2016-02-23,34.13,33.39,34.45,32.90,30727,103060000,-1.06,-3.08,4.50,1.74
2016-02-24,32.97,33.55,33.74,32.35,26477,87980000,0.16,0.48,4.16,1.50
2016-02-25,33.52,30.29,33.52,30.20,42001,133470000,-3.26,-9.72,9.90,2.38
2016-02-26,30.50,30.85,31.80,30.10,26300,80680000,0.56,1.85,5.61,1.49
2016-02-29,30.87,27.82,30.87,27.77,28950,82190000,-3.03,-9.82,10.05,1.64
2016-03-01,28.50,28.57,28.98,27.52,20502,57990000,0.75,2.70,5.25,1.16
2016-03-02,28.99,30.10,30.22,28.41,23737,69810000,1.53,5.36,6.34,1.34
2016-03-03,29.90,32.12,33.11,29.60,58041,185760000,2.02,6.71,11.66,3.28
2016-03-04,31.62,30.69,31.90,29.85,37043,114200000,-1.43,-4.45,6.38,2.10
2016-03-07,31.47,31.31,31.70,30.70,20407,63840000,0.62,2.02,3.26,1.15
2016-03-08,31.28,30.58,31.28,29.10,22012,66290000,-0.73,-2.33,6.96,1.25
2016-03-09,29.70,30.40,31.18,29.38,16284,49720000,-0.18,-0.59,5.89,0.92
2016-03-10,30.45,29.63,30.76,29.60,15178,45590000,-0.77,-2.53,3.82,0.86
2016-03-11,29.60,29.95,30.10,29.12,11361,33890000,0.32,1.08,3.31,0.64
2016-03-14,30.48,31.44,32.45,30.48,22635,71090000,1.49,4.98,6.58,1.28
2016-03-15,31.90,30.97,31.90,30.77,14056,43840000,-0.47,-1.49,3.59,0.80
2016-03-16,30.86,30.12,31.70,30.11,15629,48000000,-0.85,-2.74,5.13,0.88
2016-03-17,30.20,31.32,31.50,30.20,19589,60750000,1.20,3.98,4.32,1.11
2016-03-18,31.32,33.18,33.50,31.32,46705,152220000,1.86,5.94,6.96,2.64
2016-03-21,35.61,33.92,36.36,33.45,51344,175210000,0.74,2.23,8.77,2.91
2016-03-22,33.70,34.22,35.10,33.40,48008,165170000,0.30,0.88,5.01,2.72
2016-03-23,33.60,34.28,34.73,33.56,32127,109840000,0.06,0.18,3.42,1.82
2016-03-24,33.28,33.32,34.05,33.11,29662,99820000,-0.96,-2.80,2.74,1.68
2016-03-25,33.32,33.36,33.75,32.70,22751,75550000,0.04,0.12,3.15,1.29
2016-03-28,33.69,32.86,34.26,32.75,23186,77850000,-0.50,-1.50,4.53,1.31
2016-03-29,32.51,31.80,32.88,31.60,18584,59710000,-1.06,-3.23,3.90,1.05
2016-03-30,32.02,33.23,33.30,32.02,22137,72360000,1.43,4.50,4.03,1.25
2016-03-31,33.60,32.94,33.78,32.86,21342,71240000,-0.29,-0.87,2.77,1.21
2016-04-01,32.60,33.45,33.46,32.00,21424,69640000,0.51,1.55,4.43,1.21
2016-04-05,33.30,34.61,34.77,33.29,34932,119990000,1.16,3.47,4.42,1.98
2016-04-06,34.61,34.15,34.85,33.78,26655,91620000,-0.46,-1.33,3.09,1.51
2016-04-07,34.16,33.60,34.48,33.43,22294,75400000,-0.55,-1.61,3.07,1.26
2016-04-08,33.50,34.40,34.46,32.86,32975,111880000,0.80,2.38,4.76,1.87
2016-04-11,34.59,34.71,35.45,34.58,35934,125800000,0.31,0.90,2.53,2.03
2016-04-12,34.73,36.49,37.40,34.47,61383,221390000,1.78,5.13,8.44,3.47
2016-04-13,36.15,37.11,37.65,35.60,59690,220230000,0.62,1.70,5.62,3.38
2016-04-14,37.09,38.28,38.95,36.83,44108,168650000,1.17,3.15,5.71,2.50
2016-04-15,38.10,37.37,38.60,37.01,34451,129490000,-0.91,-2.38,4.15,1.95
2016-04-18,37.01,36.90,37.55,36.20,22018,80940000,-0.47,-1.26,3.61,1.25
2016-04-19,37.30,36.16,37.39,35.97,29132,105900000,-0.74,-2.01,3.85,1.65
2016-04-20,36.50,34.21,36.65,33.39,31556,109950000,-1.95,-5.39,9.02,1.79
2016-04-21,34.21,33.80,34.45,33.53,19672,66920000,-0.41,-1.20,2.69,1.11
2016-04-22,33.00,33.47,33.75,32.55,19682,65380000,-0.33,-0.98,3.55,1.11
2016-04-25,33.47,33.19,33.77,32.55,14732,48750000,-0.28,-0.84,3.65,0.83
2016-04-26,33.10,34.10,34.10,33.05,18150,61220000,0.91,2.74,3.16,1.03
2016-04-27,34.02,33.48,34.20,33.22,12851,43510000,-0.62,-1.82,2.87,0.73
2016-04-28,33.48,32.80,33.48,32.09,17193,56320000,-0.68,-2.03,4.15,0.97
2016-04-29,32.25,32.98,33.30,32.25,9473,31210000,0.18,0.55,3.20,0.54
2016-05-03,32.81,34.15,34.15,32.81,13583,45870000,1.17,3.55,4.06,0.77
2016-05-04,34.10,35.08,35.65,34.10,25780,89840000,0.93,2.72,4.54,1.46
2016-05-05,35.10,35.00,35.22,34.13,16110,56030000,-0.08,-0.23,3.11,0.91
2016-05-06,35.00,32.90,35.38,32.90,23131,78410000,-2.10,-6.00,7.09,1.31
2016-05-09,32.90,30.76,32.90,30.70,15123,47670000,-2.14,-6.50,6.69,0.86
2016-05-10,30.76,30.73,31.45,30.50,9972,30920000,-0.03,-0.10,3.09,0.56
2016-05-11,30.85,30.88,31.30,30.00,8970,27680000,0.15,0.49,4.23,0.51
2016-05-12,30.09,30.89,31.09,30.06,9195,28070000,0.01,0.03,3.34,0.52
2016-05-13,30.80,30.98,31.30,30.70,6153,19070000,0.09,0.29,1.94,0.35
2016-05-16,30.98,31.19,31.45,30.20,9529,29370000,0.21,0.68,4.03,0.54
2016-05-17,31.30,31.10,31.43,30.50,8809,27240000,-0.09,-0.29,2.98,0.50
2016-05-18,30.77,29.75,30.77,29.55,11858,35650000,-1.35,-4.34,3.92,0.67
2016-05-19,29.70,29.84,30.29,29.30,9457,28290000,0.09,0.30,3.33,0.54
2016-05-20,29.20,29.93,29.93,29.10,7270,21550000,0.09,0.30,2.78,0.41
2016-05-23,29.95,30.19,30.29,29.88,8392,25260000,0.26,0.87,1.37,0.47
2016-05-24,30.23,31.02,31.38,30.23,19639,60850000,0.83,2.75,3.81,1.11
2016-05-25,30.92,30.31,30.99,30.03,13410,41020000,-0.71,-2.29,3.09,0.76
2016-05-26,29.86,30.28,30.36,29.30,9579,28530000,-0.03,-0.10,3.50,0.54
2016-05-27,30.20,29.97,30.20,29.81,7102,21290000,-0.31,-1.02,1.29,0.40
2016-05-30,29.92,30.20,30.57,29.21,11422,34360000,0.23,0.77,4.54,0.65
2016-05-31,30.18,31.50,31.50,30.18,20354,63290000,1.30,4.30,4.37,1.15
2016-06-01,31.50,31.57,31.78,31.30,15849,49910000,0.07,0.22,1.52,0.90
2016-06-02,31.45,32.66,33.35,31.20,22510,72680000,1.09,3.45,6.81,1.27
2016-06-03,32.60,32.35,32.83,32.13,17115,55510000,-0.31,-0.95,2.14,0.97
2016-06-06,32.30,31.99,32.79,31.87,11779,37780000,-0.36,-1.11,2.84,0.67
2016-06-07,31.80,32.48,32.55,31.80,10504,33840000,0.49,1.53,2.34,0.59
2016-06-08,32.30,32.40,33.40,31.90,18825,61490000,-0.08,-0.25,4.62,1.07
2016-06-13,31.76,29.50,31.97,29.20,15981,49200000,-2.90,-8.95,8.55,0.90
2016-06-14,29.30,30.11,30.64,29.03,14000,41870000,0.61,2.07,5.46,0.79
2016-06-15,29.31,31.08,31.52,29.30,15514,47930000,0.97,3.22,7.37,0.88
2016-06-16,31.33,31.26,31.90,30.71,17973,56420000,0.18,0.58,3.83,1.02
2016-06-17,31.60,31.94,32.60,31.60,24223,78000000,0.68,2.18,3.20,1.37
2016-06-20,31.79,31.19,31.79,30.37,15493,48040000,-0.75,-2.35,4.45,0.88
2016-06-21,31.25,30.93,31.58,30.70,13033,40610000,-0.08,-0.26,2.84,0.74
2016-06-22,30.93,31.40,31.40,30.75,9685,30140000,0.47,1.52,2.10,0.55
2016-06-23,31.37,31.54,31.75,31.00,13997,43920000,0.14,0.45,2.39,0.79
2016-06-24,31.54,30.98,32.02,29.99,15987,49680000,-0.56,-1.78,6.44,0.90
2016-06-27,30.97,31.64,31.71,30.40,13861,43520000,0.66,2.13,4.23,0.78
2016-06-28,31.50,32.49,32.49,31.37,23365,74920000,0.85,2.69,3.54,1.32
2016-06-29,32.29,32.28,32.74,32.01,18925,60990000,-0.21,-0.65,2.25,1.07
2016-06-30,32.31,33.00,33.01,32.00,19657,63790000,0.72,2.23,3.13,1.11
2016-07-01,32.94,36.30,36.30,31.93,73799,253000000,3.30,10.00,13.24,4.18
2016-07-04,35.40,36.77,37.98,35.21,89838,327370000,0.47,1.29,7.63,5.08
2016-07-05,36.76,36.04,36.76,35.80,40997,148060000,-0.73,-1.99,2.61,2.32
2016-07-06,36.07,35.85,36.34,35.35,26763,96100000,-0.19,-0.53,2.75,1.51
2016-07-07,35.51,35.02,35.75,34.61,30925,108570000,-0.83,-2.32,3.18,1.75
2016-07-08,35.19,35.70,35.87,34.85,33756,119770000,0.68,1.94,2.91,1.91
2016-07-11,35.80,34.95,36.00,34.90,22726,80310000,-0.75,-2.10,3.08,1.29
2016-07-12,34.80,35.20,35.29,34.50,15830,55390000,0.25,0.72,2.26,0.90
2016-07-13,35.48,35.28,35.65,35.11,19104,67530000,0.08,0.23,1.53,1.08
2016-07-14,35.01,34.82,35.27,34.65,15819,55240000,-0.46,-1.30,1.76,0.90
2016-07-15,35.32,34.42,35.35,34.41,13120,45550000,-0.40,-1.15,2.70,0.74
2016-07-18,33.98,33.97,34.33,33.70,16500,56020000,-0.45,-1.31,1.83,0.93
2016-07-19,33.87,34.38,34.40,33.87,10994,37490000,0.41,1.21,1.56,0.62
2016-07-20,34.10,35.26,36.18,34.08,34939,123220000,0.88,2.56,6.11,1.98
2016-07-21,34.80,34.61,35.22,34.51,23537,82090000,-0.65,-1.84,2.01,1.33
2016-07-22,34.79,34.41,34.84,34.38,18044,62290000,-0.20,-0.58,1.33,1.02
2016-07-25,34.41,33.85,34.41,33.40,35966,121990000,-0.56,-1.63,2.94,2.04
2016-07-26,33.86,34.63,34.80,33.80,11244,38640000,0.78,2.30,2.95,0.64
2016-07-27,34.63,32.69,34.99,32.50,24212,80680000,-1.94,-5.60,7.19,1.37
2016-07-28,32.69,32.36,32.92,32.21,12394,40260000,-0.33,-1.01,2.17,0.70
2016-07-29,32.40,31.75,32.40,31.20,10465,33260000,-0.61,-1.89,3.71,0.59
2016-08-01,31.70,31.55,31.80,30.89,8495,26620000,-0.20,-0.63,2.87,0.48
2016-08-02,31.40,32.48,32.48,30.91,6348,20200000,0.93,2.95,4.98,0.36
2016-08-03,32.28,32.39,32.70,32.03,7528,24360000,-0.09,-0.28,2.06,0.43
2016-08-04,32.25,32.41,32.80,32.00,8170,26520000,0.02,0.06,2.47,0.46
2016-08-05,32.45,31.65,32.63,31.59,7400,23630000,-0.76,-2.35,3.21,0.42
2016-08-08,31.20,32.21,32.50,31.02,8713,27970000,0.56,1.77,4.68,0.49
2016-08-09,32.21,32.43,32.61,32.09,8276,26760000,0.22,0.68,1.61,0.47
2016-08-10,32.57,32.60,32.72,32.20,7640,24820000,0.17,0.52,1.60,0.43
2016-08-11,32.56,31.73,32.60,31.60,7475,24010000,-0.87,-2.67,3.07,0.42
2016-08-12,31.69,31.99,31.99,31.56,7350,23360000,0.26,0.82,1.36,0.42
2016-08-15,31.99,32.49,32.69,31.72,10610,34290000,0.50,1.56,3.03,0.60
2016-08-16,32.69,32.77,32.94,32.51,11560,37860000,0.28,0.86,1.32,0.65
2016-08-17,32.78,32.71,32.86,32.47,7832,25570000,-0.06,-0.18,1.19,0.44
2016-08-18,32.71,32.40,32.71,32.36,8308,27030000,-0.31,-0.95,1.07,0.47
2016-08-19,32.50,32.50,32.63,32.34,5781,18780000,0.10,0.31,0.90,0.33
2016-08-22,32.78,32.14,32.83,32.13,6205,20120000,-0.36,-1.11,2.15,0.35
2016-08-23,32.10,32.38,32.48,32.00,5737,18490000,0.24,0.75,1.49,0.32
2016-08-24,32.38,32.60,32.90,32.30,8357,27280000,0.22,0.68,1.85,0.47
2016-08-25,32.40,32.11,32.42,31.85,6540,20990000,-0.49,-1.50,1.75,0.37
2016-08-26,32.11,32.14,32.44,32.04,8173,26320000,0.03,0.09,1.25,0.46
2016-08-29,32.02,32.62,32.70,31.98,9544,30870000,0.48,1.49,2.24,0.54
2016-08-30,32.45,33.30,33.50,32.40,19694,65360000,0.68,2.08,3.37,1.11
2016-08-31,33.35,33.01,33.55,32.80,10825,35720000,-0.29,-0.87,2.25,0.61
2016-09-01,33.01,33.60,33.80,33.01,20392,68480000,0.59,1.79,2.39,1.15
2016-09-02,33.59,33.39,34.11,33.23,17043,57400000,-0.21,-0.63,2.62,0.96
2016-09-05,33.39,32.94,33.52,32.88,11728,38790000,-0.45,-1.35,1.92,0.66
2016-09-06,33.02,33.15,33.20,32.50,11338,37290000,0.21,0.64,2.13,0.64
2016-09-07,33.30,32.85,33.42,32.80,13322,44070000,-0.30,-0.91,1.87,0.75
2016-09-08,32.84,32.93,33.10,32.72,6800,22350000,0.08,0.24,1.16,0.38
2016-09-09,32.81,32.89,33.10,32.73,7047,23220000,-0.04,-0.12,1.12,0.40
2016-09-12,32.40,31.38,32.40,31.37,13452,42920000,-1.51,-4.59,3.13,0.76
2016-09-13,31.38,31.40,31.84,31.31,6428,20220000,0.02,0.06,1.69,0.36
2016-09-14,31.50,31.54,31.76,31.32,5452,17130000,0.14,0.45,1.40,0.31
2016-09-19,31.38,31.87,31.90,31.38,5747,18270000,0.33,1.05,1.65,0.33
2016-09-20,31.88,31.85,32.00,31.15,5441,17240000,-0.02,-0.06,2.67,0.31
2016-09-21,31.85,31.93,31.94,31.62,4147,13200000,0.08,0.25,1.00,0.23
2016-09-22,32.01,32.02,32.25,31.95,5334,17140000,0.09,0.28,0.94,0.30
2016-09-23,31.92,32.17,32.23,31.82,4339,13890000,0.15,0.47,1.28,0.25
2016-09-26,32.17,32.19,32.21,31.66,5552,17750000,0.02,0.06,1.71,0.31
2016-09-27,32.82,32.39,32.82,32.00,9120,29650000,0.20,0.62,2.55,0.52
2016-09-28,32.48,31.99,32.48,31.70,5284,16960000,-0.40,-1.23,2.41,0.30
2016-09-29,31.99,31.91,32.12,31.86,4037,12910000,-0.08,-0.25,0.81,0.23
2016-09-30,31.90,31.97,32.00,31.80,2857,9120000,0.06,0.19,0.63,0.16
2016-10-10,32.00,32.89,33.16,32.00,10921,35660000,0.92,2.88,3.63,0.62
2016-10-11,33.00,32.79,33.09,32.69,8635,28320000,-0.10,-0.30,1.22,0.49
2016-10-12,32.60,33.10,33.27,32.59,9832,32490000,0.31,0.95,2.07,0.56
2016-10-13,33.10,32.93,33.20,32.85,4824,15940000,-0.17,-0.51,1.06,0.27
2016-10-14,32.99,32.77,32.99,32.51,8142,26660000,-0.16,-0.49,1.46,0.46
2016-10-17,32.79,34.05,35.95,32.52,34614,118260000,1.28,3.91,10.47,1.96
2016-10-18,33.70,33.93,34.20,33.42,19666,66630000,-0.12,-0.35,2.29,1.11
2016-10-19,33.79,33.38,33.97,33.25,13747,46140000,-0.55,-1.62,2.12,0.78
2016-10-20,33.38,33.55,33.86,33.38,8358,28030000,0.17,0.51,1.44,0.47
2016-10-21,33.55,33.36,33.75,33.01,8197,27320000,-0.19,-0.57,2.21,0.46
2016-10-24,33.36,33.49,33.73,33.01,8733,29270000,0.13,0.39,2.16,0.49
2016-10-25,33.33,33.29,33.60,33.17,6959,23190000,-0.20,-0.60,1.28,0.39
2016-10-26,33.29,32.98,33.48,32.98,7705,25540000,-0.31,-0.93,1.50,0.44
2016-10-27,32.97,33.10,33.27,32.94,6161,20410000,0.12,0.36,1.00,0.35
2016-10-28,33.08,33.75,33.80,33.00,14468,48320000,0.65,1.96,2.42,0.82
2016-10-31,33.70,33.55,35.00,33.44,18448,62760000,-0.20,-0.59,4.62,1.04
2016-11-01,33.40,33.15,33.53,32.71,16144,53390000,-0.40,-1.19,2.44,0.91
2016-11-02,33.09,32.98,33.73,32.90,12322,41060000,-0.17,-0.51,2.50,0.70
2016-11-03,32.72,32.89,33.36,32.72,9615,31770000,-0.09,-0.27,1.94,0.54
2016-11-04,32.83,32.69,33.11,32.69,7274,23890000,-0.20,-0.61,1.28,0.41
2016-11-07,32.71,32.89,33.14,32.61,6271,20650000,0.20,0.61,1.62,0.35
2016-11-08,33.14,32.97,33.16,32.87,5192,17120000,0.08,0.24,0.88,0.29
2016-11-09,32.94,32.60,33.09,31.57,7738,25360000,-0.37,-1.12,4.61,0.44
2016-11-10,32.95,33.02,33.09,32.81,7928,26160000,0.42,1.29,0.86,0.45
2016-11-11,33.08,33.44,33.44,32.79,14390,47670000,0.42,1.27,1.97,0.81
2016-11-14,33.39,33.48,33.72,33.20,17570,58930000,0.04,0.12,1.56,0.99
2016-11-15,33.33,33.83,33.90,33.15,23148,77860000,0.35,1.05,2.24,1.31
2016-11-16,33.80,33.68,34.05,33.66,14434,48870000,-0.15,-0.44,1.15,0.82
2016-11-17,33.70,34.57,35.00,31.58,33562,114720000,0.89,2.64,10.15,1.90
2016-11-18,34.58,34.00,34.80,33.88,25671,88090000,-0.57,-1.65,2.66,1.45
2016-11-21,33.94,33.83,34.30,33.70,14679,49890000,-0.17,-0.50,1.76,0.83
2016-11-22,33.85,34.50,34.76,33.72,23876,82000000,0.67,1.98,3.07,1.35
2016-11-23,34.52,34.25,34.80,34.10,21662,74490000,-0.25,-0.72,2.03,1.23
2016-11-24,33.95,33.85,34.42,33.72,13648,46610000,-0.40,-1.17,2.04,0.77
2016-11-25,33.85,34.79,35.05,33.65,44944,155610000,0.94,2.78,4.14,2.54
2016-11-28,34.75,34.51,35.60,34.41,31511,109640000,-0.28,-0.80,3.42,1.78
2016-11-29,34.39,34.14,34.59,33.83,20427,69860000,-0.37,-1.07,2.20,1.16
2016-11-30,34.19,34.50,34.70,33.92,14269,49040000,0.36,1.05,2.28,0.81
2016-12-01,34.49,34.20,34.64,34.01,10612,36400000,-0.30,-0.87,1.83,0.60
2016-12-02,34.21,32.88,34.35,32.87,19207,64340000,-1.32,-3.86,4.33,1.09
2016-12-05,32.00,32.60,33.20,32.00,12569,41040000,-0.28,-0.85,3.65,0.71
2016-12-06,32.44,32.73,32.98,32.44,5933,19410000,0.13,0.40,1.66,0.34
2016-12-07,32.52,32.76,33.00,32.52,6580,21550000,0.03,0.09,1.47,0.37
2016-12-08,32.85,32.33,32.85,32.30,8138,26420000,-0.43,-1.31,1.68,0.46
2016-12-09,32.26,32.06,32.49,32.00,6472,20770000,-0.27,-0.84,1.52,0.37
2016-12-12,32.10,29.92,32.15,29.67,14218,43730000,-2.14,-6.68,7.74,0.80
2016-12-13,29.85,29.72,30.11,29.28,13178,39110000,-0.20,-0.67,2.77,0.75
2016-12-14,29.51,29.18,29.81,29.10,10168,29890000,-0.54,-1.82,2.39,0.58
2016-12-15,29.13,29.62,30.02,29.01,9035,26820000,0.44,1.51,3.46,0.51
2016-12-16,29.65,30.36,30.93,29.53,8610,26070000,0.74,2.50,4.73,0.49
2016-12-19,30.29,29.88,30.30,29.87,5822,17480000,-0.48,-1.58,1.42,0.33
2016-12-20,29.71,29.91,30.21,29.31,3570,10690000,0.03,0.10,3.01,0.20
2016-12-21,29.77,30.23,30.40,29.77,4684,14110000,0.32,1.07,2.11,0.27
2016-12-22,30.24,30.36,30.41,30.05,3778,11430000,0.13,0.43,1.19,0.21
2016-12-23,30.14,30.04,30.46,29.96,3161,9520000,-0.32,-1.05,1.65,0.18
2016-12-26,30.01,30.46,30.46,29.24,5378,16090000,0.42,1.40,4.06,0.30
2016-12-27,30.75,30.08,30.75,30.00,5263,15950000,-0.38,-1.25,2.46,0.30
2016-12-28,30.08,29.94,30.17,29.66,4729,14170000,-0.14,-0.47,1.70,0.27
2016-12-29,29.90,29.88,30.16,29.75,3212,9620000,-0.06,-0.20,1.37,0.18
2016-12-30,30.03,30.37,30.77,29.87,9878,30010000,0.49,1.64,3.01,0.56
2017-01-03,30.58,31.03,31.20,30.21,8433,26050000,0.66,2.17,3.26,0.48
2017-01-04,31.38,31.00,31.45,30.33,10160,31440000,-0.03,-0.10,3.61,0.57
2017-01-05,30.87,31.00,31.76,30.80,5214,16260000,0.00,0.00,3.10,0.30
2017-01-06,31.00,30.95,31.16,30.32,6627,20410000,-0.05,-0.16,2.71,0.38
2017-01-09,31.14,32.08,32.30,30.84,12793,40440000,1.13,3.65,4.72,0.72
2017-01-10,31.79,31.46,31.80,31.40,5031,15850000,-0.62,-1.93,1.25,0.28
2017-01-11,31.74,31.64,31.75,31.13,5438,17110000,0.18,0.57,1.97,0.31
2017-01-12,31.74,31.22,31.80,31.19,2383,7480000,-0.42,-1.33,1.93,0.13
2017-01-13,31.21,30.20,31.21,30.08,4673,14340000,-1.02,-3.27,3.62,0.26
2017-01-16,30.20,27.92,30.20,27.18,11249,32020000,-2.28,-7.55,10.00,0.64
2017-01-17,28.20,28.00,28.20,26.51,7620,21030000,0.08,0.29,6.05,0.43
2017-01-18,28.00,28.00,28.21,27.50,4241,11830000,0.00,0.00,2.54,0.24
2017-01-19,28.06,28.04,28.56,27.74,3334,9340000,0.04,0.14,2.93,0.19
2017-01-20,28.20,28.29,28.59,28.06,4645,13130000,0.25,0.89,1.89,0.26
2017-01-23,28.11,28.72,28.98,28.11,5074,14590000,0.43,1.52,3.08,0.29
2017-01-24,28.82,28.56,29.15,28.56,3666,10560000,-0.16,-0.56,2.05,0.21
2017-01-25,28.55,28.61,28.90,28.47,3743,10710000,0.05,0.18,1.51,0.21
2017-01-26,28.50,28.90,28.95,28.50,2415,6960000,0.29,1.01,1.57,0.14
2017-02-03,28.90,28.81,28.91,28.38,2364,6770000,-0.09,-0.31,1.83,0.13
2017-02-06,28.80,28.99,29.15,28.50,3773,10890000,0.18,0.62,2.26,0.21
2017-02-07,28.92,28.94,29.13,28.71,3693,10652300,-0.05,-0.17,1.449,0.29
2017-02-08,28.95,28.96,28.98,28.58,3329,9596600,0.02,0.07,1.382,0.26
2017-02-09,29.10,29.24,29.25,28.94,4037,11773200,0.28,0.97,1.07,0.31
2017-02-10,29.28,29.11,29.34,29.01,3238,9431000,-0.13,-0.44,1.129,0.25
2017-02-13,29.40,29.39,29.66,29.00,4341,12749900,0.28,0.96,2.267,0.34
2017-02-14,29.50,29.45,29.58,29.05,3264,9585000,0.06,0.20,1.803,0.25
2017-02-15,29.57,29.29,29.70,29.20,4331,12759300,-0.16,-0.54,1.698,0.34
2017-02-16,29.01,29.01,29.37,28.95,4499,13088200,-0.28,-0.96,1.434,0.35
2017-02-17,28.87,28.90,29.21,28.69,4479,12959000,-0.11,-0.38,1.792,0.35
2017-02-20,28.90,30.35,31.22,28.51,16856,50776000,1.45,5.02,9.377,1.31
2017-02-21,30.30,29.90,30.30,29.80,9266,27710600,-0.45,-1.48,1.65,0.72
2017-02-22,29.90,29.76,29.98,29.66,5722,17023400,-0.14,-0.47,1.07,0.44
2017-02-23,30.14,30.90,32.50,30.14,24728,77419600,1.14,3.83,7.93,1.92
2017-02-24,30.90,30.72,30.90,30.33,9899,30260000,-0.18,-0.58,1.85,0.77
2017-02-27,30.72,29.93,30.79,29.92,9256,28042400,-0.79,-2.57,2.83,0.72
2017-02-28,29.93,29.88,30.16,29.70,6228,18611800,-0.05,-0.17,1.54,0.48
2017-03-01,30.09,30.50,30.58,29.73,11732,35302200,0.62,2.07,2.85,0.91
2017-03-02,30.51,29.98,30.60,29.88,7846,23632300,-0.52,-1.70,2.36,0.61
2017-03-03,29.81,30.90,30.99,29.70,18116,55610900,0.92,3.07,4.30,1.41
2017-03-06,30.73,31.22,31.79,30.57,15149,47204400,0.32,1.04,3.95,1.18
2017-03-07,31.06,31.00,31.18,30.77,7273,22499300,-0.22,-0.70,1.31,0.56
2017-03-08,31.09,31.21,31.99,30.80,12363,38845400,0.21,0.68,3.84,0.96
2017-03-09,31.22,30.96,31.22,30.79,5890,18226800,-0.25,-0.80,1.38,0.46
2017-03-10,31.00,30.97,31.06,30.74,4271,13172100,0.01,0.03,1.03,0.33
2017-03-13,30.82,30.97,31.18,30.62,4830,14946100,0.00,0.00,1.81,0.38
2017-03-14,31.11,31.20,31.48,31.06,12196,38124500,0.23,0.74,1.36,0.95
2017-03-15,31.21,30.75,31.26,30.08,9195,28154000,-0.45,-1.44,3.78,0.71
2017-03-16,30.69,30.97,31.11,30.66,9556,29488992,0.22,0.72,1.46,0.76
2017-03-17,30.95,31.06,31.33,30.53,13568,42001962,0.09,0.29,2.58,1.08
2017-03-20,31.06,30.95,31.32,30.75,6641,20519298,-0.11,-0.35,1.84,0.53
2017-03-21,30.95,30.94,30.95,30.76,4674,14408892,-0.01,-0.03,0.61,0.37
2017-03-22,30.93,30.85,30.93,30.40,4663,14301070,-0.09,-0.29,1.71,0.37
2017-03-23,30.69,30.72,30.80,30.43,4739,14529628,-0.13,-0.42,1.20,0.38
2017-03-24,32.20,30.80,32.20,30.59,8398,26014800,0.08,0.26,5.24,0.67
2017-03-27,30.64,30.63,30.85,30.52,5300,16260952,-0.17,-0.55,1.07,0.42
2017-03-28,30.60,30.51,30.79,30.50,3589,10988801,-0.12,-0.39,0.95,0.29
2017-03-29,30.69,30.10,30.69,30.10,4976,15120640,-0.41,-1.34,1.93,0.40
2017-03-30,30.30,29.67,30.30,29.50,5638,16735462,-0.43,-1.43,2.66,0.45
2017-03-31,29.66,29.72,29.80,29.50,4524,13411893,0.05,0.17,1.01,0.36
2017-04-05,29.96,30.08,30.21,29.72,6262,18839693,0.36,1.21,1.65,0.50
2017-04-06,30.19,30.25,30.29,30.08,5067,15290000,0.17,0.57,0.70,0.41
2017-04-07,30.25,30.21,30.42,30.10,4126,12474268,-0.04,-0.13,1.06,0.33
2017-04-10,29.20,31.03,31.06,27.19,15470,46558038,0.82,2.71,12.81,1.24
2017-04-11,30.85,30.80,31.47,30.42,12063,37144525,-0.23,-0.74,3.38,0.96
2017-04-12,30.55,30.81,31.20,30.51,9683,29890279,0.01,0.03,2.24,0.77
2017-04-13,30.81,30.89,31.29,30.62,9573,29642907,0.08,0.26,2.17,0.77
2017-04-14,30.71,30.47,30.98,30.45,6195,19041495,-0.42,-1.36,1.72,0.50
2017-04-17,30.21,29.80,30.37,29.55,6099,18190608,-0.67,-2.20,2.69,0.49
2017-04-18,29.81,29.02,29.89,28.80,6727,19811185,-0.78,-2.62,3.66,0.51
2017-04-19,29.40,28.99,29.40,28.61,4481,12965402,-0.03,-0.10,2.72,0.34
2017-04-20,29.30,29.27,29.59,29.02,3562,10433248,0.28,0.97,1.97,0.27
2017-04-21,29.25,29.45,29.65,29.25,3502,10322100,0.18,0.61,1.37,0.27
2017-04-24,29.35,29.00,29.50,28.55,5903,17159477,-0.45,-1.53,3.23,0.45
2017-04-25,29.00,29.03,29.16,28.75,2354,6827633,0.03,0.10,1.41,0.18
2017-04-26,29.06,29.06,29.20,28.92,3332,9672877,0.03,0.10,0.96,0.25
2017-04-27,29.13,29.02,29.26,28.80,7497,21740070,-0.04,-0.14,1.58,0.57
2017-04-28,29.24,29.57,29.77,28.81,7250,21357396,0.55,1.90,3.31,0.55
2017-05-02,29.21,29.25,29.59,29.16,3873,11359487,-0.32,-1.08,1.45,0.30
2017-05-03,29.28,29.26,29.90,29.00,3679,10770783,0.01,0.03,3.08,0.28
2017-05-04,29.26,29.37,29.88,28.85,9066,26706002,0.11,0.38,3.52,0.69
2017-05-05,29.11,29.28,29.47,29.11,3695,10835163,-0.09,-0.31,1.23,0.28
2017-05-08,29.28,28.88,29.28,28.55,3055,8847509,-0.40,-1.37,2.49,0.23
2017-05-09,28.70,29.00,29.32,28.66,4744,13772064,0.12,0.42,2.29,0.36
2017-05-10,29.03,28.18,29.10,27.78,5487,15754789,-0.82,-2.83,4.55,0.42
2017-05-11,28.10,28.50,28.80,25.90,17585,48004495,0.32,1.14,10.29,1.34
2017-05-12,28.12,28.40,28.40,27.50,8400,23518871,-0.10,-0.35,3.16,0.64
2017-05-15,28.10,28.01,28.27,27.81,2119,5941249,-0.39,-1.37,1.62,0.16
2017-05-16,28.10,28.19,28.21,27.70,4003,11225494,0.18,0.64,1.82,0.31
2017-05-17,28.34,28.50,28.65,28.04,5402,15345350,0.31,1.10,2.16,0.41
2017-05-18,28.49,28.32,28.49,28.10,7916,22412019,-0.18,-0.63,1.37,0.60
2017-05-19,28.32,27.77,28.32,27.58,3264,9136717,-0.55,-1.94,2.61,0.25
2017-05-22,27.77,27.80,28.04,27.52,5409,15059929,0.03,0.11,1.87,0.41
2017-05-23,27.80,27.35,27.98,27.30,3492,9610270,-0.45,-1.62,2.45,0.27
2017-05-24,27.00,28.46,28.52,26.70,17246,48280535,1.11,4.06,6.65,1.42
2017-05-25,28.46,29.20,29.30,28.09,25983,75210786,0.74,2.60,4.25,2.14
2017-05-26,28.88,31.47,31.47,28.80,33004,97942057,2.27,7.77,9.14,2.71
2017-05-31,31.28,30.00,31.28,29.23,25320,76384714,-1.47,-4.67,6.51,2.08
2017-06-01,29.80,28.90,29.90,28.63,17082,49479493,-1.10,-3.67,4.23,1.40
2017-06-02,28.70,28.92,29.06,27.57,16633,47939554,0.02,0.07,5.16,1.37
2017-06-05,28.85,28.55,29.10,28.12,9678,27846819,-0.37,-1.28,3.39,0.80
2017-06-06,28.45,29.07,29.20,28.13,22919,66120319,0.52,1.82,3.75,1.88
2017-06-07,28.81,28.76,29.08,28.67,30095,86679323,-0.31,-1.07,1.41,2.47
2017-06-08,28.80,27.99,28.80,27.99,14158,40136355,-0.77,-2.68,2.82,1.16
2017-06-09,27.81,28.16,28.25,27.69,10423,29224982,0.17,0.61,2.00,0.86
2017-06-12,28.00,27.99,28.13,27.84,6224,17400425,-0.17,-0.60,1.03,0.51
2017-06-13,27.99,28.10,28.29,27.97,5445,15328206,0.11,0.39,1.14,0.45
