日期,开盘,收盘,最高,最低,交易量(手),交易金额(元),涨跌额,涨跌幅(%),振幅(%),换手率(%)
2011-10-18,25.38,26.12,30.43,25.12,273342,714760000,6.12,30.60,26.55,89.92
2011-10-19,24.78,25.40,26.96,24.20,150549,385900000,-0.72,-2.76,10.57,49.52
2011-10-20,24.80,22.86,24.89,22.86,123277,288070000,-2.54,-10.00,7.99,40.55
2011-10-21,22.70,21.47,22.96,20.78,80960,175950000,-1.39,-6.08,9.54,26.63
2011-10-24,21.28,23.04,23.19,20.36,96121,209180000,1.57,7.31,13.18,31.62
2011-10-25,22.66,23.36,24.66,22.31,120039,281120000,0.32,1.39,10.20,39.49
2011-10-26,22.77,22.50,23.98,22.45,94538,219690000,-0.86,-3.68,6.55,31.10
2011-10-27,22.22,24.45,24.69,22.22,115074,274020000,1.95,8.67,10.98,37.85
2011-10-28,24.40,25.03,25.34,23.89,107851,266150000,0.58,2.37,5.93,35.48
2011-10-31,24.60,25.45,25.70,24.03,94195,233870000,0.42,1.68,6.67,30.99
2011-11-01,24.88,24.95,25.44,24.54,69570,174010000,-0.50,-1.96,3.54,22.88
2011-11-02,24.14,25.08,25.65,23.38,94872,230730000,0.13,0.52,9.10,31.21
2011-11-03,25.18,25.30,26.68,24.91,113295,291650000,0.22,0.88,7.06,37.27
2011-11-04,25.90,26.79,27.77,25.89,129425,345540000,1.49,5.89,7.43,42.57
2011-11-07,26.30,26.43,26.58,25.70,62097,162750000,-0.36,-1.34,3.28,20.43
2011-11-08,26.33,25.67,27.18,25.62,71361,188590000,-0.76,-2.88,5.90,23.47
2011-11-09,25.80,26.77,26.77,25.35,60133,156840000,1.10,4.29,5.53,19.78
2011-11-10,26.46,25.88,27.16,25.85,61626,162600000,-0.89,-3.32,4.89,20.27
2011-11-11,25.82,24.54,26.00,24.41,64234,160620000,-1.34,-5.18,6.14,21.13
2011-11-14,24.70,25.42,25.50,24.42,49046,123150000,0.88,3.59,4.40,16.13
2011-11-15,25.36,25.60,25.99,25.02,40822,104680000,0.18,0.71,3.82,13.43
2011-11-16,25.49,24.19,25.69,23.80,49119,121220000,-1.41,-5.51,7.38,16.16
2011-11-17,24.21,24.20,24.66,23.58,37046,89380000,0.01,0.04,4.46,12.19
2011-11-18,24.18,24.57,24.90,23.88,42283,103630000,0.37,1.53,4.21,13.91
2011-11-21,24.60,25.13,25.26,24.47,43001,107200000,0.56,2.28,3.22,14.15
2011-11-22,24.70,24.25,24.94,23.50,31763,77080000,-0.88,-3.50,5.73,10.45
2011-11-23,24.13,24.43,24.75,23.66,29019,70600000,0.18,0.74,4.49,9.55
2011-11-24,23.99,23.50,24.35,23.22,29356,69740000,-0.93,-3.81,4.63,9.66
2011-11-25,23.10,22.82,23.59,22.80,23619,54670000,-0.68,-2.89,3.36,7.77
2011-11-28,23.00,22.15,23.00,21.88,21031,46970000,-0.67,-2.94,4.91,6.92
2011-11-29,22.46,22.60,22.74,22.30,18139,40860000,0.45,2.03,1.99,5.97
2011-11-30,22.64,20.93,22.64,20.55,32444,69570000,-1.67,-7.39,9.25,10.67
2011-12-01,21.85,21.18,21.85,21.15,33886,72840000,0.25,1.19,3.34,11.15
2011-12-02,20.80,20.31,21.07,20.20,21084,43350000,-0.87,-4.11,4.11,6.94
2011-12-05,20.44,20.65,21.09,20.20,29582,61330000,0.34,1.67,4.38,9.73
2011-12-06,20.42,21.87,21.94,20.30,49618,106130000,1.22,5.91,7.94,16.32
2011-12-07,21.70,22.15,22.40,21.45,41196,90790000,0.28,1.28,4.34,13.55
2011-12-08,22.00,21.92,22.29,21.35,28852,63100000,-0.23,-1.04,4.24,9.49
2011-12-09,21.71,20.96,22.13,20.83,25310,54050000,-0.96,-4.38,5.93,8.33
2011-12-12,20.89,20.33,21.10,20.25,15145,31360000,-0.63,-3.01,4.06,4.98
2011-12-13,20.28,20.78,20.99,20.20,28255,58120000,0.45,2.21,3.89,9.29
2011-12-14,20.73,19.39,20.90,19.22,22981,46190000,-1.39,-6.69,8.08,7.56
2011-12-15,18.85,18.09,18.88,18.00,30988,57030000,-1.30,-6.70,4.54,10.19
2011-12-16,18.03,18.57,18.57,17.45,26377,47380000,0.48,2.65,6.19,8.68
2011-12-19,18.45,18.32,18.52,17.73,18882,34190000,-0.25,-1.35,4.25,6.21
2011-12-20,18.12,18.23,18.80,18.12,18295,33730000,-0.09,-0.49,3.71,6.02
2011-12-21,18.41,17.28,18.64,17.20,19336,34590000,-0.95,-5.21,7.90,6.36
2011-12-22,17.21,16.50,17.25,15.91,23444,38630000,-0.78,-4.51,7.75,7.71
2011-12-23,16.30,16.32,16.82,16.11,17806,29350000,-0.18,-1.09,4.30,5.86
2011-12-26,16.44,16.34,16.76,16.24,11631,19240000,0.02,0.12,3.19,3.83
2011-12-27,16.25,15.32,16.29,15.22,16114,25090000,-1.02,-6.24,6.55,5.30
2011-12-28,15.03,15.17,15.30,14.55,15506,23160000,-0.15,-0.98,4.90,5.10
2011-12-29,15.16,15.13,15.32,15.01,10418,15820000,-0.04,-0.26,2.04,3.43
2011-12-30,15.25,16.10,16.26,15.20,25049,39610000,0.97,6.41,7.01,8.24
2012-01-04,16.31,14.93,16.40,14.90,17044,26880000,-1.17,-7.27,9.32,5.61
2012-01-05,14.95,14.23,14.96,14.00,14778,21310000,-0.70,-4.69,6.43,4.86
2012-01-06,14.30,14.72,14.82,14.04,13828,19840000,0.49,3.44,5.48,4.55
2012-01-09,14.63,15.47,15.48,14.31,22589,34010000,0.75,5.10,7.95,7.43
2012-01-10,15.30,15.92,16.12,15.30,26174,41230000,0.45,2.91,5.30,8.61
2012-01-11,15.92,15.88,16.46,15.75,21483,34430000,-0.04,-0.25,4.46,7.07
2012-01-12,15.80,16.03,16.32,15.78,18672,29930000,0.15,0.94,3.40,6.14
2012-01-13,16.00,14.63,16.10,14.63,19252,29370000,-1.40,-8.73,9.17,6.33
2012-01-16,14.24,13.89,14.41,13.89,12078,17080000,-0.74,-5.06,3.55,3.97
2012-01-17,14.00,15.01,15.14,13.83,13303,19380000,1.12,8.06,9.43,4.38
2012-01-18,15.10,14.14,15.20,13.90,27683,40030000,-0.87,-5.80,8.66,7.29
2012-01-19,13.92,14.31,14.43,13.83,20203,28780000,0.17,1.20,4.24,5.32
2012-01-20,14.34,14.50,14.73,14.32,17141,24940000,0.19,1.33,2.87,4.51
2012-01-30,14.52,14.49,14.65,14.29,27684,40060000,-0.01,-0.07,2.48,7.29
2012-01-31,14.41,14.26,14.56,13.90,21259,30060000,-0.23,-1.59,4.55,5.59
2012-02-01,14.40,14.50,14.69,14.26,28548,41410000,0.24,1.68,3.02,7.51
2012-02-02,14.50,14.85,14.89,14.34,43205,62740000,0.35,2.41,3.79,11.37
2012-02-03,14.79,15.24,15.43,14.63,49811,74940000,0.39,2.63,5.39,13.11
2012-02-06,15.34,15.64,15.64,15.11,44752,68620000,0.40,2.62,3.48,11.78
2012-02-07,15.48,15.02,15.53,15.00,33579,51020000,-0.62,-3.96,3.39,8.84
2012-02-08,15.01,15.55,15.62,14.83,35709,54610000,0.53,3.53,5.26,9.40
2012-02-09,15.55,15.50,15.85,15.40,40702,63570000,-0.05,-0.32,2.89,10.71
2012-02-10,15.45,15.55,15.75,15.21,38529,59880000,0.05,0.32,3.48,10.14
2012-02-13,15.31,16.14,16.28,15.27,57978,92290000,0.59,3.79,6.50,15.26
2012-02-14,16.07,16.15,16.26,15.82,36828,59060000,0.01,0.06,2.73,9.69
2012-02-15,16.01,16.30,16.39,15.84,48027,77490000,0.15,0.93,3.41,12.64
2012-02-16,16.15,16.69,16.84,16.15,53035,87380000,0.39,2.39,4.23,13.96
2012-02-17,16.69,16.43,16.71,16.20,32092,52780000,-0.26,-1.56,3.06,8.45
2012-02-20,16.62,16.19,16.63,16.19,34699,56900000,-0.24,-1.46,2.68,9.13
2012-02-21,16.12,16.40,16.44,15.95,33419,54220000,0.21,1.30,3.03,8.79
2012-02-22,16.35,16.93,16.98,16.31,49352,82360000,0.53,3.23,4.09,12.99
2012-02-23,16.83,17.10,17.18,16.66,50134,84990000,0.17,1.00,3.07,13.19
2012-02-24,17.05,17.17,17.19,16.82,45546,77640000,0.07,0.41,2.16,11.99
2012-02-27,17.20,17.03,17.46,17.02,49494,85360000,-0.14,-0.82,2.56,13.02
2012-02-28,16.82,16.95,17.10,16.52,35407,59630000,-0.08,-0.47,3.41,9.32
2012-02-29,16.95,17.47,17.79,16.95,78234,136540000,0.52,3.07,4.96,20.59
2012-03-01,17.25,17.50,17.76,17.09,44721,77630000,0.03,0.17,3.84,11.77
2012-03-02,17.51,17.84,17.85,17.36,46472,81820000,0.34,1.94,2.80,12.23
2012-03-05,17.91,18.26,18.56,17.72,56596,102410000,0.42,2.35,4.71,14.89
2012-03-06,18.16,18.93,19.68,18.03,93330,176410000,0.67,3.67,9.04,24.56
2012-03-07,18.66,18.55,18.89,18.38,43063,80320000,-0.38,-2.01,2.69,11.33
2012-03-08,18.50,18.44,18.69,18.26,42352,78190000,-0.11,-0.59,2.32,11.15
2012-03-09,18.55,18.90,19.12,18.51,41105,77340000,0.46,2.49,3.31,10.82
2012-03-12,18.90,18.61,19.05,18.37,40028,74480000,-0.29,-1.53,3.60,10.53
2012-03-13,18.58,18.80,18.80,18.42,29897,55580000,0.19,1.02,2.04,7.87
2012-03-14,18.91,17.40,19.17,17.01,55096,100880000,-1.40,-7.45,11.49,14.50
2012-03-15,17.38,16.74,17.49,16.52,39133,66210000,-0.66,-3.79,5.57,10.30
2012-03-16,16.85,17.23,17.27,16.68,27413,46560000,0.49,2.93,3.52,7.21
2012-03-19,17.20,17.59,17.60,17.12,25776,44780000,0.36,2.09,2.79,6.78
2012-03-20,17.50,16.69,17.50,16.66,27850,47630000,-0.90,-5.12,4.78,7.33
2012-03-21,16.85,16.82,16.94,16.25,22582,37570000,0.13,0.78,4.13,5.94
2012-03-22,16.72,16.88,17.06,16.60,16955,28560000,0.06,0.36,2.73,4.46
2012-03-23,16.79,16.62,17.10,16.51,15376,25830000,-0.26,-1.54,3.50,4.05
2012-03-26,16.62,16.85,16.98,16.53,14192,23830000,0.23,1.38,2.71,3.73
2012-03-27,16.95,16.85,17.18,16.70,16156,27360000,0.00,0.00,2.85,4.25
2012-03-28,16.73,15.17,16.85,15.17,34870,55070000,-1.68,-9.97,9.97,9.18
2012-03-29,15.00,14.76,15.00,14.40,21136,31170000,-0.41,-2.70,3.96,5.56
2012-03-30,14.72,14.48,14.86,14.41,11112,16260000,-0.28,-1.90,3.05,2.92
2012-04-05,14.75,15.03,15.15,14.62,15621,23370000,0.55,3.80,3.66,4.11
2012-04-09,15.05,14.97,15.33,14.90,15772,23840000,-0.06,-0.40,2.86,4.15
2012-04-10,14.90,15.50,15.56,14.79,16163,24480000,0.53,3.54,5.14,4.25
2012-04-11,15.38,15.42,15.57,15.14,14102,21680000,-0.08,-0.52,2.77,3.71
2012-04-12,15.41,15.72,15.75,15.30,17532,27270000,0.30,1.95,2.92,4.61
2012-04-13,15.78,15.74,15.91,15.64,16564,26120000,0.02,0.13,1.72,4.36
2012-04-16,15.60,15.57,15.72,15.51,11285,17620000,-0.17,-1.08,1.33,2.97
2012-04-17,15.56,15.51,15.74,15.43,11420,17770000,-0.06,-0.39,1.99,3.01
2012-04-18,15.51,15.92,15.92,15.46,13804,21770000,0.41,2.64,2.97,3.63
2012-04-19,15.80,16.00,16.07,15.80,13709,21860000,0.08,0.50,1.70,3.61
2012-04-20,15.94,16.23,16.28,15.91,15595,25200000,0.23,1.44,2.31,4.10
2012-04-23,16.20,15.28,16.35,15.13,24531,38420000,-0.95,-5.85,7.52,6.46
2012-04-24,15.25,15.00,15.47,14.56,18452,27580000,-0.28,-1.83,5.96,4.86
2012-04-25,14.83,14.54,14.83,14.00,29803,42620000,-0.46,-3.07,5.53,7.84
2012-04-26,14.50,14.57,14.74,14.25,17952,25980000,0.03,0.21,3.37,4.72
2012-04-27,14.49,14.60,14.74,14.27,13589,19730000,0.03,0.21,3.23,3.58
2012-05-02,14.87,14.78,14.99,14.63,11757,17370000,0.18,1.23,2.47,3.09
2012-05-03,14.73,14.90,14.97,14.70,11914,17720000,0.12,0.81,1.83,3.14
2012-05-04,14.86,15.13,15.18,14.82,12304,18520000,0.23,1.54,2.42,3.24
2012-05-07,15.11,15.21,15.28,15.03,11833,17930000,0.08,0.53,1.65,3.11
2012-05-08,15.21,15.40,15.43,15.11,12408,18960000,0.19,1.25,2.10,3.27
2012-05-09,15.40,14.65,15.40,14.65,17807,26540000,-0.75,-4.87,4.87,4.69
2012-05-10,14.62,14.74,14.85,14.60,9215,13590000,0.09,0.61,1.71,2.43
2012-05-11,14.73,14.76,15.11,14.62,9344,13920000,0.02,0.14,3.32,2.46
2012-05-14,14.95,14.77,15.09,14.75,10500,15710000,0.01,0.07,2.30,2.76
2012-05-15,14.64,14.61,14.76,14.36,9168,13290000,-0.16,-1.08,2.71,2.41
2012-05-16,14.59,14.32,14.59,14.32,7742,11190000,-0.29,-1.98,1.85,2.04
2012-05-18,14.68,15.75,15.75,14.46,64434,99830000,1.43,9.99,9.01,16.96
2012-05-21,16.22,15.84,16.80,15.61,93519,151840000,0.09,0.57,7.56,24.61
2012-05-22,15.75,15.59,15.84,15.20,48675,75080000,-0.25,-1.58,4.04,12.81
2012-05-23,15.35,15.19,15.46,15.05,31428,47900000,-0.40,-2.57,2.63,8.27
2012-05-24,14.83,15.72,16.08,14.83,53322,83220000,0.53,3.49,8.23,14.03
2012-05-25,15.60,15.13,15.64,15.09,26712,41060000,-0.59,-3.75,3.50,7.03
2012-05-28,15.07,15.00,15.14,14.50,26064,38490000,-0.13,-0.86,4.23,6.86
2012-05-29,15.00,15.38,15.40,14.87,21015,32030000,0.38,2.53,3.53,5.53
2012-05-30,15.35,15.50,15.58,15.19,19929,30750000,0.12,0.78,2.54,5.24
2012-05-31,15.42,15.54,15.75,15.28,23063,35860000,0.04,0.26,3.03,6.07
2012-06-01,15.61,15.65,15.89,15.51,21383,33560000,0.11,0.71,2.45,5.63
2012-06-04,15.40,14.54,15.44,14.51,22977,34590000,-1.11,-7.09,5.94,6.05
2012-06-05,14.65,14.57,14.92,14.57,13179,19350000,0.03,0.21,2.41,3.47
2012-06-06,14.62,14.75,14.85,14.55,8721,12810000,0.18,1.24,2.06,2.30
2012-06-07,14.91,14.87,15.05,14.71,9953,14770000,0.12,0.81,2.31,2.62
2012-06-08,14.65,14.45,14.70,14.26,11883,17180000,-0.12,-0.82,3.02,3.13
2012-06-11,14.42,14.69,14.78,14.33,9221,13450000,0.24,1.66,3.11,2.43
2012-06-12,14.61,14.75,14.85,14.56,11064,16290000,0.06,0.41,1.97,2.91
2012-06-13,14.83,15.07,15.17,14.68,17307,25900000,0.32,2.17,3.32,4.55
2012-06-14,15.02,14.86,15.11,14.79,13505,20180000,-0.21,-1.39,2.12,3.55
2012-06-15,15.00,14.78,15.03,14.55,11214,16560000,-0.08,-0.54,3.23,2.95
2012-06-18,14.98,14.96,15.03,14.85,9882,14790000,0.18,1.22,1.22,2.60
2012-06-19,14.90,15.05,15.17,14.82,11436,17120000,0.09,0.60,2.34,3.01
2012-06-20,14.95,15.17,15.41,14.95,23548,35930000,0.12,0.80,3.06,6.20
2012-06-21,15.18,14.75,15.18,14.65,14101,20890000,-0.42,-2.77,3.49,3.71
2012-06-25,14.50,14.60,14.76,14.43,8598,12500000,-0.15,-1.02,2.24,2.26
2012-06-26,14.45,14.49,14.64,14.28,5731,8290000,-0.11,-0.75,2.47,1.51
2012-06-27,14.42,14.56,14.65,14.36,7397,10770000,0.07,0.48,2.00,1.95
2012-06-28,14.50,14.53,14.76,14.47,9459,13820000,-0.03,-0.21,1.99,2.49
2012-06-29,14.49,14.63,14.67,14.11,9618,13860000,0.10,0.69,3.85,2.53
2012-07-02,14.64,15.07,15.14,14.53,18561,27620000,0.44,3.01,4.17,4.88
2012-07-03,15.05,14.97,15.25,14.85,17134,25810000,-0.10,-0.66,2.65,4.51
2012-07-04,15.01,15.55,15.64,14.94,30250,46460000,0.58,3.87,4.68,7.96
2012-07-05,15.39,14.98,15.41,14.90,23423,35410000,-0.57,-3.67,3.28,6.16
2012-07-06,15.11,15.39,15.45,14.90,20983,31970000,0.41,2.74,3.67,5.52
2012-07-09,15.39,14.78,15.39,14.75,18799,28400000,-0.61,-3.96,4.16,4.95
2012-07-10,14.51,13.95,14.68,13.91,19524,27740000,-0.83,-5.62,5.21,5.14
2012-07-11,13.91,13.74,13.99,13.55,13513,18510000,-0.21,-1.51,3.15,3.56
2012-07-12,13.71,13.81,13.83,13.29,16598,22490000,0.07,0.51,3.93,4.37
2012-07-13,13.70,13.38,13.79,13.34,11553,15660000,-0.43,-3.11,3.26,3.04
2012-07-16,13.44,12.19,13.45,12.10,20620,25690000,-1.19,-8.89,10.09,5.43
2012-07-17,12.08,12.20,12.29,12.04,7640,9310000,0.01,0.08,2.05,2.01
2012-07-18,12.12,12.38,12.49,12.00,7902,9610000,0.18,1.48,4.02,2.08
2012-07-19,12.38,12.54,12.67,12.29,12490,15650000,0.16,1.29,3.07,3.29
2012-07-20,12.50,12.40,12.69,12.37,7063,8840000,-0.14,-1.12,2.55,1.86
2012-07-23,12.33,12.46,12.62,12.11,5952,7370000,0.06,0.48,4.11,1.57
2012-07-24,12.38,12.56,12.68,12.32,5042,6300000,0.10,0.80,2.89,1.33
2012-07-25,12.58,12.42,12.68,12.38,6110,7650000,-0.14,-1.11,2.39,1.61
2012-07-26,12.40,12.27,12.49,12.23,6203,7670000,-0.15,-1.21,2.09,1.63
2012-07-27,12.33,12.32,12.42,12.26,3818,4700000,0.05,0.41,1.30,1.00
2012-07-30,12.33,11.95,12.38,11.90,6776,8190000,-0.37,-3.00,3.90,1.78
2012-07-31,11.80,11.45,11.95,11.41,8468,9780000,-0.50,-4.18,4.52,2.23
2012-08-01,11.48,11.59,11.75,11.42,6010,6990000,0.14,1.22,2.88,1.58
2012-08-02,11.64,11.39,11.65,11.35,5635,6460000,-0.20,-1.73,2.59,1.48
2012-08-03,11.40,11.73,11.75,11.39,5078,5890000,0.34,2.99,3.16,1.34
2012-08-06,11.72,12.13,12.18,11.71,8541,10220000,0.40,3.41,4.01,2.25
2012-08-07,12.25,12.37,12.57,12.10,13017,16040000,0.24,1.98,3.87,3.43
2012-08-08,12.38,12.23,12.40,12.10,6487,7960000,-0.14,-1.13,2.43,1.71
2012-08-09,12.11,12.56,12.59,12.11,12807,15940000,0.33,2.70,3.92,3.37
2012-08-10,12.56,12.51,12.71,12.44,7785,9750000,-0.05,-0.40,2.15,2.05
2012-08-13,12.45,12.24,12.47,12.20,5715,7050000,-0.27,-2.16,2.16,1.50
2012-08-14,12.23,12.41,12.47,12.05,5406,6640000,0.17,1.39,3.43,1.42
2012-08-15,12.61,12.58,13.26,12.47,19430,24960000,0.17,1.37,6.37,5.11
2012-08-16,12.30,12.40,12.63,12.30,7940,9890000,-0.18,-1.43,2.62,2.09
2012-08-17,12.33,12.59,12.88,12.33,6378,8000000,0.19,1.53,4.44,1.68
2012-08-20,12.59,12.76,12.85,12.41,9086,11540000,0.17,1.35,3.49,2.39
2012-08-21,12.74,12.92,12.99,12.72,11841,15260000,0.16,1.25,2.12,3.12
2012-08-22,12.89,12.69,12.95,12.65,7437,9510000,-0.23,-1.78,2.32,1.96
2012-08-23,12.79,12.84,12.87,12.60,6270,7990000,0.15,1.18,2.13,1.65
2012-08-24,12.81,12.56,12.86,12.56,6348,8070000,-0.28,-2.18,2.34,1.67
2012-08-27,12.56,12.20,12.70,12.20,6885,8510000,-0.36,-2.87,3.98,1.81
2012-08-28,11.90,11.48,11.90,11.35,19816,22830000,-0.72,-5.90,4.51,5.21
2012-08-29,11.48,11.34,11.48,11.26,10314,11710000,-0.14,-1.22,1.92,2.71
2012-08-30,11.35,11.16,11.41,10.96,8980,10040000,-0.18,-1.59,3.97,2.36
2012-08-31,11.15,11.23,11.29,11.10,4152,4650000,0.07,0.63,1.70,1.09
2012-09-03,11.15,11.40,11.47,11.09,5526,6270000,0.17,1.51,3.38,1.45
2012-09-04,11.45,11.42,11.54,11.33,6614,7560000,0.02,0.18,1.84,1.74
2012-09-05,11.41,11.57,11.79,11.41,7868,9140000,0.15,1.31,3.33,2.07
2012-09-06,11.50,11.76,11.78,11.50,5794,6770000,0.19,1.64,2.42,1.52
2012-09-07,11.80,12.14,12.25,11.80,13299,16070000,0.38,3.23,3.83,3.50
2012-09-10,12.12,12.30,12.33,11.99,10411,12640000,0.16,1.32,2.80,2.74
2012-09-11,12.15,12.13,12.28,12.07,8163,9910000,-0.17,-1.38,1.71,2.15
2012-09-12,12.15,12.15,12.31,12.06,6391,7770000,0.02,0.16,2.06,1.68
2012-09-13,12.18,11.92,12.26,11.86,6585,7980000,-0.23,-1.89,3.29,1.73
2012-09-14,12.00,11.84,12.12,11.77,5324,6350000,-0.08,-0.67,2.94,1.40
2012-09-17,11.78,11.28,11.88,11.22,7589,8720000,-0.56,-4.73,5.57,2.00
2012-09-18,11.25,11.48,11.48,11.21,4559,5170000,0.20,1.77,2.39,1.20
2012-09-19,11.48,11.72,11.98,11.47,7403,8670000,0.24,2.09,4.44,1.95
2012-09-20,11.66,11.24,11.69,11.23,4711,5360000,-0.48,-4.10,3.92,1.24
2012-09-21,11.37,11.22,11.37,11.13,3704,4160000,-0.02,-0.18,2.14,0.97
2012-09-24,11.03,11.25,11.35,11.01,2898,3240000,0.03,0.27,3.03,0.76
2012-09-25,11.19,11.15,11.32,11.10,3143,3520000,-0.10,-0.89,1.96,0.83
2012-09-26,11.10,10.78,11.14,10.76,3727,4070000,-0.37,-3.32,3.41,0.98
2012-09-27,10.78,10.95,11.08,10.56,8203,8870000,0.17,1.58,4.82,2.16
2012-09-28,10.86,11.19,11.20,10.20,7557,8250000,0.24,2.19,9.13,1.99
2012-10-08,11.09,11.13,11.17,11.00,4344,4810000,-0.06,-0.54,1.52,1.14
2012-10-09,11.02,11.35,11.38,11.02,6677,7550000,0.22,1.98,3.23,1.76
2012-10-10,11.32,11.46,11.51,11.28,7663,8740000,0.11,0.97,2.03,2.02
2012-10-11,11.51,11.34,11.66,11.28,8625,9900000,-0.12,-1.05,3.32,2.27
2012-10-12,11.34,11.22,11.49,11.10,4483,5040000,-0.12,-1.06,3.44,1.18
2012-10-15,11.21,10.95,11.21,10.90,3966,4370000,-0.27,-2.41,2.76,1.04
2012-10-16,10.91,11.00,11.05,10.85,5532,6070000,0.05,0.46,1.83,1.46
2012-10-17,11.07,11.24,11.39,10.89,7968,8970000,0.24,2.18,4.55,2.10
2012-10-18,11.28,11.35,11.40,11.11,6659,7540000,0.11,0.98,2.58,1.58
2012-10-19,11.33,11.24,11.40,11.24,4097,4630000,-0.11,-0.97,1.41,0.97
2012-10-22,11.23,11.40,11.42,11.13,5211,5890000,0.16,1.42,2.58,1.23
2012-10-23,11.40,11.28,11.40,11.22,4394,4960000,-0.12,-1.05,1.58,1.04
2012-10-24,11.20,10.98,11.23,10.96,6537,7220000,-0.30,-2.66,2.39,1.55
2012-10-25,10.97,10.88,11.14,10.87,3761,4130000,-0.10,-0.91,2.46,0.89
2012-10-26,10.84,10.58,10.97,10.58,3754,4020000,-0.30,-2.76,3.58,0.89
2012-10-29,10.52,10.62,10.68,10.52,2121,2250000,0.04,0.38,1.51,0.50
2012-10-30,10.68,10.58,10.68,10.56,2164,2300000,-0.04,-0.38,1.13,0.51
2012-10-31,10.55,10.60,10.68,10.52,2142,2270000,0.02,0.19,1.51,0.51
2012-11-01,10.60,10.78,10.83,10.58,4821,5180000,0.18,1.70,2.36,1.14
2012-11-02,10.78,10.90,11.08,10.75,7148,7820000,0.12,1.11,3.06,1.69
2012-11-05,10.93,10.91,11.00,10.85,2971,3240000,0.01,0.09,1.38,0.70
2012-11-06,10.91,10.75,10.91,10.60,4377,4690000,-0.16,-1.47,2.84,1.04
2012-11-07,10.75,10.85,10.95,10.63,4071,4410000,0.10,0.93,2.98,0.96
2012-11-08,10.70,10.61,10.77,10.58,4795,5120000,-0.24,-2.21,1.75,1.13
2012-11-09,10.57,10.53,10.63,10.43,3243,3410000,-0.08,-0.75,1.89,0.77
2012-11-12,10.59,10.61,10.70,10.53,1847,1960000,0.08,0.76,1.61,0.44
2012-11-13,10.62,10.36,10.62,10.00,4015,4160000,-0.25,-2.36,5.84,0.95
2012-11-14,10.39,10.40,10.46,10.24,3139,3250000,0.04,0.39,2.12,0.74
2012-11-15,10.37,10.18,10.42,10.15,2324,2390000,-0.22,-2.12,2.60,0.55
2012-11-16,10.24,10.12,10.24,10.08,1581,1600000,-0.06,-0.59,1.57,0.37
2012-11-19,10.18,10.18,10.18,10.01,2177,2200000,0.06,0.59,1.68,0.51
2012-11-20,10.19,10.24,10.25,10.11,2765,2820000,0.06,0.59,1.38,0.65
2012-11-21,10.22,10.41,10.46,10.15,3903,4020000,0.17,1.66,3.03,0.92
2012-11-22,10.41,10.38,10.41,10.25,4251,4380000,-0.03,-0.29,1.54,1.01
2012-11-23,10.36,10.34,10.45,10.29,3305,3430000,-0.04,-0.39,1.54,0.78
2012-11-26,10.26,10.16,10.33,10.12,1865,1910000,-0.18,-1.74,2.03,0.44
2012-11-27,10.11,9.60,10.11,9.58,6381,6240000,-0.56,-5.51,5.22,1.51
2012-11-28,9.45,9.28,9.59,9.23,3600,3370000,-0.32,-3.33,3.75,0.85
2012-11-29,9.32,9.10,9.38,9.08,2121,1960000,-0.18,-1.94,3.23,0.50
2012-11-30,9.06,9.21,9.22,9.05,2006,1840000,0.11,1.21,1.87,0.47
2012-12-03,9.08,8.83,9.20,8.83,2620,2350000,-0.38,-4.13,4.02,0.62
2012-12-04,8.81,9.02,9.05,8.73,2928,2600000,0.19,2.15,3.62,0.69
2012-12-05,8.90,9.37,9.47,8.90,6307,5880000,0.35,3.88,6.32,1.49
2012-12-06,9.32,9.28,9.45,9.27,3297,3080000,-0.09,-0.96,1.92,0.78
2012-12-07,9.25,9.48,9.50,9.24,5458,5140000,0.20,2.16,2.80,1.29
2012-12-10,9.41,9.69,9.75,9.40,8609,8290000,0.21,2.22,3.69,2.04
2012-12-11,9.69,9.56,9.69,9.53,5422,5200000,-0.13,-1.34,1.65,1.28
2012-12-12,9.58,9.43,9.61,9.38,4137,3920000,-0.13,-1.36,2.41,0.98
2012-12-13,9.44,9.42,9.62,9.37,3788,3600000,-0.01,-0.11,2.65,0.90
2012-12-14,9.53,9.85,9.88,9.38,9801,9540000,0.43,4.56,5.31,2.32
2012-12-17,9.80,9.90,9.95,9.78,7342,7250000,0.05,0.51,1.73,1.74
2012-12-18,9.82,9.82,9.99,9.78,6504,6430000,-0.08,-0.81,2.12,1.54
2012-12-19,9.80,10.40,10.80,9.79,23409,24240000,0.58,5.91,10.29,5.54
2012-12-20,10.25,10.28,10.32,10.04,13085,13330000,-0.12,-1.15,2.69,3.09
2012-12-21,10.30,10.47,10.62,10.17,17454,18120000,0.19,1.85,4.38,4.13
2012-12-24,10.50,10.47,10.53,10.33,11460,11960000,0.00,0.00,1.91,2.71
2012-12-25,10.43,10.71,10.81,10.43,16096,17150000,0.24,2.29,3.63,3.81
2012-12-26,10.80,10.97,11.06,10.63,15800,17150000,0.26,2.43,4.01,3.74
2012-12-27,11.00,10.79,11.33,10.75,22160,24630000,-0.18,-1.64,5.29,5.24
2012-12-28,10.73,10.84,10.97,10.57,12920,13910000,0.05,0.46,3.71,3.06
2012-12-31,10.85,10.81,10.93,10.72,8589,9290000,-0.03,-0.28,1.94,2.03
2013-01-04,10.92,10.84,10.92,10.69,10718,11580000,0.03,0.28,2.13,2.53
2013-01-07,10.70,10.86,10.88,10.70,6605,7140000,0.02,0.18,1.66,1.56
2013-01-08,10.81,10.97,11.13,10.72,13398,14670000,0.11,1.01,3.78,3.17
2013-01-09,10.90,11.04,11.17,10.88,14093,15560000,0.07,0.64,2.64,3.33
2013-01-10,10.94,11.02,11.09,10.88,11390,12510000,-0.02,-0.18,1.90,2.69
2013-01-11,11.10,10.82,11.18,10.74,12097,13260000,-0.20,-1.81,3.99,2.86
2013-01-14,10.72,11.20,11.24,10.71,14944,16490000,0.38,3.51,4.90,3.53
2013-01-15,11.30,11.43,11.46,11.17,20203,22950000,0.23,2.05,2.59,4.78
2013-01-16,11.42,11.41,11.48,11.15,13950,15790000,-0.02,-0.18,2.89,3.30
2013-01-17,11.29,11.30,11.38,11.17,10894,12300000,-0.11,-0.96,1.84,2.58
2013-01-18,11.31,11.41,11.43,11.18,11210,12700000,0.11,0.97,2.21,2.65
2013-01-21,11.45,11.72,11.96,11.35,20823,24290000,0.31,2.72,5.35,4.93
2013-01-22,11.66,11.25,11.71,11.17,16731,19170000,-0.47,-4.01,4.61,3.96
2013-01-23,11.18,11.11,11.28,10.82,11689,12920000,-0.14,-1.24,4.09,2.76
2013-01-24,11.25,10.73,11.26,10.61,14077,15470000,-0.38,-3.42,5.85,3.33
2013-01-25,10.70,10.63,10.75,10.55,6385,6800000,-0.10,-0.93,1.86,1.51
2013-01-28,10.64,10.94,10.97,10.64,6592,7140000,0.31,2.92,3.10,1.56
2013-01-29,10.84,11.10,11.21,10.84,7426,8230000,0.16,1.46,3.38,1.76
2013-01-30,11.23,11.05,11.24,10.97,6598,7290000,-0.05,-0.45,2.43,1.56
2013-01-31,10.94,11.00,11.06,10.61,5141,5640000,-0.05,-0.45,4.07,1.22
2013-02-01,10.99,11.11,11.11,10.93,6974,7710000,0.11,1.00,1.64,1.65
2013-02-04,11.18,10.94,11.18,10.88,6543,7210000,-0.17,-1.53,2.70,1.55
2013-02-05,10.91,10.99,11.01,10.78,6235,6800000,0.05,0.46,2.10,1.47
2013-02-06,11.02,11.08,11.14,10.87,6196,6850000,0.09,0.82,2.46,1.47
2013-02-07,11.08,11.32,11.40,11.00,10664,11890000,0.24,2.17,3.61,2.52
2013-02-08,11.30,11.45,11.49,11.23,13211,15030000,0.13,1.15,2.30,3.12
2013-02-18,11.47,11.45,11.57,11.36,10205,11680000,0.00,0.00,1.83,2.41
2013-02-19,11.45,11.14,11.48,11.10,9625,10820000,-0.31,-2.71,3.32,2.28
2013-02-20,11.15,11.32,11.36,11.12,8230,9260000,0.18,1.62,2.15,1.95
2013-02-21,11.20,11.16,11.33,11.05,11211,12540000,-0.16,-1.41,2.47,2.65
2013-02-22,11.16,11.33,11.43,11.14,11309,12800000,0.17,1.52,2.60,2.67
2013-02-25,11.38,11.64,11.68,11.36,17043,19660000,0.31,2.74,2.82,4.03
2013-02-26,11.50,11.58,11.90,11.43,23144,27060000,-0.06,-0.52,4.04,5.47
2013-02-27,11.58,11.50,11.74,11.40,8391,9700000,-0.08,-0.69,2.94,1.98
2013-02-28,11.40,11.76,11.76,11.22,22090,25460000,0.26,2.26,4.70,5.22
2013-03-01,11.75,11.92,11.95,11.62,18475,21780000,0.16,1.36,2.81,4.37
2013-03-04,11.88,11.42,11.88,11.36,17781,20570000,-0.50,-4.19,4.36,4.21
2013-03-05,11.45,11.65,11.67,11.29,10586,12190000,0.23,2.01,3.33,2.50
2013-03-06,11.72,11.97,12.15,11.65,17719,21100000,0.32,2.75,4.29,4.19
2013-03-07,11.91,12.18,12.25,11.78,25283,30470000,0.21,1.75,3.93,5.98
2013-03-08,12.15,11.86,12.22,11.82,16174,19420000,-0.32,-2.63,3.28,3.83
2013-03-11,11.80,11.70,11.89,11.65,8808,10350000,-0.16,-1.35,2.02,2.08
2013-03-12,11.80,11.34,11.85,11.20,14277,16400000,-0.36,-3.08,5.56,3.38
2013-03-13,11.31,11.07,11.33,10.90,9525,10560000,-0.27,-2.38,3.79,2.25
2013-03-14,11.07,11.05,11.15,11.00,5268,5830000,-0.02,-0.18,1.36,1.25
2013-03-15,11.03,11.01,11.24,10.90,8387,9310000,-0.04,-0.36,3.08,1.98
2013-03-18,11.01,10.60,11.20,10.55,7660,8220000,-0.41,-3.72,5.90,1.81
2013-03-19,10.65,11.00,11.05,10.57,9262,10000000,0.40,3.77,4.53,2.19
2013-03-20,11.00,11.62,11.90,10.88,14022,16040000,0.62,5.64,9.27,3.32
2013-03-21,11.63,11.55,11.63,11.43,8140,9390000,-0.07,-0.60,1.72,1.93
2013-03-22,11.55,11.46,11.55,11.36,5254,6010000,-0.09,-0.78,1.65,1.24
2013-03-25,11.49,11.37,11.55,11.24,6881,7820000,-0.09,-0.79,2.71,1.63
2013-03-26,11.37,11.15,11.37,11.08,7250,8090000,-0.22,-1.93,2.55,1.71
2013-03-27,11.20,11.09,11.24,11.02,6208,6920000,-0.06,-0.54,1.97,1.47
2013-03-28,11.01,10.61,11.01,10.55,10783,11510000,-0.48,-4.33,4.15,2.55
2013-03-29,10.60,10.36,10.66,10.26,11930,12460000,-0.25,-2.36,3.77,2.82
2013-04-01,10.35,10.48,10.53,10.33,4110,4300000,0.12,1.16,1.93,0.97
2013-04-02,10.45,10.22,10.53,10.21,3258,3380000,-0.26,-2.48,3.05,0.77
2013-04-03,10.23,10.36,10.42,10.23,3158,3270000,0.14,1.37,1.86,0.75
2013-04-08,10.26,10.24,10.26,9.94,3431,3460000,-0.12,-1.16,3.09,0.81
2013-04-09,10.13,10.38,10.47,10.13,2228,2310000,0.14,1.37,3.32,0.53
2013-04-10,10.40,10.34,10.46,10.24,2963,3060000,-0.04,-0.39,2.12,0.70
2013-04-11,10.30,10.23,10.39,10.20,2156,2220000,-0.11,-1.06,1.84,0.51
2013-04-12,10.14,10.34,10.37,10.10,4186,4290000,0.11,1.08,2.64,0.99
2013-04-15,10.25,10.29,10.35,10.00,4960,5080000,-0.05,-0.48,3.38,1.17
2013-04-16,10.15,10.33,10.35,10.01,3970,4040000,0.04,0.39,3.30,0.94
2013-04-17,10.33,10.36,10.36,10.26,2581,2660000,0.03,0.29,0.97,0.61
2013-04-18,10.30,10.33,10.45,10.26,3654,3780000,-0.03,-0.29,1.83,0.86
2013-04-19,10.38,10.56,10.63,10.38,5625,5920000,0.23,2.23,2.42,1.33
2013-04-22,10.40,10.29,10.46,10.15,8043,8260000,-0.27,-2.56,2.94,1.90
2013-04-23,10.31,10.03,10.31,10.03,5708,5780000,-0.26,-2.53,2.72,1.35
2013-04-24,10.04,10.12,10.17,9.92,4561,4580000,0.09,0.90,2.49,1.08
2013-04-25,10.13,9.92,10.13,9.92,4959,4970000,-0.20,-1.98,2.08,1.17
2013-04-26,9.95,9.81,10.02,9.64,5279,5210000,-0.11,-1.11,3.83,1.25
2013-05-02,9.56,9.78,9.85,9.56,2897,2820000,-0.03,-0.31,2.96,0.69
2013-05-03,9.78,9.93,9.99,9.75,2686,2660000,0.15,1.53,2.45,0.64
2013-05-06,9.95,10.15,10.31,9.83,5098,5170000,0.22,2.22,4.83,1.21
2013-05-07,10.07,10.19,10.25,10.07,3501,3570000,0.04,0.39,1.77,0.83
2013-05-08,10.24,10.24,10.25,10.12,3708,3780000,0.05,0.49,1.28,0.88
2013-05-09,10.20,10.28,10.32,10.15,4865,4980000,0.04,0.39,1.66,1.15
2013-05-10,10.28,10.50,10.55,10.20,7859,8170000,0.22,2.14,3.40,1.86
2013-05-13,10.54,10.50,10.60,10.39,9287,9720000,0.00,0.00,2.00,2.20
2013-05-14,10.50,10.39,10.50,10.28,4877,5050000,-0.11,-1.05,2.10,1.15
2013-05-15,10.39,10.46,10.47,10.28,4630,4810000,0.07,0.67,1.83,1.10
2013-05-16,10.51,10.69,10.80,10.37,18897,20150000,0.23,2.20,4.11,4.47
2013-05-17,10.71,10.93,10.98,10.62,20224,22000000,0.24,2.25,3.37,4.78
2013-05-20,10.95,10.94,11.15,10.85,15701,17230000,0.01,0.09,2.74,3.71
2013-05-21,11.00,11.13,11.13,10.83,17589,19300000,0.19,1.74,2.74,4.16
2013-05-22,11.15,10.89,11.24,10.83,12461,13720000,-0.24,-2.16,3.68,2.95
2013-05-23,10.80,10.89,11.20,10.78,17286,19030000,0.00,0.00,3.86,4.09
2013-05-24,10.80,11.07,11.11,10.80,10941,12010000,0.18,1.65,2.85,2.59
2013-05-27,11.06,11.20,11.27,11.06,10905,12150000,0.13,1.17,1.90,2.58
2013-05-28,11.21,11.12,11.21,10.96,9341,10350000,-0.08,-0.71,2.23,2.21
2013-05-29,11.15,11.27,11.46,11.06,12774,14440000,0.15,1.35,3.60,3.02
2013-05-30,11.20,11.18,11.30,11.13,8589,9630000,-0.09,-0.80,1.51,2.03
2013-05-31,11.20,11.20,11.45,11.10,14010,15770000,0.02,0.18,3.13,3.31
2013-06-03,11.12,10.97,11.24,10.90,8219,9120000,-0.23,-2.05,3.04,1.94
2013-06-04,11.09,11.13,11.29,10.90,14667,16250000,0.16,1.46,3.56,3.47
2013-06-05,11.19,11.42,11.60,11.09,28666,32560000,0.29,2.61,4.58,6.78
2013-06-06,11.31,11.24,11.58,11.20,28305,32290000,-0.18,-1.58,3.33,6.69
2013-06-07,11.20,10.60,11.20,10.52,17865,19380000,-0.64,-5.69,6.05,4.23
2013-06-13,10.48,10.28,10.48,10.04,8938,9140000,-0.32,-3.02,4.15,2.11
2013-06-14,10.40,10.36,10.43,10.28,6050,6270000,0.08,0.78,1.46,1.43
2013-06-17,10.33,10.29,10.43,10.21,5287,5450000,-0.07,-0.68,2.12,1.25
2013-06-18,10.15,10.35,10.39,10.15,3858,3980000,0.06,0.58,2.33,0.91
2013-06-19,10.25,10.17,10.37,10.07,5660,5750000,-0.18,-1.74,2.90,1.34
2013-06-20,10.15,10.04,10.27,9.98,6536,6620000,-0.13,-1.28,2.85,1.55
2013-06-21,9.94,9.90,9.98,9.64,5781,5690000,-0.14,-1.39,3.39,1.37
2013-06-24,9.86,9.53,10.09,9.42,10268,10080000,-0.37,-3.74,6.77,2.43
2013-06-25,9.48,9.29,9.50,8.58,8281,7600000,-0.24,-2.52,9.65,1.96
2013-06-26,9.28,9.42,9.54,9.25,5918,5570000,0.13,1.40,3.12,1.40
2013-06-27,9.40,9.22,9.53,9.12,6926,6470000,-0.20,-2.12,4.35,1.64
2013-06-28,9.23,9.24,9.33,9.02,3270,3010000,0.02,0.22,3.36,0.77
2013-07-01,9.23,9.45,9.58,9.10,3811,3550000,0.21,2.27,5.19,0.90
2013-07-02,9.40,9.57,9.60,9.36,4696,4470000,0.12,1.27,2.54,1.11
2013-07-03,9.46,9.58,9.68,9.30,4429,4220000,0.01,0.10,3.97,1.05
2013-07-04,9.50,9.88,10.10,9.43,10826,10750000,0.30,3.13,6.99,2.56
2013-07-05,9.88,9.85,10.05,9.75,5558,5510000,-0.03,-0.30,3.04,1.31
2013-07-08,9.81,10.26,10.56,9.45,15017,15340000,0.41,4.16,11.27,3.55
2013-07-09,10.10,10.58,10.65,10.10,14371,15020000,0.32,3.12,5.36,3.40
2013-07-10,10.60,10.73,11.00,10.36,34631,37340000,0.15,1.42,6.05,8.19
2013-07-11,10.78,10.58,10.93,10.50,39542,42350000,-0.15,-1.40,4.01,9.35
2013-07-12,10.50,10.58,10.75,10.44,20161,21370000,0.00,0.00,2.93,4.77
2013-07-15,10.57,10.45,10.64,10.42,14973,15770000,-0.13,-1.23,2.08,3.54
2013-07-16,10.41,10.29,10.53,10.18,17667,18240000,-0.16,-1.53,3.35,4.18
2013-07-17,10.29,11.32,11.32,10.24,60053,65650000,1.03,10.01,10.50,14.20
2013-07-18,11.29,11.32,11.52,11.02,45588,51140000,0.00,0.00,4.42,10.78
2013-07-19,11.33,10.75,11.37,10.75,28658,31730000,-0.57,-5.04,5.48,6.78
2013-07-22,10.60,11.02,11.02,10.53,15428,16670000,0.27,2.51,4.56,3.65
2013-07-23,11.02,11.03,11.28,10.91,20436,22650000,0.01,0.09,3.36,4.83
2013-07-24,11.01,11.21,11.37,10.86,21847,24360000,0.18,1.63,4.62,5.17
2013-07-25,11.08,10.70,11.22,10.64,15462,16880000,-0.51,-4.55,5.17,3.66
2013-07-26,10.75,10.58,10.78,10.33,10182,10750000,-0.12,-1.12,4.21,2.41
2013-07-29,10.50,10.60,10.66,10.41,7627,8030000,0.02,0.19,2.36,1.80
2013-07-30,10.52,11.03,11.10,10.38,19237,20730000,0.43,4.06,6.79,4.55
2013-07-31,11.03,10.67,11.08,10.56,14300,15510000,-0.36,-3.26,4.71,3.38
2013-08-01,10.62,11.16,11.29,10.60,26618,29480000,0.49,4.59,6.47,6.30
2013-08-02,11.16,11.34,11.77,11.07,43438,49800000,0.18,1.61,6.27,10.27
2013-08-05,11.33,11.42,11.65,11.25,37464,42640000,0.08,0.71,3.53,8.86
2013-08-06,11.46,11.78,11.97,11.29,49156,57520000,0.36,3.15,5.95,11.63
2013-08-07,11.77,11.42,11.95,11.30,36592,42440000,-0.36,-3.06,5.52,8.65
2013-08-08,11.42,11.42,11.72,11.33,22513,25940000,0.00,0.00,3.42,5.32
2013-08-09,11.47,11.91,11.96,11.37,33596,39310000,0.49,4.29,5.17,7.95
2013-08-12,11.93,11.83,12.04,11.68,28634,33870000,-0.08,-0.67,3.02,6.77
2013-08-13,11.85,12.09,12.16,11.68,25092,29960000,0.26,2.20,4.06,5.93
2013-08-14,12.06,11.77,12.10,11.66,22957,27220000,-0.32,-2.65,3.64,5.43
2013-08-15,11.77,11.40,11.77,11.40,18504,21400000,-0.37,-3.14,3.14,4.38
2013-08-16,11.36,11.02,11.69,11.02,20071,22820000,-0.38,-3.33,5.88,4.75
2013-08-19,11.02,11.40,11.45,11.01,10961,12400000,0.38,3.45,3.99,2.59
2013-08-20,11.30,11.41,11.66,11.30,12045,13840000,0.01,0.09,3.16,2.85
2013-08-21,11.41,11.73,11.78,11.31,16147,18720000,0.32,2.80,4.12,3.82
2013-08-22,11.75,11.88,11.90,11.55,39448,46110000,0.15,1.28,2.98,9.33
2013-08-23,11.92,12.75,13.07,11.92,123060,159160000,0.87,7.32,9.68,29.11
2013-08-26,12.68,12.82,12.92,12.46,71570,90890000,0.07,0.55,3.61,16.93
2013-08-27,12.70,12.63,12.72,12.42,36625,46030000,-0.19,-1.48,2.34,8.66
2013-08-28,12.63,12.30,12.98,12.26,58083,73580000,-0.33,-2.61,5.70,13.74
2013-08-29,12.24,12.41,12.56,12.08,35907,44220000,0.11,0.89,3.90,8.49
2013-08-30,12.40,11.84,12.52,11.84,33646,40940000,-0.57,-4.59,5.48,7.96
2013-09-02,11.82,11.70,11.86,11.37,19015,22220000,-0.14,-1.18,4.14,4.50
2013-09-03,11.70,11.85,11.93,11.65,12539,14840000,0.15,1.28,2.39,2.97
2013-09-04,11.80,11.75,11.95,11.72,13807,16330000,-0.10,-0.84,1.94,3.27
2013-09-05,11.73,11.85,11.93,11.50,15186,17770000,0.10,0.85,3.66,3.59
2013-09-06,11.86,11.73,11.86,11.65,12457,14640000,-0.12,-1.01,1.77,2.95
2013-09-09,11.73,11.55,11.75,11.46,22331,25840000,-0.18,-1.53,2.47,5.28
2013-09-10,11.53,11.65,11.67,11.49,12466,14440000,0.10,0.87,1.56,2.95
2013-09-11,11.66,11.29,11.66,11.22,21766,24730000,-0.36,-3.09,3.78,5.15
2013-09-12,11.27,11.48,11.58,11.22,16135,18390000,0.19,1.68,3.19,3.82
2013-09-13,11.48,11.98,12.15,11.48,43369,51760000,0.50,4.36,5.84,10.26
2013-09-16,12.00,12.03,12.29,11.92,28215,34120000,0.05,0.42,3.09,6.67
2013-09-17,12.16,11.72,12.20,11.70,24695,29550000,-0.31,-2.58,4.16,5.84
2013-09-18,11.70,11.64,11.84,11.49,13991,16270000,-0.08,-0.68,2.99,3.31
2013-09-23,11.71,11.99,11.99,11.61,20535,24210000,0.35,3.01,3.26,4.86
2013-09-24,12.05,12.06,12.25,11.88,29195,35230000,0.07,0.58,3.09,6.91
2013-09-25,12.02,11.69,12.08,11.62,17735,21110000,-0.37,-3.07,3.81,4.19
2013-09-26,11.68,11.47,11.75,11.46,13820,16000000,-0.22,-1.88,2.48,3.27
2013-09-27,11.47,11.58,11.67,11.45,7495,8670000,0.11,0.96,1.92,1.77
2013-09-30,11.58,11.68,11.72,11.53,6858,7990000,0.10,0.86,1.64,1.62
2013-10-08,11.68,11.97,12.00,11.58,12995,15420000,0.29,2.48,3.60,3.07
2013-10-09,11.89,12.04,12.04,11.89,12766,15300000,0.07,0.58,1.25,3.02
2013-10-10,12.05,11.85,12.10,11.81,12606,15030000,-0.19,-1.58,2.41,2.98
2013-10-11,11.91,12.20,12.27,11.91,24686,29980000,0.35,2.95,3.04,5.84
2013-10-14,12.20,12.20,12.28,12.10,18431,22450000,0.00,0.00,1.48,4.36
2013-10-15,12.21,12.03,12.24,11.92,14979,18050000,-0.17,-1.39,2.62,3.54
2013-10-16,12.03,11.64,12.03,11.62,15280,17990000,-0.39,-3.24,3.41,3.61
2013-10-17,11.62,11.76,11.96,11.62,10801,12770000,0.12,1.03,2.92,2.55
2013-10-18,11.81,11.80,11.84,11.63,8064,9480000,0.04,0.34,1.79,1.91
2013-10-21,11.85,12.15,12.17,11.77,17515,21070000,0.35,2.97,3.39,4.14
2013-10-22,12.17,12.31,12.31,12.02,19899,24230000,0.16,1.32,2.39,4.71
2013-10-23,12.37,11.96,12.47,11.86,18077,21940000,-0.35,-2.84,4.96,4.28
2013-10-24,11.96,12.40,12.57,11.82,35403,43530000,0.44,3.68,6.27,8.37
2013-10-25,12.40,12.08,12.47,11.96,27398,33610000,-0.32,-2.58,4.11,6.48
2013-10-28,12.00,12.14,12.20,11.90,18654,22480000,0.06,0.50,2.48,4.41
2013-10-29,12.14,11.73,12.30,11.11,41374,48880000,-0.41,-3.38,9.80,9.79
2013-10-30,11.61,11.74,11.78,11.32,13739,15910000,0.01,0.09,3.92,3.25
2013-10-31,11.61,11.64,11.75,11.36,14719,17010000,-0.10,-0.85,3.32,3.48
2013-11-01,11.65,11.64,11.78,11.53,8972,10440000,0.00,0.00,2.15,2.12
2013-11-04,11.68,11.63,11.74,11.58,7016,8170000,-0.01,-0.09,1.37,1.66
2013-11-05,11.58,11.49,11.62,11.30,14317,16330000,-0.14,-1.20,2.75,3.39
2013-11-06,11.48,11.36,11.56,11.35,9940,11410000,-0.13,-1.13,1.83,2.35
2013-11-07,11.40,11.33,11.50,11.30,6807,7760000,-0.03,-0.26,1.76,1.61
2013-11-08,11.31,10.87,11.35,10.81,14096,15550000,-0.46,-4.06,4.77,3.33
2013-11-11,10.87,11.05,11.08,10.72,6068,6640000,0.18,1.66,3.31,1.44
2013-11-12,11.05,11.25,11.29,10.96,8889,9960000,0.20,1.81,2.99,2.10
2013-11-13,11.26,11.08,11.26,11.07,6839,7640000,-0.17,-1.51,1.69,1.62
2013-11-14,11.05,11.40,11.57,11.04,16882,19220000,0.32,2.89,4.78,3.99
2013-11-15,11.43,11.73,11.88,11.42,24795,29040000,0.33,2.89,4.04,5.86
2013-11-18,11.80,12.29,12.64,11.77,32154,39580000,0.56,4.77,7.42,7.60
2013-11-19,12.34,12.39,12.53,12.21,25911,32180000,0.10,0.81,2.60,6.13
2013-11-20,12.33,12.39,12.46,12.15,19809,24320000,0.00,0.00,2.50,4.69
2013-11-21,12.40,12.45,12.74,12.31,31009,38870000,0.06,0.48,3.47,7.33
2013-11-22,12.45,12.28,12.59,12.23,17370,21540000,-0.17,-1.37,2.89,4.11
2013-11-25,12.35,12.80,12.82,12.21,34288,43330000,0.52,4.23,4.97,8.11
2013-11-26,12.76,12.62,13.18,12.60,41622,53830000,-0.18,-1.41,4.53,9.84
2013-11-27,12.60,13.29,13.30,12.58,40269,52240000,0.67,5.31,5.71,9.52
2013-11-28,13.30,13.11,13.40,13.11,35522,47060000,-0.18,-1.35,2.18,8.40
2013-11-29,13.15,13.31,13.58,13.12,41757,55970000,0.20,1.53,3.51,9.88
2013-12-02,12.70,11.98,12.95,11.98,48960,60570000,-1.33,-9.99,7.29,11.58
2013-12-03,11.89,12.31,12.36,11.21,32507,38890000,0.33,2.75,9.60,7.69
2013-12-04,12.20,12.61,12.85,12.13,30172,37970000,0.30,2.44,5.85,7.14
2013-12-05,12.66,12.77,13.07,12.53,33077,42370000,0.16,1.27,4.28,7.82
2013-12-06,12.75,12.59,12.90,12.51,16353,20780000,-0.18,-1.41,3.05,3.87
2013-12-09,12.63,13.85,13.85,12.63,47365,63850000,1.26,10.01,9.69,11.20
2013-12-10,13.91,14.30,14.50,13.85,97277,137820000,0.45,3.25,4.69,23.01
2013-12-11,14.15,14.01,14.21,13.70,45231,63310000,-0.29,-2.03,3.57,10.70
2013-12-12,13.92,13.65,14.01,13.65,34976,48380000,-0.36,-2.57,2.57,8.27
2013-12-13,13.64,13.78,13.90,13.45,29291,40170000,0.13,0.95,3.30,6.93
2013-12-16,14.18,13.65,14.32,13.63,30503,42560000,-0.13,-0.94,5.01,7.21
2013-12-17,13.65,13.33,13.70,13.12,21918,29270000,-0.32,-2.34,4.25,5.18
2013-12-18,13.34,13.38,13.53,13.11,14760,19660000,0.05,0.38,3.15,3.49
2013-12-19,13.40,12.98,13.58,12.98,16051,21360000,-0.40,-2.99,4.48,3.80
2013-12-20,12.98,12.69,13.07,12.69,16249,20910000,-0.29,-2.23,2.93,3.84
2013-12-23,12.75,12.85,12.92,12.58,12847,16430000,0.16,1.26,2.68,3.04
2013-12-24,12.86,13.11,13.29,12.86,16074,21020000,0.26,2.02,3.35,3.80
2013-12-25,13.23,13.70,13.85,13.11,24587,33440000,0.59,4.50,5.64,5.82
2013-12-26,13.80,13.27,13.89,13.25,18880,25470000,-0.43,-3.14,4.67,4.47
2013-12-27,13.27,13.98,14.00,13.27,25669,35280000,0.71,5.35,5.50,6.07
2013-12-30,14.08,14.01,14.60,14.00,41022,58650000,0.03,0.21,4.29,9.70
2013-12-31,13.91,13.76,14.21,13.65,22793,31700000,-0.25,-1.78,4.00,5.39
2014-01-02,13.70,14.14,14.20,13.70,19869,27910000,0.38,2.76,3.63,4.70
2014-01-03,14.10,13.91,14.40,13.88,23811,33710000,-0.23,-1.63,3.68,5.63
2014-01-06,13.79,13.13,13.88,12.98,26184,35230000,-0.78,-5.61,6.47,6.19
2014-01-07,13.10,13.43,13.48,13.03,16105,21430000,0.30,2.28,3.43,3.81
2014-01-08,13.36,13.55,13.76,13.30,16610,22470000,0.12,0.89,3.43,3.93
2014-01-09,13.43,13.25,13.69,13.18,15766,21230000,-0.30,-2.21,3.76,3.73
2014-01-10,13.19,12.80,13.19,12.70,19396,24980000,-0.45,-3.40,3.70,4.59
2014-01-13,12.80,13.30,13.30,12.80,19599,25550000,0.50,3.91,3.91,4.64
2014-01-14,13.36,13.55,13.59,13.22,13713,18410000,0.25,1.88,2.78,3.24
2014-01-15,13.52,13.70,13.76,13.41,21404,29130000,0.15,1.11,2.58,5.06
2014-01-16,13.71,13.73,13.97,13.62,17479,24090000,0.03,0.22,2.55,4.13
2014-01-17,13.73,13.83,13.98,13.59,17923,24740000,0.10,0.73,2.84,4.24
2014-01-20,13.76,13.88,13.89,13.21,17627,24100000,0.05,0.36,4.92,4.17
2014-01-21,13.90,14.26,14.39,13.90,24660,34960000,0.38,2.74,3.53,5.83
2014-01-22,14.13,14.36,14.56,14.10,25215,36100000,0.10,0.70,3.23,5.96
2014-01-23,14.39,14.77,15.00,14.30,41437,61310000,0.41,2.86,4.87,9.80
2014-01-24,14.82,14.83,14.93,14.59,26206,38620000,0.06,0.41,2.30,6.20
2014-01-27,14.75,14.46,14.88,14.45,24734,36250000,-0.37,-2.49,2.90,5.85
2014-01-28,14.48,14.60,14.76,14.25,17319,25160000,0.14,0.97,3.53,4.10
2014-01-29,14.45,14.50,14.75,14.45,14557,21210000,-0.10,-0.68,2.05,3.44
2014-01-30,14.47,14.04,14.56,13.99,17388,24660000,-0.46,-3.17,3.93,4.11
2014-02-07,14.01,15.11,15.19,14.01,30608,45170000,1.07,7.62,8.40,7.24
2014-02-10,15.15,15.39,15.43,14.85,31081,47260000,0.28,1.85,3.84,7.35
2014-02-11,15.30,15.07,15.49,14.89,28653,43490000,-0.32,-2.08,3.90,6.78
2014-02-12,15.27,15.63,15.89,14.93,27854,43010000,0.56,3.72,6.37,6.59
2014-02-13,15.54,15.26,15.96,15.22,23881,37170000,-0.37,-2.37,4.73,5.65
2014-02-14,15.42,15.59,15.62,15.14,24072,37000000,0.33,2.16,3.15,5.69
2014-02-17,15.60,16.30,16.30,15.56,32478,51640000,0.71,4.55,4.75,7.68
2014-02-18,16.30,16.07,16.45,15.94,29462,47680000,-0.23,-1.41,3.13,6.97
2014-02-19,16.00,15.80,16.35,15.71,24973,39950000,-0.27,-1.68,3.98,5.91
2014-02-20,15.83,15.34,15.98,15.28,26129,40530000,-0.46,-2.91,4.43,6.18
2014-02-21,15.33,15.21,15.58,15.18,16892,26000000,-0.13,-0.85,2.61,4.00
2014-02-24,15.20,15.80,15.80,15.20,27305,42480000,0.59,3.88,3.94,6.46
2014-02-25,15.69,14.87,16.13,14.46,28667,44670000,-0.93,-5.89,10.57,6.78
2014-02-26,14.70,15.16,15.16,14.51,17127,25590000,0.29,1.95,4.37,4.05
2014-02-27,15.01,15.40,15.61,14.91,34723,53560000,0.24,1.58,4.62,8.21
2014-02-28,15.43,15.33,15.43,14.80,13001,19650000,-0.07,-0.45,4.09,3.08
2014-03-03,15.27,15.59,15.65,15.25,15165,23480000,0.26,1.70,2.61,3.59
2014-03-04,15.40,15.37,15.58,15.10,10519,16090000,-0.22,-1.41,3.08,2.49
2014-03-05,15.48,14.78,15.50,14.77,16243,24460000,-0.59,-3.84,4.75,3.84
2014-03-06,14.77,14.64,14.92,14.55,12604,18470000,-0.14,-0.95,2.50,2.98
2014-03-07,14.56,14.83,14.90,14.56,10999,16230000,0.19,1.30,2.32,2.60
2014-03-10,14.70,14.29,14.70,14.29,13137,18930000,-0.54,-3.64,2.76,3.11
2014-03-11,14.23,14.36,14.48,14.02,11119,15930000,0.07,0.49,3.22,2.63
2014-03-12,14.35,14.59,14.61,14.07,10835,15630000,0.23,1.60,3.76,2.56
2014-03-13,14.50,14.73,14.82,14.45,6966,10160000,0.14,0.96,2.54,1.65
2014-03-14,14.68,14.65,14.80,14.48,6013,8800000,-0.08,-0.54,2.17,1.42
2014-03-17,14.66,14.93,14.95,14.52,8388,12420000,0.28,1.91,2.94,1.98
2014-03-18,14.93,15.30,15.37,14.80,25162,38130000,0.37,2.48,3.82,5.95
2014-03-19,15.16,15.13,15.24,14.95,8704,13150000,-0.17,-1.11,1.90,2.06
2014-03-20,15.15,14.86,15.32,14.80,9106,13800000,-0.27,-1.78,3.44,2.15
2014-03-21,14.70,15.26,15.28,14.49,20258,30390000,0.40,2.69,5.32,4.79
2014-03-24,15.27,15.22,15.47,15.18,16339,25040000,-0.04,-0.26,1.90,3.86
2014-03-25,15.20,15.32,15.35,15.05,11917,18120000,0.10,0.66,1.97,2.82
2014-03-26,15.35,15.16,15.35,15.07,8206,12470000,-0.16,-1.04,1.83,1.94
2014-03-27,15.16,14.72,15.20,14.67,12576,18790000,-0.44,-2.90,3.50,2.97
2014-03-28,14.30,14.05,14.72,14.03,35986,51390000,-0.67,-4.55,4.69,8.51
2014-03-31,14.05,13.80,14.05,13.50,11322,15640000,-0.25,-1.78,3.91,2.68
2014-04-01,13.80,14.03,14.05,13.53,4541,6310000,0.23,1.67,3.77,1.07
2014-04-02,13.91,13.79,14.13,13.76,5759,8010000,-0.24,-1.71,2.64,1.36
2014-04-03,13.75,13.84,13.92,13.71,3965,5480000,0.05,0.36,1.52,0.94
2014-04-04,13.79,14.16,14.17,13.74,8696,12180000,0.32,2.31,3.11,2.06
2014-04-08,14.12,14.25,14.45,13.91,10147,14440000,0.09,0.64,3.81,2.40
2014-04-09,14.25,14.30,14.40,14.19,4392,6280000,0.05,0.35,1.47,1.04
2014-04-10,14.26,14.44,14.77,14.26,18693,27240000,0.14,0.98,3.57,4.42
2014-04-11,14.69,14.59,14.88,14.39,5783,8380000,0.15,1.04,3.39,1.37
2014-04-14,14.68,14.38,14.68,14.16,7609,10890000,-0.21,-1.44,3.56,1.80
2014-04-15,14.37,13.84,14.37,13.84,7720,10940000,-0.54,-3.76,3.69,1.83
2014-04-16,14.38,14.27,15.09,14.17,39833,58090000,0.43,3.11,6.65,9.42
2014-04-17,13.90,13.98,14.19,13.85,16318,22840000,-0.29,-2.03,2.38,3.86
2014-04-18,13.98,13.96,14.08,13.91,7032,9840000,-0.02,-0.14,1.22,1.66
2014-04-21,13.98,13.78,14.18,13.76,7799,10920000,-0.18,-1.29,3.01,1.84
2014-04-22,13.78,13.91,14.13,13.49,14223,19480000,0.13,0.94,4.64,3.36
2014-04-23,13.91,13.64,13.91,13.60,4066,5570000,-0.27,-1.94,2.23,0.96
2014-04-24,13.66,13.60,13.66,13.49,3407,4620000,-0.04,-0.29,1.25,0.81
2014-04-25,13.46,13.27,13.58,13.25,5370,7200000,-0.33,-2.43,2.43,1.27
2014-04-28,13.29,12.70,13.30,12.70,7111,9160000,-0.57,-4.30,4.52,1.68
2014-04-29,12.88,12.80,12.89,12.60,3595,4590000,0.10,0.79,2.28,0.85
2014-04-30,12.85,12.93,12.93,12.70,2922,3750000,0.13,1.02,1.80,0.69
2014-05-05,12.88,13.07,13.07,12.86,4122,5350000,0.14,1.08,1.62,0.98
2014-05-06,13.05,13.36,13.43,13.00,12649,16820000,0.29,2.22,3.29,2.99
2014-05-07,13.35,12.88,13.35,12.85,5399,7040000,-0.48,-3.59,3.74,1.28
2014-05-08,12.85,12.95,13.29,12.85,2907,3790000,0.07,0.54,3.42,0.69
2014-05-09,12.98,12.97,13.03,12.83,2520,3250000,0.02,0.15,1.54,0.60
2014-05-12,13.04,13.44,13.50,12.96,12193,16260000,0.47,3.62,4.16,2.88
2014-05-13,13.37,13.49,13.53,13.22,5234,7000000,0.05,0.37,2.31,1.24
2014-05-14,13.40,13.42,13.55,13.30,2005,2690000,-0.07,-0.52,1.85,0.47
2014-05-15,13.43,13.15,13.51,13.15,2482,3310000,-0.27,-2.01,2.68,0.59
2014-05-16,13.10,13.01,13.14,12.90,3487,4530000,-0.14,-1.06,1.83,0.82
2014-05-19,12.91,13.12,13.13,12.86,2015,2630000,0.11,0.85,2.08,0.48
2014-05-20,13.16,13.09,13.19,13.00,2026,2650000,-0.03,-0.23,1.45,0.48
2014-05-21,13.01,13.34,13.38,12.94,2907,3820000,0.25,1.91,3.36,0.69
2014-05-22,13.33,13.30,13.36,13.18,2526,3350000,-0.04,-0.30,1.35,0.60
2014-05-23,13.29,13.41,13.45,13.06,4506,5990000,0.14,1.06,2.94,1.07
2014-05-26,13.43,13.46,13.50,13.30,5766,7710000,0.05,0.37,1.49,1.36
2014-05-27,13.48,13.20,13.58,13.20,7576,10090000,-0.26,-1.93,2.82,1.79
2014-05-28,13.30,13.33,13.45,13.22,4458,5960000,0.13,0.98,1.74,1.05
2014-05-29,13.25,12.94,13.68,12.81,16706,22160000,-0.39,-2.93,6.53,3.95
2014-05-30,13.13,13.78,14.23,13.13,117317,163350000,0.84,6.49,8.50,27.75
2014-08-19,15.16,15.16,15.16,14.80,88509,134010000,1.38,10.01,2.61,20.93
2014-08-20,15.08,16.32,16.66,14.61,155200,239860000,1.16,7.65,13.52,36.71
2014-08-21,15.81,15.49,15.81,15.43,80587,125750000,-0.83,-5.09,2.33,19.06
2014-08-22,15.48,15.50,15.68,15.30,44713,69310000,0.01,0.06,2.45,10.58
2014-08-25,15.44,15.51,15.82,15.44,35335,54990000,0.01,0.06,2.45,8.36
2014-08-26,15.51,14.90,15.51,14.80,32145,48500000,-0.61,-3.93,4.58,7.60
2014-08-27,14.90,15.09,15.22,14.83,17870,26890000,0.19,1.28,2.62,4.23
2014-08-28,15.07,14.65,15.08,14.50,22535,33180000,-0.44,-2.92,3.84,5.33
2014-08-29,14.65,14.81,14.87,14.60,11780,17380000,0.16,1.09,1.84,2.79
2014-09-01,14.79,15.23,15.30,14.66,21602,32700000,0.42,2.84,4.32,5.11
2014-09-02,15.28,15.38,15.53,15.17,27227,41750000,0.15,0.98,2.36,6.44
2014-09-03,15.52,15.48,15.60,15.16,33978,52420000,0.10,0.65,2.86,8.04
2014-09-04,15.41,15.65,15.79,15.41,34526,54010000,0.17,1.10,2.45,8.17
2014-09-05,15.65,15.61,15.70,15.51,26454,41290000,-0.04,-0.26,1.21,6.26
2014-09-09,15.62,15.62,15.70,15.46,18202,28390000,0.01,0.06,1.54,4.31
2014-09-10,15.71,15.89,16.00,15.45,29471,46420000,0.27,1.73,3.52,6.97
2014-09-11,15.96,16.15,16.68,15.89,50660,82400000,0.26,1.64,4.97,11.98
2014-09-12,16.15,16.28,16.38,15.83,25254,40620000,0.13,0.81,3.41,5.97
2014-09-15,16.21,17.17,17.66,16.10,41663,70290000,0.89,5.47,9.58,9.85
2014-09-16,17.01,16.44,17.30,16.44,37705,63490000,-0.73,-4.25,5.01,8.92
2014-09-17,16.44,16.66,16.75,16.34,21421,35480000,0.22,1.34,2.49,5.07
2014-09-18,16.75,16.74,16.96,16.50,20743,34760000,0.08,0.48,2.76,4.91
2014-09-19,16.70,16.80,16.90,16.55,16685,27940000,0.06,0.36,2.09,3.95
2014-09-22,16.77,16.44,16.90,16.44,22681,37890000,-0.36,-2.14,2.74,5.36
2014-09-23,16.52,16.85,16.95,16.45,23180,38770000,0.41,2.49,3.04,5.48
2014-09-24,16.85,17.07,17.46,16.83,26246,44920000,0.22,1.31,3.74,6.21
2014-09-25,17.10,16.85,17.24,16.83,19174,32610000,-0.22,-1.29,2.40,4.54
2014-09-26,16.80,16.92,17.11,16.70,15602,26350000,0.07,0.42,2.43,3.69
2014-09-29,16.92,17.43,17.50,16.92,27769,47910000,0.51,3.01,3.43,6.57
2014-09-30,17.42,17.33,17.52,17.28,18096,31510000,-0.10,-0.57,1.38,4.28
2014-10-08,17.33,17.36,17.48,17.22,14908,25850000,0.03,0.17,1.50,3.53
2014-10-09,17.38,17.10,17.44,16.70,23607,40410000,-0.26,-1.50,4.26,5.58
2014-10-10,17.09,16.82,17.09,16.76,20273,34260000,-0.28,-1.64,1.93,4.80
2014-10-13,16.74,16.99,17.04,16.60,23144,39020000,0.17,1.01,2.62,5.47
2014-10-14,16.97,17.85,18.67,16.86,65557,117470000,0.86,5.06,10.65,15.51
2014-10-15,17.65,17.98,18.19,17.65,36853,66050000,0.13,0.73,3.03,8.72
2014-10-16,17.98,17.52,18.09,17.50,21713,38660000,-0.46,-2.56,3.28,5.14
2014-10-17,17.51,16.94,17.54,16.29,31621,53430000,-0.58,-3.31,7.13,7.48
2014-10-20,16.87,17.85,18.08,16.87,35954,63590000,0.91,5.37,7.14,2.40
2014-10-21,17.82,17.61,17.99,17.50,13617,24140000,-0.24,-1.34,2.75,0.91
2014-10-22,17.50,17.95,18.37,17.47,34641,62390000,0.34,1.93,5.11,2.31
2014-10-23,18.46,17.39,18.86,17.14,28678,51440000,-0.56,-3.12,9.58,1.91
2014-10-24,17.12,16.75,17.25,16.54,23407,39560000,-0.64,-3.68,4.08,1.56
2014-10-27,16.76,16.96,16.97,16.00,10084,16840000,0.21,1.25,5.79,0.67
2014-10-28,16.97,17.45,17.48,16.96,15709,27220000,0.49,2.89,3.07,1.05
2014-10-29,17.48,17.50,17.88,17.36,19568,34510000,0.05,0.29,2.98,1.30
2014-10-30,17.40,17.50,17.75,17.24,21570,37720000,0.00,0.00,2.91,1.44
2014-10-31,17.52,17.72,17.85,17.41,21508,37990000,0.22,1.26,2.51,1.43
2014-11-03,17.80,17.87,18.17,17.73,17847,32050000,0.15,0.85,2.48,1.19
2014-11-04,17.87,17.95,18.24,17.73,17662,31750000,0.08,0.45,2.85,1.18
2014-11-05,17.92,17.85,18.10,17.78,12573,22510000,-0.10,-0.56,1.78,0.84
2014-11-06,17.99,18.38,18.48,17.92,22961,41710000,0.53,2.97,3.14,1.53
2014-11-07,18.38,17.70,18.74,17.33,24878,45370000,-0.68,-3.70,7.67,1.66
2014-11-10,17.80,17.61,18.00,17.44,17488,30780000,-0.09,-0.51,3.16,1.17
2014-11-11,17.66,16.75,17.66,16.61,23831,40550000,-0.86,-4.88,5.96,1.59
2014-11-12,16.72,17.16,17.19,16.72,15650,26600000,0.41,2.45,2.81,1.04
2014-11-13,17.16,16.72,17.17,16.50,16311,27430000,-0.44,-2.56,3.90,1.09
2014-11-14,16.66,16.61,16.87,16.00,11358,18900000,-0.11,-0.66,5.20,0.76
2014-11-17,16.58,16.78,17.03,16.53,9890,16660000,0.17,1.02,3.01,0.66
2014-11-18,16.85,16.94,17.08,16.85,9218,15630000,0.16,0.95,1.37,0.61
2014-11-19,16.97,17.16,17.29,16.96,7636,13080000,0.22,1.30,1.95,0.51
2014-11-20,17.08,16.80,17.08,16.76,10767,18160000,-0.36,-2.10,1.86,0.72
2014-11-21,16.80,17.18,17.24,16.80,10975,18750000,0.38,2.26,2.62,0.73
2014-11-24,17.22,17.40,17.40,17.08,16177,27860000,0.22,1.28,1.86,1.08
2014-11-25,17.42,17.63,17.64,17.33,12738,22360000,0.23,1.32,1.78,0.85
2014-11-26,17.61,17.59,17.70,17.36,11827,20780000,-0.04,-0.23,1.93,0.79
2014-11-27,17.65,17.70,17.77,17.41,16755,29480000,0.11,0.63,2.05,1.12
2014-11-28,17.69,18.31,18.35,17.69,41060,74390000,0.61,3.45,3.73,2.74
2014-12-01,18.08,19.41,19.64,18.08,55906,105220000,1.10,6.01,8.52,3.73
2014-12-02,19.27,20.32,20.57,19.00,55638,110940000,0.91,4.69,8.09,3.71
2014-12-03,20.10,20.49,21.95,20.01,53890,112490000,0.17,0.84,9.55,3.59
2014-12-04,20.40,20.60,21.57,20.10,38052,78960000,0.11,0.54,7.17,2.54
2014-12-05,20.62,20.00,20.89,19.94,43346,87940000,-0.60,-2.91,4.61,2.89
2014-12-08,19.95,19.92,20.35,19.54,24983,49800000,-0.08,-0.40,4.05,1.67
2014-12-09,19.60,18.41,20.15,18.21,40764,78130000,-1.51,-7.58,9.74,2.72
2014-12-10,18.41,19.14,19.40,18.34,15446,29190000,0.73,3.97,5.76,1.03
2014-12-11,19.16,19.98,20.08,19.00,18944,37360000,0.84,4.39,5.64,1.26
2014-12-12,20.17,20.37,20.39,19.98,13952,28150000,0.39,1.95,2.05,0.93
2014-12-15,20.39,21.32,21.85,20.21,28358,59540000,0.95,4.66,8.05,1.89
2014-12-16,21.32,20.75,21.80,20.75,18547,39150000,-0.57,-2.67,4.93,1.24
2014-12-17,20.63,20.22,20.77,19.95,18764,38060000,-0.53,-2.55,3.95,1.25
2014-12-18,20.22,22.02,22.24,20.03,47814,103340000,1.80,8.90,10.93,3.19
2014-12-19,22.05,23.05,23.45,21.50,44147,99730000,1.03,4.68,8.86,2.94
2014-12-22,25.00,23.70,25.36,23.21,178743,439490000,0.65,2.82,9.33,11.92
2014-12-23,24.40,26.07,26.07,24.11,172513,442690000,2.37,10.00,8.27,11.50
2014-12-24,26.50,28.68,28.68,25.49,146348,394280000,2.61,10.01,12.24,9.76
2014-12-25,31.38,31.55,31.55,31.01,45432,142600000,2.87,10.01,1.88,3.03
2014-12-26,32.55,32.98,34.71,31.81,229399,764660000,1.43,4.53,9.19,15.29
2014-12-29,32.00,33.27,33.74,30.88,162554,527150000,0.29,0.88,8.67,10.84
2014-12-30,32.20,29.94,32.75,29.94,128565,401370000,-3.33,-10.01,8.45,8.57
2014-12-31,29.03,29.40,30.58,28.65,107591,317050000,-0.54,-1.80,6.45,7.17
2015-01-05,29.81,29.02,30.93,29.00,94279,282170000,-0.38,-1.29,6.56,6.29
2015-01-06,28.09,29.90,29.93,27.51,93780,269200000,0.88,3.03,8.34,6.25
2015-01-07,29.62,29.32,30.72,28.70,96521,286490000,-0.58,-1.94,6.76,6.43
2015-01-08,29.32,28.51,29.90,28.45,61146,177490000,-0.81,-2.76,4.95,4.08
2015-01-09,28.44,28.70,30.20,28.35,78272,228690000,0.19,0.67,6.49,5.22
2015-01-12,28.34,29.59,29.60,27.85,79681,229200000,0.89,3.10,6.10,5.31
2015-01-13,29.40,32.55,32.55,29.11,154920,484080000,2.96,10.00,11.63,10.33
2015-01-14,32.00,35.81,35.81,31.70,165447,562900000,3.26,10.02,12.63,11.03
2015-01-15,36.18,35.76,38.67,35.51,183477,672880000,-0.05,-0.14,8.82,12.23
2015-01-16,35.43,36.88,38.26,34.63,154266,562660000,1.12,3.13,10.15,10.28
2015-01-19,35.49,36.50,38.79,34.41,153680,568060000,-0.38,-1.03,11.88,10.25
2015-01-20,36.00,39.96,40.15,36.00,158830,609280000,3.46,9.48,11.37,10.59
2015-01-21,39.30,39.45,39.93,38.18,127328,497190000,-0.51,-1.28,4.38,8.49
2015-01-22,39.03,39.01,41.49,38.61,119754,477880000,-0.44,-1.12,7.30,7.98
2015-01-23,38.39,37.01,38.58,36.90,90564,340670000,-2.00,-5.13,4.31,6.04
2015-01-26,36.14,36.45,37.75,36.00,82703,302150000,-0.56,-1.51,4.73,5.51
2015-01-27,36.60,36.36,36.98,35.33,56238,203100000,-0.09,-0.25,4.53,3.75
2015-01-28,35.40,35.74,35.76,34.82,51171,180840000,-0.62,-1.71,2.59,3.41
2015-01-29,36.20,35.98,36.99,35.82,68052,248510000,0.24,0.67,3.27,4.54
2015-01-30,35.49,35.20,36.27,34.84,37428,132550000,-0.78,-2.17,3.97,2.50
2015-02-02,35.00,38.72,38.72,34.86,96491,360370000,3.52,10.00,10.97,6.43
2015-02-03,39.00,37.68,39.92,36.81,96310,366190000,-1.04,-2.69,8.03,6.42
2015-02-04,40.48,38.22,40.48,38.03,122997,480940000,0.54,1.43,6.50,8.20
2015-02-05,38.38,36.60,38.90,36.60,73543,275350000,-1.62,-4.24,6.02,4.90
2015-02-06,35.91,33.55,35.99,33.11,73227,252820000,-3.05,-8.33,7.87,4.88
2015-02-09,32.90,32.19,33.31,32.01,40442,131180000,-1.36,-4.05,3.87,2.70
2015-02-10,32.42,34.37,35.22,32.42,52981,180030000,2.18,6.77,8.70,3.53
2015-02-11,34.40,34.55,34.96,33.77,36637,125280000,0.18,0.52,3.46,2.44
2015-02-12,34.40,35.84,36.77,34.05,53441,191330000,1.29,3.73,7.87,3.56
2015-02-13,36.27,36.67,37.27,35.98,45604,168380000,0.83,2.32,3.60,3.04
2015-02-16,36.68,37.33,37.95,36.68,36435,136540000,0.66,1.80,3.46,2.43
2015-02-17,37.65,37.01,37.89,36.50,33415,123200000,-0.32,-0.86,3.72,2.23
2015-02-25,37.03,36.88,37.25,36.29,22452,82610000,-0.13,-0.35,2.59,1.50
2015-02-26,36.66,36.98,37.08,36.38,24903,91490000,0.10,0.27,1.90,1.66
2015-02-27,36.71,37.13,37.25,36.18,31578,115820000,0.15,0.41,2.89,2.11
2015-03-02,37.20,39.73,40.40,37.13,77219,300920000,2.60,7.00,8.81,5.15
2015-03-03,39.00,42.95,43.65,38.80,96393,402310000,3.22,8.10,12.21,6.43
2015-03-04,42.70,42.60,43.09,41.51,64292,271860000,-0.35,-0.81,3.68,4.29
2015-03-05,41.93,41.23,42.43,40.38,60751,249380000,-1.37,-3.22,4.81,4.05
2015-03-06,41.01,43.95,45.19,40.80,98642,429110000,2.72,6.60,10.65,6.58
2015-03-09,43.30,43.96,45.59,42.51,80940,357510000,0.01,0.02,7.01,5.40
2015-03-10,43.10,45.30,45.50,42.43,67982,299820000,1.34,3.05,6.98,4.53
2015-03-11,44.52,48.44,49.78,44.50,85857,402540000,3.14,6.93,11.66,5.72
2015-03-12,47.74,46.35,48.75,44.80,68250,320270000,-2.09,-4.31,8.15,4.55
2015-03-13,46.55,47.65,48.20,45.20,49175,230420000,1.30,2.80,6.47,3.28
2015-03-16,47.63,49.18,50.10,47.16,57157,279280000,1.53,3.21,6.17,3.81
2015-03-17,52.00,54.10,54.10,51.05,66098,352690000,4.92,10.00,6.20,4.41
2015-03-18,57.20,59.51,59.51,56.51,41280,241820000,5.41,10.00,5.55,2.75
2015-03-19,61.97,62.06,64.33,59.68,138181,852420000,2.55,4.29,7.81,9.21
2015-03-20,62.00,68.27,68.27,61.07,108605,717470000,6.21,10.01,11.60,7.24
2015-03-23,25.12,26.43,26.43,24.45,332116,854480000,2.40,9.99,8.24,7.91
2015-03-24,28.39,29.07,29.07,27.29,415212,1189430000,2.64,9.99,6.73,9.89
2015-03-25,31.60,31.98,31.98,30.80,206596,656980000,2.91,10.01,4.06,4.92
2015-03-26,34.80,31.50,35.18,30.23,617173,2068310000,-0.48,-1.50,15.48,14.69
2015-03-27,30.10,30.88,32.98,28.35,418649,1235020000,-0.62,-1.97,14.70,9.97
2015-03-30,29.20,28.41,29.60,28.00,303630,872270000,-2.47,-8.00,5.18,7.23
2015-03-31,28.15,29.10,30.34,28.15,311200,916260000,0.69,2.43,7.71,7.41
2015-04-01,28.20,29.42,29.68,27.95,256953,745980000,0.32,1.10,5.95,6.12
2015-04-02,29.33,29.28,29.97,28.80,256453,750730000,-0.14,-0.48,3.98,6.11
2015-04-03,28.50,28.64,28.85,28.28,201492,574080000,-0.64,-2.19,1.95,4.80
2015-04-07,28.55,30.33,30.53,28.01,332771,972080000,1.69,5.90,8.80,7.92
2015-04-08,30.05,33.36,33.36,29.51,471919,1485010000,3.03,9.99,12.69,11.24
2015-04-09,33.53,34.20,36.10,30.77,465988,1603160000,0.84,2.52,15.98,11.10
2015-04-10,33.00,32.73,33.58,31.60,246986,810310000,-1.47,-4.30,5.79,5.88
2015-04-13,32.70,31.41,32.70,31.00,199442,627910000,-1.32,-4.03,5.19,4.75
2015-04-14,31.20,30.55,31.20,30.00,183970,558670000,-0.86,-2.74,3.82,4.38
2015-04-15,30.30,27.70,30.30,27.50,358192,1016760000,-2.85,-9.33,9.17,8.53
2015-04-16,26.50,27.64,28.43,25.51,161737,436490000,-0.06,-0.22,10.54,3.85
2015-04-17,27.63,28.80,29.20,27.30,201261,567460000,1.16,4.20,6.87,4.79
2015-04-20,28.50,26.81,28.50,26.80,147146,406880000,-1.99,-6.91,5.90,3.50
2015-04-21,26.68,27.84,28.28,26.41,95160,262670000,1.03,3.84,6.98,2.27
2015-04-22,27.21,28.31,28.58,27.08,145701,410770000,0.47,1.69,5.39,3.47
2015-04-23,28.30,29.90,29.99,28.01,265718,779440000,1.59,5.62,6.99,6.33
2015-04-24,29.60,28.72,29.60,28.45,152239,441030000,-1.18,-3.95,3.85,3.62
2015-04-27,28.88,28.59,29.20,28.02,120203,341640000,-0.13,-0.45,4.11,2.86
2015-04-28,28.00,26.66,28.38,25.98,238339,638680000,-1.93,-6.75,8.39,5.67
2015-04-29,26.60,26.95,27.03,26.30,93833,251800000,0.29,1.09,2.74,2.23
2015-04-30,26.95,27.69,27.95,26.80,104043,286110000,0.74,2.75,4.27,2.48
2015-05-04,27.56,27.44,27.90,27.03,92900,255240000,-0.25,-0.90,3.14,2.21
2015-05-05,27.44,27.41,28.00,25.99,212320,568810000,-0.03,-0.11,7.33,5.06
2015-05-06,26.80,26.51,27.30,26.01,186100,495900000,-0.90,-3.28,4.71,4.43
2015-05-07,26.10,25.18,26.73,24.06,145465,371160000,-1.33,-5.02,10.07,3.46
2015-05-08,25.00,26.55,26.59,24.93,116190,300760000,1.37,5.44,6.59,2.77
2015-05-11,26.55,27.24,28.00,26.46,182577,501440000,0.69,2.60,5.80,4.35
2015-05-12,27.30,28.01,28.27,27.28,221050,613760000,0.77,2.83,3.63,5.26
2015-05-13,27.95,30.11,30.50,27.38,286351,838100000,2.10,7.50,11.14,6.82
2015-05-14,30.13,33.12,33.12,30.11,297001,949440000,3.01,10.00,10.00,7.07
2015-05-15,34.39,31.60,34.67,31.60,331689,1094970000,-1.52,-4.59,9.27,7.90
2015-05-18,30.95,32.28,32.88,29.72,217819,692960000,0.68,2.15,10.00,5.19
2015-05-19,32.27,33.19,33.50,31.62,154854,508810000,0.91,2.82,5.82,3.69
2015-05-20,33.20,33.15,35.09,32.52,232086,790750000,-0.04,-0.12,7.74,5.53
2015-05-21,33.16,33.20,33.86,31.88,195444,639270000,0.05,0.15,5.97,4.65
2015-05-22,33.53,36.52,36.52,32.65,287564,993550000,3.32,10.00,11.66,6.85
2015-05-25,35.99,38.74,39.98,34.80,319669,1221450000,2.22,6.08,14.18,7.61
2015-05-26,38.74,38.79,39.30,37.20,231357,890430000,0.05,0.13,5.42,5.51
2015-05-27,38.80,38.26,39.00,37.40,213176,813360000,-0.53,-1.37,4.12,5.08
2015-05-28,38.28,34.43,38.58,34.43,195910,721910000,-3.83,-10.01,10.85,4.66
2015-05-29,33.94,34.75,35.53,30.99,171934,582970000,0.32,0.93,13.19,4.09
2015-06-01,34.73,35.93,36.30,34.45,123146,440270000,1.18,3.40,5.32,2.93
2015-06-02,35.93,39.00,39.10,35.73,182007,691420000,3.07,8.54,9.38,4.33
2015-06-03,39.00,36.85,39.28,36.15,269878,1007840000,-2.15,-5.51,8.03,6.43
2015-06-04,36.85,35.73,36.85,33.35,178254,627680000,-1.12,-3.04,9.50,4.24
2015-06-05,36.02,36.00,37.10,35.00,217635,785740000,0.27,0.76,5.88,5.18
2015-06-08,36.00,38.45,39.00,35.50,269066,986310000,2.45,6.81,9.72,6.41
2015-06-09,38.00,38.00,39.18,37.12,185065,706770000,-0.45,-1.17,5.36,4.41
2015-06-10,37.90,38.26,39.00,36.49,168619,641850000,0.26,0.68,6.61,4.01
2015-06-11,38.19,39.88,40.58,37.87,266210,1059130000,1.62,4.23,7.08,6.34
2015-06-12,39.98,39.46,40.20,38.58,202248,795660000,-0.42,-1.05,4.06,4.82
2015-06-15,38.90,39.08,40.99,38.57,176234,701780000,-0.38,-0.96,6.13,4.20
2015-06-16,38.00,37.02,39.40,37.02,160257,609740000,-2.06,-5.27,6.09,3.82
2015-06-17,36.90,37.62,37.98,35.00,113733,417680000,0.60,1.62,8.05,2.71
2015-06-18,37.60,36.48,37.90,35.68,107120,395810000,-1.14,-3.03,5.90,2.55
2015-06-19,34.90,33.02,36.70,33.00,115481,392450000,-3.46,-9.48,10.14,2.75
2015-06-23,33.01,33.07,33.70,29.72,125054,396110000,0.05,0.15,12.05,2.98
2015-06-24,33.50,33.90,34.78,32.90,98714,333230000,0.83,2.51,5.68,2.35
2015-06-25,34.66,34.20,35.60,33.08,123868,427630000,0.30,0.89,7.43,2.95
2015-06-26,32.99,30.78,33.50,30.78,104431,331310000,-3.42,-10.00,7.95,2.49
2015-06-29,31.21,27.70,32.32,27.70,145348,423510000,-3.08,-10.01,15.01,3.46
2015-06-30,24.93,28.09,28.88,24.93,190615,498570000,0.39,1.41,14.26,4.54
2015-07-01,27.70,25.28,28.85,25.28,145223,395020000,-2.81,-10.00,12.71,3.46
2016-01-08,27.81,27.81,27.81,27.81,9614,26740000,2.53,10.01,0.00,0.23
2016-01-11,30.59,30.59,30.59,30.59,68453,209400000,2.78,10.00,0.00,1.63
2016-01-12,29.99,27.53,29.99,27.53,155226,439640000,-3.06,-10.00,8.04,3.70
2016-01-13,24.78,28.43,30.00,24.78,555403,1515560000,0.90,3.27,18.96,13.22
2016-01-21,28.20,25.59,28.39,25.59,246425,659750000,-2.84,-9.99,9.85,5.87
2016-01-22,24.50,23.03,25.60,23.03,270285,632630000,-2.56,-10.00,10.04,6.44
2016-01-25,24.10,24.10,25.28,23.04,200972,481520000,1.07,4.65,9.73,4.79
2016-01-26,24.10,24.10,24.99,23.44,187087,454280000,0.00,0.00,6.43,4.45
2016-01-27,24.25,24.10,24.56,21.69,191998,431400000,0.00,0.00,11.91,4.57
2016-01-28,23.01,23.00,23.70,22.63,116670,270480000,-1.10,-4.56,4.44,2.78
2016-01-29,22.70,23.85,23.86,22.00,111515,260400000,0.85,3.70,8.09,2.66
2016-02-01,23.65,22.96,23.75,22.51,74254,171650000,-0.89,-3.73,5.20,1.77
2016-02-02,22.94,23.17,23.60,22.76,88571,205670000,0.21,0.91,3.66,2.11
2016-02-03,22.80,22.18,22.80,21.70,76204,169580000,-0.99,-4.27,4.75,1.81
2016-02-04,23.00,22.37,23.07,22.19,86478,194500000,0.19,0.86,3.97,2.06
2016-02-05,22.25,21.88,22.64,21.80,61465,135740000,-0.49,-2.19,3.76,1.46
2016-02-15,20.90,20.40,20.90,19.69,75984,154260000,-1.48,-6.76,5.53,1.81
2016-02-16,20.41,21.82,22.00,20.41,89689,190640000,1.42,6.96,7.79,2.14
2016-02-17,22.10,23.61,24.00,21.50,150722,343870000,1.79,8.20,11.46,3.59
2016-02-18,23.70,23.26,24.17,23.12,126889,300430000,-0.35,-1.48,4.45,3.02
2016-02-19,23.26,22.68,24.04,22.50,109743,254550000,-0.58,-2.49,6.62,2.61
2016-02-22,23.20,23.36,23.38,22.79,81741,188970000,0.68,3.00,2.60,1.95
2016-02-23,23.60,23.60,23.80,22.90,90910,213180000,0.24,1.03,3.85,2.16
2016-02-24,23.70,23.41,23.96,23.07,74523,175200000,-0.19,-0.81,3.77,1.77
2016-02-25,23.12,21.07,23.53,21.07,90755,199510000,-2.34,-10.00,10.51,2.16
2016-02-26,21.07,19.45,21.39,19.14,128009,253440000,-1.62,-7.69,10.68,3.05
2016-02-29,19.57,17.51,19.65,17.51,114602,204440000,-1.94,-9.97,11.00,2.73
2016-03-01,17.94,18.85,19.26,16.50,145688,265210000,1.34,7.65,15.76,3.47
2016-03-02,18.42,19.28,19.40,18.42,123863,235170000,0.43,2.28,5.20,2.95
2016-03-03,19.12,19.03,19.50,19.00,87650,168640000,-0.25,-1.30,2.59,2.09
2016-03-04,18.87,18.43,19.15,18.05,95165,177520000,-0.60,-3.15,5.78,2.27
2016-03-07,18.50,18.54,19.20,18.43,57651,108010000,0.11,0.60,4.18,1.37
2016-03-08,18.55,18.29,18.69,17.08,63887,115590000,-0.25,-1.35,8.68,1.52
2016-03-09,18.27,17.99,18.48,17.90,62733,113590000,-0.30,-1.64,3.17,1.49
2016-03-10,18.10,18.03,18.22,17.88,55626,100140000,0.04,0.22,1.89,1.32
2016-03-11,18.01,17.97,18.03,17.45,45998,81810000,-0.06,-0.33,3.22,1.10
2016-03-14,18.48,19.28,19.49,18.13,134177,251740000,1.31,7.29,7.57,3.19
2016-03-15,19.06,18.89,19.80,18.80,107565,207940000,-0.39,-2.02,5.19,2.56
2016-03-16,18.88,18.56,19.17,18.28,70150,131470000,-0.33,-1.75,4.71,1.67
2016-03-17,18.59,19.25,19.50,18.41,96885,184900000,0.69,3.72,5.87,2.31
2016-03-18,19.41,20.99,21.00,19.15,206150,413910000,1.74,9.04,9.61,4.91
2016-03-21,21.25,22.20,22.20,20.78,176895,381600000,1.21,5.76,6.77,4.21
2016-03-22,22.20,22.51,22.77,21.35,160273,352340000,0.31,1.40,6.40,3.82
2016-03-23,22.25,22.40,22.61,21.80,115437,256500000,-0.11,-0.49,3.60,2.75
2016-03-24,22.46,21.67,22.48,21.60,112318,247150000,-0.73,-3.26,3.93,2.67
2016-03-25,21.60,21.47,21.85,21.27,76100,163950000,-0.20,-0.92,2.68,1.81
2016-03-28,21.68,23.32,23.62,21.68,250662,583710000,1.85,8.62,9.04,5.97
2016-03-29,22.80,22.85,23.31,22.31,137208,313090000,-0.47,-2.02,4.29,3.27
2016-03-30,23.10,24.72,24.88,23.10,147325,356590000,1.87,8.18,7.79,3.51
2016-03-31,24.84,24.72,25.58,24.51,164473,410170000,0.00,0.00,4.33,3.92
2016-04-01,24.70,25.35,25.47,24.00,168338,418460000,0.63,2.55,5.95,4.01
2016-04-05,25.58,25.43,25.70,25.10,153128,389050000,0.08,0.32,2.37,3.65
2016-04-06,25.33,24.83,25.33,24.39,128016,316860000,-0.60,-2.36,3.70,3.05
2016-04-07,24.83,24.20,25.24,24.13,104305,255470000,-0.63,-2.54,4.47,2.48
2016-04-08,24.03,24.30,24.66,23.61,80641,194750000,0.10,0.41,4.34,1.92
2016-04-11,24.61,24.93,25.15,24.61,98810,246610000,0.63,2.59,2.22,2.35
2016-04-12,25.08,25.19,25.47,24.64,103329,260020000,0.26,1.04,3.33,2.46
2016-04-13,25.22,25.19,25.49,25.00,88517,223450000,0.00,0.00,1.95,2.11
2016-04-14,25.47,25.35,25.47,24.86,64215,161470000,0.16,0.64,2.42,1.53
2016-04-15,25.30,25.24,25.45,25.03,73186,185000000,-0.11,-0.43,1.66,1.74
2016-04-18,25.00,24.90,25.15,24.64,67898,168400000,-0.34,-1.35,2.02,1.62
2016-04-19,25.12,25.03,25.16,24.70,77756,193820000,0.13,0.52,1.85,1.85
2016-04-20,25.02,23.41,25.39,22.63,143881,343700000,-1.62,-6.47,11.03,3.43
2016-04-21,23.46,23.31,23.48,22.90,94040,217800000,-0.10,-0.43,2.48,2.24
2016-04-22,23.03,23.49,23.50,22.90,64044,148730000,0.18,0.77,2.57,1.52
2016-04-25,23.40,23.50,23.57,22.85,124020,286920000,0.01,0.04,3.07,2.95
2016-04-26,23.14,23.88,23.98,23.14,72181,171510000,0.38,1.62,3.57,1.72
2016-04-27,24.10,24.95,25.60,24.01,135276,336620000,1.07,4.48,6.66,3.22
2016-04-28,24.99,25.39,25.60,24.50,109169,275150000,0.44,1.76,4.41,2.60
2016-04-29,25.45,25.20,25.45,25.00,56825,143560000,-0.19,-0.75,1.77,1.35
2016-05-03,25.20,25.58,25.60,24.75,92111,233450000,0.38,1.51,3.37,2.19
2016-05-04,25.58,25.65,25.75,25.35,73271,187150000,0.07,0.27,1.56,1.74
2016-05-05,25.70,25.98,25.98,25.45,74603,192230000,0.33,1.29,2.07,1.78
2016-05-06,25.96,24.39,26.19,24.00,111648,281870000,-1.59,-6.12,8.43,2.66
2016-05-09,24.19,21.95,24.19,21.95,129880,292180000,-2.44,-10.00,9.18,3.09
2016-05-10,21.52,22.08,22.08,20.10,104395,221240000,0.13,0.59,9.02,2.49
2016-05-11,22.00,21.46,22.00,21.21,70662,152040000,-0.62,-2.81,3.58,1.68
2016-05-12,21.11,21.44,21.46,19.31,101674,206740000,-0.02,-0.09,10.02,2.42
2016-05-13,20.91,21.29,21.56,20.80,57954,123050000,-0.15,-0.70,3.54,1.38
2016-05-16,21.21,21.30,21.48,20.80,58068,123080000,0.01,0.05,3.19,1.38
2016-05-17,21.48,21.18,21.48,20.90,46701,98750000,-0.12,-0.56,2.72,1.11
2016-05-18,21.00,20.78,21.32,19.10,72722,148370000,-0.40,-1.89,10.48,1.73
2016-05-19,10.27,10.49,10.71,9.99,161033,168530000,0.10,0.96,6.93,1.92
2016-05-20,10.50,10.52,10.60,10.23,92566,96290000,0.03,0.29,3.53,1.10
2016-05-23,10.57,10.73,10.78,10.40,109404,115920000,0.21,2.00,3.61,1.30
2016-05-24,10.73,10.87,11.12,10.58,143644,155720000,0.14,1.30,5.03,1.71
2016-05-25,10.90,10.60,10.99,10.00,137116,146660000,-0.27,-2.48,9.11,1.63
2016-05-26,10.40,10.55,10.79,10.21,147909,155400000,-0.05,-0.47,5.47,1.76
2016-05-27,10.50,10.58,10.66,10.45,61087,64600000,0.03,0.28,1.99,0.73
2016-05-30,10.51,10.52,10.64,10.28,77710,81620000,-0.06,-0.57,3.40,0.93
2016-05-31,10.50,10.89,10.94,10.45,160915,172950000,0.37,3.52,4.66,1.92
2016-06-01,10.90,10.95,11.05,10.75,150357,164070000,0.06,0.55,2.75,1.79
2016-06-02,10.90,10.89,11.07,10.53,205071,221590000,-0.06,-0.55,4.93,2.44
2016-06-03,10.71,11.06,11.27,10.66,248049,272440000,0.17,1.56,5.60,2.95
2016-06-06,10.99,11.19,11.25,10.95,223556,248410000,0.13,1.18,2.71,2.66
2016-06-07,11.20,11.13,11.25,11.05,96157,107030000,-0.06,-0.54,1.79,1.14
2016-06-08,11.15,11.69,11.85,10.88,210998,237570000,0.56,5.03,8.72,2.51
2016-06-13,11.50,11.47,12.00,11.25,285459,332640000,-0.22,-1.88,6.42,3.40
2016-06-14,11.46,11.40,11.55,10.90,231753,259410000,-0.07,-0.61,5.67,2.76
2016-06-15,11.05,11.57,11.69,11.05,193572,221680000,0.17,1.49,5.61,2.30
2016-06-16,11.46,11.54,11.82,11.39,157507,181540000,-0.03,-0.26,3.72,1.88
2016-06-17,11.54,11.64,11.70,11.45,188810,218080000,0.10,0.87,2.17,2.25
2016-06-20,11.65,12.46,12.66,11.49,345620,419120000,0.82,7.04,10.05,4.11
2016-06-21,12.58,12.54,12.99,12.23,295799,374920000,0.08,0.64,6.10,3.52
2016-06-22,12.50,12.78,12.81,12.39,189018,239160000,0.24,1.91,3.35,2.25
2016-06-23,12.85,12.76,13.00,12.67,221197,283630000,-0.02,-0.16,2.58,2.63
2016-06-24,11.58,11.79,12.23,11.54,448095,533560000,-0.97,-7.60,5.41,5.33
2016-06-27,11.59,11.81,11.97,11.50,239143,282470000,0.02,0.17,3.99,2.85
2016-06-28,11.81,12.08,12.26,11.74,231342,278200000,0.27,2.29,4.40,2.75
2016-06-29,12.22,12.24,12.54,12.12,218675,269440000,0.16,1.32,3.48,2.60
2016-06-30,12.40,12.30,12.50,12.16,281186,346170000,0.06,0.49,2.78,3.35
2016-07-01,12.45,12.64,12.69,12.27,245875,307960000,0.34,2.76,3.41,2.93
2016-07-04,12.59,13.57,13.60,12.59,404411,535180000,0.93,7.36,7.99,4.81
2016-07-05,13.80,13.89,13.99,13.40,408354,558030000,0.32,2.36,4.35,4.86
2016-07-06,13.89,14.26,14.38,13.63,431043,607550000,0.37,2.66,5.40,5.13
2016-07-07,14.30,14.04,14.32,13.78,379573,530630000,-0.22,-1.54,3.79,4.52
2016-07-08,14.10,13.96,14.15,13.68,300762,417190000,-0.08,-0.57,3.35,3.58
2016-07-11,13.99,13.89,14.15,13.78,284269,395960000,-0.07,-0.50,2.65,3.38
2016-07-12,13.91,13.88,13.99,13.66,216120,299360000,-0.01,-0.07,2.38,2.57
2016-07-13,13.98,12.58,14.34,12.49,834302,1115690000,-1.30,-9.37,13.33,9.93
2016-07-14,12.38,12.08,12.69,11.69,604932,734540000,-0.50,-3.97,7.95,7.20
2016-07-15,11.99,12.49,12.68,11.91,469539,577250000,0.41,3.39,6.37,5.59
2016-07-18,12.40,12.49,12.78,12.31,179912,225630000,0.00,0.00,3.76,2.14
2016-07-19,12.49,12.20,12.69,12.07,199430,244960000,-0.29,-2.32,4.96,2.37
2016-07-20,12.28,12.06,12.30,12.01,155071,188180000,-0.14,-1.15,2.38,1.85
2016-07-21,12.10,12.05,12.26,12.03,132649,160580000,-0.01,-0.08,1.91,1.58
2016-07-22,12.00,11.80,12.09,11.77,150420,178960000,-0.25,-2.07,2.66,1.79
2016-07-25,11.80,11.18,11.87,11.08,297272,340270000,-0.62,-5.25,6.69,3.54
2016-07-26,11.21,11.35,11.84,10.29,967190,1045790000,0.17,1.52,13.86,11.51
2016-07-27,10.90,10.53,11.13,10.43,475696,515230000,-0.82,-7.22,6.17,5.66
2016-07-28,10.54,10.30,10.62,10.07,312659,323150000,-0.23,-2.18,5.22,3.72
2016-07-29,10.28,10.26,10.32,10.04,161565,164540000,-0.04,-0.39,2.72,1.92
2016-08-01,10.23,10.35,10.51,10.07,218498,225820000,0.09,0.88,4.29,2.60
2016-08-02,10.35,10.39,10.47,10.28,113291,117460000,0.04,0.39,1.84,1.35
2016-08-03,10.39,10.69,10.76,10.34,248357,262860000,0.30,2.89,4.04,2.96
2016-08-04,10.63,11.17,11.28,10.60,336879,371550000,0.48,4.49,6.36,4.01
2016-08-05,11.30,11.31,11.45,11.16,269046,304380000,0.14,1.25,2.60,3.20
2016-08-08,11.99,11.87,12.44,11.52,381506,453440000,0.56,4.95,8.13,4.54
2016-08-09,11.85,11.73,11.92,11.53,254706,297660000,-0.14,-1.18,3.29,3.03
2016-08-10,11.69,11.67,11.73,11.31,219922,253670000,-0.06,-0.51,3.58,2.62
2016-08-11,11.60,11.64,11.78,11.42,134643,155950000,-0.03,-0.26,3.08,1.60
2016-08-12,11.56,12.00,12.03,11.56,371219,442380000,0.36,3.09,4.04,4.42
2016-08-15,12.28,12.43,12.51,11.80,415739,508380000,0.43,3.58,5.92,4.95
2016-08-16,12.30,12.27,12.43,12.15,219882,269270000,-0.16,-1.29,2.25,2.62
2016-08-17,12.24,12.02,12.27,12.00,169522,204630000,-0.25,-2.04,2.20,2.02
2016-08-18,12.00,11.90,12.16,11.70,236408,280810000,-0.12,-1.00,3.83,2.81
2016-08-19,11.80,11.75,11.93,11.65,167977,197380000,-0.15,-1.26,2.35,2.00
2016-08-22,11.78,11.75,12.10,11.74,115953,137430000,0.00,0.00,3.06,1.38
2016-08-23,11.70,11.92,11.99,11.70,150171,178710000,0.17,1.45,2.47,1.79
2016-08-24,11.95,11.77,12.04,11.75,113022,134020000,-0.15,-1.26,2.43,1.35
2016-08-25,11.70,11.30,11.70,11.30,143166,163730000,-0.47,-3.99,3.40,1.70
2016-08-26,11.36,11.32,11.47,11.21,104000,117950000,0.02,0.18,2.30,1.24
2016-08-29,11.19,11.54,11.88,11.01,221240,252710000,0.22,1.94,7.69,2.63
2016-08-30,11.49,11.31,11.58,11.20,126630,143880000,-0.23,-1.99,3.29,1.51
2016-08-31,11.14,11.22,11.32,11.00,135742,151440000,-0.09,-0.80,2.83,1.62
2016-09-01,11.22,11.08,11.22,10.86,169903,187200000,-0.14,-1.25,3.21,2.02
2016-09-02,11.06,10.76,11.06,10.76,135354,146840000,-0.32,-2.89,2.71,1.61
2016-09-05,10.74,10.60,10.86,10.58,231962,248130000,-0.16,-1.49,2.60,2.76
2016-09-06,10.71,10.62,10.71,10.48,223026,235680000,0.02,0.19,2.17,2.66
2016-09-07,10.64,10.65,10.76,10.56,168943,180480000,0.03,0.28,1.88,2.01
2016-09-08,10.68,10.65,10.68,10.55,114959,122010000,0.00,0.00,1.22,1.37
2016-09-09,10.66,10.60,10.69,10.55,84901,90030000,-0.05,-0.47,1.31,1.01
2016-09-12,10.27,10.50,10.64,10.25,108440,113740000,-0.10,-0.94,3.68,1.29
2016-09-13,10.58,10.69,10.70,10.51,114320,121570000,0.19,1.81,1.81,1.36
2016-09-14,10.90,10.69,10.92,10.63,108137,116250000,0.00,0.00,2.71,1.29
2016-09-19,10.61,10.71,10.87,10.61,134150,144050000,0.02,0.19,2.43,1.60
2016-09-20,10.68,10.56,10.68,10.50,101859,107660000,-0.15,-1.40,1.68,1.21
2016-09-21,10.60,10.51,10.61,10.50,60563,63870000,-0.05,-0.47,1.04,0.72
2016-09-22,10.53,10.45,10.60,10.40,108729,114030000,-0.06,-0.57,1.90,1.29
2016-09-23,10.46,10.62,10.68,10.25,162789,170530000,0.17,1.63,4.11,1.94
2016-09-26,10.69,11.02,11.25,10.60,332494,366310000,0.40,3.77,6.12,3.96
2016-09-27,10.96,11.02,11.16,10.75,153966,169110000,0.00,0.00,3.72,1.83
2016-09-28,10.89,10.84,11.02,10.83,119906,130780000,-0.18,-1.63,1.72,1.43
2016-09-29,10.81,10.89,11.04,10.76,159056,173700000,0.05,0.46,2.58,1.89
2016-09-30,10.85,10.70,10.97,10.61,177331,191090000,-0.19,-1.74,3.31,2.11
2016-10-10,10.72,11.20,11.32,10.72,222542,246150000,0.50,4.67,5.61,2.65
2016-10-11,11.30,11.54,11.59,11.10,262828,299040000,0.34,3.04,4.38,3.13
2016-10-12,11.53,11.90,12.00,11.31,362402,428930000,0.36,3.12,5.98,4.31
2016-10-13,11.90,12.44,12.70,11.90,582703,722150000,0.54,4.54,6.72,6.94
2016-10-14,12.44,12.54,13.03,12.31,475246,601450000,0.10,0.80,5.79,5.66
2016-10-17,12.78,12.40,12.78,12.12,415345,516340000,-0.14,-1.12,5.26,4.94
2016-10-18,12.39,12.40,12.57,12.30,240503,298850000,0.00,0.00,2.18,2.86
2016-10-19,12.50,12.36,12.70,12.21,223253,276710000,-0.04,-0.32,3.95,2.66
2016-10-20,12.44,12.74,12.76,12.31,351167,441270000,0.38,3.07,3.64,4.18
2016-10-21,12.65,12.50,13.03,12.41,327693,414970000,-0.24,-1.88,4.87,3.90
2016-10-24,12.55,12.38,12.60,12.21,206705,255280000,-0.12,-0.96,3.12,2.46
2016-10-25,12.38,12.48,12.54,12.26,139068,172480000,0.10,0.81,2.26,1.66
2016-10-26,12.55,12.43,12.60,12.31,108416,134860000,-0.05,-0.40,2.32,1.29
2016-10-27,12.48,12.45,12.53,12.31,149693,185830000,0.02,0.16,1.77,1.78
2016-10-28,12.49,12.85,12.93,12.43,285284,362740000,0.40,3.21,4.02,3.40
2016-10-31,12.84,13.13,13.30,12.76,304968,399910000,0.28,2.18,4.20,3.63
2016-11-01,13.14,13.03,13.31,12.70,309815,402770000,-0.10,-0.76,4.65,3.69
2016-11-02,12.97,12.82,13.00,12.80,145730,187710000,-0.21,-1.61,1.53,1.73
2016-11-03,12.82,12.70,12.92,12.50,141850,180520000,-0.12,-0.94,3.28,1.69
2016-11-04,12.79,13.18,13.20,12.43,402371,519840000,0.48,3.78,6.06,4.79
2016-11-07,13.25,13.55,13.67,13.12,395297,532190000,0.37,2.81,4.17,4.71
2016-11-08,13.59,13.48,13.75,13.26,275821,371810000,-0.07,-0.52,3.62,3.28
2016-11-09,13.49,13.34,13.60,13.05,288697,386900000,-0.14,-1.04,4.08,3.44
2016-11-10,13.42,13.62,13.83,13.42,280260,381470000,0.28,2.10,3.07,3.34
2016-11-11,13.66,13.58,13.85,13.51,209517,286480000,-0.04,-0.29,2.50,2.49
2016-11-14,13.58,13.28,13.59,13.20,192957,257630000,-0.30,-2.21,2.87,2.30
2016-11-15,13.28,13.27,13.49,13.08,181673,240410000,-0.01,-0.08,3.09,2.16
2016-11-16,13.25,13.26,13.35,13.04,212584,280270000,-0.01,-0.08,2.34,2.53
2016-11-17,13.25,13.40,13.50,13.11,313428,416550000,0.14,1.06,2.94,3.73
2016-11-18,13.25,13.58,13.76,13.25,328324,445030000,0.18,1.34,3.81,3.91
2016-11-21,13.68,13.00,13.68,13.00,281531,376690000,-0.58,-4.27,5.01,3.35
2016-11-22,12.81,12.74,13.21,12.68,372145,479130000,-0.26,-2.00,4.08,4.43
2016-11-23,12.80,12.59,12.94,12.51,228093,288170000,-0.15,-1.18,3.38,2.72
2016-11-24,12.63,12.76,12.95,12.41,297236,377800000,0.17,1.35,4.29,3.54
2016-11-25,12.80,13.30,13.38,12.80,343321,452470000,0.54,4.23,4.55,4.09
2016-11-28,13.25,13.77,13.87,13.25,418327,570610000,0.47,3.53,4.66,4.98
2016-11-29,13.85,13.67,13.95,13.50,365144,501740000,-0.10,-0.73,3.27,4.35
2016-11-30,13.67,13.81,13.91,13.56,368737,507780000,0.14,1.02,2.56,4.39
2016-12-01,13.80,13.81,14.08,13.73,409880,569670000,0.00,0.00,2.53,4.88
2016-12-02,13.89,13.58,13.89,13.54,282713,388250000,-0.23,-1.67,2.53,3.37
2016-12-05,13.50,13.39,13.60,13.30,215780,289370000,-0.19,-1.40,2.21,2.57
2016-12-06,13.38,13.73,13.87,13.38,318573,434050000,0.34,2.54,3.66,3.79
2016-12-07,13.73,13.90,13.94,13.38,352127,480690000,0.17,1.24,4.08,4.19
2016-12-08,13.95,14.16,14.25,13.52,679729,946520000,0.26,1.87,5.25,8.09
2016-12-09,14.15,14.09,14.30,13.86,313212,439530000,-0.07,-0.49,3.11,3.73
2016-12-12,14.11,13.56,14.27,13.56,306526,423890000,-0.53,-3.76,5.04,3.65
2016-12-13,13.39,13.78,13.83,13.01,253130,342510000,0.22,1.62,6.05,3.01
2016-12-14,13.76,13.83,14.18,13.66,268831,373720000,0.05,0.36,3.77,3.20
2016-12-15,13.80,14.06,14.19,13.70,283302,397000000,0.23,1.66,3.54,3.37
2016-12-16,13.98,15.07,15.46,13.98,482914,714050000,1.01,7.18,10.53,5.75
2016-12-30,14.50,14.58,15.18,13.71,506525,737540000,-0.49,-3.25,9.75,6.03
2017-01-03,14.57,13.97,14.57,13.81,316198,446340000,-0.61,-4.18,5.21,3.76
2017-01-04,14.13,14.04,14.35,13.86,224255,315750000,0.07,0.50,3.51,2.67
2017-01-05,14.11,14.20,14.28,13.90,317179,446320000,0.16,1.14,2.71,3.78
2017-01-06,14.20,14.78,14.97,14.06,332311,484060000,0.58,4.08,6.41,3.96
2017-01-09,14.62,14.96,15.15,14.62,266400,397670000,0.18,1.22,3.59,3.17
2017-01-10,15.00,15.10,15.45,14.84,260603,394470000,0.14,0.94,4.08,3.10
2017-01-11,15.11,14.91,15.32,14.85,183792,276070000,-0.19,-1.26,3.11,2.19
2017-01-12,14.91,14.53,15.05,14.50,204216,302550000,-0.38,-2.55,3.69,2.43
2017-01-13,14.61,14.25,14.77,14.23,193998,280310000,-0.28,-1.93,3.72,2.31
2017-01-16,14.30,13.15,14.39,12.83,302820,410050000,-1.10,-7.72,10.95,3.61
2017-01-17,12.93,13.30,13.56,12.20,310400,404580000,0.15,1.14,10.34,3.70
2017-01-18,13.30,13.33,13.66,13.19,142458,191150000,0.03,0.23,3.53,1.70
2017-01-19,13.50,13.23,13.50,13.14,91339,121840000,-0.10,-0.75,2.70,1.09
2017-01-20,13.20,13.38,13.50,13.18,101246,135090000,0.15,1.13,2.42,1.21
2017-01-23,13.38,13.33,13.53,13.22,93276,125040000,-0.05,-0.37,2.32,1.11
2017-01-24,13.30,12.77,13.39,12.70,132815,172750000,-0.56,-4.20,5.18,1.58
2017-01-25,12.77,13.13,13.23,12.16,270274,339770000,0.36,2.82,8.38,3.22
2017-01-26,13.10,13.69,13.70,12.98,149713,198990000,0.56,4.27,5.48,1.78
2017-02-03,13.68,13.50,13.78,13.40,82728,112640000,-0.19,-1.39,2.78,0.98
2017-02-06,13.75,13.54,13.75,13.36,79021,107000000,0.04,0.30,2.89,0.94
2017-02-07,13.66,13.52,13.66,13.39,77215,104232400,-0.02,-0.15,1.994,1.07
2017-02-08,13.53,13.28,13.68,13.10,146126,194558200,-0.24,-1.78,4.29,2.02
2017-02-09,13.28,13.52,13.64,13.04,170745,227593900,0.24,1.81,4.518,2.36
2017-02-10,13.58,13.80,14.10,13.49,361640,501849800,0.28,2.07,4.512,5.00
2017-02-13,13.71,13.93,14.06,13.71,143682,199801800,0.13,0.94,2.536,1.99
2017-02-14,13.95,14.00,14.14,13.82,131555,183829400,0.07,0.50,2.297,1.82
2017-02-15,14.00,13.86,14.19,13.74,150420,210142500,-0.14,-1.00,3.214,2.08
2017-02-16,13.86,13.86,13.97,13.73,126427,175413300,0.00,0.00,1.732,1.75
2017-02-17,13.90,13.93,13.95,13.55,144201,198987500,0.07,0.51,2.886,1.99
2017-02-20,14.00,13.89,14.08,13.70,108975,151346300,-0.04,-0.29,2.728,1.51
2017-02-21,13.94,13.80,14.21,13.78,181484,253017400,-0.09,-0.65,3.10,2.51
2017-02-22,13.80,13.71,13.84,13.63,100455,137713900,-0.09,-0.65,1.52,1.39
2017-02-23,13.74,13.64,13.75,13.54,98769,134561700,-0.07,-0.51,1.53,1.37
2017-02-24,13.60,13.83,13.84,13.48,145002,197950700,0.19,1.39,2.64,2.00
2017-02-27,13.90,13.56,13.90,13.29,137214,186871300,-0.27,-1.95,4.41,1.90
2017-02-28,13.48,13.50,13.61,13.15,177103,237054000,-0.06,-0.44,3.39,2.45
2017-03-01,13.49,13.51,13.61,13.11,200233,269438700,0.01,0.07,3.70,2.77
2017-03-02,13.53,13.20,13.63,13.19,126465,168977000,-0.31,-2.29,3.26,1.75
2017-03-03,13.20,13.20,13.26,12.90,159555,208093800,0.00,0.00,2.73,2.21
2017-03-06,13.19,13.36,13.44,13.05,162126,214595300,0.16,1.21,2.96,2.24
2017-03-07,13.43,13.38,13.45,13.28,102967,137640800,0.02,0.15,1.27,1.42
2017-03-08,13.39,13.20,13.42,13.20,153393,203928200,-0.18,-1.35,1.64,2.12
2017-03-09,13.24,13.29,13.40,12.98,125347,164244100,0.09,0.68,3.18,1.73
2017-03-10,13.21,13.09,13.32,13.06,70187,92320700,-0.20,-1.50,1.96,0.97
2017-03-13,13.13,12.83,13.13,12.81,110361,142714300,-0.26,-1.99,2.44,1.53
2017-03-14,12.97,12.80,13.00,12.60,132288,169446900,-0.03,-0.23,3.12,1.83
2017-03-15,12.70,13.50,13.50,12.70,283216,373919800,0.70,5.47,6.25,3.91
2017-03-16,13.50,13.70,13.87,13.36,320252,439550454,0.20,1.48,3.78,4.43
2017-03-17,13.87,13.67,13.87,13.58,187950,257574492,-0.03,-0.22,2.12,2.60
2017-03-20,13.70,13.28,13.70,13.25,180465,242427627,-0.39,-2.85,3.29,2.49
2017-03-21,13.30,13.11,13.43,12.97,185578,243204571,-0.17,-1.28,3.46,2.56
2017-03-22,13.09,13.07,13.13,12.88,140090,181887923,-0.04,-0.31,1.91,1.94
2017-03-23,13.05,13.06,13.18,12.94,151278,197287967,-0.01,-0.08,1.84,2.09
2017-03-24,13.05,13.03,13.16,12.96,111113,145085463,-0.03,-0.23,1.53,1.54
2017-03-27,13.04,12.92,13.08,12.83,87134,112518258,-0.11,-0.84,1.92,1.20
2017-03-28,12.99,12.85,12.99,12.85,79497,102552433,-0.07,-0.54,1.08,1.10
2017-03-29,12.84,12.82,12.94,12.66,122381,156182517,-0.03,-0.23,2.18,1.69
2017-03-30,12.81,12.77,12.82,12.58,92167,116955338,-0.05,-0.39,1.87,1.27
2017-03-31,12.77,12.78,13.00,12.70,55871,71485698,0.01,0.08,2.35,0.77
2017-04-05,12.81,12.90,12.97,12.80,92784,119662549,0.12,0.94,1.33,1.28
2017-04-06,12.90,12.92,13.00,12.86,74659,96472677,0.02,0.16,1.09,1.03
2017-04-07,12.97,13.00,13.19,12.85,140467,182683371,0.08,0.62,2.63,1.94
2017-04-10,13.06,12.99,13.16,12.79,121618,157680366,-0.01,-0.08,2.85,1.68
2017-04-11,12.96,13.00,13.08,12.65,172953,222987315,0.01,0.08,3.31,2.39
2017-04-12,12.99,12.95,12.99,12.85,58492,75578998,-0.05,-0.38,1.08,0.81
2017-04-13,12.90,12.92,13.00,12.82,78653,101693324,-0.03,-0.23,1.39,1.09
2017-04-14,12.95,12.92,13.00,12.81,68395,88088842,0.00,0.00,1.47,0.94
2017-04-17,12.92,12.83,13.12,12.68,80924,103815018,-0.09,-0.70,3.41,1.12
2017-04-18,12.82,12.75,12.87,12.63,108126,137681722,-0.08,-0.62,1.87,1.49
2017-04-19,12.75,12.30,13.00,11.48,512777,605311690,-0.45,-3.53,11.92,7.09
