日期,开盘,收盘,最高,最低,交易量(手),交易金额(元),涨跌额,涨跌幅(%),振幅(%),换手率(%)
2012-05-25,26.00,28.60,30.50,25.71,226414,624730000,2.60,10.00,18.42,83.86
2012-05-28,27.34,27.02,27.85,26.01,114042,307200000,-1.58,-5.52,6.43,42.24
2012-05-29,26.58,27.18,27.45,26.51,86205,232930000,0.16,0.59,3.48,31.93
2012-05-30,27.00,27.99,28.70,26.82,95358,266890000,0.81,2.98,6.92,35.32
2012-05-31,27.80,28.03,28.48,27.60,61592,172540000,0.04,0.14,3.14,22.81
2012-06-01,27.99,27.20,28.14,27.00,56080,153450000,-0.83,-2.96,4.07,20.77
2012-06-04,26.70,26.37,26.74,26.06,38916,102900000,-0.83,-3.05,2.50,14.41
2012-06-05,26.31,26.67,27.23,26.31,31729,84990000,0.30,1.14,3.49,11.75
2012-06-06,26.68,25.90,26.78,25.90,37136,97530000,-0.77,-2.89,3.30,13.75
2012-06-07,26.11,25.20,26.37,25.03,39240,101150000,-0.70,-2.70,5.17,14.53
2012-06-08,25.48,24.70,25.48,24.55,26945,67200000,-0.50,-1.98,3.69,9.98
2012-06-11,24.62,25.34,25.48,24.62,25118,63090000,0.64,2.59,3.48,9.30
2012-06-12,25.14,25.39,25.65,24.64,25729,64720000,0.05,0.20,3.99,9.53
2012-06-13,25.41,25.77,25.89,25.22,26857,68650000,0.38,1.50,2.64,9.95
2012-06-14,25.70,26.70,27.32,25.56,56958,151720000,0.93,3.61,6.83,21.10
2012-06-15,26.55,27.00,27.15,26.27,40061,107570000,0.30,1.12,3.30,14.84
2012-06-18,26.90,26.92,27.44,26.82,37500,101730000,-0.08,-0.30,2.30,13.89
2012-06-19,26.93,27.52,28.44,26.71,51441,142070000,0.60,2.23,6.43,19.05
2012-06-20,28.70,28.36,29.28,27.86,77527,221020000,0.84,3.05,5.16,28.71
2012-06-21,28.08,28.35,28.65,27.56,42920,120380000,-0.01,-0.04,3.84,15.90
2012-06-25,28.10,27.20,28.10,27.05,39500,108660000,-1.15,-4.06,3.70,14.63
2012-06-26,27.00,27.31,27.59,26.30,34655,93390000,0.11,0.40,4.74,12.84
2012-06-27,27.10,29.15,30.04,26.99,101858,298050000,1.84,6.74,11.17,37.73
2012-06-28,28.92,28.81,29.95,28.71,58591,171210000,-0.34,-1.17,4.25,21.70
2012-06-29,28.50,29.48,30.28,28.34,55729,164790000,0.67,2.33,6.73,20.64
2012-07-02,29.49,30.78,30.89,29.18,58237,175940000,1.30,4.41,5.80,21.57
2012-07-03,30.45,30.65,30.95,30.16,46354,141350000,-0.13,-0.42,2.57,17.17
2012-07-04,30.38,28.41,30.49,28.40,72693,213490000,-2.24,-7.31,6.82,26.92
2012-07-06,28.10,28.70,28.73,27.11,53304,148840000,0.29,1.02,5.70,19.74
2012-07-09,28.16,27.59,28.47,27.22,35244,98830000,-1.11,-3.87,4.36,13.05
2012-07-10,27.23,25.86,27.28,25.82,39824,105580000,-1.73,-6.27,5.29,14.75
2012-07-11,25.53,26.25,26.32,25.52,26620,69320000,0.39,1.51,3.09,9.86
2012-07-12,25.99,26.66,26.94,25.80,30581,81370000,0.41,1.56,4.34,11.33
2012-07-13,26.41,26.00,27.19,25.80,32593,86170000,-0.66,-2.48,5.21,12.07
2012-07-16,25.98,24.77,25.98,24.55,27201,68060000,-1.23,-4.73,5.50,10.07
2012-07-17,24.35,23.19,24.35,22.58,43033,99530000,-1.58,-6.38,7.15,15.94
2012-07-18,22.89,23.64,23.70,22.75,22606,52350000,0.45,1.94,4.10,8.37
2012-07-19,23.40,23.64,24.20,23.33,24568,58560000,0.00,0.00,3.68,9.10
2012-07-20,23.47,24.16,24.50,23.47,26480,63730000,0.52,2.20,4.36,9.81
2012-07-23,23.80,23.76,24.13,23.51,14902,35520000,-0.40,-1.66,2.57,5.52
2012-07-24,23.60,24.32,24.51,23.46,19570,47200000,0.56,2.36,4.42,7.25
2012-07-25,24.19,24.92,25.83,24.11,31358,78720000,0.60,2.47,7.07,11.61
2012-07-26,24.61,24.18,25.20,24.17,20520,50690000,-0.74,-2.97,4.13,7.60
2012-07-27,24.30,23.81,24.55,23.60,14781,35530000,-0.37,-1.53,3.93,5.47
2012-07-30,23.77,23.40,24.14,23.21,8580,20230000,-0.41,-1.72,3.91,3.18
2012-07-31,23.40,22.90,23.50,22.75,10178,23430000,-0.50,-2.14,3.21,3.77
2012-08-01,22.81,23.45,23.75,22.81,10070,23540000,0.55,2.40,4.10,3.73
2012-08-02,23.60,23.82,24.12,23.32,14429,34280000,0.37,1.58,3.41,5.34
2012-08-03,23.88,24.31,24.39,23.69,12857,31020000,0.49,2.06,2.94,4.76
2012-08-06,24.29,24.65,24.77,24.07,14954,36640000,0.34,1.40,2.88,5.54
2012-08-07,24.67,24.40,24.78,24.30,15159,37090000,-0.25,-1.01,1.95,5.61
2012-08-08,24.42,23.90,24.50,23.61,16632,39870000,-0.50,-2.05,3.65,6.16
2012-08-09,23.81,24.79,24.95,23.78,21320,52320000,0.89,3.72,4.90,7.90
2012-08-10,24.69,24.91,25.20,24.61,18559,46210000,0.12,0.48,2.38,6.87
2012-08-13,24.85,23.97,25.12,23.91,13951,34050000,-0.94,-3.77,4.86,5.17
2012-08-14,24.01,24.72,24.74,24.00,14305,35000000,0.75,3.13,3.09,5.30
2012-08-15,24.72,24.25,24.73,24.15,10701,26100000,-0.47,-1.90,2.35,3.96
2012-08-16,24.05,23.66,24.35,23.20,14132,33450000,-0.59,-2.43,4.74,5.23
2012-08-17,23.14,23.59,23.66,23.14,8044,18820000,-0.07,-0.30,2.20,2.98
2012-08-20,23.30,23.79,23.85,23.22,6503,15360000,0.20,0.85,2.67,2.41
2012-08-21,23.80,24.25,24.44,23.61,10723,25880000,0.46,1.93,3.49,3.97
2012-08-22,24.26,24.00,24.66,23.93,14393,34950000,-0.25,-1.03,3.01,5.33
2012-08-23,24.23,24.80,24.90,23.90,20204,49750000,0.80,3.33,4.17,7.48
2012-08-24,24.64,24.15,24.94,24.15,16096,39470000,-0.65,-2.62,3.19,5.96
2012-08-27,24.01,23.63,24.05,23.32,9064,21490000,-0.52,-2.15,3.02,3.36
2012-08-28,23.62,24.26,24.56,23.59,10950,26520000,0.63,2.67,4.11,4.06
2012-08-29,24.36,24.43,24.78,24.18,13674,33540000,0.17,0.70,2.47,5.06
2012-08-30,24.31,23.66,24.74,23.13,16671,39950000,-0.77,-3.15,6.59,6.17
2012-08-31,23.57,23.75,23.84,23.43,6328,15000000,0.09,0.38,1.73,2.34
2012-09-03,23.75,24.35,24.35,23.55,9113,21910000,0.60,2.53,3.37,3.38
2012-09-04,24.35,23.85,24.57,23.80,11256,27220000,-0.50,-2.05,3.16,4.17
2012-09-05,23.95,24.58,24.60,23.58,13796,33390000,0.73,3.06,4.28,5.11
2012-09-06,24.60,24.77,24.88,24.35,13875,34130000,0.19,0.77,2.16,5.14
2012-09-07,24.93,25.27,25.65,24.75,33105,83430000,0.50,2.02,3.63,12.26
2012-09-10,25.05,25.40,25.50,24.85,25083,63010000,0.13,0.51,2.57,9.29
2012-09-11,25.28,25.16,25.34,25.05,15146,38180000,-0.24,-0.94,1.14,5.61
2012-09-12,25.20,24.98,25.38,24.71,15028,37520000,-0.18,-0.72,2.66,5.57
2012-09-13,25.14,24.65,25.16,24.65,9096,22690000,-0.33,-1.32,2.04,3.37
2012-09-14,24.85,25.94,26.38,24.51,38524,98870000,1.29,5.23,7.59,14.27
2012-09-17,25.93,25.08,25.93,25.00,20834,52940000,-0.86,-3.32,3.59,7.72
2012-09-18,24.81,24.78,25.07,24.65,8861,22040000,-0.30,-1.20,1.67,3.28
2012-09-19,24.80,25.40,25.60,24.72,17680,44800000,0.62,2.50,3.55,6.55
2012-09-20,25.43,23.67,25.43,23.67,20417,49770000,-1.73,-6.81,6.93,7.56
2012-09-21,23.68,23.05,23.84,22.93,13178,30790000,-0.62,-2.62,3.84,4.88
2012-09-24,22.72,23.01,23.14,22.57,8914,20370000,-0.04,-0.17,2.47,3.30
2012-09-25,22.99,22.81,23.36,22.73,6724,15510000,-0.20,-0.87,2.74,2.49
2012-09-26,22.81,21.69,23.08,21.66,12650,28040000,-1.12,-4.91,6.23,4.69
2012-09-27,21.52,22.18,22.54,21.52,9095,20090000,0.49,2.26,4.70,3.37
2012-09-28,22.06,22.41,22.46,21.90,7816,17410000,0.23,1.04,2.52,2.89
2012-10-08,22.38,22.50,22.60,22.35,6434,14440000,0.09,0.40,1.12,2.38
2012-10-09,22.50,22.99,23.06,22.50,9520,21790000,0.49,2.18,2.49,3.53
2012-10-10,22.99,23.20,23.37,22.87,9752,22600000,0.21,0.91,2.17,3.61
2012-10-11,23.21,22.60,23.22,22.60,9038,20680000,-0.60,-2.59,2.67,3.35
2012-10-12,22.78,22.35,22.85,22.13,6927,15580000,-0.25,-1.11,3.19,2.57
2012-10-15,22.33,21.81,22.33,21.63,10085,22060000,-0.54,-2.42,3.13,3.74
2012-10-16,21.77,21.90,22.33,21.68,8753,19330000,0.09,0.41,2.98,3.24
2012-10-17,22.01,22.07,22.18,21.82,5690,12520000,0.17,0.78,1.64,2.11
2012-10-18,22.10,22.43,22.53,22.01,8355,18640000,0.36,1.63,2.36,3.09
2012-10-19,22.43,22.15,22.45,22.14,7479,16650000,-0.28,-1.25,1.38,2.77
2012-10-22,22.02,23.42,23.45,22.02,22373,51510000,1.27,5.73,6.46,8.29
2012-10-23,23.27,22.82,23.48,22.78,13979,32260000,-0.60,-2.56,2.99,5.18
2012-10-24,22.62,22.65,22.88,22.53,5980,13580000,-0.17,-0.75,1.53,2.21
2012-10-25,22.75,22.41,22.97,22.40,6009,13580000,-0.24,-1.06,2.52,2.23
2012-10-26,22.31,22.18,22.60,22.10,7489,16680000,-0.23,-1.03,2.23,2.77
2012-10-29,22.25,22.12,22.48,21.89,5346,11880000,-0.06,-0.27,2.66,1.98
2012-10-30,22.16,22.30,22.44,22.03,4630,10300000,0.18,0.81,1.85,1.71
2012-10-31,22.23,22.67,22.75,22.23,7309,16490000,0.37,1.66,2.33,2.71
2012-11-01,22.70,22.90,23.05,22.68,8756,20020000,0.23,1.01,1.63,3.24
2012-11-02,22.73,22.75,22.99,22.51,7472,16940000,-0.15,-0.66,2.10,2.77
2012-11-05,22.75,22.75,22.89,22.61,4693,10680000,0.00,0.00,1.23,1.74
2012-11-06,22.61,22.37,22.80,22.12,6164,13770000,-0.38,-1.67,2.99,2.28
2012-11-07,22.28,22.35,22.43,22.20,4570,10190000,-0.02,-0.09,1.03,1.69
2012-11-08,22.24,21.60,22.24,21.60,7386,16120000,-0.75,-3.36,2.86,2.74
2012-11-09,21.68,21.70,21.91,21.55,3329,7240000,0.10,0.46,1.67,1.23
2012-11-12,21.84,21.45,21.84,21.30,4603,9910000,-0.25,-1.15,2.49,1.70
2012-11-13,21.40,21.19,21.47,21.10,4322,9170000,-0.26,-1.21,1.72,1.60
2012-11-14,21.02,21.52,21.75,21.02,5255,11290000,0.33,1.56,3.45,1.95
2012-11-15,21.42,21.15,21.48,21.10,3944,8390000,-0.37,-1.72,1.77,1.46
2012-11-16,21.11,20.79,21.36,20.50,4512,9380000,-0.36,-1.70,4.07,1.67
2012-11-19,20.79,20.60,20.80,20.24,3912,8010000,-0.19,-0.91,2.69,1.45
2012-11-20,20.77,20.59,20.77,20.50,2841,5860000,-0.01,-0.05,1.31,1.05
2012-11-21,20.78,20.94,20.95,20.30,4075,8430000,0.35,1.70,3.16,1.51
2012-11-22,20.92,21.05,21.15,20.65,4750,9960000,0.11,0.53,2.39,1.76
2012-11-23,20.91,20.85,21.10,20.79,3229,6750000,-0.20,-0.95,1.47,1.20
2012-11-26,20.71,20.38,20.85,20.32,2578,5310000,-0.47,-2.25,2.54,0.95
2012-11-27,20.38,19.08,20.38,19.05,5870,11500000,-1.30,-6.38,6.53,2.17
2012-11-28,19.01,18.24,19.08,18.03,6494,11890000,-0.84,-4.40,5.50,2.41
2012-11-29,18.24,17.62,18.38,17.58,4334,7790000,-0.62,-3.40,4.39,1.61
2012-11-30,17.77,17.80,17.95,17.62,3385,6020000,0.18,1.02,1.87,1.25
2012-12-03,17.88,16.80,17.88,16.79,7447,12860000,-1.00,-5.62,6.12,2.76
2012-12-04,16.68,16.95,17.00,16.46,7935,13280000,0.15,0.89,3.21,2.94
2012-12-05,16.83,17.85,18.20,16.83,10836,19090000,0.90,5.31,8.08,4.01
2012-12-06,17.68,17.59,17.92,17.46,7050,12420000,-0.26,-1.46,2.58,2.61
2012-12-07,17.60,18.06,18.11,17.53,7004,12580000,0.47,2.67,3.30,2.59
2012-12-10,18.16,18.52,18.54,18.06,8263,15190000,0.46,2.55,2.66,3.06
2012-12-11,18.47,18.24,18.49,18.22,7040,12890000,-0.28,-1.51,1.46,2.61
2012-12-12,18.27,18.32,18.38,17.91,5868,10680000,0.08,0.44,2.58,2.17
2012-12-13,18.30,17.84,18.41,17.82,5009,9050000,-0.48,-2.62,3.22,1.86
2012-12-14,17.67,18.60,18.68,17.67,9778,18030000,0.76,4.26,5.66,3.62
2012-12-17,18.63,18.91,18.97,18.62,9656,18190000,0.31,1.67,1.88,3.58
2012-12-18,18.85,19.06,19.68,18.72,14856,28670000,0.15,0.79,5.08,5.50
2012-12-19,18.91,19.10,19.28,18.91,7176,13720000,0.04,0.21,1.94,2.66
2012-12-20,19.16,19.74,20.00,18.88,15844,31080000,0.64,3.35,5.86,5.87
2012-12-21,19.72,20.95,21.60,19.62,30156,62410000,1.21,6.13,10.03,11.17
2012-12-24,20.85,21.60,21.74,20.61,24325,51850000,0.65,3.10,5.39,9.01
2012-12-25,21.50,22.66,22.98,21.38,32512,73040000,1.06,4.91,7.41,12.04
2012-12-26,22.67,24.25,24.25,22.67,34461,80960000,1.59,7.02,6.97,12.76
2012-12-27,24.50,23.20,25.60,23.20,46702,113260000,-1.05,-4.33,9.90,17.30
2012-12-28,23.20,24.37,24.88,22.69,44278,105400000,1.17,5.04,9.44,16.40
2012-12-31,24.44,23.65,24.44,23.30,23141,55060000,-0.72,-2.95,4.68,8.57
2013-01-04,23.90,24.00,24.28,23.40,23626,56340000,0.35,1.48,3.72,8.75
2013-01-07,24.29,24.16,24.79,23.68,31120,75230000,0.16,0.67,4.63,11.53
2013-01-08,24.14,24.18,24.87,23.80,32772,79970000,0.02,0.08,4.43,12.14
2013-01-09,23.90,23.30,23.90,22.95,27301,64200000,-0.88,-3.64,3.93,10.11
2013-01-10,23.13,23.35,23.69,23.11,10371,24250000,0.05,0.21,2.49,3.84
2013-01-11,23.51,23.41,23.99,23.32,20338,48270000,0.06,0.26,2.87,7.53
2013-01-14,23.50,24.29,24.43,23.50,21721,52440000,0.88,3.76,3.97,8.04
2013-01-15,24.29,24.64,24.85,24.19,23095,56500000,0.35,1.44,2.72,8.55
2013-01-16,24.52,23.93,24.54,23.48,18276,43840000,-0.71,-2.88,4.30,6.77
2013-01-17,23.92,23.96,24.37,23.56,13453,32290000,0.03,0.13,3.38,4.98
2013-01-18,23.95,23.96,24.22,23.48,16290,38810000,0.00,0.00,3.09,6.03
2013-01-21,24.05,24.68,24.68,23.90,23062,56140000,0.72,3.01,3.26,8.54
2013-01-22,24.70,23.70,24.70,23.45,19479,46690000,-0.98,-3.97,5.06,7.21
2013-01-23,23.70,23.15,23.79,22.54,18095,41750000,-0.55,-2.32,5.27,6.70
2013-01-24,23.10,23.21,23.89,22.30,24065,55790000,0.06,0.26,6.87,8.91
2013-01-25,22.85,22.66,23.07,22.56,10053,22860000,-0.55,-2.37,2.20,3.72
2013-01-28,22.65,23.38,23.45,22.60,10357,23930000,0.72,3.18,3.75,3.84
2013-01-29,23.40,23.52,23.83,23.38,11624,27390000,0.14,0.60,1.92,4.31
2013-01-30,23.55,23.10,23.64,22.98,9644,22400000,-0.42,-1.79,2.81,3.57
2013-01-31,23.06,22.90,23.20,22.80,7081,16220000,-0.20,-0.87,1.73,2.62
2013-02-01,22.72,23.12,23.27,22.72,7700,17810000,0.22,0.96,2.40,2.85
2013-02-04,23.10,22.71,23.30,22.58,7490,17140000,-0.41,-1.77,3.11,2.77
2013-02-05,22.71,23.04,23.05,22.51,7035,16080000,0.33,1.45,2.38,2.61
2013-02-06,23.09,23.38,23.49,22.98,8318,19420000,0.34,1.48,2.21,3.08
2013-02-07,23.39,23.92,23.99,23.35,14654,34890000,0.54,2.31,2.74,5.43
2013-02-08,23.99,24.64,24.81,23.77,17775,43390000,0.72,3.01,4.35,6.58
2013-02-18,24.77,24.96,25.56,24.61,23620,59430000,0.32,1.30,3.86,8.75
2013-02-19,24.89,24.02,24.95,24.00,16150,39280000,-0.94,-3.77,3.81,5.98
2013-02-20,24.18,24.75,24.76,24.02,12718,31090000,0.73,3.04,3.08,4.71
2013-02-21,24.68,24.70,25.35,24.20,21553,53430000,-0.05,-0.20,4.65,7.98
2013-02-22,24.58,24.34,24.87,24.20,10462,25630000,-0.36,-1.46,2.71,3.87
2013-02-25,24.38,24.56,24.72,24.10,8982,21950000,0.22,0.90,2.55,3.33
2013-02-26,24.30,24.11,24.78,23.96,15614,38130000,-0.45,-1.83,3.34,5.78
2013-02-27,24.00,22.98,24.30,22.81,21892,51190000,-1.13,-4.69,6.18,8.11
2013-02-28,22.98,23.39,23.40,22.90,12446,28730000,0.41,1.78,2.18,4.61
2013-03-01,23.46,23.62,23.73,23.28,12794,30090000,0.23,0.98,1.92,4.74
2013-03-04,23.50,22.76,23.50,22.61,12577,28970000,-0.86,-3.64,3.77,4.66
2013-03-05,22.77,23.42,23.45,22.67,10327,23850000,0.66,2.90,3.43,3.82
2013-03-06,23.43,24.19,24.35,23.43,16363,39420000,0.77,3.29,3.93,6.06
2013-03-07,24.65,24.07,25.18,23.70,23071,56590000,-0.12,-0.50,6.12,8.54
2013-03-08,24.15,23.25,24.16,23.08,17317,40690000,-0.82,-3.41,4.49,6.41
2013-03-11,23.22,23.14,23.38,22.80,9143,21100000,-0.11,-0.47,2.49,3.39
2013-03-12,23.14,22.18,23.37,22.00,12286,27680000,-0.96,-4.15,5.92,4.55
2013-03-13,22.20,21.62,22.26,21.30,8636,18740000,-0.56,-2.52,4.33,3.20
2013-03-14,21.50,21.72,21.92,21.45,5120,11100000,0.10,0.46,2.17,1.90
2013-03-15,21.72,21.87,22.18,21.45,5949,13050000,0.15,0.69,3.36,2.20
2013-03-18,21.85,21.62,22.28,21.60,4204,9210000,-0.25,-1.14,3.11,1.56
2013-03-19,21.58,21.46,21.84,21.01,4660,9990000,-0.16,-0.74,3.84,1.73
2013-03-20,21.40,22.05,22.10,21.36,6011,13150000,0.59,2.75,3.45,2.23
2013-03-21,22.00,22.38,22.45,21.86,9113,20240000,0.33,1.50,2.68,3.38
2013-03-22,22.15,22.33,22.52,22.08,5294,11800000,-0.05,-0.22,1.97,1.96
2013-03-25,22.31,22.32,22.55,22.07,5000,11170000,-0.01,-0.04,2.15,1.85
2013-03-26,22.28,21.88,22.42,21.65,5127,11250000,-0.44,-1.97,3.45,1.90
2013-03-27,21.97,21.62,22.17,21.46,6134,13330000,-0.26,-1.19,3.25,2.27
2013-03-28,21.38,20.39,21.41,20.38,10377,21580000,-1.23,-5.69,4.76,3.84
2013-03-29,20.60,20.14,20.60,20.09,7075,14360000,-0.25,-1.23,2.50,2.62
2013-04-01,20.00,20.53,20.65,20.00,5035,10320000,0.39,1.94,3.23,1.86
2013-04-02,20.60,20.36,21.14,20.36,7717,15990000,-0.17,-0.83,3.80,2.86
2013-04-03,20.35,20.65,20.70,20.32,4897,10080000,0.29,1.42,1.87,1.81
2013-04-08,20.49,20.78,20.80,20.08,5550,11330000,0.13,0.63,3.49,2.06
2013-04-09,20.91,20.73,20.91,20.56,5198,10780000,-0.05,-0.24,1.68,1.93
2013-04-10,20.63,20.37,20.70,20.20,5024,10260000,-0.36,-1.74,2.41,1.86
2013-04-11,20.23,20.26,20.55,20.21,2998,6090000,-0.11,-0.54,1.67,1.11
2013-04-16,20.40,20.02,20.40,19.67,5283,10510000,-0.24,-1.18,3.60,1.96
2013-04-17,19.80,20.25,20.29,19.80,4126,8280000,0.23,1.15,2.45,1.53
2013-04-18,20.16,20.79,20.80,19.91,5498,11260000,0.54,2.67,4.40,2.04
2013-04-19,20.72,21.17,21.35,20.61,8524,17980000,0.38,1.83,3.56,3.16
2013-04-22,21.70,22.11,22.21,21.70,15950,35050000,0.94,4.44,2.41,5.91
2013-04-23,22.11,21.42,22.18,21.41,11158,24260000,-0.69,-3.12,3.48,4.13
2013-04-24,21.60,22.90,23.18,21.60,17272,38960000,1.48,6.91,7.38,6.40
2013-04-25,22.80,22.64,23.36,22.55,14718,33820000,-0.26,-1.14,3.54,5.45
2013-04-26,22.49,22.33,22.96,22.31,7780,17610000,-0.31,-1.37,2.87,2.88
2013-05-02,22.22,22.80,22.86,22.20,6982,15810000,0.47,2.10,2.96,2.59
2013-05-03,22.73,22.90,23.25,22.71,9443,21790000,0.10,0.44,2.37,3.50
2013-05-06,23.09,23.00,23.13,22.86,9280,21350000,0.10,0.44,1.18,3.44
2013-05-07,23.08,23.02,23.49,22.82,8129,18810000,0.02,0.09,2.91,3.01
2013-05-08,23.01,23.07,23.10,22.62,9230,21150000,0.05,0.22,2.09,3.42
2013-05-09,23.05,23.19,23.40,22.86,13185,30510000,0.12,0.52,2.34,4.88
2013-05-10,23.25,23.90,24.03,23.12,18225,43130000,0.71,3.06,3.92,6.75
2013-05-13,24.18,23.86,24.20,23.66,10682,25530000,-0.04,-0.17,2.26,3.96
2013-05-14,23.80,23.15,23.80,23.12,9802,22860000,-0.71,-2.98,2.85,3.63
2013-05-15,23.20,23.45,23.60,23.20,5800,13600000,0.30,1.30,1.73,2.15
2013-05-16,23.45,23.86,23.88,23.41,12242,29030000,0.41,1.75,2.00,4.53
2013-05-17,23.90,24.01,24.21,23.75,13075,31380000,0.15,0.63,1.93,4.84
2013-05-20,24.17,24.13,24.17,23.81,14190,34010000,0.12,0.50,1.50,5.26
2013-05-21,24.10,24.88,25.17,24.10,22467,55760000,0.75,3.11,4.43,8.32
2013-05-22,24.91,24.28,25.05,24.28,14087,34680000,-0.60,-2.41,3.09,5.22
2013-05-23,24.66,25.06,25.60,24.55,31984,80370000,0.78,3.21,4.32,11.85
2013-05-24,25.02,25.17,25.45,24.72,21521,53990000,0.11,0.44,2.91,7.97
2013-05-27,25.28,26.29,26.83,25.18,28799,75410000,1.12,4.45,6.56,5.75
2013-05-28,26.19,26.90,27.25,25.72,32197,85610000,0.61,2.32,5.82,6.42
2013-05-29,27.20,26.59,27.20,26.53,19929,53370000,-0.31,-1.15,2.49,3.98
2013-05-30,26.48,27.19,27.51,26.35,21447,58120000,0.60,2.26,4.36,4.28
2013-05-31,27.19,27.19,27.48,27.02,17111,46610000,0.00,0.00,1.69,3.41
2013-06-03,27.19,26.15,27.34,26.01,22009,58440000,-1.04,-3.82,4.89,4.39
2013-06-04,25.98,25.26,26.00,24.70,15342,38760000,-0.89,-3.40,4.97,3.06
2013-06-05,25.33,25.45,25.54,25.00,8712,22020000,0.19,0.75,2.14,1.74
2013-06-06,25.27,25.22,25.58,25.06,5563,14080000,-0.23,-0.90,2.04,1.11
2013-06-07,25.45,24.71,25.45,24.40,7775,19340000,-0.51,-2.02,4.16,1.55
2013-06-13,24.40,23.53,24.40,22.97,8950,21030000,-1.18,-4.78,5.79,1.79
2013-06-14,23.76,24.25,24.46,23.55,8352,20140000,0.72,3.06,3.87,1.67
2013-06-17,24.33,26.43,26.68,24.20,30415,79200000,2.18,8.99,10.23,6.07
2013-06-18,26.21,26.29,26.58,25.87,16952,44340000,-0.14,-0.53,2.69,3.38
2013-06-19,26.00,26.26,26.39,25.60,9455,24570000,-0.03,-0.11,3.00,1.89
2013-06-20,26.23,24.40,26.23,24.35,13001,32750000,-1.86,-7.08,7.16,2.59
2013-06-21,24.00,25.14,25.40,23.53,12572,31120000,0.74,3.03,7.66,2.51
2013-06-24,25.00,23.63,25.08,23.27,12128,29210000,-1.51,-6.01,7.20,2.42
2013-06-25,23.90,24.27,24.50,21.42,17075,40440000,0.64,2.71,13.03,3.41
2013-06-26,24.43,24.96,24.97,23.90,14095,34570000,0.69,2.84,4.41,2.81
2013-06-27,25.01,24.23,25.44,24.18,14675,36330000,-0.73,-2.92,5.05,2.93
2013-06-28,24.33,23.50,24.50,23.01,13898,32940000,-0.73,-3.01,6.15,2.77
2013-07-01,14.36,14.84,14.86,14.13,8853,12970000,0.31,2.13,5.02,1.10
2013-07-02,14.73,15.44,15.86,14.73,28231,43600000,0.60,4.04,7.61,3.52
2013-07-03,15.22,15.50,15.67,15.01,19025,29380000,0.06,0.39,4.27,2.37
2013-07-04,15.48,15.33,15.75,15.16,19308,29750000,-0.17,-1.10,3.81,2.41
2013-07-05,15.33,14.77,15.37,14.77,20528,30870000,-0.56,-3.65,3.91,2.56
2013-07-08,14.44,13.77,14.50,13.77,16020,22600000,-1.00,-6.77,4.94,2.00
2013-07-09,13.77,13.90,14.09,13.76,8297,11540000,0.13,0.94,2.40,1.03
2013-07-10,13.96,14.30,14.30,13.79,10913,15370000,0.40,2.88,3.67,1.36
2013-07-11,14.30,14.60,14.72,14.20,14311,20830000,0.30,2.10,3.64,1.78
2013-07-12,14.56,14.50,14.77,14.33,14537,21190000,-0.10,-0.68,3.01,1.81
2013-07-15,14.50,14.82,14.87,14.50,11055,16310000,0.32,2.21,2.55,1.38
2013-07-16,14.68,14.96,15.12,14.68,21338,32000000,0.14,0.94,2.97,2.66
2013-07-17,14.92,14.75,15.29,14.60,19974,29940000,-0.21,-1.40,4.61,2.49
2013-07-18,14.56,14.79,14.98,14.55,12288,18160000,0.04,0.27,2.92,1.53
2013-07-19,14.91,14.90,15.32,14.80,23825,35890000,0.11,0.74,3.52,2.97
2013-07-22,14.75,15.51,15.53,14.56,22338,33990000,0.61,4.09,6.51,2.79
2013-07-23,15.53,15.64,15.72,15.33,27639,42890000,0.13,0.84,2.51,3.45
2013-07-24,15.65,16.05,16.27,15.42,36738,58390000,0.41,2.62,5.43,4.58
2013-07-25,16.09,15.40,16.09,15.40,24618,38550000,-0.65,-4.05,4.30,3.07
2013-07-26,15.40,15.57,15.80,15.31,16923,26330000,0.17,1.10,3.18,2.11
2013-07-29,15.55,15.01,15.55,14.96,14464,22020000,-0.56,-3.60,3.79,1.80
2013-07-30,15.01,15.00,15.12,14.47,15610,23180000,-0.01,-0.07,4.33,1.95
2013-07-31,15.08,14.79,15.15,14.70,10224,15330000,-0.21,-1.40,3.00,1.28
2013-08-01,14.80,15.25,15.28,14.79,17216,26030000,0.46,3.11,3.31,2.15
2013-08-02,15.50,15.52,15.77,15.34,20375,31700000,0.27,1.77,2.82,2.54
2013-08-05,15.48,16.04,16.04,15.42,25509,40380000,0.52,3.35,3.99,3.18
2013-08-06,16.04,15.92,16.08,15.69,25923,41230000,-0.12,-0.75,2.43,3.23
2013-08-07,15.92,15.84,16.33,15.75,32395,52040000,-0.08,-0.50,3.64,4.04
2013-08-08,15.80,16.23,16.49,15.75,35030,56870000,0.39,2.46,4.67,4.37
2013-08-09,16.26,16.10,16.39,15.85,25194,40620000,-0.13,-0.80,3.33,3.14
2013-08-12,16.10,16.08,16.22,15.89,18559,29770000,-0.02,-0.12,2.05,2.31
2013-08-13,16.11,16.21,16.47,16.06,22795,37030000,0.13,0.81,2.55,2.84
2013-08-14,16.20,16.04,16.30,15.95,19371,31190000,-0.17,-1.05,2.16,2.42
2013-08-15,15.99,15.64,15.99,15.61,20721,32640000,-0.40,-2.49,2.37,2.58
2013-08-16,15.51,15.00,15.73,14.95,22261,34130000,-0.64,-4.09,4.99,2.78
2013-08-19,14.98,15.32,15.45,14.90,12170,18480000,0.32,2.13,3.67,1.52
2013-08-20,15.30,15.20,15.46,15.15,8632,13200000,-0.12,-0.78,2.02,1.08
2013-08-21,15.19,15.45,15.45,14.96,8969,13700000,0.25,1.64,3.22,1.12
2013-08-22,15.37,15.23,15.49,15.20,9312,14270000,-0.22,-1.42,1.88,1.16
2013-08-23,15.23,15.08,15.38,14.88,12674,19170000,-0.15,-0.98,3.28,1.58
2013-08-26,15.24,16.15,16.29,15.10,33807,53430000,1.07,7.10,7.89,4.22
2013-08-27,16.05,16.04,16.08,15.82,20985,33500000,-0.11,-0.68,1.61,2.62
2013-08-28,15.93,15.71,16.00,15.56,17569,27690000,-0.33,-2.06,2.74,2.19
2013-08-29,15.67,15.74,16.03,15.61,16917,26840000,0.03,0.19,2.67,2.11
2013-08-30,15.80,15.11,15.88,15.00,22842,35100000,-0.63,-4.00,5.59,2.85
2013-09-02,15.16,15.25,15.30,15.06,8934,13560000,0.14,0.93,1.59,1.11
2013-09-03,15.22,15.50,15.50,15.22,11028,16990000,0.25,1.64,1.84,1.38
2013-09-04,15.69,15.85,16.10,15.65,38027,60580000,0.35,2.26,2.90,4.74
2013-09-05,15.50,15.72,15.79,15.42,20239,31610000,-0.13,-0.82,2.33,2.52
2013-09-06,15.62,15.88,15.89,15.50,20548,32330000,0.16,1.02,2.48,2.56
2013-09-09,15.98,15.92,16.17,15.80,27426,43840000,0.04,0.25,2.33,3.42
2013-09-10,15.94,15.93,16.12,15.79,22152,35240000,0.01,0.06,2.07,2.76
2013-09-11,15.90,15.46,15.95,15.37,21531,33510000,-0.47,-2.95,3.64,2.68
2013-09-12,15.42,15.46,15.68,15.40,12053,18690000,0.00,0.00,1.81,1.50
2013-09-13,15.46,15.52,15.62,15.40,9901,15320000,0.06,0.39,1.42,1.23
2013-09-16,15.52,15.52,15.69,15.50,9661,15070000,0.00,0.00,1.22,1.20
2013-09-17,15.46,15.21,15.60,15.21,14865,22850000,-0.31,-2.00,2.51,1.85
2013-09-18,15.22,15.40,15.40,15.18,6772,10350000,0.19,1.25,1.45,0.84
2013-09-23,15.40,15.55,15.66,15.37,18645,28910000,0.15,0.97,1.88,2.33
2013-09-24,15.55,15.80,15.88,15.47,33352,52400000,0.25,1.61,2.64,4.16
2013-09-25,15.83,16.40,16.83,15.72,68011,111080000,0.60,3.80,7.03,8.48
2013-09-26,16.25,16.44,16.78,16.20,51589,85250000,0.04,0.24,3.54,6.43
2013-09-27,16.46,16.32,16.75,16.22,31417,51780000,-0.12,-0.73,3.22,3.92
2013-09-30,16.36,16.53,16.60,16.11,29796,48680000,0.21,1.29,3.00,3.72
2013-10-08,16.55,16.42,16.55,16.16,27245,44490000,-0.11,-0.67,2.36,3.40
2013-10-09,16.42,16.52,16.60,16.28,32381,53240000,0.10,0.61,1.95,4.04
2013-10-10,16.60,16.99,17.30,16.43,67360,114260000,0.47,2.85,5.27,8.40
2013-10-11,16.94,17.01,17.47,16.86,39387,67390000,0.02,0.12,3.59,4.91
2013-10-14,17.08,17.17,17.35,16.80,31651,53950000,0.16,0.94,3.23,3.95
2013-10-15,17.24,17.88,18.00,17.23,62965,110510000,0.71,4.14,4.48,7.85
2013-10-16,17.80,17.00,17.80,16.72,51494,88390000,-0.88,-4.92,6.04,6.42
2013-10-17,17.03,16.60,17.36,16.55,34539,58580000,-0.40,-2.35,4.76,4.31
2013-10-18,16.66,16.79,16.80,16.52,15990,26700000,0.19,1.14,1.69,1.99
2013-10-21,16.80,17.43,17.56,16.80,31327,54190000,0.64,3.81,4.53,3.91
2013-10-22,17.48,16.99,17.49,16.98,27324,46930000,-0.44,-2.52,2.93,3.41
2013-10-23,17.00,16.40,17.12,16.24,30308,50300000,-0.59,-3.47,5.18,3.78
2013-10-24,16.42,16.26,16.50,16.08,14318,23370000,-0.14,-0.85,2.56,1.79
2013-10-25,16.22,16.12,16.39,16.08,14128,22870000,-0.14,-0.86,1.91,1.76
2013-10-28,16.15,16.03,16.33,15.73,13527,21530000,-0.09,-0.56,3.72,1.69
2013-10-29,15.80,15.10,15.98,14.66,25810,39420000,-0.93,-5.80,8.23,3.22
2013-10-30,15.01,15.25,15.27,14.83,14079,21180000,0.15,0.99,2.91,1.76
2013-10-31,15.25,14.98,15.25,14.90,8893,13350000,-0.27,-1.77,2.30,1.11
2013-11-01,14.95,14.98,15.08,14.71,6594,9800000,0.00,0.00,2.47,0.82
2013-11-04,14.98,15.10,15.20,14.90,6603,9960000,0.12,0.80,2.00,0.82
2013-11-05,15.16,15.29,15.31,14.91,8543,12960000,0.19,1.26,2.65,1.07
2013-11-06,15.28,15.18,15.42,15.16,11241,17190000,-0.11,-0.72,1.70,1.40
2013-11-07,15.18,14.72,15.29,14.68,12696,18930000,-0.46,-3.03,4.02,1.58
2013-11-08,14.70,14.43,14.76,14.18,10763,15580000,-0.29,-1.97,3.94,1.34
2013-11-11,14.50,14.66,14.73,14.05,7688,11080000,0.23,1.59,4.71,0.96
2013-11-12,14.68,14.83,14.91,14.51,10047,14840000,0.17,1.16,2.73,1.25
2013-11-13,14.98,14.61,15.10,14.55,10448,15570000,-0.22,-1.48,3.71,1.30
2013-11-14,14.61,14.95,14.98,14.51,12249,18210000,0.34,2.33,3.22,1.53
2013-11-15,14.94,15.27,15.38,14.90,20564,31380000,0.32,2.14,3.21,2.56
2013-11-18,15.30,15.48,15.50,15.22,23119,35650000,0.21,1.38,1.83,2.88
2013-11-19,15.56,15.45,15.66,15.38,21435,33210000,-0.03,-0.19,1.81,2.67
2013-11-20,15.49,15.56,15.63,15.40,17388,26920000,0.11,0.71,1.49,2.17
2013-11-21,15.50,15.27,15.50,15.22,15322,23480000,-0.29,-1.86,1.80,1.91
2013-11-22,15.28,15.40,15.55,15.21,12306,18950000,0.13,0.85,2.23,1.53
2013-11-25,15.31,15.55,15.80,15.30,19573,30530000,0.15,0.97,3.25,2.44
2013-11-26,15.60,15.90,16.19,15.60,30627,48930000,0.35,2.25,3.79,3.82
2013-11-27,15.86,16.01,16.03,15.76,23194,36960000,0.11,0.69,1.70,2.89
2013-11-28,16.25,16.00,16.26,15.94,32144,51670000,-0.01,-0.06,2.00,4.01
2013-11-29,16.01,16.50,16.69,16.01,35143,57610000,0.50,3.13,4.25,4.38
2013-12-02,16.00,15.14,16.08,15.12,40618,63410000,-1.36,-8.24,5.82,5.07
2013-12-03,15.00,15.53,15.57,14.68,23848,36230000,0.39,2.58,5.88,2.97
2013-12-04,15.45,15.96,16.22,15.40,31236,49810000,0.43,2.77,5.28,3.90
2013-12-05,15.95,16.21,16.41,15.83,30162,48630000,0.25,1.57,3.63,3.76
2013-12-06,16.21,16.05,16.52,15.89,25676,41500000,-0.16,-0.99,3.89,3.20
2013-12-09,16.00,16.40,16.47,15.95,23366,38110000,0.35,2.18,3.24,2.91
2013-12-10,16.70,16.29,16.70,16.24,24893,40940000,-0.11,-0.67,2.80,3.10
2013-12-11,16.13,15.94,16.19,15.80,23084,36800000,-0.35,-2.15,2.39,2.88
2013-12-12,15.91,16.21,16.35,15.83,20541,33090000,0.27,1.69,3.26,2.56
2013-12-13,16.13,16.53,16.57,16.02,27745,45300000,0.32,1.97,3.39,3.46
2013-12-16,16.63,16.35,16.96,16.20,38355,63710000,-0.18,-1.09,4.60,4.78
2013-12-17,16.47,16.82,16.97,16.33,54536,91470000,0.47,2.87,3.91,6.80
2013-12-18,16.71,16.83,16.91,16.47,37120,62090000,0.01,0.06,2.62,4.63
2013-12-19,16.86,16.13,16.98,16.09,39346,64950000,-0.70,-4.16,5.29,4.91
2013-12-20,16.04,15.70,16.19,15.66,23427,37270000,-0.43,-2.67,3.29,2.92
2013-12-23,15.85,16.82,17.27,15.68,105794,178820000,1.12,7.13,10.13,13.19
2013-12-24,16.60,16.22,16.64,15.95,71269,116580000,-0.60,-3.57,4.10,8.89
2013-12-25,16.15,17.21,17.30,16.03,75792,127310000,0.99,6.10,7.83,9.45
2013-12-26,17.29,16.97,17.29,16.75,50202,85230000,-0.24,-1.39,3.14,6.26
2013-12-27,17.00,17.51,17.60,16.90,64529,112260000,0.54,3.18,4.12,8.05
2013-12-30,17.49,17.31,17.93,17.23,41762,72930000,-0.20,-1.14,4.00,5.21
2013-12-31,17.25,17.24,17.38,16.80,31587,53940000,-0.07,-0.40,3.35,3.94
2014-01-02,17.25,17.37,17.47,17.02,31927,55250000,0.13,0.75,2.61,3.98
2014-01-03,17.33,16.96,17.33,16.81,35700,60670000,-0.41,-2.36,2.99,4.45
2014-01-06,16.88,16.54,17.00,16.40,28641,47730000,-0.42,-2.48,3.54,3.57
2014-01-07,16.49,16.92,16.98,16.43,21183,35590000,0.38,2.30,3.33,2.64
2014-01-08,16.81,17.40,17.47,16.81,41119,70960000,0.48,2.84,3.90,5.13
2014-01-09,17.35,16.68,17.55,16.58,32683,55750000,-0.72,-4.14,5.57,4.08
2014-01-10,16.55,16.13,16.69,15.90,21305,34820000,-0.55,-3.30,4.74,2.66
2014-01-13,16.28,16.30,16.58,16.08,13937,22700000,0.17,1.05,3.10,1.74
2014-01-14,16.30,16.65,16.66,16.17,14901,24560000,0.35,2.15,3.01,1.86
2014-01-15,16.60,16.80,16.85,16.50,20168,33610000,0.15,0.90,2.10,2.52
2014-01-16,16.88,16.67,16.96,16.55,23337,39060000,-0.13,-0.77,2.44,2.91
2014-01-17,16.56,16.12,16.66,15.98,31784,51330000,-0.55,-3.30,4.08,3.96
2014-01-20,16.12,16.15,16.17,15.81,16702,26710000,0.03,0.19,2.23,2.08
2014-01-21,16.08,16.25,16.36,16.08,14532,23570000,0.10,0.62,1.73,1.81
2014-01-22,16.32,16.53,16.59,16.25,19940,32790000,0.28,1.72,2.09,2.49
2014-01-23,16.55,16.59,16.74,16.35,20878,34530000,0.06,0.36,2.36,2.60
2014-01-24,16.49,16.94,16.97,16.45,26967,45260000,0.35,2.11,3.13,3.36
2014-01-27,16.94,16.93,17.23,16.75,29162,49540000,-0.01,-0.06,2.83,3.64
2014-01-28,16.99,17.01,17.18,16.82,24610,41840000,0.08,0.47,2.13,3.07
2014-01-29,17.15,16.99,17.19,16.87,18890,32050000,-0.02,-0.12,1.88,2.36
2014-01-30,16.97,16.81,17.35,16.81,19293,32880000,-0.18,-1.06,3.18,2.41
2014-02-07,16.71,17.22,17.32,16.59,24967,42560000,0.41,2.44,4.34,3.11
2014-02-10,17.25,17.70,17.90,17.25,47830,84270000,0.48,2.79,3.77,5.96
2014-02-11,17.73,18.08,18.16,17.70,50138,90080000,0.38,2.15,2.60,6.25
2014-02-12,18.18,18.10,18.67,18.00,52640,96390000,0.02,0.11,3.71,6.56
2014-02-13,18.10,17.95,18.60,17.88,48678,88990000,-0.15,-0.83,3.98,6.07
2014-02-14,18.00,19.50,19.75,17.95,110717,212730000,1.55,8.64,10.03,13.81
2014-02-17,19.55,19.88,19.95,19.33,72501,142400000,0.38,1.95,3.18,9.04
2014-02-18,19.75,19.40,19.78,19.22,63139,123160000,-0.48,-2.41,2.82,7.87
2014-02-19,19.38,19.62,19.80,19.19,36765,71720000,0.22,1.13,3.14,4.58
2014-02-20,19.46,18.79,19.71,18.68,44313,84170000,-0.83,-4.23,5.25,5.53
2014-02-21,18.65,19.32,19.49,18.33,51737,98710000,0.53,2.82,6.17,6.45
2014-02-24,19.15,19.60,19.60,18.78,37952,73010000,0.28,1.45,4.24,4.73
2014-02-25,19.53,18.50,20.43,18.10,74704,145370000,-1.10,-5.61,11.89,9.32
2014-02-26,18.46,18.91,18.92,18.20,31719,59110000,0.41,2.22,3.89,3.96
2014-02-27,18.84,18.95,20.13,18.65,51471,100220000,0.04,0.21,7.83,6.42
2014-02-28,18.86,18.54,19.18,17.98,37043,68470000,-0.41,-2.16,6.33,4.62
2014-03-03,18.20,19.66,19.75,18.20,48906,94180000,1.12,6.04,8.36,6.10
2014-03-04,19.40,20.36,20.63,19.23,53439,106680000,0.70,3.56,7.12,6.66
2014-03-05,20.36,20.75,21.31,19.97,59176,122910000,0.39,1.92,6.58,7.38
2014-03-06,20.65,20.70,21.18,20.12,49578,103200000,-0.05,-0.24,5.11,6.18
2014-03-07,20.75,21.15,21.69,20.50,43178,91340000,0.45,2.17,5.75,5.38
2014-03-10,21.10,19.82,21.28,19.77,39524,80900000,-1.33,-6.29,7.14,4.93
2014-03-11,19.85,19.49,20.27,19.10,30174,59450000,-0.33,-1.67,5.90,3.76
2014-03-12,19.29,18.97,19.59,18.50,31268,59280000,-0.52,-2.67,5.59,3.90
2014-03-13,18.83,19.04,19.30,18.75,15209,28890000,0.07,0.37,2.90,1.90
2014-03-14,18.99,19.40,19.50,18.90,18102,34840000,0.36,1.89,3.15,2.26
2014-03-17,19.26,19.85,19.90,19.26,24502,48220000,0.45,2.32,3.30,3.06
2014-03-18,19.80,19.90,20.18,19.66,27700,55340000,0.05,0.25,2.62,3.45
2014-03-19,19.89,19.65,19.89,19.36,21733,42470000,-0.25,-1.26,2.66,2.71
2014-03-20,19.60,18.75,19.76,18.70,16491,31850000,-0.90,-4.58,5.39,2.06
2014-03-21,18.70,18.99,19.12,18.38,19273,36030000,0.24,1.28,3.95,2.40
2014-03-24,18.84,18.51,19.03,18.30,23432,43400000,-0.48,-2.53,3.84,2.92
2014-03-25,18.50,18.64,18.69,18.43,14908,27670000,0.13,0.70,1.40,1.86
2014-03-26,18.76,18.86,19.06,18.72,12937,24430000,0.22,1.18,1.82,1.61
2014-03-27,18.86,18.48,18.86,18.40,12534,23290000,-0.38,-2.01,2.44,1.56
2014-03-28,18.32,17.32,18.58,17.03,31666,56120000,-1.16,-6.28,8.39,3.95
2014-03-31,17.32,17.32,17.55,17.11,8138,14100000,0.00,0.00,2.54,1.01
2014-04-01,17.22,17.65,17.82,17.22,10881,19180000,0.33,1.91,3.46,1.36
2014-04-02,17.80,17.65,17.97,17.65,13650,24290000,0.00,0.00,1.81,1.70
2014-04-03,17.69,17.41,17.81,17.40,7360,12940000,-0.24,-1.36,2.32,0.92
2014-04-04,17.41,17.65,17.82,17.34,7553,13350000,0.24,1.38,2.76,0.94
2014-04-08,17.78,18.16,18.22,17.60,10082,18160000,0.51,2.89,3.51,1.26
2014-04-09,18.16,18.24,18.40,18.10,7190,13090000,0.08,0.44,1.65,0.90
2014-04-10,18.16,18.11,18.35,18.10,9855,17940000,-0.13,-0.71,1.37,1.23
2014-04-11,18.07,18.00,18.17,17.80,11857,21250000,-0.11,-0.61,2.04,1.48
2014-04-14,18.10,18.29,18.30,17.90,8931,16240000,0.29,1.61,2.22,1.11
2014-04-15,18.29,18.10,18.35,18.06,7979,14530000,-0.19,-1.04,1.59,1.00
2014-04-16,18.00,17.88,18.14,17.70,7681,13730000,-0.22,-1.22,2.43,0.96
2014-04-17,17.94,18.24,18.35,17.94,9417,17120000,0.36,2.01,2.29,1.17
2014-04-18,18.24,18.10,18.26,18.07,7070,12840000,-0.14,-0.77,1.04,0.88
2014-04-21,17.40,16.85,17.80,16.66,42274,72880000,-1.25,-6.91,6.30,5.27
2014-04-22,16.83,16.91,16.95,16.56,16538,27730000,0.06,0.36,2.31,2.06
2014-04-23,16.88,17.10,17.35,16.87,13134,22520000,0.19,1.12,2.84,1.64
2014-04-24,17.23,17.10,17.23,16.90,5199,8860000,0.00,0.00,1.93,0.65
2014-04-25,17.00,16.80,17.10,16.68,6726,11360000,-0.30,-1.75,2.46,0.84
2014-04-28,16.61,16.39,16.72,16.01,6532,10690000,-0.41,-2.44,4.23,0.81
2014-04-29,16.30,16.79,16.79,16.22,5399,8910000,0.40,2.44,3.48,0.67
2014-04-30,16.72,17.19,17.76,16.51,9342,15970000,0.40,2.38,7.44,1.17
2014-05-05,17.19,17.19,17.19,16.92,6682,11390000,0.00,0.00,1.57,0.83
2014-05-06,17.19,17.21,17.33,17.05,7497,12910000,0.02,0.12,1.63,0.93
2014-05-07,17.21,17.08,17.39,16.96,5851,10050000,-0.13,-0.76,2.50,0.73
2014-05-08,17.03,16.97,17.15,16.68,7044,11890000,-0.11,-0.64,2.75,0.88
2014-05-09,16.85,16.82,16.95,16.45,6262,10450000,-0.15,-0.88,2.95,0.78
2014-05-12,16.82,17.09,17.09,16.72,20874,35170000,0.27,1.61,2.20,2.60
2014-05-13,17.10,16.89,17.14,16.82,8175,13880000,-0.20,-1.17,1.87,1.02
2014-05-14,16.81,16.84,16.96,16.72,6933,11660000,-0.05,-0.30,1.42,0.86
2014-05-15,16.77,16.57,16.84,16.30,11379,18800000,-0.27,-1.60,3.21,1.42
2014-05-16,16.42,16.49,16.54,16.30,5578,9160000,-0.08,-0.48,1.45,0.70
2014-05-19,16.45,16.58,16.64,16.24,5023,8260000,0.09,0.55,2.43,0.63
2014-05-20,16.69,16.47,16.75,16.37,9876,16360000,-0.11,-0.66,2.29,1.23
2014-05-21,16.41,16.48,16.50,16.21,6988,11450000,0.01,0.06,1.76,0.87
2014-05-22,16.49,16.63,16.70,16.34,9420,15630000,0.15,0.91,2.18,1.17
2014-05-23,16.63,16.91,17.00,16.52,11605,19370000,0.28,1.68,2.89,1.45
2014-05-26,16.91,17.01,17.12,16.91,15855,27010000,0.10,0.59,1.24,1.98
2014-05-27,16.99,16.93,17.13,16.93,8352,14220000,-0.08,-0.47,1.18,1.04
2014-05-28,16.93,17.13,17.20,16.82,18307,31140000,0.20,1.18,2.24,2.28
2014-05-29,17.19,17.00,17.50,16.79,18300,31400000,-0.13,-0.76,4.14,2.28
2014-05-30,16.93,17.08,17.15,16.93,10956,18700000,0.08,0.47,1.29,1.37
2014-06-03,17.16,17.06,17.22,16.98,8923,15270000,-0.02,-0.12,1.41,1.11
2014-06-04,17.08,16.89,17.08,16.71,7214,12190000,-0.17,-1.00,2.17,0.90
2014-06-05,16.87,17.17,17.21,16.82,9125,15540000,0.28,1.66,2.31,1.14
2014-06-06,17.15,17.11,17.22,16.90,6103,10420000,-0.06,-0.35,1.86,0.76
2014-06-09,17.09,16.70,17.09,16.63,14560,24480000,-0.41,-2.40,2.69,1.82
2014-06-10,16.77,16.70,16.83,16.55,10045,16760000,0.00,0.00,1.68,1.25
2014-06-11,16.80,16.84,16.95,16.70,13254,22290000,0.14,0.84,1.50,1.12
2014-06-12,16.90,17.18,17.20,16.78,22296,37870000,0.34,2.02,2.49,1.88
2014-06-13,17.08,17.36,17.40,16.88,27761,47690000,0.18,1.05,3.03,2.34
2014-06-16,17.27,17.07,17.27,17.00,22245,38110000,-0.29,-1.67,1.56,1.87
2014-06-17,17.16,17.66,17.80,17.12,37598,66010000,0.59,3.46,3.98,3.17
2014-06-18,17.52,17.03,17.60,16.90,34372,59180000,-0.63,-3.57,3.96,2.90
2014-06-19,17.01,16.66,17.09,16.50,20192,33960000,-0.37,-2.17,3.46,1.70
2014-06-20,16.70,16.80,16.85,16.56,8704,14550000,0.14,0.84,1.74,0.73
2014-06-23,16.87,17.00,17.07,16.73,14028,23800000,0.20,1.19,2.02,1.18
2014-06-24,17.00,17.44,17.49,17.00,22965,39870000,0.44,2.59,2.88,1.93
2014-06-25,17.55,17.48,17.70,17.33,20365,35690000,0.04,0.23,2.12,1.72
2014-06-26,17.49,17.69,17.92,17.49,28923,51360000,0.21,1.20,2.46,2.44
2014-06-27,17.61,17.93,18.25,17.50,33945,61160000,0.24,1.36,4.24,2.86
2014-06-30,17.85,18.56,18.66,17.80,32690,59290000,0.63,3.51,4.80,2.75
2014-07-01,18.58,18.55,18.85,18.38,26052,48370000,-0.01,-0.05,2.53,2.19
2014-07-02,18.50,18.56,18.77,18.24,23622,43710000,0.01,0.05,2.86,1.99
2014-07-03,18.50,18.72,18.90,18.40,20961,39290000,0.16,0.86,2.69,1.77
2014-07-04,18.60,18.65,18.80,18.52,13192,24610000,-0.07,-0.37,1.50,1.11
2014-07-07,18.52,18.19,18.72,18.00,27535,50240000,-0.46,-2.47,3.86,2.32
2014-07-08,18.19,18.22,18.38,18.07,16232,29610000,0.03,0.16,1.70,1.37
2014-07-09,18.18,18.25,18.65,18.18,21516,39590000,0.03,0.16,2.58,1.81
2014-07-10,18.25,18.85,19.08,18.10,25887,48360000,0.60,3.29,5.37,2.18
2014-07-11,18.92,19.52,19.71,18.90,37057,72160000,0.67,3.55,4.30,3.12
2014-07-14,19.39,19.52,19.65,19.12,20662,40230000,0.00,0.00,2.72,1.74
2014-07-15,19.50,19.59,20.23,19.13,33021,65050000,0.20,1.03,5.67,2.78
2014-07-16,19.60,19.00,19.60,19.00,23181,44580000,-0.59,-3.01,3.06,1.95
2014-07-17,19.10,19.30,19.37,18.71,12818,24330000,0.30,1.58,3.47,1.08
2014-07-18,19.29,19.83,19.84,19.16,16866,33040000,0.53,2.75,3.52,1.42
2014-07-21,19.70,19.88,20.10,19.55,13932,27660000,0.05,0.25,2.77,1.17
2014-07-22,19.86,19.90,19.99,19.52,14109,27840000,0.02,0.10,2.36,1.19
2014-07-23,19.80,19.60,19.86,19.52,12595,24740000,-0.30,-1.51,1.71,1.06
2014-07-24,19.50,18.70,19.59,18.60,26479,50310000,-0.90,-4.59,5.05,2.23
2014-07-25,18.71,18.98,19.15,18.60,12037,22680000,0.28,1.50,2.94,1.01
2014-07-28,19.00,19.08,19.30,18.85,11027,21020000,0.10,0.53,2.37,0.93
2014-07-29,19.01,19.35,19.45,18.90,17005,32600000,0.27,1.42,2.88,1.43
2014-07-30,19.40,19.50,19.57,19.10,12878,24900000,0.15,0.78,2.43,1.09
2014-07-31,19.50,19.51,19.69,19.35,9604,18760000,0.01,0.05,1.74,0.81
2014-08-01,19.50,19.41,19.78,19.31,25343,49450000,-0.10,-0.51,2.41,2.14
2014-08-04,19.30,20.25,20.25,19.30,28907,57360000,0.84,4.33,4.89,2.44
2014-08-05,20.18,20.19,20.23,19.87,13775,27570000,-0.06,-0.30,1.78,1.16
2014-08-06,20.18,20.12,20.26,19.80,11067,22170000,-0.07,-0.35,2.28,0.93
2014-08-07,20.00,20.10,20.12,19.74,13786,27550000,-0.02,-0.10,1.89,1.16
2014-08-08,20.10,20.15,20.50,19.93,11486,23130000,0.05,0.25,2.84,0.97
2014-08-11,20.15,20.17,20.25,20.03,11664,23490000,0.02,0.10,1.09,0.98
2014-08-12,20.16,20.00,20.35,19.88,12857,25740000,-0.17,-0.84,2.33,1.08
2014-08-13,20.00,19.60,20.05,19.51,19635,38730000,-0.40,-2.00,2.70,1.65
2014-08-14,19.60,19.44,19.87,19.30,16966,33260000,-0.16,-0.82,2.91,1.43
2014-08-15,19.60,19.77,19.90,19.28,13245,25990000,0.33,1.70,3.19,1.12
2014-08-18,19.87,19.99,20.05,19.72,15347,30520000,0.22,1.11,1.67,1.29
2014-08-19,20.00,19.90,20.12,19.76,24044,47890000,-0.09,-0.45,1.80,2.03
2014-08-20,19.90,20.53,20.58,19.84,30874,62540000,0.63,3.17,3.72,2.60
2014-08-21,20.63,20.63,20.84,20.22,25905,53400000,0.10,0.49,3.02,2.18
2014-08-22,20.63,20.61,20.63,20.35,21064,43200000,-0.02,-0.10,1.36,1.77
2014-08-25,20.60,20.18,20.73,20.18,17635,36010000,-0.43,-2.09,2.67,1.49
2014-08-26,19.99,20.12,20.49,19.96,20664,41770000,-0.06,-0.30,2.63,1.74
2014-08-27,20.12,20.35,20.50,19.92,12985,26200000,0.23,1.14,2.88,1.09
2014-08-28,20.34,19.85,20.38,19.75,15433,30840000,-0.50,-2.46,3.10,1.30
2014-08-29,19.77,19.99,20.08,19.77,9734,19420000,0.14,0.71,1.56,0.82
2014-09-01,20.00,20.39,20.48,19.90,15608,31620000,0.40,2.00,2.90,1.32
2014-09-02,20.45,20.85,20.90,20.35,22376,46210000,0.46,2.26,2.70,1.89
2014-09-03,20.85,20.80,20.90,20.49,18240,37720000,-0.05,-0.24,1.97,1.54
2014-09-04,20.76,20.79,20.90,20.50,16878,34920000,-0.01,-0.05,1.92,1.42
2014-09-05,20.80,20.92,21.35,20.80,19436,40900000,0.13,0.63,2.65,1.64
2014-09-09,20.98,20.67,20.98,20.58,20293,41990000,-0.25,-1.20,1.91,1.71
2014-09-10,20.68,20.71,20.86,20.38,18577,38290000,0.04,0.19,2.32,1.57
2014-09-11,20.61,22.00,22.08,20.56,62690,134230000,1.29,6.23,7.34,5.28
2014-09-12,21.75,22.08,22.14,21.67,27451,60080000,0.08,0.36,2.14,2.31
2014-09-15,22.00,22.11,22.98,21.68,27215,60260000,0.03,0.14,5.89,2.29
2014-09-16,22.11,21.70,22.77,21.70,31577,70400000,-0.41,-1.85,4.84,2.66
2014-09-17,21.88,22.13,22.30,21.50,18895,41460000,0.43,1.98,3.69,1.59
2014-09-18,22.14,22.42,22.96,22.01,25822,58090000,0.29,1.31,4.29,2.18
2014-09-19,22.41,22.54,22.67,22.20,15110,33910000,0.12,0.54,2.10,1.27
2014-09-22,22.54,21.90,22.58,21.81,14675,32370000,-0.64,-2.84,3.42,1.24
2014-09-23,21.86,22.28,22.28,21.80,8501,18760000,0.38,1.74,2.19,0.72
2014-09-24,22.10,22.80,22.83,22.01,15431,34750000,0.52,2.33,3.68,1.30
2014-09-25,22.82,22.99,23.50,22.69,17363,40110000,0.19,0.83,3.55,1.46
2014-09-26,23.03,23.05,23.21,22.61,10025,22990000,0.06,0.26,2.61,0.84
2014-09-29,23.10,23.89,24.10,23.10,22336,53140000,0.84,3.64,4.34,1.88
2014-09-30,24.00,24.15,24.18,23.32,14053,33630000,0.26,1.09,3.60,1.18
2014-10-08,24.10,24.20,24.35,23.59,20240,48410000,0.05,0.21,3.15,1.71
2014-10-09,24.17,24.18,24.35,23.32,24316,58060000,-0.02,-0.08,4.26,2.05
2015-04-23,26.60,26.60,26.60,26.60,69,180000,2.42,10.01,0.00,0.01
2015-04-24,29.26,29.26,29.26,29.26,111,330000,2.66,10.00,0.00,0.01
2015-04-27,32.19,32.19,32.19,32.19,106,340000,2.93,10.01,0.00,0.01
2015-04-28,35.41,35.41,35.41,35.41,177,630000,3.22,10.00,0.00,0.01
2015-04-29,38.95,38.95,38.95,38.95,10429,40620000,3.54,10.00,0.00,0.88
2015-04-30,42.85,42.85,42.85,42.85,4717,20210000,3.90,10.01,0.00,0.40
2015-05-04,47.14,46.80,47.14,44.04,174174,796970000,3.95,9.22,7.23,14.67
2015-05-05,44.98,43.00,46.50,42.12,79280,347330000,-3.80,-8.12,9.36,6.68
2015-05-06,44.01,41.70,44.44,41.40,61683,261720000,-1.30,-3.02,7.07,5.20
2015-05-07,41.40,38.90,42.00,38.00,55917,222270000,-2.80,-6.71,9.59,4.71
2015-05-08,39.68,42.79,42.79,39.00,65715,276840000,3.89,10.00,9.74,5.54
2015-05-11,44.00,44.70,46.99,42.79,78330,352710000,1.91,4.46,9.82,6.60
2015-05-12,44.00,49.00,49.00,43.80,66361,309580000,4.30,9.62,11.63,5.59
2015-05-13,48.00,51.75,52.99,47.10,68957,347740000,2.75,5.61,12.02,5.81
2015-05-14,51.66,54.07,55.99,51.60,53229,287010000,2.32,4.48,8.48,4.48
2015-05-19,59.31,59.31,59.31,58.77,11357,67280000,5.39,10.00,1.00,0.96
2015-05-20,64.50,65.24,65.24,61.50,36400,234010000,5.93,10.00,6.31,3.07
2015-05-21,67.47,66.35,69.66,62.80,84917,561800000,1.11,1.70,10.52,7.15
2015-05-22,65.99,63.69,66.00,63.17,55798,357090000,-2.66,-4.01,4.27,4.70
2015-05-25,63.48,61.87,63.48,59.70,41265,253760000,-1.82,-2.86,5.94,3.48
2015-05-26,62.00,68.06,68.06,62.00,56159,376500000,6.19,10.00,9.79,4.73
2015-05-27,70.00,67.00,71.80,65.61,61631,421530000,-1.06,-1.56,9.09,5.19
2015-05-28,64.80,62.90,69.18,62.00,45096,295830000,-4.10,-6.12,10.72,3.80
2015-05-29,62.78,61.95,64.44,60.00,36227,226080000,-0.95,-1.51,7.06,3.05
2015-06-01,62.10,65.80,67.49,62.10,50628,332110000,3.85,6.21,8.70,4.27
2015-06-02,65.80,65.70,66.58,63.00,28875,187470000,-0.10,-0.15,5.44,2.43
2015-06-03,64.50,65.70,66.24,62.24,51966,333990000,0.00,0.00,6.09,4.38
2015-06-04,66.18,65.80,67.97,60.88,30052,194610000,0.10,0.15,10.79,2.53
2015-06-05,65.65,63.90,66.60,63.01,32281,207850000,-1.90,-2.89,5.46,2.72
2015-06-08,62.10,65.00,66.60,57.60,74568,465230000,1.10,1.72,14.08,6.14
2015-06-09,64.00,62.20,66.00,60.70,37356,234480000,-2.80,-4.31,8.15,3.08
2015-06-10,61.00,61.99,63.50,59.96,45123,277780000,-0.21,-0.34,5.69,3.72
2015-06-11,61.47,61.58,62.56,60.10,31304,191550000,-0.41,-0.66,3.97,2.58
2015-06-12,61.65,63.00,65.08,61.65,43515,276040000,1.42,2.31,5.57,3.58
2015-06-15,62.60,61.50,62.65,60.51,26514,162360000,-1.50,-2.38,3.40,2.18
2015-06-16,61.01,61.80,62.34,59.00,22414,135510000,0.30,0.49,5.43,1.85
2015-06-17,62.30,61.40,62.90,59.42,17028,103960000,-0.40,-0.65,5.63,1.40
2015-06-18,60.80,59.46,61.47,58.00,20075,120600000,-1.94,-3.16,5.65,1.65
2015-06-19,56.32,54.55,58.00,54.05,27028,151190000,-4.91,-8.26,6.64,2.23
2015-06-23,54.58,53.00,55.50,49.10,25886,133700000,-1.55,-2.84,11.73,2.13
2015-06-24,53.69,52.31,54.44,50.70,22773,119840000,-0.69,-1.30,7.06,1.88
2015-06-25,52.18,49.40,52.18,48.66,25667,129150000,-2.91,-5.56,6.73,2.11
2015-06-26,47.00,44.55,50.00,44.46,47221,222230000,-4.85,-9.82,11.21,3.89
2015-06-29,44.70,41.48,46.00,40.10,64151,264630000,-3.07,-6.89,13.24,5.28
2015-06-30,40.41,45.63,45.63,38.59,41323,176980000,4.15,10.00,16.97,3.40
2015-07-01,45.64,45.10,49.50,44.37,50829,239140000,-0.53,-1.16,11.24,4.19
2015-07-02,45.18,42.50,48.18,41.50,49326,222950000,-2.60,-5.77,14.81,4.06
2015-07-03,40.02,40.95,44.85,38.45,48469,200860000,-1.55,-3.65,15.06,3.99
2015-07-06,45.05,37.38,45.05,36.86,56675,223500000,-3.57,-8.72,20.00,4.67
2015-07-07,35.00,33.64,35.00,33.64,25255,85040000,-3.74,-10.01,3.64,2.08
2015-07-15,37.00,37.00,37.00,37.00,1950,7220000,3.36,9.99,0.00,0.16
2015-07-23,40.70,40.70,40.70,40.70,163,660000,3.70,10.00,0.00,0.01
2015-07-24,44.77,44.77,44.77,44.77,815,3650000,4.07,10.00,0.00,0.07
2015-07-27,45.11,48.00,49.25,45.05,112070,543930000,3.23,7.21,9.38,9.23
2015-07-28,43.20,46.16,49.33,43.20,81831,371480000,-1.84,-3.83,12.77,6.74
2015-07-29,47.20,50.78,50.78,46.00,78491,376910000,4.62,10.01,10.36,6.46
2015-07-30,50.90,47.15,54.17,47.00,61858,319810000,-3.63,-7.15,14.12,5.09
2015-07-31,46.26,47.25,49.59,45.99,54526,258910000,0.10,0.21,7.64,4.49
2015-08-03,47.50,42.61,47.85,42.53,38555,173830000,-4.64,-9.82,11.26,3.17
2015-08-04,43.50,46.09,46.50,42.60,38712,172100000,3.48,8.17,9.15,3.19
2015-08-05,46.00,47.60,48.58,45.20,40252,190630000,1.51,3.28,7.33,3.31
2015-08-06,46.95,52.36,52.36,46.10,46802,234390000,4.76,10.00,13.15,3.85
2015-08-07,53.01,54.86,55.86,52.50,44849,244040000,2.50,4.77,6.42,3.69
2015-08-10,55.15,56.67,57.33,54.00,33638,188330000,1.81,3.30,6.07,2.77
2015-08-11,56.80,55.07,56.80,54.30,34925,193610000,-1.60,-2.82,4.41,2.88
2015-08-12,54.10,53.02,56.00,53.00,22149,119820000,-2.05,-3.72,5.45,1.82
2015-08-13,52.50,54.33,54.65,52.15,23456,126190000,1.31,2.47,4.72,1.93
2015-08-14,54.50,53.50,55.60,52.70,26199,141800000,-0.83,-1.53,5.34,2.16
2015-08-17,52.50,51.41,53.21,49.94,30542,156070000,-2.09,-3.91,6.11,2.51
2015-08-18,51.99,46.32,51.99,46.27,33394,164240000,-5.09,-9.90,11.13,2.75
2015-08-19,46.00,47.90,48.20,44.30,31272,144470000,1.58,3.41,8.42,2.57
2015-08-20,47.20,45.40,47.69,45.07,16834,78370000,-2.50,-5.22,5.47,1.39
2015-08-21,44.99,41.58,44.99,41.50,23287,101050000,-3.82,-8.41,7.69,1.92
2015-08-24,40.00,37.42,40.08,37.42,26833,102440000,-4.16,-10.00,6.40,2.21
2015-08-25,34.50,35.38,38.00,34.20,39714,141790000,-2.04,-5.45,10.16,3.24
2015-08-26,35.95,37.29,38.50,34.00,41239,151370000,1.91,5.40,12.72,3.36
2015-08-27,38.80,41.00,41.00,35.02,42587,161050000,3.71,9.95,16.04,3.47
2015-08-28,41.20,41.98,43.10,40.00,36167,150460000,0.98,2.39,7.56,2.95
2015-08-31,41.58,39.50,41.58,39.40,14835,59500000,-2.48,-5.91,5.19,1.21
2015-09-01,39.60,37.11,39.60,35.95,16501,61710000,-2.39,-6.05,9.24,1.34
2015-09-02,35.62,36.79,38.90,35.25,17119,63790000,-0.32,-0.86,9.84,1.39
2015-09-07,36.81,37.00,38.48,36.50,15210,57140000,0.21,0.57,5.38,1.24
2015-09-08,36.30,40.20,40.50,36.30,23123,88870000,3.20,8.65,11.35,1.88
2015-09-09,40.25,41.98,42.55,39.97,32657,134720000,1.78,4.43,6.42,2.66
2015-09-10,40.50,40.77,42.00,40.50,12856,52880000,-1.21,-2.88,3.57,1.05
2015-09-11,41.00,40.18,41.44,39.36,10184,41080000,-0.59,-1.45,5.10,0.83
2015-09-14,40.40,36.69,40.98,36.16,14243,54390000,-3.49,-8.69,12.00,1.16
2015-09-15,36.00,36.00,36.70,34.48,16546,59110000,-0.69,-1.88,6.05,1.35
2015-09-16,36.29,39.15,39.45,35.40,18815,69850000,3.15,8.75,11.25,1.53
2015-09-17,39.00,37.68,40.44,37.09,23491,91660000,-1.47,-3.75,8.56,1.91
2015-09-18,38.03,38.30,38.55,37.50,12176,46340000,0.62,1.65,2.79,0.99
2015-09-21,38.29,41.04,41.25,37.70,18552,74610000,2.74,7.15,9.27,1.51
2015-09-22,41.10,41.19,42.16,40.40,15828,65710000,0.15,0.37,4.29,1.29
2015-09-23,40.26,40.50,41.50,39.30,16438,66250000,-0.69,-1.68,5.34,1.34
2015-09-24,40.25,39.50,40.98,39.07,12453,49960000,-1.00,-2.47,4.72,1.01
2015-09-25,39.21,38.40,40.00,38.06,7344,28650000,-1.10,-2.78,4.91,0.60
2015-09-28,38.40,39.82,40.00,37.14,7630,29600000,1.42,3.70,7.45,0.62
2015-09-29,39.00,40.20,41.00,38.60,11592,46490000,0.38,0.95,6.03,0.94
2015-09-30,40.21,39.53,40.79,39.50,6777,27010000,-0.67,-1.67,3.21,0.55
2015-10-08,40.12,41.20,42.00,40.12,19468,80060000,1.67,4.22,4.76,1.59
2015-10-09,41.40,41.69,42.11,40.82,16610,69210000,0.49,1.19,3.13,1.35
2015-10-12,41.60,44.45,45.86,41.11,36186,160170000,2.76,6.62,11.39,2.95
2015-10-13,44.39,45.27,45.81,43.79,16151,72350000,0.82,1.84,4.54,1.32
2015-10-14,44.90,45.86,46.47,44.50,14499,65800000,0.59,1.30,4.35,1.18
2015-10-15,45.30,47.97,48.06,45.16,13937,65720000,2.11,4.60,6.32,1.14
2015-10-16,48.00,47.81,50.00,47.58,14979,72680000,-0.16,-0.33,5.04,1.22
2015-10-19,48.10,45.20,48.12,44.51,19839,91470000,-2.61,-5.46,7.55,1.62
2015-10-20,45.50,45.72,46.54,44.32,11785,53920000,0.52,1.15,4.91,0.96
2015-10-21,45.72,41.40,46.16,41.16,27981,123130000,-4.32,-9.45,10.94,2.28
2015-10-22,41.00,42.60,42.83,40.80,47049,195210000,1.20,2.90,4.90,3.83
2015-10-23,42.66,43.47,44.60,41.87,41885,181500000,0.87,2.04,6.41,3.41
2015-10-26,43.96,42.73,43.96,41.68,28473,121990000,-0.74,-1.70,5.25,2.32
2015-10-27,42.70,43.00,43.49,40.88,19193,81250000,0.27,0.63,6.11,1.56
2015-10-28,42.90,40.65,43.35,40.40,20897,87380000,-2.35,-5.47,6.86,1.70
2015-10-29,40.80,42.13,42.50,40.15,16439,68010000,1.48,3.64,5.78,1.34
2015-10-30,41.80,41.70,42.50,40.80,9598,40070000,-0.43,-1.02,4.04,0.78
2015-11-02,40.00,39.25,42.60,38.50,20177,82360000,-2.45,-5.88,9.83,1.64
2015-11-03,40.00,39.61,40.65,39.21,24026,96100000,0.36,0.92,3.67,1.96
2015-11-04,40.00,41.18,41.64,40.00,32026,130720000,1.57,3.96,4.14,2.61
2015-11-05,41.06,40.70,41.50,40.35,32223,131800000,-0.48,-1.17,2.79,2.63
2015-11-06,41.30,42.50,42.55,40.74,47091,195610000,1.80,4.42,4.45,3.84
2015-11-09,42.51,43.74,44.00,42.00,47567,206030000,1.24,2.92,4.71,3.88
2015-11-10,43.74,45.50,46.00,43.10,52084,231130000,1.76,4.02,6.63,4.24
2015-11-11,45.57,45.93,46.20,44.66,43358,197470000,0.43,0.95,3.38,3.53
2015-11-12,45.79,49.06,49.28,45.79,66276,319450000,3.13,6.81,7.60,5.40
2015-11-13,49.18,47.86,50.02,47.00,50827,246460000,-1.20,-2.45,6.16,4.14
2015-11-16,46.58,52.00,52.38,46.28,57783,288410000,4.14,8.65,12.75,4.71
2015-11-17,51.66,49.91,52.34,49.82,44603,227420000,-2.09,-4.02,4.85,3.63
2015-11-18,49.74,48.60,50.95,48.08,25500,125490000,-1.31,-2.62,5.75,2.08
2015-11-19,48.30,49.69,50.00,47.60,25869,125870000,1.09,2.24,4.94,2.11
2015-11-20,49.60,50.80,51.16,48.82,25547,127630000,1.11,2.23,4.71,2.08
2015-11-23,50.30,48.62,52.10,48.50,35541,178670000,-2.18,-4.29,7.09,2.90
2015-11-24,48.90,47.81,49.08,45.92,41643,196270000,-0.81,-1.67,6.50,3.39
2015-11-25,47.80,50.97,52.00,47.35,65969,319650000,3.16,6.61,9.73,5.37
2015-11-26,50.56,51.81,54.60,50.10,60538,320080000,0.84,1.65,8.83,4.93
2015-11-27,52.03,49.23,52.78,47.97,46860,237630000,-2.58,-4.98,9.28,3.82
2015-11-30,49.29,48.79,50.97,46.50,34829,169380000,-0.44,-0.89,9.08,2.84
2015-12-01,49.04,48.00,49.04,47.00,51731,247710000,-0.79,-1.62,4.18,4.21
2015-12-02,47.60,47.89,48.88,46.06,49293,235240000,-0.11,-0.23,5.88,4.02
2015-12-03,47.85,50.24,50.60,47.81,43025,212510000,2.35,4.91,5.83,3.51
2015-12-04,50.00,50.10,51.20,49.50,28479,142620000,-0.14,-0.28,3.38,2.32
2015-12-07,50.21,49.19,51.00,48.30,40602,201650000,-0.91,-1.82,5.39,3.31
2015-12-08,48.91,46.79,48.98,46.78,51528,243660000,-2.40,-4.88,4.47,4.20
2015-12-09,46.22,46.50,47.20,45.85,23186,107870000,-0.29,-0.62,2.89,1.89
2015-12-10,46.99,44.47,46.99,44.38,38761,175460000,-2.03,-4.37,5.61,3.16
2015-12-11,44.30,43.40,44.98,43.40,17343,76760000,-1.07,-2.41,3.55,1.41
2015-12-14,43.00,44.32,44.45,42.82,18140,79000000,0.92,2.12,3.76,1.48
2015-12-15,44.75,45.57,46.50,44.60,21131,96810000,1.25,2.82,4.29,1.72
2015-12-16,46.20,45.60,46.20,45.30,16600,75720000,0.03,0.07,1.98,1.35
2015-12-17,45.68,46.96,47.00,45.68,42826,199050000,1.36,2.98,2.89,3.49
2015-12-18,46.50,47.39,48.50,46.49,36113,171810000,0.43,0.92,4.28,2.94
2015-12-21,47.30,51.08,51.12,47.12,90252,449970000,3.69,7.79,8.44,7.35
2015-12-22,50.90,50.94,52.57,50.72,45580,235170000,-0.14,-0.27,3.62,3.71
2015-12-23,51.00,50.20,51.98,50.00,33140,168260000,-0.74,-1.45,3.89,2.70
2015-12-24,50.10,50.90,51.60,48.61,38687,194540000,0.70,1.39,5.96,3.15
2015-12-25,51.00,52.23,52.27,49.88,40971,209940000,1.33,2.61,4.70,3.34
2015-12-28,52.56,52.55,54.97,51.00,68718,366880000,0.32,0.61,7.60,5.60
2015-12-29,52.00,53.41,54.75,51.01,55635,295170000,0.86,1.64,7.12,4.53
2015-12-30,53.98,55.39,55.97,53.44,35693,196260000,1.98,3.71,4.74,2.91
2015-12-31,55.39,56.01,57.00,55.00,34122,191520000,0.62,1.12,3.61,2.78
2016-01-04,56.19,50.41,56.19,50.41,33174,173730000,-5.60,-10.00,10.32,2.70
2016-01-05,45.37,48.10,50.60,45.37,66213,318290000,-2.31,-4.58,10.37,5.39
2016-01-06,49.88,50.67,51.00,49.00,53019,265090000,2.57,5.34,4.16,4.32
2016-01-07,48.66,45.60,49.98,45.60,8697,40910000,-5.07,-10.01,8.64,0.71
2016-01-08,46.80,45.90,47.80,42.16,33185,150550000,0.30,0.66,12.37,2.70
2016-01-11,44.10,41.31,45.27,41.31,43931,187970000,-4.59,-10.00,8.63,3.58
2016-01-12,41.50,39.55,42.70,38.00,59636,236730000,-1.76,-4.26,11.38,4.86
2016-01-13,39.72,39.62,41.41,39.10,41676,168150000,0.07,0.18,5.84,3.40
2016-01-14,38.20,41.10,41.77,37.02,42983,170940000,1.48,3.74,11.99,3.50
2016-01-15,40.80,39.90,41.90,39.61,35487,144950000,-1.20,-2.92,5.57,2.89
2016-01-18,39.00,40.70,41.69,38.80,16724,68200000,0.80,2.01,7.24,1.36
2016-01-19,40.98,42.78,42.86,40.96,18878,79550000,2.08,5.11,4.67,1.54
2016-01-20,42.79,42.98,43.31,41.70,24114,102200000,0.20,0.47,3.76,1.96
2016-01-21,42.00,41.92,44.34,41.51,24659,106050000,-1.06,-2.47,6.58,2.01
2016-01-22,43.00,41.40,43.49,39.60,25464,104780000,-0.52,-1.24,9.28,2.07
2016-01-25,42.00,42.90,43.00,41.58,22091,93230000,1.50,3.62,3.43,1.80
2016-01-26,42.40,38.61,42.55,38.61,24789,100760000,-4.29,-10.00,9.18,2.02
2016-01-27,38.60,37.33,39.00,35.88,21407,79300000,-1.28,-3.32,8.08,1.74
2016-01-28,37.01,35.20,37.57,35.00,16229,59030000,-2.13,-5.71,6.88,1.32
2016-01-29,35.30,36.96,38.30,34.82,20211,73970000,1.76,5.00,9.89,1.65
2016-02-01,37.20,37.53,37.93,36.91,12815,47900000,0.57,1.54,2.76,1.04
2016-02-02,37.70,39.12,39.56,37.54,10370,40460000,1.59,4.24,5.38,0.84
2016-02-03,38.28,38.92,39.00,38.23,5916,22810000,-0.20,-0.51,1.97,0.48
2016-02-04,39.15,39.64,40.10,39.15,12098,48120000,0.72,1.85,2.44,0.99
2016-02-05,39.64,40.05,40.80,39.50,10164,40820000,0.41,1.03,3.28,0.83
2016-05-27,39.80,39.99,43.93,38.00,77681,312170000,0.05,0.13,14.85,6.33
2016-05-30,39.00,37.59,39.00,37.38,41884,159130000,-2.40,-6.00,4.05,3.30
2016-05-31,37.40,38.20,38.70,37.30,33773,129150000,0.61,1.62,3.72,2.66
2016-06-01,38.70,39.39,40.40,38.44,40240,159130000,1.19,3.12,5.13,3.17
2016-06-02,40.36,40.00,40.40,39.43,33357,132930000,0.61,1.55,2.46,2.63
2016-06-03,39.84,40.85,41.50,39.68,36087,146750000,0.85,2.13,4.55,2.85
2016-06-06,41.18,39.95,41.39,39.70,28045,112720000,-0.90,-2.20,4.14,2.21
2016-06-07,40.28,43.45,43.90,40.28,56793,239740000,3.50,8.76,9.06,4.48
2016-06-08,43.47,45.69,46.80,43.47,55038,248660000,2.24,5.16,7.66,4.34
2016-06-13,45.00,43.71,46.99,43.55,47926,217340000,-1.98,-4.33,7.53,3.78
2016-06-14,43.20,43.50,44.45,43.11,24453,107090000,-0.21,-0.48,3.07,1.93
2016-06-15,43.03,44.58,45.28,42.60,27795,123230000,1.08,2.48,6.16,2.19
2016-06-16,44.49,43.40,44.58,42.93,30220,131340000,-1.18,-2.65,3.70,2.38
2016-06-17,43.05,43.50,44.50,43.05,27238,119760000,0.10,0.23,3.34,2.15
2016-06-20,43.41,43.08,43.53,42.38,29128,124710000,-0.42,-0.97,2.64,2.30
2016-06-21,43.30,44.37,45.97,43.30,43627,195640000,1.29,2.99,6.20,3.44
2016-06-22,44.41,47.40,47.50,44.41,58335,272340000,3.03,6.83,6.96,4.60
2016-06-23,46.80,46.99,48.19,45.10,32212,151510000,-0.41,-0.87,6.52,2.54
2016-06-24,46.90,46.52,47.77,45.02,29465,137760000,-0.47,-1.00,5.85,2.32
2016-06-27,46.53,47.40,47.40,45.90,17143,80130000,0.88,1.89,3.22,1.35
2016-06-28,47.38,46.50,48.18,46.50,24786,117490000,-0.90,-1.90,3.54,1.95
2016-06-29,46.99,47.99,48.74,46.99,29367,141000000,1.49,3.20,3.76,2.32
2016-06-30,47.90,46.53,48.60,46.06,34779,163200000,-1.46,-3.04,5.29,2.74
2016-07-01,46.68,45.99,47.45,45.52,23372,108190000,-0.54,-1.16,4.15,1.84
2016-07-04,45.67,46.55,47.07,44.37,21133,97650000,0.56,1.22,5.87,1.67
2016-07-05,47.20,45.81,47.20,44.80,38778,176790000,-0.74,-1.59,5.16,3.06
2016-07-06,50.39,50.39,50.39,50.39,14000,70550000,4.58,10.00,0.00,1.10
2016-07-07,54.80,53.70,55.30,52.85,278783,1498350000,3.31,6.57,4.86,21.99
2016-07-08,53.30,55.36,56.08,53.11,169014,922460000,1.66,3.09,5.53,13.33
2016-07-11,55.02,53.48,55.87,52.68,126476,682960000,-1.88,-3.40,5.76,9.98
2016-07-12,53.10,52.45,53.65,50.50,102768,532880000,-1.03,-1.93,5.89,8.11
2016-07-13,52.06,53.00,53.20,51.50,84249,440990000,0.55,1.05,3.24,6.64
2016-07-14,52.87,53.38,53.87,52.56,58927,313450000,0.38,0.72,2.47,4.65
2016-07-15,52.63,53.15,53.38,52.55,35439,187580000,-0.23,-0.43,1.55,2.80
2016-07-18,53.20,52.68,53.20,51.90,38132,200370000,-0.47,-0.88,2.45,3.01
2016-07-19,52.90,52.90,52.98,52.00,28207,148150000,0.22,0.42,1.86,2.22
2016-07-20,52.90,51.89,52.93,51.89,37459,196260000,-1.01,-1.91,1.97,2.95
2016-07-21,51.60,51.00,52.24,50.87,43608,224420000,-0.89,-1.72,2.64,3.44
2016-07-22,51.19,51.37,52.20,50.77,36216,186640000,0.37,0.73,2.80,2.86
2016-07-25,51.30,51.70,52.17,51.00,28909,149110000,0.33,0.64,2.28,2.28
2016-07-26,51.69,52.80,53.19,51.69,50404,265740000,1.10,2.13,2.90,3.98
2016-07-27,52.99,47.86,53.20,47.52,135273,669640000,-4.94,-9.36,10.76,10.67
2016-07-28,48.50,48.79,49.98,48.22,88544,433970000,0.93,1.94,3.68,6.98
2016-08-08,49.30,47.52,49.98,46.01,64275,309850000,-1.27,-2.60,8.14,5.07
2016-08-09,47.00,50.60,51.80,46.66,87070,435420000,3.08,6.48,10.82,6.87
2016-08-10,50.87,51.03,51.50,50.16,54748,278370000,0.43,0.85,2.65,4.32
2016-08-11,50.69,52.09,53.40,50.69,90633,475780000,1.06,2.08,5.31,7.15
2016-08-12,52.01,52.60,52.64,51.21,65841,342320000,0.51,0.98,2.75,5.19
2016-08-15,52.75,55.50,57.21,52.60,127898,707030000,2.90,5.51,8.76,10.09
2016-08-16,55.10,55.75,56.65,54.85,95674,532710000,0.25,0.45,3.24,7.55
2016-08-17,55.39,58.16,59.88,55.30,133547,773140000,2.41,4.32,8.22,10.53
2016-08-18,57.96,59.69,60.19,57.22,135113,793320000,1.53,2.63,5.11,10.66
2016-08-19,59.09,62.68,63.90,58.80,136918,834330000,2.99,5.01,8.54,10.80
2016-08-22,61.95,56.41,62.33,56.41,164943,959340000,-6.27,-10.00,9.44,13.01
2016-08-23,57.20,56.30,57.90,55.55,150175,850250000,-0.11,-0.20,4.17,11.84
2016-08-24,56.20,55.85,57.93,55.21,139336,788920000,-0.45,-0.80,4.83,10.99
2016-08-25,54.26,55.48,56.12,52.00,124280,673300000,-0.37,-0.66,7.38,9.80
2016-08-26,55.88,54.41,56.50,53.96,106257,585190000,-1.07,-1.93,4.58,8.38
2016-08-29,54.00,53.23,55.27,52.51,94039,506090000,-1.18,-2.17,5.07,7.42
2016-08-30,17.80,16.60,17.80,16.51,352829,597900000,-1.14,-6.43,7.27,9.28
2016-08-31,16.60,16.95,17.20,16.50,216363,364650000,0.35,2.11,4.22,5.69
2016-09-01,16.81,16.40,16.95,16.35,181892,302590000,-0.55,-3.24,3.54,4.78
2016-09-02,16.50,16.19,16.65,16.16,128931,210710000,-0.21,-1.28,2.99,3.39
2016-09-05,16.23,16.12,16.36,16.02,104141,168570000,-0.07,-0.43,2.10,2.74
2016-09-06,16.14,16.35,16.60,16.08,155290,253180000,0.23,1.43,3.23,4.08
2016-09-07,16.31,16.22,16.39,16.17,126217,205000000,-0.13,-0.80,1.35,3.32
2016-09-08,16.25,16.32,16.56,16.20,102167,167190000,0.10,0.62,2.22,2.69
2016-09-09,16.26,16.03,16.35,16.02,89235,144310000,-0.29,-1.78,2.02,2.35
2016-09-12,15.65,15.55,16.03,15.46,109231,171280000,-0.48,-2.99,3.56,2.87
2016-09-13,15.61,15.58,15.69,15.18,101583,156990000,0.03,0.19,3.28,2.67
2016-09-14,15.44,15.30,15.60,15.25,58593,90120000,-0.28,-1.80,2.25,1.54
2016-09-19,15.39,15.43,15.50,15.30,58375,89900000,0.13,0.85,1.31,1.53
2016-09-20,15.45,15.39,15.57,15.33,41705,64350000,-0.04,-0.26,1.56,1.10
2016-09-21,15.36,15.43,15.49,15.30,47226,72720000,0.04,0.26,1.23,1.24
2016-09-22,15.51,16.41,16.47,15.42,216140,348610000,0.98,6.35,6.80,5.68
2016-09-23,16.41,16.08,16.42,16.04,98899,159840000,-0.33,-2.01,2.32,2.60
2016-09-26,16.00,16.04,16.48,15.90,120176,195180000,-0.04,-0.25,3.61,3.16
2016-09-27,15.80,15.78,16.12,15.48,66593,104860000,-0.26,-1.62,3.99,1.75
2016-09-28,15.82,15.92,16.17,15.82,59423,95080000,0.14,0.89,2.22,1.56
2016-09-29,15.88,16.01,16.20,15.88,60802,97760000,0.09,0.57,2.01,1.60
2016-09-30,16.38,16.22,16.38,16.08,86601,140300000,0.21,1.31,1.87,2.28
2016-10-10,16.22,16.21,16.36,15.90,78676,126900000,-0.01,-0.06,2.84,2.07
2016-10-11,16.22,16.07,16.34,15.97,82720,133130000,-0.14,-0.86,2.28,2.17
2016-10-12,16.05,15.80,16.07,15.76,66926,106240000,-0.27,-1.68,1.93,1.76
2016-10-13,15.89,15.89,15.92,15.61,68545,107940000,0.09,0.57,1.96,1.80
2016-10-14,15.82,15.90,15.97,15.72,44183,70200000,0.01,0.06,1.57,1.16
2016-10-17,16.01,16.37,16.50,16.01,202733,331660000,0.47,2.96,3.08,5.33
2016-10-18,16.38,16.53,16.60,16.18,109092,179290000,0.16,0.98,2.57,2.87
2016-10-19,16.54,16.36,16.55,16.28,84095,137580000,-0.17,-1.03,1.63,2.21
2016-10-20,16.44,17.04,17.17,16.40,168106,283650000,0.68,4.16,4.71,4.42
2016-10-21,16.80,16.82,17.25,16.58,107396,181620000,-0.22,-1.29,3.93,2.82
2016-10-24,16.70,17.36,17.40,16.70,141325,242270000,0.54,3.21,4.16,3.72
2016-10-25,17.24,17.51,17.78,17.20,128975,226110000,0.15,0.86,3.34,3.39
2016-10-26,17.43,18.17,18.44,17.33,216710,387610000,0.66,3.77,6.34,5.70
2016-10-27,18.21,18.01,18.26,17.71,107543,192920000,-0.16,-0.88,3.03,2.83
2016-10-28,17.90,17.41,18.15,17.37,97166,171230000,-0.60,-3.33,4.33,2.55
2016-10-31,17.26,17.41,17.43,17.03,62362,107300000,0.00,0.00,2.30,1.64
2016-11-01,17.30,17.49,17.65,17.20,54682,95690000,0.08,0.46,2.58,1.44
2016-11-02,17.40,16.92,17.40,16.91,85558,146200000,-0.57,-3.26,2.80,2.25
2016-11-03,16.80,16.89,17.27,16.72,87505,148960000,-0.03,-0.18,3.25,2.30
2016-11-04,16.60,16.35,16.60,16.06,175680,286950000,-0.54,-3.20,3.20,4.62
2016-11-07,16.36,16.75,17.01,16.16,109870,183890000,0.40,2.45,5.20,2.89
2016-11-08,16.70,16.81,16.96,16.51,65544,109740000,0.06,0.36,2.69,1.72
2016-11-09,16.71,16.90,17.19,16.66,100907,171450000,0.09,0.54,3.15,1.87
2016-11-10,16.81,16.84,17.08,16.49,116738,195030000,-0.06,-0.36,3.49,2.16
2016-11-11,16.70,16.57,16.72,16.48,88074,145770000,-0.27,-1.60,1.43,1.63
2016-11-14,16.48,16.35,16.64,16.22,71328,116910000,-0.22,-1.33,2.53,1.32
2016-11-15,16.37,16.46,16.55,16.20,43292,70840000,0.11,0.67,2.14,0.80
2016-11-16,16.46,16.38,16.50,16.34,42087,68970000,-0.08,-0.49,0.97,0.78
2016-11-17,16.38,16.23,16.38,16.02,77199,124800000,-0.15,-0.92,2.20,1.43
2016-11-18,16.25,16.01,16.27,15.98,85699,138050000,-0.22,-1.36,1.79,1.59
2016-11-21,16.00,15.82,16.00,15.00,96080,151290000,-0.19,-1.19,6.25,1.78
2016-11-22,15.70,15.88,15.95,15.66,79945,126370000,0.06,0.38,1.83,1.48
2016-11-23,15.88,15.56,15.95,15.50,92678,145350000,-0.32,-2.02,2.83,1.72
2016-11-24,15.59,15.66,15.85,15.43,85289,133980000,0.10,0.64,2.70,1.58
2016-11-25,15.67,16.59,16.64,15.67,240723,392040000,0.93,5.94,6.19,4.46
2016-11-28,16.70,16.30,16.87,16.25,147495,242530000,-0.29,-1.75,3.74,2.73
2016-11-29,16.20,16.15,16.30,16.06,69756,112740000,-0.15,-0.92,1.47,1.29
2016-11-30,16.07,15.92,16.14,15.79,66157,105330000,-0.23,-1.42,2.17,1.23
2016-12-01,15.92,16.18,16.20,15.84,44224,71200000,0.26,1.63,2.26,0.82
2016-12-02,16.20,15.62,16.38,15.58,80717,128450000,-0.56,-3.46,4.94,1.50
2016-12-05,15.57,15.50,15.64,15.29,46031,71110000,-0.12,-0.77,2.24,0.85
2016-12-06,15.61,15.85,16.20,15.61,63376,100850000,0.35,2.26,3.81,1.17
2016-12-07,15.98,16.00,16.09,15.71,36451,58130000,0.15,0.95,2.40,0.68
2016-12-08,16.10,15.75,16.20,15.72,35430,56110000,-0.25,-1.56,3.00,0.66
2016-12-09,15.69,15.67,15.74,15.31,77672,120470000,-0.08,-0.51,2.73,1.44
2016-12-12,15.74,15.34,16.13,15.30,80932,127100000,-0.33,-2.11,5.30,1.50
2016-12-13,15.18,15.15,15.40,15.07,40527,61670000,-0.19,-1.24,2.15,0.75
2016-12-14,15.30,14.67,15.30,14.58,53176,79120000,-0.48,-3.17,4.75,0.99
2016-12-15,14.39,14.54,14.93,14.39,49533,72200000,-0.13,-0.89,3.68,0.92
2016-12-16,14.50,14.55,14.68,14.37,40900,59430000,0.01,0.07,2.13,0.76
2016-12-19,14.55,14.86,14.88,14.38,41376,60460000,0.31,2.13,3.44,0.77
2016-12-20,14.87,14.78,14.89,14.62,25372,37410000,-0.08,-0.54,1.82,0.47
2016-12-21,14.80,14.99,14.99,14.77,35365,52570000,0.21,1.42,1.49,0.66
2016-12-22,14.99,15.01,15.09,14.69,36113,53750000,0.02,0.13,2.67,0.67
2016-12-23,14.98,14.87,15.06,14.59,42997,63660000,-0.14,-0.93,3.13,0.80
2016-12-26,14.71,14.68,14.97,14.46,46134,67720000,-0.19,-1.28,3.43,0.86
2016-12-27,14.68,14.61,14.80,14.57,20021,29390000,-0.07,-0.48,1.57,0.37
2016-12-28,14.66,14.45,14.66,14.42,27834,40370000,-0.16,-1.10,1.64,0.52
2016-12-29,14.45,14.45,14.73,14.44,31972,46560000,0.00,0.00,2.01,0.59
2016-12-30,14.47,14.30,14.59,14.18,40798,58470000,-0.15,-1.04,2.84,0.76
