日期,开盘,收盘,最高,最低,交易量(手),交易金额(元),涨跌额,涨跌幅(%),振幅(%),换手率(%)
2012-04-16,13.71,13.50,14.15,13.40,114630,157330000,1.50,12.50,6.25,57.31
2012-04-17,13.50,13.78,14.28,13.16,132670,182100000,0.28,2.07,8.30,66.34
2012-04-18,13.40,13.62,13.62,13.16,84625,113530000,-0.16,-1.16,3.34,42.31
2012-04-19,13.48,13.86,14.20,13.44,86417,120320000,0.24,1.76,5.58,43.21
2012-04-20,13.80,13.84,14.10,13.50,61042,83950000,-0.02,-0.14,4.33,30.52
2012-04-23,13.76,13.45,13.84,13.35,50284,68060000,-0.39,-2.82,3.54,25.14
2012-04-24,13.30,13.11,13.65,12.89,41565,55110000,-0.34,-2.53,5.65,20.78
2012-04-25,12.94,13.25,13.35,12.93,26292,34620000,0.14,1.07,3.20,13.15
2012-04-26,13.16,13.10,13.34,13.00,19838,26150000,-0.15,-1.13,2.57,9.92
2012-04-27,13.00,13.13,13.26,12.91,18327,24070000,0.03,0.23,2.67,9.16
2012-05-02,13.25,13.33,13.38,13.01,26519,35180000,0.20,1.52,2.82,13.26
2012-05-03,13.29,13.39,13.52,13.20,19746,26350000,0.06,0.45,2.40,9.87
2012-05-04,13.38,13.48,13.58,13.30,25549,34290000,0.09,0.67,2.09,12.77
2012-05-07,13.39,13.40,13.40,13.17,19067,25330000,-0.08,-0.59,1.71,9.53
2012-05-08,13.37,13.69,14.08,13.32,50012,68530000,0.29,2.16,5.67,25.01
2012-05-09,13.58,13.26,13.58,13.22,27235,36350000,-0.43,-3.14,2.63,13.62
2012-05-10,13.18,13.28,13.48,13.18,12198,16260000,0.02,0.15,2.26,6.10
2012-05-11,13.20,13.04,13.37,12.95,18270,24020000,-0.24,-1.81,3.16,9.13
2012-05-14,13.15,13.04,13.25,13.00,13919,18250000,0.00,0.00,1.92,6.96
2012-05-15,12.91,13.00,13.03,12.74,19407,25040000,-0.04,-0.31,2.22,9.70
2012-05-16,13.00,12.88,13.07,12.81,12383,15980000,-0.12,-0.92,2.00,6.19
2012-05-17,12.88,13.14,13.25,12.86,21380,27950000,0.26,2.02,3.03,10.69
2012-05-21,12.92,13.00,13.13,12.83,15407,20020000,-0.14,-1.07,2.28,7.70
2012-05-22,13.05,13.20,13.28,13.01,14117,18550000,0.20,1.54,2.08,7.06
2012-05-23,13.10,13.10,13.23,12.95,10989,14380000,-0.10,-0.76,2.12,5.49
2012-05-24,12.99,12.87,13.16,12.87,7969,10370000,-0.23,-1.76,2.21,3.98
2012-05-25,12.84,12.60,12.92,12.36,17692,22310000,-0.27,-2.10,4.35,8.85
2012-05-28,12.54,12.46,12.63,12.20,9887,12240000,-0.14,-1.11,3.41,4.94
2012-05-29,12.51,12.61,12.66,12.41,8953,11260000,0.15,1.20,2.01,4.48
2012-05-30,12.53,12.61,12.66,12.52,8012,10080000,0.00,0.00,1.11,4.01
2012-05-31,12.55,12.71,12.80,12.50,13268,16800000,0.10,0.79,2.38,6.63
2012-06-01,12.70,12.65,12.80,12.62,7527,9560000,-0.06,-0.47,1.42,3.76
2012-06-04,12.40,12.13,12.50,12.12,10370,12780000,-0.52,-4.11,3.00,5.19
2012-06-05,12.12,12.14,12.27,12.10,5164,6280000,0.01,0.08,1.40,2.58
2012-06-06,12.17,12.24,12.40,12.14,6459,7910000,0.10,0.82,2.14,3.23
2012-06-07,12.37,12.26,12.38,12.19,5573,6840000,0.02,0.16,1.55,2.79
2012-06-08,12.35,12.17,12.39,12.15,6074,7450000,-0.09,-0.73,1.96,3.04
2012-06-11,12.17,12.43,12.47,12.15,9415,11650000,0.26,2.14,2.63,4.71
2012-06-12,12.32,12.37,12.42,12.25,5621,6930000,-0.06,-0.48,1.37,2.81
2012-06-13,12.40,12.54,12.56,12.35,7730,9630000,0.17,1.37,1.70,3.87
2012-06-14,12.49,12.43,12.55,12.39,8113,10110000,-0.11,-0.88,1.28,4.06
2012-06-15,12.44,12.36,12.47,12.28,4549,5630000,-0.07,-0.56,1.53,2.27
2012-06-18,12.40,12.48,12.56,12.38,6585,8230000,0.12,0.97,1.46,3.29
2012-06-19,12.46,12.40,12.53,12.38,5206,6480000,-0.08,-0.64,1.20,2.60
2012-06-20,12.44,12.52,12.66,12.41,6904,8650000,0.12,0.97,2.02,3.45
2012-06-21,12.47,12.40,12.48,12.29,8083,9990000,-0.12,-0.96,1.52,4.04
2012-06-25,12.34,12.14,12.34,12.14,5011,6130000,-0.26,-2.10,1.61,2.51
2012-06-26,12.14,12.46,12.56,12.14,10100,12470000,0.32,2.64,3.46,5.05
2012-06-27,12.57,12.60,12.85,12.56,25994,32990000,0.14,1.12,2.33,13.00
2012-06-28,12.50,12.61,12.78,12.45,15473,19610000,0.01,0.08,2.62,7.74
2012-06-29,12.51,12.81,12.94,12.50,20685,26430000,0.20,1.59,3.49,10.34
2012-07-02,12.80,12.86,12.95,12.68,16940,21760000,0.05,0.39,2.11,8.47
2012-07-03,12.86,12.78,12.94,12.68,22886,29280000,-0.08,-0.62,2.02,11.44
2012-07-04,12.75,12.65,12.92,12.63,13619,17380000,-0.13,-1.02,2.27,6.81
2012-07-05,12.60,12.74,12.78,12.55,11651,14760000,0.09,0.71,1.82,5.83
2012-07-06,12.74,12.76,12.80,12.41,11139,14060000,0.02,0.16,3.06,5.57
2012-07-09,12.60,12.23,12.67,12.18,11552,14340000,-0.53,-4.15,3.84,5.78
2012-07-10,11.66,11.02,11.67,11.01,25913,28920000,-1.21,-9.89,5.40,12.96
2012-07-11,10.82,11.16,11.25,10.82,8891,9780000,0.14,1.27,3.90,4.45
2012-07-12,11.16,11.25,11.31,10.95,9776,10890000,0.09,0.81,3.23,4.89
2012-07-13,11.15,11.12,11.37,11.05,8917,9990000,-0.13,-1.16,2.84,4.46
2012-07-16,11.07,10.55,11.07,10.29,23202,24500000,-0.57,-5.13,7.01,9.28
2012-07-17,10.41,10.51,10.60,10.40,3406,3570000,-0.04,-0.38,1.90,1.36
2012-07-18,10.51,10.79,10.86,10.50,8752,9370000,0.28,2.66,3.43,3.50
2012-07-19,10.70,11.00,11.15,10.67,20992,23050000,0.21,1.95,4.45,8.40
2012-07-20,10.85,11.00,11.50,10.85,15806,17540000,0.00,0.00,5.91,6.32
2012-07-23,10.90,10.90,11.55,10.74,17484,19230000,-0.10,-0.91,7.36,6.99
2012-07-24,10.60,10.88,11.00,10.56,9432,10190000,-0.02,-0.18,4.04,3.77
2012-07-25,10.84,10.83,11.03,10.70,6769,7350000,-0.05,-0.46,3.03,2.71
2012-07-26,10.72,10.99,11.10,10.72,5928,6470000,0.16,1.48,3.51,2.37
2012-07-27,10.90,11.03,11.08,10.83,5643,6190000,0.04,0.36,2.27,2.26
2012-07-30,11.05,11.00,11.14,10.83,4110,4490000,-0.03,-0.27,2.81,1.64
2012-07-31,10.90,10.85,11.08,10.81,7040,7700000,-0.15,-1.36,2.45,2.82
2012-08-01,10.75,10.95,11.02,10.75,3219,3520000,0.10,0.92,2.49,1.29
2012-08-02,10.90,10.73,10.94,10.72,3557,3840000,-0.22,-2.01,2.01,1.42
2012-08-03,10.84,10.90,10.94,10.71,3075,3330000,0.17,1.58,2.14,1.23
2012-08-06,10.91,11.08,11.19,10.81,17194,19000000,0.18,1.65,3.49,6.88
2012-08-07,11.08,11.10,11.17,10.95,10055,11130000,0.02,0.18,1.99,4.02
2012-08-08,11.00,11.07,11.16,10.86,10542,11620000,-0.03,-0.27,2.70,4.22
2012-08-09,11.09,11.14,11.19,10.87,15381,17030000,0.07,0.63,2.89,6.15
2012-08-10,11.14,11.05,11.15,11.01,7219,7990000,-0.09,-0.81,1.26,2.89
2012-08-13,11.00,10.80,11.00,10.79,6118,6640000,-0.25,-2.26,1.90,2.45
2012-08-14,10.75,10.88,11.02,10.60,6712,7220000,0.08,0.74,3.89,2.68
2012-08-15,10.75,10.78,10.86,10.74,2096,2260000,-0.10,-0.92,1.10,0.84
2012-08-16,10.75,10.80,10.83,10.65,2760,2970000,0.02,0.19,1.67,1.10
2012-08-17,10.79,10.80,10.81,10.68,1985,2140000,0.00,0.00,1.20,0.79
2012-08-20,10.71,10.91,10.93,10.71,3494,3790000,0.11,1.02,2.04,1.40
2012-08-21,10.92,11.00,11.09,10.89,7013,7720000,0.09,0.82,1.83,2.81
2012-08-22,11.02,10.98,11.16,10.91,8051,8880000,-0.02,-0.18,2.27,3.22
2012-08-23,10.98,11.10,11.19,10.95,10328,11440000,0.12,1.09,2.19,4.13
2012-08-24,11.16,10.93,11.16,10.88,7333,8050000,-0.17,-1.53,2.52,2.93
2012-08-27,10.80,10.85,10.94,10.65,6797,7310000,-0.08,-0.73,2.65,2.72
2012-08-28,10.83,10.99,11.06,10.76,5920,6490000,0.14,1.29,2.77,2.37
2012-08-29,11.02,11.11,11.15,10.92,9523,10530000,0.12,1.09,2.09,3.81
2012-08-30,11.10,10.89,11.12,10.74,5685,6230000,-0.22,-1.98,3.42,2.27
2012-08-31,10.84,10.93,10.98,10.80,3283,3580000,0.04,0.37,1.65,1.31
2012-09-03,10.89,11.05,11.13,10.80,6735,7410000,0.12,1.10,3.02,2.69
2012-09-04,11.08,11.11,11.20,11.02,11332,12580000,0.06,0.54,1.63,4.53
2012-09-05,11.11,11.21,11.34,11.07,27940,31230000,0.10,0.90,2.43,11.18
2012-09-06,11.26,11.23,11.29,11.10,17626,19700000,0.02,0.18,1.69,7.05
2012-09-07,11.28,11.43,11.58,11.23,34034,38820000,0.20,1.78,3.12,13.61
2012-09-10,11.40,11.60,11.65,11.33,23393,26920000,0.17,1.49,2.80,9.36
2012-09-11,11.61,11.43,11.61,11.36,14092,16130000,-0.17,-1.47,2.16,5.64
2012-09-12,11.48,11.40,11.56,11.29,14895,16980000,-0.03,-0.26,2.36,5.96
2012-09-13,11.44,11.23,11.57,11.23,11240,12780000,-0.17,-1.49,2.98,4.50
2012-09-14,11.34,11.26,11.48,11.10,11775,13260000,0.03,0.27,3.38,4.71
2012-09-17,11.23,10.88,11.29,10.88,8267,9130000,-0.38,-3.37,3.64,3.31
2012-09-18,10.88,10.81,10.93,10.75,6652,7200000,-0.07,-0.64,1.65,2.66
2012-09-19,10.84,11.00,11.20,10.78,10523,11550000,0.19,1.76,3.89,4.21
2012-09-20,11.00,10.45,11.00,10.42,9081,9690000,-0.55,-5.00,5.27,3.63
2012-09-21,10.45,10.36,10.55,10.36,3465,3620000,-0.09,-0.86,1.82,1.39
2012-09-24,10.30,10.29,10.35,10.12,6095,6240000,-0.07,-0.68,2.22,2.44
2012-09-25,10.28,10.24,10.38,10.10,5809,5930000,-0.05,-0.49,2.72,2.32
2012-09-26,10.23,9.85,10.42,9.81,8600,8680000,-0.39,-3.81,5.96,3.44
2012-09-27,9.82,10.08,10.23,9.82,7945,7990000,0.23,2.34,4.16,3.18
2012-09-28,10.09,10.22,10.33,9.98,8081,8240000,0.14,1.39,3.47,3.23
2012-10-08,10.19,10.06,10.24,10.01,5265,5320000,-0.16,-1.57,2.25,2.11
2012-10-09,9.98,10.40,10.50,9.98,12098,12460000,0.34,3.38,5.17,4.84
2012-10-10,10.40,11.23,11.33,10.34,40590,44300000,0.83,7.98,9.52,16.24
2012-10-11,11.10,11.28,11.49,11.01,31873,35780000,0.05,0.45,4.27,12.75
2012-10-12,11.46,11.61,12.41,11.45,72466,85780000,0.33,2.93,8.51,28.99
2012-10-15,11.80,11.60,11.86,11.32,41049,47600000,-0.01,-0.09,4.65,16.42
2012-10-16,11.59,11.40,11.79,11.36,35678,41040000,-0.20,-1.72,3.71,14.27
2012-10-17,11.40,11.38,11.44,11.14,14095,15880000,-0.02,-0.18,2.63,5.64
2012-10-18,11.43,11.41,11.61,11.32,17007,19420000,0.03,0.26,2.55,6.80
2012-10-19,11.41,11.38,11.44,11.17,10521,11880000,-0.03,-0.26,2.37,4.21
2012-10-22,11.30,11.38,11.39,11.22,5711,6480000,0.00,0.00,1.49,2.28
2012-10-23,11.38,11.14,11.42,11.14,8371,9410000,-0.24,-2.11,2.46,3.35
2012-10-24,11.13,11.30,11.33,11.13,7799,8760000,0.16,1.44,1.80,3.12
2012-10-25,11.37,11.15,11.37,11.10,4763,5340000,-0.15,-1.33,2.39,1.91
2012-10-26,11.25,10.90,11.25,10.87,4652,5130000,-0.25,-2.24,3.41,1.86
2012-10-29,11.02,10.97,11.05,10.90,3195,3500000,0.07,0.64,1.38,1.28
2012-10-30,10.96,11.00,11.17,10.80,6431,7110000,0.03,0.27,3.37,2.57
2012-10-31,11.08,11.15,11.15,10.93,3381,3740000,0.15,1.36,2.00,1.35
2012-11-01,11.16,11.18,11.32,11.07,20158,22550000,0.03,0.27,2.24,8.06
2012-11-02,11.18,11.12,11.22,11.04,7665,8530000,-0.06,-0.54,1.61,3.07
2012-11-05,11.15,11.16,11.46,10.90,25239,28300000,0.04,0.36,5.04,10.10
2012-11-06,11.24,11.02,11.24,10.94,8793,9700000,-0.14,-1.25,2.69,3.52
2012-11-07,11.08,11.03,11.14,10.88,11364,12480000,0.01,0.09,2.36,4.55
2012-11-08,10.98,10.83,10.98,10.81,4678,5090000,-0.20,-1.81,1.54,1.87
2012-11-09,10.90,10.77,10.90,10.62,5382,5780000,-0.06,-0.55,2.59,2.15
2012-11-12,10.72,11.00,11.03,10.70,8130,8840000,0.23,2.14,3.06,3.25
2012-11-13,11.18,10.86,11.18,10.70,16123,17560000,-0.14,-1.27,4.36,6.45
2012-11-14,10.83,10.85,10.92,10.73,5862,6350000,-0.01,-0.09,1.75,2.34
2012-11-15,10.85,10.76,10.85,10.58,5007,5360000,-0.09,-0.83,2.49,2.00
2012-11-16,10.63,10.62,10.75,10.52,4014,4250000,-0.14,-1.30,2.14,1.61
2012-11-19,10.60,10.72,10.72,10.55,2181,2320000,0.10,0.94,1.60,0.87
2012-11-20,10.70,10.59,10.74,10.59,2137,2270000,-0.13,-1.21,1.40,0.85
2012-11-21,10.62,10.80,11.17,10.55,29423,31830000,0.21,1.98,5.85,11.77
2012-11-22,10.78,10.63,10.79,10.58,9012,9640000,-0.17,-1.57,1.94,3.60
2012-11-23,10.70,10.92,11.21,10.54,37074,40510000,0.29,2.73,6.30,14.83
2012-11-26,11.00,10.96,11.45,10.91,56556,62610000,0.04,0.37,4.95,22.62
2012-11-27,10.65,9.98,11.07,9.92,23939,24790000,-0.98,-8.94,10.49,9.58
2012-11-28,10.06,10.01,10.24,9.49,23944,23510000,0.03,0.30,7.52,9.58
2012-11-29,10.01,10.07,10.60,9.90,41339,42320000,0.06,0.60,6.99,16.54
2012-11-30,10.18,10.03,10.18,9.71,15462,15430000,-0.04,-0.40,4.67,6.19
2012-12-03,10.06,10.22,10.66,9.80,42840,43990000,0.19,1.89,8.57,17.14
2012-12-04,10.20,10.28,10.57,9.90,33395,34150000,0.06,0.59,6.56,13.36
2012-12-05,10.18,10.60,10.63,9.95,41625,43070000,0.32,3.11,6.61,16.65
2012-12-06,10.50,10.35,10.64,10.33,20190,21100000,-0.25,-2.36,2.92,8.08
2012-12-07,10.28,10.38,10.46,10.20,19324,20010000,0.03,0.29,2.51,7.73
2012-12-10,10.38,10.55,10.63,10.30,19880,20880000,0.17,1.64,3.18,7.95
2012-12-11,10.50,10.57,10.77,10.46,19210,20390000,0.02,0.19,2.94,7.68
2012-12-12,10.55,10.38,10.63,10.27,14748,15340000,-0.19,-1.80,3.41,5.90
2012-12-13,10.36,10.06,10.36,10.06,15359,15620000,-0.32,-3.08,2.89,6.14
2012-12-14,10.06,10.46,10.54,9.90,20393,21110000,0.40,3.98,6.36,8.16
2012-12-17,10.45,10.60,10.61,10.32,14191,14890000,0.14,1.34,2.77,5.68
2012-12-18,10.52,10.26,10.62,10.23,13766,14390000,-0.34,-3.21,3.68,5.51
2012-12-19,10.34,10.36,10.44,10.24,10910,11280000,0.10,0.97,1.95,4.36
2012-12-20,10.35,10.50,10.53,10.22,13735,14340000,0.14,1.35,2.99,5.49
2012-12-21,10.46,10.63,10.87,10.45,28991,30940000,0.13,1.24,4.00,11.60
2012-12-24,10.70,10.87,10.94,10.56,25592,27680000,0.24,2.26,3.57,10.24
2012-12-25,10.80,11.18,11.22,10.80,31213,34440000,0.31,2.85,3.86,12.49
2012-12-26,11.18,11.53,11.59,11.09,31627,36010000,0.35,3.13,4.47,12.65
2012-12-27,11.50,11.07,11.58,11.06,27328,30790000,-0.46,-3.99,4.51,10.93
2012-12-28,11.03,11.24,11.28,10.94,16564,18410000,0.17,1.54,3.07,6.63
2012-12-31,11.18,11.29,11.38,11.10,13669,15340000,0.05,0.44,2.49,5.47
2013-01-04,11.27,11.21,11.35,11.02,13330,14960000,-0.08,-0.71,2.92,5.33
2013-01-07,11.18,11.28,11.34,11.12,10574,11890000,0.07,0.62,1.96,4.23
2013-01-08,11.28,11.43,11.57,11.22,19647,22450000,0.15,1.33,3.10,7.86
2013-01-09,11.39,11.20,11.49,11.11,14464,16320000,-0.23,-2.01,3.32,5.79
2013-01-10,11.19,11.22,11.34,11.14,10744,12080000,0.02,0.18,1.79,4.30
2013-01-11,11.29,11.06,11.34,11.03,15024,16790000,-0.16,-1.43,2.76,6.01
2013-01-14,11.00,11.35,11.41,10.95,15703,17730000,0.29,2.62,4.16,6.28
2013-01-15,11.42,11.58,11.63,11.35,24837,28620000,0.23,2.03,2.47,9.93
2013-01-16,11.57,11.60,11.82,11.44,24753,28700000,0.02,0.17,3.28,9.90
2013-01-17,11.46,11.47,11.80,11.43,16055,18590000,-0.13,-1.12,3.19,6.42
2013-01-18,11.46,11.78,11.90,11.44,20585,23840000,0.31,2.70,4.01,8.23
2013-01-21,11.75,11.73,11.98,11.54,20854,24360000,-0.05,-0.42,3.74,8.34
2013-01-22,11.65,11.44,11.68,11.41,12624,14590000,-0.29,-2.47,2.30,5.05
2013-01-23,11.40,11.41,11.50,11.29,7806,8900000,-0.03,-0.26,1.84,3.12
2013-01-24,11.38,11.09,11.66,11.01,16190,18310000,-0.32,-2.80,5.70,6.48
2013-01-25,10.90,11.19,11.21,10.82,15452,17030000,0.10,0.90,3.52,6.18
2013-01-28,11.15,11.35,11.46,11.08,8464,9520000,0.16,1.43,3.40,3.39
2013-01-29,11.35,11.61,11.63,11.26,16337,18830000,0.26,2.29,3.26,6.53
2013-01-30,11.59,11.71,11.71,11.50,13293,15460000,0.10,0.86,1.81,5.32
2013-01-31,11.65,12.32,12.82,11.52,78313,96110000,0.61,5.21,11.10,31.33
2013-02-01,11.94,11.82,12.16,11.56,36326,42740000,-0.50,-4.06,4.87,14.53
2013-02-04,11.71,11.57,11.78,11.53,19178,22340000,-0.25,-2.12,2.12,7.67
2013-02-05,11.52,11.67,11.85,11.51,9586,11180000,0.10,0.86,2.94,3.83
2013-02-06,11.67,11.63,11.70,11.62,8019,9350000,-0.04,-0.34,0.69,3.21
2013-02-07,11.63,11.63,11.72,11.55,8017,9340000,0.00,0.00,1.46,3.21
2013-02-08,11.62,11.75,11.80,11.62,8090,9500000,0.12,1.03,1.55,3.24
2013-02-18,11.75,11.81,11.90,11.70,14010,16530000,0.06,0.51,1.70,5.60
2013-02-19,11.80,11.82,12.07,11.75,13837,16440000,0.01,0.08,2.71,5.53
2013-02-20,11.70,11.93,11.96,11.68,13180,15610000,0.11,0.93,2.37,5.27
2013-02-21,11.90,11.75,12.06,11.66,13303,15820000,-0.18,-1.51,3.35,5.32
2013-02-22,11.69,11.73,11.88,11.66,7242,8520000,-0.02,-0.17,1.87,2.90
2013-02-25,11.73,11.89,11.93,11.72,5937,7020000,0.16,1.36,1.79,2.37
2013-02-26,11.89,11.66,11.99,11.65,10954,12960000,-0.23,-1.93,2.86,4.38
2013-02-27,11.60,11.95,12.36,11.45,20870,24770000,0.29,2.49,7.80,8.35
2013-02-28,11.79,12.28,12.37,11.76,34186,41680000,0.33,2.76,5.10,13.67
2013-03-01,12.19,12.32,12.37,12.10,20072,24550000,0.04,0.33,2.20,8.03
2013-03-04,12.32,12.00,12.32,11.84,15934,19260000,-0.32,-2.60,3.90,6.37
2013-03-05,11.70,12.35,12.46,11.70,19018,23220000,0.35,2.92,6.33,7.61
2013-03-06,12.41,12.38,12.53,12.29,16270,20190000,0.03,0.24,1.94,6.51
2013-03-07,12.38,12.11,12.68,12.02,13832,16960000,-0.27,-2.18,5.33,5.53
2013-03-08,12.11,11.95,12.19,11.86,11520,13840000,-0.16,-1.32,2.73,4.61
2013-03-11,12.03,11.98,12.04,11.87,6037,7210000,0.03,0.25,1.42,2.41
2013-03-12,11.93,11.56,12.03,11.43,9684,11330000,-0.42,-3.51,5.01,3.87
2013-03-13,11.60,11.42,11.64,11.25,8775,9990000,-0.14,-1.21,3.37,3.51
2013-03-14,11.45,11.42,11.57,11.40,4447,5100000,0.00,0.00,1.49,1.78
2013-03-15,11.49,11.43,11.63,11.30,4824,5540000,0.01,0.09,2.89,1.93
2013-03-18,11.43,11.24,11.50,11.22,3974,4500000,-0.19,-1.66,2.45,1.59
2013-03-19,11.38,11.29,11.38,11.16,5197,5860000,0.05,0.44,1.96,2.08
2013-03-20,11.31,11.63,11.79,11.30,7098,8200000,0.34,3.01,4.34,2.84
2013-03-21,11.58,11.59,11.73,11.53,6669,7760000,-0.04,-0.34,1.72,2.67
2013-03-22,11.66,11.70,11.75,11.53,5816,6770000,0.11,0.95,1.90,2.33
2013-03-25,11.78,11.80,11.93,11.61,8406,9910000,0.10,0.85,2.74,3.36
2013-03-26,11.74,11.66,11.79,11.52,5706,6640000,-0.14,-1.19,2.29,2.28
2013-03-27,11.66,11.55,11.72,11.52,4416,5130000,-0.11,-0.94,1.72,1.77
2013-03-28,11.59,11.13,11.59,11.13,6814,7680000,-0.42,-3.64,3.98,2.73
2013-03-29,11.22,11.14,11.26,11.00,2401,2680000,0.01,0.09,2.34,0.96
2013-04-01,11.14,11.30,11.30,10.98,3111,3480000,0.16,1.44,2.87,1.24
2013-04-02,11.30,10.84,11.31,10.83,8188,9020000,-0.46,-4.07,4.25,3.28
2013-04-03,10.90,10.69,10.93,10.69,3758,4060000,-0.15,-1.38,2.21,1.50
2013-04-08,10.65,10.60,10.67,10.36,4032,4250000,-0.09,-0.84,2.90,1.61
2013-04-09,10.60,10.75,11.00,10.55,3685,3960000,0.15,1.42,4.25,1.47
2013-04-10,10.75,10.73,10.82,10.63,2969,3180000,-0.02,-0.19,1.77,1.19
2013-04-11,10.76,10.74,10.79,10.68,2101,2250000,0.01,0.09,1.03,0.84
2013-04-12,10.69,10.60,10.75,10.60,2928,3120000,-0.14,-1.30,1.40,1.17
2013-04-15,10.58,10.27,10.60,10.27,3318,3450000,-0.33,-3.11,3.11,1.33
2013-04-16,10.13,10.47,10.47,10.10,2334,2410000,0.20,1.95,3.60,0.65
2013-04-17,10.48,10.48,10.53,10.36,1433,1500000,0.01,0.10,1.62,0.40
2013-04-18,10.45,10.65,10.69,10.45,3236,3430000,0.17,1.62,2.29,0.90
2013-04-19,10.65,10.80,10.85,10.63,4657,5010000,0.15,1.41,2.07,1.29
2013-04-22,10.68,10.73,10.84,10.68,3111,3340000,-0.07,-0.65,1.48,0.86
2013-04-23,10.77,10.45,10.77,10.43,3467,3660000,-0.28,-2.61,3.17,0.96
2013-04-24,10.45,10.66,10.68,10.45,3943,4160000,0.21,2.01,2.20,1.09
2013-04-25,10.70,10.61,10.93,10.60,5051,5440000,-0.05,-0.47,3.10,1.40
2013-04-26,10.55,10.36,10.65,10.35,3103,3250000,-0.25,-2.36,2.83,0.86
2013-05-02,10.36,10.45,10.45,10.21,2595,2690000,0.09,0.87,2.32,0.72
2013-05-03,10.51,10.63,10.67,10.44,2820,3000000,0.18,1.72,2.20,0.78
2013-05-06,10.75,10.76,10.83,10.65,5020,5400000,0.13,1.22,1.69,1.39
2013-05-07,10.86,10.87,10.90,10.69,5794,6260000,0.11,1.02,1.95,1.60
2013-05-08,10.88,10.89,10.89,10.79,5512,5980000,0.02,0.18,0.92,1.53
2013-05-09,10.89,10.78,10.89,10.70,6788,7320000,-0.11,-1.01,1.74,1.88
2013-05-10,10.78,10.99,11.06,10.78,10986,11990000,0.21,1.95,2.60,3.04
2013-05-13,11.00,11.19,11.33,11.00,12520,14020000,0.20,1.82,3.00,3.46
2013-05-14,11.23,11.02,11.23,10.90,6807,7520000,-0.17,-1.52,2.95,1.88
2013-05-15,11.03,11.27,11.32,11.00,8208,9140000,0.25,2.27,2.90,2.27
2013-05-16,11.27,11.31,11.40,11.23,8655,9810000,0.04,0.35,1.51,2.40
2013-05-17,11.37,11.64,11.79,11.36,18487,21480000,0.33,2.92,3.80,5.12
2013-05-20,11.68,11.73,11.77,11.59,9481,11090000,0.09,0.77,1.55,2.62
2013-05-21,11.73,12.13,12.13,11.73,16824,20150000,0.40,3.41,3.41,4.66
2013-05-22,12.12,11.80,12.28,11.78,15795,18940000,-0.33,-2.72,4.12,4.37
2013-05-23,11.80,11.73,11.90,11.61,13321,15700000,-0.07,-0.59,2.46,3.69
2013-05-24,11.54,11.62,11.67,11.39,10721,12340000,0.20,1.75,2.45,2.97
2013-05-27,11.63,11.63,11.70,11.51,8193,9520000,0.01,0.09,1.64,2.27
2013-05-28,11.61,11.42,11.66,11.40,13114,15070000,-0.21,-1.81,2.24,3.63
2013-05-29,11.42,11.45,11.56,11.38,9251,10610000,0.03,0.26,1.58,2.56
2013-05-30,11.41,11.49,11.50,11.30,15976,18220000,0.04,0.35,1.75,4.42
2013-05-31,11.50,11.60,11.82,11.50,16593,19290000,0.11,0.96,2.79,4.59
2013-06-03,11.60,11.47,11.68,11.43,11645,13500000,-0.13,-1.12,2.16,3.22
2013-06-04,11.51,11.15,11.51,11.10,9602,10790000,-0.32,-2.79,3.57,2.66
2013-06-05,11.15,11.44,11.53,11.09,7365,8310000,0.29,2.60,3.95,2.04
2013-06-06,11.38,11.49,11.80,11.36,25397,29590000,0.05,0.44,3.85,7.03
2013-06-07,11.48,11.46,11.51,11.13,17322,19550000,-0.03,-0.26,3.31,4.79
2013-06-13,11.30,11.01,11.30,10.66,12236,13360000,-0.45,-3.93,5.58,3.39
2013-06-14,11.01,11.11,11.29,10.91,7110,7870000,0.10,0.91,3.45,1.97
2013-06-17,11.22,11.32,11.55,11.09,11090,12500000,0.21,1.89,4.14,3.07
2013-06-18,11.28,11.27,11.38,11.10,5975,6700000,-0.05,-0.44,2.47,1.65
2013-06-19,11.28,11.17,11.28,10.90,7901,8750000,-0.10,-0.89,3.37,2.19
2013-06-20,11.16,10.80,11.16,10.80,7533,8260000,-0.37,-3.31,3.22,2.08
2013-06-21,10.70,10.65,10.73,10.51,5945,6320000,-0.15,-1.39,2.04,1.65
2013-06-24,10.67,10.15,10.67,10.05,6308,6500000,-0.50,-4.69,5.82,1.75
2013-06-25,10.16,10.05,10.24,9.46,9882,9710000,-0.10,-0.99,7.68,2.73
2013-06-26,10.05,10.20,10.23,9.92,5907,5960000,0.15,1.49,3.08,1.63
2013-06-27,10.19,10.00,10.42,9.96,6034,6150000,-0.20,-1.96,4.51,1.67
2013-06-28,9.98,10.07,10.22,9.80,4334,4350000,0.07,0.70,4.20,1.20
2013-07-01,10.05,10.30,10.32,10.01,4294,4360000,0.23,2.28,3.08,1.19
2013-07-02,10.35,10.50,10.52,10.21,6168,6430000,0.20,1.94,3.01,1.71
2013-07-03,10.50,10.61,10.72,10.23,7381,7750000,0.11,1.05,4.67,2.04
2013-07-04,10.58,11.35,11.66,10.49,41606,47120000,0.74,6.97,11.03,11.51
2013-07-05,11.40,11.37,11.75,11.19,39053,44920000,0.02,0.18,4.93,10.81
2013-07-08,10.28,10.23,10.58,10.23,27663,28580000,-1.14,-10.03,3.08,7.66
2013-07-09,9.91,9.99,10.05,9.72,12276,12190000,-0.24,-2.35,3.23,3.40
2013-07-10,10.01,10.24,10.24,9.91,8224,8320000,0.25,2.50,3.30,2.28
2013-07-11,10.21,10.44,10.56,10.17,11399,11830000,0.20,1.95,3.81,3.15
2013-07-12,10.41,10.43,10.57,10.33,11688,12220000,-0.01,-0.10,2.30,3.23
2013-07-15,10.42,10.52,10.59,10.24,7902,8290000,0.09,0.86,3.36,2.19
2013-07-16,10.41,10.75,10.75,10.41,7000,7450000,0.23,2.19,3.23,1.94
2013-07-17,10.75,10.56,10.85,10.53,6577,7040000,-0.19,-1.77,2.98,1.82
2013-07-18,10.52,10.63,10.65,10.40,7513,7930000,0.07,0.66,2.37,2.08
2013-07-19,10.69,10.40,10.69,10.35,7618,8020000,-0.23,-2.16,3.20,2.11
2013-07-22,10.41,10.57,10.60,10.37,7048,7390000,0.17,1.63,2.21,1.95
2013-07-23,10.54,10.80,10.89,10.54,8729,9410000,0.23,2.18,3.31,2.42
2013-07-24,10.73,10.85,10.86,10.72,6242,6740000,0.05,0.46,1.30,1.73
2013-07-25,10.83,11.10,11.15,10.71,11483,12590000,0.25,2.30,4.06,3.18
2013-07-26,11.00,11.25,11.74,10.88,58670,67200000,0.15,1.35,7.75,16.24
2013-07-29,11.23,10.94,11.29,10.85,16118,17760000,-0.31,-2.76,3.91,4.46
2013-07-30,10.89,10.70,11.04,10.38,15272,16270000,-0.24,-2.19,6.03,4.23
2013-07-31,10.63,10.82,10.87,10.63,14938,16060000,0.12,1.12,2.24,4.13
2013-08-01,10.80,10.98,11.04,10.69,15097,16440000,0.16,1.48,3.23,4.18
2013-08-02,11.00,10.91,11.07,10.89,24441,26830000,-0.07,-0.64,1.64,6.76
2013-08-05,10.94,11.18,11.27,10.85,20319,22700000,0.27,2.47,3.85,5.62
2013-08-06,11.19,11.34,11.48,11.15,22278,25300000,0.16,1.43,2.95,6.17
2013-08-07,11.33,11.23,11.50,11.20,14648,16560000,-0.11,-0.97,2.65,4.05
2013-08-08,11.23,11.32,11.37,11.18,11953,13490000,0.09,0.80,1.69,3.31
2013-08-09,11.30,11.35,11.47,11.12,13262,15050000,0.03,0.27,3.09,3.67
2013-08-12,11.36,11.38,11.38,11.25,12146,13750000,0.03,0.26,1.15,3.36
2013-08-13,11.35,11.56,11.56,11.35,15148,17350000,0.18,1.58,1.85,4.19
2013-08-14,11.56,11.34,11.58,11.30,12331,14080000,-0.22,-1.90,2.42,3.41
2013-08-15,11.30,11.22,11.74,11.22,12336,14100000,-0.12,-1.06,4.59,3.41
2013-08-16,11.12,11.02,11.38,10.98,12720,14230000,-0.20,-1.78,3.57,3.52
2013-08-19,10.95,11.19,11.20,10.90,8121,8990000,0.17,1.54,2.72,2.25
2013-08-20,11.14,11.17,11.31,11.04,11182,12520000,-0.02,-0.18,2.41,3.09
2013-08-21,11.20,11.42,11.42,11.11,11686,13230000,0.25,2.24,2.78,3.23
2013-08-22,11.33,11.33,11.46,11.29,8116,9210000,-0.09,-0.79,1.49,2.25
2013-08-23,11.36,11.25,11.42,11.13,13854,15630000,-0.08,-0.71,2.56,3.83
2013-08-26,11.25,11.61,11.70,11.19,25699,29660000,0.36,3.20,4.53,7.11
2013-08-27,11.61,11.66,11.72,11.47,26995,31280000,0.05,0.43,2.15,7.47
2013-08-28,11.52,11.73,12.11,11.40,38624,45520000,0.07,0.60,6.09,10.69
2013-08-29,11.74,11.86,12.05,11.66,28183,33410000,0.13,1.11,3.32,7.80
2013-08-30,11.86,11.98,12.10,11.64,37645,44710000,0.12,1.01,3.88,10.42
2013-09-02,12.00,11.76,12.15,11.51,19488,22940000,-0.22,-1.84,5.34,5.39
2013-09-03,11.84,11.90,11.94,11.66,14666,17370000,0.14,1.19,2.38,4.06
2013-09-04,11.92,11.71,12.00,11.66,13692,16110000,-0.19,-1.60,2.86,3.79
2013-09-05,11.71,11.72,11.78,11.58,12709,14840000,0.01,0.09,1.71,3.52
2013-09-06,11.72,12.30,12.45,11.64,43607,52780000,0.58,4.95,6.91,12.07
2013-09-09,12.32,12.17,12.33,12.07,27745,33780000,-0.13,-1.06,2.11,7.68
2013-09-10,12.17,12.25,12.42,12.12,23927,29300000,0.08,0.66,2.47,6.62
2013-09-11,12.23,11.98,12.32,11.84,24533,29580000,-0.27,-2.20,3.92,6.79
2013-09-12,11.97,12.25,12.29,11.90,17277,21030000,0.27,2.25,3.26,4.78
2013-09-13,12.27,12.23,12.40,12.05,11925,14520000,-0.02,-0.16,2.86,3.30
2013-09-16,12.23,12.41,12.54,12.06,21711,26860000,0.18,1.47,3.92,6.01
2013-09-17,12.32,12.17,12.47,12.15,11751,14440000,-0.24,-1.93,2.58,3.25
2013-09-18,12.17,12.37,12.38,12.03,11903,14590000,0.20,1.64,2.88,3.29
2013-09-23,12.33,12.49,12.58,12.21,15521,19290000,0.12,0.97,2.99,4.30
2013-09-24,12.47,12.26,12.80,12.26,25390,31560000,-0.23,-1.84,4.32,7.03
2013-09-25,12.25,12.54,12.77,12.15,25985,32280000,0.28,2.28,5.06,7.19
2013-09-26,12.47,12.16,12.63,12.13,18333,22670000,-0.38,-3.03,3.99,5.07
2013-09-27,12.13,12.27,12.40,12.06,12470,15250000,0.11,0.90,2.80,3.45
2013-09-30,12.35,12.38,12.39,12.20,13687,16830000,0.11,0.90,1.55,3.79
2013-10-08,12.45,12.47,12.55,12.33,11162,13890000,0.09,0.73,1.78,3.09
2013-10-09,12.41,12.59,12.59,12.36,10307,12860000,0.12,0.96,1.84,2.85
2013-10-10,12.57,12.20,12.75,12.20,16898,20890000,-0.39,-3.10,4.37,4.68
2013-10-11,12.22,12.36,12.50,12.22,13316,16460000,0.16,1.31,2.30,3.69
2013-10-14,12.30,12.53,12.55,12.30,12868,16040000,0.17,1.38,2.02,3.56
2013-10-15,12.53,12.46,12.56,12.36,9488,11820000,-0.07,-0.56,1.60,2.63
2013-10-16,12.39,11.80,12.47,11.78,24910,29930000,-0.66,-5.30,5.54,6.89
2013-10-17,11.97,11.84,12.04,11.79,14070,16740000,0.04,0.34,2.12,3.89
2013-10-18,11.84,11.90,11.98,11.73,7538,8950000,0.06,0.51,2.11,2.09
2013-10-21,11.91,12.24,12.26,11.90,13434,16300000,0.34,2.86,3.03,3.72
2013-10-22,12.27,12.08,12.27,12.03,12282,14920000,-0.16,-1.31,1.96,3.40
2013-10-23,12.06,11.76,12.14,11.70,15590,18500000,-0.32,-2.65,3.64,4.31
2013-10-24,11.76,11.70,11.84,11.68,8058,9460000,-0.06,-0.51,1.36,2.23
2013-10-25,11.77,11.69,11.91,11.63,10643,12560000,-0.01,-0.09,2.39,2.95
2013-10-28,11.69,11.73,11.78,11.66,9520,11150000,0.04,0.34,1.03,2.63
2013-10-29,11.76,11.44,11.85,11.21,12754,14690000,-0.29,-2.47,5.46,3.53
2013-10-30,11.45,11.79,11.83,11.40,11006,12840000,0.35,3.06,3.76,3.05
2013-10-31,11.77,11.86,12.10,11.70,21148,25290000,0.07,0.59,3.39,5.85
2013-11-01,11.80,11.74,11.98,11.65,13793,16280000,-0.12,-1.01,2.78,3.82
2013-11-04,11.75,12.12,12.20,11.75,20707,24980000,0.38,3.24,3.83,5.73
2013-11-05,12.05,12.32,12.33,11.88,29907,36260000,0.20,1.65,3.71,8.28
2013-11-06,12.27,12.14,12.45,12.12,20462,25180000,-0.18,-1.46,2.68,5.66
2013-11-07,12.17,12.11,12.37,12.06,18795,22950000,-0.03,-0.25,2.55,5.20
2013-11-08,12.12,12.33,12.55,12.03,35929,44220000,0.22,1.82,4.29,9.94
2013-11-11,12.25,13.21,13.40,12.16,57609,74380000,0.88,7.14,10.06,15.94
2013-11-12,13.16,13.86,14.44,13.02,96742,132010000,0.65,4.92,10.75,26.77
2013-11-13,13.66,13.91,14.20,13.52,66627,92330000,0.05,0.36,4.91,18.44
2013-11-14,13.82,15.30,15.30,13.72,81443,120120000,1.39,9.99,11.36,22.54
2013-11-15,16.20,16.83,16.83,15.71,82713,135220000,1.53,10.00,7.32,22.89
2013-11-18,17.00,16.85,17.46,16.11,127342,214740000,0.02,0.12,8.02,35.24
2013-11-19,16.52,16.33,16.59,16.01,84922,138300000,-0.52,-3.09,3.44,23.50
2013-11-20,16.20,16.41,16.48,16.06,61379,99950000,0.08,0.49,2.57,16.99
2013-11-21,16.00,15.78,16.19,15.42,69983,110480000,-0.63,-3.84,4.69,19.37
2013-11-22,15.83,15.99,16.28,15.67,48258,77280000,0.21,1.33,3.87,13.36
2013-11-25,16.40,16.29,16.40,15.99,52809,85770000,0.30,1.88,2.56,14.61
2013-11-26,16.08,16.35,17.17,15.87,75314,124200000,0.06,0.37,7.98,20.84
2013-11-27,16.05,16.02,16.34,15.90,46961,75480000,-0.33,-2.02,2.69,13.00
2013-11-28,16.05,16.79,17.06,15.97,78132,129810000,0.77,4.81,6.80,21.62
2013-11-29,16.76,16.96,17.65,16.69,80442,137730000,0.17,1.01,5.72,22.26
2013-12-02,15.30,15.26,15.72,15.26,44967,68910000,-1.70,-10.02,2.71,12.44
2013-12-03,14.10,14.57,14.98,13.73,65237,92570000,-0.69,-4.52,8.19,18.05
2013-12-04,14.46,14.50,15.13,14.38,43800,64690000,-0.07,-0.48,5.15,12.12
2013-12-05,14.37,14.55,14.74,14.35,26133,37970000,0.05,0.34,2.69,7.23
2013-12-06,14.49,14.49,14.77,14.40,22434,32690000,-0.06,-0.41,2.54,6.21
2013-12-09,14.42,14.98,14.98,14.42,30154,44670000,0.49,3.38,3.86,8.35
2013-12-10,15.17,15.11,15.49,14.90,34215,52000000,0.13,0.87,3.94,9.47
2013-12-11,14.93,15.00,15.17,14.72,20061,29940000,-0.11,-0.73,2.98,5.55
2013-12-12,15.00,15.28,15.37,15.00,23615,35990000,0.28,1.87,2.47,6.54
2013-12-13,15.24,15.37,15.40,14.97,23882,36360000,0.09,0.59,2.81,6.61
2013-12-16,15.25,14.62,15.30,14.62,19776,29540000,-0.75,-4.88,4.42,5.47
2013-12-17,14.52,14.39,14.71,14.39,12386,18040000,-0.23,-1.57,2.19,3.43
2013-12-18,14.35,14.40,14.58,14.28,9502,13700000,0.01,0.07,2.08,2.63
2013-12-19,14.41,14.32,14.68,14.30,10514,15270000,-0.08,-0.56,2.64,2.91
2013-12-20,14.34,14.17,14.45,14.00,12592,17880000,-0.15,-1.05,3.14,3.48
2013-12-23,14.08,14.32,14.43,13.87,11123,15830000,0.15,1.06,3.95,3.08
2013-12-24,14.24,14.49,14.75,14.24,14722,21400000,0.17,1.19,3.56,4.07
2013-12-25,14.59,15.45,15.60,14.59,35081,53480000,0.96,6.63,6.97,9.71
2013-12-26,15.31,14.90,15.49,14.87,25784,39010000,-0.55,-3.56,4.01,7.14
2013-12-27,14.98,15.55,15.68,14.98,30617,47220000,0.65,4.36,4.70,8.47
2013-12-30,15.65,15.56,15.94,15.42,23644,37010000,0.01,0.06,3.34,6.54
2013-12-31,15.46,15.21,15.61,14.94,15180,23140000,-0.35,-2.25,4.31,4.20
2014-01-02,15.20,15.47,15.49,15.00,16350,25100000,0.26,1.71,3.22,4.52
2014-01-03,15.47,15.59,15.59,15.17,19756,30440000,0.12,0.78,2.71,5.47
2014-01-06,15.65,14.69,15.75,14.58,23235,35480000,-0.90,-5.77,7.50,6.43
2014-01-07,14.61,14.88,15.01,14.39,14968,22060000,0.19,1.29,4.22,4.14
2014-01-08,14.97,14.94,15.24,14.83,13962,20970000,0.06,0.40,2.76,3.86
2014-01-09,15.00,14.68,15.28,14.60,16163,24350000,-0.26,-1.74,4.55,4.47
2014-01-10,14.60,13.78,14.60,13.67,20481,28940000,-0.90,-6.13,6.34,5.67
2014-01-13,13.96,13.88,13.97,13.59,13108,18060000,0.10,0.73,2.76,3.63
2014-01-14,13.82,14.25,14.26,13.75,12126,17120000,0.37,2.67,3.67,3.36
2014-01-15,14.18,14.36,14.46,14.12,12025,17160000,0.11,0.77,2.39,3.33
2014-01-16,14.48,14.60,14.71,14.30,13790,20040000,0.24,1.67,2.86,3.82
2014-01-17,14.50,14.44,14.58,14.31,9905,14270000,-0.16,-1.10,1.85,2.74
2014-01-20,14.50,14.39,14.69,14.20,10135,14690000,-0.05,-0.35,3.39,2.80
2014-01-21,14.40,14.53,14.62,14.38,9044,13110000,0.14,0.97,1.67,2.50
2014-01-22,14.55,15.17,15.19,14.53,23425,34990000,0.64,4.40,4.54,6.48
2014-01-23,15.20,15.18,15.24,14.94,19105,28790000,0.01,0.07,1.98,5.29
2014-01-24,15.03,15.34,15.48,15.02,20634,31600000,0.16,1.05,3.03,5.71
2014-01-27,15.36,15.14,15.36,15.08,12627,19190000,-0.20,-1.30,1.83,3.49
2014-01-28,15.17,14.90,15.26,14.89,12858,19270000,-0.24,-1.59,2.44,3.56
2014-01-29,14.90,15.05,15.14,14.90,10268,15410000,0.15,1.01,1.61,2.84
2014-01-30,15.08,14.86,15.13,14.81,9097,13610000,-0.19,-1.26,2.13,2.52
2014-02-07,14.75,15.03,15.04,14.50,9223,13660000,0.17,1.14,3.63,2.55
2014-02-10,15.06,15.66,15.86,15.06,29994,46590000,0.63,4.19,5.32,8.30
2014-02-11,15.60,15.76,15.82,15.31,28891,45130000,0.10,0.64,3.26,8.00
2014-02-12,15.70,16.44,16.46,15.57,36394,58990000,0.68,4.31,5.65,10.07
2014-02-13,16.41,15.84,16.41,15.75,24602,39520000,-0.60,-3.65,4.01,6.81
2014-02-14,15.83,16.12,16.30,15.78,18075,29100000,0.28,1.77,3.28,5.00
2014-02-17,16.17,16.65,16.65,16.16,31160,51110000,0.53,3.29,3.04,8.62
2014-02-18,16.67,16.50,16.80,16.37,29710,49170000,-0.15,-0.90,2.58,8.22
2014-02-19,16.50,16.26,16.60,16.12,22092,36020000,-0.24,-1.45,2.91,6.11
2014-02-20,16.24,15.98,16.34,15.90,16548,26590000,-0.28,-1.72,2.71,4.58
2014-02-21,15.93,16.07,16.31,15.88,13779,22220000,0.09,0.56,2.69,3.81
2014-02-24,16.16,16.40,16.41,15.95,13969,22620000,0.33,2.05,2.86,3.87
2014-02-25,16.47,15.28,16.66,15.21,25383,40650000,-1.12,-6.83,8.84,7.02
2014-02-26,15.28,15.26,15.40,14.83,13906,20990000,-0.02,-0.13,3.73,3.85
2014-02-27,15.30,15.10,15.65,14.88,11682,17930000,-0.16,-1.05,5.05,3.23
2014-02-28,15.02,15.07,15.10,14.61,10030,14900000,-0.03,-0.20,3.25,2.78
2014-03-03,15.07,15.52,15.57,15.07,11870,18160000,0.45,2.99,3.32,3.29
2014-03-04,15.40,15.34,15.40,15.13,8652,13240000,-0.18,-1.16,1.74,2.39
2014-03-05,15.34,15.41,15.59,15.33,8967,13860000,0.07,0.46,1.69,2.48
2014-03-06,15.42,15.88,15.89,15.34,17032,26730000,0.47,3.05,3.57,4.71
2014-03-07,15.90,17.47,17.47,15.89,37277,64100000,1.59,10.01,9.95,10.32
2014-03-10,18.17,17.99,18.80,17.48,110904,201330000,0.52,2.98,7.56,30.69
2014-03-11,17.94,16.81,17.95,16.75,57551,99100000,-1.18,-6.56,6.67,15.93
2014-03-12,16.70,15.45,16.70,15.13,57477,91220000,-1.36,-8.09,9.34,15.91
2014-03-13,15.46,15.53,15.72,15.29,25585,39760000,0.08,0.52,2.78,7.08
2014-03-14,15.56,15.04,15.70,15.04,23749,36430000,-0.49,-3.16,4.25,6.57
2014-03-17,15.08,16.54,16.54,15.08,32598,51940000,1.50,9.97,9.71,9.02
2014-03-18,16.88,18.19,18.19,16.78,57149,101610000,1.65,9.98,8.52,15.82
2014-03-19,18.74,18.50,19.99,18.40,130773,248430000,0.31,1.70,8.74,36.19
2014-03-20,18.73,18.62,20.10,18.58,101133,195310000,0.12,0.65,8.22,27.99
2014-03-21,18.07,18.81,19.17,17.78,63287,117600000,0.19,1.02,7.47,17.51
2014-03-24,18.64,19.84,20.58,18.51,80814,158970000,1.03,5.48,11.00,22.37
2014-03-25,19.86,18.47,20.45,18.02,60271,115410000,-1.37,-6.91,12.25,16.68
2014-03-26,18.28,20.32,20.32,18.25,70367,137240000,1.85,10.02,11.21,19.47
2014-03-27,20.79,20.10,21.70,20.10,97577,203290000,-0.22,-1.08,7.87,27.00
2014-03-28,20.28,19.90,20.78,18.91,62385,124000000,-0.20,-1.00,9.30,17.27
2014-03-31,19.74,18.88,20.18,18.50,43741,83720000,-1.02,-5.13,8.44,12.11
2014-04-01,19.82,19.52,20.57,19.37,63660,126990000,0.64,3.39,6.36,17.62
2014-04-02,19.02,21.15,21.15,18.85,70783,141340000,1.63,8.35,11.78,19.59
2014-04-03,20.76,21.72,22.33,20.35,83906,178690000,0.57,2.70,9.36,23.22
2014-04-04,21.67,21.45,22.19,21.19,48173,104220000,-0.27,-1.24,4.60,13.33
2014-04-08,21.10,21.80,22.25,20.90,49758,108150000,0.35,1.63,6.29,13.77
2014-04-09,21.99,23.98,23.98,21.34,76851,173250000,2.18,10.00,12.11,21.27
2014-04-10,24.00,24.40,25.84,23.81,94017,232030000,0.42,1.75,8.47,26.02
2014-04-11,24.01,25.60,26.30,23.82,81016,203460000,1.20,4.92,10.16,22.42
2014-04-14,25.60,28.16,28.16,25.40,84953,231210000,2.56,10.00,10.78,23.51
2014-04-15,28.72,27.29,29.08,26.40,94134,258100000,-0.87,-3.09,9.52,26.05
2014-04-16,26.80,27.60,28.49,26.01,82125,223330000,0.31,1.14,9.09,22.73
2014-04-17,27.31,25.60,27.34,25.60,61602,161780000,-2.00,-7.25,6.30,17.05
2014-04-18,25.39,25.77,26.40,25.30,44219,114790000,0.17,0.66,4.30,12.24
2014-04-21,25.58,25.95,26.29,24.81,39580,101590000,0.18,0.70,5.74,10.95
2014-04-22,25.67,24.40,25.79,23.76,51485,126680000,-1.55,-5.97,7.82,14.25
2014-04-23,24.40,24.51,24.78,24.10,30401,74210000,0.11,0.45,2.79,8.41
2014-04-24,24.20,25.97,26.48,23.56,58748,147160000,1.46,5.96,11.91,16.26
2014-04-25,25.42,23.88,25.96,23.88,36853,92460000,-2.09,-8.05,8.01,10.20
2014-04-28,23.08,21.49,23.40,21.49,46983,103250000,-2.39,-10.01,8.00,13.00
2014-04-29,21.29,21.76,21.99,21.19,26720,57960000,0.27,1.26,3.72,7.39
2014-04-30,21.86,21.89,22.80,21.80,33112,73240000,0.13,0.60,4.60,9.16
2014-05-05,21.89,22.57,22.70,21.28,29949,66220000,0.68,3.11,6.49,8.29
2014-05-06,22.50,23.10,23.50,22.38,33623,77120000,0.53,2.35,4.96,9.31
2014-05-07,22.85,22.01,22.88,22.00,34505,77040000,-1.09,-4.72,3.81,9.55
2014-05-08,21.68,21.80,22.44,21.36,26545,57990000,-0.21,-0.95,4.91,7.35
2014-05-09,22.30,22.17,23.82,22.16,47083,106830000,0.37,1.70,7.61,13.03
2014-05-12,21.84,22.85,23.22,21.84,36227,81860000,0.68,3.07,6.22,10.03
2014-05-13,22.77,22.97,23.46,22.60,26498,61070000,0.12,0.53,3.76,7.33
2014-05-14,23.28,25.27,25.27,23.01,58498,143250000,2.30,10.01,9.84,16.19
2014-05-15,25.47,26.50,27.70,25.32,104565,276260000,1.23,4.87,9.42,28.94
2014-05-16,26.90,25.78,26.90,24.62,63779,163730000,-0.72,-2.72,8.60,17.65
2014-05-19,12.83,12.95,14.00,12.83,180188,242360000,0.12,0.94,9.12,24.93
2014-05-20,13.01,13.48,13.85,12.70,168098,224130000,0.53,4.09,8.88,23.26
2014-05-21,13.29,13.11,13.40,12.82,105004,137710000,-0.37,-2.74,4.30,14.53
2014-05-22,13.15,12.80,13.28,12.66,107306,139200000,-0.31,-2.36,4.73,14.85
2014-05-23,12.59,12.46,12.64,11.87,135856,165600000,-0.34,-2.66,6.02,18.80
2014-05-26,12.25,13.11,13.16,12.20,117189,148420000,0.65,5.22,7.70,16.22
2014-05-27,12.96,12.72,13.07,12.63,86190,110700000,-0.39,-2.97,3.36,11.93
2014-05-28,12.72,13.02,13.26,12.71,91158,118530000,0.30,2.36,4.32,12.61
2014-05-29,12.95,12.31,12.95,12.30,93197,117210000,-0.71,-5.45,4.99,12.90
2014-05-30,12.20,13.05,13.30,12.04,162892,209940000,0.74,6.01,10.24,22.54
2014-06-03,12.87,13.28,13.30,12.55,115050,149590000,0.23,1.76,5.75,15.92
2014-06-04,13.20,13.03,13.56,12.87,93850,124080000,-0.25,-1.88,5.20,12.99
2014-06-05,13.08,13.10,13.18,12.72,71367,92450000,0.07,0.54,3.53,9.88
2014-06-06,13.01,13.82,13.95,12.80,178431,240950000,0.72,5.50,8.78,24.69
2014-06-09,13.70,14.20,14.20,13.63,163171,226990000,0.38,2.75,4.12,22.58
2014-06-10,14.00,14.12,14.42,13.71,133911,188260000,-0.08,-0.56,5.00,18.53
2014-06-11,14.05,14.57,14.69,13.81,156519,225190000,0.45,3.19,6.23,21.66
2014-06-12,14.57,14.28,14.67,14.22,114545,164850000,-0.29,-1.99,3.09,15.85
2014-06-13,14.31,14.76,15.38,14.20,180633,267940000,0.48,3.36,8.26,25.00
2014-06-16,14.70,14.78,14.79,14.45,98551,144060000,0.02,0.14,2.30,13.64
2014-06-17,14.66,14.29,14.76,14.28,74091,107130000,-0.49,-3.32,3.25,10.25
2014-06-18,14.36,13.85,14.40,13.67,71965,100370000,-0.44,-3.08,5.11,9.96
2014-06-19,13.81,13.15,14.04,12.78,64101,86780000,-0.70,-5.05,9.10,8.87
2014-06-20,12.73,13.09,13.25,12.72,40906,53270000,-0.06,-0.46,4.03,5.66
2014-06-23,13.02,13.22,13.46,13.02,42666,56810000,0.13,0.99,3.36,5.90
2014-06-24,13.20,13.05,13.36,12.99,52670,69160000,-0.17,-1.29,2.80,7.29
2014-06-25,13.19,14.36,14.36,13.19,155519,218650000,1.31,10.04,8.97,21.52
2014-06-26,14.80,15.22,15.39,14.42,218578,326330000,0.86,5.99,6.75,30.25
2014-06-27,14.98,15.34,15.54,14.80,157220,238250000,0.12,0.79,4.86,21.76
2014-06-30,15.15,15.75,16.12,14.81,184676,286870000,0.41,2.67,8.54,25.55
2014-07-01,15.45,15.55,15.68,15.25,107804,166350000,-0.20,-1.27,2.73,14.92
2014-07-02,15.67,15.18,15.67,15.01,104698,160590000,-0.37,-2.38,4.24,14.49
2014-07-03,15.17,15.42,15.90,14.90,118928,185100000,0.24,1.58,6.59,16.46
2014-07-04,15.24,15.42,15.57,15.10,59152,90630000,0.00,0.00,3.05,8.19
2014-07-07,15.36,16.29,16.30,15.15,145577,231200000,0.87,5.64,7.46,20.14
2014-07-08,16.28,16.35,16.60,15.90,113333,183400000,0.06,0.37,4.30,15.68
2014-07-09,16.29,15.30,16.49,15.13,129153,205960000,-1.05,-6.42,8.32,17.87
2014-07-10,15.20,15.24,15.53,15.13,68216,104480000,-0.06,-0.39,2.61,9.44
2014-07-11,15.35,15.87,16.05,15.35,74017,116970000,0.63,4.13,4.59,10.24
2014-07-14,15.64,15.80,15.87,15.40,56948,88980000,-0.07,-0.44,2.96,7.88
2014-07-15,15.75,15.59,15.87,15.09,56126,86710000,-0.21,-1.33,4.94,7.77
2014-07-16,15.40,15.18,15.47,15.10,32976,50220000,-0.41,-2.63,2.37,4.56
2014-07-17,15.10,15.64,15.83,15.00,62292,96470000,0.46,3.03,5.47,8.62
2014-07-18,15.60,15.54,15.75,15.38,31241,48490000,-0.10,-0.64,2.37,4.32
2014-07-21,15.54,15.19,15.58,15.00,33231,50600000,-0.35,-2.25,3.73,4.60
2014-07-22,15.18,15.34,15.52,15.05,33295,50950000,0.15,0.99,3.09,4.61
2014-07-23,15.34,14.51,15.34,14.42,60377,89860000,-0.83,-5.41,6.00,8.35
2014-07-24,14.49,14.41,14.73,14.19,41748,60350000,-0.10,-0.69,3.72,5.78
2014-07-25,14.42,14.17,14.50,14.04,37205,52900000,-0.24,-1.67,3.19,5.15
2014-07-28,14.23,14.41,14.49,14.20,32621,46930000,0.24,1.69,2.05,4.51
2014-07-29,14.55,15.57,15.70,14.50,86813,132450000,1.16,8.05,8.33,12.01
2014-07-30,15.41,15.46,15.70,15.21,65184,100800000,-0.11,-0.71,3.15,9.02
2014-07-31,15.46,15.30,15.50,15.00,53999,82090000,-0.16,-1.03,3.23,7.47
2014-08-01,15.31,14.92,15.31,14.92,38133,57500000,-0.38,-2.48,2.55,5.28
2014-08-04,14.95,15.07,15.17,14.92,26390,39770000,0.15,1.01,1.68,3.65
2014-08-05,15.05,14.99,15.05,14.73,36925,55000000,-0.08,-0.53,2.12,5.11
2014-08-06,14.99,15.40,15.54,14.84,60234,92230000,0.41,2.74,4.67,8.33
2014-08-07,15.25,15.11,15.36,15.09,31256,47550000,-0.29,-1.88,1.75,4.33
2014-08-08,15.12,15.16,15.28,15.00,26303,39850000,0.05,0.33,1.85,3.64
2014-08-11,15.12,15.32,15.43,15.11,30928,47410000,0.16,1.06,2.11,4.28
2014-08-12,15.35,15.48,15.48,15.23,44168,67960000,0.16,1.04,1.63,6.11
2014-08-13,15.49,15.29,15.54,15.17,34304,52430000,-0.19,-1.23,2.39,4.75
2014-08-14,15.26,15.18,15.37,15.13,31091,47310000,-0.11,-0.72,1.57,4.30
2014-08-15,15.24,15.22,15.28,15.06,29125,44190000,0.04,0.26,1.45,4.03
2014-08-18,15.20,15.67,15.68,15.12,59547,92090000,0.45,2.96,3.68,8.24
2014-08-19,15.85,15.61,15.98,15.48,69127,108230000,-0.06,-0.38,3.19,9.57
2014-08-20,15.58,15.47,15.58,15.35,44502,68670000,-0.14,-0.90,1.47,6.16
2014-08-21,15.45,15.72,15.76,15.40,56151,87700000,0.25,1.62,2.33,7.77
2014-08-22,15.76,16.36,16.58,15.62,111137,179110000,0.64,4.07,6.11,15.38
2014-08-25,16.32,16.00,16.33,15.92,62746,100840000,-0.36,-2.20,2.51,8.68
2014-08-26,15.76,15.41,15.99,15.30,47907,74680000,-0.59,-3.69,4.31,6.63
2014-08-27,15.43,15.94,15.96,15.43,61955,97890000,0.53,3.44,3.44,8.57
2014-08-28,15.94,15.55,15.94,15.41,30814,48190000,-0.39,-2.45,3.33,4.26
2014-08-29,15.56,15.57,15.64,15.37,24195,37500000,0.02,0.13,1.74,3.35
2014-09-01,15.60,15.90,15.92,15.58,35368,55890000,0.33,2.12,2.18,4.89
2014-09-02,15.99,16.28,16.30,15.86,81827,132100000,0.38,2.39,2.77,11.32
2014-09-03,16.52,17.03,17.58,16.52,129244,220780000,0.75,4.61,6.51,17.88
2014-09-04,16.96,17.07,17.21,16.76,80518,137140000,0.04,0.23,2.64,11.14
2014-09-05,16.89,16.91,17.07,16.64,54289,91470000,-0.16,-0.94,2.52,7.51
2014-09-09,16.83,17.53,17.60,16.83,75470,131280000,0.62,3.67,4.55,10.44
2014-09-10,17.54,17.44,17.55,17.18,54901,95200000,-0.09,-0.51,2.11,7.60
2014-09-11,17.50,16.95,17.85,16.95,79123,137420000,-0.49,-2.81,5.16,10.95
2014-09-12,16.85,17.35,17.35,16.85,45401,78210000,0.40,2.36,2.95,6.28
2014-09-15,17.44,17.63,17.85,17.36,52656,92840000,0.28,1.61,2.82,7.29
2014-09-16,17.63,16.89,17.85,16.86,57678,99900000,-0.74,-4.20,5.62,7.98
2014-09-17,16.90,16.84,17.08,16.41,38481,64280000,-0.05,-0.30,3.97,5.32
2014-09-18,16.83,17.40,17.40,16.63,32532,55170000,0.56,3.33,4.57,4.50
2014-09-19,17.40,17.38,17.51,17.11,39506,68610000,-0.02,-0.11,2.30,5.47
2014-09-22,17.30,16.88,17.30,16.82,24328,41280000,-0.50,-2.88,2.76,3.37
2014-09-23,16.80,17.00,17.10,16.70,22613,38390000,0.12,0.71,2.37,3.13
2014-09-24,17.01,17.88,18.18,16.89,77224,135000000,0.88,5.18,7.59,10.69
2014-09-25,17.79,17.80,18.17,17.64,61637,110170000,-0.08,-0.45,2.96,8.53
2014-09-26,17.74,17.93,18.13,17.70,39244,70420000,0.13,0.73,2.42,5.43
2014-09-29,18.04,18.02,18.50,17.83,53779,97710000,0.09,0.50,3.74,7.44
2014-09-30,18.10,17.96,18.10,17.66,37347,66610000,-0.06,-0.33,2.44,5.17
2014-10-08,17.90,18.24,18.28,17.73,32012,57760000,0.28,1.56,3.06,4.43
2014-10-09,18.27,18.54,18.77,17.90,64579,119270000,0.30,1.64,4.77,8.94
2014-10-10,18.55,18.33,18.68,18.28,41252,76060000,-0.21,-1.13,2.16,5.71
2014-10-13,18.25,18.10,18.25,17.78,33977,61050000,-0.23,-1.25,2.56,4.70
2014-10-14,18.00,17.87,18.37,17.80,31912,57640000,-0.23,-1.27,3.15,4.42
2014-10-15,17.89,17.95,18.05,17.70,19961,35690000,0.08,0.45,1.96,2.76
2014-10-16,17.89,17.14,17.97,17.10,43397,76180000,-0.81,-4.51,4.85,6.01
2014-10-17,17.12,17.00,17.23,16.60,33155,55960000,-0.14,-0.82,3.68,4.59
2014-10-20,16.58,16.02,16.58,15.33,84915,134600000,-0.98,-5.76,7.35,11.75
2014-10-21,15.85,16.15,16.28,15.75,39678,63740000,0.13,0.81,3.31,5.49
2014-10-22,16.08,15.44,16.12,15.42,33288,52700000,-0.71,-4.40,4.33,4.61
2014-10-23,15.38,15.71,15.78,15.05,36633,55910000,0.27,1.75,4.73,5.07
2014-10-24,15.60,16.02,16.59,15.58,38512,62120000,0.31,1.97,6.43,5.33
2014-10-27,16.00,16.18,16.38,15.60,23327,37330000,0.16,1.00,4.87,3.23
2014-10-28,16.18,16.49,16.75,16.18,30395,50040000,0.31,1.92,3.52,4.21
2014-10-29,16.44,16.60,16.71,16.44,33968,56310000,0.11,0.67,1.64,4.70
2014-10-30,16.54,16.30,16.66,16.21,31711,52040000,-0.30,-1.81,2.71,4.39
2014-10-31,16.36,16.17,16.43,15.91,27261,43890000,-0.13,-0.80,3.19,3.77
2014-11-03,16.17,16.60,16.61,16.17,29178,47890000,0.43,2.66,2.72,4.04
2014-11-04,16.62,16.44,16.65,16.38,18597,30660000,-0.16,-0.96,1.63,2.57
2014-11-05,16.40,16.50,16.59,16.32,19658,32390000,0.06,0.37,1.64,2.72
2014-11-06,16.58,16.57,16.62,16.38,18039,29790000,0.07,0.42,1.45,2.50
2014-11-07,16.60,16.13,16.60,16.08,21299,34950000,-0.44,-2.66,3.14,2.95
2014-11-10,16.01,15.95,16.20,15.71,22668,36020000,-0.18,-1.12,3.04,3.14
2014-11-11,15.98,14.98,16.00,14.70,40586,61860000,-0.97,-6.08,8.15,5.62
2014-11-12,14.99,15.42,15.51,14.95,19151,29450000,0.44,2.94,3.74,2.65
2014-11-13,15.40,14.94,15.40,14.80,25701,38420000,-0.48,-3.11,3.89,3.56
2014-11-14,14.98,14.85,15.10,14.80,12663,18900000,-0.09,-0.60,2.01,1.75
2014-11-17,14.91,15.42,15.49,14.86,19770,30080000,0.57,3.84,4.24,2.74
2014-11-18,15.43,15.67,15.90,15.42,17065,26690000,0.25,1.62,3.11,2.36
2014-11-19,15.57,15.55,15.83,15.40,12874,19990000,-0.12,-0.77,2.74,1.78
2014-11-20,15.45,15.39,15.54,15.38,8697,13410000,-0.16,-1.03,1.03,1.20
2014-11-21,15.39,15.45,15.55,15.30,12309,19020000,0.06,0.39,1.62,1.70
2014-11-24,15.55,15.60,15.77,15.41,19979,31070000,0.15,0.97,2.33,2.76
2014-11-25,15.61,15.74,15.80,15.51,16096,25280000,0.14,0.90,1.86,2.23
2014-11-26,15.74,15.89,15.98,15.62,17762,28110000,0.15,0.95,2.29,2.46
2014-11-27,15.90,16.14,16.25,15.89,28907,46450000,0.25,1.57,2.27,4.00
2014-11-28,16.15,15.89,16.15,15.77,26273,41790000,-0.25,-1.55,2.35,3.64
2014-12-01,15.89,15.20,15.89,15.11,28820,44170000,-0.69,-4.34,4.91,3.99
2014-12-02,15.22,15.52,15.75,15.22,20201,31490000,0.32,2.11,3.49,2.80
2014-12-03,15.52,15.60,15.68,15.08,26215,40200000,0.08,0.52,3.87,3.63
2014-12-04,15.61,15.70,15.87,15.53,29398,46130000,0.10,0.64,2.18,4.07
2014-12-05,15.71,15.36,15.72,15.10,37592,57540000,-0.34,-2.17,3.95,5.20
2014-12-08,15.37,15.13,15.45,15.08,32973,50020000,-0.23,-1.50,2.41,4.56
2014-12-09,15.11,14.14,15.11,14.13,50111,72890000,-0.99,-6.54,6.48,6.93
2014-12-10,14.08,14.48,14.63,14.05,20146,29090000,0.34,2.40,4.10,2.79
2014-12-11,14.39,14.58,14.60,14.28,20311,29350000,0.10,0.69,2.21,2.81
2014-12-12,14.58,14.78,14.78,14.58,17766,26090000,0.20,1.37,1.37,2.46
2014-12-15,14.75,15.05,15.15,14.63,18849,28230000,0.27,1.83,3.52,2.61
2014-12-16,15.10,15.01,15.16,14.91,15524,23330000,-0.04,-0.27,1.66,2.15
2014-12-17,15.01,14.50,15.01,14.38,20747,30250000,-0.51,-3.40,4.20,2.87
2014-12-18,14.50,14.19,14.50,14.17,27407,39120000,-0.31,-2.14,2.28,3.79
2014-12-19,14.19,14.14,14.35,14.02,19399,27470000,-0.05,-0.35,2.33,2.68
2014-12-22,14.14,13.22,14.26,12.74,29109,38630000,-0.92,-6.51,10.75,4.03
2014-12-23,13.30,13.15,13.48,13.02,15650,20670000,-0.07,-0.53,3.48,2.17
2014-12-24,13.30,13.45,13.47,13.15,12730,16970000,0.30,2.28,2.43,1.76
2014-12-25,13.46,13.62,13.93,13.45,16120,22020000,0.17,1.26,3.57,2.23
2014-12-26,13.52,13.45,13.66,13.37,12477,16800000,-0.17,-1.25,2.13,1.73
2014-12-29,13.45,12.99,13.45,12.73,21117,27240000,-0.46,-3.42,5.35,2.92
2014-12-30,13.00,12.85,13.10,12.74,13154,16890000,-0.14,-1.08,2.77,1.82
2014-12-31,12.85,12.95,12.97,12.73,10526,13550000,0.10,0.78,1.87,1.46
2015-01-05,12.94,12.83,13.00,12.60,19462,24880000,-0.12,-0.93,3.09,2.69
2015-01-06,12.85,13.45,13.55,12.84,30923,41170000,0.62,4.83,5.53,4.28
2015-01-07,13.51,13.54,13.82,13.50,23772,32330000,0.09,0.67,2.38,3.29
2015-01-08,13.48,13.33,13.49,13.13,14070,18740000,-0.21,-1.55,2.66,1.95
2015-01-09,13.38,13.23,13.43,13.20,13315,17780000,-0.10,-0.75,1.73,1.84
2015-01-12,13.23,13.42,13.42,13.02,11588,15410000,0.19,1.44,3.02,1.60
2015-01-13,13.49,13.59,13.65,13.41,18353,24880000,0.17,1.27,1.79,2.54
2015-01-14,13.68,13.42,13.69,13.34,14762,19940000,-0.17,-1.25,2.58,2.04
2015-01-15,13.48,13.56,13.61,13.32,15105,20450000,0.14,1.04,2.16,2.09
2015-01-16,13.54,13.79,13.83,13.52,17238,23680000,0.23,1.70,2.29,2.39
2015-01-19,13.60,13.65,14.08,13.50,25365,35040000,-0.14,-1.02,4.21,3.51
2015-01-20,13.63,14.20,14.26,13.60,28703,40140000,0.55,4.03,4.84,3.97
2015-01-21,14.19,14.36,14.36,14.08,26107,37220000,0.16,1.13,1.97,3.61
2015-01-22,14.35,14.46,14.49,14.20,24333,34940000,0.10,0.70,2.02,3.37
2015-01-23,14.47,14.12,14.51,14.06,20708,29550000,-0.34,-2.35,3.11,2.87
2015-01-26,14.09,14.37,14.43,14.02,15373,21920000,0.25,1.77,2.90,2.13
2015-01-27,14.37,14.32,14.48,14.13,16947,24280000,-0.05,-0.35,2.44,2.35
2015-01-28,14.32,14.21,14.37,14.13,13560,19340000,-0.11,-0.77,1.68,1.88
2015-01-29,14.21,14.43,14.44,14.07,18433,26370000,0.22,1.55,2.60,2.55
2015-01-30,15.08,14.82,15.45,14.82,58698,88540000,0.39,2.70,4.37,8.12
2015-02-02,14.56,14.31,14.56,14.01,24622,35420000,-0.51,-3.44,3.71,3.41
2015-02-03,14.32,14.44,14.58,14.26,16266,23470000,0.13,0.91,2.24,2.25
2015-02-04,14.55,14.63,14.73,14.46,17736,25950000,0.19,1.32,1.87,2.45
2015-02-05,14.68,14.48,14.75,14.46,13689,19900000,-0.15,-1.03,1.98,1.89
2015-02-06,14.40,14.02,14.45,14.00,14720,20900000,-0.46,-3.18,3.11,2.04
2015-02-09,14.00,13.64,14.09,13.62,11550,15980000,-0.38,-2.71,3.35,1.60
2015-02-10,13.60,13.90,13.90,13.51,9363,12810000,0.26,1.91,2.86,1.30
2015-02-11,13.85,14.00,14.00,13.78,10081,14000000,0.10,0.72,1.58,1.40
2015-02-12,14.01,14.18,14.19,14.00,7715,10890000,0.18,1.29,1.36,1.07
2015-02-13,14.50,14.50,14.99,14.45,29440,43340000,0.32,2.26,3.81,4.07
2015-02-16,14.42,14.71,14.78,14.42,21804,31960000,0.21,1.45,2.48,3.02
2015-02-17,14.80,14.78,14.89,14.60,14849,21900000,0.07,0.48,1.97,2.05
2015-02-25,14.83,14.84,14.89,14.71,12923,19150000,0.06,0.41,1.22,1.79
2015-02-26,14.78,14.94,15.10,14.78,14694,21940000,0.10,0.67,2.16,2.03
2015-02-27,14.90,14.95,15.09,14.83,17660,26460000,0.01,0.07,1.74,2.44
2015-03-02,15.01,15.25,15.25,14.96,27606,41680000,0.30,2.01,1.94,3.82
2015-03-03,15.26,15.33,15.60,15.11,40504,62330000,0.08,0.52,3.21,5.60
2015-03-04,15.24,15.49,15.49,15.10,30250,46160000,0.16,1.04,2.54,4.19
2015-03-05,15.47,15.85,16.15,15.36,54470,86110000,0.36,2.32,5.10,7.54
2015-03-06,15.80,15.54,16.00,15.54,27876,43740000,-0.31,-1.96,2.90,3.86
2015-03-09,15.52,15.39,15.52,15.00,20732,31690000,-0.15,-0.97,3.35,2.87
2015-03-10,15.39,15.79,15.94,15.39,23690,37270000,0.40,2.60,3.57,3.28
2015-03-11,15.86,15.69,16.08,15.60,20815,32860000,-0.10,-0.63,3.04,2.88
2015-03-12,15.67,15.90,16.09,15.62,29325,46530000,0.21,1.34,3.00,4.06
2015-03-13,16.58,16.64,17.39,16.10,63336,106710000,0.74,4.65,8.11,8.76
2015-03-16,16.52,17.81,18.08,16.29,78088,134910000,1.17,7.03,10.76,10.81
2015-03-17,17.55,17.65,17.89,17.41,59722,105160000,-0.16,-0.90,2.70,8.26
2015-03-18,17.63,17.60,17.75,17.30,43019,75260000,-0.05,-0.28,2.55,5.95
2015-03-19,17.68,17.74,17.76,17.43,43001,75660000,0.14,0.80,1.88,5.95
2015-03-20,17.94,18.19,18.38,17.61,67533,122030000,0.45,2.54,4.34,9.34
2015-03-23,18.35,18.50,18.55,18.00,66982,122570000,0.31,1.70,3.02,9.27
2015-03-24,18.60,17.80,18.60,17.48,104048,186870000,-0.70,-3.78,6.05,14.40
2015-03-25,17.70,17.47,17.70,17.24,65023,113180000,-0.33,-1.85,2.58,9.00
2015-03-26,17.46,17.30,17.62,17.20,46654,81000000,-0.17,-0.97,2.40,6.46
2015-03-27,17.37,18.20,18.45,17.37,76037,135830000,0.90,5.20,6.24,10.52
2015-03-30,18.10,17.88,18.10,17.73,55037,98510000,-0.32,-1.76,2.03,7.62
2015-03-31,17.88,19.08,19.56,17.88,148869,280460000,1.20,6.71,9.40,20.60
2015-04-01,18.91,19.18,19.45,18.80,81302,155240000,0.10,0.52,3.41,11.25
2015-04-02,19.18,19.40,19.40,18.91,67339,129250000,0.22,1.15,2.55,9.32
2015-04-03,19.25,19.55,19.88,19.02,69104,135190000,0.15,0.77,4.43,9.56
2015-04-07,19.72,19.56,19.96,19.37,71447,139520000,0.01,0.05,3.02,9.89
2015-04-08,19.59,18.91,19.59,18.68,68259,130040000,-0.65,-3.32,4.65,9.45
2015-04-09,18.71,20.28,20.40,18.38,115567,223290000,1.37,7.24,10.68,15.99
2015-04-10,20.00,20.23,20.78,19.81,100852,205910000,-0.05,-0.25,4.78,13.96
2015-04-13,20.16,20.56,20.85,19.91,75501,154660000,0.33,1.63,4.65,10.45
2015-04-14,20.40,19.88,20.40,19.70,60716,121800000,-0.68,-3.31,3.40,8.40
2015-04-15,19.68,18.20,19.82,18.00,76311,144040000,-1.68,-8.45,9.15,10.56
2015-04-16,18.00,18.45,18.63,17.60,44042,80400000,0.25,1.37,5.66,2.20
2015-04-17,18.45,18.45,18.80,18.18,44488,82210000,0.00,0.00,3.36,2.22
2015-04-20,18.45,17.75,18.45,17.71,55338,99600000,-0.70,-3.79,4.01,2.77
2015-04-21,17.79,18.49,18.60,17.79,40623,74310000,0.74,4.17,4.56,2.03
2015-04-22,18.70,19.41,19.78,18.68,69409,133880000,0.92,4.98,5.95,3.47
2015-04-23,19.37,19.27,19.58,19.05,51216,98810000,-0.14,-0.72,2.73,2.56
2015-04-24,18.99,19.86,19.88,18.66,58876,114260000,0.59,3.06,6.33,2.94
2015-04-27,20.20,19.92,20.38,19.67,77613,154710000,0.06,0.30,3.58,3.88
2015-04-28,19.72,18.75,19.85,18.65,61823,118180000,-1.17,-5.87,6.02,3.09
2015-04-29,18.69,18.84,19.27,18.49,38282,72500000,0.09,0.48,4.16,1.91
2015-04-30,18.87,18.56,19.11,18.56,53988,101800000,-0.28,-1.49,2.92,2.70
2015-05-04,18.60,18.95,19.11,18.11,55864,104480000,0.39,2.10,5.39,2.79
2015-05-05,18.85,19.00,19.48,18.70,68125,129500000,0.12,0.64,4.13,3.41
2015-05-06,19.39,19.16,19.66,19.00,74324,143720000,0.16,0.84,3.47,3.72
2015-05-07,19.17,20.40,20.67,19.16,127625,255620000,1.24,6.47,7.88,6.38
2015-05-08,20.59,22.21,22.44,19.95,201763,426020000,1.81,8.87,12.21,10.09
2015-08-04,19.99,19.99,19.99,19.99,26310,52590000,-2.22,-10.00,0.00,1.32
2015-08-05,18.62,21.04,21.90,18.62,216634,442790000,1.05,5.25,16.41,10.83
2015-08-06,20.00,20.22,21.56,19.81,193369,403690000,-0.82,-3.90,8.32,9.67
2015-08-07,20.10,22.24,22.24,20.08,178100,373750000,2.02,9.99,10.68,8.91
2015-08-10,23.18,24.46,24.46,22.92,94364,225890000,2.22,9.98,6.92,4.72
2015-08-11,26.91,25.59,26.91,25.05,344516,901610000,1.13,4.62,7.60,17.23
2015-08-12,25.20,28.15,28.15,25.06,247537,670290000,2.56,10.00,12.08,12.38
2015-08-13,28.18,29.30,30.87,26.70,276831,785220000,1.15,4.09,14.81,13.84
2015-08-14,28.66,28.40,29.83,27.60,235536,675360000,-0.90,-3.07,7.61,11.78
2015-08-17,27.50,27.07,27.95,26.60,160851,435700000,-1.33,-4.68,4.75,8.04
2015-08-18,27.07,24.36,28.33,24.36,194646,510700000,-2.71,-10.01,14.67,9.73
2015-08-19,23.12,25.02,25.49,22.02,150046,353900000,0.66,2.71,14.24,7.50
2015-08-20,24.30,23.80,26.66,23.10,117810,286410000,-1.22,-4.88,14.23,5.89
2015-08-21,23.00,21.58,23.80,21.55,97994,222160000,-2.22,-9.33,9.45,4.90
2015-08-24,20.21,19.42,20.68,19.42,98138,193950000,-2.16,-10.01,5.84,4.91
2015-08-25,17.80,17.48,18.51,17.48,133649,239300000,-1.94,-9.99,5.30,6.68
2015-08-26,17.90,18.25,19.19,16.50,139367,254470000,0.77,4.41,15.39,6.97
2015-08-27,19.00,19.90,19.90,18.11,115419,218320000,1.65,9.04,9.81,5.77
2015-08-28,20.20,20.88,21.30,19.47,126787,256220000,0.98,4.92,9.20,6.34
2015-08-31,20.58,18.79,20.58,18.79,78535,155290000,-2.09,-10.01,8.57,3.93
2015-09-01,18.20,16.91,18.20,16.91,87634,151400000,-1.88,-10.01,6.87,4.38
2015-09-02,15.65,15.28,17.50,15.22,79101,125950000,-1.63,-9.64,13.48,3.96
2015-09-07,15.68,15.30,16.50,14.91,88751,140110000,0.02,0.13,10.41,4.44
2015-09-08,15.09,16.39,16.45,14.93,56535,88820000,1.09,7.12,9.93,2.83
2015-09-09,16.60,17.39,17.88,16.56,90783,156510000,1.00,6.10,8.05,4.54
2015-09-10,16.90,16.88,17.77,16.60,54514,93880000,-0.51,-2.93,6.73,2.73
2015-09-11,16.77,17.19,17.45,16.75,51141,87180000,0.31,1.84,4.15,2.56
2015-09-14,17.23,15.47,17.45,15.47,53899,86940000,-1.72,-10.01,11.52,2.70
2015-09-15,14.85,13.93,15.20,13.92,66543,95830000,-1.54,-9.95,8.27,3.33
2015-09-16,14.22,15.28,15.32,14.00,57302,83970000,1.35,9.69,9.48,2.87
2015-09-17,15.19,14.85,15.83,14.75,64174,98320000,-0.43,-2.81,7.07,3.21
2015-09-18,14.98,15.10,15.27,14.61,36140,54170000,0.25,1.68,4.44,1.81
2015-09-21,14.97,16.07,16.35,14.68,57975,91330000,0.97,6.42,11.06,2.90
2015-09-22,15.99,16.65,16.86,15.98,68182,112400000,0.58,3.61,5.48,3.41
2015-09-23,16.18,16.20,16.60,16.00,36989,60460000,-0.45,-2.70,3.60,1.85
2015-09-24,16.25,17.68,17.76,16.25,78797,135340000,1.48,9.14,9.32,3.94
2015-09-25,17.29,16.64,17.77,15.91,75489,127210000,-1.04,-5.88,10.52,3.77
2015-09-28,16.50,17.25,17.30,16.25,46897,79400000,0.61,3.67,6.31,2.34
2015-09-29,16.90,16.32,17.00,16.22,41105,68320000,-0.93,-5.39,4.52,2.06
2015-09-30,16.70,16.61,16.94,16.35,39067,65290000,0.29,1.78,3.62,1.95
2015-10-08,17.50,18.01,18.16,17.12,81736,144360000,1.40,8.43,6.26,4.09
2015-10-09,17.95,18.50,18.69,17.70,73389,134460000,0.49,2.72,5.50,3.67
2015-10-12,18.67,19.86,20.35,18.65,96888,190810000,1.36,7.35,9.19,4.84
2015-10-13,19.45,20.01,20.20,19.33,67961,135640000,0.15,0.76,4.38,3.40
2015-10-14,20.04,20.25,21.20,19.71,78803,161500000,0.24,1.20,7.45,3.94
2015-10-15,20.00,22.28,22.28,19.89,136910,296450000,2.03,10.02,11.80,6.85
2015-10-16,22.30,22.30,23.50,22.00,112985,256280000,0.02,0.09,6.73,5.65
2015-10-19,22.30,21.50,22.52,21.21,88164,192680000,-0.80,-3.59,5.87,4.41
2015-10-20,21.99,22.05,22.18,21.50,61793,134970000,0.55,2.56,3.16,3.09
2015-10-21,22.21,21.90,23.80,21.20,152961,345010000,-0.15,-0.68,11.79,7.65
2015-10-22,21.82,24.09,24.09,21.80,143750,330650000,2.19,10.00,10.46,7.19
2015-10-23,24.60,25.19,26.38,23.80,123354,309130000,1.10,4.57,10.71,6.17
2015-10-26,25.19,24.85,25.68,24.17,93989,234210000,-0.34,-1.35,5.99,4.70
2015-10-27,24.49,24.38,24.95,22.57,73482,176340000,-0.47,-1.89,9.58,3.67
2015-10-28,24.44,25.00,25.80,24.05,98504,247020000,0.62,2.54,7.18,4.93
2015-10-29,25.20,25.01,25.54,23.80,42295,105370000,0.01,0.04,6.96,2.11
2015-10-30,24.76,24.66,25.10,24.26,42314,104530000,-0.35,-1.40,3.36,2.12
2015-11-02,23.87,24.50,25.46,23.55,56097,138610000,-0.16,-0.65,7.75,2.80
2015-11-03,24.85,23.00,24.85,22.05,78555,183030000,-1.50,-6.12,11.43,3.93
2015-11-04,23.00,24.23,24.37,22.75,55814,131980000,1.23,5.35,7.04,2.79
2015-11-05,24.62,23.96,24.67,23.45,47433,113960000,-0.27,-1.11,5.04,2.37
2015-11-06,24.06,25.97,26.10,23.95,97358,247670000,2.01,8.39,8.97,4.87
2015-11-09,25.90,26.59,26.92,25.05,98740,257690000,0.62,2.39,7.20,4.94
2015-11-10,26.15,26.31,26.58,25.81,38922,102070000,-0.28,-1.05,2.90,1.95
2015-11-11,26.31,25.85,26.46,25.00,62570,161470000,-0.46,-1.75,5.55,3.13
2015-11-12,25.89,26.72,28.09,25.89,102509,276940000,0.87,3.37,8.51,5.13
2015-11-13,26.50,26.77,27.27,26.01,82513,219630000,0.05,0.19,4.72,4.13
2015-11-16,26.20,28.85,28.90,26.00,71890,200730000,2.08,7.77,10.83,3.59
2015-11-17,29.36,28.65,30.36,28.10,87411,255700000,-0.20,-0.69,7.83,4.37
2015-11-18,28.86,27.40,28.98,27.00,58086,161040000,-1.25,-4.36,6.91,2.90
2015-11-19,27.48,28.39,28.39,27.20,33590,93570000,0.99,3.61,4.34,1.68
2015-11-20,28.45,29.01,30.12,28.36,64021,188040000,0.62,2.18,6.20,3.20
2015-11-23,28.88,29.57,31.00,27.00,74076,220040000,0.56,1.93,13.79,3.70
2015-11-24,29.20,30.61,30.99,29.02,49057,148090000,1.04,3.52,6.66,2.45
2015-11-25,31.20,33.00,33.55,31.00,80070,258060000,2.39,7.81,8.33,4.00
2015-11-26,32.57,31.65,32.95,31.60,46007,147930000,-1.35,-4.09,4.09,2.30
2015-11-27,31.73,30.17,33.05,30.01,62832,199290000,-1.48,-4.68,9.61,3.14
2015-11-30,30.21,30.67,30.88,27.66,55912,165150000,0.50,1.66,10.67,2.80
2015-12-01,30.65,29.20,30.65,28.68,41960,124590000,-1.47,-4.79,6.42,2.10
2015-12-02,29.50,28.80,29.95,27.00,35242,101500000,-0.40,-1.37,10.10,1.76
2015-12-03,28.60,30.08,30.10,28.60,33513,98680000,1.28,4.44,5.21,1.68
2015-12-04,30.08,30.19,31.30,29.81,65229,199770000,0.11,0.37,4.95,3.26
2015-12-07,30.45,30.22,30.80,29.30,34569,103600000,0.03,0.10,4.97,1.73
2015-12-08,29.90,28.75,29.90,28.52,38559,112730000,-1.47,-4.86,4.57,1.93
2015-12-09,28.18,28.16,28.88,27.18,49564,138860000,-0.59,-2.05,5.91,2.48
2015-12-10,28.04,28.11,28.90,27.61,38347,107940000,-0.05,-0.18,4.58,1.92
2015-12-11,28.16,28.28,28.35,27.63,31855,89440000,0.17,0.60,2.56,1.59
2015-12-14,28.00,28.00,28.00,26.63,47804,129990000,-0.28,-0.99,4.84,2.39
2015-12-15,28.00,28.94,29.13,27.90,41702,119930000,0.94,3.36,4.39,2.09
2015-12-16,28.98,28.12,29.20,28.02,44301,125980000,-0.82,-2.83,4.08,2.22
2015-12-17,28.21,29.69,29.75,28.21,66677,194220000,1.57,5.58,5.48,3.33
2015-12-18,29.52,29.45,30.25,29.15,57232,169900000,-0.24,-0.81,3.71,2.86
2015-12-21,29.48,30.30,30.80,29.20,47621,144340000,0.85,2.89,5.43,2.38
2015-12-22,30.36,30.09,30.66,29.28,45051,134370000,-0.21,-0.69,4.55,2.25
2015-12-23,30.08,28.58,30.08,28.50,43838,128020000,-1.51,-5.02,5.25,2.19
2015-12-24,28.17,28.20,28.49,27.21,38746,107970000,-0.38,-1.33,4.48,1.94
2015-12-25,28.02,29.32,29.36,27.88,26816,76840000,1.12,3.97,5.25,1.34
2015-12-28,29.65,28.66,29.90,28.00,38331,111170000,-0.66,-2.25,6.48,1.92
2015-12-29,28.40,28.81,28.99,28.10,21228,60800000,0.15,0.52,3.11,1.06
2015-12-30,29.02,29.12,30.05,28.71,53205,156860000,0.31,1.08,4.65,2.66
2015-12-31,29.19,29.35,29.88,28.86,43627,127920000,0.23,0.79,3.50,2.18
2016-01-04,29.36,27.19,30.49,27.00,48515,142990000,-2.16,-7.36,11.89,2.43
2016-01-05,26.53,28.89,29.89,25.81,73871,209000000,1.70,6.25,15.01,3.69
2016-01-06,28.92,30.70,30.98,28.13,76306,226430000,1.81,6.27,9.87,3.82
2016-01-07,29.90,27.68,29.98,27.63,16873,48610000,-3.02,-9.84,7.65,0.84
2016-01-08,28.64,26.70,29.10,25.01,79667,217790000,-0.98,-3.54,14.78,3.98
2016-01-11,25.30,24.03,25.30,24.03,54967,134380000,-2.67,-10.00,4.76,2.75
2016-01-12,23.25,22.62,23.78,21.86,46659,105680000,-1.41,-5.87,7.99,2.33
2016-01-13,22.99,20.61,23.38,20.61,33551,75810000,-2.01,-8.89,12.25,1.68
2016-01-14,19.85,21.85,21.99,19.37,45600,95730000,1.24,6.02,12.71,2.28
2016-01-15,21.90,21.98,22.99,21.40,54594,122370000,0.13,0.60,7.28,2.73
2016-01-18,21.00,22.56,22.90,20.85,28737,64050000,0.58,2.64,9.33,1.44
2016-01-19,22.49,23.12,23.22,22.35,35133,80450000,0.56,2.48,3.86,1.76
2016-01-20,23.22,23.08,23.89,22.81,35701,83460000,-0.04,-0.17,4.67,1.79
2016-01-21,22.58,21.54,23.29,21.22,28171,63470000,-1.54,-6.67,8.97,1.41
2016-01-22,21.85,22.11,22.30,21.32,24514,53590000,0.57,2.65,4.55,1.23
2016-01-25,22.36,22.80,23.48,22.36,36163,83230000,0.69,3.12,5.07,1.81
2016-01-26,22.66,20.63,22.74,20.52,29463,63940000,-2.17,-9.52,9.74,1.47
2016-01-27,20.97,21.20,21.49,19.35,31332,64000000,0.57,2.76,10.37,1.57
2016-01-28,20.90,19.70,20.99,19.35,32409,65580000,-1.50,-7.08,7.74,1.62
2016-01-29,19.70,20.83,21.08,19.58,28103,57470000,1.13,5.74,7.61,1.41
2016-02-01,20.93,20.80,21.25,20.02,20216,42210000,-0.03,-0.14,5.90,1.01
2016-02-02,21.11,22.33,22.70,20.11,34337,75640000,1.53,7.36,12.45,1.72
2016-02-03,21.88,22.52,22.90,21.48,26724,59490000,0.19,0.85,6.36,1.34
2016-02-04,22.98,22.58,22.98,22.35,21295,48420000,0.06,0.27,2.80,1.06
2016-02-05,22.76,22.04,22.77,22.00,17786,39650000,-0.54,-2.39,3.41,0.89
2016-02-15,21.00,21.71,22.09,20.35,20504,43580000,-0.33,-1.50,7.89,1.03
2016-02-16,22.09,22.68,22.96,21.88,23461,53120000,0.97,4.47,4.97,1.17
2016-02-17,22.68,23.30,23.66,22.68,33059,76860000,0.62,2.73,4.32,1.65
2016-02-18,23.48,23.96,24.25,23.00,47953,114220000,0.66,2.83,5.36,2.40
2016-02-19,23.62,24.08,24.36,23.50,36762,87770000,0.12,0.50,3.59,1.84
2016-02-22,24.56,24.13,24.58,23.99,35687,86500000,0.05,0.21,2.45,1.78
2016-02-23,24.03,23.74,24.25,23.41,29269,69440000,-0.39,-1.62,3.48,1.46
2016-02-24,23.59,23.98,24.20,23.38,35377,84000000,0.24,1.01,3.45,1.77
2016-02-25,24.24,22.30,24.24,21.66,42563,98180000,-1.68,-7.01,10.76,2.13
2016-02-26,23.23,24.42,24.50,22.30,43972,102510000,2.12,9.51,9.87,2.20
2016-02-29,23.91,24.00,24.77,22.16,71097,169880000,-0.42,-1.72,10.69,3.55
2016-03-01,23.75,24.55,24.58,23.57,46861,113110000,0.55,2.29,4.21,2.34
2016-03-02,24.03,25.80,26.27,23.90,66024,164670000,1.25,5.09,9.65,3.30
2016-03-03,25.50,25.27,25.98,25.01,44941,114760000,-0.53,-2.05,3.76,2.25
2016-03-04,25.03,24.50,25.77,24.36,37772,94680000,-0.77,-3.05,5.58,1.89
2016-03-07,24.50,24.66,25.37,24.20,25436,63060000,0.16,0.65,4.78,1.27
2016-03-08,24.69,24.10,24.80,23.15,35217,83510000,-0.56,-2.27,6.69,1.76
2016-03-09,23.50,23.47,23.83,23.00,19658,46090000,-0.63,-2.61,3.44,0.98
2016-03-10,23.50,22.65,23.71,22.32,31722,72590000,-0.82,-3.49,5.92,1.59
2016-03-11,22.18,21.54,22.63,21.10,34545,74570000,-1.11,-4.90,6.76,1.73
2016-03-14,21.80,22.92,23.03,21.80,44805,101140000,1.38,6.41,5.71,2.24
2016-03-15,22.80,22.47,22.99,22.30,18746,42230000,-0.45,-1.96,3.01,0.94
2016-03-16,22.59,21.83,22.80,21.76,22395,49590000,-0.64,-2.85,4.63,1.12
2016-03-17,21.89,22.76,22.88,21.89,30249,68090000,0.93,4.26,4.54,1.51
2016-03-18,22.82,23.65,24.00,22.69,47596,110900000,0.89,3.91,5.76,2.38
2016-03-21,23.80,23.96,24.05,23.48,59996,142410000,0.31,1.31,2.41,3.00
2016-03-22,23.89,23.78,24.25,23.36,48127,114660000,-0.18,-0.75,3.71,2.41
2016-03-23,23.66,23.96,24.05,23.42,41555,98800000,0.18,0.76,2.65,2.08
2016-03-24,23.90,23.99,24.50,23.50,55999,135170000,0.03,0.13,4.17,2.80
2016-03-25,23.85,24.30,24.41,23.65,45044,108660000,0.31,1.29,3.17,2.25
2016-03-28,24.75,24.43,25.35,24.29,58956,146830000,0.13,0.54,4.36,2.95
2016-03-29,24.00,22.79,24.19,22.40,58916,136230000,-1.64,-6.71,7.33,2.95
2016-03-30,22.88,23.40,23.50,22.83,40535,93820000,0.61,2.68,2.94,2.03
2016-03-31,23.41,22.98,23.56,22.85,41640,96430000,-0.42,-1.79,3.03,2.08
2016-04-01,22.65,22.63,22.99,22.28,27984,63170000,-0.35,-1.52,3.09,1.40
2016-04-05,22.83,23.51,23.56,22.70,41818,97400000,0.88,3.89,3.80,2.09
2016-04-06,23.92,23.68,23.94,23.39,38367,90650000,0.17,0.72,2.34,1.92
2016-04-07,23.90,23.70,24.16,23.50,46470,110550000,0.02,0.08,2.79,2.32
2016-04-08,23.47,23.16,23.58,22.60,29988,69480000,-0.54,-2.28,4.14,1.50
2016-04-11,23.39,23.71,23.93,23.28,36355,85960000,0.55,2.37,2.81,1.82
2016-04-12,23.68,23.25,23.85,23.01,23872,55730000,-0.46,-1.94,3.54,1.19
2016-04-13,23.40,23.64,24.07,23.40,45776,108840000,0.39,1.68,2.88,2.29
2016-04-14,23.94,23.93,23.99,23.55,29133,69350000,0.29,1.23,1.86,1.46
2016-04-15,24.00,24.21,24.30,23.82,36950,88960000,0.28,1.17,2.01,1.85
2016-04-18,24.07,23.62,24.07,23.41,25821,61180000,-0.59,-2.44,2.73,1.29
2016-04-19,23.75,23.67,23.93,23.51,19404,45900000,0.05,0.21,1.78,0.97
2016-04-20,23.72,22.09,23.88,21.65,44548,100730000,-1.58,-6.68,9.42,2.23
2016-04-21,22.13,21.26,22.22,21.15,29239,63870000,-0.83,-3.76,4.84,1.46
2016-04-22,20.97,21.49,21.57,20.93,21897,46680000,0.23,1.08,3.01,1.09
2016-04-25,21.35,21.60,21.66,20.56,23279,49270000,0.11,0.51,5.12,1.16
2016-04-26,21.45,21.59,21.60,20.85,20011,42730000,-0.01,-0.05,3.47,1.00
2016-04-27,21.60,21.76,21.94,21.35,20944,45460000,0.17,0.79,2.73,1.05
2016-04-28,21.81,21.36,21.85,21.07,18167,38790000,-0.40,-1.84,3.58,0.91
2016-04-29,21.15,21.01,21.70,20.94,21789,46180000,-0.35,-1.64,3.56,1.09
2016-05-03,20.84,21.64,21.72,20.80,22285,47720000,0.63,3.00,4.38,1.11
2016-05-04,21.55,22.23,22.45,21.55,33158,73710000,0.59,2.73,4.16,1.66
2016-05-05,22.23,22.22,22.42,22.01,19728,43810000,-0.01,-0.05,1.84,0.99
2016-05-06,22.40,21.46,22.45,21.44,26684,58410000,-0.76,-3.42,4.55,1.33
2016-05-09,21.46,20.30,21.46,20.16,33587,68930000,-1.16,-5.41,6.06,1.68
2016-05-10,20.40,20.25,20.44,20.03,14102,28450000,-0.05,-0.25,2.02,0.71
2016-05-11,20.38,19.97,20.49,19.90,15759,31690000,-0.28,-1.38,2.91,0.79
2016-05-12,19.75,20.26,20.28,19.50,15926,31690000,0.29,1.45,3.91,0.80
2016-05-13,20.26,19.67,20.29,19.52,14690,29280000,-0.59,-2.91,3.80,0.73
2016-05-16,19.50,19.80,19.80,19.20,24989,48970000,0.13,0.66,3.05,1.25
2016-05-17,19.84,19.65,19.89,19.28,24812,48450000,-0.15,-0.76,3.08,1.24
2016-05-18,19.40,19.06,19.50,18.89,16227,31090000,-0.59,-3.00,3.10,0.81
2016-05-19,19.05,19.02,19.40,19.02,16342,31340000,-0.04,-0.21,1.99,0.82
2016-05-20,18.87,19.07,19.09,18.50,16459,31100000,0.05,0.26,3.10,0.82
2016-05-23,19.12,19.23,19.33,19.04,18387,35290000,0.16,0.84,1.52,0.92
2016-05-24,19.05,18.95,19.15,18.76,13465,25480000,-0.28,-1.46,2.03,0.67
2016-05-25,19.05,19.05,19.32,18.86,16443,31340000,0.10,0.53,2.43,0.82
2016-05-26,18.88,19.13,19.18,18.57,12820,24210000,0.08,0.42,3.20,0.64
2016-05-27,19.10,19.45,19.64,18.92,19620,38170000,0.32,1.67,3.76,0.98
2016-05-30,19.42,19.58,19.92,18.80,36750,71840000,0.13,0.67,5.76,1.84
2016-05-31,19.52,20.52,20.74,19.45,35128,71060000,0.94,4.80,6.59,1.76
2016-06-01,20.41,21.34,21.66,20.41,47643,100770000,0.82,4.00,6.09,2.38
2016-06-02,21.14,21.12,21.43,20.90,34370,72430000,-0.22,-1.03,2.48,1.72
2016-06-03,21.10,21.19,21.50,20.98,18435,39080000,0.07,0.33,2.46,0.92
2016-06-06,21.01,20.77,21.33,20.62,22499,46940000,-0.42,-1.98,3.35,1.12
2016-06-07,20.98,20.89,20.98,20.38,24477,50430000,0.12,0.58,2.89,1.22
2016-06-08,20.71,20.65,21.05,20.49,26025,53920000,-0.24,-1.15,2.68,1.30
2016-06-13,20.03,19.45,20.55,19.33,27866,55870000,-1.20,-5.81,5.91,1.39
2016-06-14,19.50,19.20,19.59,18.91,23867,45850000,-0.25,-1.29,3.50,1.19
2016-06-15,19.00,21.12,21.12,18.91,60038,122930000,1.92,10.00,11.51,3.00
2016-06-16,21.42,21.67,21.86,20.88,51086,109580000,0.55,2.60,4.64,2.55
2016-06-17,21.60,21.43,21.87,21.25,35245,76070000,-0.24,-1.11,2.86,1.76
2016-06-20,21.38,21.60,21.85,21.14,25418,54550000,0.17,0.79,3.31,1.27
2016-06-21,22.18,22.90,23.64,22.18,136160,318560000,1.41,6.56,6.79,6.81
2016-06-22,22.22,23.05,23.58,21.91,89759,205550000,0.15,0.66,7.29,4.49
2016-06-23,22.89,24.13,25.06,22.89,99396,240790000,1.08,4.69,9.41,4.97
2016-06-24,24.01,23.37,24.07,22.70,65336,154230000,-0.76,-3.15,5.68,3.27
2016-06-27,23.08,24.56,25.08,23.08,61209,149680000,1.19,5.09,8.56,3.06
2016-06-28,24.35,24.87,25.84,24.21,57148,143650000,0.31,1.26,6.64,2.86
2016-06-29,24.65,24.45,24.96,24.24,35753,87760000,-0.42,-1.69,2.90,1.79
2016-06-30,24.12,24.20,24.44,23.75,28944,69540000,-0.25,-1.02,2.82,1.45
2016-07-01,24.35,23.48,24.39,23.27,51813,122930000,-0.72,-2.98,4.63,2.59
2016-07-04,23.53,24.54,24.54,23.25,67526,161730000,1.06,4.51,5.49,3.38
2016-07-05,24.56,24.70,25.60,24.52,71998,180070000,0.16,0.65,4.40,3.60
2016-07-06,24.70,24.40,24.77,24.10,32449,79020000,-0.30,-1.21,2.71,1.62
2016-07-07,24.35,23.96,24.35,23.37,48334,114970000,-0.44,-1.80,4.02,2.42
2016-07-08,23.94,23.75,23.97,23.45,30457,72210000,-0.21,-0.88,2.17,1.52
2016-07-11,23.75,24.47,25.04,23.65,56949,140060000,0.72,3.03,5.85,2.85
2016-07-12,24.35,24.36,24.68,23.58,44014,106240000,-0.11,-0.45,4.50,2.20
2016-07-13,24.52,24.16,24.98,24.00,33634,82000000,-0.20,-0.82,4.02,1.68
2016-07-14,24.09,24.05,24.16,23.79,21488,51420000,-0.11,-0.46,1.53,1.07
2016-07-15,24.05,25.20,25.80,24.02,71418,179260000,1.15,4.78,7.40,3.57
2016-07-18,24.99,25.06,25.34,24.37,44519,110940000,-0.14,-0.56,3.85,2.23
2016-07-19,25.00,26.84,26.90,24.81,85813,223140000,1.78,7.10,8.34,4.29
2016-07-20,26.65,26.11,26.72,26.02,64928,171160000,-0.73,-2.72,2.61,3.25
2016-07-21,26.05,26.32,26.42,25.71,42350,110290000,0.21,0.80,2.72,2.12
2016-07-22,26.50,25.51,26.87,25.47,52081,136820000,-0.81,-3.08,5.32,2.60
2016-07-25,25.50,25.24,25.75,25.11,39845,101480000,-0.27,-1.06,2.51,1.99
2016-07-26,25.25,25.50,25.69,25.25,25871,65880000,0.26,1.03,1.74,1.29
2016-07-27,25.50,24.50,26.23,23.58,60188,150650000,-1.00,-3.92,10.39,3.01
2016-07-28,24.47,24.05,24.65,23.60,37425,90430000,-0.45,-1.84,4.29,1.87
2016-07-29,24.08,23.10,24.14,22.93,43959,102950000,-0.95,-3.95,5.03,2.20
2016-08-01,23.10,22.21,23.30,21.87,31562,70080000,-0.89,-3.85,6.19,1.58
2016-08-02,22.21,22.36,22.75,22.21,29534,66330000,0.15,0.68,2.43,1.48
2016-08-03,22.58,22.41,22.58,22.15,22366,49940000,0.05,0.22,1.92,1.12
2016-08-04,22.44,22.53,22.61,22.26,18435,41400000,0.12,0.54,1.56,0.92
2016-08-05,22.53,22.30,22.72,22.28,16191,36410000,-0.23,-1.02,1.95,0.81
2016-08-08,22.28,22.89,22.89,21.80,22385,50310000,0.59,2.65,4.89,1.12
2016-08-09,22.66,23.74,23.94,22.66,34370,80880000,0.85,3.71,5.59,1.72
2016-08-10,23.70,23.46,23.79,23.40,16214,38240000,-0.28,-1.18,1.64,0.81
2016-08-11,23.33,23.34,23.89,23.33,16288,38370000,-0.12,-0.51,2.39,0.81
2016-08-12,23.34,23.30,23.50,22.90,17564,40690000,-0.04,-0.17,2.57,0.88
2016-08-15,23.00,23.09,24.19,21.00,108254,242500000,-0.21,-0.90,13.69,5.41
2016-08-16,22.70,22.87,22.96,22.33,59823,135720000,-0.22,-0.95,2.73,2.99
2016-08-17,22.73,22.53,22.80,22.23,46462,104630000,-0.34,-1.49,2.49,2.32
2016-08-18,22.54,22.53,22.66,22.41,30180,67990000,0.00,0.00,1.11,1.51
2016-08-19,22.34,22.35,22.53,22.30,20426,45700000,-0.18,-0.80,1.02,1.02
2016-08-22,22.41,22.50,22.74,22.35,28800,64970000,0.15,0.67,1.75,1.44
2016-08-23,22.50,22.18,22.58,22.10,19893,44520000,-0.32,-1.42,2.13,0.99
2016-08-24,22.35,22.47,22.55,22.20,19122,42840000,0.29,1.31,1.58,0.96
2016-08-25,22.30,22.70,22.79,22.09,32102,72310000,0.23,1.02,3.12,1.61
2016-08-26,22.70,23.14,23.28,22.52,40398,92910000,0.44,1.94,3.35,2.02
2016-08-29,23.11,22.71,23.31,22.57,26661,60870000,-0.43,-1.86,3.20,1.33
2016-08-30,22.57,22.47,23.00,22.40,16542,37350000,-0.24,-1.06,2.64,0.83
2016-08-31,22.47,22.39,22.50,22.15,15190,33910000,-0.08,-0.36,1.56,0.76
2016-09-01,22.39,22.22,22.53,22.21,11875,26550000,-0.17,-0.76,1.43,0.59
2016-09-02,22.40,22.20,22.44,21.95,13428,29770000,-0.02,-0.09,2.21,0.67
2016-09-05,22.20,22.21,22.37,22.11,8255,18390000,0.01,0.05,1.17,0.41
2016-09-06,22.35,22.72,22.72,22.10,22556,50520000,0.51,2.30,2.79,1.13
2016-09-07,22.50,23.11,23.32,22.50,41169,94910000,0.39,1.72,3.61,2.06
2016-09-08,23.20,23.50,23.65,22.93,32899,76980000,0.39,1.69,3.12,1.65
2016-09-09,23.52,23.26,23.58,23.08,21144,49320000,-0.24,-1.02,2.13,1.06
2016-09-12,22.55,23.29,23.60,22.50,32738,75970000,0.03,0.13,4.73,1.64
2016-09-13,23.29,22.89,23.48,22.61,22271,51350000,-0.40,-1.72,3.74,1.11
2016-09-14,22.59,22.73,23.12,22.52,17026,38940000,-0.16,-0.70,2.62,0.85
2016-09-19,22.60,23.23,23.30,22.60,15630,35730000,0.50,2.20,3.08,0.78
2016-09-20,23.23,23.35,24.35,23.20,18403,43250000,0.12,0.52,4.95,0.92
2016-09-21,23.44,23.36,23.53,23.04,14834,34530000,0.01,0.04,2.10,0.74
2016-09-22,23.33,23.27,23.54,23.24,13944,32600000,-0.09,-0.39,1.28,0.70
2016-09-23,23.28,24.05,24.18,23.18,29614,70370000,0.78,3.35,4.30,1.48
2016-09-26,24.05,24.03,24.49,23.72,49214,119150000,-0.02,-0.08,3.20,2.46
2016-09-27,23.80,24.16,24.28,23.63,23372,55800000,0.13,0.54,2.71,1.17
2016-09-28,24.28,23.78,24.33,23.76,14494,34770000,-0.38,-1.57,2.36,0.72
2016-09-29,23.80,23.78,23.96,23.52,14660,34800000,0.00,0.00,1.85,0.73
2016-09-30,23.70,23.96,24.15,23.70,12337,29620000,0.18,0.76,1.89,0.62
2016-10-10,24.36,24.25,24.36,23.78,18380,44190000,0.29,1.21,2.42,0.92
2016-10-11,24.23,24.95,24.96,24.05,30847,76170000,0.70,2.89,3.75,1.54
2016-10-12,24.72,25.11,25.35,24.71,24993,62590000,0.16,0.64,2.57,1.25
2016-10-13,25.44,25.90,26.28,25.05,61105,157670000,0.79,3.15,4.90,3.06
2016-10-14,25.88,25.91,25.95,25.42,22061,56670000,0.01,0.04,2.05,1.10
2016-10-17,25.84,25.10,26.25,25.10,28940,74480000,-0.81,-3.13,4.44,1.45
2016-10-18,25.35,25.52,25.69,25.14,17221,43810000,0.42,1.67,2.19,0.86
2016-10-19,25.49,26.10,26.25,25.23,29657,76550000,0.58,2.27,4.00,1.48
2016-10-20,26.23,25.50,26.23,25.48,20030,51490000,-0.60,-2.30,2.87,1.00
2016-10-21,25.50,25.07,25.70,24.84,15235,38340000,-0.43,-1.69,3.37,0.76
2016-10-24,25.02,25.28,25.42,24.99,18030,45460000,0.21,0.84,1.72,0.90
2016-10-25,25.28,24.97,25.28,24.81,28026,70000000,-0.31,-1.23,1.86,1.40
2016-10-26,25.08,24.53,25.18,24.36,22834,56230000,-0.44,-1.76,3.28,1.14
2016-10-27,24.53,25.68,25.88,24.53,27254,69060000,1.15,4.69,5.50,1.36
2016-10-28,25.69,25.20,25.87,25.20,24539,62720000,-0.48,-1.87,2.61,1.23
2016-10-31,25.20,25.45,25.85,25.03,21590,54960000,0.25,0.99,3.25,1.08
2016-11-01,25.23,25.99,26.15,25.23,24286,62980000,0.54,2.12,3.61,1.21
2016-11-02,26.09,25.67,26.19,25.65,16348,42320000,-0.32,-1.23,2.08,0.82
2016-11-03,25.50,25.75,25.96,25.50,12700,32630000,0.08,0.31,1.79,0.64
2016-11-04,25.59,25.46,25.75,25.20,12469,31740000,-0.29,-1.13,2.14,0.62
2016-11-07,25.20,24.70,25.60,24.66,23267,58470000,-0.76,-2.99,3.69,1.16
2016-11-08,24.80,24.59,25.00,24.38,22397,55040000,-0.11,-0.45,2.51,1.12
2016-11-09,24.83,24.70,24.83,24.36,24731,60800000,0.11,0.45,1.91,1.24
2016-11-10,24.72,25.43,25.50,24.72,36222,91190000,0.73,2.96,3.16,1.81
2016-11-11,25.31,25.40,25.50,25.05,32867,83050000,-0.03,-0.12,1.77,1.64
2016-11-14,25.40,25.60,25.77,25.24,20127,51410000,0.20,0.79,2.09,1.01
2016-11-15,25.60,25.66,26.08,25.51,18201,46950000,0.06,0.23,2.23,0.91
2016-11-16,25.81,28.23,28.23,25.80,75891,211380000,2.57,10.02,9.47,3.79
2016-11-17,28.87,27.68,28.87,27.25,67059,186560000,-0.55,-1.95,5.74,3.35
2016-11-18,27.85,27.50,27.91,27.20,49801,136750000,-0.18,-0.65,2.57,2.49
2016-11-21,27.47,28.24,28.50,27.05,89115,247620000,0.74,2.69,5.27,4.46
2016-11-22,27.77,28.89,30.80,27.77,99193,288630000,0.65,2.30,10.73,4.96
2016-11-23,28.69,29.24,29.55,28.52,60517,176220000,0.35,1.21,3.57,3.03
2016-11-24,29.02,29.24,29.75,28.81,38155,111520000,0.00,0.00,3.21,1.91
2016-11-25,29.24,29.26,29.97,28.95,45169,132660000,0.02,0.07,3.49,2.26
2016-11-28,29.44,30.57,31.06,29.44,93631,283590000,1.31,4.48,5.54,4.68
2016-11-29,30.57,30.81,31.43,29.88,60339,185530000,0.24,0.79,5.07,3.02
2016-11-30,30.81,30.04,30.97,29.50,49557,148840000,-0.77,-2.50,4.77,2.48
2016-12-01,30.04,31.01,31.70,30.03,56170,173250000,0.97,3.23,5.56,2.81
2016-12-02,30.98,29.74,30.98,29.16,37976,114600000,-1.27,-4.10,5.87,1.90
2016-12-05,30.00,28.77,30.19,27.95,83965,242680000,-0.97,-3.26,7.53,4.20
2016-12-06,29.10,28.36,29.50,27.67,52089,146960000,-0.41,-1.43,6.36,2.60
2016-12-07,28.20,28.35,28.75,28.20,28478,81140000,-0.01,-0.04,1.94,1.42
2016-12-08,28.42,28.35,29.38,28.31,37818,108680000,0.00,0.00,3.77,1.89
2016-12-09,28.08,30.04,30.50,28.06,73543,216520000,1.69,5.96,8.61,3.68
2016-12-12,29.05,28.72,29.74,28.58,51809,151280000,-1.32,-4.39,3.86,2.59
2016-12-13,29.00,29.96,30.15,27.92,30159,88110000,1.24,4.32,7.76,1.51
2016-12-14,29.92,29.75,30.72,27.39,29363,88310000,-0.21,-0.70,11.11,1.47
2016-12-15,30.00,29.51,30.18,29.14,24490,72700000,-0.24,-0.81,3.50,1.22
2016-12-16,29.77,29.40,29.77,29.28,17646,52010000,-0.11,-0.37,1.66,0.88
2016-12-19,29.31,30.30,30.46,29.18,38373,115300000,0.90,3.06,4.35,1.92
2016-12-20,30.05,31.00,31.03,29.89,33632,102680000,0.70,2.31,3.76,1.68
2016-12-21,30.94,32.23,32.81,30.75,40332,129390000,1.23,3.97,6.65,2.02
2016-12-22,31.78,32.12,32.78,31.50,27571,88260000,-0.11,-0.34,3.97,1.38
2016-12-23,31.90,32.23,32.50,31.70,16767,53750000,0.11,0.34,2.49,0.84
2016-12-26,32.23,31.70,32.23,31.55,16303,51860000,-0.53,-1.64,2.11,0.82
2016-12-27,31.67,31.60,32.80,31.57,32783,105710000,-0.10,-0.32,3.88,1.64
2016-12-28,31.50,31.15,31.84,30.48,24797,76700000,-0.45,-1.42,4.30,1.24
2016-12-29,31.10,31.20,31.77,30.77,14667,45720000,0.05,0.16,3.21,0.73
2016-12-30,31.04,31.05,31.68,30.79,17474,54730000,-0.15,-0.48,2.85,0.87
2017-01-03,31.08,30.82,31.66,30.66,10144,31410000,-0.23,-0.74,3.22,0.51
2017-01-04,31.30,30.90,31.37,30.81,11031,34250000,0.08,0.26,1.82,0.55
2017-01-05,30.88,31.00,31.17,30.37,14550,44620000,0.10,0.32,2.59,0.73
2017-01-06,31.00,31.41,31.98,30.71,18893,59500000,0.41,1.32,4.10,0.94
2017-01-09,31.43,31.10,31.62,31.00,12145,37930000,-0.31,-0.99,1.97,0.61
2017-01-10,31.51,31.40,31.80,31.11,17484,55060000,0.30,0.96,2.22,0.87
2017-01-11,31.31,30.89,31.37,30.38,23463,72220000,-0.51,-1.62,3.15,1.17
2017-01-12,30.85,30.00,30.89,30.00,10552,32100000,-0.89,-2.88,2.88,0.53
2017-01-13,30.01,29.61,30.27,28.80,20604,60500000,-0.39,-1.30,4.90,1.03
2017-01-16,29.50,28.25,29.50,27.01,21294,60750000,-1.36,-4.59,8.41,1.06
2017-01-17,28.19,28.65,28.75,27.70,14607,41070000,0.40,1.42,3.72,0.73
2017-01-18,28.65,28.14,28.65,27.81,19850,55890000,-0.51,-1.78,2.93,0.99
2017-01-19,27.68,27.56,28.40,27.30,21535,59700000,-0.58,-2.06,3.91,1.08
2017-01-20,27.49,28.18,28.20,27.15,14080,39230000,0.62,2.25,3.81,0.70
2017-01-23,28.48,28.90,29.30,28.20,24100,69560000,0.72,2.56,3.90,1.21
2017-01-24,28.51,28.82,29.22,28.50,8448,24390000,-0.08,-0.28,2.49,0.42
2017-01-25,28.51,29.10,29.19,28.30,11165,32170000,0.28,0.97,3.09,0.56
2017-01-26,29.20,29.45,29.60,28.57,20226,59060000,0.35,1.20,3.54,1.01
2017-02-03,29.63,29.01,29.63,28.91,8491,24790000,-0.44,-1.49,2.44,0.42
2017-02-06,29.03,28.84,29.34,28.55,13841,39880000,-0.17,-0.59,2.72,0.69
2017-02-07,29.20,28.79,29.20,28.70,8026,23192400,-0.05,-0.17,1.734,0.50
2017-02-08,28.89,28.65,28.89,28.32,7659,21853500,-0.14,-0.49,1.98,0.48
2017-02-09,28.66,29.99,30.89,28.56,15762,46402300,1.34,4.68,8.133,0.99
2017-02-10,29.90,29.11,29.95,29.08,12645,37227500,-0.88,-2.93,2.901,0.80
2017-02-13,29.10,28.99,29.40,28.45,19945,57431400,-0.12,-0.41,3.263,1.25
2017-02-14,28.90,28.77,29.17,28.61,11136,32026400,-0.22,-0.76,1.932,0.70
2017-02-15,28.71,28.73,28.92,28.64,6357,18266600,-0.04,-0.14,0.973,0.40
2017-02-16,28.85,28.78,29.35,28.70,7084,20476000,0.05,0.17,2.262,0.45
2017-02-17,25.90,28.25,28.79,25.90,12405,34983800,-0.53,-1.84,10.042,0.78
2017-02-20,28.31,27.58,28.50,27.10,32292,88835700,-0.67,-2.37,4.956,2.03
2017-02-21,27.55,27.55,27.80,27.20,16289,44761500,-0.03,-0.11,2.17,1.02
2017-02-22,27.70,27.85,28.00,27.22,13449,37113600,0.30,1.09,2.83,0.85
2017-02-23,27.85,27.61,27.85,27.47,7877,21722000,-0.24,-0.86,1.36,0.50
2017-02-24,27.61,27.61,27.97,27.50,9741,26969800,0.00,0.00,1.70,0.61
2017-02-27,27.65,27.43,27.65,27.25,9476,26028100,-0.18,-0.65,1.45,0.60
2017-02-28,27.43,27.00,27.65,26.61,25057,67483900,-0.43,-1.57,3.79,1.58
2017-03-01,27.10,27.52,27.52,26.46,18593,50140000,0.52,1.93,3.93,1.17
2017-03-02,27.50,27.24,27.70,27.08,9454,25812700,-0.28,-1.02,2.25,0.59
2017-03-03,27.30,27.27,27.45,26.88,12076,32883900,0.03,0.11,2.09,0.76
2017-03-06,27.21,27.48,27.50,27.02,21536,58627300,0.21,0.77,1.76,1.35
2017-03-07,27.48,28.11,28.11,27.39,19159,53521700,0.63,2.29,2.62,1.20
2017-03-08,28.11,28.15,28.52,27.93,14976,42418800,0.04,0.14,2.10,0.94
2017-03-09,28.15,28.06,28.50,27.86,9128,25720100,-0.09,-0.32,2.27,0.57
2017-03-10,28.17,27.87,28.24,27.79,8575,24005600,-0.19,-0.68,1.60,0.54
2017-03-13,27.95,27.80,28.15,27.20,8842,24558600,-0.07,-0.25,3.41,0.56
2017-03-14,27.80,27.70,27.81,27.38,11653,32193500,-0.10,-0.36,1.55,0.73
2017-03-15,27.75,28.40,28.86,27.71,25188,71334500,0.70,2.53,4.15,1.58
2017-03-16,28.41,28.71,28.97,28.11,17119,49007596,0.31,1.09,3.03,1.07
2017-03-17,28.71,28.60,28.85,28.34,19056,54433661,-0.11,-0.38,1.78,1.20
2017-03-20,28.62,29.11,29.20,28.40,18410,53242161,0.51,1.78,2.80,1.15
2017-03-21,29.10,29.28,29.55,29.03,17782,52024288,0.17,0.58,1.79,1.12
2017-03-22,29.05,29.77,30.10,28.68,23173,68390044,0.49,1.67,4.85,1.45
2017-03-23,29.45,29.92,30.20,29.45,18351,54975542,0.15,0.50,2.52,1.15
2017-03-24,29.74,29.87,30.10,29.61,13151,39211938,-0.05,-0.17,1.64,0.82
2017-03-27,29.90,30.28,30.43,29.90,19430,58783217,0.41,1.37,1.77,1.22
2017-03-28,30.35,30.67,31.14,30.20,24911,76567673,0.39,1.29,3.10,1.56
2017-03-29,30.66,30.33,30.94,29.99,16246,49328309,-0.34,-1.11,3.10,1.02
2017-03-30,30.33,28.99,30.36,28.99,21903,64307833,-1.34,-4.42,4.52,1.37
2017-03-31,29.70,29.49,29.70,29.08,12904,37903313,0.50,1.72,2.14,0.81
2017-04-05,29.79,29.98,30.19,29.30,17981,53693749,0.49,1.66,3.02,1.05
2017-04-06,30.10,31.21,31.74,29.67,33490,103858801,1.23,4.10,6.90,1.96
2017-04-07,31.01,31.48,31.60,30.81,23409,73268044,0.27,0.87,2.53,1.37
2017-04-10,31.50,31.81,32.50,31.49,32715,104703440,0.33,1.05,3.21,1.92
2017-04-11,31.81,31.80,31.98,30.06,23707,74387960,-0.01,-0.03,6.04,1.39
2017-04-12,31.79,31.05,31.79,31.02,15650,48968711,-0.75,-2.36,2.42,0.92
2017-04-13,30.74,30.94,31.55,30.74,8755,27269058,-0.11,-0.35,2.61,0.51
2017-04-14,31.13,30.89,31.25,30.21,12170,37375625,-0.05,-0.16,3.36,0.71
2017-04-17,30.88,29.55,30.88,28.08,17648,52490774,-1.34,-4.34,9.06,1.03
2017-04-18,29.78,28.70,29.87,28.60,15826,45957705,-0.85,-2.88,4.30,0.93
2017-04-19,28.67,29.05,29.38,28.18,11787,33883079,0.35,1.22,4.18,0.69
2017-04-20,28.35,29.35,29.44,28.30,6477,18928314,0.30,1.03,3.92,0.38
