日期,开盘,收盘,最高,最低,交易量(手),交易金额(元),涨跌额,涨跌幅(%),振幅(%),换手率(%)
2015-06-29,16.61,18.40,18.40,16.61,89,160000,5.62,43.98,14.01,0.04
2015-06-30,20.24,20.24,20.24,20.24,31,60000,1.84,10.00,0.00,0.02
2015-07-01,22.26,22.26,22.26,22.26,30,70000,2.02,9.98,0.00,0.02
2015-07-02,24.49,24.49,24.49,24.49,81,200000,2.23,10.02,0.00,0.04
2015-07-03,26.94,26.94,26.94,26.94,396,1070000,2.45,10.00,0.00,0.20
2015-07-06,29.63,29.63,29.63,29.63,484,1430000,2.69,9.99,0.00,0.24
2015-07-07,32.59,32.59,32.59,32.59,3209,10460000,2.96,9.99,0.00,1.60
2015-07-08,35.00,35.85,35.85,29.33,124166,409980000,3.26,10.00,20.01,62.08
2015-07-09,34.70,39.44,39.44,34.60,28965,108910000,3.59,10.01,13.50,14.48
2015-07-10,43.38,43.38,43.38,43.38,368,1600000,3.94,9.99,0.00,0.18
2015-07-13,47.72,47.72,47.72,47.72,304,1450000,4.34,10.00,0.00,0.15
2015-07-14,52.49,52.49,52.49,52.49,283,1490000,4.77,10.00,0.00,0.14
2015-07-15,57.74,57.74,57.74,57.60,45629,263450000,5.25,10.00,0.27,22.81
2015-07-16,51.97,63.51,63.51,51.97,100807,590230000,5.77,9.99,19.99,50.40
2015-07-17,63.00,69.86,69.86,59.01,105698,685570000,6.35,10.00,17.08,52.85
2015-07-20,66.36,64.20,71.50,63.50,89738,605010000,-5.66,-8.10,11.45,44.87
2015-07-21,61.00,66.66,67.60,59.50,73927,482190000,2.46,3.83,12.62,36.96
2015-07-22,64.70,66.70,69.30,64.02,59155,394340000,0.04,0.06,7.92,29.58
2015-07-23,66.22,73.37,73.37,66.03,51796,362790000,6.67,10.00,11.00,25.90
2015-07-24,80.71,80.71,80.71,78.00,92348,742460000,7.34,10.00,3.69,46.17
2015-07-27,74.50,72.64,84.98,72.64,94665,750480000,-8.07,-10.00,15.29,47.33
2015-07-28,65.40,74.09,78.94,65.38,77110,542780000,1.45,2.00,18.67,38.56
2015-07-29,75.50,81.50,81.50,67.60,78700,588060000,7.41,10.00,18.76,39.35
2015-07-30,78.06,78.68,88.50,78.05,82552,681960000,-2.82,-3.46,12.82,41.28
2015-07-31,75.98,78.00,84.47,74.74,64314,505560000,-0.68,-0.86,12.37,32.16
2015-08-03,76.01,70.20,77.74,70.20,56375,409680000,-7.80,-10.00,9.67,28.19
2015-08-04,70.50,72.48,73.30,64.30,62598,429400000,2.28,3.25,12.82,31.30
2015-08-05,69.27,71.70,75.51,68.88,57773,419850000,-0.78,-1.08,9.15,28.89
2015-08-06,68.98,65.40,70.28,65.03,41672,281910000,-6.30,-8.79,7.32,20.84
2015-08-07,66.99,68.36,69.96,66.16,37911,258110000,2.96,4.53,5.81,18.96
2015-08-10,68.32,75.20,75.20,67.66,50884,368700000,6.84,10.01,11.03,25.44
2015-08-11,74.02,75.00,78.47,73.80,51650,394480000,-0.20,-0.27,6.21,25.83
2015-08-12,73.02,72.26,76.10,72.22,36114,267250000,-2.74,-3.65,5.17,18.06
2015-08-13,72.88,76.49,77.40,72.80,41523,314160000,4.23,5.85,6.37,20.76
2015-08-14,76.00,73.78,76.88,73.68,37245,278160000,-2.71,-3.54,4.18,18.62
2015-08-17,73.00,67.88,73.00,67.75,37828,261700000,-5.90,-8.00,7.12,18.91
2015-08-18,68.00,61.91,70.66,61.09,33506,220940000,-5.97,-8.79,14.10,16.75
2015-08-19,60.00,62.81,64.00,55.80,33273,201200000,0.90,1.45,13.25,16.64
2015-08-20,61.00,59.49,62.81,59.11,19372,117360000,-3.32,-5.29,5.89,9.69
2015-08-21,58.10,54.22,58.99,54.02,19464,110030000,-5.27,-8.86,8.35,9.73
2015-08-24,51.49,48.80,51.49,48.80,18265,90050000,-5.42,-10.00,4.96,9.13
2015-08-25,44.80,51.00,53.68,44.01,58513,295670000,2.20,4.51,19.82,29.26
2015-08-26,51.95,56.10,56.10,49.55,64334,350800000,5.10,10.00,12.84,32.17
2015-08-27,56.10,55.95,58.07,51.90,54465,300260000,-0.15,-0.27,11.00,27.23
2015-08-28,55.98,58.30,59.79,53.41,50430,281450000,2.35,4.20,11.40,25.21
2015-08-31,56.00,52.47,56.40,52.47,30964,168100000,-5.83,-10.00,6.74,15.48
2015-09-01,50.00,47.22,50.50,47.22,23286,112340000,-5.25,-10.01,6.25,11.64
2015-09-02,43.50,43.21,49.65,43.00,26533,123050000,-4.01,-8.49,14.08,13.27
2015-09-07,44.50,46.70,47.53,44.00,29630,137500000,3.49,8.08,8.17,14.82
2015-09-08,46.00,51.37,51.37,45.85,35073,173330000,4.67,10.00,11.82,17.54
2015-09-09,51.50,53.48,54.95,51.50,36547,195400000,2.11,4.11,6.72,18.27
2015-09-10,51.61,50.03,52.50,50.00,25226,129720000,-3.45,-6.45,4.67,12.61
2015-09-11,50.22,52.20,54.10,50.21,24869,130140000,2.17,4.34,7.78,12.43
2015-09-14,51.70,46.98,51.72,46.98,27708,135520000,-5.22,-10.00,9.08,13.85
2015-09-15,45.10,45.45,48.50,44.55,21260,98110000,-1.53,-3.26,8.41,10.63
2015-09-16,46.70,50.00,50.00,46.54,36011,176510000,4.55,10.01,7.61,18.01
2015-09-17,51.35,50.15,53.75,49.04,43303,222750000,0.15,0.30,9.42,21.65
2015-09-18,50.78,51.90,53.00,49.81,26944,138720000,1.75,3.49,6.36,13.47
2015-09-21,51.00,54.90,55.00,50.51,38873,207860000,3.00,5.78,8.65,19.44
2015-09-22,55.00,54.46,57.80,54.00,37259,207410000,-0.44,-0.80,6.92,18.63
2015-09-23,52.50,54.89,56.10,51.90,33853,184980000,0.43,0.79,7.71,16.93
2015-09-24,55.30,55.22,57.27,54.50,26128,146100000,0.33,0.60,5.05,13.06
2015-09-25,54.50,50.30,54.90,49.80,26680,139410000,-4.92,-8.91,9.24,13.34
2015-09-28,50.65,54.47,54.95,50.65,20940,110260000,4.17,8.29,8.55,10.47
2015-09-29,53.03,52.87,54.00,52.00,17955,95050000,-1.60,-2.94,3.67,8.98
2015-09-30,52.78,52.85,53.58,51.50,13961,73750000,-0.02,-0.04,3.93,6.98
2015-10-08,55.00,56.36,57.41,54.23,26526,148460000,3.51,6.64,6.02,13.26
2015-10-09,55.95,56.30,56.70,55.45,20561,115450000,-0.06,-0.11,2.22,10.28
2015-10-12,56.90,59.01,59.93,56.90,28947,170020000,2.71,4.81,5.38,14.47
2015-10-13,58.88,60.39,61.50,58.11,25816,155030000,1.38,2.34,5.74,12.91
2015-10-14,59.79,58.77,60.40,58.70,26061,154830000,-1.62,-2.68,2.82,13.03
2015-10-15,58.68,62.45,62.60,58.66,28336,173000000,3.68,6.26,6.70,14.17
2015-10-16,63.05,63.69,64.96,60.75,27645,173460000,1.24,1.99,6.74,13.82
2015-10-19,63.01,66.20,69.75,63.01,40526,269020000,2.51,3.94,10.58,20.26
2015-10-20,65.51,67.75,69.39,65.02,29384,197320000,1.55,2.34,6.60,14.69
2015-10-21,67.46,61.00,68.44,60.98,33551,216980000,-6.75,-9.96,11.01,16.78
2015-10-22,61.15,65.10,65.58,61.15,27300,172520000,4.10,6.72,7.26,13.65
2015-10-23,65.10,66.88,68.49,65.10,24689,165640000,1.78,2.73,5.21,12.34
2015-10-26,68.00,69.99,72.30,67.50,27740,193490000,3.11,4.65,7.18,13.87
2015-10-27,68.30,73.40,74.20,65.86,32083,223550000,3.41,4.87,11.92,16.04
2015-10-28,73.00,74.97,77.75,71.68,36416,273920000,1.57,2.14,8.27,18.21
2015-10-29,74.90,76.99,78.85,72.50,32437,245190000,2.02,2.69,8.47,16.22
2015-10-30,75.69,81.51,84.00,73.99,33086,260340000,4.52,5.87,13.00,16.54
2015-11-02,79.00,89.66,89.66,78.30,52362,458320000,8.15,10.00,13.94,26.18
2015-11-03,90.03,93.17,94.57,87.80,57504,526830000,3.51,3.91,7.55,28.75
2015-11-04,95.00,96.70,97.27,90.80,44476,419120000,3.53,3.79,6.94,22.24
2015-11-05,94.72,92.99,96.45,91.88,43403,407900000,-3.71,-3.84,4.73,21.70
2015-11-06,92.00,102.29,102.29,91.50,42481,409350000,9.30,10.00,11.60,21.24
2015-11-09,100.00,106.50,112.51,98.88,50459,527610000,4.21,4.12,13.32,25.23
2015-11-10,104.18,114.76,116.18,103.00,39117,428410000,8.26,7.76,12.38,19.56
2015-11-11,114.28,126.24,126.24,113.01,39316,476580000,11.48,10.00,11.53,19.66
2015-11-12,127.00,138.86,138.86,126.50,44387,593550000,12.62,10.00,9.79,22.19
2015-11-13,137.60,125.50,148.99,125.05,60872,819970000,-13.36,-9.62,17.24,30.44
2015-11-16,125.90,132.50,133.00,125.80,41401,535320000,7.00,5.58,5.74,20.70
2015-11-17,131.70,134.10,138.00,126.00,46980,617420000,1.60,1.21,9.06,23.49
2015-11-18,131.08,120.69,131.58,120.69,40990,511550000,-13.41,-10.00,8.12,20.50
2015-11-19,123.90,125.55,127.00,121.00,31847,395770000,4.86,4.03,4.97,15.92
2015-11-20,126.69,128.87,133.76,119.00,39904,501660000,3.32,2.64,11.76,19.95
2015-11-23,126.77,120.00,126.77,118.88,30582,373490000,-8.87,-6.88,6.12,15.29
2015-11-24,120.05,128.01,129.20,119.68,40017,502480000,8.01,6.68,7.93,20.01
2015-11-25,127.30,140.81,140.81,126.05,51301,700450000,12.80,10.00,11.53,25.65
2015-11-26,143.70,132.97,144.15,131.00,43031,591290000,-7.84,-5.57,9.34,21.52
2015-11-27,132.90,127.98,138.80,126.00,33466,443610000,-4.99,-3.75,9.63,16.73
2015-11-30,129.53,136.88,138.98,126.05,36098,477180000,8.90,6.95,10.10,18.05
2015-12-01,138.00,127.00,138.00,123.20,34813,451170000,-9.88,-7.22,10.81,17.41
2015-12-02,127.02,122.00,127.56,115.00,23104,279300000,-5.00,-3.94,9.89,11.55
2015-12-03,123.00,125.69,128.18,121.01,17966,224560000,3.69,3.02,5.88,8.98
2015-12-04,125.99,125.59,128.80,124.01,15275,192830000,-0.10,-0.08,3.81,7.64
2015-12-07,126.00,123.00,126.00,121.30,16089,198540000,-2.59,-2.06,3.74,8.04
2015-12-08,123.30,123.99,128.00,121.30,17395,217370000,0.99,0.80,5.45,8.70
2015-12-09,123.99,116.70,123.99,116.01,19884,236750000,-7.29,-5.88,6.44,9.94
2015-12-10,116.70,112.49,118.19,110.50,19115,218050000,-4.21,-3.61,6.59,9.56
2015-12-11,113.00,108.88,114.84,108.01,14042,156980000,-3.61,-3.21,6.07,7.02
2015-12-14,105.02,113.50,113.87,105.00,15597,170000000,4.62,4.24,8.15,7.80
2015-12-15,113.80,113.98,114.91,111.56,12347,140750000,0.48,0.42,2.95,6.17
2015-12-16,114.10,116.60,120.79,114.10,17488,206230000,2.62,2.30,5.87,8.74
2015-12-17,117.99,119.05,120.38,116.61,16660,197560000,2.45,2.10,3.23,8.33
2015-12-18,118.06,114.61,118.50,114.01,12672,146940000,-4.44,-3.73,3.77,6.34
2015-12-21,114.58,113.92,114.58,111.57,8606,97450000,-0.69,-0.60,2.63,4.30
2015-12-22,115.30,121.00,122.99,114.32,20341,241160000,7.08,6.21,7.61,10.17
2015-12-23,120.00,121.86,125.30,118.31,23687,290660000,0.86,0.71,5.78,11.84
2015-12-24,118.90,128.55,128.67,117.20,22121,272380000,6.69,5.49,9.41,11.06
2015-12-25,130.00,128.98,136.65,123.00,23675,310070000,0.43,0.33,10.62,11.84
2015-12-28,135.00,137.99,141.88,132.00,39926,555260000,9.01,6.99,7.66,19.96
2015-12-29,132.64,125.92,136.00,124.19,31545,408190000,-12.07,-8.75,8.56,15.77
2015-12-30,126.00,125.25,128.48,121.15,18098,226300000,-0.67,-0.53,5.82,9.05
2015-12-31,124.30,119.65,125.25,117.80,17516,212210000,-5.60,-4.47,5.95,8.76
2016-01-04,117.53,107.69,117.53,107.69,13435,149070000,-11.96,-10.00,8.22,6.72
2016-01-05,98.11,112.00,112.00,98.11,19397,203440000,4.31,4.00,12.90,9.70
2016-01-06,111.11,119.27,122.08,109.00,23317,275890000,7.27,6.49,11.68,11.66
2016-01-07,115.15,107.39,115.62,107.34,4613,51200000,-11.88,-9.96,6.94,2.31
2016-01-08,108.93,105.83,112.50,97.00,17753,191070000,-1.56,-1.45,14.43,8.88
2016-01-11,100.00,95.25,101.86,95.25,13162,128320000,-10.58,-10.00,6.25,6.58
2016-01-12,94.20,95.90,98.81,92.00,11658,112000000,0.65,0.68,7.15,5.83
2016-01-13,95.10,86.31,97.26,86.31,14265,129590000,-9.59,-10.00,11.42,7.13
2016-01-14,84.70,92.26,94.90,81.02,15944,140310000,5.95,6.89,16.08,7.97
2016-01-15,91.00,87.18,93.50,86.82,11112,99940000,-5.08,-5.51,7.24,5.56
2016-01-18,86.99,89.78,92.12,85.80,10239,91810000,2.60,2.98,7.25,5.12
2016-01-19,89.02,93.90,94.41,89.02,12682,116680000,4.12,4.59,6.00,6.34
2016-01-20,93.00,94.60,98.98,92.30,13093,125370000,0.70,0.75,7.11,6.55
2016-01-21,93.00,90.99,97.94,90.99,11353,106840000,-3.61,-3.82,7.35,5.68
2016-01-22,92.30,93.18,94.38,90.00,9372,86250000,2.19,2.41,4.81,4.69
2016-01-25,93.25,94.20,96.00,92.51,7616,72070000,1.02,1.09,3.75,3.81
2016-01-26,93.00,84.78,93.00,84.78,10024,88380000,-9.42,-10.00,8.73,5.01
2016-01-27,85.01,82.80,85.98,77.00,9906,79710000,-1.98,-2.34,10.59,4.95
2016-01-28,80.05,74.53,81.00,74.52,9161,70910000,-8.27,-9.99,7.83,4.58
2016-01-29,73.00,76.79,78.87,72.00,11417,87930000,2.26,3.03,9.22,5.71
2016-02-01,76.50,73.78,77.69,72.10,9389,70800000,-3.01,-3.92,7.28,4.69
2016-02-02,73.00,78.49,79.50,73.00,12900,100230000,4.71,6.38,8.81,6.45
2016-02-03,77.00,78.48,78.68,75.40,8278,63720000,-0.01,-0.01,4.18,4.14
2016-02-04,78.47,86.33,86.33,78.47,22255,189680000,7.85,10.00,10.02,11.13
2016-02-05,86.34,85.39,86.88,85.31,13594,116900000,-0.94,-1.09,1.82,6.80
2016-02-15,80.80,83.50,84.88,78.86,8489,70050000,-1.89,-2.21,7.05,4.24
2016-02-16,83.79,89.72,91.85,83.79,14170,125400000,6.22,7.45,9.65,7.09
2016-02-17,88.97,90.11,90.50,86.90,11046,98490000,0.39,0.43,4.01,5.52
2016-02-18,91.50,91.25,94.00,89.10,14750,135400000,1.14,1.27,5.44,7.37
2016-02-19,89.40,90.14,91.74,89.38,9137,82530000,-1.11,-1.22,2.59,4.57
2016-02-22,91.28,90.70,93.99,90.15,9033,82560000,0.56,0.62,4.26,4.52
2016-02-23,92.00,87.38,92.88,85.00,18016,160300000,-3.32,-3.66,8.69,9.01
2016-02-24,86.02,84.08,86.48,80.70,15006,126000000,-3.30,-3.78,6.61,7.50
2016-02-25,84.30,75.67,84.32,75.67,11878,93720000,-8.41,-10.00,10.29,5.94
2016-02-26,77.00,76.19,78.00,74.00,8210,62570000,0.52,0.69,5.29,4.10
2016-02-29,76.35,68.57,76.35,68.57,9280,64520000,-7.62,-10.00,10.21,4.64
2016-03-01,66.80,69.92,71.78,65.00,9508,64920000,1.35,1.97,9.89,4.75
2016-03-02,68.00,72.60,73.29,68.00,11419,80810000,2.68,3.83,7.57,5.71
2016-03-03,72.00,72.57,76.98,71.37,13033,96540000,-0.03,-0.04,7.73,6.52
2016-03-04,71.80,66.49,71.80,66.00,10222,70170000,-6.08,-8.38,7.99,5.11
2016-03-07,67.86,71.00,71.13,67.00,11221,78100000,4.51,6.78,6.21,5.61
2016-03-08,69.69,74.56,75.08,67.03,15975,115340000,3.56,5.01,11.34,7.99
2016-03-09,72.00,71.70,74.00,68.10,11207,80860000,-2.86,-3.84,7.91,5.60
2016-03-10,71.28,69.95,73.00,69.55,6601,46950000,-1.75,-2.44,4.81,3.30
2016-03-11,68.70,72.66,73.68,67.51,10613,75860000,2.71,3.87,8.82,5.31
2016-03-14,75.00,79.93,79.93,75.00,26304,208050000,7.27,10.01,6.79,13.15
2016-03-15,79.64,77.00,80.49,76.60,21694,170270000,-2.93,-3.67,4.87,10.85
2016-03-16,78.50,74.70,79.29,73.33,13624,103210000,-2.30,-2.99,7.74,6.81
2016-03-17,74.96,82.00,82.00,74.71,22278,175600000,7.30,9.77,9.76,11.14
2016-05-06,90.20,90.20,90.20,90.20,1453,13100000,8.20,10.00,0.00,0.73
2016-05-09,90.35,94.47,99.10,89.11,42263,399840000,4.27,4.73,11.08,21.13
2016-05-10,91.01,87.60,92.50,86.04,25182,224800000,-6.87,-7.27,6.84,12.59
2016-05-11,89.06,82.21,89.48,82.10,19283,163220000,-5.39,-6.15,8.42,9.64
2016-05-12,81.50,78.96,81.50,75.18,16224,126120000,-3.25,-3.95,7.69,8.11
2016-05-13,79.00,85.20,85.20,78.11,22274,182990000,6.24,7.90,8.98,11.14
2016-05-16,83.65,87.75,87.86,81.08,21588,183500000,2.55,2.99,7.96,10.79
2016-05-17,86.97,84.60,88.48,84.10,19303,165950000,-3.15,-3.59,4.99,9.65
2016-05-18,83.00,91.92,92.98,81.31,32170,281250000,7.32,8.65,13.79,16.08
2016-05-19,90.33,91.30,94.68,89.10,30505,281730000,-0.62,-0.67,6.07,15.25
2016-05-20,89.00,94.11,94.26,88.00,23496,216380000,2.81,3.08,6.86,11.75
2016-05-23,94.21,103.52,103.52,94.21,32302,321330000,9.41,10.00,9.89,16.15
2016-05-24,102.71,105.00,105.50,99.51,30816,315860000,1.48,1.43,5.79,15.41
2016-05-25,105.70,99.26,106.00,99.20,25837,264600000,-5.74,-5.47,6.48,12.92
2016-05-26,97.52,101.62,101.68,94.27,23308,226960000,2.36,2.38,7.47,11.65
2016-05-27,100.00,95.50,100.95,95.50,19390,190970000,-6.12,-6.02,5.36,9.69
2016-05-30,93.69,95.10,97.74,91.01,15119,143570000,-0.40,-0.42,7.05,7.56
2016-05-31,96.00,100.52,101.97,95.94,23521,234610000,5.42,5.70,6.34,11.76
2016-06-01,99.53,99.99,104.88,99.52,23417,238350000,-0.53,-0.53,5.33,11.71
2016-06-02,99.01,103.28,103.48,98.90,24145,244580000,3.29,3.29,4.58,12.07
2016-06-03,103.60,103.93,105.80,100.80,25879,268210000,0.65,0.63,4.84,12.94
2016-06-06,103.50,101.52,107.10,101.00,21562,224090000,-2.41,-2.32,5.87,10.78
2016-06-07,101.00,105.44,105.88,97.90,29129,296020000,3.92,3.86,7.86,14.56
2016-06-08,104.14,99.90,104.14,99.64,22564,228370000,-5.54,-5.25,4.27,11.28
2016-06-13,95.00,89.91,97.30,89.91,20931,196370000,-9.99,-10.00,7.40,10.47
2016-06-14,89.91,91.78,93.97,89.00,15531,142820000,1.87,2.08,5.53,7.77
2016-06-15,91.00,95.35,97.12,89.53,16854,159840000,3.57,3.89,8.27,8.43
2016-06-16,95.35,93.20,97.00,92.75,16456,154340000,-2.15,-2.25,4.46,8.23
2016-06-17,92.90,94.13,96.57,92.90,13275,125730000,0.93,1.00,3.94,6.64
2016-06-20,92.65,95.72,97.00,91.50,18261,173250000,1.89,2.01,5.86,9.13
2016-06-21,96.25,93.38,98.71,93.00,18134,174340000,-2.34,-2.44,5.97,9.07
2016-06-22,92.00,93.84,94.25,91.60,10769,100350000,0.46,0.49,2.84,5.38
2016-06-23,93.50,99.38,102.60,93.10,25206,245560000,5.54,5.90,10.12,12.60
2016-06-24,97.40,97.60,101.00,91.00,22374,218040000,-1.78,-1.79,10.06,11.19
2016-06-27,94.01,99.71,101.50,94.01,27850,273650000,2.11,2.16,7.67,13.93
2016-06-28,98.03,105.71,108.80,98.02,35405,370040000,6.00,6.02,10.81,17.70
2016-06-29,105.10,109.86,110.99,103.10,33233,357110000,4.15,3.93,7.46,6.32
2016-06-30,106.95,104.95,108.00,103.61,22884,240980000,-4.91,-4.47,4.00,4.35
2016-07-01,104.44,105.66,108.00,104.30,15414,163440000,0.71,0.68,3.53,2.93
2016-07-04,102.72,103.16,103.50,97.90,26981,272140000,-2.50,-2.37,5.30,5.13
2016-07-05,102.80,102.25,103.97,100.30,17822,181860000,-0.91,-0.88,3.56,3.39
2016-07-06,101.60,102.16,103.86,100.80,13555,139220000,-0.09,-0.09,2.99,2.58
2016-07-07,101.30,100.20,102.86,99.00,16227,162930000,-1.96,-1.92,3.78,3.09
2016-07-08,100.45,100.74,102.71,100.00,11557,117070000,0.54,0.54,2.70,2.20
2016-07-11,100.55,97.46,102.68,97.01,16516,165920000,-3.28,-3.26,5.63,3.14
2016-07-12,96.98,96.70,97.80,92.48,19095,181770000,-0.76,-0.78,5.46,3.63
2016-07-13,96.70,97.49,98.98,95.55,11616,113710000,0.79,0.82,3.55,2.21
2016-07-14,96.99,97.66,98.50,96.11,8188,80080000,0.17,0.17,2.45,1.56
2016-07-15,97.97,99.00,99.70,97.10,9919,97900000,1.34,1.37,2.66,1.89
2016-07-18,97.50,95.85,97.90,95.82,9008,86980000,-3.15,-3.18,2.10,1.71
2016-07-19,95.02,96.80,96.80,95.02,5931,56990000,0.95,0.99,1.86,1.13
2016-07-20,96.89,98.78,99.80,96.16,12320,121020000,1.98,2.05,3.76,2.34
2016-07-21,98.59,97.00,99.18,96.90,8777,85770000,-1.78,-1.80,2.31,1.67
2016-07-22,97.00,95.57,97.61,95.48,7131,68620000,-1.43,-1.47,2.20,1.36
2016-07-25,95.50,92.68,95.50,92.51,8275,77620000,-2.89,-3.02,3.13,1.57
2016-07-26,92.96,94.06,94.50,92.68,5703,53500000,1.38,1.49,1.96,1.08
2016-07-27,93.73,85.40,94.29,84.66,16484,146160000,-8.66,-9.21,10.24,3.13
2016-07-28,85.41,86.18,86.70,82.94,8790,74880000,0.78,0.91,4.40,1.67
2016-07-29,86.00,85.01,86.00,84.05,4330,36930000,-1.17,-1.36,2.26,0.82
2016-08-01,84.79,82.70,84.90,81.50,5891,48650000,-2.31,-2.72,4.00,1.12
2016-08-02,82.95,84.25,84.48,82.21,5094,42650000,1.55,1.87,2.74,0.97
2016-08-03,84.00,85.09,86.00,83.58,6712,57260000,0.84,1.00,2.87,1.28
2016-08-04,84.68,84.66,84.95,83.85,5812,49030000,-0.43,-0.51,1.29,1.11
2016-08-05,84.66,83.60,85.35,83.00,3981,33650000,-1.06,-1.25,2.78,0.76
2016-08-08,83.05,84.26,84.58,82.67,3917,32800000,0.66,0.79,2.28,0.74
2016-08-09,84.25,86.20,86.66,83.52,6629,56790000,1.94,2.30,3.73,1.26
2016-08-10,86.20,85.80,86.49,85.35,5171,44380000,-0.40,-0.46,1.32,0.98
2016-08-11,85.69,83.10,85.69,82.81,7490,62850000,-2.70,-3.15,3.36,1.42
2016-08-12,83.00,83.60,83.99,82.61,4885,40710000,0.50,0.60,1.66,0.93
2016-08-15,83.60,87.98,89.19,83.43,12598,109160000,4.38,5.24,6.89,2.40
2016-08-16,87.68,89.51,92.20,87.68,11534,104050000,1.53,1.74,5.14,2.19
2016-08-17,89.65,90.22,90.90,87.80,9766,86980000,0.71,0.79,3.46,1.86
2016-08-18,90.24,89.29,90.45,89.15,6914,61950000,-0.93,-1.03,1.44,1.31
2016-08-19,89.29,89.00,90.20,88.06,5469,48510000,-0.29,-0.32,2.40,1.04
2016-08-22,88.32,90.06,92.18,88.32,13982,127260000,1.06,1.19,4.34,2.66
2016-08-23,89.56,88.42,90.79,88.15,8005,71060000,-1.64,-1.82,2.93,1.52
2016-08-24,87.00,85.18,87.80,84.45,15631,133530000,-3.24,-3.66,3.79,2.97
2016-08-25,85.08,84.85,85.40,82.19,8654,72540000,-0.33,-0.39,3.77,1.65
2016-08-26,84.85,84.37,85.67,84.20,5292,44990000,-0.48,-0.57,1.73,1.01
2016-08-29,84.37,84.11,84.88,83.85,3435,28960000,-0.26,-0.31,1.22,0.65
2016-08-30,84.09,85.09,87.66,84.01,5707,48940000,0.98,1.17,4.34,1.09
2016-08-31,85.49,84.98,85.84,84.20,6441,54590000,-0.11,-0.13,1.93,1.22
2016-09-01,85.40,84.60,86.00,84.46,4391,37350000,-0.38,-0.45,1.81,0.83
2016-09-02,84.80,83.43,84.80,83.02,4723,39570000,-1.17,-1.38,2.10,0.90
2016-09-05,83.90,83.38,84.38,83.30,3583,30010000,-0.05,-0.06,1.29,0.68
2016-09-06,83.80,85.18,85.98,82.61,7175,60430000,1.80,2.16,4.04,1.36
2016-09-07,85.30,84.23,85.89,83.90,5999,51010000,-0.95,-1.12,2.34,1.14
2016-09-08,84.55,84.64,85.18,84.00,3232,27350000,0.41,0.49,1.40,0.61
2016-09-09,84.84,84.79,85.88,84.71,6385,54460000,0.15,0.18,1.38,1.21
2016-09-12,83.05,80.68,83.59,80.68,7924,65090000,-4.11,-4.85,3.43,1.51
2016-09-13,80.71,80.06,81.77,79.00,4766,38270000,-0.62,-0.77,3.43,0.91
2016-09-14,80.17,79.70,80.90,79.56,3893,31230000,-0.36,-0.45,1.67,0.74
2016-09-19,79.70,80.19,80.45,79.50,4282,34320000,0.49,0.61,1.19,0.81
2016-09-20,80.10,79.89,80.68,79.75,2954,23640000,-0.30,-0.37,1.16,0.56
2016-09-21,79.92,80.92,81.68,79.70,6135,49530000,1.03,1.29,2.48,1.17
2016-09-22,81.50,80.48,81.66,80.06,4516,36520000,-0.44,-0.54,1.98,0.86
2016-09-23,80.68,80.22,81.00,80.02,3350,26970000,-0.26,-0.32,1.22,0.64
2016-09-26,79.00,77.50,79.95,77.50,5367,42160000,-2.72,-3.39,3.05,1.02
2016-09-27,77.88,79.27,79.30,77.20,4853,37890000,1.77,2.28,2.71,0.92
2016-09-28,79.26,78.48,79.26,78.05,2758,21700000,-0.79,-1.00,1.53,0.52
2016-09-29,78.80,79.82,80.26,78.38,4127,32870000,1.34,1.71,2.40,0.78
2016-09-30,79.79,80.74,81.00,79.54,3656,29500000,0.92,1.15,1.83,0.70
2016-10-10,82.02,85.13,85.60,82.02,10732,90270000,4.39,5.44,4.43,2.04
2016-10-11,84.99,84.15,84.99,83.84,6950,58530000,-0.98,-1.15,1.35,1.32
2016-10-12,83.88,84.41,85.13,83.51,6727,56770000,0.26,0.31,1.93,1.28
2016-10-13,84.03,83.36,84.41,83.12,7800,65350000,-1.05,-1.24,1.53,1.48
2016-10-14,83.05,83.70,83.80,83.05,6450,53830000,0.34,0.41,0.90,1.23
2016-10-17,83.79,82.50,84.88,82.03,7317,61340000,-1.20,-1.43,3.41,1.39
2016-10-18,83.00,83.45,83.72,82.05,6603,54920000,0.95,1.15,2.02,1.26
2016-10-19,83.61,83.23,84.46,82.60,6926,57830000,-0.22,-0.26,2.23,1.32
2016-10-20,83.20,84.21,84.77,82.91,12814,107760000,0.98,1.18,2.23,2.44
2016-10-21,84.18,83.44,84.77,82.28,12486,104520000,-0.77,-0.91,2.96,2.37
2016-10-24,83.39,84.26,84.39,82.67,9576,80250000,0.82,0.98,2.06,1.82
2016-10-25,84.01,85.12,85.99,83.98,13279,113170000,0.86,1.02,2.39,2.52
2016-10-26,84.71,83.92,85.50,83.61,9138,77040000,-1.20,-1.41,2.22,1.74
2016-10-27,83.70,83.55,84.41,83.00,6386,53420000,-0.37,-0.44,1.68,1.21
2016-10-28,83.93,82.40,83.93,82.35,6583,54610000,-1.15,-1.38,1.89,1.25
2016-10-31,82.00,82.73,83.23,81.00,7586,62070000,0.33,0.40,2.71,1.44
2016-11-01,82.73,86.86,88.41,82.01,23976,206030000,4.13,4.99,7.74,4.56
2016-11-02,86.20,85.31,86.74,85.00,13811,118710000,-1.55,-1.78,2.00,2.63
2016-11-03,85.25,85.89,87.85,85.00,13391,115820000,0.58,0.68,3.34,2.55
2016-11-04,85.89,88.16,88.59,85.00,15504,135710000,2.27,2.64,4.18,2.95
2016-11-07,88.87,87.02,89.50,86.67,10975,96150000,-1.14,-1.29,3.21,2.09
2016-11-08,87.50,86.69,87.69,86.00,7196,62500000,-0.33,-0.38,1.94,1.37
2016-11-09,86.75,86.44,87.72,84.51,12625,109130000,-0.25,-0.29,3.70,2.40
2016-11-10,87.50,88.28,89.04,86.73,13695,120690000,1.84,2.13,2.67,2.60
2016-11-11,87.90,87.99,88.80,87.45,11984,105440000,-0.29,-0.33,1.53,2.28
2016-11-14,87.42,89.07,89.68,87.42,11985,106560000,1.08,1.23,2.57,2.28
2016-11-15,88.88,89.09,89.38,87.10,10278,90470000,0.02,0.02,2.56,1.95
2016-11-16,89.00,87.80,89.35,87.77,9124,80920000,-1.29,-1.45,1.77,1.73
2016-11-17,87.80,85.88,87.80,85.40,9840,84930000,-1.92,-2.19,2.73,1.87
2016-11-18,86.70,89.60,90.87,86.66,23813,212000000,3.72,4.33,4.90,4.53
2016-11-21,90.00,92.90,93.50,89.00,24154,222010000,3.30,3.68,5.02,4.59
2016-11-22,93.02,92.57,93.98,91.90,16956,157140000,-0.33,-0.36,2.24,3.22
2016-11-23,92.50,91.27,92.50,90.88,10658,97540000,-1.30,-1.40,1.75,2.03
2016-11-24,90.62,91.48,93.26,90.50,12690,116710000,0.21,0.23,3.02,2.41
2016-11-25,91.00,90.60,91.00,87.10,13783,122800000,-0.88,-0.96,4.26,2.62
2016-11-28,90.70,88.56,90.70,88.52,8544,76220000,-2.04,-2.25,2.41,1.62
2016-11-29,88.59,86.88,89.47,86.88,8123,71490000,-1.68,-1.90,2.92,1.54
2016-11-30,86.40,86.90,87.85,86.00,6289,54690000,0.02,0.02,2.13,1.20
2016-12-01,86.20,86.22,87.10,85.99,8052,69480000,-0.68,-0.78,1.28,1.53
2016-12-02,86.65,82.50,87.29,82.48,11486,97090000,-3.72,-4.31,5.58,2.18
2016-12-05,81.01,81.28,82.67,80.11,6116,49920000,-1.22,-1.48,3.10,1.16
2016-12-06,82.10,80.80,82.60,80.80,4375,35640000,-0.48,-0.59,2.21,0.83
2016-12-07,81.08,81.95,82.18,80.10,7750,62990000,1.15,1.42,2.57,1.47
2016-12-08,82.00,80.39,82.18,80.30,4463,36160000,-1.56,-1.90,2.29,0.85
2016-12-09,80.35,79.94,80.98,79.39,4954,39680000,-0.45,-0.56,1.98,0.94
2016-12-12,79.94,71.95,79.94,71.95,10251,77540000,-7.99,-10.00,10.00,1.95
2016-12-13,71.60,71.50,72.67,68.38,9477,66740000,-0.45,-0.63,5.96,1.80
2016-12-14,72.00,71.28,72.49,71.00,5408,38840000,-0.22,-0.31,2.08,1.03
2016-12-15,70.88,71.66,73.16,70.80,6493,46860000,0.38,0.53,3.31,1.23
2016-12-16,71.68,72.16,72.88,71.68,5305,38330000,0.50,0.70,1.67,1.01
2016-12-19,72.18,70.70,72.65,70.50,4223,30190000,-1.46,-2.02,2.98,0.80
2016-12-20,70.70,71.09,71.50,70.35,4531,32140000,0.39,0.55,1.63,0.86
2016-12-21,71.17,72.10,72.34,71.17,4664,33490000,1.01,1.42,1.65,0.89
2016-12-22,71.99,71.80,72.28,71.38,3567,25610000,-0.30,-0.42,1.25,0.68
2016-12-23,71.78,68.90,71.78,68.80,8080,56490000,-2.90,-4.04,4.15,1.54
2016-12-26,68.69,71.25,71.69,66.98,11011,75880000,2.35,3.41,6.84,2.09
2016-12-27,70.80,70.67,71.27,70.20,3744,26480000,-0.58,-0.81,1.50,0.71
2016-12-28,70.67,70.79,71.50,70.50,3063,21760000,0.12,0.17,1.42,0.58
2016-12-29,70.97,70.50,71.26,70.50,3353,23720000,-0.29,-0.41,1.07,0.64
2016-12-30,70.00,70.44,70.90,70.00,2824,19920000,-0.06,-0.09,1.28,0.54
2017-01-03,70.70,71.50,71.75,70.41,4683,33380000,1.06,1.50,1.90,0.89
2017-01-04,71.20,72.25,72.58,71.08,6447,46400000,0.75,1.05,2.10,1.23
2017-01-05,71.99,71.29,72.50,71.20,4258,30580000,-0.96,-1.33,1.80,0.81
2017-01-06,71.30,68.90,71.87,68.72,6621,46330000,-2.39,-3.35,4.42,1.26
2017-01-09,69.55,70.30,71.20,69.11,6609,46530000,1.40,2.03,3.03,1.26
2017-01-10,70.16,70.22,72.49,70.16,5271,37470000,-0.08,-0.11,3.31,1.00
2017-01-11,70.87,69.26,71.33,69.21,4547,31870000,-0.96,-1.37,3.02,0.86
2017-01-12,69.80,69.79,70.28,69.20,3456,24150000,0.53,0.77,1.56,0.66
2017-01-13,69.80,67.00,70.25,66.50,6595,44640000,-2.79,-4.00,5.37,1.25
2017-01-16,65.98,60.50,67.00,60.30,11646,73170000,-6.50,-9.70,10.00,2.21
2017-01-17,60.19,62.90,65.50,59.05,7544,46210000,2.40,3.97,10.66,1.43
2017-01-18,62.40,60.95,62.70,60.80,4229,26070000,-1.95,-3.10,3.02,0.80
2017-01-19,59.90,60.50,61.90,59.70,4190,25470000,-0.45,-0.74,3.61,0.79
2017-01-20,60.69,62.78,63.38,60.02,5980,37300000,2.28,3.77,5.55,1.13
2017-01-23,62.25,63.21,63.59,62.21,3303,20830000,0.43,0.68,2.20,0.62
2017-01-24,63.19,62.48,63.70,62.05,3459,21650000,-0.73,-1.15,2.61,0.65
2017-01-25,62.03,63.26,63.38,61.63,4750,29790000,0.78,1.25,2.80,0.90
2017-01-26,63.20,63.20,64.18,62.88,4030,25570000,-0.06,-0.09,2.06,0.76
2017-02-03,62.90,62.71,63.46,62.06,2687,16870000,-0.49,-0.78,2.22,0.51
2017-02-06,63.09,64.50,64.64,62.71,5295,33880000,1.79,2.85,3.08,1.00
2017-02-07,64.75,64.33,64.75,63.73,3662,23476500,-0.17,-0.26,1.581,1.01
2017-02-08,64.10,64.60,64.65,63.00,4406,28099300,0.27,0.42,2.565,1.22
2017-02-09,64.59,64.99,65.38,64.16,5092,33034800,0.39,0.60,1.889,1.41
2017-02-10,64.57,63.52,65.08,63.50,5370,34414900,-1.47,-2.26,2.431,1.49
2017-02-13,63.45,64.60,64.95,63.11,4665,30032500,1.08,1.70,2.897,1.29
2017-02-14,64.60,65.00,65.26,64.22,4950,32135200,0.40,0.62,1.61,1.37
2017-02-15,65.00,64.26,65.28,64.11,4025,26060100,-0.74,-1.14,1.8,1.11
2017-02-23,68.10,67.10,69.88,66.88,13724,92939600,2.84,4.42,4.67,3.80
2017-02-24,66.11,66.39,66.76,65.73,7430,49123300,-0.71,-1.06,1.53,2.06
2017-02-27,66.25,66.26,66.80,66.21,5965,39678600,-0.13,-0.20,0.89,1.65
2017-02-28,66.22,65.47,66.37,65.02,4977,32583800,-0.79,-1.19,2.04,1.38
2017-03-01,65.40,66.44,66.88,65.11,6127,40671100,0.97,1.48,2.70,1.70
2017-03-02,66.44,66.34,66.95,66.26,5542,36874900,-0.10,-0.15,1.04,1.54
2017-03-03,66.30,66.86,67.27,65.81,4919,32673200,0.52,0.78,2.20,1.36
2017-03-06,66.72,67.86,67.86,66.41,6254,42092800,1.00,1.50,2.17,1.73
2017-03-07,67.56,67.92,68.20,67.06,5246,35497700,0.06,0.09,1.68,1.45
2017-03-08,67.88,67.79,68.20,67.45,4048,27438900,-0.13,-0.19,1.10,1.12
2017-03-09,67.80,66.86,67.83,66.60,4267,28571800,-0.93,-1.37,1.81,1.18
2017-03-10,66.81,67.39,67.90,66.51,4589,30901000,0.53,0.79,2.08,1.27
2017-03-13,67.39,68.88,69.44,67.02,8159,56002600,1.49,2.21,3.59,2.26
2017-03-14,68.66,69.00,69.37,68.36,5782,39803900,0.12,0.17,1.47,1.60
2017-03-15,68.80,70.26,71.31,68.57,10751,75636800,1.26,1.83,3.97,2.98
2017-03-16,70.20,70.86,71.42,69.71,8752,61759499,0.60,0.85,2.43,2.41
2017-03-17,70.89,69.69,71.38,69.69,8628,60725544,-1.17,-1.65,2.38,2.38
2017-03-20,69.34,69.20,69.35,68.11,6653,45688522,-0.49,-0.70,1.78,1.83
2017-03-21,69.05,69.90,70.70,68.72,6103,42662896,0.70,1.01,2.86,1.68
2017-03-22,69.38,69.52,70.08,68.31,6473,44795074,-0.38,-0.54,2.53,1.78
2017-03-23,69.78,69.96,70.64,68.60,6869,48030132,0.44,0.63,2.93,1.89
2017-03-24,70.15,70.54,71.05,70.09,6314,44530166,0.58,0.83,1.37,1.74
2017-03-27,70.80,70.27,70.85,69.33,5608,39217001,-0.27,-0.38,2.15,1.55
2017-03-28,70.98,70.31,72.72,70.21,7863,56130913,0.04,0.06,3.57,2.17
2017-03-29,69.84,67.60,70.99,67.50,6824,46869670,-2.71,-3.85,4.96,1.88
2017-03-30,67.60,65.04,67.61,64.47,7039,45988623,-2.56,-3.79,4.64,1.94
2017-03-31,64.26,67.00,67.20,64.26,6858,45026754,1.96,3.01,4.52,1.89
2017-04-05,67.60,67.60,67.80,66.05,6868,46089986,0.60,0.90,2.61,1.89
2017-04-06,67.70,66.10,67.70,65.60,9493,62933273,-1.50,-2.22,3.11,2.62
2017-04-07,66.00,65.49,66.47,65.32,5545,36462687,-0.61,-0.92,1.74,1.53
2017-04-10,65.49,61.29,65.50,61.18,8606,53569055,-4.20,-6.41,6.60,2.37
2017-04-11,59.00,60.58,60.68,58.34,9463,56098651,-0.71,-1.16,3.82,2.61
2017-04-12,60.50,58.40,60.50,58.34,7140,42087642,-2.18,-3.60,3.57,1.97
2017-04-13,58.40,58.96,59.58,57.58,4612,27249352,0.56,0.96,3.42,1.27
2017-04-14,58.78,58.15,58.80,57.67,3456,20143939,-0.81,-1.37,1.92,0.95
2017-04-17,58.12,56.90,58.12,56.72,3767,21607699,-1.25,-2.15,2.41,1.04
2017-04-18,57.40,57.10,58.68,57.01,3712,21472682,0.20,0.35,2.93,1.02
2017-04-19,56.63,57.50,57.65,56.44,4037,23091734,0.40,0.70,2.12,1.11
2017-04-20,57.90,55.15,57.90,54.60,6304,35450173,-2.35,-4.09,5.74,1.74
2017-04-21,55.75,55.13,55.91,54.64,3445,19062958,-0.02,-0.04,2.30,0.95
2017-04-24,54.88,52.45,54.90,52.45,4412,23382375,-2.68,-4.86,4.44,1.22
2017-04-25,52.90,53.19,53.47,52.45,3185,16909729,0.74,1.41,1.94,0.88
2017-04-26,53.10,53.70,53.79,53.10,3725,19940847,0.51,0.96,1.30,1.03
2017-04-27,53.90,54.59,58.50,52.28,6080,33290362,0.89,1.66,11.58,1.67
2017-04-28,54.38,55.10,55.24,54.05,3946,21654943,0.51,0.93,2.18,1.08
2017-05-02,55.12,54.10,55.55,53.91,3768,20513647,-1.00,-1.81,2.98,1.03
2017-05-03,54.00,54.33,54.50,53.62,2261,12242541,0.23,0.43,1.63,0.62
2017-05-04,54.03,55.27,56.35,53.88,4802,26529036,0.94,1.73,4.55,1.32
2017-05-05,55.13,56.77,57.99,55.03,9161,51869542,1.50,2.71,5.36,2.52
2017-05-08,56.77,55.25,56.97,55.10,6569,36822992,-1.52,-2.68,3.29,1.80
2017-05-09,55.25,54.45,55.33,52.80,5248,28337717,-0.80,-1.45,4.58,1.44
2017-05-10,54.16,54.48,55.88,54.10,5938,32698808,0.03,0.06,3.27,1.63
2017-05-11,54.01,53.45,54.25,51.70,6050,32035763,-1.03,-1.89,4.68,1.66
2017-05-12,53.50,52.72,53.50,52.60,3066,16251515,-0.73,-1.37,1.68,0.85
2017-05-15,53.11,53.31,54.60,53.11,3800,20474564,0.59,1.12,2.83,1.05
2017-05-16,53.30,55.50,55.66,52.96,6342,34392002,2.19,4.11,5.06,1.75
2017-05-17,55.11,56.17,56.86,55.11,7329,41337552,0.67,1.21,3.15,2.02
2017-05-18,55.16,56.44,56.85,55.16,5962,33406660,0.27,0.48,3.01,1.64
2017-05-19,56.41,55.49,56.53,55.12,3975,22164570,-0.95,-1.68,2.50,1.10
2017-05-22,55.10,52.03,55.29,51.73,6462,34481747,-3.46,-6.24,6.42,1.78
2017-05-23,52.00,48.39,52.40,48.26,7397,36982845,-3.64,-7.00,7.96,2.04
2017-05-24,48.44,48.48,48.90,46.56,5078,24342310,0.09,0.19,4.84,1.40
2017-05-25,48.52,49.35,49.36,47.35,5000,24361469,0.87,1.79,4.15,1.38
2017-05-26,49.10,48.91,49.49,48.66,4030,19802832,-0.44,-0.89,1.68,1.11
2017-05-31,49.90,48.85,50.53,48.81,5545,27653719,-0.06,-0.12,3.52,1.53
2017-06-01,48.50,44.60,48.66,44.00,6839,31848644,-4.25,-8.70,9.54,1.89
2017-06-02,44.56,48.55,49.06,44.55,11614,54992063,3.95,8.86,10.11,3.20
2017-06-05,48.00,48.83,49.26,47.76,11395,55417206,0.28,0.58,3.09,3.19
2017-06-06,48.50,48.41,49.16,48.08,7197,34909137,-0.42,-0.86,2.21,2.02
2017-06-07,48.65,53.25,53.25,48.45,19062,98471801,4.84,10.00,9.92,5.34
2017-06-08,53.12,55.55,58.19,53.12,32910,182825687,2.30,4.32,9.52,9.22
2017-06-09,55.10,55.87,56.35,54.35,18161,100267067,0.32,0.58,3.60,5.09
2017-06-12,56.37,53.50,56.91,53.00,15400,83970370,-2.37,-4.24,7.00,4.32
2017-06-13,53.22,58.85,58.85,53.20,27018,154736346,5.35,10.00,10.56,7.57
2017-06-14,59.48,57.24,59.48,56.50,26186,150609687,-1.61,-2.74,5.06,7.34
2017-06-15,57.20,58.00,60.48,56.60,30058,176616929,0.76,1.33,6.78,8.43
