日期,开盘,收盘,最高,最低,交易量(手),交易金额(元),涨跌额,涨跌幅(%),振幅(%),换手率(%)
2014-01-29,30.12,36.15,36.15,30.12,9001,32090000,11.05,44.02,24.02,3.30
2014-01-30,39.77,39.77,39.77,39.77,35568,141460000,3.62,10.01,0.00,13.05
2014-02-07,41.05,43.75,43.75,39.30,142183,589100000,3.98,10.01,11.19,52.18
2014-02-10,44.95,48.13,48.13,44.54,88500,411800000,4.38,10.01,8.21,32.48
2014-02-12,52.00,52.94,52.94,50.77,45334,235570000,4.81,9.99,4.51,16.64
2014-02-13,55.33,51.35,55.50,50.30,88432,464170000,-1.59,-3.00,9.82,32.45
2014-02-14,51.25,54.80,55.39,51.18,65850,350570000,3.45,6.72,8.20,24.17
2014-02-17,55.50,55.99,57.95,53.48,61885,344520000,1.19,2.17,8.16,22.71
2014-02-18,55.60,53.88,56.93,53.51,47957,263380000,-2.11,-3.77,6.11,17.60
2014-02-19,53.20,53.88,53.99,50.52,44584,233510000,0.00,0.00,6.44,16.36
2014-02-20,53.53,55.08,56.57,50.88,47448,259490000,1.20,2.23,10.56,17.41
2014-02-21,53.92,55.88,56.09,53.10,29913,164420000,0.80,1.45,5.43,10.98
2014-02-24,55.80,61.47,61.47,55.55,45764,268900000,5.59,10.00,10.59,16.79
2014-02-25,63.00,60.70,67.62,57.53,71896,451800000,-0.77,-1.25,16.41,26.38
2014-02-26,63.01,66.77,66.77,59.35,72669,464900000,6.07,10.00,12.22,26.67
2014-02-28,62.00,60.09,62.89,60.09,69487,419320000,-6.68,-10.00,4.19,25.50
2014-03-03,59.46,60.69,61.58,58.42,50666,304090000,0.60,1.00,5.26,18.59
2014-03-04,59.48,55.21,60.69,54.62,59984,342020000,-5.48,-9.03,10.00,22.01
2014-03-05,56.38,55.27,57.24,54.88,33535,187200000,0.06,0.11,4.27,12.31
2014-03-06,54.65,56.90,57.88,53.05,39861,222110000,1.63,2.95,8.74,14.63
2014-03-07,56.36,53.30,57.43,53.30,27986,154260000,-3.60,-6.33,7.26,10.27
2014-03-10,52.00,51.95,53.75,50.80,24107,126460000,-1.35,-2.53,5.53,8.85
2014-03-11,52.07,53.18,53.60,51.25,19834,104250000,1.23,2.37,4.52,7.28
2014-03-12,52.65,51.39,53.40,49.90,27925,142770000,-1.79,-3.37,6.58,10.25
2014-03-13,50.61,51.15,51.92,50.61,13354,68280000,-0.24,-0.47,2.55,4.90
2014-03-14,50.30,52.08,52.37,50.05,17013,87530000,0.93,1.82,4.54,6.24
2014-03-17,52.00,53.41,53.49,51.52,18147,95080000,1.33,2.55,3.78,6.66
2014-03-18,53.41,52.75,55.18,52.68,26234,141590000,-0.66,-1.24,4.68,9.63
2014-03-19,52.40,52.28,52.49,50.77,16755,86680000,-0.47,-0.89,3.26,6.15
2014-03-20,51.97,53.30,55.48,51.51,27145,146610000,1.02,1.95,7.59,9.96
2014-03-21,52.21,52.55,53.97,50.03,17103,88690000,-0.75,-1.41,7.39,6.28
2014-03-24,52.90,50.32,54.88,50.10,25772,133480000,-2.23,-4.24,9.10,9.46
2014-03-25,47.10,47.16,48.87,45.60,30304,143900000,-3.16,-6.28,6.50,11.12
2014-03-26,46.81,46.99,47.47,46.06,11639,54670000,-0.17,-0.36,2.99,4.27
2014-03-27,46.80,44.88,46.96,44.87,12902,58810000,-2.11,-4.49,4.45,4.73
2014-03-28,44.49,43.99,45.88,42.50,17414,77010000,-0.89,-1.98,7.53,6.39
2014-03-31,43.69,42.04,44.00,41.65,19186,81470000,-1.95,-4.43,5.34,7.04
2014-04-01,41.90,43.00,43.59,41.53,13038,55610000,0.96,2.28,4.90,4.78
2014-04-02,42.98,44.25,44.30,42.82,13076,56980000,1.25,2.91,3.44,4.80
2014-04-03,44.23,45.40,46.77,44.00,16734,76340000,1.15,2.60,6.26,6.14
2014-04-04,45.00,46.30,46.50,44.52,11448,52590000,0.90,1.98,4.36,4.20
2014-04-08,45.68,46.85,47.78,45.33,9478,44230000,0.55,1.19,5.29,3.48
2014-04-09,46.84,47.67,48.26,46.62,8382,39870000,0.82,1.75,3.50,3.08
2014-04-10,47.77,47.06,48.44,47.05,7602,36410000,-0.61,-1.28,2.92,2.79
2014-04-11,46.02,45.50,46.40,45.03,6466,29550000,-1.56,-3.31,2.91,2.37
2014-04-14,45.49,45.00,45.69,44.50,6815,30690000,-0.50,-1.10,2.62,2.50
2014-04-15,44.97,45.88,45.96,44.45,5595,25320000,0.88,1.96,3.36,2.05
2014-04-16,45.74,45.89,46.14,45.25,4171,19060000,0.01,0.02,1.94,1.53
2014-04-17,45.89,46.20,47.00,45.60,8229,38010000,0.31,0.68,3.05,3.02
2014-04-18,46.00,48.27,48.45,45.41,12671,59950000,2.07,4.48,6.58,4.65
2014-04-21,47.66,49.81,52.00,47.10,18451,92680000,1.54,3.19,10.15,6.77
2014-04-22,49.99,51.43,53.31,48.97,21339,109600000,1.62,3.25,8.71,7.83
2014-04-23,50.75,52.59,53.10,50.39,16802,87200000,1.16,2.26,5.27,6.17
2014-04-24,53.00,55.95,56.58,52.40,29588,163150000,3.36,6.39,7.95,10.86
2014-04-25,55.28,52.82,56.53,52.80,20080,109750000,-3.13,-5.59,6.67,7.37
2014-04-28,52.38,50.37,53.53,50.05,18483,95870000,-2.45,-4.64,6.59,6.78
2014-04-29,50.02,55.41,55.41,50.01,28101,150040000,5.04,10.01,10.72,10.31
2014-04-30,55.40,56.28,56.90,54.11,24249,135160000,0.87,1.57,5.04,8.90
2014-05-05,56.00,57.18,57.55,54.60,20351,114970000,0.90,1.60,5.24,7.47
2014-05-06,56.60,56.64,57.79,56.22,15580,88850000,-0.54,-0.94,2.75,5.72
2014-05-07,56.80,56.46,60.68,56.46,25951,152290000,-0.18,-0.32,7.45,9.52
2014-05-08,55.30,55.20,56.00,53.40,23189,126710000,-1.26,-2.23,4.61,8.51
2014-05-09,54.82,55.00,56.16,53.80,13374,73500000,-0.20,-0.36,4.28,4.91
2014-05-12,54.99,55.19,56.44,53.08,18997,104020000,0.19,0.35,6.11,6.97
2014-05-13,55.00,58.75,60.00,54.80,22330,129490000,3.56,6.45,9.42,8.19
2014-05-14,58.65,59.14,60.50,58.05,15665,92990000,0.39,0.66,4.17,5.75
2014-05-15,58.51,58.60,59.74,58.03,13992,82140000,-0.54,-0.91,2.89,5.13
2014-05-16,58.12,55.63,59.99,55.63,18935,109330000,-2.97,-5.07,7.44,6.95
2014-05-19,54.80,53.97,56.45,53.92,15072,82990000,-1.66,-2.98,4.55,5.53
2014-05-20,55.00,55.30,57.86,54.58,19723,110330000,1.33,2.46,6.08,7.24
2014-05-21,54.82,60.83,60.83,54.61,29232,170340000,5.53,10.00,11.25,10.73
2014-05-22,61.00,59.70,61.79,59.22,21945,132800000,-1.13,-1.86,4.22,8.05
2014-05-23,59.55,61.72,63.00,59.55,20780,126820000,2.02,3.38,5.78,7.63
2014-05-26,61.92,62.80,65.76,61.50,23311,147730000,1.08,1.75,6.90,8.55
2014-05-27,62.69,65.50,65.60,61.80,19998,127390000,2.70,4.30,6.05,7.34
2014-05-28,65.05,65.40,67.58,64.19,22347,146740000,-0.10,-0.15,5.18,8.20
2014-05-29,65.30,66.00,68.50,64.82,21504,143460000,0.60,0.92,5.63,7.89
2014-05-30,65.55,63.70,67.53,63.12,22015,142410000,-2.30,-3.48,6.68,8.08
2014-06-03,63.90,69.24,70.07,63.34,31464,211990000,5.54,8.70,10.57,11.55
2014-06-04,67.88,69.59,69.78,67.45,19274,131700000,0.35,0.51,3.37,7.07
2014-06-05,69.60,69.76,71.59,68.68,16844,118180000,0.17,0.24,4.18,6.18
2014-06-06,70.40,68.57,71.07,68.27,17680,122470000,-1.19,-1.71,4.01,6.49
2014-06-09,68.10,68.45,69.20,67.12,12027,81960000,-0.12,-0.18,3.03,4.41
2014-06-10,68.62,66.35,68.63,64.63,26808,176870000,-2.10,-3.07,5.84,9.84
2014-06-11,65.31,65.90,67.20,65.31,15297,101420000,-0.45,-0.68,2.85,5.61
2014-06-12,65.80,71.30,72.49,65.27,28027,193720000,5.40,8.19,10.96,10.29
2014-06-13,71.29,71.60,71.97,70.03,15719,111320000,0.30,0.42,2.72,5.77
2014-06-16,71.80,71.18,74.40,70.11,20072,144650000,-0.42,-0.59,5.99,7.37
2014-06-17,71.54,72.82,73.60,70.77,16238,117580000,1.64,2.30,3.98,5.96
2014-06-18,72.50,70.25,72.79,69.52,18456,130650000,-2.48,-3.41,4.50,6.77
2014-06-19,69.56,68.37,71.46,67.50,15285,106260000,-1.88,-2.68,5.64,5.61
2014-06-20,68.98,73.92,74.88,68.71,23081,167220000,5.55,8.12,9.02,8.47
2014-06-23,73.74,76.90,78.34,73.31,23806,180190000,2.98,4.03,6.80,8.74
2014-06-24,75.88,77.00,77.73,75.08,13799,105270000,0.10,0.13,3.45,5.06
2014-06-25,76.97,76.71,79.98,76.03,18853,146610000,-0.29,-0.38,5.13,6.92
2014-06-26,77.02,83.00,83.28,77.00,30055,242090000,6.29,8.20,8.19,11.03
2014-06-27,83.15,82.71,83.58,81.29,19264,158490000,-0.29,-0.35,2.76,7.07
2014-06-30,82.19,81.20,83.50,80.60,15727,128540000,-1.51,-1.83,3.51,5.77
2014-07-01,80.99,81.20,83.26,78.00,29289,234210000,0.00,0.00,6.48,10.75
2014-07-02,81.20,80.39,81.66,78.78,18410,146930000,-0.81,-1.00,3.55,6.76
2014-07-03,80.00,77.99,83.87,77.88,29133,235640000,-2.40,-2.99,7.45,10.69
2014-07-04,77.02,79.44,79.88,76.01,17143,134140000,1.45,1.86,4.96,6.29
2014-07-07,79.03,82.19,82.58,77.98,17015,136640000,2.75,3.46,5.79,6.24
2014-07-08,82.00,80.78,83.29,79.79,13080,105580000,-1.41,-1.72,4.26,4.80
2014-07-09,80.00,77.86,80.99,77.11,18202,143320000,-2.92,-3.61,4.80,6.68
2014-07-10,77.89,78.61,80.00,77.89,11980,94470000,0.75,0.96,2.71,4.40
2014-07-11,78.49,70.75,79.10,70.75,43569,321050000,-7.86,-10.00,10.62,15.99
2014-07-14,70.12,69.30,71.50,68.36,26701,185990000,-1.45,-2.05,4.44,9.80
2014-07-15,69.46,69.51,70.45,69.05,14393,100320000,0.21,0.30,2.02,5.28
2014-07-16,69.09,67.70,69.30,66.32,18128,122720000,-1.81,-2.60,4.29,6.65
2014-07-17,66.50,68.27,68.57,66.50,8585,58370000,0.57,0.84,3.06,3.15
2014-07-18,68.20,68.49,69.60,67.78,9180,63160000,0.22,0.32,2.67,3.37
2014-07-21,68.08,65.70,68.49,65.26,13675,90610000,-2.79,-4.07,4.72,5.02
2014-07-22,65.50,66.82,67.33,65.50,8882,59290000,1.12,1.70,2.79,3.26
2014-07-23,66.79,63.85,67.59,62.89,16365,106010000,-2.97,-4.44,7.03,6.01
2014-07-24,63.55,64.64,65.80,63.27,11529,74540000,0.79,1.24,3.96,4.23
2014-07-25,63.75,62.91,64.28,61.57,13102,82410000,-1.73,-2.68,4.19,4.81
2014-07-28,63.52,64.54,65.11,63.03,9544,61260000,1.63,2.59,3.31,3.50
2014-07-29,64.00,67.61,68.17,64.00,17755,118120000,3.07,4.76,6.46,6.52
2014-07-30,67.30,67.88,69.30,67.00,13369,91210000,0.27,0.40,3.40,4.91
2014-07-31,67.51,66.45,68.00,65.02,9574,63490000,-1.43,-2.11,4.39,3.51
2014-08-01,66.54,64.41,66.78,64.01,9224,60400000,-2.04,-3.07,4.17,3.38
2014-08-04,63.99,65.15,65.23,63.50,7268,47020000,0.74,1.15,2.69,2.67
2014-08-05,65.20,67.28,68.17,64.60,10286,68570000,2.13,3.27,5.48,3.77
2014-08-06,67.20,67.00,68.69,66.63,8369,56550000,-0.28,-0.42,3.06,3.07
2014-08-07,66.63,66.10,67.49,65.80,6915,45960000,-0.90,-1.34,2.52,2.54
2014-08-08,65.96,67.01,67.19,65.96,5754,38420000,0.91,1.38,1.86,2.11
2014-08-11,67.12,68.81,69.37,67.12,9344,64190000,1.80,2.69,3.36,3.43
2014-08-12,68.60,68.63,69.50,67.51,9053,62060000,-0.18,-0.26,2.89,3.32
2014-08-13,68.12,65.40,68.30,65.02,15996,105650000,-3.23,-4.71,4.78,5.87
2014-08-14,65.00,62.88,65.80,62.30,20391,130570000,-2.52,-3.85,5.35,7.48
2014-08-15,62.60,63.43,63.77,62.60,8071,51060000,0.55,0.87,1.86,2.96
2014-08-18,63.60,64.22,64.30,63.08,8180,52200000,0.79,1.25,1.92,3.00
2014-08-19,63.99,66.20,66.80,63.60,14769,97090000,1.98,3.08,4.98,5.42
2014-08-20,66.17,67.40,68.21,65.60,14727,99450000,1.20,1.81,3.94,5.40
2014-08-21,67.58,68.08,68.65,66.50,9058,61230000,0.68,1.01,3.19,3.32
2014-08-22,68.08,69.48,70.40,67.58,13157,91030000,1.40,2.06,4.14,4.83
2014-08-25,69.50,67.74,69.54,67.61,7959,54340000,-1.74,-2.50,2.78,2.92
2014-08-26,67.62,68.10,69.87,67.31,9280,63740000,0.36,0.53,3.78,3.41
2014-08-27,68.06,66.80,68.85,66.80,7591,51400000,-1.30,-1.91,3.01,2.79
2014-08-28,67.00,65.60,67.77,64.92,6815,45130000,-1.20,-1.80,4.27,2.50
2014-08-29,65.71,66.19,66.30,65.00,4667,30690000,0.59,0.90,1.98,1.71
2014-09-01,66.07,68.56,68.94,65.81,7593,51350000,2.37,3.58,4.73,2.79
2014-09-02,68.61,68.81,69.19,68.03,7802,53540000,0.25,0.36,1.69,2.86
2014-09-03,68.87,69.80,70.90,68.87,12803,89650000,0.99,1.44,2.95,4.70
2014-09-04,69.81,71.20,72.80,69.50,13511,96190000,1.40,2.01,4.73,4.96
2014-09-05,71.69,70.18,72.20,69.65,12262,86510000,-1.02,-1.43,3.58,4.50
2014-09-09,70.33,69.35,70.50,68.90,7773,53840000,-0.83,-1.18,2.28,2.85
2014-09-10,69.35,72.80,72.87,69.09,13009,93070000,3.45,4.97,5.45,4.77
2014-09-11,72.54,71.70,73.01,70.91,12012,86410000,-1.10,-1.51,2.88,4.41
2014-09-12,71.89,71.98,72.30,70.55,6679,47780000,0.28,0.39,2.44,2.45
2014-09-15,71.97,74.58,75.79,71.97,14433,107390000,2.60,3.61,5.31,5.30
2014-09-16,74.15,72.56,75.00,72.56,10355,76620000,-2.02,-2.71,3.27,3.80
2014-09-17,72.56,72.92,74.70,70.91,9173,66870000,0.36,0.50,5.22,3.37
2014-09-18,73.18,72.90,73.49,72.00,4877,35520000,-0.02,-0.03,2.04,1.79
2014-09-19,72.96,73.80,74.49,72.96,6993,51620000,0.90,1.23,2.10,2.57
2014-09-22,73.70,70.26,74.20,69.90,9780,69840000,-3.54,-4.80,5.83,3.59
2014-09-23,70.12,70.80,71.30,70.10,6489,45910000,0.54,0.77,1.71,2.38
2014-09-24,70.81,71.08,71.48,70.30,6874,48770000,0.28,0.40,1.67,2.52
2014-09-25,71.02,69.90,71.79,69.42,9653,68050000,-1.18,-1.66,3.33,3.54
2014-09-26,69.15,69.59,70.14,68.22,8727,60470000,-0.31,-0.44,2.75,3.20
2014-09-29,70.65,73.30,74.33,70.65,14864,108410000,3.71,5.33,5.29,5.45
2014-09-30,73.70,73.33,74.27,72.72,8940,65660000,0.03,0.04,2.11,3.28
2014-10-08,73.50,74.00,74.15,72.12,9224,67540000,0.67,0.91,2.77,3.39
2014-10-09,74.01,72.99,74.68,72.02,8070,59250000,-1.01,-1.36,3.59,2.96
2014-10-10,72.50,72.25,73.37,71.88,6956,50410000,-0.74,-1.01,2.04,2.55
2014-10-13,72.01,74.53,74.61,71.72,9345,68560000,2.28,3.16,4.00,3.43
2014-10-14,74.48,74.65,74.90,73.61,7839,58170000,0.12,0.16,1.73,2.88
2014-10-15,73.80,73.91,74.49,71.88,13718,100820000,-0.74,-0.99,3.50,5.03
2014-10-16,73.25,73.50,75.89,73.25,13489,100410000,-0.41,-0.55,3.57,4.95
2014-10-17,73.47,76.99,77.50,72.02,17599,132250000,3.49,4.75,7.46,6.46
2014-10-20,76.99,77.90,79.85,76.70,14422,112820000,0.91,1.18,4.09,5.29
2014-10-21,77.30,81.60,84.00,76.80,19763,160060000,3.70,4.75,9.24,7.25
2014-10-22,81.59,81.51,85.37,81.01,15097,125270000,-0.09,-0.11,5.34,5.54
2014-10-23,80.56,78.77,82.29,78.51,10731,86140000,-2.74,-3.36,4.64,3.94
2014-10-24,78.50,79.20,80.50,78.50,6218,49500000,0.43,0.55,2.54,2.28
2014-10-27,79.50,84.60,86.65,79.50,13813,116430000,5.40,6.82,9.03,5.07
2014-10-28,84.83,85.76,86.27,83.65,10375,88160000,1.16,1.37,3.10,3.81
2014-10-29,85.80,85.16,85.95,83.69,11068,93570000,-0.60,-0.70,2.64,4.06
2014-10-30,85.06,86.90,89.00,84.50,12841,112440000,1.74,2.04,5.28,4.71
2014-10-31,86.40,85.11,88.89,83.67,11435,98170000,-1.79,-2.06,6.01,4.20
2014-11-03,85.31,85.80,88.35,85.30,9083,78900000,0.69,0.81,3.58,3.33
2014-11-04,85.71,84.89,87.29,84.03,7788,66650000,-0.91,-1.06,3.80,2.86
2014-11-05,84.68,87.04,87.20,84.20,8738,74720000,2.15,2.53,3.53,3.21
2014-11-06,87.00,89.70,89.75,86.55,9452,83880000,2.66,3.06,3.68,3.47
2014-11-07,89.71,86.68,90.65,85.52,13553,119790000,-3.02,-3.37,5.72,4.97
2014-11-10,86.50,86.06,87.79,85.50,5671,49030000,-0.62,-0.72,2.64,2.08
2014-11-11,86.26,83.65,88.20,82.16,11367,96400000,-2.41,-2.80,7.02,4.17
2014-11-12,83.11,86.87,87.66,83.10,7988,68300000,3.22,3.85,5.45,2.93
2014-11-13,85.20,78.18,85.85,78.18,22379,180350000,-8.69,-10.00,8.83,8.21
2014-11-14,78.12,76.80,79.70,76.00,10583,82080000,-1.38,-1.77,4.73,3.88
2014-11-17,77.02,77.70,80.30,76.66,8708,68630000,0.90,1.17,4.74,3.20
2014-11-18,78.00,78.10,78.50,76.81,4823,37580000,0.40,0.51,2.18,1.77
2014-11-19,78.10,78.39,78.80,77.55,4014,31400000,0.29,0.37,1.60,1.47
2014-11-20,77.80,77.25,78.37,76.90,4221,32690000,-1.14,-1.45,1.88,1.55
2014-11-21,77.11,78.72,79.20,77.11,5308,41680000,1.47,1.90,2.71,1.95
2014-11-24,79.53,78.12,80.00,77.75,6389,50400000,-0.60,-0.76,2.86,2.34
2014-11-25,78.01,78.26,78.37,77.00,8299,64440000,0.14,0.18,1.75,3.05
2014-11-26,78.00,77.90,80.59,77.01,9737,76880000,-0.36,-0.46,4.57,3.57
2014-11-27,78.30,79.15,79.75,78.01,7965,62800000,1.25,1.60,2.23,2.92
2014-11-28,79.16,81.30,81.50,78.35,11577,92480000,2.15,2.72,3.98,4.25
2014-12-01,81.08,84.45,84.88,79.80,13461,111420000,3.15,3.87,6.25,4.94
2014-12-02,83.87,84.74,85.58,83.53,9096,77140000,0.29,0.34,2.43,3.34
2014-12-03,84.70,84.09,85.50,81.00,9663,80380000,-0.65,-0.77,5.31,3.55
2014-12-04,83.90,82.71,84.48,82.00,9451,78380000,-1.38,-1.64,2.95,3.47
2014-12-05,81.90,75.20,81.90,75.20,14770,115680000,-7.51,-9.08,8.10,5.42
2014-12-08,74.00,67.68,74.98,67.68,21181,150380000,-7.52,-10.00,9.71,7.77
2014-12-09,67.68,65.95,69.88,64.80,16379,110680000,-1.73,-2.56,7.51,6.01
2014-12-10,66.56,67.00,68.80,66.50,10042,67990000,1.05,1.59,3.49,3.69
2014-12-11,66.55,67.99,68.60,65.55,7699,51640000,0.99,1.48,4.55,2.83
2014-12-12,68.19,70.36,70.51,67.25,8747,60230000,2.37,3.49,4.79,3.21
2014-12-15,70.30,71.60,71.70,69.90,9361,66430000,1.24,1.76,2.56,3.44
2014-12-16,71.66,70.27,71.80,69.52,6833,48030000,-1.33,-1.86,3.18,2.51
2014-12-17,69.83,67.10,69.83,66.50,6919,46990000,-3.17,-4.51,4.74,2.54
2014-12-18,66.81,66.89,67.81,66.60,4236,28470000,-0.21,-0.31,1.80,1.55
2014-12-19,66.50,67.25,67.99,65.91,7133,47760000,0.36,0.54,3.11,2.62
2014-12-22,66.50,60.55,66.50,60.53,12453,77310000,-6.70,-9.96,8.88,4.57
2014-12-23,60.00,60.00,61.96,59.20,7564,45710000,-0.55,-0.91,4.56,2.78
2014-12-24,60.66,63.77,63.77,60.60,6135,38340000,3.77,6.28,5.28,2.25
2014-12-25,64.00,64.10,64.80,62.60,6397,40780000,0.33,0.52,3.45,2.35
2014-12-26,63.77,64.70,65.69,63.50,6306,40950000,0.60,0.94,3.42,2.31
2014-12-29,63.56,61.49,63.80,61.00,8551,52890000,-3.21,-4.96,4.33,3.14
2014-12-30,61.45,61.07,61.64,60.20,5229,31860000,-0.42,-0.68,2.34,1.92
2014-12-31,61.11,61.90,62.30,60.95,5626,34740000,0.83,1.36,2.21,2.06
2015-01-05,61.51,60.15,61.89,57.01,5926,35440000,-1.75,-2.83,7.88,2.17
2015-01-06,60.00,63.38,63.50,59.82,8997,55800000,3.23,5.37,6.12,3.30
2015-01-07,62.81,62.05,63.40,61.80,6323,39310000,-1.33,-2.10,2.52,2.32
2015-01-08,62.02,62.16,63.17,61.71,4935,30860000,0.11,0.18,2.35,1.81
2015-01-09,62.00,62.71,63.96,61.56,7358,46450000,0.55,0.88,3.86,2.70
2015-01-12,62.00,63.60,64.22,62.00,5703,36260000,0.89,1.42,3.54,2.09
2015-01-13,63.00,64.63,64.63,62.47,6091,38750000,1.03,1.62,3.40,2.24
2015-01-14,64.49,66.36,67.30,64.02,8811,58060000,1.73,2.68,5.08,3.23
2015-01-15,65.80,66.35,66.60,65.10,5344,35270000,-0.01,-0.02,2.26,1.96
2015-01-16,65.99,72.99,72.99,65.90,15535,109500000,6.64,10.01,10.69,5.70
2015-01-19,71.88,72.99,75.20,71.00,12959,94760000,0.00,0.00,5.75,4.76
2015-01-20,72.60,76.70,78.98,72.22,11631,88720000,3.71,5.08,9.26,4.27
2015-02-25,84.37,84.37,84.37,84.37,1640,13830000,7.67,10.00,0.00,0.60
2015-02-26,84.50,83.48,86.60,82.00,21337,179300000,-0.89,-1.05,5.45,7.83
2015-02-27,82.00,82.49,83.50,79.80,10774,87600000,-0.99,-1.19,4.43,3.95
2015-03-02,81.50,82.80,86.10,81.34,11584,97110000,0.31,0.38,5.77,4.25
2015-03-03,82.06,82.71,83.78,81.60,6892,56990000,-0.09,-0.11,2.63,1.80
2015-03-04,81.70,83.28,84.95,81.70,6027,50190000,0.57,0.69,3.93,1.58
2015-03-05,83.07,82.10,84.58,81.00,9090,74940000,-1.18,-1.42,4.30,2.38
2015-03-06,82.10,79.80,82.80,79.80,7404,59860000,-2.30,-2.80,3.65,1.94
2015-03-09,79.25,80.79,81.79,79.25,5232,42190000,0.99,1.24,3.18,1.37
2015-03-10,80.79,79.49,81.70,79.08,8388,67220000,-1.30,-1.61,3.24,2.19
2015-03-11,79.50,82.77,83.94,79.22,12521,102670000,3.28,4.13,5.94,3.27
2015-03-12,82.85,82.62,83.90,81.00,7000,57480000,-0.15,-0.18,3.50,1.83
2015-03-13,83.45,87.12,87.50,82.02,10474,89300000,4.50,5.45,6.63,2.74
2015-03-16,87.00,95.38,95.83,86.71,20731,191230000,8.26,9.48,10.47,5.42
2015-03-17,95.01,94.93,95.89,93.00,11527,108920000,-0.45,-0.47,3.03,3.01
2015-03-18,94.60,97.75,98.60,94.35,10587,102670000,2.82,2.97,4.48,2.77
2015-03-19,105.00,101.70,107.53,99.98,32899,341260000,3.95,4.04,7.72,8.60
2015-03-20,98.61,109.50,111.00,98.51,22796,237370000,7.80,7.67,12.28,5.96
2015-03-23,110.50,120.45,120.45,110.50,26496,309670000,10.95,10.00,9.09,6.93
2015-03-24,126.00,132.50,132.50,124.10,42835,555380000,12.05,10.00,6.97,11.20
2015-03-25,142.00,145.75,145.75,142.00,13787,199990000,13.25,10.00,2.83,3.60
2015-03-26,62.00,64.08,64.08,59.01,370329,2323630000,5.83,10.01,8.70,38.73
2015-03-27,62.99,57.67,62.99,57.67,99465,577800000,-6.41,-10.00,8.30,10.40
2015-03-30,53.30,51.90,54.66,51.90,130341,684370000,-5.77,-10.01,4.79,13.63
2015-03-31,49.18,53.00,53.70,49.15,152237,790130000,1.10,2.12,8.77,15.92
2015-04-01,53.00,52.66,53.50,51.03,108886,568850000,-0.34,-0.64,4.66,11.39
2015-04-02,53.10,52.08,53.58,51.60,99299,520180000,-0.58,-1.10,3.76,10.38
2015-04-03,51.70,51.65,52.00,50.85,85163,437060000,-0.43,-0.83,2.21,8.91
2015-04-07,51.66,54.32,55.35,51.10,125972,672280000,2.67,5.17,8.23,13.17
2015-04-08,53.80,52.98,55.45,52.21,91862,491790000,-1.34,-2.47,5.96,9.61
2015-04-09,52.94,54.93,55.30,49.10,118739,623370000,1.95,3.68,11.70,12.42
2015-04-10,54.00,54.92,55.33,53.26,109013,597240000,-0.01,-0.02,3.77,11.40
2015-04-13,54.00,54.51,54.97,52.00,82921,446700000,-0.41,-0.75,5.41,8.67
2015-04-14,53.92,51.39,53.92,51.39,89771,470060000,-3.12,-5.72,4.64,9.39
2015-04-15,50.48,46.25,50.48,46.25,98329,468100000,-5.14,-10.00,8.23,10.28
2015-04-16,44.92,45.01,46.88,43.30,53160,240000000,-1.24,-2.68,7.74,5.56
2015-04-17,45.05,45.74,47.49,45.05,51625,238920000,0.73,1.62,5.42,5.40
2015-04-20,45.00,44.81,46.50,44.61,43953,199130000,-0.93,-2.03,4.13,4.60
2015-04-21,44.61,46.85,46.98,44.61,47002,216960000,2.04,4.55,5.29,4.92
2015-04-22,46.87,47.79,48.20,46.86,51624,246500000,0.94,2.01,2.86,5.40
2015-04-23,47.80,48.34,48.96,47.77,48136,232940000,0.55,1.15,2.49,5.03
2015-04-24,47.70,47.39,48.28,46.51,45862,217200000,-0.95,-1.97,3.66,4.80
2015-04-27,47.39,46.40,48.70,46.33,47203,223270000,-0.99,-2.09,5.00,4.94
2015-04-28,46.40,44.04,46.40,43.61,54115,241610000,-2.36,-5.09,6.01,5.66
2015-04-29,44.30,44.69,45.45,44.30,32096,143990000,0.65,1.48,2.61,3.36
2015-04-30,45.25,45.31,47.08,44.94,65389,301580000,0.62,1.39,4.79,6.84
2015-05-04,45.36,44.55,45.92,44.50,40660,182960000,-0.76,-1.68,3.13,4.25
2015-05-05,44.60,43.76,44.80,43.44,42145,185360000,-0.79,-1.77,3.05,4.41
2015-05-06,44.01,45.83,47.93,44.01,90616,416650000,2.07,4.73,8.96,9.48
2015-05-07,46.05,49.92,50.40,46.00,127588,617000000,4.09,8.92,9.60,13.34
2015-05-08,50.02,52.88,54.00,48.42,123318,626790000,2.96,5.93,11.18,12.90
2015-05-11,52.40,52.91,54.55,51.12,117046,618020000,0.03,0.06,6.49,12.24
2015-05-12,52.00,51.41,53.60,49.92,99608,513480000,-1.50,-2.84,6.96,10.42
2015-05-13,50.30,49.90,50.70,48.20,76483,380310000,-1.51,-2.94,4.86,8.00
2015-05-14,49.28,50.72,51.66,49.28,65689,334690000,0.82,1.64,4.77,6.87
2015-05-15,50.27,49.22,50.50,48.42,57620,284240000,-1.50,-2.96,4.10,6.03
2015-05-18,49.21,53.09,53.12,49.01,88169,455810000,3.87,7.86,8.35,9.22
2015-05-19,54.23,52.67,55.33,51.67,76944,405880000,-0.42,-0.79,6.89,8.05
2015-05-20,52.84,55.00,56.66,52.20,121064,661160000,2.33,4.42,8.47,12.66
2015-05-21,55.80,58.68,58.97,53.90,124920,709550000,3.68,6.69,9.22,13.06
2015-05-22,59.20,55.75,59.37,54.50,121421,686730000,-2.93,-4.99,8.30,12.70
2015-05-25,53.75,53.68,54.88,52.50,80398,432390000,-2.07,-3.71,4.27,8.41
2015-05-26,53.26,57.09,57.09,53.26,83627,467460000,3.41,6.35,7.13,8.75
2015-05-27,58.00,62.65,62.80,55.50,130167,774810000,5.56,9.74,12.79,13.61
2015-06-05,68.30,59.15,68.30,58.30,140900,884300000,-3.50,-5.59,15.96,14.73
2015-06-08,57.97,53.55,57.98,53.25,88576,484510000,-5.60,-9.47,8.00,9.26
2015-06-09,53.45,53.77,54.99,51.91,50895,272100000,0.22,0.41,5.75,5.32
2015-06-10,53.59,55.86,56.98,53.00,60163,332120000,2.09,3.89,7.40,6.29
2015-06-11,55.50,55.03,56.40,54.50,43515,240620000,-0.83,-1.49,3.40,4.55
2015-06-12,55.05,53.82,55.88,52.89,59221,318590000,-1.21,-2.20,5.43,6.19
2015-06-15,53.73,50.10,53.78,49.55,58157,298440000,-3.72,-6.91,7.86,6.08
2015-06-16,49.00,53.32,53.84,45.45,97298,483060000,3.22,6.43,16.75,10.18
2015-06-17,53.00,57.68,58.50,53.00,102189,577350000,4.36,8.18,10.32,10.69
2015-06-18,57.60,54.03,57.60,53.00,59315,331940000,-3.65,-6.33,7.98,6.20
2015-06-19,52.94,54.19,56.55,51.10,72470,401110000,0.16,0.30,10.09,7.58
2015-06-23,53.00,57.45,58.00,49.03,67241,364060000,3.26,6.02,16.55,7.03
2015-06-24,57.70,59.95,60.01,56.51,101004,592300000,2.50,4.35,6.09,10.56
2015-06-25,60.05,57.59,61.00,56.00,76791,454020000,-2.36,-3.94,8.34,8.03
2015-06-26,55.01,51.83,55.01,51.83,54124,286500000,-5.76,-10.00,5.52,5.66
2015-06-29,51.00,46.65,51.82,46.65,45804,216690000,-5.18,-9.99,9.97,4.79
2015-06-30,41.99,46.96,49.80,41.99,74697,339510000,0.31,0.66,16.74,7.81
2015-07-01,46.00,42.26,48.90,42.26,56601,262050000,-4.70,-10.01,14.14,5.92
2015-07-02,40.05,38.03,40.32,38.03,47082,182560000,-4.23,-10.01,5.42,4.92
2015-07-03,34.23,34.23,37.60,34.23,66081,230030000,-3.80,-9.99,8.86,6.91
2015-07-06,37.65,30.81,37.65,30.81,65466,219810000,-3.42,-9.99,19.98,6.85
2015-07-07,27.73,27.73,27.76,27.73,46769,129690000,-3.08,-10.00,0.10,4.89
2015-07-08,24.96,30.00,30.50,24.96,237035,662030000,2.27,8.19,19.98,24.79
2015-08-28,31.00,31.39,32.20,27.00,99169,284840000,1.39,4.63,17.33,10.37
2015-08-31,31.00,34.53,34.53,30.18,78928,257730000,3.14,10.00,13.86,8.25
2015-09-01,34.45,31.08,34.45,31.08,57238,182020000,-3.45,-9.99,9.76,5.99
2015-09-02,28.01,28.43,32.88,27.97,47067,141160000,-2.65,-8.53,15.80,4.92
2015-09-07,28.44,26.12,29.99,25.59,64467,181960000,-2.31,-8.13,15.48,6.74
2015-09-08,25.53,28.73,28.73,25.51,46608,130250000,2.61,9.99,12.33,4.87
2015-09-09,30.99,28.83,31.25,28.70,116859,349690000,0.10,0.35,8.88,12.22
2015-09-10,28.20,29.90,30.63,27.90,55462,164090000,1.07,3.71,9.47,5.80
2015-09-11,29.70,30.22,30.83,29.52,42960,129250000,0.32,1.07,4.38,4.49
2015-09-14,30.05,27.20,30.60,27.20,45667,130460000,-3.02,-9.99,11.25,4.78
2015-09-15,26.39,28.25,28.80,25.01,48601,133640000,1.05,3.86,13.93,5.08
2015-09-16,29.49,30.53,31.08,28.25,62539,188950000,2.28,8.07,10.02,6.54
2015-09-17,30.00,30.40,32.21,29.99,58955,183060000,-0.13,-0.43,7.27,6.17
2015-09-18,30.22,31.00,31.20,29.44,36251,110440000,0.60,1.97,5.79,3.79
2015-09-21,30.18,33.81,34.10,30.18,53167,175220000,2.81,9.06,12.65,5.56
2015-09-22,33.83,33.12,34.20,32.61,44354,147930000,-0.69,-2.04,4.70,4.64
2015-09-23,32.40,32.78,33.59,32.01,32784,108030000,-0.34,-1.03,4.77,3.43
2015-09-24,32.81,32.93,33.30,32.27,38169,124770000,0.15,0.46,3.14,3.99
2015-09-25,32.80,31.83,33.25,31.01,24379,78130000,-1.10,-3.34,6.80,2.55
2015-09-28,31.98,32.90,33.10,31.10,31674,102370000,1.07,3.36,6.28,3.31
2015-09-29,21.00,22.40,23.87,21.00,75346,172150000,0.47,2.14,13.09,5.25
2015-09-30,22.23,22.63,22.79,21.81,38377,85530000,0.23,1.03,4.38,2.68
2015-10-08,23.90,23.52,23.90,23.00,40678,95790000,0.89,3.93,3.98,2.84
2015-10-09,23.47,23.29,23.65,22.86,36608,85080000,-0.23,-0.98,3.36,2.55
2015-10-12,23.59,24.43,24.86,23.44,58258,140710000,1.14,4.89,6.10,4.06
2015-10-13,24.20,24.65,24.89,23.90,44294,107850000,0.22,0.90,4.05,3.09
2015-10-14,24.49,23.88,24.71,23.87,41199,99930000,-0.77,-3.12,3.41,2.87
2015-10-15,23.20,24.62,24.70,23.20,46119,111780000,0.74,3.10,6.28,3.22
2015-10-16,25.03,25.13,25.65,24.60,57625,144450000,0.51,2.07,4.26,4.02
2015-10-19,25.14,24.37,25.30,23.93,47477,116920000,-0.76,-3.02,5.45,3.31
2015-10-20,24.37,25.26,25.28,24.00,51564,127340000,0.89,3.65,5.25,3.59
2015-10-21,25.25,23.02,25.50,22.77,60376,147410000,-2.24,-8.87,10.81,4.21
2015-10-22,23.00,24.22,24.58,23.00,45763,109240000,1.20,5.21,6.86,3.19
2015-10-23,24.88,26.02,26.40,24.60,71906,185420000,1.80,7.43,7.43,5.01
2015-10-26,26.16,26.01,26.60,25.00,54134,139430000,-0.01,-0.04,6.15,3.77
2015-10-27,25.90,26.17,26.48,24.73,41768,106980000,0.16,0.62,6.73,2.91
2015-10-28,25.90,25.41,26.49,25.35,37466,97300000,-0.76,-2.90,4.36,2.61
2015-10-29,25.99,25.90,26.35,25.12,38163,98370000,0.49,1.93,4.84,2.66
2015-10-30,25.70,27.40,28.36,25.67,73356,198780000,1.50,5.79,10.39,5.11
2015-11-02,26.80,28.20,29.79,26.78,73845,209960000,0.80,2.92,10.99,5.15
2015-11-03,28.50,28.74,29.50,27.11,55964,159480000,0.54,1.91,8.48,3.90
2015-11-04,28.70,30.19,30.38,28.00,51418,151740000,1.45,5.05,8.28,3.58
2015-11-05,30.32,29.30,31.68,29.27,82485,250160000,-0.89,-2.95,7.98,5.75
2015-11-06,29.32,30.00,30.20,29.01,42335,125820000,0.70,2.39,4.06,2.95
2015-11-09,29.81,29.88,30.01,28.81,64482,189420000,-0.12,-0.40,4.00,4.50
2015-11-10,29.60,29.60,29.98,29.22,44438,131480000,-0.28,-0.94,2.54,3.10
2015-11-11,29.56,30.49,30.85,28.86,75285,223770000,0.89,3.01,6.72,5.25
2015-11-12,30.56,29.97,30.88,29.30,72687,217510000,-0.52,-1.71,5.18,5.07
2015-11-13,29.51,28.01,29.51,28.00,72472,206210000,-1.96,-6.54,5.04,5.05
2015-11-16,27.00,28.40,28.50,26.80,50960,141580000,0.39,1.39,6.07,3.55
2015-11-17,28.04,27.27,28.88,26.97,71659,201820000,-1.13,-3.98,6.73,5.00
2015-11-18,27.27,27.29,27.89,27.25,40032,110460000,0.02,0.07,2.35,2.79
2015-11-19,27.60,29.34,29.36,27.30,60264,171280000,2.05,7.51,7.55,4.20
2015-11-20,29.35,30.07,30.28,28.91,97105,288410000,0.73,2.49,4.67,6.77
2015-11-23,30.00,28.40,30.00,28.13,80177,233720000,-1.67,-5.55,6.22,5.59
2015-11-24,28.05,29.05,29.06,27.76,53617,152680000,0.65,2.29,4.58,3.74
2015-11-25,28.80,29.62,29.66,28.51,59123,172560000,0.57,1.96,3.96,4.12
2015-11-26,29.50,28.69,29.74,28.50,50649,146920000,-0.93,-3.14,4.19,3.53
2015-11-27,28.20,25.89,28.69,25.83,76967,209690000,-2.80,-9.76,9.97,5.37
2015-11-30,25.89,26.30,26.60,24.15,54836,140260000,0.41,1.58,9.46,3.82
2015-12-01,26.25,25.68,26.30,25.33,59477,152770000,-0.62,-2.36,3.69,4.15
2015-12-02,25.72,25.20,25.94,24.30,35569,89400000,-0.48,-1.87,6.39,2.48
2015-12-03,25.20,25.92,26.08,25.20,33582,86460000,0.72,2.86,3.49,2.34
2015-12-04,25.92,25.92,26.49,25.66,41471,107980000,0.00,0.00,3.20,2.89
2015-12-07,26.01,26.52,26.69,25.84,46445,122020000,0.60,2.31,3.28,3.24
2015-12-08,26.25,25.40,26.49,25.30,52347,134550000,-1.12,-4.22,4.49,3.65
2015-12-09,25.00,25.07,25.39,24.18,57323,142260000,-0.33,-1.30,4.76,4.00
2015-12-10,24.85,24.40,25.20,24.40,45119,111940000,-0.67,-2.67,3.19,3.15
2015-12-11,24.11,24.20,24.99,24.11,39208,96440000,-0.20,-0.82,3.61,2.73
2015-12-14,24.40,24.22,24.49,23.28,62849,149850000,0.02,0.08,5.00,4.38
2015-12-15,24.00,25.44,25.64,23.82,112649,278880000,1.22,5.04,7.51,7.85
2015-12-16,25.30,24.92,25.73,24.83,110859,280080000,-0.52,-2.04,3.54,7.73
2015-12-17,25.19,27.41,27.41,25.03,80866,215040000,2.49,9.99,9.55,5.64
2015-12-18,28.04,27.45,28.69,27.16,149650,418530000,0.04,0.15,5.58,10.43
2015-12-21,27.30,28.18,28.41,26.70,94586,264870000,0.73,2.66,6.23,6.59
2015-12-22,28.00,29.05,29.37,27.55,89711,254770000,0.87,3.09,6.46,6.25
2015-12-23,28.89,29.95,31.50,28.81,143282,429160000,0.90,3.10,9.26,9.99
2015-12-24,29.93,29.37,30.00,28.82,66647,195730000,-0.58,-1.94,3.94,4.65
2015-12-25,29.30,28.96,30.20,28.70,49511,145030000,-0.41,-1.40,5.11,3.45
2015-12-28,28.97,27.85,29.39,27.85,57865,165670000,-1.11,-3.83,5.32,4.03
2015-12-29,28.00,28.46,28.48,27.30,39893,111290000,0.61,2.19,4.24,2.78
2015-12-30,28.46,28.68,28.85,28.00,44814,127790000,0.22,0.77,2.99,3.12
2015-12-31,28.80,27.13,28.98,26.82,56921,158870000,-1.55,-5.40,7.53,3.97
2016-01-04,27.21,24.42,27.40,24.42,45326,115170000,-2.71,-9.99,10.98,3.16
2016-01-05,22.22,24.62,25.20,22.22,90827,217400000,0.20,0.82,12.20,6.33
2016-01-06,24.58,24.88,25.28,24.20,38872,95900000,0.26,1.06,4.39,2.71
2016-01-07,24.31,22.40,24.35,22.39,13154,30450000,-2.48,-9.97,7.88,0.92
2016-01-08,22.87,22.75,23.75,21.50,61771,141230000,0.35,1.56,10.04,4.31
2016-01-11,22.01,20.48,23.10,20.48,51175,110570000,-2.27,-9.98,11.52,3.57
2016-01-12,20.60,20.90,21.34,20.06,59484,123960000,0.42,2.05,6.25,4.15
2016-01-13,21.20,20.01,21.50,20.01,29771,62080000,-0.89,-4.26,7.13,2.08
2016-01-14,19.68,21.38,21.48,19.01,44226,91040000,1.37,6.85,12.34,3.08
2016-01-15,21.29,21.04,21.74,20.40,43882,93270000,-0.34,-1.59,6.27,3.06
2016-01-18,20.80,22.00,22.48,20.30,50988,111610000,0.96,4.56,10.36,3.55
2016-01-19,22.00,23.08,23.39,22.00,48099,109960000,1.08,4.91,6.32,3.35
2016-01-20,23.02,22.78,23.88,22.50,42314,98020000,-0.30,-1.30,5.98,2.95
2016-01-21,22.32,22.40,23.66,22.22,49097,112940000,-0.38,-1.67,6.32,3.42
2016-01-22,21.55,21.23,22.72,20.36,76605,161480000,-1.17,-5.22,10.54,5.34
2016-01-25,21.32,21.35,21.98,21.05,43935,94390000,0.12,0.57,4.38,3.06
2016-01-26,20.53,19.22,21.10,19.22,38050,76720000,-2.13,-9.98,8.81,2.65
2016-01-27,19.01,18.35,19.40,17.30,43995,79300000,-0.87,-4.53,10.93,3.07
2016-01-28,18.19,16.94,18.30,16.88,22813,40310000,-1.41,-7.68,7.74,1.59
2016-01-29,16.92,17.87,17.95,16.70,45931,80120000,0.93,5.49,7.38,3.20
2016-02-01,17.55,17.10,17.77,16.79,37655,65020000,-0.77,-4.31,5.48,2.63
2016-02-02,17.10,17.79,17.98,17.10,37549,66510000,0.69,4.04,5.15,2.62
2016-02-03,17.58,17.62,17.85,17.05,38778,67070000,-0.17,-0.96,4.50,2.70
2016-02-04,17.69,18.93,19.38,17.69,57725,107450000,1.31,7.43,9.59,4.02
2016-02-05,18.80,18.72,19.21,18.50,31071,58380000,-0.21,-1.11,3.75,2.17
2016-02-15,17.72,18.47,18.76,17.53,19492,35440000,-0.25,-1.34,6.57,1.36
2016-02-16,18.70,19.18,19.53,18.60,36259,69580000,0.71,3.84,5.04,2.53
2016-02-17,19.10,19.86,19.99,19.08,44183,86620000,0.68,3.55,4.74,3.08
2016-02-18,20.03,19.51,20.48,19.49,28737,57310000,-0.35,-1.76,4.98,2.00
2016-02-19,19.58,19.40,19.82,19.17,32952,64040000,-0.11,-0.56,3.33,2.30
2016-02-22,19.50,20.06,20.09,19.37,47075,92810000,0.66,3.40,3.71,3.28
2016-02-23,19.95,19.57,20.08,19.31,30478,59910000,-0.49,-2.44,3.84,2.12
2016-02-24,19.55,20.96,21.25,19.29,70772,144970000,1.39,7.10,10.02,4.93
2016-02-25,20.65,18.86,20.77,18.86,76803,151310000,-2.10,-10.02,9.11,5.35
2016-02-26,19.00,18.83,19.35,18.30,28107,52850000,-0.03,-0.16,5.57,1.96
2016-02-29,18.78,17.22,18.78,16.95,45120,78020000,-1.61,-8.55,9.72,3.15
2016-03-01,17.22,17.65,17.85,16.64,40438,69810000,0.43,2.50,7.03,2.82
2016-03-02,17.70,18.37,18.52,17.47,34388,61880000,0.72,4.08,5.95,2.40
2016-03-03,18.08,18.36,18.98,18.08,47180,87410000,-0.01,-0.05,4.90,3.29
2016-03-04,18.15,17.05,18.48,16.98,46049,80610000,-1.31,-7.14,8.17,3.21
2016-03-07,17.20,17.59,18.01,17.20,35807,63000000,0.54,3.17,4.75,2.50
2016-03-08,17.59,18.00,18.08,16.42,44525,77030000,0.41,2.33,9.44,3.10
2016-03-09,17.55,18.11,18.32,17.39,37034,66460000,0.11,0.61,5.17,2.58
2016-03-10,18.31,17.58,18.48,17.56,26819,48340000,-0.53,-2.93,5.08,1.87
2016-03-11,17.90,18.41,19.34,17.60,54895,101840000,0.83,4.72,9.90,3.83
2016-03-14,18.52,19.30,19.58,18.40,57366,109460000,0.89,4.83,6.41,4.00
2016-03-15,19.32,18.79,19.32,18.71,32830,62260000,-0.51,-2.64,3.16,2.29
2016-03-16,19.23,18.37,19.38,18.02,31300,58280000,-0.42,-2.24,7.24,2.18
2016-03-17,18.47,19.16,19.17,18.28,48425,91020000,0.79,4.30,4.84,3.38
2016-03-18,19.29,20.20,20.53,19.05,85561,170740000,1.04,5.43,7.72,5.97
2016-03-21,20.45,20.53,20.69,20.10,69986,142590000,0.33,1.63,2.92,4.88
2016-03-22,20.37,21.45,21.98,20.13,72445,153090000,0.92,4.48,9.01,5.05
2016-03-23,21.31,21.37,21.63,20.90,46098,97910000,-0.08,-0.37,3.40,3.21
2016-03-24,20.95,20.46,21.27,20.46,52117,108890000,-0.91,-4.26,3.79,3.63
2016-03-25,20.40,20.89,21.18,20.22,47860,99160000,0.43,2.10,4.69,3.34
2016-03-28,21.00,21.18,21.75,20.60,56429,119580000,0.29,1.39,5.51,3.93
2016-03-29,20.90,20.16,21.30,19.80,31129,63510000,-1.02,-4.82,7.08,2.17
2016-03-30,20.40,21.30,21.30,20.40,32756,68310000,1.14,5.65,4.46,2.28
2016-03-31,21.34,21.60,22.18,21.21,46553,101140000,0.30,1.41,4.55,3.25
2016-04-01,22.00,21.01,22.15,20.66,45705,97090000,-0.59,-2.73,6.90,3.19
2016-04-05,21.01,22.40,22.40,21.00,72932,158660000,1.39,6.62,6.66,5.08
2016-04-06,22.06,22.12,22.42,21.86,59500,131200000,-0.28,-1.25,2.50,4.15
2016-04-07,22.15,21.24,22.26,21.08,55133,119330000,-0.88,-3.98,5.33,3.84
2016-04-08,21.09,20.88,21.15,20.48,39293,81190000,-0.36,-1.69,3.15,2.74
2016-04-11,21.12,22.97,22.97,21.12,91782,204730000,2.09,10.01,8.86,6.40
2016-04-12,23.19,22.35,23.22,22.06,60306,135250000,-0.62,-2.70,5.05,4.20
2016-04-13,22.50,22.41,23.44,22.36,69797,159460000,0.06,0.27,4.83,4.87
2016-04-14,22.85,22.89,23.15,22.26,42110,95650000,0.48,2.14,3.97,2.94
2016-04-15,23.04,22.53,23.04,22.40,38203,86150000,-0.36,-1.57,2.80,2.66
2016-04-18,22.38,22.02,22.38,21.37,43280,94180000,-0.51,-2.26,4.48,3.02
2016-04-19,22.15,21.99,22.48,21.50,33324,72810000,-0.03,-0.14,4.45,2.32
2016-04-20,22.02,20.85,22.22,19.97,49750,103760000,-1.14,-5.18,10.23,3.47
2016-04-21,20.70,20.59,21.15,20.20,23403,48510000,-0.26,-1.25,4.56,1.63
2016-04-22,20.67,20.85,20.90,20.31,20263,41920000,0.26,1.26,2.87,1.41
2016-04-25,20.94,21.18,21.45,20.51,27507,57580000,0.37,1.78,4.52,1.92
2016-04-26,21.31,21.42,21.65,21.11,23083,49420000,0.24,1.13,2.55,1.61
2016-04-27,21.45,21.95,22.40,21.45,48469,106990000,0.53,2.47,4.44,3.38
2016-04-28,22.01,21.92,22.30,20.87,46571,100660000,-0.03,-0.14,6.51,3.25
2016-04-29,21.76,21.91,22.12,21.60,24176,53010000,-0.01,-0.05,2.37,1.69
2016-05-03,21.72,22.58,22.70,21.72,37189,83130000,0.67,3.06,4.47,2.59
2016-05-04,22.40,22.26,23.03,22.20,41036,92990000,-0.32,-1.42,3.68,2.86
2016-05-05,22.20,22.26,22.50,22.00,27499,61130000,0.00,0.00,2.25,1.92
2016-05-06,22.31,21.28,22.58,21.28,35488,77170000,-0.98,-4.40,5.84,2.47
2016-05-09,21.05,20.19,21.05,20.08,27365,55840000,-1.09,-5.12,4.56,1.91
2016-05-10,20.15,19.95,20.38,19.90,18555,37340000,-0.24,-1.19,2.38,1.29
2016-05-11,20.23,20.00,20.29,19.61,22363,44830000,0.05,0.25,3.41,1.56
2016-05-12,20.00,19.88,20.18,19.25,14624,29010000,-0.12,-0.60,4.65,1.02
2016-05-13,19.96,19.81,20.27,19.61,11993,23950000,-0.07,-0.35,3.32,0.84
2016-05-16,19.81,20.22,20.28,19.62,16724,33410000,0.41,2.07,3.33,1.17
2016-05-17,20.24,20.45,20.53,19.95,25259,51200000,0.23,1.14,2.87,1.76
2016-05-18,20.18,19.62,20.20,19.42,21465,42330000,-0.83,-4.06,3.81,1.50
2016-05-19,19.66,19.71,20.24,19.66,15604,31080000,0.09,0.46,2.96,1.09
2016-05-20,19.45,19.71,19.96,19.45,16174,31900000,0.00,0.00,2.59,1.13
2016-05-23,20.00,19.92,20.28,19.60,19671,39120000,0.21,1.07,3.45,1.37
2016-05-24,19.80,19.68,19.98,19.60,14779,29230000,-0.24,-1.20,1.91,1.03
2016-05-25,19.90,19.46,20.15,19.40,19394,38310000,-0.22,-1.12,3.81,1.35
2016-05-26,19.34,19.34,19.56,18.55,22374,42600000,-0.12,-0.62,5.19,1.56
2016-05-27,19.40,19.44,19.59,18.98,18079,34900000,0.10,0.52,3.15,1.26
2016-05-30,19.25,19.19,19.50,19.03,9593,18460000,-0.25,-1.29,2.42,0.67
2016-05-31,19.10,20.02,20.04,19.10,37103,73360000,0.83,4.33,4.90,2.59
2016-06-01,20.39,20.00,20.43,19.85,32266,64880000,-0.02,-0.10,2.90,2.25
2016-06-02,20.00,20.11,20.16,19.75,31913,63590000,0.11,0.55,2.05,2.22
2016-06-03,20.10,20.58,20.87,20.07,55493,113400000,0.47,2.34,3.98,3.87
2016-06-06,20.59,20.48,20.73,20.20,26410,53860000,-0.10,-0.49,2.58,1.84
2016-06-07,20.42,20.40,20.59,20.05,26856,54380000,-0.08,-0.39,2.64,1.87
2016-06-08,20.42,21.07,21.30,20.30,57296,120080000,0.67,3.28,4.90,3.99
2016-06-13,20.83,21.18,22.30,20.73,83011,179930000,0.11,0.52,7.45,5.79
2016-06-14,20.95,22.27,22.56,20.94,109314,241020000,1.09,5.15,7.65,7.62
2016-06-15,21.82,23.20,23.58,21.78,112512,257190000,0.93,4.18,8.08,7.84
2016-06-16,23.27,23.01,23.98,22.72,92665,216530000,-0.19,-0.82,5.43,6.46
2016-06-17,22.98,22.94,23.76,22.68,59598,138260000,-0.07,-0.30,4.69,4.16
2016-06-20,23.06,22.89,23.53,22.53,58348,133920000,-0.05,-0.22,4.36,4.07
2016-06-21,23.30,22.77,23.42,22.52,58923,135140000,-0.12,-0.52,3.93,4.11
2016-06-22,22.58,23.12,23.29,22.30,49727,113580000,0.35,1.54,4.35,3.47
2016-06-23,23.18,22.60,23.18,22.43,40557,92190000,-0.52,-2.25,3.24,2.83
2016-06-24,22.61,22.22,22.83,21.66,38718,86580000,-0.38,-1.68,5.18,2.70
2016-06-27,21.98,22.60,22.83,21.98,53600,121110000,0.38,1.71,3.83,3.74
2016-06-28,22.56,23.11,23.37,22.41,66369,152830000,0.51,2.26,4.25,4.63
2016-06-29,24.70,24.21,25.42,23.81,144418,353480000,1.10,4.76,6.97,10.07
2016-06-30,24.55,24.82,25.40,24.11,94731,234280000,0.61,2.52,5.33,6.60
2016-07-01,24.54,23.96,24.80,23.89,61440,149180000,-0.86,-3.46,3.67,4.28
2016-07-04,23.65,24.15,24.35,23.65,50272,121160000,0.19,0.79,2.92,3.50
2016-07-05,24.20,23.95,24.29,23.77,39260,93970000,-0.20,-0.83,2.15,2.74
2016-07-06,24.03,24.76,24.92,23.93,60346,147250000,0.81,3.38,4.13,4.21
2016-07-07,24.80,24.51,24.90,24.20,40568,99320000,-0.25,-1.01,2.83,2.83
2016-07-08,24.41,24.53,24.69,24.11,33949,82690000,0.02,0.08,2.37,2.37
2016-07-11,24.58,24.18,24.80,24.16,46067,112410000,-0.35,-1.43,2.61,3.21
2016-07-12,24.20,24.82,24.89,24.13,54535,134280000,0.64,2.65,3.14,3.80
2016-07-13,24.95,24.90,25.20,24.53,36254,89850000,0.08,0.32,2.70,2.53
2016-07-14,24.70,24.49,24.84,24.36,31679,77760000,-0.41,-1.65,1.93,2.21
2016-07-15,24.30,23.90,24.49,23.84,38748,93560000,-0.59,-2.41,2.65,2.70
2016-07-18,23.88,24.07,24.32,23.66,28879,69180000,0.17,0.71,2.76,2.01
2016-07-19,24.17,24.07,24.20,23.75,16029,38390000,0.00,0.00,1.87,1.12
2016-07-20,24.14,23.86,24.25,23.80,24160,57930000,-0.21,-0.87,1.87,1.68
2016-07-21,23.93,23.84,24.07,23.80,18267,43720000,-0.02,-0.08,1.13,1.27
2016-07-22,23.88,23.44,23.95,23.41,32088,75610000,-0.40,-1.68,2.27,2.24
2016-07-25,23.39,23.53,23.67,23.33,17758,41660000,0.09,0.38,1.45,1.24
2016-07-26,23.50,24.20,24.20,23.50,26087,62640000,0.67,2.85,2.97,1.82
2016-07-27,24.23,23.00,24.33,22.50,40946,95660000,-1.20,-4.96,7.56,2.85
2016-07-28,22.94,22.45,22.99,22.12,30794,69350000,-0.55,-2.39,3.78,2.15
2016-07-29,22.39,22.02,22.59,21.87,30996,68520000,-0.43,-1.92,3.21,2.16
2016-08-01,21.68,22.33,22.53,21.19,34280,74280000,0.31,1.41,6.09,2.39
2016-08-02,22.13,22.34,22.37,22.07,11560,25670000,0.01,0.04,1.34,0.81
2016-08-03,22.30,22.02,22.30,21.90,13008,28720000,-0.32,-1.43,1.79,0.91
2016-08-04,22.06,22.19,22.35,21.85,14297,31690000,0.17,0.77,2.27,1.00
2016-08-05,22.26,21.86,22.30,21.85,11960,26340000,-0.33,-1.49,2.03,0.83
2016-08-08,22.07,22.37,22.48,21.66,12230,27070000,0.51,2.33,3.75,0.85
2016-08-09,22.45,22.62,22.75,22.26,11843,26620000,0.25,1.12,2.19,0.83
2016-08-10,22.73,22.50,22.73,22.41,15897,35770000,-0.12,-0.53,1.41,1.11
2016-08-11,22.40,21.90,22.45,21.90,11292,24960000,-0.60,-2.67,2.44,0.79
2016-08-12,21.90,22.13,22.15,21.79,9067,19960000,0.23,1.05,1.64,0.63
2016-08-15,22.13,22.65,22.80,21.93,16598,37370000,0.52,2.35,3.93,1.16
2016-08-16,22.69,23.00,23.18,22.50,27961,63690000,0.35,1.55,3.00,1.95
2016-08-17,23.00,22.85,23.10,22.71,15364,35110000,-0.15,-0.65,1.70,1.07
2016-08-18,22.85,22.85,23.15,22.72,14244,32700000,0.00,0.00,1.88,0.99
2016-08-19,22.85,23.32,23.45,22.75,20826,48080000,0.47,2.06,3.06,1.45
2016-08-22,23.32,22.41,23.44,22.31,36508,83410000,-0.91,-3.90,4.85,2.55
2016-08-23,22.30,22.40,22.74,22.23,15009,33710000,-0.01,-0.04,2.28,1.05
2016-08-24,22.68,23.27,23.60,22.60,47227,109510000,0.87,3.88,4.46,3.29
2016-08-25,23.10,24.10,24.21,22.80,65655,155220000,0.83,3.57,6.06,4.58
2016-08-26,24.09,23.77,24.49,23.74,68479,165100000,-0.33,-1.37,3.11,4.77
2016-08-29,23.78,23.85,24.17,23.54,27847,66440000,0.08,0.34,2.65,1.94
2016-08-30,23.84,23.56,24.09,23.56,29133,69510000,-0.29,-1.22,2.22,2.03
2016-08-31,23.56,23.50,23.68,23.24,17857,41760000,-0.06,-0.25,1.87,1.24
2016-09-01,23.51,23.07,23.60,23.03,16555,38640000,-0.43,-1.83,2.43,1.15
2016-09-02,23.07,22.58,23.18,22.33,35244,80020000,-0.49,-2.12,3.68,2.46
2016-09-05,22.59,22.51,22.77,22.46,11975,27090000,-0.07,-0.31,1.37,0.83
2016-09-06,22.51,23.08,23.12,22.51,19654,45020000,0.57,2.53,2.71,1.37
2016-09-07,23.15,22.72,23.23,22.69,29657,67850000,-0.36,-1.56,2.34,2.07
2016-09-08,22.70,22.88,22.96,22.62,18498,42220000,0.16,0.70,1.50,1.29
2016-09-09,22.81,22.52,22.98,22.50,16496,37420000,-0.36,-1.57,2.10,1.15
2016-09-12,22.11,21.87,22.39,21.87,21442,47350000,-0.65,-2.89,2.31,1.49
2016-09-13,21.91,22.00,22.18,21.86,9427,20730000,0.13,0.59,1.46,0.66
2016-09-14,21.83,22.31,22.50,21.71,13796,30630000,0.31,1.41,3.59,0.96
2016-09-19,22.32,22.20,22.49,22.07,11954,26620000,-0.11,-0.49,1.88,0.83
2016-09-20,22.20,22.18,22.37,22.08,8061,17880000,-0.02,-0.09,1.31,0.56
2016-09-21,22.23,22.33,22.48,22.14,10358,23140000,0.15,0.68,1.53,0.72
2016-09-22,22.50,22.41,22.69,22.32,10928,24620000,0.08,0.36,1.66,0.76
2016-09-23,22.60,22.40,22.60,22.23,11028,24690000,-0.01,-0.04,1.65,0.77
2016-09-26,22.69,22.10,22.86,22.05,18452,41660000,-0.30,-1.34,3.62,1.29
2016-09-27,22.06,22.19,22.29,21.76,18039,39610000,0.09,0.41,2.40,1.26
2016-09-28,22.26,22.13,22.30,22.00,13233,29320000,-0.06,-0.27,1.35,0.92
2016-09-29,22.08,22.63,22.65,22.07,14110,31670000,0.50,2.26,2.62,0.98
2016-09-30,22.68,22.57,22.68,22.39,9136,20590000,-0.06,-0.27,1.28,0.64
2016-10-10,22.69,23.06,23.14,22.61,22067,50570000,0.49,2.17,2.35,1.54
2016-10-11,22.99,23.01,23.14,22.90,12759,29370000,-0.05,-0.22,1.04,0.89
2016-10-12,22.92,23.09,23.33,22.87,14882,34480000,0.08,0.35,2.00,1.04
2016-10-13,23.21,23.03,23.29,22.97,15687,36230000,-0.06,-0.26,1.39,1.09
2016-10-14,23.10,22.76,23.14,22.50,16240,36970000,-0.27,-1.17,2.78,1.13
2016-10-17,22.70,22.44,22.88,22.31,15806,35740000,-0.32,-1.41,2.50,1.10
2016-10-18,22.46,22.95,23.04,22.41,16863,38400000,0.51,2.27,2.81,1.18
2016-10-19,22.96,22.67,23.06,22.60,13172,30050000,-0.28,-1.22,2.00,0.92
2016-10-20,22.67,22.92,22.98,22.63,13998,31950000,0.25,1.10,1.54,0.98
2016-10-21,22.95,23.29,23.31,22.73,28040,64760000,0.37,1.61,2.53,1.95
2016-10-24,23.40,23.42,23.80,23.20,42234,99620000,0.13,0.56,2.58,2.94
2016-10-25,23.35,23.09,23.49,22.97,26670,61650000,-0.33,-1.41,2.22,1.86
2016-10-26,23.13,23.05,23.18,22.82,18405,42240000,-0.04,-0.17,1.56,1.28
2016-10-27,23.01,23.01,23.13,22.90,14856,34180000,-0.04,-0.17,1.00,1.04
2016-10-28,23.03,22.71,23.03,22.68,16160,36860000,-0.30,-1.30,1.52,1.13
2016-10-31,22.52,22.80,22.89,22.52,11941,27070000,0.09,0.40,1.63,0.83
2016-11-01,22.86,23.10,23.28,22.72,23737,54730000,0.30,1.32,2.46,1.65
2016-11-02,23.20,23.21,23.47,22.99,36735,85480000,0.11,0.48,2.08,2.56
2016-11-03,23.20,23.29,23.47,23.02,30012,69910000,0.08,0.34,1.94,2.09
2016-11-04,23.22,22.83,23.23,22.71,25606,58740000,-0.46,-1.98,2.23,1.79
2016-11-07,22.80,22.58,22.97,22.45,18854,42690000,-0.25,-1.10,2.28,1.31
2016-11-08,22.70,22.62,22.75,22.42,20470,46200000,0.04,0.18,1.46,1.43
2016-11-09,22.65,22.30,22.87,22.12,21739,48900000,-0.32,-1.41,3.32,1.52
2016-11-10,22.52,22.62,22.75,22.42,15965,36040000,0.32,1.44,1.48,1.11
2016-11-11,22.65,22.73,22.75,22.43,19527,44120000,0.11,0.49,1.41,1.36
2016-11-14,22.74,22.80,23.10,22.65,25076,57440000,0.07,0.31,1.98,1.75
2016-11-15,22.83,23.14,23.19,22.72,22867,52630000,0.34,1.49,2.06,1.59
2016-11-16,23.14,22.98,23.36,22.95,21948,50700000,-0.16,-0.69,1.77,1.53
2016-11-17,22.93,22.70,22.93,22.54,16277,36970000,-0.28,-1.22,1.70,1.13
2016-11-18,22.76,22.73,22.92,22.68,12534,28540000,0.03,0.13,1.06,0.87
2016-11-21,22.70,23.29,23.31,22.61,34136,79030000,0.56,2.46,3.08,2.38
2016-11-22,23.29,23.32,23.39,23.08,28958,67370000,0.03,0.13,1.33,2.02
2016-11-23,23.38,23.96,24.50,23.22,88446,212910000,0.64,2.74,5.49,6.17
2016-12-26,21.56,21.56,21.56,21.56,13948,30070000,-2.40,-10.02,0.00,0.95
2016-12-27,20.48,20.05,21.09,19.95,109789,224210000,-1.51,-7.00,5.29,7.51
2016-12-28,20.25,19.87,20.63,19.79,79053,159810000,-0.18,-0.90,4.19,5.41
2016-12-29,19.70,20.43,20.78,19.70,54389,110030000,0.56,2.82,5.44,3.72
2016-12-30,20.38,20.05,20.39,19.91,34317,68950000,-0.38,-1.86,2.35,2.35
2017-01-03,20.00,19.86,20.15,19.76,33219,66130000,-0.19,-0.95,1.95,2.27
2017-01-04,19.90,20.01,20.08,19.43,38441,75960000,0.15,0.76,3.27,2.63
2017-01-05,19.94,20.03,20.11,19.75,29000,57810000,0.02,0.10,1.80,1.98
2017-01-06,19.98,19.38,19.98,19.36,34545,67670000,-0.65,-3.25,3.10,2.36
2017-01-09,19.62,20.08,20.30,19.40,44005,87730000,0.70,3.61,4.64,3.01
2017-01-10,20.18,19.88,20.18,19.74,22602,44960000,-0.20,-1.00,2.19,1.55
2017-01-11,19.90,20.00,20.14,19.64,16833,33570000,0.12,0.60,2.52,1.15
2017-01-12,19.98,20.22,20.33,19.87,31524,63570000,0.22,1.10,2.30,2.16
2017-01-13,20.25,20.38,20.66,20.14,36327,74150000,0.16,0.79,2.57,2.49
2017-01-16,20.20,19.68,20.31,18.34,50181,97740000,-0.70,-3.43,9.67,3.43
2017-01-17,19.35,19.75,19.80,19.01,21170,41260000,0.07,0.36,4.01,1.45
2017-01-18,19.75,19.09,19.75,19.06,19827,38230000,-0.66,-3.34,3.49,1.36
2017-01-19,18.83,18.94,19.20,18.83,12954,24630000,-0.15,-0.79,1.94,0.89
2017-01-20,18.90,19.25,19.34,18.84,12817,24630000,0.31,1.64,2.64,0.88
2017-01-23,19.35,19.72,19.85,19.16,23933,46870000,0.47,2.44,3.58,1.64
2017-01-24,19.82,19.65,19.94,19.52,12057,23710000,-0.07,-0.36,2.13,0.83
2017-01-25,19.55,19.90,19.90,19.44,14012,27630000,0.25,1.27,2.34,0.96
2017-01-26,19.90,20.18,20.18,19.70,17766,35410000,0.28,1.41,2.41,1.22
2017-02-03,20.07,19.72,20.07,19.71,10263,20380000,-0.46,-2.28,1.78,0.24
2017-02-06,19.72,19.90,19.90,19.47,22240,43820000,0.18,0.91,2.18,0.53
2017-02-07,19.80,19.28,19.87,19.00,28198,54681400,-0.62,-3.12,4.372,0.92
2017-02-08,19.25,19.31,19.36,19.04,18444,35414900,0.03,0.16,1.66,0.60
2017-02-09,19.27,18.98,19.41,18.96,70391,134605000,-0.33,-1.71,2.33,2.29
2017-02-10,19.07,19.10,19.21,19.00,41053,78346500,0.12,0.63,1.106,1.34
2017-02-13,19.02,18.96,19.10,18.87,50616,96089900,-0.14,-0.73,1.204,1.65
2017-02-14,18.83,19.01,19.05,18.83,29468,55944200,0.05,0.26,1.16,0.96
2017-02-15,19.03,18.96,19.20,18.90,32441,61811500,-0.05,-0.26,1.578,1.06
2017-02-16,18.99,19.04,19.17,18.91,21901,41632200,0.08,0.42,1.371,0.71
2017-02-17,19.06,18.76,19.12,18.71,23063,43601800,-0.28,-1.47,2.153,0.75
2017-02-20,18.76,18.55,18.86,18.35,36391,67360000,-0.21,-1.12,2.719,1.19
2017-02-21,18.60,19.04,19.11,18.50,35589,67202500,0.49,2.64,3.29,1.16
2017-02-22,19.00,19.07,19.15,18.96,25395,48395300,0.03,0.16,1.00,0.83
2017-02-23,19.00,19.28,19.32,18.96,34966,67053800,0.21,1.10,1.89,1.14
2017-02-24,19.30,19.30,19.35,19.10,36999,71285000,0.02,0.10,1.30,1.21
2017-02-27,19.42,19.11,19.75,19.10,51532,100157400,-0.19,-0.98,3.37,1.68
2017-02-28,19.17,19.32,19.34,19.09,31538,60536200,0.21,1.10,1.31,1.03
2017-03-01,19.39,20.05,20.24,19.36,89637,177181300,0.73,3.78,4.55,2.92
2017-03-02,20.05,20.13,20.35,19.83,54461,109457000,0.08,0.40,2.59,1.78
2017-03-03,20.19,20.07,20.20,19.73,33857,67529200,-0.06,-0.30,2.34,1.10
2017-03-06,20.08,20.03,20.10,19.83,42553,84796500,-0.04,-0.20,1.35,1.39
2017-03-07,19.92,19.85,19.95,19.62,40646,80311000,-0.18,-0.90,1.65,1.33
2017-03-08,19.75,19.70,19.93,19.55,27765,54719800,-0.15,-0.76,1.91,0.91
2017-03-09,19.62,19.60,19.70,19.54,16078,31531900,-0.10,-0.51,0.81,0.52
2017-03-10,19.69,19.51,19.76,19.46,21689,42552200,-0.09,-0.46,1.53,0.71
2017-03-13,19.51,19.71,19.73,19.26,30863,60085400,0.20,1.03,2.41,1.01
2017-03-14,19.70,19.51,19.75,19.47,22008,43059200,-0.20,-1.01,1.42,0.72
2017-03-15,19.55,19.65,19.66,19.35,21744,42335300,0.14,0.72,1.59,0.71
2017-03-16,19.72,19.87,19.99,19.61,38252,75571206,0.22,1.12,1.93,1.25
2017-03-17,19.95,19.67,19.97,19.65,31837,63130311,-0.20,-1.01,1.61,1.04
2017-03-20,19.65,19.43,19.68,19.37,29909,58131077,-0.24,-1.22,1.58,0.97
2017-03-21,19.57,20.26,20.30,19.50,78681,157291401,0.83,4.27,4.12,2.56
2017-03-22,20.04,19.84,20.07,19.62,44719,88609218,-0.42,-2.07,2.22,1.46
2017-03-23,19.91,19.85,20.05,19.62,36976,73299693,0.01,0.05,2.17,1.21
2017-03-24,19.86,19.82,19.95,19.63,28909,57165354,-0.03,-0.15,1.61,0.94
2017-03-27,19.82,19.54,19.88,19.40,29072,56812396,-0.28,-1.41,2.42,0.95
2017-03-28,19.51,19.53,19.67,19.44,16766,32826803,-0.01,-0.05,1.18,0.55
2017-03-29,19.60,18.70,19.62,18.59,57580,109178041,-0.83,-4.25,5.27,1.88
2017-03-30,18.53,18.20,18.75,17.99,43264,79105332,-0.50,-2.67,4.06,1.41
2017-03-31,18.17,18.17,18.28,18.00,19795,35883645,-0.03,-0.16,1.54,0.65
2017-04-05,18.20,18.41,18.50,18.11,19374,35598015,0.24,1.32,2.15,0.63
2017-04-06,18.39,18.36,18.46,18.28,18525,34000708,-0.05,-0.27,0.98,0.60
2017-04-07,18.28,18.22,18.40,18.18,27812,50742202,-0.14,-0.76,1.20,0.91
2017-04-10,18.26,17.48,18.29,17.35,50610,89912145,-0.68,-3.74,5.18,1.65
2017-04-11,17.35,18.10,18.10,17.35,34772,61683163,0.62,3.55,4.29,1.13
2017-04-12,18.00,18.07,18.31,17.82,25289,45878311,-0.03,-0.17,2.71,0.82
2017-04-13,18.07,18.09,18.33,18.00,17102,31010625,0.02,0.11,1.83,0.56
2017-04-14,18.02,17.82,18.11,17.82,12393,22261062,-0.27,-1.49,1.60,0.40
2017-04-17,17.74,17.88,17.93,17.72,12826,22866053,0.06,0.34,1.18,0.42
2017-04-18,17.94,18.29,18.46,17.87,38688,70485781,0.41,2.29,3.30,1.26
2017-04-19,18.20,18.30,18.37,17.99,22197,40378972,0.01,0.05,2.08,0.72
2017-04-20,18.32,18.20,18.36,18.01,23505,42674675,-0.10,-0.55,1.91,0.77
2017-04-21,18.23,18.20,18.37,18.03,8596,15632828,0.00,0.00,1.87,0.28
2017-04-24,18.19,17.64,18.20,17.23,24490,43176260,-0.56,-3.08,5.33,0.80
2017-04-25,17.71,17.76,17.88,17.70,11041,19650651,0.12,0.68,1.02,0.36
2017-04-26,17.83,17.60,17.83,17.51,12141,21400279,-0.16,-0.90,1.80,0.40
2017-04-27,17.58,18.18,18.18,17.57,45591,81663090,0.58,3.30,3.47,1.49
2017-04-28,18.09,18.10,18.24,17.96,13600,24593248,-0.08,-0.44,1.54,0.44
2017-05-02,18.10,17.49,18.10,17.42,36895,64944718,-0.61,-3.37,3.76,1.20
2017-05-03,17.41,17.13,17.48,17.07,48030,82673370,-0.36,-2.06,2.34,1.57
2017-05-04,17.10,17.13,17.37,16.95,27414,47028078,0.00,0.00,2.45,0.89
2017-05-05,17.05,16.91,17.10,16.85,14331,24331504,-0.22,-1.28,1.46,0.47
2017-05-08,16.79,16.63,16.80,16.46,27005,44870419,-0.28,-1.66,2.01,0.88
2017-05-09,16.60,16.81,16.95,16.53,18644,31289190,0.18,1.08,2.53,0.61
2017-05-10,16.94,16.40,17.00,16.40,19087,31868825,-0.41,-2.44,3.57,0.62
2017-05-11,16.40,16.30,16.51,15.72,36913,59384304,-0.10,-0.61,4.82,1.20
2017-05-12,16.05,15.96,16.20,15.89,31682,50739879,-0.34,-2.09,1.90,1.08
2017-05-15,15.96,15.81,16.13,15.80,18763,29914566,-0.15,-0.94,2.07,0.64
2017-05-16,15.75,16.06,16.10,15.50,46399,73371544,0.25,1.58,3.80,1.58
2017-05-17,16.00,16.06,16.29,15.90,31510,50599697,0.00,0.00,2.43,1.07
2017-05-18,15.88,15.92,16.11,15.80,14902,23794102,-0.14,-0.87,1.93,0.51
2017-05-19,16.00,16.05,16.26,15.86,22831,36753365,0.13,0.82,2.51,0.78
2017-05-22,15.90,15.63,16.17,15.60,16688,26469308,-0.42,-2.62,3.55,0.57
2017-05-23,15.71,14.77,15.71,14.77,30369,46249101,-0.86,-5.50,6.01,1.04
2017-05-24,14.80,14.97,15.00,14.64,25244,37544278,0.20,1.35,2.44,0.86
2017-05-25,14.97,15.11,15.17,14.36,38779,57354056,0.14,0.94,5.41,1.32
2017-05-26,15.13,15.08,15.16,14.85,25229,37849406,-0.03,-0.20,2.05,0.86
2017-05-31,15.20,15.08,15.30,15.01,20995,31811977,0.00,0.00,1.92,0.72
2017-06-01,14.99,14.69,15.26,14.69,17722,26358500,-0.39,-2.59,3.78,0.60
2017-06-02,14.74,15.12,15.18,14.51,19350,28921053,0.43,2.93,4.56,0.66
2017-06-05,15.18,15.56,15.63,15.06,32073,49155109,0.44,2.91,3.77,1.09
2017-06-06,15.56,15.64,15.85,15.42,30348,47507532,0.08,0.51,2.76,1.03
2017-06-07,15.60,16.08,16.22,15.60,34025,54412908,0.44,2.81,3.96,1.16
2017-06-08,16.15,15.87,16.15,15.83,18879,30184001,-0.21,-1.31,1.99,0.64
2017-06-09,15.80,16.00,16.01,15.70,15710,24890776,0.13,0.82,1.95,0.54
2017-06-12,15.90,15.08,15.90,15.07,54888,84135902,-0.92,-5.75,5.19,1.87
2017-06-13,14.97,15.36,15.45,14.93,22477,34295960,0.28,1.86,3.45,0.77
