日期,开盘,收盘,最高,最低,交易量(手),交易金额(元),涨跌额,涨跌幅(%),振幅(%),换手率(%)
2011-02-15,30.60,32.75,33.65,30.02,139429,440780000,8.00,32.32,14.67,87.14
2011-02-16,31.80,31.75,32.10,30.80,78064,246170000,-1.00,-3.05,3.97,48.79
2011-02-17,31.85,31.36,33.00,31.16,54895,175130000,-0.39,-1.23,5.80,34.31
2011-02-18,31.79,34.30,34.50,31.49,91774,307010000,2.94,9.38,9.60,57.36
2011-02-21,33.11,33.55,33.90,32.37,51826,172890000,-0.75,-2.19,4.46,32.39
2011-02-22,34.19,33.60,35.15,33.50,50287,172300000,0.05,0.15,4.92,31.43
2011-02-23,33.99,33.28,34.88,32.60,32784,111240000,-0.32,-0.95,6.79,20.49
2011-02-24,33.00,32.04,33.00,31.00,25621,81960000,-1.24,-3.73,6.01,16.01
2011-02-25,31.71,31.74,32.00,30.79,17019,53430000,-0.30,-0.94,3.78,10.64
2011-02-28,31.80,32.10,32.65,31.31,16205,52030000,0.36,1.13,4.22,10.13
2011-03-01,31.88,31.90,32.28,31.40,12336,39220000,-0.20,-0.62,2.74,7.71
2011-03-02,31.39,31.50,31.90,30.80,10701,33510000,-0.40,-1.25,3.45,6.69
2011-03-03,31.33,30.48,32.15,30.48,15100,47420000,-1.02,-3.24,5.30,9.44
2011-03-04,30.53,30.87,30.88,30.20,11332,34610000,0.39,1.28,2.23,7.08
2011-03-07,30.82,30.96,31.00,30.46,7743,23810000,0.09,0.29,1.75,4.84
2011-03-08,31.11,31.59,31.76,30.85,13140,41300000,0.63,2.03,2.94,8.21
2011-03-09,31.40,31.42,31.60,31.11,6464,20270000,-0.17,-0.54,1.55,4.04
2011-03-10,31.30,31.70,31.83,30.96,6215,19550000,0.28,0.89,2.77,3.88
2011-03-11,31.70,32.10,32.97,31.26,15129,49000000,0.40,1.26,5.39,9.46
2011-03-14,32.10,32.49,32.60,31.75,6700,21590000,0.39,1.22,2.65,4.19
2011-03-15,32.18,31.81,32.40,30.83,8746,27700000,-0.68,-2.09,4.83,5.47
2011-03-16,32.36,32.16,32.48,31.51,4902,15720000,0.35,1.10,3.05,3.06
2011-03-17,31.78,32.30,33.28,31.32,10436,34050000,0.14,0.44,6.09,6.52
2011-03-18,32.11,32.01,32.74,31.88,4512,14490000,-0.29,-0.90,2.66,2.82
2011-03-21,31.55,31.70,32.36,31.12,4902,15520000,-0.31,-0.97,3.87,3.06
2011-03-22,31.50,31.28,31.69,31.15,2449,7670000,-0.42,-1.32,1.70,1.53
2011-03-23,31.30,31.46,31.78,31.24,3079,9700000,0.18,0.58,1.73,1.92
2011-03-24,31.28,32.36,32.36,31.26,10062,32060000,0.90,2.86,3.50,6.29
2011-03-25,32.20,32.99,33.18,32.11,11434,37480000,0.63,1.95,3.31,7.15
2011-03-28,32.73,32.71,33.44,32.33,8975,29480000,-0.28,-0.85,3.36,5.61
2011-03-29,31.99,31.56,31.99,31.09,8777,27670000,-1.15,-3.52,2.75,5.49
2011-03-30,31.58,31.38,31.59,30.50,3614,11220000,-0.18,-0.57,3.45,2.26
2011-03-31,31.38,31.60,31.79,31.09,1719,5410000,0.22,0.70,2.23,1.07
2011-04-01,31.50,32.54,33.00,31.48,3625,11730000,0.94,2.97,4.81,2.27
2011-04-06,32.52,32.14,32.54,32.00,1874,6030000,-0.40,-1.23,1.66,1.17
2011-04-07,31.80,31.96,32.50,31.20,3678,11640000,-0.18,-0.56,4.04,2.30
2011-04-08,31.60,32.71,32.84,31.41,6430,20700000,0.75,2.35,4.47,4.02
2011-04-11,32.59,31.75,32.59,31.71,3128,10020000,-0.96,-2.93,2.69,1.96
2011-04-12,31.60,31.90,32.12,31.48,2389,7590000,0.15,0.47,2.02,1.49
2011-04-13,31.93,32.51,32.70,31.48,4190,13550000,0.61,1.91,3.82,2.62
2011-04-14,32.58,33.36,33.36,32.04,10117,33270000,0.85,2.61,4.06,6.32
2011-04-15,32.80,34.01,35.20,32.56,16103,54900000,0.65,1.95,7.91,10.06
2011-04-18,33.60,34.20,34.30,33.09,8404,28520000,0.19,0.56,3.56,5.25
2011-04-19,33.81,34.29,34.55,33.24,8238,28040000,0.09,0.26,3.83,5.15
2011-04-20,34.40,35.65,37.19,34.00,12924,46510000,1.36,3.97,9.30,8.08
2011-04-21,35.88,35.00,36.50,35.00,7079,25180000,-0.65,-1.82,4.21,4.42
2011-04-22,34.95,33.69,35.12,33.55,5870,20040000,-1.31,-3.74,4.49,3.67
2011-04-25,33.70,35.29,35.29,32.96,8066,27490000,1.60,4.75,6.92,5.04
2011-04-26,35.00,35.31,36.76,34.87,6098,21730000,0.02,0.06,5.36,3.81
2011-04-27,35.10,33.53,35.40,33.50,3652,12580000,-1.78,-5.04,5.38,2.28
2011-04-28,33.51,32.01,33.90,32.00,3864,12720000,-1.52,-4.53,5.67,2.42
2011-04-29,31.51,32.39,32.94,31.50,1925,6190000,0.38,1.19,4.50,1.20
2011-05-03,32.09,32.75,33.18,31.44,1992,6420000,0.36,1.11,5.37,1.24
2011-05-04,32.40,32.48,32.53,31.65,2393,7680000,-0.27,-0.82,2.69,1.50
2011-05-06,32.28,32.75,33.25,31.70,2153,7040000,0.27,0.83,4.77,1.35
2011-05-09,32.21,32.11,33.25,31.81,4454,14420000,-0.64,-1.95,4.40,2.78
2011-05-10,32.01,29.30,32.50,28.90,18669,55790000,-2.81,-8.75,11.21,11.67
2011-05-11,29.08,29.21,29.45,28.00,8871,25520000,-0.09,-0.31,4.95,5.54
2011-05-12,28.78,28.40,28.78,28.00,3980,11320000,-0.81,-2.77,2.67,2.49
2011-05-13,28.71,28.34,28.71,28.11,5427,15410000,-0.06,-0.21,2.11,3.39
2011-05-16,28.30,27.79,28.63,27.40,6265,17510000,-0.55,-1.94,4.34,3.13
2011-05-17,27.81,27.79,28.15,27.40,5028,13900000,0.00,0.00,2.70,2.51
2011-05-18,27.50,27.35,28.11,27.20,3289,9090000,-0.44,-1.58,3.27,1.64
2011-05-19,27.50,27.01,27.51,26.93,4696,12780000,-0.34,-1.24,2.12,2.35
2011-05-20,27.01,26.93,27.08,26.77,3674,9910000,-0.08,-0.30,1.15,1.84
2011-05-23,26.83,26.23,27.09,25.48,7064,18380000,-0.70,-2.60,5.98,3.53
2011-05-24,25.80,26.40,26.88,25.52,6317,16580000,0.17,0.65,5.18,3.16
2011-05-25,26.30,26.50,26.55,24.07,8613,21980000,0.10,0.38,9.39,4.31
2011-05-26,25.70,25.74,26.50,25.58,1956,5090000,-0.76,-2.87,3.47,0.98
2011-05-27,25.80,24.94,25.96,24.56,2466,6160000,-0.80,-3.11,5.44,1.23
2011-05-30,24.90,24.58,25.17,24.13,3902,9670000,-0.36,-1.44,4.17,1.95
2011-05-31,24.86,25.00,25.06,24.01,2387,5850000,0.52,2.12,4.29,1.19
2011-06-01,24.70,25.35,25.50,24.58,1387,3480000,0.35,1.40,3.68,0.69
2011-06-02,25.10,24.83,25.34,24.63,1377,3430000,-0.52,-2.05,2.80,0.69
2011-06-03,24.83,26.25,26.35,24.61,3212,8230000,1.42,5.72,7.01,1.61
2011-06-07,26.23,26.60,26.66,25.62,2163,5690000,0.35,1.33,3.96,1.08
2011-06-08,26.60,26.28,26.60,26.10,1437,3780000,-0.32,-1.20,1.88,0.72
2011-06-09,26.01,25.50,26.51,25.50,1480,3860000,-0.78,-2.97,3.84,0.74
2011-06-10,25.41,25.50,25.66,25.18,841,2140000,0.00,0.00,1.88,0.42
2011-06-13,26.11,26.00,26.11,25.52,1430,3700000,0.50,1.96,2.31,0.71
2011-06-14,25.60,26.19,26.33,25.58,981,2560000,0.19,0.73,2.88,0.49
2011-06-15,25.97,25.90,26.30,24.94,1964,4990000,-0.29,-1.11,5.19,0.98
2011-06-16,25.58,25.35,25.58,24.68,632,1600000,-0.55,-2.12,3.47,0.32
2011-06-17,24.79,24.70,25.16,24.43,984,2430000,-0.65,-2.56,2.88,0.49
2011-06-20,24.35,24.89,25.00,24.30,1563,3840000,0.19,0.77,2.83,0.78
2011-06-21,24.53,25.05,25.09,24.49,716,1780000,0.16,0.64,2.41,0.36
2011-06-22,25.13,25.00,25.13,24.80,398,990000,-0.05,-0.20,1.32,0.20
2011-06-23,25.18,25.86,26.49,24.96,3385,8630000,0.86,3.44,6.12,1.69
2011-06-24,25.32,26.10,26.47,25.02,2249,5830000,0.24,0.93,5.61,1.12
2011-06-27,26.38,26.60,26.91,25.70,3356,8870000,0.50,1.92,4.64,1.68
2011-06-28,26.27,26.20,26.59,26.00,1702,4450000,-0.40,-1.50,2.22,0.85
2011-06-29,26.20,25.60,26.30,25.41,2969,7700000,-0.60,-2.29,3.40,1.48
2011-06-30,25.45,25.53,26.40,25.45,3036,7870000,-0.07,-0.27,3.71,1.52
2011-07-01,25.52,25.66,26.10,25.51,2886,7430000,0.13,0.51,2.31,1.44
2011-07-04,25.90,26.01,26.39,25.65,7204,18750000,0.35,1.36,2.88,3.60
2011-07-05,26.10,27.06,27.25,26.00,9668,25670000,1.05,4.04,4.81,4.83
2011-07-06,26.70,27.05,27.05,26.42,2994,8010000,-0.01,-0.04,2.33,1.50
2011-07-07,26.99,26.97,27.40,26.67,5576,15100000,-0.08,-0.30,2.70,2.79
2011-07-08,27.03,26.58,27.08,26.34,2976,7950000,-0.39,-1.45,2.74,1.49
2011-07-11,26.51,26.78,26.88,26.22,1694,4520000,0.20,0.75,2.48,0.85
2011-07-12,26.40,26.30,26.65,26.12,2061,5430000,-0.48,-1.79,1.98,1.03
2011-07-13,26.30,27.02,27.02,26.00,3040,8050000,0.72,2.74,3.88,1.52
2011-07-14,26.86,27.66,27.88,26.86,7453,20290000,0.64,2.37,3.78,3.73
2011-07-15,27.67,28.00,28.16,27.22,5441,15190000,0.34,1.23,3.40,2.72
2011-07-18,27.66,27.52,28.35,27.32,6949,19240000,-0.48,-1.71,3.68,3.47
2011-07-19,27.49,26.44,27.49,26.30,9451,25200000,-1.08,-3.92,4.32,4.73
2011-07-20,26.60,26.58,26.61,26.02,6039,15870000,0.14,0.53,2.23,3.02
2011-07-21,26.42,25.80,26.52,25.80,3464,9080000,-0.78,-2.93,2.71,1.73
2011-07-22,25.93,25.80,26.20,25.60,3177,8190000,0.00,0.00,2.33,1.59
2011-07-25,25.55,23.98,25.79,23.30,11304,27490000,-1.82,-7.05,9.65,5.65
2011-07-26,23.70,23.70,23.86,23.30,2333,5490000,-0.28,-1.17,2.34,1.17
2011-07-27,23.88,24.09,24.49,23.52,7783,18820000,0.39,1.65,4.09,3.89
2011-07-28,24.15,24.23,24.39,23.93,6099,14790000,0.14,0.58,1.91,3.05
2011-07-29,24.18,24.10,24.35,23.60,3729,8960000,-0.13,-0.54,3.10,1.86
2011-08-01,24.98,26.51,26.51,24.98,9358,24460000,2.41,10.00,6.35,4.68
2011-08-02,26.58,27.65,28.30,26.50,32833,89260000,1.14,4.30,6.79,16.42
2011-08-03,27.01,26.82,27.30,26.52,13268,35730000,-0.83,-3.00,2.82,6.63
2011-08-04,26.68,26.67,27.14,26.21,8497,22610000,-0.15,-0.56,3.47,4.25
2011-08-05,25.00,25.63,26.01,24.10,8774,22470000,-1.04,-3.90,7.16,4.39
2011-08-08,25.40,24.72,25.75,24.10,8408,20960000,-0.91,-3.55,6.44,4.20
2011-08-09,23.70,24.72,24.79,23.40,12585,30400000,0.00,0.00,5.62,6.29
2011-08-10,25.48,25.83,27.00,25.09,14968,38960000,1.11,4.49,7.73,7.48
2011-08-11,25.30,27.40,27.99,25.21,18993,51190000,1.57,6.08,10.76,9.50
2011-08-12,27.40,27.40,27.88,27.05,11847,32540000,0.00,0.00,3.03,5.92
2011-08-15,27.51,28.51,28.80,27.10,14292,39930000,1.11,4.05,6.20,7.15
2011-08-16,28.29,27.72,28.62,27.60,10271,28670000,-0.79,-2.77,3.58,5.14
2011-08-17,27.50,27.55,27.98,27.43,6839,18930000,-0.17,-0.61,1.98,3.42
2011-08-18,27.58,26.80,27.94,26.77,8062,21990000,-0.75,-2.72,4.25,4.03
2011-08-19,26.21,26.60,26.77,26.15,6255,16520000,-0.20,-0.75,2.31,3.13
2011-08-22,26.70,27.93,28.38,26.45,14183,39310000,1.33,5.00,7.26,7.09
2011-08-23,27.80,29.10,29.15,27.64,14982,42540000,1.17,4.19,5.41,7.49
2011-08-24,29.25,28.37,29.50,28.20,15784,45660000,-0.73,-2.51,4.47,7.89
2011-08-25,28.51,28.56,28.77,27.81,8329,23610000,0.19,0.67,3.38,4.16
2011-08-26,28.70,29.68,29.93,28.51,12717,37390000,1.12,3.92,4.97,6.36
2011-08-29,29.70,30.16,30.28,29.28,12641,37660000,0.48,1.62,3.37,6.32
2011-08-30,30.15,28.74,30.47,28.74,8431,24830000,-1.42,-4.71,5.74,4.22
2011-08-31,28.94,28.22,28.94,28.02,6465,18360000,-0.52,-1.81,3.20,3.23
2011-09-01,28.12,28.30,28.61,27.85,4118,11640000,0.08,0.28,2.69,2.06
2011-09-02,27.71,28.50,28.98,27.71,6532,18700000,0.20,0.71,4.49,3.27
2011-09-05,28.16,27.29,28.45,27.00,5435,14920000,-1.21,-4.25,5.09,2.72
2011-09-06,27.25,26.48,27.58,26.20,4196,11230000,-0.81,-2.97,5.06,2.10
2011-09-07,26.75,27.39,27.46,26.60,4005,10840000,0.91,3.44,3.25,2.00
2011-09-08,27.43,26.49,27.88,26.49,3722,10160000,-0.90,-3.29,5.07,1.86
2011-09-09,26.51,25.88,26.92,25.71,5737,15030000,-0.61,-2.30,4.57,2.87
2011-09-13,25.38,25.92,25.98,24.88,2061,5260000,0.04,0.15,4.25,1.03
2011-09-14,25.93,26.47,26.47,25.60,2972,7770000,0.55,2.12,3.36,1.49
2011-09-15,26.48,26.22,26.88,26.15,3540,9410000,-0.25,-0.94,2.76,1.77
2011-09-16,26.21,26.56,27.00,26.15,4057,10780000,0.34,1.30,3.24,2.03
2011-09-19,26.48,26.72,27.50,26.29,4720,12740000,0.16,0.60,4.56,2.36
2011-09-20,26.72,27.15,27.41,26.52,3357,9080000,0.43,1.61,3.33,1.68
2011-09-21,27.15,27.72,27.86,26.55,5741,15710000,0.57,2.10,4.83,2.87
2011-09-22,27.48,26.01,27.53,25.65,5849,15690000,-1.71,-6.17,6.78,2.92
2011-09-23,25.45,25.89,25.95,25.01,2969,7590000,-0.12,-0.46,3.61,1.48
2011-09-26,25.50,24.88,25.85,24.51,5135,12910000,-1.01,-3.90,5.18,2.57
2011-09-27,25.24,24.91,25.25,24.81,2848,7130000,0.03,0.12,1.77,1.42
2011-09-29,24.63,23.45,24.63,23.45,5177,12320000,-1.46,-5.86,4.74,2.59
2011-09-30,23.57,23.48,23.80,23.02,2163,5040000,0.03,0.13,3.33,1.08
2011-10-10,23.68,23.72,23.88,23.33,1478,3490000,0.24,1.02,2.34,0.74
2011-10-11,24.26,23.67,24.72,23.50,2784,6700000,-0.05,-0.21,5.14,1.39
2011-10-12,23.68,24.53,24.55,23.12,2766,6690000,0.86,3.63,6.04,1.38
2011-10-13,24.50,24.70,24.96,24.26,4741,11720000,0.17,0.69,2.85,2.37
2011-10-14,24.65,24.45,24.80,24.09,3166,7720000,-0.25,-1.01,2.87,1.58
2011-10-17,24.45,24.69,24.90,24.20,3495,8580000,0.24,0.98,2.86,1.75
2011-10-18,24.29,23.51,24.50,23.51,3407,8170000,-1.18,-4.78,4.01,1.70
2011-10-19,23.59,23.20,23.67,23.16,2692,6290000,-0.31,-1.32,2.17,1.35
2011-10-20,23.40,22.22,23.40,22.00,3362,7620000,-0.98,-4.22,6.03,1.68
2011-10-21,22.03,21.24,22.99,21.20,2753,5980000,-0.98,-4.41,8.06,1.38
2011-10-24,21.31,21.55,21.68,20.58,2843,6040000,0.31,1.46,5.18,1.42
2011-10-25,21.57,22.03,22.14,21.00,5349,11560000,0.48,2.23,5.29,2.67
2011-10-26,21.60,22.29,22.82,21.37,7773,17140000,0.26,1.18,6.58,3.89
2011-10-27,22.29,22.27,22.44,22.05,4187,9300000,-0.02,-0.09,1.75,2.09
2011-10-28,22.60,22.72,22.85,22.30,5664,12790000,0.45,2.02,2.47,2.83
2011-10-31,22.72,23.00,23.18,22.60,3501,8020000,0.28,1.23,2.55,1.75
2011-11-01,22.90,22.88,23.19,22.63,4312,9870000,-0.12,-0.52,2.43,2.16
2011-11-02,22.50,23.60,23.85,22.33,7748,17830000,0.72,3.15,6.64,3.87
2011-11-03,23.60,23.47,24.33,23.46,7815,18650000,-0.13,-0.55,3.69,3.91
2011-11-04,23.50,23.63,23.73,23.25,3493,8200000,0.16,0.68,2.05,1.75
2011-11-07,23.73,23.82,24.20,23.52,3497,8340000,0.19,0.80,2.88,1.75
2011-11-08,23.88,22.78,23.97,22.70,4412,10230000,-1.04,-4.37,5.33,2.21
2011-11-09,22.80,23.06,23.20,22.21,5099,11610000,0.28,1.23,4.35,2.55
2011-11-10,22.80,23.45,23.96,22.71,8013,18760000,0.39,1.69,5.42,4.01
2011-11-11,23.71,23.64,24.38,23.32,7501,17810000,0.19,0.81,4.52,3.75
2011-11-14,23.93,24.35,24.77,23.75,6365,15440000,0.71,3.00,4.31,3.18
2011-11-15,24.22,24.96,25.11,24.03,5851,14300000,0.61,2.51,4.44,2.93
2011-11-16,24.95,23.86,24.95,23.80,5267,12710000,-1.10,-4.41,4.61,2.63
2011-11-17,23.71,24.10,24.38,23.71,3732,8960000,0.24,1.01,2.81,1.87
2011-11-18,23.93,23.30,23.93,22.80,3203,7450000,-0.80,-3.32,4.69,1.60
2011-11-21,23.29,22.98,23.29,22.30,2504,5700000,-0.32,-1.37,4.25,1.25
2011-11-22,22.55,25.28,25.28,22.55,13364,33070000,2.30,10.01,11.88,6.68
2011-11-23,26.15,26.90,27.59,25.87,40856,108240000,1.62,6.41,6.80,20.43
2011-11-24,26.37,25.77,26.39,25.38,25580,66310000,-1.13,-4.20,3.75,12.79
2011-11-25,25.45,25.00,26.05,24.99,14645,37480000,-0.77,-2.99,4.11,7.32
2011-11-28,25.01,25.00,25.19,24.30,11548,28530000,0.00,0.00,3.56,5.77
2011-11-29,25.25,26.10,26.20,24.48,16575,42050000,1.10,4.40,6.88,8.29
2011-11-30,25.77,25.05,25.88,23.82,10686,26730000,-1.05,-4.02,7.89,5.34
2011-12-01,25.88,24.70,26.09,24.63,12065,30750000,-0.35,-1.40,5.83,6.03
2011-12-02,24.10,22.95,24.30,22.65,8536,19940000,-1.75,-7.09,6.68,4.27
2011-12-05,22.88,21.90,23.16,21.51,4589,10260000,-1.05,-4.58,7.19,2.29
2011-12-06,21.85,22.29,22.70,21.85,3459,7690000,0.39,1.78,3.88,1.73
2011-12-07,21.65,22.66,22.79,21.65,2915,6570000,0.37,1.66,5.11,1.46
2011-12-08,22.50,22.55,23.08,22.11,3627,8200000,-0.11,-0.49,4.28,1.81
2011-12-09,22.54,22.15,22.79,22.00,2636,5880000,-0.40,-1.77,3.50,1.32
2011-12-12,22.00,21.85,22.30,21.81,1712,3770000,-0.30,-1.35,2.21,0.86
2011-12-13,21.73,21.31,21.82,20.88,3580,7670000,-0.54,-2.47,4.30,1.79
2011-12-14,21.58,21.13,21.58,21.00,1624,3460000,-0.18,-0.84,2.72,0.81
2011-12-15,20.89,21.38,21.38,20.62,1939,4080000,0.25,1.18,3.60,0.97
2011-12-16,21.35,22.00,22.00,21.10,2807,6060000,0.62,2.90,4.21,1.40
2011-12-19,21.90,22.23,22.27,21.40,2312,5050000,0.23,1.05,3.95,1.16
2011-12-20,22.02,21.91,22.55,21.91,2985,6640000,-0.32,-1.44,2.88,1.49
2011-12-21,22.06,21.08,22.31,21.06,2071,4480000,-0.83,-3.79,5.71,1.04
2011-12-22,21.40,19.97,21.58,19.77,3407,6880000,-1.11,-5.27,8.59,1.70
2011-12-23,20.17,20.23,20.47,19.64,2025,4090000,0.26,1.30,4.16,1.01
2011-12-26,19.81,20.22,20.55,19.81,2953,5970000,-0.01,-0.05,3.66,1.48
2011-12-27,20.40,19.70,20.40,19.17,2458,4820000,-0.52,-2.57,6.08,1.23
2011-12-28,19.21,19.38,19.57,18.18,2554,4820000,-0.32,-1.62,7.06,1.28
2011-12-29,18.94,19.77,19.77,18.94,2386,4630000,0.39,2.01,4.28,1.19
2011-12-30,19.51,19.96,20.25,19.51,931,1850000,0.19,0.96,3.74,0.47
2012-01-04,19.99,19.50,20.32,19.20,1532,3010000,-0.46,-2.30,5.61,0.77
2012-01-05,19.22,18.30,19.49,17.58,2591,4740000,-1.20,-6.15,9.79,1.30
2012-01-06,17.72,18.40,18.68,17.18,1433,2580000,0.10,0.55,8.20,0.72
2012-01-09,18.58,19.26,19.37,17.76,1525,2870000,0.86,4.67,8.75,0.76
2012-01-10,19.39,19.65,19.84,18.91,2845,5540000,0.39,2.02,4.83,1.42
2012-01-11,19.78,19.60,19.79,19.28,1538,3020000,-0.05,-0.25,2.60,0.77
2012-01-12,19.71,19.39,19.97,18.80,3842,7490000,-0.21,-1.07,5.97,1.92
2012-01-13,19.10,18.60,19.25,17.45,5624,10320000,-0.79,-4.07,9.28,2.81
2012-01-16,18.04,17.18,18.15,17.18,1501,2660000,-1.42,-7.63,5.22,0.75
2012-01-17,17.20,18.00,18.45,16.22,5666,9900000,0.82,4.77,12.98,2.83
2012-01-18,17.88,16.83,17.88,16.30,4859,8370000,-1.17,-6.50,8.78,2.43
2012-01-19,16.60,16.40,16.83,16.13,5172,8470000,-0.43,-2.56,4.16,2.59
2012-01-20,16.40,16.60,16.77,16.40,3879,6420000,0.20,1.22,2.26,1.94
2012-01-30,16.82,16.58,16.82,16.32,2312,3850000,-0.02,-0.12,3.01,1.16
2012-01-31,16.56,16.20,16.77,16.01,3007,4900000,-0.38,-2.29,4.58,1.50
2012-02-01,16.08,16.83,17.17,15.30,6843,11430000,0.63,3.89,11.54,3.42
2012-02-02,16.72,16.84,16.95,16.40,4337,7210000,0.01,0.06,3.27,2.17
2012-02-03,16.63,17.06,17.33,16.62,5782,9850000,0.22,1.31,4.22,2.89
2012-02-06,17.17,17.24,17.49,16.96,4036,6940000,0.18,1.06,3.11,2.02
2012-02-07,17.22,17.23,17.68,17.06,4223,7340000,-0.01,-0.06,3.60,2.11
2012-02-08,17.15,17.62,17.67,16.78,5000,8650000,0.39,2.26,5.17,2.50
2012-02-09,17.64,17.55,17.92,17.37,4410,7790000,-0.07,-0.40,3.12,2.21
2012-02-10,17.56,17.61,17.74,17.41,3295,5780000,0.06,0.34,1.88,1.65
2012-02-13,17.50,17.82,17.99,17.30,5074,9020000,0.21,1.19,3.92,2.54
2012-02-14,17.68,17.62,17.81,17.30,4847,8510000,-0.20,-1.12,2.86,2.42
2012-02-15,17.49,18.17,18.24,17.49,7637,13670000,0.55,3.12,4.26,2.42
2012-02-16,18.08,18.04,18.28,17.82,4461,8040000,-0.13,-0.72,2.53,1.41
2012-02-17,18.01,17.90,18.23,17.68,4326,7750000,-0.14,-0.78,3.05,1.37
2012-02-20,18.06,17.82,18.50,17.75,4936,8920000,-0.08,-0.45,4.19,1.56
2012-02-21,17.78,18.10,18.10,17.60,4343,7770000,0.28,1.57,2.81,1.37
2012-02-22,18.10,18.99,19.50,17.90,9531,18010000,0.89,4.92,8.84,3.02
2012-02-23,19.00,20.89,20.89,18.76,15823,32030000,1.90,10.01,11.22,5.01
2012-02-24,21.22,20.70,21.51,20.35,20450,42600000,-0.19,-0.91,5.55,6.47
2012-02-27,20.55,20.50,21.18,20.16,16714,34400000,-0.20,-0.97,4.93,5.29
2012-02-28,20.33,20.16,20.48,19.79,10749,21590000,-0.34,-1.66,3.37,3.40
2012-02-29,20.06,20.03,20.34,19.85,6916,13920000,-0.13,-0.64,2.43,2.19
2012-03-01,19.93,20.08,20.40,19.81,3488,7040000,0.05,0.25,2.95,1.10
2012-03-02,20.22,20.24,20.30,20.09,4355,8790000,0.16,0.80,1.05,1.38
2012-03-05,20.40,20.38,20.63,20.12,5912,12070000,0.14,0.69,2.52,1.87
2012-03-06,20.45,20.48,20.68,19.61,6901,13890000,0.10,0.49,5.25,2.18
2012-03-07,20.35,21.30,21.40,20.16,10298,21540000,0.82,4.00,6.05,3.26
2012-03-08,21.19,21.09,21.52,20.88,5270,11180000,-0.21,-0.99,3.00,1.67
2012-03-09,21.14,21.79,21.80,21.14,8691,18770000,0.70,3.32,3.13,2.75
2012-03-12,21.72,22.03,22.50,21.72,8891,19720000,0.24,1.10,3.58,2.81
2012-03-13,21.91,22.29,22.40,21.69,4731,10450000,0.26,1.18,3.22,1.50
2012-03-14,22.30,21.77,23.26,21.62,9017,20360000,-0.52,-2.33,7.36,2.85
2012-03-15,21.77,23.95,23.95,21.20,12733,29040000,2.18,10.01,12.63,4.03
2012-03-16,23.69,23.91,24.38,23.50,10642,25500000,-0.04,-0.17,3.67,3.37
2012-03-19,23.60,24.39,24.92,23.59,16726,41130000,0.48,2.01,5.56,5.29
2012-03-20,24.19,22.80,24.68,22.71,9522,22180000,-1.59,-6.52,8.08,3.01
2012-03-21,23.07,22.78,23.63,21.65,13292,29870000,-0.02,-0.09,8.68,4.21
2012-03-22,22.00,22.70,22.77,22.00,3533,7910000,-0.08,-0.35,3.38,1.12
2012-03-23,22.02,21.83,22.64,21.81,3334,7380000,-0.87,-3.83,3.66,1.06
2012-03-26,21.65,21.20,21.82,20.90,4592,9730000,-0.63,-2.89,4.21,1.45
2012-03-27,21.06,21.00,21.68,20.89,2954,6290000,-0.20,-0.94,3.73,0.93
2012-03-28,20.96,19.68,20.96,19.61,4782,9640000,-1.32,-6.29,6.43,1.51
2012-03-29,19.58,19.88,20.13,19.58,2818,5580000,0.20,1.02,2.79,0.89
2012-03-30,19.72,20.46,20.59,19.40,2162,4300000,0.58,2.92,5.99,0.68
2012-04-05,20.03,20.86,20.98,20.03,3417,7100000,0.40,1.96,4.64,1.08
2012-04-06,20.91,20.97,21.16,20.73,2583,5400000,0.11,0.53,2.06,0.82
2012-04-09,20.82,20.63,21.20,20.55,1205,2520000,-0.34,-1.62,3.10,0.38
2012-04-10,20.63,20.88,20.88,20.19,1503,3090000,0.25,1.21,3.34,0.48
2012-04-11,20.86,20.74,21.13,20.68,1580,3300000,-0.14,-0.67,2.16,0.50
2012-04-12,20.76,21.24,21.35,20.75,2309,4870000,0.50,2.41,2.89,0.73
2012-04-13,21.35,21.18,21.35,21.00,1621,3430000,-0.06,-0.28,1.65,0.51
2012-04-17,20.57,20.50,21.53,20.01,1961,4070000,-0.68,-3.21,7.18,0.62
2012-04-18,20.63,20.97,21.19,20.25,2203,4580000,0.47,2.29,4.59,0.70
2012-04-19,21.04,21.73,21.96,20.99,5769,12480000,0.76,3.62,4.63,1.83
2012-04-20,21.69,21.90,21.98,21.55,3818,8310000,0.17,0.78,1.98,1.21
2012-04-23,21.79,20.35,21.79,20.30,3844,7980000,-1.55,-7.08,6.80,1.22
2012-04-24,19.90,19.57,20.10,19.17,2331,4580000,-0.78,-3.83,4.57,0.74
2012-04-25,19.36,19.95,19.96,19.36,993,1960000,0.38,1.94,3.07,0.31
2012-04-26,20.10,19.88,20.15,19.61,615,1220000,-0.07,-0.35,2.71,0.19
2012-04-27,19.68,19.88,19.95,19.64,864,1710000,0.00,0.00,1.56,0.27
2012-05-02,20.38,20.20,20.60,20.02,1586,3210000,0.32,1.61,2.92,0.50
2012-05-03,20.03,20.24,20.47,20.02,1023,2070000,0.04,0.20,2.23,0.32
2012-05-04,20.21,20.39,20.58,20.01,1725,3500000,0.15,0.74,2.82,0.55
2012-05-07,20.68,21.72,22.43,20.60,12076,26450000,1.33,6.52,8.98,3.82
2012-05-08,21.80,21.61,22.52,21.18,8191,17770000,-0.11,-0.51,6.17,2.59
2012-05-09,21.66,21.28,21.66,21.11,3557,7570000,-0.33,-1.53,2.55,1.13
2012-05-10,21.28,21.39,21.46,21.13,3115,6640000,0.11,0.52,1.55,0.99
2012-05-11,14.17,13.70,14.49,13.70,4257,6020000,-0.49,-3.45,5.57,0.90
2012-05-14,13.75,13.15,13.76,13.00,4662,6180000,-0.55,-4.01,5.55,0.98
2012-05-15,13.08,12.85,13.08,12.55,4311,5480000,-0.30,-2.28,4.03,0.91
2012-05-16,12.77,12.60,13.10,12.59,4162,5310000,-0.25,-1.95,3.97,0.88
2012-05-17,12.60,12.85,13.30,12.42,5406,6920000,0.25,1.98,6.98,1.14
2012-05-18,12.69,12.55,12.80,12.55,2936,3710000,-0.30,-2.33,1.95,0.62
2012-05-21,12.69,12.79,12.85,12.55,2058,2620000,0.24,1.91,2.39,0.43
2012-05-22,12.75,12.94,13.03,12.60,3977,5080000,0.15,1.17,3.36,0.84
2012-05-23,12.98,12.92,13.23,12.00,4595,5900000,-0.02,-0.15,9.51,0.97
2012-05-24,12.80,12.70,13.08,12.64,2557,3290000,-0.22,-1.70,3.41,0.54
2012-05-25,12.69,12.33,12.78,12.32,1558,1950000,-0.37,-2.91,3.62,0.33
2012-05-28,12.30,12.25,12.32,11.98,1998,2420000,-0.08,-0.65,2.76,0.42
2012-05-29,12.12,12.59,12.68,12.11,3557,4440000,0.34,2.78,4.65,0.75
2012-05-30,12.51,12.60,12.68,12.46,2408,3030000,0.01,0.08,1.75,0.51
2012-05-31,12.60,13.44,13.86,12.60,16271,21760000,0.84,6.67,10.00,3.43
2012-06-01,13.44,13.32,13.50,13.10,5924,7850000,-0.12,-0.89,2.98,1.25
2012-06-04,13.10,12.63,13.11,12.51,3708,4780000,-0.69,-5.18,4.50,0.78
2012-06-05,12.53,12.45,12.73,12.34,1755,2190000,-0.18,-1.43,3.09,0.37
2012-06-06,12.50,12.60,12.79,12.46,1199,1510000,0.15,1.20,2.65,0.25
2012-06-07,12.79,12.36,12.79,12.30,2077,2590000,-0.24,-1.90,3.89,0.44
2012-06-08,12.45,12.38,12.59,12.31,1140,1420000,0.02,0.16,2.27,0.24
2012-06-11,12.41,12.74,12.85,12.30,3695,4630000,0.36,2.91,4.44,0.78
2012-06-12,12.69,12.43,12.70,12.33,2274,2850000,-0.31,-2.43,2.90,0.48
2012-06-13,12.48,12.63,12.65,12.43,3218,4050000,0.20,1.61,1.77,0.68
2012-06-14,12.64,12.62,12.84,12.60,3939,5000000,-0.01,-0.08,1.90,0.83
2012-06-15,12.79,12.68,12.82,12.50,3710,4700000,0.06,0.48,2.54,0.78
2012-06-18,12.69,13.07,13.07,12.69,8250,10630000,0.39,3.08,3.00,1.74
2012-06-19,13.03,12.83,13.12,12.80,3973,5120000,-0.24,-1.84,2.45,0.84
2012-06-20,12.98,12.98,13.03,12.84,3324,4310000,0.15,1.17,1.48,0.70
2012-06-21,12.96,13.08,13.20,12.90,8220,10750000,0.10,0.77,2.31,1.73
2012-06-25,12.60,12.20,12.98,12.15,5391,6730000,-0.88,-6.73,6.35,1.14
2012-06-26,12.40,12.02,12.40,11.58,2491,3000000,-0.18,-1.48,6.72,0.53
2012-06-27,12.16,13.22,13.22,12.00,55514,73260000,1.20,9.98,10.15,11.71
2012-06-28,13.02,12.76,13.27,12.69,34682,44640000,-0.46,-3.48,4.39,7.32
2012-06-29,12.99,12.28,12.99,12.06,26743,33020000,-0.48,-3.76,7.29,5.64
2012-07-02,12.29,12.46,12.65,12.16,16012,19800000,0.18,1.47,3.99,3.38
2012-07-03,12.36,13.71,13.71,12.25,33362,43950000,1.25,10.03,11.72,7.04
2012-07-04,14.10,14.90,15.08,14.00,95801,141230000,1.19,8.68,7.88,20.21
2012-07-05,14.30,14.53,14.62,13.96,47271,67810000,-0.37,-2.48,4.43,9.97
2012-07-06,14.50,14.56,14.75,14.06,39174,56450000,0.03,0.21,4.75,8.27
2012-07-09,14.48,14.70,15.48,14.12,59031,87380000,0.14,0.96,9.34,12.45
2012-07-10,14.38,15.10,15.28,14.00,49088,72310000,0.40,2.72,8.71,10.36
2012-07-11,14.76,14.30,15.56,14.13,42596,62820000,-0.80,-5.30,9.47,8.99
2012-07-12,13.90,14.85,14.95,13.81,36615,52710000,0.55,3.85,7.97,7.73
2012-07-13,14.68,14.15,15.09,14.10,30974,45100000,-0.70,-4.71,6.67,6.54
2012-07-16,13.67,12.94,14.08,12.74,42918,56900000,-1.21,-8.55,9.47,9.06
2012-07-17,12.92,12.96,13.15,12.32,12589,16060000,0.02,0.15,6.41,2.66
2012-07-18,12.95,13.39,13.69,12.75,20677,27450000,0.43,3.32,7.25,4.36
2012-07-19,13.23,13.40,13.94,13.05,19805,26770000,0.01,0.07,6.65,4.18
2012-07-20,13.30,13.04,13.75,13.00,15864,21260000,-0.36,-2.69,5.60,3.35
2012-07-23,12.67,12.54,12.79,12.33,9501,11960000,-0.50,-3.83,3.53,2.00
2012-07-24,12.30,12.81,12.98,12.26,13198,16790000,0.27,2.15,5.74,2.78
2012-07-25,12.60,12.45,12.83,12.41,8870,11200000,-0.36,-2.81,3.28,1.87
2012-07-26,12.45,12.51,12.67,12.40,8798,11030000,0.06,0.48,2.17,1.86
2012-07-27,12.60,12.80,12.98,12.52,10898,13870000,0.29,2.32,3.68,2.30
2012-07-30,12.80,12.01,12.92,12.00,9165,11470000,-0.79,-6.17,7.19,1.93
2012-07-31,11.93,11.16,12.02,11.00,15108,17020000,-0.85,-7.08,8.49,3.19
2012-08-01,11.11,11.35,11.45,11.01,6205,7010000,0.19,1.70,3.94,1.31
2012-08-02,11.30,10.77,11.33,10.44,9693,10510000,-0.58,-5.11,7.84,2.05
2012-08-03,10.77,11.03,11.07,10.60,8741,9470000,0.26,2.41,4.36,1.84
2012-08-06,10.85,11.36,11.49,10.80,12637,14160000,0.33,2.99,6.26,2.67
2012-08-07,11.37,11.67,11.77,11.28,12265,14180000,0.31,2.73,4.31,2.59
2012-08-08,11.53,11.63,12.29,11.40,15837,18660000,-0.04,-0.34,7.63,3.34
2012-08-09,11.63,11.95,12.18,11.50,13209,15700000,0.32,2.75,5.85,2.79
2012-08-10,11.90,11.92,12.20,11.76,9891,11810000,-0.03,-0.25,3.68,2.09
2012-08-13,11.82,11.88,12.04,11.66,10391,12340000,-0.04,-0.34,3.19,2.19
2012-08-14,11.81,12.38,12.69,11.66,19992,24360000,0.50,4.21,8.67,4.22
2012-08-15,12.30,11.96,12.67,11.85,22088,27340000,-0.42,-3.39,6.62,4.66
2012-08-16,11.81,12.39,12.57,11.37,20310,24650000,0.43,3.60,10.03,4.29
2012-08-17,12.13,12.38,12.47,12.02,7792,9580000,-0.01,-0.08,3.63,1.64
2012-08-20,12.20,12.35,12.43,11.96,5998,7300000,-0.03,-0.24,3.80,1.27
2012-08-21,12.38,12.54,12.69,12.21,11896,14790000,0.19,1.54,3.89,2.51
2012-08-22,12.52,12.99,13.52,12.40,20999,27270000,0.45,3.59,8.93,4.43
2012-08-23,12.99,12.78,13.00,12.60,15928,20380000,-0.21,-1.62,3.08,3.36
2012-08-24,12.80,12.01,12.82,12.01,15581,19280000,-0.77,-6.03,6.34,3.29
2012-08-27,11.59,11.84,12.23,11.31,14412,16950000,-0.17,-1.42,7.66,3.04
2012-08-28,11.75,11.80,12.04,11.55,11249,13300000,-0.04,-0.34,4.14,2.37
2012-08-29,11.72,11.51,12.02,11.51,8310,9810000,-0.29,-2.46,4.32,1.75
2012-08-30,11.49,10.93,11.69,10.82,11077,12430000,-0.58,-5.04,7.56,2.34
2012-08-31,12.00,12.02,12.02,11.80,11339,13620000,1.09,9.97,2.01,2.39
2012-09-03,13.22,13.22,13.22,13.22,4300,5680000,1.20,9.98,0.00,0.91
2012-09-04,14.54,14.54,14.54,14.54,40611,59050000,1.32,9.98,0.00,8.57
2012-09-07,15.66,15.99,15.99,15.12,86393,137250000,1.45,9.97,5.98,18.23
2012-09-10,15.90,16.90,17.59,15.25,167309,273370000,0.91,5.69,14.63,35.30
2012-09-11,16.06,16.65,16.80,16.00,98263,161260000,-0.25,-1.48,4.73,20.73
2012-09-12,16.45,16.42,17.13,16.10,78947,130840000,-0.23,-1.38,6.19,16.66
2012-09-13,16.15,15.72,16.89,15.72,84164,137140000,-0.70,-4.26,7.13,17.76
2012-09-14,15.51,15.80,16.10,15.30,75383,118680000,0.08,0.51,5.09,15.90
2012-09-17,15.66,14.95,15.84,14.90,61653,93840000,-0.85,-5.38,5.95,13.01
2012-09-18,14.71,14.99,15.18,14.70,37431,55950000,0.04,0.27,3.21,7.90
2012-09-19,15.00,14.84,15.16,14.56,39095,57860000,-0.15,-1.00,4.00,8.25
2012-09-20,15.35,14.15,15.56,14.08,60115,88740000,-0.69,-4.65,9.97,12.68
2012-09-21,14.05,13.31,14.20,13.28,53291,72870000,-0.84,-5.94,6.50,11.24
2012-09-24,13.22,13.69,13.88,13.08,38188,51780000,0.38,2.86,6.01,8.06
2012-09-25,13.60,13.88,14.55,13.50,63984,90140000,0.19,1.39,7.67,13.50
2012-09-26,13.68,12.51,13.68,12.49,55733,72020000,-1.37,-9.87,8.57,11.76
2012-09-27,12.54,12.88,13.30,12.46,42645,54500000,0.37,2.96,6.71,9.00
2012-09-28,12.83,13.15,13.25,12.53,30981,40070000,0.27,2.10,5.59,6.43
2012-10-08,13.05,13.15,13.48,12.76,35107,46280000,0.00,0.00,5.48,7.29
2012-10-09,13.06,13.99,14.26,13.00,56656,77510000,0.84,6.39,9.58,11.77
2012-10-10,13.89,14.27,14.46,13.65,59058,83330000,0.28,2.00,5.79,12.27
2012-10-11,14.11,13.56,14.35,13.52,39868,55400000,-0.71,-4.98,5.82,8.28
2012-10-12,13.63,13.88,14.15,13.52,43436,60140000,0.32,2.36,4.65,9.02
2012-10-15,13.82,13.60,13.95,13.10,23650,31740000,-0.28,-2.02,6.12,4.91
2012-10-16,13.58,13.40,13.86,13.36,13025,17740000,-0.20,-1.47,3.68,2.71
2012-10-17,13.32,13.55,13.65,13.21,13064,17550000,0.15,1.12,3.28,2.71
2012-10-18,13.54,14.13,14.32,13.54,31361,44110000,0.58,4.28,5.76,6.51
2012-10-19,14.13,13.89,14.30,13.88,18088,25410000,-0.24,-1.70,2.97,3.76
2012-10-22,13.81,14.52,14.93,13.61,33942,48370000,0.63,4.54,9.50,7.05
2012-10-23,14.40,13.85,14.46,13.85,27976,39520000,-0.67,-4.61,4.20,5.81
2012-10-24,13.70,13.37,13.97,13.35,14533,19790000,-0.48,-3.47,4.48,3.02
2012-10-25,13.31,13.43,13.93,13.31,15771,21510000,0.06,0.45,4.64,3.28
2012-10-26,13.33,13.58,13.70,13.25,14979,20170000,0.15,1.12,3.35,3.11
2012-10-29,13.59,13.76,13.84,13.55,10944,15030000,0.18,1.33,2.14,2.27
2012-10-30,13.78,13.85,14.10,13.42,16938,23390000,0.09,0.65,4.94,3.52
2012-10-31,13.80,13.59,13.80,13.46,10730,14560000,-0.26,-1.88,2.45,2.23
2012-11-01,13.49,14.03,14.05,13.45,21916,30340000,0.44,3.24,4.42,4.55
2012-11-02,13.99,13.92,14.28,13.75,16559,23120000,-0.11,-0.78,3.78,3.44
2012-11-05,13.85,13.52,13.88,13.51,10469,14290000,-0.40,-2.87,2.66,2.17
2012-11-06,13.79,13.55,13.95,13.33,11043,15010000,0.03,0.22,4.59,2.29
2012-11-07,13.51,13.50,13.64,13.40,6186,8360000,-0.05,-0.37,1.77,1.28
2012-11-08,13.42,12.95,13.42,12.91,13425,17570000,-0.55,-4.07,3.78,2.79
2012-11-09,13.03,13.24,13.25,12.63,9889,12750000,0.29,2.24,4.79,2.05
2012-11-12,13.26,13.14,13.26,12.92,5262,6870000,-0.10,-0.76,2.57,1.09
2012-11-13,13.10,12.65,13.17,12.64,5734,7350000,-0.49,-3.73,4.03,1.19
2012-11-14,12.50,12.57,12.80,12.49,4869,6150000,-0.08,-0.63,2.45,1.01
2012-11-15,12.35,12.55,12.74,12.35,5492,6880000,-0.02,-0.16,3.10,1.14
2012-11-16,12.58,12.60,12.80,12.48,2835,3580000,0.05,0.40,2.55,0.59
2012-11-19,12.60,12.62,12.69,12.00,3396,4210000,0.02,0.16,5.48,0.71
2012-11-20,12.66,12.86,13.04,12.52,8945,11490000,0.24,1.90,4.12,1.86
2012-11-21,12.68,12.93,13.08,12.60,4771,6120000,0.07,0.54,3.73,0.99
2012-11-22,12.90,12.76,13.06,12.75,3722,4800000,-0.17,-1.31,2.40,0.77
2012-11-23,12.76,12.90,13.20,12.63,8661,11270000,0.14,1.10,4.47,1.80
2012-11-26,12.90,12.58,13.04,12.50,4076,5180000,-0.32,-2.48,4.19,0.85
2012-11-27,12.58,12.10,12.58,12.06,4969,6090000,-0.48,-3.82,4.13,1.03
2012-11-28,11.60,11.52,12.00,11.48,3572,4190000,-0.58,-4.79,4.30,0.74
2012-11-29,11.53,11.48,11.77,11.12,2290,2630000,-0.04,-0.35,5.64,0.48
2012-11-30,11.39,11.58,11.69,11.24,3113,3590000,0.10,0.87,3.92,0.65
2012-12-03,11.46,10.81,11.65,10.79,3485,3880000,-0.77,-6.65,7.43,0.72
2012-12-04,10.90,11.12,11.16,10.53,6371,6930000,0.31,2.87,5.83,1.32
2012-12-05,11.15,11.69,12.00,10.93,8454,9790000,0.57,5.13,9.62,1.76
2012-12-06,11.56,11.50,11.76,11.38,6817,7870000,-0.19,-1.63,3.25,1.42
2012-12-07,11.47,11.76,11.90,11.40,7121,8290000,0.26,2.26,4.35,1.48
2012-12-10,11.76,12.21,12.29,11.64,13664,16490000,0.45,3.83,5.53,2.84
2012-12-11,12.18,12.23,12.53,11.88,16011,19570000,0.02,0.16,5.32,3.33
2012-12-12,12.35,12.04,12.50,11.86,8650,10460000,-0.19,-1.55,5.23,1.80
2012-12-13,11.97,11.76,12.19,11.76,4455,5320000,-0.28,-2.33,3.57,0.93
2012-12-14,11.72,12.23,12.45,11.66,13906,16940000,0.47,4.00,6.72,2.89
2012-12-17,12.19,12.35,12.50,11.90,18108,22010000,0.12,0.98,4.91,3.76
2012-12-18,12.20,12.12,12.38,12.00,13312,16180000,-0.23,-1.86,3.08,2.76
2012-12-19,12.02,12.37,12.56,12.02,16768,20760000,0.25,2.06,4.46,3.48
2012-12-20,12.30,12.24,12.34,12.03,10453,12730000,-0.13,-1.05,2.51,2.17
2012-12-21,12.24,12.37,12.90,12.11,20414,25450000,0.13,1.06,6.45,4.24
2012-12-24,12.28,12.56,12.84,12.20,20180,25230000,0.19,1.54,5.17,4.19
2012-12-25,12.40,12.79,13.08,12.40,22415,28700000,0.23,1.83,5.41,4.66
2012-12-26,12.72,14.07,14.07,12.71,57762,79760000,1.28,10.01,10.63,12.00
2012-12-27,14.41,13.60,14.41,13.51,33221,45810000,-0.47,-3.34,6.40,6.90
2012-12-28,13.58,13.70,13.81,13.28,30188,40870000,0.10,0.74,3.90,6.27
2012-12-31,13.51,14.20,14.50,13.51,47787,67130000,0.50,3.65,7.23,9.93
2013-01-04,14.12,13.82,14.20,13.58,17730,24480000,-0.38,-2.68,4.37,3.68
2013-01-07,13.69,13.67,14.07,13.35,31402,42790000,-0.15,-1.09,5.21,6.52
2013-01-08,13.68,14.00,14.02,13.48,36401,50180000,0.33,2.41,3.95,7.56
2013-01-09,14.00,13.76,14.38,13.66,26703,37310000,-0.24,-1.71,5.14,5.55
2013-01-10,13.61,13.66,13.78,13.45,18663,25370000,-0.10,-0.73,2.40,3.88
2013-01-11,13.65,13.44,13.73,13.38,15242,20630000,-0.22,-1.61,2.56,3.17
2013-01-14,13.43,13.93,14.10,13.36,24137,33480000,0.49,3.65,5.51,5.01
2013-01-15,14.17,14.24,14.42,13.87,36454,51730000,0.31,2.23,3.95,7.57
2013-01-16,14.05,13.85,14.18,13.70,27012,37580000,-0.39,-2.74,3.37,5.61
2013-01-17,14.58,15.24,15.24,14.53,61542,93220000,1.39,10.04,5.13,12.78
2013-01-18,15.29,14.57,15.29,14.00,100793,145640000,-0.67,-4.40,8.46,20.93
2013-01-21,14.29,14.18,14.34,13.90,40979,58050000,-0.39,-2.68,3.02,8.51
2013-01-22,14.07,13.62,14.32,13.45,41567,57340000,-0.56,-3.95,6.14,8.63
2013-01-23,13.50,13.60,13.71,13.36,20081,27130000,-0.02,-0.15,2.57,4.17
2013-01-24,13.62,13.17,13.83,13.01,26953,36070000,-0.43,-3.16,6.03,5.60
2013-01-25,13.14,13.06,13.23,12.94,12757,16670000,-0.11,-0.84,2.20,2.65
2013-01-28,13.11,13.38,13.38,13.05,14514,19220000,0.32,2.45,2.53,3.01
2013-01-29,13.27,13.61,13.85,13.20,25611,34890000,0.23,1.72,4.86,5.32
2013-01-30,13.69,13.22,13.77,13.08,24571,32710000,-0.39,-2.87,5.07,5.10
2013-01-31,13.32,13.01,13.32,12.85,14460,18810000,-0.21,-1.59,3.56,3.00
2013-02-01,13.01,13.52,13.78,12.94,31725,42700000,0.51,3.92,6.46,6.59
2013-02-04,13.40,13.15,13.46,13.05,17026,22510000,-0.37,-2.74,3.03,3.54
2013-02-05,13.10,13.28,13.40,13.01,13828,18300000,0.13,0.99,2.97,2.87
2013-02-06,13.25,13.25,13.40,13.19,11850,15720000,-0.03,-0.23,1.58,2.46
2013-02-07,13.25,13.36,13.48,13.13,15301,20350000,0.11,0.83,2.64,3.18
2013-02-08,13.36,13.45,13.60,13.29,14790,19940000,0.09,0.67,2.32,3.07
2013-02-18,13.50,13.69,13.78,13.42,19292,26260000,0.24,1.78,2.68,4.01
2013-02-19,13.67,13.33,13.74,13.24,14862,19980000,-0.36,-2.63,3.65,3.09
2013-02-20,13.30,14.00,14.12,13.30,36143,49800000,0.67,5.03,6.15,7.51
2013-02-21,13.78,13.73,13.92,13.50,18892,25940000,-0.27,-1.93,3.00,3.92
2013-02-22,13.60,13.62,14.00,13.53,15691,21640000,-0.11,-0.80,3.42,3.26
2013-02-25,13.69,13.90,14.11,13.54,20583,28690000,0.28,2.06,4.19,4.28
2013-02-26,13.70,13.63,14.03,13.62,14916,20600000,-0.27,-1.94,2.95,3.10
2013-02-27,13.63,13.56,13.74,13.40,12534,16990000,-0.07,-0.51,2.49,2.60
2013-02-28,13.53,14.07,14.11,13.53,23437,32620000,0.51,3.76,4.28,4.87
2013-03-01,14.09,14.45,14.55,14.00,51754,73920000,0.38,2.70,3.91,10.75
2013-03-04,14.24,14.55,14.78,14.12,74453,107650000,0.10,0.69,4.57,15.46
2013-03-05,14.50,14.95,14.97,14.17,68478,100450000,0.40,2.75,5.50,14.22
2013-03-06,15.00,14.37,15.03,14.24,105230,153480000,-0.58,-3.88,5.28,21.86
2013-03-07,14.39,14.24,14.59,14.15,45063,64760000,-0.13,-0.90,3.06,9.36
2013-03-08,14.25,14.31,14.52,14.15,36095,51910000,0.07,0.49,2.60,7.50
2013-03-11,14.28,14.05,14.28,13.88,21520,30230000,-0.26,-1.82,2.80,4.47
2013-03-12,13.98,13.79,14.18,13.45,26199,36070000,-0.26,-1.85,5.20,5.44
2013-03-13,13.66,13.89,14.20,13.63,22360,31280000,0.10,0.73,4.13,4.64
2013-03-14,13.60,13.98,14.18,13.40,31532,43630000,0.09,0.65,5.62,6.55
2013-03-15,13.95,13.93,14.15,13.51,28468,39450000,-0.05,-0.36,4.58,5.91
2013-03-18,13.92,13.79,14.08,13.70,14899,20750000,-0.14,-1.01,2.73,3.09
2013-03-19,13.79,13.67,14.04,13.36,17245,23570000,-0.12,-0.87,4.93,3.58
2013-03-20,13.57,14.02,14.05,13.55,22233,30790000,0.35,2.56,3.66,4.62
2013-03-21,13.95,14.35,14.38,13.92,28909,40790000,0.33,2.35,3.28,6.00
2013-03-22,14.25,14.22,14.31,14.07,20894,29640000,-0.13,-0.91,1.67,4.34
2013-03-25,14.15,14.26,14.50,14.12,24296,34860000,0.04,0.28,2.67,5.05
2013-03-26,14.27,13.95,14.33,13.83,18321,25690000,-0.31,-2.17,3.51,3.81
2013-03-27,14.05,13.90,14.09,13.75,16620,23110000,-0.05,-0.36,2.44,3.45
2013-03-28,13.64,13.10,13.85,13.02,24097,32170000,-0.80,-5.76,5.97,5.00
2013-03-29,13.08,12.68,13.25,12.64,21454,27540000,-0.42,-3.21,4.66,4.46
2013-04-01,12.72,12.76,12.87,12.64,10320,13180000,0.08,0.63,1.81,2.14
2013-04-02,12.70,12.46,12.86,12.39,14521,18320000,-0.30,-2.35,3.68,3.02
2013-04-03,12.54,12.36,12.54,12.20,6970,8600000,-0.10,-0.80,2.73,1.45
2013-04-08,12.16,12.20,12.23,11.82,11009,13240000,-0.16,-1.29,3.32,2.29
2013-04-09,12.24,12.52,12.57,12.20,10999,13700000,0.32,2.62,3.03,2.28
2013-04-10,12.52,12.37,12.52,12.22,9014,11140000,-0.15,-1.20,2.40,1.87
2013-04-11,12.40,12.37,12.60,12.36,7970,9940000,0.00,0.00,1.94,1.66
2013-04-12,12.37,12.24,12.50,12.23,5101,6310000,-0.13,-1.05,2.18,1.06
2013-04-15,12.23,11.80,12.23,11.56,7673,9170000,-0.44,-3.59,5.47,1.59
2013-04-16,11.60,12.08,12.20,11.58,5907,7040000,0.28,2.37,5.25,1.23
2013-04-17,12.05,12.26,12.35,11.94,5660,6910000,0.18,1.49,3.39,1.18
2013-04-18,12.12,12.26,12.30,12.02,6625,8080000,0.00,0.00,2.28,1.38
2013-04-19,12.26,12.56,12.59,12.25,11110,13870000,0.30,2.45,2.77,2.31
2013-04-22,12.45,12.70,12.80,12.37,13705,17310000,0.14,1.11,3.42,2.85
2013-04-23,12.69,12.08,12.71,12.08,13368,16450000,-0.62,-4.88,4.96,2.78
2013-04-24,12.11,12.38,12.42,12.08,7946,9780000,0.30,2.48,2.81,1.65
2013-04-25,12.28,12.11,12.41,12.11,12801,15660000,-0.27,-2.18,2.42,2.66
2013-04-26,12.13,11.66,12.17,11.66,10387,12390000,-0.45,-3.72,4.21,2.16
2013-05-02,11.72,12.02,12.02,11.70,8312,9860000,0.36,3.09,2.74,1.73
2013-05-03,12.35,12.60,12.78,12.35,22614,28330000,0.58,4.83,3.58,4.70
2013-05-06,12.68,12.75,12.97,12.51,25834,33070000,0.15,1.19,3.65,5.37
2013-05-07,12.68,12.72,12.74,12.51,12075,15250000,-0.03,-0.24,1.80,2.51
2013-05-08,12.70,12.90,12.92,12.70,14231,18250000,0.18,1.42,1.73,2.96
2013-05-09,12.90,13.01,13.08,12.78,21041,27200000,0.11,0.85,2.33,4.37
2013-05-10,13.01,13.06,13.15,12.77,23863,30970000,0.05,0.38,2.92,4.96
2013-05-13,13.06,13.21,13.25,12.93,20683,27020000,0.15,1.15,2.45,4.30
2013-05-14,13.18,12.90,13.18,12.81,16272,21120000,-0.31,-2.35,2.80,3.38
2013-05-15,12.93,13.38,13.38,12.93,24427,32380000,0.48,3.72,3.49,5.07
2013-05-16,13.30,13.22,13.61,13.13,29178,39060000,-0.16,-1.20,3.59,6.06
2013-05-17,13.22,13.51,13.64,13.10,24152,32410000,0.29,2.19,4.08,5.02
2013-05-20,13.67,13.88,13.94,13.45,29492,40570000,0.37,2.74,3.63,6.13
2013-05-21,13.87,14.19,14.24,13.77,30680,43160000,0.31,2.23,3.39,6.37
2013-05-22,14.35,13.83,14.48,13.71,33487,47040000,-0.36,-2.54,5.43,6.96
2013-05-23,13.73,13.81,14.17,13.71,22129,30860000,-0.02,-0.14,3.33,4.60
2013-05-24,13.84,14.13,14.19,13.84,21895,30750000,0.32,2.32,2.53,4.55
2013-05-27,14.21,14.28,14.37,14.14,23333,33250000,0.15,1.06,1.63,4.85
2013-05-28,14.29,13.82,14.30,13.60,34802,48250000,-0.46,-3.22,4.90,7.23
2013-05-29,7.59,7.83,7.85,7.44,54258,41830000,0.24,3.16,5.40,6.26
2013-05-30,8.11,7.86,8.30,7.80,111526,89200000,0.03,0.38,6.39,12.87
2013-05-31,7.75,7.92,8.15,7.65,86321,68140000,0.06,0.76,6.36,9.96
2013-06-03,7.92,7.85,8.05,7.75,50306,39640000,-0.07,-0.88,3.79,5.80
2013-06-04,7.78,7.42,7.93,7.35,52087,39700000,-0.43,-5.48,7.39,6.01
2013-06-05,7.39,7.44,7.49,7.31,27308,20250000,0.02,0.27,2.43,3.15
2013-06-06,7.38,7.46,7.48,7.33,22473,16660000,0.02,0.27,2.02,2.59
2013-06-07,7.45,7.40,7.53,7.21,23199,17200000,-0.06,-0.80,4.29,2.68
2013-06-13,7.20,6.88,7.20,6.68,29656,20460000,-0.52,-7.03,7.03,3.42
2013-06-14,6.88,7.29,7.40,6.88,32884,23600000,0.41,5.96,7.56,3.79
2013-06-17,7.16,7.23,7.36,7.04,33543,24170000,-0.06,-0.82,4.39,3.87
2013-06-18,7.20,7.13,7.28,7.04,19893,14180000,-0.10,-1.38,3.32,2.30
2013-06-19,7.09,7.22,7.26,7.04,17591,12580000,0.09,1.26,3.09,2.03
2013-06-20,7.25,6.90,7.27,6.80,12998,9150000,-0.32,-4.43,6.51,1.50
2013-06-21,6.78,6.93,7.15,6.72,14679,10220000,0.03,0.43,6.23,1.69
2013-06-24,6.93,6.36,7.05,6.29,13830,9250000,-0.57,-8.23,10.97,1.60
2013-06-25,6.35,6.33,6.53,5.72,34279,20900000,-0.03,-0.47,12.74,3.96
2013-06-26,6.30,6.45,6.50,6.12,24224,15270000,0.12,1.90,6.00,2.80
2013-06-27,6.40,6.26,6.58,6.18,21635,13850000,-0.19,-2.95,6.20,2.50
2013-06-28,6.53,6.24,6.53,6.16,15695,9910000,-0.02,-0.32,5.91,1.81
2013-07-01,6.22,6.33,6.35,6.11,12221,7630000,0.09,1.44,3.85,1.41
2013-07-02,6.35,6.42,6.46,6.21,22715,14380000,0.09,1.42,3.95,2.62
2013-07-03,6.38,6.30,6.38,6.15,21199,13250000,-0.12,-1.87,3.58,2.45
2013-07-04,6.25,6.27,6.40,6.17,25752,16270000,-0.03,-0.48,3.65,2.97
2013-07-05,6.31,6.14,6.31,6.14,21925,13640000,-0.13,-2.07,2.71,2.53
2013-07-08,6.00,5.69,6.00,5.63,20469,11860000,-0.45,-7.33,6.03,2.36
2013-07-09,5.68,5.73,5.83,5.67,8130,4680000,0.04,0.70,2.81,0.94
2013-07-10,5.77,5.88,5.90,5.70,14563,8450000,0.15,2.62,3.49,1.68
2013-07-11,5.87,6.05,6.13,5.81,22755,13660000,0.17,2.89,5.44,2.63
2013-07-12,6.06,6.02,6.20,6.00,19846,12100000,-0.03,-0.50,3.31,2.29
2013-07-15,6.02,6.12,6.14,5.92,25054,15140000,0.10,1.66,3.65,2.89
2013-07-16,6.12,6.20,6.23,6.09,18582,11440000,0.08,1.31,2.29,2.14
2013-07-17,6.21,6.06,6.24,6.05,15560,9570000,-0.14,-2.26,3.06,1.80
2013-07-18,6.03,6.23,6.26,5.98,21021,12890000,0.17,2.81,4.62,2.43
2013-07-19,6.17,5.96,6.27,5.96,21327,13110000,-0.27,-4.33,4.98,2.46
2013-07-22,5.94,6.08,6.09,5.87,9986,5980000,0.12,2.01,3.69,1.15
2013-07-23,6.09,6.31,6.34,6.06,30663,19180000,0.23,3.78,4.61,3.54
2013-07-24,6.33,6.41,6.45,6.23,30840,19620000,0.10,1.58,3.49,3.56
2013-07-25,6.41,6.19,6.45,6.18,18324,11510000,-0.22,-3.43,4.21,2.11
2013-07-26,6.13,6.30,6.35,6.10,15511,9660000,0.11,1.78,4.04,1.79
2013-07-29,6.28,6.15,6.28,6.10,17040,10490000,-0.15,-2.38,2.86,1.97
2013-07-30,6.17,6.07,6.17,5.95,13678,8280000,-0.08,-1.30,3.58,1.58
2013-07-31,6.07,6.09,6.18,6.07,10202,6230000,0.02,0.33,1.81,1.18
2013-08-01,6.14,6.70,6.70,6.10,66945,43860000,0.61,10.02,9.85,7.72
2013-08-02,6.81,6.75,7.02,6.67,107437,73460000,0.05,0.75,5.22,12.40
2013-08-05,6.61,6.70,6.79,6.60,42166,28260000,-0.05,-0.74,2.81,4.87
2013-08-06,6.68,6.75,6.88,6.65,37784,25570000,0.05,0.75,3.43,4.36
2013-08-07,6.75,6.54,6.75,6.47,32767,21650000,-0.21,-3.11,4.15,3.78
2013-08-08,6.53,6.57,6.66,6.48,18357,12070000,0.03,0.46,2.75,2.12
2013-08-09,6.57,6.83,6.99,6.54,51564,35080000,0.26,3.96,6.85,5.95
2013-08-12,6.80,6.93,7.04,6.76,40497,27930000,0.10,1.46,4.10,4.67
2013-08-13,6.93,6.87,6.94,6.80,24408,16730000,-0.06,-0.87,2.02,2.82
2013-08-14,6.88,7.05,7.15,6.84,52970,37090000,0.18,2.62,4.51,6.11
2013-08-15,7.04,6.87,7.06,6.84,29196,20220000,-0.18,-2.55,3.12,3.37
2013-08-16,6.80,6.57,6.89,6.55,31648,21200000,-0.30,-4.37,4.95,3.65
2013-08-19,6.57,6.80,6.82,6.51,22099,14720000,0.23,3.50,4.72,2.55
2013-08-20,6.96,7.48,7.48,6.96,90105,66590000,0.68,10.00,7.65,10.40
2013-08-21,7.50,7.56,7.87,7.36,180662,137910000,0.08,1.07,6.82,20.85
2013-08-22,7.42,7.45,7.45,7.24,84394,62180000,-0.11,-1.46,2.78,9.74
2013-08-23,7.41,7.35,7.52,7.10,57909,42550000,-0.10,-1.34,5.64,6.68
2013-08-26,7.30,7.37,7.39,7.16,45391,33190000,0.02,0.27,3.13,5.24
2013-08-27,7.30,7.30,7.38,7.20,41459,30160000,-0.07,-0.95,2.44,4.78
2013-08-28,7.21,7.22,7.37,7.19,41117,30030000,-0.08,-1.10,2.47,4.74
2013-08-29,7.26,7.28,7.50,7.22,44470,32730000,0.06,0.83,3.88,5.13
2013-08-30,7.24,6.83,7.30,6.80,53957,37860000,-0.45,-6.18,6.87,6.23
2013-09-02,6.78,6.92,6.97,6.64,20577,14050000,0.09,1.32,4.83,2.37
2013-09-03,6.89,7.05,7.09,6.85,24079,16890000,0.13,1.88,3.47,2.78
2013-09-04,7.05,6.93,7.08,6.90,19481,13590000,-0.12,-1.70,2.55,2.25
2013-09-05,6.90,7.00,7.02,6.78,22557,15540000,0.07,1.01,3.46,2.60
2013-09-06,6.95,6.94,7.05,6.86,16710,11580000,-0.06,-0.86,2.71,1.93
2013-09-09,6.95,6.99,7.04,6.86,24133,16730000,0.05,0.72,2.59,2.78
2013-09-10,7.02,6.94,7.02,6.90,21050,14600000,-0.05,-0.72,1.72,2.43
2013-09-11,6.94,6.77,6.95,6.75,26233,17850000,-0.17,-2.45,2.88,3.03
2013-09-12,6.74,6.78,6.90,6.73,12872,8780000,0.01,0.15,2.51,1.49
2013-09-13,6.76,6.83,6.87,6.76,13413,9160000,0.05,0.74,1.62,1.55
2013-09-16,6.83,6.84,6.91,6.81,13954,9570000,0.01,0.15,1.46,1.61
2013-09-17,6.83,6.81,6.94,6.79,20621,14150000,-0.03,-0.44,2.19,2.38
2013-09-18,6.81,6.91,6.92,6.81,14185,9760000,0.10,1.47,1.62,1.64
2013-09-23,6.97,7.19,7.23,6.97,43755,31270000,0.28,4.05,3.76,5.05
2013-09-24,7.15,7.14,7.17,7.01,26384,18720000,-0.05,-0.70,2.23,3.04
2013-09-25,7.15,7.13,7.28,7.06,21421,15370000,-0.01,-0.14,3.08,2.47
2013-09-26,7.10,7.22,7.45,7.01,56516,41260000,0.09,1.26,6.17,6.52
2013-09-27,7.30,7.26,7.39,7.07,34837,25180000,0.04,0.55,4.43,4.02
2013-09-30,7.21,7.25,7.32,7.10,28060,20130000,-0.01,-0.14,3.03,3.24
2013-10-08,7.20,7.28,7.28,7.10,22515,16270000,0.03,0.41,2.48,2.60
2013-10-09,7.28,7.28,7.33,7.15,41268,29840000,0.00,0.00,2.47,4.76
2013-10-10,7.24,7.31,7.48,7.22,47457,34930000,0.03,0.41,3.57,5.48
2013-10-11,7.31,7.36,7.44,7.28,31668,23280000,0.05,0.68,2.19,3.65
2013-10-14,7.46,7.34,7.46,7.30,27963,20550000,-0.02,-0.27,2.17,3.23
2013-10-15,7.32,7.15,7.32,7.07,38943,27920000,-0.19,-2.59,3.41,4.49
2013-10-16,7.11,6.96,7.19,6.92,22868,16100000,-0.19,-2.66,3.78,2.64
2013-10-17,6.98,7.03,7.12,6.98,18302,12900000,0.07,1.01,2.01,2.11
2013-10-18,7.07,7.05,7.09,7.00,10830,7630000,0.02,0.28,1.28,1.25
2013-10-21,7.06,7.27,7.35,7.06,28705,20760000,0.22,3.12,4.11,3.31
2013-10-22,7.30,7.37,7.42,7.22,33144,24360000,0.10,1.38,2.75,3.82
2013-10-23,7.38,7.14,7.46,7.04,29119,21130000,-0.23,-3.12,5.70,3.36
2013-10-24,7.14,7.35,7.37,7.10,31820,23130000,0.21,2.94,3.78,3.67
2013-10-25,7.33,7.22,7.40,7.13,22322,16190000,-0.13,-1.77,3.67,2.58
2013-10-28,7.22,7.02,7.22,6.94,16252,11460000,-0.20,-2.77,3.88,1.88
2013-10-29,7.02,7.71,7.72,6.99,88675,65260000,0.69,9.83,10.40,10.23
2013-10-30,7.37,7.88,8.08,7.35,159716,125890000,0.17,2.20,9.47,18.43
2013-10-31,7.88,7.77,8.20,7.70,100551,80190000,-0.11,-1.40,6.35,11.60
2013-11-01,7.76,7.30,7.84,7.19,60894,45120000,-0.47,-6.05,8.37,7.03
2013-11-04,7.24,8.03,8.03,7.11,88564,68650000,0.73,10.00,12.60,10.22
2013-11-05,8.31,8.83,8.83,8.21,311225,266840000,0.80,9.96,7.72,35.91
2013-11-06,8.59,8.66,9.28,8.51,316065,280880000,-0.17,-1.93,8.72,36.47
2013-11-07,8.40,9.18,9.47,8.30,276147,245910000,0.52,6.00,13.51,31.86
2013-11-08,8.97,8.89,9.14,8.73,151811,135390000,-0.29,-3.16,4.47,17.52
2013-11-11,8.92,9.10,9.20,8.55,180739,162700000,0.21,2.36,7.31,20.86
2013-11-12,9.00,8.85,9.03,8.64,135402,118810000,-0.25,-2.75,4.29,15.62
2013-11-13,8.64,8.20,8.68,8.18,122585,103730000,-0.65,-7.34,5.65,14.14
2013-11-14,8.22,8.40,8.54,8.10,109249,90970000,0.20,2.44,5.37,12.61
2013-11-15,8.41,8.60,8.94,8.36,141230,122040000,0.20,2.38,6.90,16.30
2013-11-18,8.69,8.78,9.00,8.50,143329,126260000,0.18,2.09,5.81,16.54
2013-11-19,8.71,9.25,9.34,8.41,182482,162260000,0.47,5.35,10.59,21.06
2013-11-20,9.12,9.09,9.17,8.90,101385,91710000,-0.16,-1.73,2.92,11.70
2013-11-21,8.90,8.73,8.92,8.58,91907,80320000,-0.36,-3.96,3.74,10.61
2013-11-22,8.72,9.00,9.14,8.65,97328,86780000,0.27,3.09,5.61,11.23
2013-11-25,8.88,8.67,9.01,8.55,78425,68530000,-0.33,-3.67,5.11,9.05
2013-11-26,8.67,8.59,8.77,8.44,63013,54150000,-0.08,-0.92,3.81,7.27
2013-11-27,8.60,8.74,8.95,8.53,72058,63200000,0.15,1.75,4.89,8.31
2013-11-28,8.67,8.73,8.89,8.58,83436,72840000,-0.01,-0.11,3.55,9.63
2013-11-29,8.76,9.06,9.20,8.65,128144,114760000,0.33,3.78,6.30,14.79
2013-12-02,8.42,8.15,8.64,8.15,96622,80240000,-0.91,-10.04,5.41,11.15
2013-12-03,7.69,8.00,8.06,7.43,86665,67690000,-0.15,-1.84,7.73,10.00
2013-12-04,7.93,7.78,8.11,7.74,64316,51170000,-0.22,-2.75,4.63,7.42
2013-12-05,7.79,7.69,7.80,7.49,57937,44230000,-0.09,-1.16,3.98,6.69
2013-12-06,7.69,7.82,7.86,7.60,47467,36610000,0.13,1.69,3.38,5.48
2013-12-09,7.78,7.86,7.92,7.72,38971,30550000,0.04,0.51,2.56,4.50
2013-12-10,7.87,7.91,8.00,7.65,54395,42680000,0.05,0.64,4.45,6.28
2013-12-11,7.87,7.72,7.87,7.64,32644,25260000,-0.19,-2.40,2.91,3.77
2013-12-12,7.78,7.79,7.94,7.72,33856,26590000,0.07,0.91,2.85,3.91
2013-12-13,7.68,7.89,7.92,7.68,28113,22040000,0.10,1.28,3.08,3.24
2013-12-16,7.88,7.72,7.89,7.65,22971,17860000,-0.17,-2.15,3.04,2.65
2013-12-17,7.71,7.63,7.78,7.53,28829,22060000,-0.09,-1.17,3.24,3.33
2013-12-18,7.74,7.80,8.10,7.70,52272,41260000,0.17,2.23,5.24,6.03
2013-12-19,7.73,7.62,7.86,7.60,36258,28060000,-0.18,-2.31,3.33,4.18
2013-12-20,7.65,7.39,7.68,7.35,33819,25390000,-0.23,-3.02,4.33,3.90
2013-12-23,7.38,7.25,7.46,7.15,21127,15360000,-0.14,-1.89,4.19,2.44
2013-12-24,7.36,7.42,7.46,7.23,22173,16370000,0.17,2.34,3.17,2.56
2013-12-25,7.43,7.68,7.69,7.39,29778,22570000,0.26,3.50,4.04,3.44
2013-12-26,7.62,7.50,7.75,7.49,26547,20250000,-0.18,-2.34,3.39,3.06
2013-12-27,7.46,7.76,7.83,7.46,32088,24770000,0.26,3.47,4.93,3.70
2013-12-30,7.83,7.86,7.89,7.73,26383,20670000,0.10,1.29,2.06,3.04
2013-12-31,7.81,7.71,7.85,7.63,20364,15750000,-0.15,-1.91,2.80,2.35
2014-01-02,7.68,7.89,7.92,7.63,28620,22430000,0.18,2.33,3.76,3.30
2014-01-03,7.84,7.94,8.04,7.83,37609,29870000,0.05,0.63,2.66,4.34
2014-01-06,7.95,7.58,7.98,7.56,30328,23460000,-0.36,-4.53,5.29,3.50
2014-01-07,7.58,7.80,7.80,7.47,31087,23850000,0.22,2.90,4.35,3.59
2014-01-08,7.86,8.14,8.47,7.81,91819,75410000,0.34,4.36,8.46,10.59
2014-01-09,8.05,7.87,8.25,7.84,60585,48970000,-0.27,-3.32,5.04,6.99
2014-01-10,7.88,7.68,7.97,7.57,28751,22310000,-0.19,-2.41,5.08,3.32
2014-01-13,7.61,7.90,8.01,7.61,33517,26380000,0.22,2.86,5.21,3.87
2014-01-14,7.91,8.15,8.15,7.85,42146,33910000,0.25,3.16,3.80,4.86
2014-01-15,8.12,8.17,8.25,8.04,39917,32490000,0.02,0.25,2.58,4.61
2014-01-16,8.17,8.15,8.31,8.11,39627,32480000,-0.02,-0.24,2.45,4.57
2014-01-17,8.17,8.25,8.35,8.12,42874,35340000,0.10,1.23,2.82,4.95
2014-01-20,8.22,8.04,8.32,7.90,39091,31780000,-0.21,-2.55,5.09,4.51
2014-01-21,8.01,8.29,8.30,8.00,35583,29170000,0.25,3.11,3.73,4.11
2014-01-22,8.25,8.39,8.42,8.17,56651,47110000,0.10,1.21,3.02,6.54
2014-01-23,8.38,8.46,8.55,8.27,70820,59880000,0.07,0.83,3.34,8.17
2014-01-24,8.40,8.46,8.54,8.37,50700,42880000,0.00,0.00,2.01,5.85
2014-01-27,8.45,8.36,8.49,8.30,34605,28970000,-0.10,-1.18,2.25,3.99
2014-01-28,8.33,8.18,8.42,8.10,31495,25900000,-0.18,-2.15,3.83,3.63
2014-01-29,8.17,8.42,8.42,8.16,36920,30620000,0.24,2.93,3.18,4.26
2014-01-30,8.40,8.31,8.48,8.25,21002,17520000,-0.11,-1.31,2.73,2.42
2014-02-07,8.26,8.76,9.14,8.18,97074,85010000,0.45,5.42,11.55,11.20
2014-02-10,8.70,8.94,8.97,8.61,96560,84910000,0.18,2.05,4.11,11.14
2014-02-11,8.88,8.90,8.97,8.64,79396,69810000,-0.04,-0.45,3.69,9.16
2014-02-12,9.00,9.10,9.10,8.80,101152,90950000,0.20,2.25,3.37,11.67
2014-02-13,9.11,8.69,9.11,8.61,71872,63940000,-0.41,-4.51,5.49,8.29
2014-02-14,8.66,8.80,8.84,8.56,57626,50230000,0.11,1.27,3.22,6.65
2014-02-17,8.78,9.19,9.23,8.75,86289,77890000,0.39,4.43,5.45,3.99
2014-02-18,9.17,9.16,9.35,9.08,75098,69060000,-0.03,-0.33,2.94,3.48
2014-02-19,9.16,9.24,9.42,9.05,68447,63220000,0.08,0.87,4.04,3.17
2014-02-20,9.20,8.88,9.25,8.80,48148,43280000,-0.36,-3.90,4.87,2.23
2014-02-21,8.82,8.84,9.01,8.65,33500,29730000,-0.04,-0.45,4.05,1.55
2014-02-24,8.86,9.07,9.07,8.76,34062,30450000,0.23,2.60,3.51,1.58
2014-02-25,9.06,8.29,9.16,8.16,76779,66720000,-0.78,-8.60,11.03,3.55
2014-02-26,8.22,8.45,8.45,8.11,42230,35100000,0.16,1.93,4.10,1.96
2014-02-27,8.45,8.23,8.66,8.22,30198,25540000,-0.22,-2.60,5.21,1.40
2014-02-28,8.33,8.26,8.33,7.90,35537,28780000,0.03,0.36,5.22,1.65
2014-03-03,8.24,8.35,8.38,8.17,26613,22060000,0.09,1.09,2.54,1.23
2014-03-04,8.27,8.21,8.32,8.09,27044,22130000,-0.14,-1.68,2.75,1.25
2014-03-05,8.25,8.18,8.31,8.17,24345,20040000,-0.03,-0.37,1.71,1.13
2014-03-06,8.09,8.11,8.18,7.93,22051,17760000,-0.07,-0.86,3.06,1.02
2014-03-07,8.17,8.16,8.29,8.10,21427,17560000,0.05,0.62,2.34,0.99
2014-03-10,8.05,7.72,8.11,7.70,23927,18780000,-0.44,-5.39,5.02,1.11
2014-03-11,7.78,7.80,7.80,7.55,15423,11870000,0.08,1.04,3.24,0.71
2014-03-12,7.78,7.94,7.97,7.72,20296,15940000,0.14,1.79,3.21,0.94
2014-03-13,7.89,8.04,8.06,7.88,16138,12890000,0.10,1.26,2.27,0.75
2014-03-14,8.00,8.17,8.20,7.93,18831,15210000,0.13,1.62,3.36,0.87
2014-03-17,8.15,8.30,8.37,8.01,19998,16600000,0.13,1.59,4.41,0.93
2014-03-18,8.33,8.60,8.69,8.22,72793,61690000,0.30,3.61,5.66,3.37
2014-03-19,8.48,8.64,8.69,8.42,58128,49870000,0.04,0.47,3.14,2.69
2014-03-20,8.68,8.33,8.87,8.32,20431,17370000,-0.31,-3.59,6.37,0.95
2014-03-21,8.30,8.63,8.64,8.25,28317,24090000,0.30,3.60,4.68,1.31
2014-03-24,8.58,8.83,8.99,8.50,75718,66690000,0.20,2.32,5.68,3.51
2014-03-25,8.85,8.83,8.94,8.68,24255,21340000,0.00,0.00,2.94,1.12
2014-03-26,8.90,8.89,8.99,8.73,55447,49330000,0.06,0.68,2.94,2.57
2014-03-27,8.93,8.34,8.93,8.34,38680,33170000,-0.55,-6.19,6.64,1.79
2014-03-28,8.73,8.51,9.17,8.50,177499,159350000,0.17,2.04,8.03,8.22
2014-03-31,7.76,7.66,8.08,7.66,97003,75610000,-0.85,-9.99,4.94,4.49
2014-04-01,7.66,7.70,7.79,7.56,31149,24020000,0.04,0.52,3.00,1.44
2014-04-02,7.63,7.61,7.76,7.58,26243,20050000,-0.09,-1.17,2.34,1.22
2014-04-03,7.65,7.67,7.71,7.59,17840,13660000,0.06,0.79,1.58,0.83
2014-04-04,7.67,7.75,7.77,7.64,14785,11410000,0.08,1.04,1.69,0.68
2014-04-08,7.61,7.76,7.78,7.60,18879,14600000,0.01,0.13,2.32,0.87
2014-04-09,7.76,7.88,7.88,7.76,20259,15890000,0.12,1.55,1.55,0.94
2014-04-10,7.90,7.89,7.98,7.82,28066,22200000,0.01,0.13,2.03,1.30
2014-04-11,7.83,7.83,7.88,7.70,17203,13440000,-0.06,-0.76,2.28,0.80
2014-04-14,7.83,8.29,8.61,7.82,85133,70830000,0.46,5.87,10.09,3.94
2014-04-15,8.21,8.06,8.30,8.01,27735,22550000,-0.23,-2.77,3.50,1.28
2014-04-16,8.04,8.04,8.15,7.98,19616,15770000,-0.02,-0.25,2.11,0.91
2014-04-17,8.07,8.09,8.17,8.03,22017,17810000,0.05,0.62,1.74,1.02
2014-04-18,8.10,8.09,8.14,8.00,12824,10370000,0.00,0.00,1.73,0.59
2014-04-21,8.01,7.86,8.15,7.81,16538,13260000,-0.23,-2.84,4.20,0.77
2014-04-22,7.90,7.73,7.90,7.63,13281,10290000,-0.13,-1.65,3.44,0.61
2014-04-23,7.78,7.74,7.85,7.68,9078,7020000,0.01,0.13,2.20,0.42
2014-04-24,7.76,7.55,7.83,7.53,19780,15180000,-0.19,-2.45,3.88,0.92
2014-04-25,7.54,7.34,7.61,7.28,24595,18300000,-0.21,-2.78,4.37,1.14
2014-04-28,7.33,7.06,7.39,7.04,15417,10990000,-0.28,-3.81,4.77,0.71
2014-04-29,7.06,7.17,7.18,7.06,7883,5620000,0.11,1.56,1.70,0.37
2014-04-30,7.16,7.32,7.36,7.14,11686,8510000,0.20,2.81,3.09,0.54
2014-05-05,7.32,7.38,7.38,7.23,8204,6000000,0.06,0.82,2.05,0.38
2014-05-06,7.38,7.40,7.44,7.32,16563,12240000,0.02,0.27,1.63,0.77
2014-05-07,7.35,7.30,7.43,7.20,11450,8380000,-0.10,-1.35,3.11,0.53
2014-05-08,7.30,7.30,7.37,7.11,12679,9230000,0.00,0.00,3.56,0.59
2014-05-09,7.35,7.33,7.45,7.27,9853,7230000,0.03,0.41,2.47,0.46
2014-05-12,7.39,7.53,7.58,7.32,16690,12490000,0.20,2.73,3.55,0.77
2014-05-13,7.46,7.50,7.65,7.44,13389,10110000,-0.03,-0.40,2.79,0.62
2014-05-14,7.44,7.30,7.47,7.30,21803,16080000,-0.20,-2.67,2.27,1.01
2014-05-15,7.31,7.18,7.35,7.15,11653,8420000,-0.12,-1.64,2.74,0.54
2014-05-16,7.12,7.20,7.21,7.10,8690,6220000,0.02,0.28,1.53,0.40
2014-05-19,7.20,7.14,7.26,7.08,15067,10780000,-0.06,-0.83,2.50,0.70
2014-05-20,7.13,7.14,7.28,7.08,18392,13180000,0.00,0.00,2.80,0.85
2014-05-21,7.14,7.20,7.22,7.00,13456,9590000,0.06,0.84,3.08,0.62
2014-05-22,7.17,7.18,7.30,7.15,13801,9980000,-0.02,-0.28,2.08,0.64
2014-05-23,7.17,7.18,7.22,7.06,18896,13470000,0.00,0.00,2.23,0.87
2014-05-26,7.18,7.31,7.32,7.18,20858,15150000,0.13,1.81,1.95,0.97
2014-05-27,7.28,7.35,7.45,7.27,37233,27350000,0.04,0.55,2.46,1.72
2014-05-28,7.30,7.47,7.48,7.25,39018,28810000,0.12,1.63,3.13,1.81
2014-05-29,7.45,7.35,7.46,7.32,30356,22400000,-0.12,-1.61,1.87,1.41
2014-05-30,7.35,7.37,7.42,7.32,16134,11900000,0.02,0.27,1.36,0.75
2014-06-03,7.38,7.33,7.46,7.33,14295,10570000,-0.04,-0.54,1.76,0.66
2014-06-04,7.31,7.15,7.31,7.06,23861,17080000,-0.18,-2.46,3.41,1.10
2014-06-05,7.16,7.31,7.33,7.15,17869,12950000,0.16,2.24,2.52,0.83
2014-06-06,7.31,7.35,7.38,7.26,17620,12900000,0.04,0.55,1.64,0.82
2014-06-09,7.32,7.34,7.45,7.30,15481,11420000,-0.01,-0.14,2.04,0.72
2014-06-10,7.32,7.44,7.45,7.31,23254,17200000,0.10,1.36,1.91,1.08
2014-06-11,7.44,7.45,7.49,7.39,23955,17810000,0.01,0.13,1.34,1.11
2014-06-12,7.43,7.58,7.61,7.40,38853,29240000,0.13,1.75,2.82,1.80
2014-06-13,7.52,7.67,7.77,7.48,50576,38680000,0.09,1.19,3.83,2.34
2014-06-16,7.65,7.76,7.85,7.60,38329,29570000,0.09,1.17,3.26,1.77
2014-06-17,7.75,7.73,7.86,7.62,50396,39120000,-0.03,-0.39,3.09,2.33
2014-06-18,7.68,8.00,8.47,7.68,101406,81490000,0.27,3.49,10.22,4.69
2014-06-19,7.91,7.57,8.03,7.45,65362,50450000,-0.43,-5.38,7.25,3.03
2014-06-20,7.60,7.68,7.69,7.53,33569,25560000,0.11,1.45,2.11,1.55
2014-06-23,7.70,7.80,7.95,7.64,34542,26980000,0.12,1.56,4.04,1.60
2014-06-24,7.77,7.82,7.84,7.64,30289,23430000,0.02,0.26,2.56,1.40
2014-06-25,7.80,7.73,7.81,7.64,18403,14210000,-0.09,-1.15,2.17,0.85
2014-06-26,7.71,7.96,7.97,7.70,40222,31610000,0.23,2.98,3.49,1.86
2014-06-27,7.94,8.05,8.22,7.86,39207,31370000,0.09,1.13,4.52,1.82
2014-06-30,8.02,8.12,8.13,7.96,34075,27480000,0.07,0.87,2.11,1.58
2014-07-01,8.15,8.12,8.15,8.00,34734,28030000,0.00,0.00,1.85,1.61
2014-07-02,8.12,8.29,8.40,7.97,68594,56260000,0.17,2.09,5.30,3.18
2014-07-03,8.20,8.20,8.28,8.14,27941,22940000,-0.09,-1.09,1.69,1.29
2014-07-04,8.25,8.09,8.25,8.06,24959,20260000,-0.11,-1.34,2.32,1.16
2014-07-07,8.09,8.15,8.19,8.02,23109,18740000,0.06,0.74,2.10,1.07
2014-07-08,8.15,8.24,8.27,8.03,30684,25080000,0.09,1.10,2.94,1.42
2014-07-09,8.23,8.05,8.38,8.04,35216,28910000,-0.19,-2.31,4.13,1.63
2014-07-10,8.07,8.19,8.28,8.05,27003,22080000,0.14,1.74,2.86,1.25
2014-07-11,8.20,8.42,8.60,8.16,68225,57640000,0.23,2.81,5.37,3.16
2014-07-14,8.39,8.46,8.52,8.33,40648,34210000,0.04,0.48,2.26,1.88
2014-07-15,8.46,8.34,8.47,8.22,30920,25760000,-0.12,-1.42,2.96,1.43
2014-07-16,8.28,8.21,8.35,8.15,21232,17450000,-0.13,-1.56,2.40,0.98
2014-07-17,8.21,8.20,8.23,8.10,13338,10870000,-0.01,-0.12,1.58,0.62
2014-07-18,8.21,8.19,8.28,8.14,13937,11430000,-0.01,-0.12,1.71,0.65
2014-07-21,8.19,8.15,8.22,8.06,12961,10570000,-0.04,-0.49,1.95,0.60
2014-07-22,8.16,8.28,8.30,8.11,17205,14170000,0.13,1.60,2.33,0.80
2014-07-23,8.29,8.00,8.32,7.95,28141,22820000,-0.28,-3.38,4.47,1.30
2014-07-24,7.95,8.05,8.11,7.82,24545,19440000,0.05,0.63,3.63,1.14
2014-07-25,8.00,8.17,8.20,8.00,15676,12710000,0.12,1.49,2.48,0.73
2014-07-28,8.22,8.26,8.33,8.15,23435,19340000,0.09,1.10,2.20,1.09
2014-07-29,8.30,8.39,8.48,8.19,40274,33650000,0.13,1.57,3.51,1.86
2014-07-30,8.39,8.36,8.49,8.20,28900,24140000,-0.03,-0.36,3.46,1.34
2014-07-31,8.38,8.62,8.84,8.36,69282,59690000,0.26,3.11,5.74,3.21
2014-08-01,8.55,8.43,8.64,8.40,33215,28260000,-0.19,-2.20,2.78,1.54
2014-08-04,8.44,8.50,8.52,8.37,24661,20840000,0.07,0.83,1.78,1.14
2014-08-05,8.50,8.67,8.70,8.41,29400,25280000,0.17,2.00,3.41,1.36
2014-08-06,8.65,8.70,8.75,8.60,36548,31750000,0.03,0.35,1.73,1.69
2014-08-07,8.61,8.60,8.80,8.48,40938,35410000,-0.10,-1.15,3.68,1.90
2014-08-08,8.57,8.78,8.83,8.57,48925,42760000,0.18,2.09,3.02,2.27
2014-08-11,8.78,8.83,8.96,8.73,39395,34830000,0.05,0.57,2.62,1.82
2014-08-12,8.78,8.79,8.88,8.73,21619,19010000,-0.04,-0.45,1.70,1.00
2014-08-13,8.79,8.85,8.89,8.61,42544,37290000,0.06,0.68,3.19,1.97
2014-08-14,8.88,8.82,9.07,8.80,46029,41050000,-0.03,-0.34,3.05,2.13
2014-08-15,8.81,8.89,8.95,8.71,43697,38690000,0.07,0.79,2.72,2.02
2014-08-18,8.91,9.02,9.06,8.82,39241,35200000,0.13,1.46,2.70,1.82
2014-08-19,9.06,9.06,9.29,8.97,41646,37850000,0.04,0.44,3.55,1.93
2014-08-20,9.06,9.10,9.21,9.02,36767,33560000,0.04,0.44,2.10,1.70
2014-08-21,9.05,9.13,9.19,8.90,34454,31130000,0.03,0.33,3.19,1.60
2014-08-22,9.08,9.30,9.35,9.08,41935,38690000,0.17,1.86,2.96,1.94
2014-08-25,9.53,9.26,9.68,9.19,41119,38400000,-0.04,-0.43,5.27,1.90
2014-08-26,9.23,8.99,9.30,8.80,45237,40760000,-0.27,-2.92,5.40,2.09
2014-08-27,8.95,9.01,9.07,8.88,22174,19920000,0.02,0.22,2.11,1.03
2014-08-28,9.18,8.99,9.18,8.80,30711,27510000,-0.02,-0.22,4.22,1.42
2014-08-29,8.98,9.02,9.03,8.89,17337,15580000,0.03,0.33,1.56,0.80
2014-09-01,9.06,9.22,9.29,9.02,34167,31240000,0.20,2.22,2.99,1.58
2014-09-02,9.22,9.40,9.42,9.20,43997,41030000,0.18,1.95,2.39,2.04
2014-09-03,9.39,9.52,9.59,9.31,37976,35860000,0.12,1.28,2.98,1.76
2014-09-04,9.52,9.53,9.61,9.42,40225,38270000,0.01,0.11,2.00,1.86
2014-09-05,9.54,9.51,9.59,9.30,44260,41720000,-0.02,-0.21,3.04,2.05
2014-09-09,9.48,9.90,9.95,9.37,60765,59130000,0.39,4.10,6.10,2.81
2014-09-10,9.86,9.92,10.09,9.71,36016,35770000,0.02,0.20,3.84,1.67
2014-09-11,9.91,9.83,10.07,9.70,44835,44300000,-0.09,-0.91,3.73,2.08
2014-09-12,9.81,10.21,10.21,9.71,44735,44850000,0.38,3.87,5.09,2.07
2014-09-15,10.24,10.21,10.47,10.12,39216,40210000,0.00,0.00,3.43,1.82
2014-09-16,10.22,9.92,10.27,9.89,44018,44450000,-0.29,-2.84,3.72,2.04
2014-09-17,9.91,10.02,10.04,9.66,32290,31960000,0.10,1.01,3.83,1.49
2014-09-18,9.99,10.26,10.28,9.90,33462,33720000,0.24,2.40,3.79,1.55
2014-09-19,10.20,10.33,10.34,10.10,29542,30270000,0.07,0.68,2.34,1.37
2014-09-22,10.38,10.53,10.76,10.12,56597,58970000,0.20,1.94,6.20,2.62
2014-09-23,10.50,10.80,10.85,10.40,58449,62220000,0.27,2.56,4.27,2.71
2014-09-24,10.71,10.84,10.96,10.62,62669,67800000,0.04,0.37,3.15,2.90
2014-09-25,10.81,10.73,10.97,10.67,33847,36610000,-0.11,-1.01,2.77,1.57
2014-09-26,10.64,10.67,10.90,10.59,30977,33250000,-0.06,-0.56,2.89,1.43
2014-09-29,10.69,10.74,10.85,10.63,32273,34580000,0.07,0.66,2.06,1.49
2014-09-30,10.67,10.63,10.74,10.43,41172,43510000,-0.11,-1.02,2.89,1.91
2014-10-08,10.64,10.88,10.93,10.48,60141,64320000,0.25,2.35,4.23,2.78
2014-10-09,10.82,11.05,11.08,10.67,45131,49210000,0.17,1.56,3.77,2.09
2014-10-10,10.98,10.86,11.03,10.69,30380,33000000,-0.19,-1.72,3.08,1.41
2014-10-13,10.83,10.61,10.83,10.20,48226,50670000,-0.25,-2.30,5.80,2.23
2014-10-14,10.51,10.60,10.67,10.48,28196,29810000,-0.01,-0.09,1.79,1.31
2014-10-15,10.65,10.54,10.67,10.40,24325,25640000,-0.06,-0.57,2.55,1.13
2014-10-16,10.44,10.60,11.09,10.43,40269,43290000,0.06,0.57,6.26,1.86
2014-10-17,10.50,10.27,10.63,10.15,34676,35920000,-0.33,-3.11,4.53,1.61
2014-10-20,10.25,10.41,10.48,10.25,17156,17810000,0.14,1.36,2.24,0.79
2014-10-21,10.37,10.28,10.53,10.28,23135,24030000,-0.13,-1.25,2.40,1.07
2014-10-22,10.28,9.95,10.34,9.80,29019,29350000,-0.33,-3.21,5.25,1.34
2014-10-23,9.96,9.80,10.05,9.59,35469,34680000,-0.15,-1.51,4.62,1.64
2014-10-24,9.80,9.83,9.91,9.73,12136,11900000,0.03,0.31,1.84,0.56
2014-10-27,9.90,10.10,10.14,9.83,14237,14280000,0.27,2.75,3.15,0.66
2014-10-28,10.10,10.47,10.50,10.03,36598,37700000,0.37,3.66,4.65,1.69
2014-10-29,10.45,10.44,10.66,10.38,33161,34900000,-0.03,-0.29,2.67,1.54
2014-10-30,10.49,10.47,10.60,10.41,21085,22120000,0.03,0.29,1.82,0.98
2014-10-31,10.47,10.40,10.60,10.27,21042,21820000,-0.07,-0.67,3.15,0.97
2014-11-03,10.40,10.73,10.85,10.38,37808,40220000,0.33,3.17,4.52,1.75
2014-11-04,10.70,10.80,10.80,10.55,29252,31290000,0.07,0.65,2.33,1.35
2014-11-05,10.79,10.65,10.86,10.62,18183,19470000,-0.15,-1.39,2.22,0.84
2014-11-06,10.67,10.80,10.85,10.46,27940,29870000,0.15,1.41,3.66,1.29
2014-11-07,10.85,10.54,10.96,10.45,33075,35610000,-0.26,-2.41,4.72,1.53
2014-11-10,10.52,10.50,10.68,10.41,20197,21270000,-0.04,-0.38,2.56,0.94
2014-11-11,10.52,9.96,10.59,9.90,44553,45200000,-0.54,-5.14,6.57,2.06
2014-11-12,9.96,10.20,10.42,9.79,22345,22630000,0.24,2.41,6.33,1.03
2014-11-13,10.20,9.89,10.36,9.86,35106,35160000,-0.31,-3.04,4.90,1.63
2014-11-14,9.88,10.01,10.01,9.75,18501,18290000,0.12,1.21,2.63,0.86
2014-11-17,9.93,10.15,10.22,9.93,16986,17190000,0.14,1.40,2.90,0.79
2014-11-18,10.06,10.15,10.25,10.06,13684,13900000,0.00,0.00,1.87,0.63
2014-11-19,10.12,10.11,10.26,10.06,17359,17650000,-0.04,-0.39,1.97,0.80
2014-11-20,10.08,10.17,10.28,9.92,23341,23630000,0.06,0.59,3.56,1.08
2014-11-21,10.17,10.43,10.51,10.05,33189,34360000,0.26,2.56,4.52,1.54
2014-11-24,10.50,10.65,10.79,10.40,34195,36370000,0.22,2.11,3.74,1.58
2014-11-25,10.66,10.71,10.84,10.58,30176,32450000,0.06,0.56,2.44,1.40
2014-11-26,10.71,10.93,11.18,10.71,71844,79020000,0.22,2.05,4.39,3.33
2014-11-27,10.89,11.16,11.41,10.89,68947,77260000,0.23,2.10,4.76,3.19
2014-11-28,11.47,11.83,11.95,11.20,78722,91540000,0.67,6.00,6.72,3.64
2014-12-23,10.65,10.65,11.45,10.65,124207,133220000,-1.18,-9.97,6.76,5.75
2014-12-24,10.62,10.64,10.74,10.36,54609,57730000,-0.01,-0.09,3.57,2.53
2014-12-25,10.65,10.46,10.92,10.30,45031,47490000,-0.18,-1.69,5.83,2.08
2014-12-26,10.57,11.51,11.51,10.45,124843,140010000,1.05,10.04,10.13,5.78
2014-12-29,11.56,11.10,11.82,11.09,99808,113880000,-0.41,-3.56,6.34,4.62
2014-12-30,10.97,10.40,11.10,10.20,67185,71810000,-0.70,-6.31,8.11,3.11
2014-12-31,10.40,10.45,10.67,10.12,36359,37940000,0.05,0.48,5.29,1.68
2015-01-05,10.38,10.11,10.43,9.70,47792,48330000,-0.34,-3.25,6.99,2.21
2015-01-06,10.01,10.56,10.62,10.00,46198,47700000,0.45,4.45,6.13,2.14
2015-01-07,10.54,10.28,10.55,10.10,27577,28470000,-0.28,-2.65,4.26,1.28
2015-01-08,10.22,10.29,10.40,10.15,26498,27260000,0.01,0.10,2.43,1.23
2015-01-09,10.29,10.04,10.36,10.01,29566,30130000,-0.25,-2.43,3.40,1.37
2015-01-12,10.05,10.04,10.15,9.80,22207,22130000,0.00,0.00,3.49,1.03
2015-01-13,9.89,10.01,10.13,9.89,18916,18970000,-0.03,-0.30,2.39,0.88
2015-01-14,9.98,9.72,9.98,9.59,31669,31080000,-0.29,-2.90,3.90,1.47
2015-01-15,9.78,9.87,9.95,9.73,18049,17780000,0.15,1.54,2.26,0.84
2015-01-16,9.92,10.00,10.15,9.87,24529,24580000,0.13,1.32,2.84,1.14
2015-01-19,9.83,9.62,10.13,9.25,32424,31750000,-0.38,-3.80,8.80,1.50
2015-01-20,9.69,10.12,10.15,9.69,29804,29880000,0.50,5.20,4.78,1.38
2015-01-21,10.12,10.52,10.72,10.11,48211,50680000,0.40,3.95,6.03,2.23
2015-01-22,10.60,10.63,10.78,10.52,31431,33390000,0.11,1.05,2.47,1.46
2015-01-23,10.66,10.54,10.71,10.50,25710,27200000,-0.09,-0.85,1.98,1.19
2015-01-26,10.54,11.37,11.37,10.54,62472,69340000,0.83,7.87,7.87,2.89
2015-01-27,11.34,11.36,11.60,11.01,54191,61440000,-0.01,-0.09,5.19,2.51
2015-01-28,11.30,11.21,11.33,11.09,22751,25560000,-0.15,-1.32,2.11,1.05
2015-01-29,11.38,11.33,11.87,11.26,60155,69860000,0.12,1.07,5.44,2.79
2015-01-30,11.25,11.40,11.58,11.20,22826,26010000,0.07,0.62,3.35,1.06
2015-02-02,12.45,12.54,12.54,11.80,170563,209220000,1.14,10.00,6.49,7.90
2015-02-03,12.48,13.15,13.75,12.18,186094,241270000,0.61,4.86,12.52,8.62
2015-02-04,13.10,13.26,13.41,13.00,91364,120470000,0.11,0.84,3.12,4.23
2015-02-05,13.31,14.44,14.50,13.10,138378,194030000,1.18,8.90,10.56,6.41
2015-02-06,14.10,13.75,14.36,13.69,81840,114000000,-0.69,-4.78,4.64,3.79
2015-02-09,13.79,13.13,13.95,13.07,77154,103080000,-0.62,-4.51,6.40,3.57
2015-02-10,13.24,13.50,13.58,13.15,49758,66560000,0.37,2.82,3.27,2.30
2015-02-11,13.73,13.39,13.85,13.30,36528,49350000,-0.11,-0.81,4.07,1.69
2015-02-12,13.43,13.95,14.01,13.28,48002,65400000,0.56,4.18,5.45,2.22
2015-02-13,14.00,14.27,14.38,13.76,57523,80920000,0.32,2.29,4.44,2.66
2015-02-16,14.37,14.31,14.39,14.13,43527,62200000,0.04,0.28,1.82,2.02
2015-02-17,14.50,13.83,14.55,13.45,92560,128230000,-0.48,-3.35,7.69,4.29
2015-02-25,13.84,14.78,14.80,13.66,69234,97820000,0.95,6.87,8.24,3.21
2015-02-26,14.60,15.75,16.26,14.52,118343,185450000,0.97,6.56,11.77,5.48
2015-02-27,15.70,16.00,16.24,15.24,75014,117550000,0.25,1.59,6.35,3.47
2015-03-02,16.02,16.06,16.50,15.61,57964,93200000,0.06,0.38,5.56,2.68
2015-03-03,15.99,16.00,16.29,15.63,51261,81850000,-0.06,-0.37,4.11,2.37
2015-03-04,15.93,17.13,17.59,15.83,89306,147880000,1.13,7.06,11.00,4.13
2015-03-05,16.90,16.86,17.15,16.62,46282,77760000,-0.27,-1.58,3.09,2.14
2015-03-06,16.72,16.12,16.86,15.91,76109,123470000,-0.74,-4.39,5.63,3.52
2015-03-09,16.20,17.33,17.43,16.10,88240,149550000,1.21,7.51,8.25,4.09
2015-03-10,17.10,17.36,17.84,17.10,51890,90300000,0.03,0.17,4.27,2.40
2015-03-11,17.27,17.58,17.67,17.22,68936,119900000,0.22,1.27,2.59,3.19
2015-03-12,17.59,16.50,17.65,16.10,79401,133480000,-1.08,-6.14,8.82,3.68
2015-03-13,16.68,16.85,17.05,16.42,53833,90140000,0.35,2.12,3.82,2.49
2015-03-16,17.00,17.43,17.43,16.70,90568,154350000,0.58,3.44,4.33,4.19
2015-03-17,17.50,18.90,19.17,17.20,129552,234260000,1.47,8.43,11.30,6.00
2015-03-18,18.45,19.18,19.37,18.37,117445,221620000,0.28,1.48,5.29,5.44
2015-03-19,19.00,19.91,20.14,18.78,104675,202550000,0.73,3.81,7.09,4.85
2015-03-20,19.79,20.76,20.96,19.64,119121,239080000,0.85,4.27,6.63,5.51
2015-03-23,20.94,22.84,22.84,20.70,118265,261960000,2.08,10.02,10.31,5.48
2015-03-24,23.01,23.18,23.57,21.11,165643,375050000,0.34,1.49,10.77,7.67
2015-03-25,23.00,25.49,25.50,22.56,176946,436160000,2.31,9.97,12.68,8.19
2015-03-26,24.50,22.94,25.13,22.94,221795,527370000,-2.55,-10.00,8.59,10.27
2015-03-27,22.56,24.28,24.50,21.50,156641,358860000,1.34,5.84,13.08,7.25
2015-03-30,23.54,24.65,25.00,23.31,138743,334360000,0.37,1.52,6.96,6.42
2015-03-31,24.06,25.91,26.79,23.98,140072,357460000,1.26,5.11,11.40,6.48
2015-04-01,27.68,28.50,28.50,27.27,252363,714960000,2.59,10.00,4.75,11.68
2015-04-02,29.50,28.60,30.72,28.45,388666,1143720000,0.10,0.35,7.96,17.99
2015-04-03,27.80,29.21,29.96,27.05,282460,804060000,0.61,2.13,10.17,13.08
2015-04-07,29.76,31.40,31.87,28.88,293702,884010000,2.19,7.50,10.24,13.60
2015-04-08,31.94,29.96,32.00,29.01,257652,790310000,-1.44,-4.59,9.52,11.93
2015-04-09,29.16,29.19,30.30,26.96,223668,632230000,-0.77,-2.57,11.15,10.36
2015-04-10,13.31,12.90,13.98,12.90,494812,658300000,-0.32,-2.42,8.17,10.41
2015-04-13,12.60,12.50,12.89,12.10,358407,447070000,-0.40,-3.10,6.12,7.54
2015-04-14,12.55,12.20,12.68,12.18,287794,357580000,-0.30,-2.40,4.00,6.06
2015-04-15,12.20,10.98,12.20,10.98,304453,350440000,-1.22,-10.00,10.00,6.41
2015-04-16,10.87,11.20,11.36,10.28,234720,257430000,0.22,2.00,9.84,4.94
2015-04-17,11.43,11.23,11.43,11.15,193348,217780000,0.03,0.27,2.50,4.07
2015-04-20,11.24,10.75,11.25,10.55,206300,226230000,-0.48,-4.27,6.23,4.34
2015-04-21,10.74,11.83,11.83,10.70,303853,348010000,1.08,10.05,10.51,6.39
2015-04-22,12.15,12.73,12.96,12.15,427410,539280000,0.90,7.61,6.85,8.99
2015-04-23,12.91,12.46,13.05,12.39,285861,358980000,-0.27,-2.12,5.18,6.02
2015-04-24,12.23,12.54,12.80,11.92,238723,296870000,0.08,0.64,7.06,5.02
2015-04-27,12.30,12.21,12.60,12.16,215080,264940000,-0.33,-2.63,3.51,4.53
2015-04-28,12.20,11.41,12.20,11.30,203886,237130000,-0.80,-6.55,7.37,4.29
2015-04-29,11.44,11.60,11.88,11.21,137501,160270000,0.19,1.67,5.87,2.89
2015-04-30,11.60,11.53,11.74,11.41,112063,129630000,-0.07,-0.60,2.84,2.36
2015-05-04,11.52,11.29,11.57,11.19,99358,112460000,-0.24,-2.08,3.30,2.09
2015-05-05,11.21,11.18,11.48,11.06,109777,123880000,-0.11,-0.97,3.72,2.31
2015-05-06,11.12,11.16,11.66,11.08,120754,136800000,-0.02,-0.18,5.19,2.54
2015-05-07,11.08,10.86,11.29,10.86,103279,114400000,-0.30,-2.69,3.85,2.17
2015-05-08,10.96,11.82,11.84,10.96,194116,221620000,0.96,8.84,8.10,4.08
2015-05-11,11.88,12.61,12.72,11.88,300329,374220000,0.79,6.68,7.11,6.32
2015-05-12,12.70,12.34,12.75,11.98,343351,420230000,-0.27,-2.14,6.11,7.23
2015-05-13,11.97,11.98,12.18,11.71,201987,241650000,-0.36,-2.92,3.81,4.25
2015-05-14,12.00,12.44,12.56,12.00,279238,344290000,0.46,3.84,4.67,5.88
2015-05-15,12.20,12.57,12.80,11.96,342391,427980000,0.13,1.05,6.75,7.21
2015-05-18,13.10,13.43,13.83,13.09,509634,688850000,0.86,6.84,5.89,10.72
2015-05-19,13.49,13.56,13.80,13.10,383124,514920000,0.13,0.97,5.21,8.06
2015-05-20,13.35,14.55,14.92,13.35,520404,752100000,0.99,7.30,11.58,10.95
2015-05-21,14.69,16.01,16.01,14.69,444459,688240000,1.46,10.03,9.07,9.35
2015-05-22,16.82,15.85,17.42,15.50,558625,908910000,-0.16,-1.00,11.99,11.76
2015-05-25,15.38,15.25,15.58,14.50,360969,546040000,-0.60,-3.79,6.81,7.60
2015-05-26,15.25,15.88,16.07,15.10,315107,496450000,0.63,4.13,6.36,6.63
2015-05-27,15.94,15.48,15.94,15.09,309788,478420000,-0.40,-2.52,5.35,6.52
2015-05-28,15.34,13.93,15.37,13.93,351462,522760000,-1.55,-10.01,9.30,7.40
2015-05-29,13.79,14.09,14.55,12.68,290465,398460000,0.16,1.15,13.42,6.11
2015-06-01,14.20,14.67,14.70,13.87,217331,313710000,0.58,4.12,5.89,4.57
2015-06-02,14.80,15.37,15.38,14.50,306714,461940000,0.70,4.77,6.00,6.45
2015-06-03,15.48,15.14,15.77,14.65,285414,436630000,-0.23,-1.50,7.29,6.01
2015-06-04,14.90,14.64,14.99,13.69,239174,344260000,-0.50,-3.30,8.59,5.03
2015-06-05,14.87,15.04,15.26,14.55,256118,383310000,0.40,2.73,4.85,5.39
2015-06-08,15.04,14.51,15.15,14.32,212785,311180000,-0.53,-3.52,5.52,4.48
2015-06-09,14.40,14.43,14.84,14.13,165621,239870000,-0.08,-0.55,4.89,3.49
2015-06-10,14.30,14.80,15.00,14.07,211712,309680000,0.37,2.56,6.44,4.46
2015-06-11,14.79,16.02,16.02,14.66,470237,728640000,1.22,8.24,9.19,9.90
2015-06-12,16.10,15.60,16.28,15.50,365132,574920000,-0.42,-2.62,4.87,7.68
2015-06-15,15.60,16.05,16.53,15.28,393928,627240000,0.45,2.88,8.01,8.29
2015-06-16,15.90,14.60,15.90,14.48,266146,400830000,-1.45,-9.03,8.85,5.60
2015-06-17,14.55,14.89,15.05,13.70,216073,312720000,0.29,1.99,9.25,4.55
2015-06-18,14.80,14.27,14.87,14.26,162655,235660000,-0.62,-4.16,4.10,3.42
2015-06-19,13.75,12.84,13.80,12.84,162428,214330000,-1.43,-10.02,6.73,3.42
2015-06-23,12.60,13.04,13.17,11.56,208146,258350000,0.20,1.56,12.54,4.38
2015-06-24,13.06,13.08,13.40,12.70,150650,197710000,0.04,0.31,5.37,3.17
2015-06-25,13.15,12.20,13.17,12.00,126295,160030000,-0.88,-6.73,8.95,2.66
2015-06-26,11.88,10.98,11.88,10.98,135723,152280000,-1.22,-10.00,7.38,2.86
2015-06-29,11.34,9.88,11.34,9.88,169725,175290000,-1.10,-10.02,13.30,3.57
2015-06-30,9.75,10.33,10.44,8.89,222516,212580000,0.45,4.55,15.69,4.68
2015-07-01,10.24,9.31,10.77,9.30,173995,177750000,-1.02,-9.87,14.23,3.66
2015-07-02,9.32,8.39,9.55,8.38,179198,159280000,-0.92,-9.88,12.57,3.77
2015-07-03,8.16,7.55,8.57,7.55,176648,137460000,-0.84,-10.01,12.16,3.72
2015-07-06,8.31,7.09,8.31,6.80,204718,152940000,-0.46,-6.09,20.00,4.31
2015-07-07,6.93,6.38,6.93,6.38,119249,77570000,-0.71,-10.01,7.76,2.51
2015-07-08,5.74,6.44,6.65,5.74,324451,194530000,0.06,0.94,14.26,6.83
2015-07-09,6.19,7.08,7.08,6.18,219818,150460000,0.64,9.94,13.98,4.63
2015-07-10,7.79,7.79,7.79,7.55,81405,63170000,0.71,10.03,3.39,1.71
2015-07-13,8.57,8.57,8.57,8.30,170189,145190000,0.78,10.01,3.47,3.58
2015-07-14,9.01,9.42,9.43,8.90,399438,369790000,0.85,9.92,6.18,8.41
2015-07-15,9.00,8.48,9.15,8.48,219563,191660000,-0.94,-9.98,7.11,4.62
2015-07-16,8.48,8.74,9.00,7.63,221813,188740000,0.26,3.07,16.16,4.67
2015-07-17,8.82,9.10,9.54,8.74,196893,178970000,0.36,4.12,9.15,4.14
2015-07-20,9.06,9.17,9.46,8.97,193327,177960000,0.07,0.77,5.38,4.07
2015-07-21,9.01,9.08,9.28,8.85,170458,154240000,-0.09,-0.98,4.69,3.59
2015-07-22,9.00,9.19,9.30,8.90,159103,144930000,0.11,1.21,4.41,3.35
2015-07-23,9.22,9.72,9.90,9.05,249937,236800000,0.53,5.77,9.25,5.26
2015-07-24,9.60,9.22,9.79,9.10,224641,215330000,-0.50,-5.14,7.10,4.73
2015-07-27,9.00,8.30,9.29,8.30,158606,139870000,-0.92,-9.98,10.74,3.34
2015-07-28,7.50,8.02,8.56,7.50,150304,119210000,-0.28,-3.37,12.77,3.16
2015-07-29,8.40,8.80,8.82,8.00,119703,99360000,0.78,9.73,10.22,2.52
2015-07-30,8.88,8.35,8.95,8.30,109713,95830000,-0.45,-5.11,7.39,2.31
2015-07-31,8.22,8.08,8.42,8.00,72394,59560000,-0.27,-3.23,5.03,1.52
2015-08-03,8.10,7.42,8.10,7.28,86280,65710000,-0.66,-8.17,10.15,1.82
2015-08-04,7.40,8.10,8.10,7.37,89889,70150000,0.68,9.16,9.84,1.89
2015-08-05,8.15,7.98,8.28,7.86,95432,77420000,-0.12,-1.48,5.19,2.01
2015-08-06,7.85,7.99,8.16,7.70,62590,50020000,0.01,0.13,5.76,1.32
2015-08-07,8.05,8.43,8.44,8.05,105895,88080000,0.44,5.51,4.88,2.23
2015-08-10,8.55,8.90,8.99,8.46,125297,109890000,0.47,5.58,6.29,2.64
2015-08-11,8.89,9.04,9.23,8.79,152442,137220000,0.14,1.57,4.94,3.21
2015-08-12,8.90,8.77,9.05,8.72,106039,94480000,-0.27,-2.99,3.65,2.23
2015-08-13,8.75,8.96,8.98,8.55,94471,83170000,0.19,2.17,4.90,1.99
2015-08-14,9.04,8.97,9.11,8.92,115591,104220000,0.01,0.11,2.12,2.43
2015-08-17,8.90,9.09,9.13,8.75,126132,112720000,0.12,1.34,4.24,2.65
2015-08-18,9.09,8.18,9.25,8.18,177405,156660000,-0.91,-10.01,11.77,3.73
2015-08-19,7.84,8.41,8.49,7.51,129286,103320000,0.23,2.81,11.98,2.72
2015-08-20,8.38,8.10,8.42,8.09,92574,76290000,-0.31,-3.69,3.92,1.95
2015-08-21,8.00,7.68,8.05,7.63,67530,53090000,-0.42,-5.19,5.19,1.42
2015-08-24,7.41,6.91,7.41,6.91,73401,51930000,-0.77,-10.03,6.51,1.54
2015-08-25,6.23,6.22,6.59,6.22,62537,39470000,-0.69,-9.99,5.35,1.32
2015-08-26,6.42,5.94,6.49,5.66,93795,57750000,-0.28,-4.50,13.34,1.97
2015-08-27,6.06,6.28,6.35,5.83,78094,47900000,0.34,5.72,8.75,1.64
2015-08-28,6.41,6.80,6.81,6.31,104894,68120000,0.52,8.28,7.96,2.21
2015-08-31,6.72,6.36,6.72,6.34,72874,47300000,-0.44,-6.47,5.59,1.53
2015-09-01,6.30,5.89,6.30,5.88,61336,37250000,-0.47,-7.39,6.60,1.29
2015-09-02,5.66,5.82,6.17,5.61,58431,34680000,-0.07,-1.19,9.51,1.23
2015-09-07,6.00,6.05,6.20,5.99,59398,36300000,0.23,3.95,3.61,1.25
2015-09-08,5.92,6.49,6.50,5.92,71873,44870000,0.44,7.27,9.59,1.51
2015-09-09,6.56,6.75,6.81,6.46,110428,73820000,0.26,4.01,5.39,2.32
2015-09-10,6.61,6.52,6.72,6.50,57142,37830000,-0.23,-3.41,3.26,1.20
2015-09-11,6.50,6.57,6.67,6.44,54134,35430000,0.05,0.77,3.53,1.14
2015-09-14,6.65,5.91,6.68,5.91,78262,48650000,-0.66,-10.05,11.72,1.65
2015-09-15,5.90,5.68,6.06,5.61,55848,32610000,-0.23,-3.89,7.61,1.18
2015-09-16,5.78,6.25,6.25,5.73,72564,43640000,0.57,10.04,9.15,1.53
2015-09-17,6.25,6.10,6.40,6.07,88016,55100000,-0.15,-2.40,5.28,1.85
2015-09-18,6.08,6.13,6.23,6.00,52109,31840000,0.03,0.49,3.77,1.10
2015-09-21,6.13,6.44,6.44,6.02,75104,47330000,0.31,5.06,6.85,1.58
2015-09-22,6.43,6.53,6.68,6.33,93744,60850000,0.09,1.40,5.43,1.97
2015-09-23,6.43,6.47,6.60,6.36,71798,46360000,-0.06,-0.92,3.68,1.51
2015-09-24,6.47,6.57,6.66,6.40,87937,57680000,0.10,1.55,4.02,1.85
2015-09-25,6.51,6.16,6.54,6.10,72610,45710000,-0.41,-6.24,6.70,1.53
2015-09-28,6.20,6.36,6.39,6.07,40790,25620000,0.20,3.25,5.19,0.86
2015-09-29,6.28,6.22,6.32,6.16,35366,22060000,-0.14,-2.20,2.52,0.74
2015-09-30,6.26,6.26,6.37,6.19,35058,22020000,0.04,0.64,2.89,0.74
2015-10-08,6.50,6.57,6.61,6.45,67145,43940000,0.31,4.95,2.56,1.41
2015-10-09,6.55,6.73,6.79,6.48,89508,59360000,0.16,2.44,4.72,1.88
2015-10-12,6.79,7.10,7.16,6.75,123513,86460000,0.37,5.50,6.09,2.60
2015-10-13,7.00,7.15,7.21,6.98,106096,75410000,0.05,0.70,3.24,2.23
2015-10-14,7.15,7.06,7.23,7.05,100880,71900000,-0.09,-1.26,2.52,2.12
2015-10-15,7.03,7.35,7.35,7.00,118131,85150000,0.29,4.11,4.96,2.49
2015-10-16,7.42,7.54,7.55,7.28,133649,99360000,0.19,2.59,3.67,2.81
2015-10-19,7.65,7.78,8.08,7.64,219339,172340000,0.24,3.18,5.84,4.62
2015-10-20,7.69,8.19,8.35,7.61,185263,148870000,0.41,5.27,9.51,3.90
2015-10-21,8.22,7.46,8.60,7.40,223669,181250000,-0.73,-8.91,14.65,4.71
2015-10-22,7.42,8.02,8.02,7.42,131050,101030000,0.56,7.51,8.04,2.76
2015-10-23,8.04,8.40,8.47,7.94,156418,127430000,0.38,4.74,6.61,3.29
2015-10-26,8.57,8.19,8.57,8.05,162395,134010000,-0.21,-2.50,6.19,3.42
2015-10-27,8.15,8.11,8.19,7.60,118982,94560000,-0.08,-0.98,7.20,2.50
2015-10-28,8.02,7.72,8.10,7.70,99299,78480000,-0.39,-4.81,4.93,2.09
2015-10-29,7.90,7.84,7.94,7.69,63074,49310000,0.12,1.55,3.24,1.33
2015-10-30,7.78,7.72,7.95,7.58,65885,51320000,-0.12,-1.53,4.72,1.39
2015-11-02,7.62,7.67,7.90,7.55,68948,53430000,-0.05,-0.65,4.53,1.45
2015-11-03,7.72,7.66,7.77,7.50,58385,44560000,-0.01,-0.13,3.52,1.23
2015-11-04,7.70,8.05,8.06,7.67,105136,83240000,0.39,5.09,5.09,2.21
2015-11-05,8.06,7.93,8.12,7.86,127410,101490000,-0.12,-1.49,3.23,2.68
2015-11-06,7.93,8.15,8.19,7.93,132179,107350000,0.22,2.77,3.28,2.78
2015-11-09,8.01,8.25,8.32,7.95,137151,111610000,0.10,1.23,4.54,2.89
2015-11-10,8.18,8.59,8.59,8.09,193908,163330000,0.34,4.12,6.06,4.08
2015-11-11,8.55,8.53,8.60,8.35,153604,129850000,-0.06,-0.70,2.91,3.23
2015-11-12,8.45,8.43,8.56,8.24,139227,117210000,-0.10,-1.17,3.75,2.93
2015-11-13,8.39,8.70,8.76,8.29,211568,181050000,0.27,3.20,5.58,4.45
2015-11-16,8.43,9.08,9.09,8.30,198970,171770000,0.38,4.37,9.08,4.19
2015-11-17,9.05,8.70,9.43,8.68,378984,341210000,-0.38,-4.19,8.26,7.98
2015-11-18,8.70,8.31,8.80,8.31,155956,133270000,-0.39,-4.48,5.63,3.28
2015-11-19,8.25,8.53,8.59,8.24,102298,86190000,0.22,2.65,4.21,2.15
2015-11-20,8.55,8.67,8.76,8.51,148545,128390000,0.14,1.64,2.93,3.13
2015-11-23,8.66,8.64,8.93,8.58,144021,126160000,-0.03,-0.35,4.04,3.03
2015-11-24,8.72,8.75,8.79,8.54,113864,98690000,0.11,1.27,2.89,2.40
2015-11-25,8.75,9.03,9.20,8.72,243034,218870000,0.28,3.20,5.49,5.11
2015-11-26,9.03,8.87,9.10,8.82,158758,142120000,-0.16,-1.77,3.10,3.34
2015-11-27,8.80,8.01,8.86,7.98,162883,137990000,-0.86,-9.70,9.92,3.43
2015-11-30,8.00,8.03,8.17,7.48,123615,97760000,0.02,0.25,8.61,2.60
2015-12-01,8.00,8.10,8.23,7.84,86568,69750000,0.07,0.87,4.86,1.82
2015-12-02,8.08,7.93,8.13,7.68,66629,52710000,-0.17,-2.10,5.56,1.40
2015-12-03,7.98,8.26,8.38,7.98,91907,75100000,0.33,4.16,5.04,1.93
2015-12-04,8.20,9.09,9.09,8.15,510895,455920000,0.83,10.05,11.38,10.75
2015-12-07,9.20,10.00,10.00,9.12,601988,583580000,0.91,10.01,9.68,12.67
2015-12-08,10.33,9.98,10.80,9.87,723867,743240000,-0.02,-0.20,9.30,15.23
2015-12-09,9.77,9.58,9.96,9.51,396361,382380000,-0.40,-4.01,4.51,8.34
2015-12-10,9.45,9.30,9.66,9.19,344709,323670000,-0.28,-2.92,4.91,7.25
2015-12-11,9.14,9.12,9.48,9.03,218050,201520000,-0.18,-1.94,4.84,4.59
2015-12-14,9.05,9.32,9.37,8.98,224734,206360000,0.20,2.19,4.28,4.73
2015-12-15,9.27,9.33,9.47,9.21,211666,197860000,0.01,0.11,2.79,4.45
2015-12-16,9.40,9.22,9.42,9.20,204273,189770000,-0.11,-1.18,2.36,4.30
2015-12-17,9.26,9.64,9.65,9.26,281743,267980000,0.42,4.56,4.23,5.93
2015-12-18,9.61,9.30,9.64,9.23,200215,187710000,-0.34,-3.53,4.25,4.21
2015-12-21,9.19,9.34,9.37,9.15,126124,117120000,0.04,0.43,2.37,2.65
2015-12-22,9.35,9.86,10.08,9.28,313307,303360000,0.52,5.57,8.57,6.59
2015-12-23,9.90,9.62,10.09,9.51,238571,233860000,-0.24,-2.43,5.88,5.02
2015-12-24,9.54,9.60,9.61,9.19,146329,137280000,-0.02,-0.21,4.37,3.08
2015-12-25,9.74,10.15,10.56,9.72,485258,504280000,0.55,5.73,8.75,10.21
2015-12-28,9.80,9.88,10.10,9.71,416051,410540000,-0.27,-2.66,3.84,8.76
2015-12-29,9.75,10.39,10.48,9.67,297918,299020000,0.51,5.16,8.20,6.27
2015-12-30,10.36,10.87,11.39,10.18,408864,433560000,0.48,4.62,11.65,8.60
2015-12-31,10.70,10.91,11.36,10.63,301262,331080000,0.04,0.37,6.72,6.34
2016-01-04,10.80,9.82,10.89,9.82,164216,167130000,-1.09,-9.99,9.81,3.46
2016-01-05,9.12,9.07,9.69,8.84,261936,239170000,-0.75,-7.64,8.66,5.51
2016-01-06,9.11,9.79,9.90,9.11,224379,212020000,0.72,7.94,8.71,4.72
2016-01-07,9.53,9.18,9.54,8.81,73493,66580000,-0.61,-6.23,7.46,1.55
2016-01-08,9.41,9.67,9.77,8.45,326264,305500000,0.49,5.34,14.38,6.87
2016-01-11,9.35,9.11,9.55,8.86,195023,178700000,-0.56,-5.79,7.14,4.10
2016-01-12,9.19,9.07,9.28,8.90,120549,110150000,-0.04,-0.44,4.17,2.54
2016-01-13,9.05,8.16,9.11,8.16,205497,174570000,-0.91,-10.03,10.47,4.32
2016-01-14,7.78,8.10,8.25,7.34,419120,315600000,-0.06,-0.74,11.15,8.82
2016-01-15,7.70,7.29,7.79,7.29,236660,177510000,-0.81,-10.00,6.17,4.98
2016-01-18,6.88,7.20,7.43,6.88,168568,121000000,-0.09,-1.23,7.54,3.55
2016-01-19,7.20,7.62,7.77,7.16,190332,141850000,0.42,5.83,8.47,4.01
2016-01-20,7.49,7.32,7.65,7.00,156453,116430000,-0.30,-3.94,8.53,3.29
2016-01-21,7.23,7.07,7.55,7.06,121873,89110000,-0.25,-3.42,6.69,2.56
2016-01-22,7.15,7.21,7.30,7.00,108819,77630000,0.14,1.98,4.24,2.29
2016-01-25,7.18,7.31,7.45,7.18,82927,60750000,0.10,1.39,3.74,1.75
2016-01-26,7.20,6.58,7.22,6.58,128803,89180000,-0.73,-9.99,8.76,2.71
2016-01-27,6.59,6.48,6.80,6.00,94701,60220000,-0.10,-1.52,12.16,1.99
2016-01-28,6.39,6.10,6.44,6.00,69421,43430000,-0.38,-5.86,6.79,1.46
2016-01-29,6.03,6.39,6.50,6.03,77348,49060000,0.29,4.75,7.70,1.63
2016-02-01,6.40,6.35,6.48,6.21,57207,36470000,-0.04,-0.63,4.23,1.20
2016-02-02,6.35,6.64,6.67,6.35,78143,51360000,0.29,4.57,5.04,1.64
2016-02-03,6.60,6.76,6.84,6.43,74289,49130000,0.12,1.81,6.17,1.56
2016-02-04,6.74,6.96,7.05,6.74,88009,61220000,0.20,2.96,4.59,1.85
2016-02-05,6.99,6.86,7.11,6.86,72830,50850000,-0.10,-1.44,3.59,1.53
2016-02-15,6.55,6.98,7.04,6.51,52348,35730000,0.12,1.75,7.73,1.10
2016-02-16,7.00,7.23,7.25,7.00,78515,56340000,0.25,3.58,3.58,1.65
2016-02-17,7.20,7.26,7.33,7.03,106997,76710000,0.03,0.41,4.15,2.25
2016-02-18,7.28,7.16,7.30,7.08,95965,69150000,-0.10,-1.38,3.03,2.02
2016-02-19,7.10,7.14,7.23,7.05,66842,47780000,-0.02,-0.28,2.51,1.41
2016-02-22,7.22,7.35,7.36,7.15,94799,68980000,0.21,2.94,2.94,1.99
2016-02-23,7.33,7.25,7.34,7.16,64414,46710000,-0.10,-1.36,2.45,1.36
2016-02-24,7.23,7.35,7.37,7.11,67747,49260000,0.10,1.38,3.59,1.43
2016-02-25,7.30,6.62,7.36,6.62,87423,60470000,-0.73,-9.93,10.07,1.84
2016-02-26,6.54,6.68,6.76,6.39,66632,44080000,0.06,0.91,5.59,1.40
2016-02-29,6.74,6.13,6.74,6.07,85110,52830000,-0.55,-8.23,10.03,1.79
2016-03-01,6.19,6.41,6.46,6.06,71703,44920000,0.28,4.57,6.53,1.51
2016-03-02,6.42,6.72,6.73,6.38,78525,51820000,0.31,4.84,5.46,1.65
2016-03-03,6.70,6.71,6.94,6.67,71376,48510000,-0.01,-0.15,4.02,1.50
2016-03-04,6.68,6.40,6.78,6.21,70105,45560000,-0.31,-4.62,8.49,1.48
2016-03-07,6.48,6.61,6.70,6.48,53146,35010000,0.21,3.28,3.44,1.12
2016-03-08,6.66,6.80,6.80,6.32,79930,53060000,0.19,2.87,7.26,1.68
2016-03-09,6.66,6.58,6.78,6.51,57402,38160000,-0.22,-3.24,3.97,1.21
2016-03-10,6.59,6.47,6.70,6.45,43148,28500000,-0.11,-1.67,3.80,0.91
2016-03-11,6.46,6.38,6.49,6.33,45818,29360000,-0.09,-1.39,2.47,0.96
2016-03-14,6.42,6.67,6.79,6.42,74131,49400000,0.29,4.55,5.80,1.56
2016-03-15,6.67,6.68,6.74,6.58,55606,37070000,0.01,0.15,2.40,1.17
2016-03-16,6.88,6.64,6.95,6.60,54211,36400000,-0.04,-0.60,5.24,1.14
2016-03-17,6.69,6.90,6.96,6.66,97342,66530000,0.26,3.92,4.52,2.05
2016-03-18,6.89,7.14,7.18,6.89,106114,75110000,0.24,3.48,4.20,2.23
2016-03-21,7.20,7.28,7.32,7.15,110589,80120000,0.14,1.96,2.38,2.33
2016-03-22,7.22,7.32,7.45,7.18,108388,79660000,0.04,0.55,3.71,2.28
2016-03-23,7.28,7.31,7.39,7.13,114942,83310000,-0.01,-0.14,3.55,2.42
2016-03-24,7.23,7.11,7.26,7.10,91697,65790000,-0.20,-2.74,2.19,1.93
2016-03-25,7.04,7.16,7.20,7.00,60755,43250000,0.05,0.70,2.81,1.28
2016-03-28,7.18,7.16,7.37,7.10,83224,60450000,0.00,0.00,3.77,1.75
2016-03-29,7.13,7.00,7.19,6.95,66902,47230000,-0.16,-2.23,3.35,1.41
2016-03-30,7.06,7.29,7.30,7.06,87189,62780000,0.29,4.14,3.43,1.83
2016-03-31,7.34,7.29,7.41,7.22,83689,61370000,0.00,0.00,2.61,1.76
2016-04-01,7.27,7.22,7.30,7.10,63525,45590000,-0.07,-0.96,2.74,1.34
2016-04-05,7.23,7.47,7.47,7.23,97128,71860000,0.25,3.46,3.32,2.04
2016-04-06,7.42,7.47,7.57,7.39,83728,62530000,0.00,0.00,2.41,1.76
2016-04-07,7.47,7.33,7.55,7.26,117268,86560000,-0.14,-1.87,3.88,2.47
2016-04-08,7.25,7.23,7.28,7.14,65697,47320000,-0.10,-1.36,1.91,1.38
2016-04-11,7.29,7.46,7.47,7.28,144511,106520000,0.23,3.18,2.63,3.04
2016-04-12,7.44,7.69,7.75,7.41,197694,150550000,0.23,3.08,4.56,4.16
2016-04-13,7.75,7.99,8.18,7.75,267014,212770000,0.30,3.90,5.59,5.62
2016-04-14,8.00,7.93,8.12,7.78,132573,104630000,-0.06,-0.75,4.26,2.79
2016-04-15,7.88,7.85,7.93,7.77,94826,74290000,-0.08,-1.01,2.02,2.00
2016-04-18,7.81,8.10,8.11,7.67,144697,114990000,0.25,3.18,5.61,3.05
2016-04-19,8.11,8.08,8.30,7.89,156588,126350000,-0.02,-0.25,5.06,3.30
2016-04-20,8.05,7.34,8.15,7.27,205905,155260000,-0.74,-9.16,10.89,4.33
2016-04-21,7.27,7.29,7.45,7.18,92925,68120000,-0.05,-0.68,3.68,1.96
2016-04-22,7.27,7.37,7.37,7.18,67521,49160000,0.08,1.10,2.61,1.42
2016-04-25,7.38,7.59,7.75,7.10,147418,109370000,0.22,2.99,8.82,3.10
2016-04-26,7.50,7.75,7.88,7.39,128830,99010000,0.16,2.11,6.46,2.71
2016-04-27,7.75,7.62,7.95,7.60,105303,82020000,-0.13,-1.68,4.52,2.22
2016-04-28,7.63,7.49,7.69,7.22,103807,76750000,-0.13,-1.71,6.17,2.18
2016-04-29,7.42,7.50,7.56,7.35,63695,47640000,0.01,0.13,2.80,1.34
2016-05-03,7.55,7.78,7.82,7.42,98455,75740000,0.28,3.73,5.33,2.07
2016-05-04,7.78,7.94,8.15,7.72,128053,101630000,0.16,2.06,5.53,2.69
2016-05-05,7.91,7.91,8.09,7.80,160903,127830000,-0.03,-0.38,3.65,3.39
2016-05-06,7.85,7.38,7.95,7.30,173414,131240000,-0.53,-6.70,8.22,3.65
2016-05-09,7.32,6.98,7.32,6.97,95505,67540000,-0.40,-5.42,4.74,2.01
2016-05-10,7.00,6.96,7.07,6.81,77849,54220000,-0.02,-0.29,3.72,1.64
2016-05-11,7.03,6.82,7.08,6.82,58850,40840000,-0.14,-2.01,3.74,1.24
2016-05-12,6.71,6.79,6.81,6.60,39300,26340000,-0.03,-0.44,3.08,0.83
2016-05-13,6.79,6.75,6.87,6.65,32197,21770000,-0.04,-0.59,3.24,0.68
2016-05-16,6.74,6.91,6.92,6.69,37477,25620000,0.16,2.37,3.41,0.79
2016-05-17,6.92,6.92,7.00,6.81,48952,33770000,0.01,0.14,2.75,1.03
2016-05-18,6.88,6.65,6.88,6.61,49436,33160000,-0.27,-3.90,3.90,1.04
2016-05-19,6.67,6.69,6.84,6.63,32543,21940000,0.04,0.60,3.16,0.68
2016-05-20,6.63,6.78,6.80,6.55,24225,16280000,0.09,1.35,3.74,0.51
2016-05-23,6.78,6.88,6.91,6.76,36499,25010000,0.10,1.47,2.21,0.77
2016-05-24,6.89,6.76,6.89,6.70,28302,19130000,-0.12,-1.74,2.76,0.60
2016-05-25,6.83,6.85,7.07,6.80,68514,47430000,0.09,1.33,3.99,1.44
2016-05-26,6.83,6.95,6.97,6.70,47761,32630000,0.10,1.46,3.94,1.01
2016-05-27,6.98,6.90,7.00,6.87,51255,35620000,-0.05,-0.72,1.87,1.08
2016-05-30,6.88,6.83,6.91,6.76,34093,23340000,-0.07,-1.01,2.17,0.72
2016-05-31,6.82,7.22,7.23,6.82,100971,71580000,0.39,5.71,6.00,2.12
2016-06-01,7.21,7.19,7.28,7.15,109389,78760000,-0.03,-0.42,1.80,2.30
2016-06-02,7.18,7.21,7.27,7.13,83778,60260000,0.02,0.28,1.95,1.76
2016-06-03,7.21,7.25,7.36,7.14,79319,57500000,0.04,0.55,3.05,1.67
2016-06-06,7.26,7.32,7.35,7.21,65663,47830000,0.07,0.97,1.93,1.38
2016-06-07,7.35,7.43,7.46,7.26,89632,66070000,0.11,1.50,2.73,1.89
2016-06-08,7.40,7.55,7.61,7.26,103846,77640000,0.12,1.62,4.71,2.19
2016-06-13,7.42,7.05,7.45,7.05,53148,38820000,-0.50,-6.62,5.30,1.12
2016-06-14,7.05,7.09,7.15,7.01,36608,25910000,0.04,0.57,1.99,0.77
2016-06-15,7.02,7.27,7.38,6.95,78189,55820000,0.18,2.54,6.06,1.65
2016-06-16,7.20,7.16,7.28,7.13,47759,34390000,-0.11,-1.51,2.06,1.01
2016-06-17,7.17,7.28,7.35,7.11,53574,38920000,0.12,1.68,3.35,1.13
2016-06-20,7.26,7.29,7.29,7.12,36216,26120000,0.01,0.14,2.34,0.76
2016-06-21,7.31,7.46,7.69,7.28,194046,146440000,0.17,2.33,5.62,4.08
2016-06-22,7.37,7.58,7.61,7.30,89891,67160000,0.12,1.61,4.16,1.89
2016-06-23,7.53,7.67,7.75,7.32,94109,70770000,0.09,1.19,5.67,1.98
2016-06-24,7.51,7.43,7.64,7.23,92274,69040000,-0.19,-2.49,5.38,1.94
2016-06-27,7.38,7.55,7.64,7.33,86895,65570000,0.12,1.62,4.17,1.83
2016-06-28,7.56,7.60,7.64,7.44,99284,75120000,0.05,0.66,2.65,2.09
2016-06-29,7.62,7.51,7.64,7.48,98771,74380000,-0.09,-1.18,2.11,2.08
2016-06-30,7.54,7.64,7.65,7.47,112177,84790000,0.13,1.73,2.40,2.36
2016-07-01,7.62,7.57,7.68,7.51,89995,68310000,-0.07,-0.92,2.23,1.89
2016-07-04,7.52,7.70,7.74,7.52,69878,53710000,0.13,1.72,2.91,1.47
2017-02-07,8.08,8.47,8.47,8.08,349025,294333800,0.77,10.00,,10.75
2017-02-08,8.59,8.50,8.67,8.14,746970,627640400,0.03,0.35,6.257,23.01
2017-02-09,8.34,8.28,8.39,8.18,424180,350528900,-0.22,-2.59,2.471,13.07
2017-02-10,8.28,7.98,8.36,7.98,334890,272225500,-0.30,-3.62,4.589,10.32
2017-02-13,7.86,8.05,8.05,7.82,181299,144430600,0.07,0.88,2.882,5.58
2017-02-14,8.02,7.94,8.07,7.83,175709,139360100,-0.11,-1.37,2.981,5.41
2017-02-15,7.88,7.79,7.95,7.76,152679,120091500,-0.15,-1.89,2.393,4.70
2017-02-16,7.75,7.91,7.93,7.75,119168,93624400,0.12,1.54,2.311,3.67
2017-02-17,7.88,7.71,7.98,7.71,136697,107268200,-0.20,-2.53,3.413,4.21
2017-02-20,7.71,7.65,7.78,7.53,114972,87646000,-0.06,-0.78,3.243,3.54
2017-02-21,7.66,7.78,7.80,7.63,96572,74735300,0.13,1.70,2.22,2.97
2017-02-22,7.80,7.82,7.95,7.78,114148,89754600,0.04,0.51,2.19,3.52
2017-02-23,7.82,7.83,7.85,7.71,82230,63879000,0.01,0.13,1.79,2.53
2017-02-24,7.82,7.86,7.91,7.79,74982,58935600,0.03,0.38,1.53,2.31
2017-02-27,7.86,7.76,7.93,7.67,73540,57671500,-0.10,-1.27,3.31,2.27
2017-02-28,7.75,7.68,7.79,7.61,69904,53700100,-0.08,-1.03,2.32,2.15
2017-03-01,7.69,7.74,7.78,7.65,63720,49251200,0.06,0.78,1.69,1.96
2017-03-02,7.74,7.70,7.78,7.70,53317,41244200,-0.04,-0.52,1.03,1.64
2017-03-03,7.70,7.71,7.77,7.54,60626,46464000,0.01,0.13,2.99,1.87
2017-03-06,7.70,7.85,7.87,7.70,69216,54126300,0.14,1.82,2.21,2.13
2017-03-07,7.85,7.93,7.93,7.81,77689,61251800,0.08,1.02,1.53,2.39
2017-03-08,7.92,7.83,7.93,7.79,49586,38901500,-0.10,-1.26,1.76,1.53
2017-03-09,7.82,7.68,7.82,7.59,56214,43213800,-0.15,-1.92,2.94,1.73
2017-03-10,7.68,7.61,7.73,7.60,35346,27068200,-0.07,-0.91,1.69,1.09
2017-03-13,7.60,7.69,7.69,7.55,35592,27194100,0.08,1.05,1.84,1.10
2017-03-14,7.69,7.62,7.74,7.61,35115,26872700,-0.07,-0.91,1.69,1.08
2017-03-15,7.62,7.62,7.66,7.56,31434,23924700,0.00,0.00,1.31,0.97
2017-03-16,7.58,7.64,7.68,7.55,50829,38846069,0.02,0.26,1.71,1.57
2017-03-17,7.66,7.65,7.82,7.62,104250,80606248,0.01,0.13,2.62,3.21
2017-03-20,7.63,7.78,7.78,7.58,52323,40341488,0.13,1.70,2.61,1.61
2017-03-21,7.75,7.82,7.82,7.70,41574,32306178,0.04,0.51,1.54,1.28
2017-03-22,7.80,7.64,7.80,7.61,55699,42727104,-0.18,-2.30,2.43,1.72
2017-03-23,7.75,7.97,7.99,7.73,224729,177238853,0.33,4.32,3.40,6.92
2017-03-24,7.92,7.95,8.02,7.80,137191,108280359,-0.02,-0.25,2.76,4.23
2017-03-27,7.88,7.85,7.95,7.80,66282,52049433,-0.10,-1.26,1.89,2.04
2017-03-28,7.82,7.81,7.90,7.72,58512,45603198,-0.04,-0.51,2.29,1.80
2017-03-29,7.81,7.63,7.86,7.60,76794,59020711,-0.18,-2.30,3.33,2.37
2017-03-30,7.60,7.13,7.63,7.09,118514,86837531,-0.50,-6.55,7.08,3.65
2017-03-31,7.13,7.21,7.26,7.13,54476,39251686,0.08,1.12,1.82,1.68
2017-04-05,7.28,7.38,7.39,7.22,46214,33939557,0.17,2.36,2.36,1.42
2017-04-06,7.40,7.37,7.43,7.33,42059,31009351,-0.01,-0.14,1.36,1.30
2017-04-07,7.40,7.34,7.40,7.30,43920,32245481,-0.03,-0.41,1.36,1.35
2017-04-10,7.34,7.32,7.36,7.22,46791,34054483,-0.02,-0.27,1.91,1.44
2017-04-11,7.32,7.31,7.32,7.18,48422,35127219,-0.01,-0.14,1.91,1.49
2017-04-12,7.29,7.28,7.34,7.25,39911,29132326,-0.03,-0.41,1.23,1.23
2017-04-13,7.25,7.31,7.37,7.22,38231,27926917,0.03,0.41,2.06,1.18
2017-04-14,7.31,7.15,7.31,7.14,47522,34265275,-0.16,-2.19,2.33,1.46
2017-04-17,7.10,6.89,7.10,6.82,53068,36856142,-0.26,-3.64,3.92,1.64
2017-04-18,6.88,6.87,6.96,6.80,32401,22315583,-0.02,-0.29,2.32,1.00
2017-04-19,6.84,6.84,6.89,6.66,37673,25434291,-0.03,-0.44,3.35,1.16
2017-04-20,6.83,6.75,6.94,6.61,28062,19046498,-0.09,-1.32,4.82,0.86
2017-04-21,6.77,6.67,6.81,6.64,24049,16149908,-0.08,-1.19,2.52,0.74
2017-04-24,6.67,6.30,6.67,6.30,34773,22321947,-0.37,-5.55,5.55,1.07
2017-04-25,6.30,6.34,6.38,6.20,20994,13304317,0.04,0.63,2.86,0.65
2017-04-26,6.35,6.34,6.39,6.29,27063,17166023,0.00,0.00,1.58,0.83
2017-04-27,6.34,6.41,6.45,6.07,49971,31196737,0.07,1.10,5.99,1.54
2017-04-28,6.36,6.47,6.51,6.32,34735,22401424,0.06,0.94,2.96,1.07
2017-05-02,6.49,6.57,6.59,6.42,39240,25668487,0.10,1.55,2.63,1.21
2017-05-03,6.57,6.61,6.65,6.52,37074,24416368,0.04,0.61,1.98,1.14
2017-05-04,6.61,6.62,6.74,6.52,40771,27126172,0.01,0.15,3.33,1.26
2017-05-05,6.54,6.46,6.65,6.46,29420,19309545,-0.16,-2.42,2.87,0.91
2017-05-08,6.40,6.33,6.50,6.30,27460,17588628,-0.13,-2.01,3.10,0.85
2017-05-09,6.32,6.47,6.56,6.29,26062,16685441,0.14,2.21,4.27,0.80
2017-05-10,6.47,6.49,6.60,6.45,41125,26866042,0.02,0.31,2.32,1.27
2017-05-11,6.49,6.42,6.49,6.15,30706,19456789,-0.07,-1.08,5.24,0.95
2017-05-12,6.42,6.38,6.42,6.25,22285,14140940,-0.04,-0.62,2.65,0.69
2017-05-15,6.39,6.41,6.46,6.37,18169,11662788,0.03,0.47,1.41,0.56
2017-05-16,6.42,6.66,6.67,6.36,37927,24777288,0.25,3.90,4.84,1.17
2017-05-17,6.62,6.74,6.85,6.62,44194,29890538,0.08,1.20,3.45,1.36
2017-05-18,6.68,6.78,6.90,6.66,41179,28049128,0.04,0.59,3.56,1.27
2017-05-19,6.85,6.80,7.10,6.78,62349,43151400,0.02,0.29,4.72,1.92
2017-05-22,6.81,6.62,6.90,6.61,55348,37054139,-0.18,-2.65,4.26,1.71
2017-05-23,6.62,6.24,6.65,6.13,44050,28226974,-0.38,-5.74,7.85,1.36
2017-05-24,6.20,6.35,6.40,6.09,42790,26823868,0.11,1.76,4.97,1.32
2017-05-25,6.34,6.46,6.47,6.20,33517,21257169,0.11,1.73,4.25,1.03
2017-05-26,6.41,6.43,6.48,6.39,17015,10962750,-0.03,-0.46,1.39,0.52
2017-05-31,6.52,6.44,6.69,6.43,38139,25066050,0.01,0.16,4.04,1.18
2017-06-01,6.44,6.22,6.49,6.20,29107,18485671,-0.22,-3.42,4.50,0.90
2017-06-02,6.21,6.31,6.42,6.13,37951,23808292,0.09,1.45,4.66,1.17
2017-06-05,6.34,6.41,6.43,6.30,23804,15205627,0.10,1.58,2.06,0.73
2017-06-06,6.41,6.44,6.48,6.39,20367,13099761,0.03,0.47,1.40,0.63
2017-06-07,6.44,6.60,6.61,6.39,36038,23586472,0.16,2.48,3.42,1.11
2017-06-08,6.57,6.53,6.65,6.50,30337,19899286,-0.07,-1.06,2.27,0.93
2017-06-09,6.55,6.52,6.55,6.42,28600,18525845,-0.01,-0.15,1.99,0.88
2017-06-12,6.49,6.37,6.53,6.36,29858,19177756,-0.15,-2.30,2.61,0.92
2017-06-13,6.36,6.49,6.50,6.33,31738,20461433,0.12,1.88,2.67,0.98
2017-06-14,6.46,6.50,6.54,6.46,22943,14904371,0.01,0.15,1.23,0.71
2017-06-15,6.49,6.61,6.65,6.46,38309,25256040,0.11,1.69,2.92,1.18
2017-06-16,6.60,6.58,6.64,6.55,26217,17270587,-0.03,-0.45,1.36,0.81
