日期,开盘,收盘,最高,最低,交易量(手),交易金额(元),涨跌额,涨跌幅(%),振幅(%),换手率(%)
2014-01-23,22.52,27.26,27.26,22.52,15266,41110000,8.49,45.23,25.25,9.86
2014-01-24,29.99,29.99,29.99,29.99,8660,25970000,2.73,10.01,0.00,5.60
2014-01-27,32.99,32.99,32.99,32.99,6469,21340000,3.00,10.00,0.00,4.18
2014-01-28,36.29,36.29,36.29,36.29,11891,43150000,3.30,10.00,0.00,7.68
2014-01-30,35.99,35.43,36.73,33.31,78381,272420000,-0.86,-2.37,9.42,50.65
2014-02-07,34.88,36.99,38.09,34.67,69216,252280000,1.56,4.40,9.65,44.73
2014-02-10,37.30,40.40,40.69,37.30,50011,196280000,3.41,9.22,9.16,32.32
2014-02-11,39.66,41.35,42.00,38.60,54438,218030000,0.95,2.35,8.42,35.18
2014-02-12,40.51,42.68,44.75,40.00,52923,223170000,1.33,3.22,11.49,34.20
2014-02-13,41.80,39.63,42.68,39.32,33299,136500000,-3.05,-7.15,7.87,21.52
2014-02-14,40.00,43.59,43.59,40.00,51669,217540000,3.96,9.99,9.06,33.39
2014-02-17,44.50,44.42,45.00,41.71,61434,265760000,0.83,1.90,7.55,39.70
2014-02-18,43.00,42.89,44.50,42.25,40506,175150000,-1.53,-3.44,5.07,26.18
2014-02-19,42.80,41.19,43.50,40.70,27610,115140000,-1.70,-3.96,6.53,17.84
2014-02-20,41.20,40.15,42.30,39.00,26692,108720000,-1.04,-2.52,8.01,17.25
2014-02-21,39.90,40.93,41.20,39.48,18078,73380000,0.78,1.94,4.28,11.68
2014-02-24,41.00,41.06,41.78,40.50,18627,76690000,0.13,0.32,3.13,12.04
2014-02-25,41.30,38.10,43.60,37.50,45068,185180000,-2.96,-7.21,14.86,29.12
2014-02-26,37.08,37.30,37.67,35.70,26740,98500000,-0.80,-2.10,5.17,17.28
2014-02-27,37.33,34.89,37.90,34.81,23516,85650000,-2.41,-6.46,8.28,15.20
2014-02-28,34.75,36.80,37.40,34.70,18770,67260000,1.91,5.47,7.74,12.13
2014-03-03,37.06,39.77,40.00,36.66,30195,116530000,2.97,8.07,9.08,19.51
2014-03-04,39.34,40.12,41.50,38.12,32050,127110000,0.35,0.88,8.50,20.71
2014-03-05,40.02,38.91,40.65,38.71,15041,59650000,-1.21,-3.02,4.84,9.72
2014-03-06,38.91,40.60,41.20,37.03,29863,117970000,1.69,4.34,10.72,19.30
2014-03-07,40.10,38.30,40.79,38.01,20007,78690000,-2.30,-5.67,6.85,12.93
2014-03-10,37.35,36.60,37.47,36.30,13120,48420000,-1.70,-4.44,3.05,8.48
2014-03-11,40.26,40.26,40.26,40.26,9645,38830000,3.66,10.00,0.00,6.23
2014-03-12,42.40,42.89,43.48,41.51,73413,312220000,2.63,6.53,4.89,47.44
2014-03-13,41.49,41.88,42.24,40.85,34716,144190000,-1.01,-2.35,3.24,22.43
2014-03-14,41.52,44.65,46.07,41.31,67907,305440000,2.77,6.61,11.37,43.88
2014-03-17,44.70,45.90,45.99,43.60,53900,241100000,1.25,2.80,5.35,34.83
2014-03-18,44.90,45.25,48.48,44.50,61695,284960000,-0.65,-1.42,8.67,39.87
2014-03-19,44.70,46.15,46.85,44.51,42827,195290000,0.90,1.99,5.17,27.68
2014-03-20,45.00,42.90,45.87,42.90,36838,163260000,-3.25,-7.04,6.44,23.81
2014-03-21,42.19,43.10,43.56,41.51,23619,100520000,0.20,0.47,4.78,15.26
2014-03-24,42.30,40.70,42.89,40.26,27974,115970000,-2.40,-5.57,6.10,18.08
2014-03-25,40.21,41.45,41.60,40.21,15479,63470000,0.75,1.84,3.42,10.00
2014-03-26,41.70,40.93,41.70,40.51,10762,44250000,-0.52,-1.25,2.87,6.95
2014-03-27,41.00,38.45,41.00,38.37,19069,76120000,-2.48,-6.06,6.43,12.32
2014-03-28,38.42,39.01,40.62,38.01,20026,78910000,0.56,1.46,6.79,12.94
2014-03-31,39.06,39.58,40.49,38.06,15276,60370000,0.57,1.46,6.23,9.87
2014-04-01,39.60,40.24,40.50,39.42,22299,89460000,0.66,1.67,2.73,14.41
2014-04-02,39.91,39.64,40.30,38.07,23041,89750000,-0.60,-1.49,5.54,14.89
2014-04-03,37.50,37.75,38.28,36.51,27699,104050000,-1.89,-4.77,4.47,17.90
2014-04-04,37.15,37.33,38.06,36.81,14272,53500000,-0.42,-1.11,3.31,9.22
2014-04-08,37.00,38.02,38.08,35.98,18265,67960000,0.69,1.85,5.63,11.80
2014-04-09,37.71,38.87,39.19,37.50,22059,84820000,0.85,2.24,4.45,14.25
2014-04-10,38.81,38.26,39.62,38.25,19805,77110000,-0.61,-1.57,3.52,12.80
2014-04-11,37.20,36.98,37.35,36.89,13881,51450000,-1.28,-3.35,1.20,8.97
2014-04-14,36.81,37.00,37.30,36.76,6217,23040000,0.02,0.05,1.46,4.02
2014-04-15,37.03,36.54,37.18,36.45,8189,30150000,-0.46,-1.24,1.97,5.29
2014-04-16,36.42,36.54,36.71,36.34,4869,17780000,0.00,0.00,1.01,3.15
2014-04-17,36.72,36.99,37.25,36.72,8004,29620000,0.45,1.23,1.45,5.17
2014-04-18,36.86,37.05,37.23,36.65,5270,19490000,0.06,0.16,1.57,3.41
2014-04-21,37.00,38.29,38.76,36.65,22553,86140000,1.24,3.35,5.70,14.57
2014-04-22,38.20,38.67,38.93,37.80,16343,62660000,0.38,0.99,2.95,10.56
2014-04-23,38.40,38.03,38.97,38.00,10688,41070000,-0.64,-1.66,2.51,6.91
2014-04-24,37.80,36.57,37.80,35.88,13828,50720000,-1.46,-3.84,5.05,8.94
2014-04-25,36.03,35.22,36.55,35.04,8743,31480000,-1.35,-3.69,4.13,5.65
2014-04-28,34.50,32.10,34.55,32.00,13172,43570000,-3.12,-8.86,7.24,8.51
2014-04-29,32.01,32.89,32.91,31.71,6403,20830000,0.79,2.46,3.74,4.14
2014-04-30,32.80,32.71,33.15,32.60,5266,17290000,-0.18,-0.55,1.67,3.40
2014-05-05,32.21,34.30,34.33,32.21,10856,36480000,1.59,4.86,6.48,7.02
2014-05-06,34.30,34.90,35.68,34.00,11870,41570000,0.60,1.75,4.90,7.67
2014-05-07,35.38,38.39,38.39,35.03,31451,118270000,3.49,10.00,9.63,20.32
2014-05-08,38.75,38.46,39.20,37.83,31633,121550000,0.07,0.18,3.57,20.44
2014-05-09,38.08,37.15,38.37,36.06,18890,70340000,-1.31,-3.41,6.01,12.21
2014-05-12,37.44,37.43,37.63,36.28,14184,52500000,0.28,0.75,3.63,9.17
2014-05-13,18.65,20.37,20.37,18.34,61949,123330000,1.85,9.99,10.96,20.02
2014-05-14,20.60,22.41,22.41,20.60,150084,324750000,2.04,10.01,8.89,48.49
2014-05-15,23.10,24.65,24.65,22.73,105296,250340000,2.24,10.00,8.57,34.02
2014-05-16,25.20,23.15,25.50,22.92,129860,309140000,-1.50,-6.09,10.47,41.96
2014-05-19,23.16,23.24,25.47,23.16,162167,396970000,0.09,0.39,9.98,52.40
2014-05-20,22.81,23.28,24.89,22.15,130203,304320000,0.04,0.17,11.79,42.07
2014-05-21,22.37,23.30,23.88,22.10,105176,241000000,0.02,0.09,7.65,33.98
2014-05-22,23.48,22.75,23.79,22.60,82064,189930000,-0.55,-2.36,5.11,26.52
2014-05-23,22.85,23.20,23.38,21.78,99408,225090000,0.45,1.98,7.03,32.12
2014-05-26,23.60,22.75,23.70,22.48,83328,190400000,-0.45,-1.94,5.26,26.92
2014-05-27,22.15,23.09,23.22,22.10,75876,171480000,0.34,1.49,4.92,24.52
2014-05-28,23.30,25.40,25.40,23.30,108066,268360000,2.31,10.00,9.09,34.92
2014-05-29,26.00,24.45,26.88,24.45,170741,441860000,-0.95,-3.74,9.57,55.17
2014-05-30,24.10,23.94,24.41,23.36,88897,211390000,-0.51,-2.09,4.29,28.72
2014-06-03,23.42,23.35,23.72,23.00,57745,134930000,-0.59,-2.46,3.01,18.66
2014-06-04,23.38,24.13,24.62,23.38,87013,210080000,0.78,3.34,5.31,28.11
2014-06-05,23.70,23.98,23.99,23.00,51485,121330000,-0.15,-0.62,4.10,16.63
2014-06-06,23.50,23.84,24.37,23.45,48559,115940000,-0.14,-0.58,3.84,15.69
2014-06-09,23.90,22.87,23.98,22.84,35729,83530000,-0.97,-4.07,4.78,11.54
2014-06-10,22.86,23.38,23.55,22.18,44203,101780000,0.51,2.23,5.99,14.28
2014-06-11,23.35,22.59,23.55,22.47,49300,112160000,-0.79,-3.38,4.62,15.93
2014-06-12,22.55,22.43,22.93,22.21,37370,84020000,-0.16,-0.71,3.19,12.07
2014-06-13,22.40,22.60,22.85,22.24,39038,87950000,0.17,0.76,2.72,12.61
2014-06-16,22.50,24.86,24.86,22.43,83389,199380000,2.26,10.00,10.75,26.94
2014-06-17,25.00,23.75,25.00,23.50,85123,204130000,-1.11,-4.47,6.03,27.50
2014-06-18,23.82,24.16,24.90,23.70,81797,198380000,0.41,1.73,5.05,26.43
2014-06-19,23.71,24.32,24.88,23.30,79060,189570000,0.16,0.66,6.54,25.54
2014-06-20,24.50,24.03,25.75,23.95,83153,206080000,-0.29,-1.19,7.40,26.87
2014-06-23,24.03,24.94,25.60,23.65,94408,233440000,0.91,3.79,8.11,30.50
2014-06-24,24.60,25.06,25.10,24.30,67191,165440000,0.12,0.48,3.21,21.71
2014-06-25,24.85,27.08,27.57,24.85,146081,390450000,2.02,8.06,10.85,47.20
2014-06-26,26.48,28.42,29.30,26.05,140282,393300000,1.34,4.95,12.00,45.33
2014-06-27,28.42,27.40,28.45,27.40,90043,250360000,-1.02,-3.59,3.69,29.09
2014-06-30,27.08,27.64,27.80,26.34,64466,174490000,0.24,0.88,5.33,20.83
2014-07-01,27.38,27.17,27.58,26.70,43613,117960000,-0.47,-1.70,3.18,14.09
2014-07-02,27.18,26.64,27.20,26.20,43333,115100000,-0.53,-1.95,3.68,14.00
2014-07-03,26.53,26.51,26.93,26.20,29709,78960000,-0.13,-0.49,2.74,9.60
2014-07-04,26.51,27.01,27.38,26.51,47505,128440000,0.50,1.89,3.28,15.35
2014-07-07,25.40,26.17,26.49,25.23,51556,134080000,-0.84,-3.11,4.66,16.66
2014-07-08,25.80,26.47,26.94,25.66,25177,66590000,0.30,1.15,4.89,8.13
2014-07-09,26.27,25.45,26.38,25.45,35263,91010000,-1.02,-3.85,3.51,11.39
2014-07-10,25.45,25.14,25.84,25.01,20832,52890000,-0.31,-1.22,3.26,6.73
2014-07-11,25.00,24.32,25.27,24.18,32755,80920000,-0.82,-3.26,4.34,10.58
2014-07-14,24.33,24.83,24.90,24.15,21352,52410000,0.51,2.10,3.08,6.90
2014-07-15,25.02,24.38,25.44,24.16,18128,44770000,-0.45,-1.81,5.16,5.86
2014-07-16,24.33,23.25,24.55,23.11,21237,50090000,-1.13,-4.63,5.91,6.86
2014-07-17,23.30,23.78,23.78,23.11,13291,31170000,0.53,2.28,2.88,4.29
2014-07-18,23.70,23.25,23.82,23.20,11727,27550000,-0.53,-2.23,2.61,3.79
2014-07-21,23.37,24.10,24.14,23.25,20347,48530000,0.85,3.66,3.83,6.57
2014-07-22,24.01,24.01,24.20,23.71,13392,32070000,-0.09,-0.37,2.03,4.33
2014-07-23,24.01,23.48,24.08,23.31,17766,41840000,-0.53,-2.21,3.21,5.74
2014-07-24,23.21,23.45,23.65,22.61,19881,46180000,-0.03,-0.13,4.43,6.42
2014-07-25,23.45,23.79,23.90,23.22,9204,21760000,0.34,1.45,2.90,2.97
2014-07-28,23.90,24.27,24.40,23.78,13036,31620000,0.48,2.02,2.61,4.21
2014-07-29,24.10,24.24,24.60,23.85,13292,32270000,-0.03,-0.12,3.09,4.29
2014-07-30,24.20,24.45,24.46,23.90,13437,32420000,0.21,0.87,2.31,4.34
2014-07-31,24.00,23.99,24.25,23.95,10848,26130000,-0.46,-1.88,1.23,3.51
2014-08-01,23.99,23.59,24.03,23.51,16187,38330000,-0.40,-1.67,2.17,5.23
2014-08-04,23.58,23.93,24.10,23.17,8896,21140000,0.34,1.44,3.94,2.87
2014-08-05,23.91,24.18,24.26,23.61,16760,40250000,0.25,1.04,2.72,5.42
2014-08-06,24.19,23.92,24.19,23.82,10953,26270000,-0.26,-1.08,1.53,3.54
2014-08-07,23.92,23.84,24.08,23.80,6830,16340000,-0.08,-0.33,1.17,2.21
2014-08-08,23.77,24.16,24.18,23.61,8979,21570000,0.32,1.34,2.39,2.90
2014-08-11,24.18,25.46,25.48,24.18,31967,80520000,1.30,5.38,5.38,10.33
2014-08-12,25.51,25.17,25.55,25.01,15604,39280000,-0.29,-1.14,2.12,5.04
2014-08-13,25.15,25.00,25.28,24.55,11850,29510000,-0.17,-0.68,2.90,3.83
2014-08-14,25.00,25.00,25.50,24.90,17504,44280000,0.00,0.00,2.40,5.66
2014-08-15,25.00,25.24,25.37,24.81,12902,32380000,0.24,0.96,2.24,4.17
2014-08-18,25.24,25.71,26.14,25.24,21771,56030000,0.47,1.86,3.57,7.03
2014-08-19,25.70,27.10,27.13,25.46,43550,115190000,1.39,5.41,6.50,14.07
2014-08-20,27.04,27.69,28.55,26.73,43214,120700000,0.59,2.18,6.72,13.96
2014-08-21,27.83,27.90,28.08,27.22,18636,51360000,0.21,0.76,3.11,6.02
2014-08-22,27.90,28.81,29.50,27.90,23213,67080000,0.91,3.26,5.73,7.50
2014-08-25,29.06,28.41,29.09,28.01,17134,48740000,-0.40,-1.39,3.75,5.54
2014-08-26,28.43,28.19,28.65,27.65,17825,49740000,-0.22,-0.77,3.52,5.76
2014-08-27,28.01,31.01,31.01,28.00,22673,67180000,2.82,10.00,10.68,7.33
2014-08-28,31.68,30.50,33.94,30.03,38797,122800000,-0.51,-1.64,12.61,12.54
2014-08-29,30.50,30.60,30.98,29.00,21479,64780000,0.10,0.33,6.49,6.94
2014-09-01,30.09,30.47,31.00,30.09,16306,49870000,-0.13,-0.42,2.97,5.27
2014-09-02,30.35,30.95,30.96,30.35,13367,40980000,0.48,1.58,2.00,4.32
2014-09-03,30.70,32.42,33.68,30.39,26230,83360000,1.47,4.75,10.63,8.48
2014-09-04,32.76,32.56,33.18,32.01,14838,48450000,0.14,0.43,3.61,4.79
2014-09-05,32.80,32.38,33.16,32.12,12809,41690000,-0.18,-0.55,3.19,4.14
2014-09-09,32.16,32.12,33.80,32.03,24542,80070000,-0.26,-0.80,5.47,7.93
2014-09-10,32.17,31.55,32.61,31.50,24453,78000000,-0.57,-1.77,3.46,7.90
2014-10-16,34.71,34.71,34.71,34.71,2018,7000000,3.16,10.02,0.00,0.65
2014-10-17,38.18,38.18,38.18,38.18,5879,22440000,3.47,10.00,0.00,1.90
2014-10-20,37.00,37.62,38.30,34.36,79693,295910000,-0.56,-1.47,10.32,25.75
2014-10-21,37.21,38.00,38.37,37.21,25462,96720000,0.38,1.01,3.08,8.23
2014-10-22,38.08,37.13,38.24,37.03,12321,46530000,-0.87,-2.29,3.18,3.98
2014-10-23,36.90,35.04,37.15,34.97,15658,55690000,-2.09,-5.63,5.87,5.06
2014-10-24,35.05,35.49,35.73,34.26,8135,28590000,0.45,1.28,4.20,2.63
2014-10-27,35.49,35.84,36.20,35.15,6176,22090000,0.35,0.99,2.96,2.00
2014-10-28,35.84,36.06,36.60,35.64,10845,39200000,0.22,0.61,2.68,3.50
2014-10-29,36.55,35.73,36.55,35.61,10069,36200000,-0.33,-0.92,2.61,3.25
2014-10-30,35.22,35.65,35.88,35.22,8867,31600000,-0.08,-0.22,1.85,2.86
2014-10-31,35.61,34.97,35.93,34.75,8029,28280000,-0.68,-1.91,3.31,2.59
2014-11-03,35.00,36.08,36.20,34.71,21950,78350000,1.11,3.17,4.26,7.09
2014-11-04,36.28,39.27,39.68,35.75,22208,84860000,3.19,8.84,10.89,7.18
2014-11-05,38.92,40.20,40.90,38.72,25918,103640000,0.93,2.37,5.55,8.37
2014-11-06,40.21,39.65,40.80,39.01,26989,108040000,-0.55,-1.37,4.45,8.72
2014-11-07,39.50,39.49,39.78,38.58,15086,59270000,-0.16,-0.40,3.03,4.87
2014-11-10,38.90,43.19,43.43,38.70,13729,55300000,3.70,9.37,11.98,4.44
2014-11-11,43.19,43.19,44.00,40.29,14468,60820000,0.00,0.00,8.59,4.67
2014-11-12,43.20,42.26,43.59,41.05,20920,87790000,-0.93,-2.15,5.88,6.76
2014-11-13,42.28,39.88,42.30,39.51,13439,54180000,-2.38,-5.63,6.60,4.34
2014-11-14,39.61,39.00,39.88,37.11,21797,83780000,-0.88,-2.21,6.95,7.04
2014-11-17,38.22,39.21,39.76,38.22,10582,41430000,0.21,0.54,3.95,3.42
2014-11-18,39.08,38.50,39.09,38.29,5712,22110000,-0.71,-1.81,2.04,1.85
2014-11-19,39.30,39.80,40.38,38.42,9559,37890000,1.30,3.38,5.09,3.09
2014-11-20,39.56,39.00,39.79,38.63,5240,20370000,-0.80,-2.01,2.91,1.69
2014-11-21,38.90,38.85,39.40,38.80,5563,21700000,-0.15,-0.38,1.54,1.80
2014-11-24,39.36,38.57,39.48,38.50,6059,23630000,-0.28,-0.72,2.52,1.96
2014-11-25,38.56,37.40,38.60,36.50,19761,73830000,-1.17,-3.03,5.44,6.38
2014-11-26,36.81,38.01,38.98,36.64,9211,35080000,0.61,1.63,6.26,2.98
2014-11-27,37.88,40.17,40.80,37.88,25642,102320000,2.16,5.68,7.68,8.28
2014-11-28,40.11,39.79,40.39,39.00,12579,49870000,-0.38,-0.95,3.46,4.06
2014-12-01,40.17,41.99,43.00,39.03,33775,140170000,2.20,5.53,9.98,10.91
2014-12-02,41.18,44.17,45.38,41.01,40002,173570000,2.18,5.19,10.41,12.92
2014-12-03,43.98,41.91,44.20,39.75,31273,131370000,-2.26,-5.12,10.07,10.10
2014-12-04,41.47,43.62,45.20,40.50,35599,152280000,1.71,4.08,11.21,11.50
2014-12-05,43.40,42.10,43.88,39.26,21938,91780000,-1.52,-3.48,10.59,7.09
2014-12-08,40.52,39.95,42.48,39.20,14794,59220000,-2.15,-5.11,7.79,4.78
2014-12-09,39.35,35.96,39.35,35.96,21995,81140000,-3.99,-9.99,8.49,7.11
2014-12-10,36.11,37.10,37.70,35.70,12602,46780000,1.14,3.17,5.56,4.07
2014-12-11,37.17,37.71,38.50,37.17,6995,26390000,0.61,1.64,3.58,2.26
2014-12-12,37.75,38.60,38.82,37.65,6439,24710000,0.89,2.36,3.10,2.08
2014-12-15,38.58,39.00,39.47,37.81,5672,22020000,0.40,1.04,4.30,1.83
2014-12-16,39.38,39.68,41.10,38.61,10495,41810000,0.68,1.74,6.38,3.39
2014-12-17,38.50,43.65,43.65,36.80,61926,254540000,3.97,10.01,17.26,20.01
2014-12-18,44.10,45.93,48.02,44.10,29464,134190000,2.28,5.22,8.98,9.52
2014-12-19,45.80,46.00,47.88,45.01,13235,61150000,0.07,0.15,6.25,4.28
2014-12-22,46.05,45.26,46.50,41.40,21269,96000000,-0.74,-1.61,11.09,6.87
2014-12-23,45.40,48.00,49.50,44.86,24230,114280000,2.74,6.05,10.25,7.83
2014-12-24,46.93,47.98,49.38,46.31,10461,49390000,-0.02,-0.04,6.40,3.38
2014-12-25,47.30,47.08,49.19,45.30,9913,46110000,-0.90,-1.88,8.11,3.20
2014-12-26,46.39,47.00,48.40,46.00,9130,43040000,-0.08,-0.17,5.10,2.95
2014-12-29,47.00,45.58,47.49,43.50,18581,85010000,-1.42,-3.02,8.49,6.00
2014-12-30,44.68,41.02,44.80,41.02,24522,101760000,-4.56,-10.00,8.29,7.92
2014-12-31,42.00,43.20,43.20,39.60,13690,57010000,2.18,5.31,8.78,4.42
2015-01-05,42.75,39.90,42.99,39.00,12064,48830000,-3.30,-7.64,9.24,3.90
2015-01-06,39.90,43.89,43.89,39.25,35294,143220000,3.99,10.00,11.63,11.40
2015-01-07,42.44,42.60,43.15,41.05,14549,61220000,-1.29,-2.94,4.78,4.70
2015-01-08,42.50,42.78,43.45,41.00,8742,36970000,0.18,0.42,5.75,2.82
2015-01-09,43.00,42.98,44.50,42.70,7945,34640000,0.20,0.47,4.21,2.57
2015-01-12,42.30,44.62,44.80,42.30,10693,47150000,1.64,3.82,5.82,3.46
2015-01-13,45.02,47.70,48.79,44.10,17763,83270000,3.08,6.90,10.51,5.74
2015-01-14,47.20,46.08,47.42,45.30,5498,25330000,-1.62,-3.40,4.44,1.78
2015-01-15,45.58,45.18,47.20,45.10,5145,23850000,-0.90,-1.95,4.56,1.66
2015-01-16,44.91,46.81,47.70,44.54,6925,31890000,1.63,3.61,6.99,2.24
2015-01-19,46.80,46.70,49.00,44.00,12807,60390000,-0.11,-0.24,10.68,4.14
2015-01-20,47.30,49.80,50.10,45.20,13314,64050000,3.10,6.64,10.49,4.30
2015-01-21,54.78,52.43,54.78,52.02,18567,98790000,2.63,5.28,5.54,6.00
2015-01-22,53.40,56.20,57.30,52.10,15363,84880000,3.77,7.19,9.92,4.96
2015-01-23,56.13,54.22,56.15,52.25,12888,69180000,-1.98,-3.52,6.94,2.75
2015-01-26,53.91,53.51,54.33,51.91,13782,73070000,-0.71,-1.31,4.46,2.94
2015-01-27,54.60,51.29,54.60,51.26,19907,104630000,-2.22,-4.15,6.24,4.25
2015-01-28,51.12,51.02,51.79,48.80,22166,110900000,-0.27,-0.53,5.83,4.73
2015-01-29,50.10,49.75,50.93,49.60,10315,51520000,-1.27,-2.49,2.61,2.20
2015-01-30,49.93,47.00,50.25,46.92,14396,69360000,-2.75,-5.53,6.69,3.07
2015-02-02,46.55,45.90,48.35,45.70,14021,66030000,-1.10,-2.34,5.64,2.99
2015-02-03,47.72,48.62,50.34,46.23,28544,138760000,2.72,5.93,8.95,6.09
2015-02-04,48.42,47.90,50.56,47.33,30554,149680000,-0.72,-1.48,6.64,6.52
2015-02-05,47.53,49.45,50.00,46.33,36428,178390000,1.55,3.24,7.66,7.77
2015-02-06,48.99,46.15,49.50,45.51,16414,77760000,-3.30,-6.67,8.07,3.50
2015-02-09,46.02,44.20,47.55,44.04,16370,73760000,-1.95,-4.23,7.61,3.49
2015-02-10,44.32,42.98,45.20,42.00,20034,86360000,-1.22,-2.76,7.24,4.27
2015-02-11,43.22,47.28,47.28,43.22,25190,114940000,4.30,10.00,9.45,5.38
2015-02-12,48.53,46.48,48.85,45.35,27371,128320000,-0.80,-1.69,7.40,5.84
2015-02-13,46.49,46.26,46.66,45.48,24459,112470000,-0.22,-0.47,2.54,5.22
2015-02-16,46.58,47.82,47.99,46.05,18053,85420000,1.56,3.37,4.19,3.85
2015-02-17,47.80,46.87,48.49,46.60,12795,60310000,-0.95,-1.99,3.95,2.73
2015-02-25,46.66,46.94,48.71,46.65,18489,88260000,0.07,0.15,4.40,3.95
2015-02-26,46.98,46.37,47.80,42.25,15685,72170000,-0.57,-1.21,11.82,3.35
2015-02-27,46.00,46.24,46.45,45.30,10659,48920000,-0.13,-0.28,2.48,2.27
2015-03-02,46.45,48.65,48.83,46.05,26826,128410000,2.41,5.21,6.01,5.72
2015-03-03,48.30,47.40,48.33,47.15,14741,70380000,-1.25,-2.57,2.43,3.15
2015-03-04,47.40,49.70,50.49,47.40,22073,108350000,2.30,4.85,6.52,4.71
2015-03-05,49.80,51.10,51.40,48.60,20971,104820000,1.40,2.82,5.63,4.47
2015-03-06,51.12,48.69,51.20,48.69,19898,98550000,-2.41,-4.72,4.91,4.25
2015-03-09,47.90,47.08,47.94,46.50,20343,95720000,-1.61,-3.31,2.96,4.34
2015-03-10,46.80,46.90,47.82,46.60,12303,58050000,-0.18,-0.38,2.59,2.63
2015-03-11,46.79,45.20,46.99,45.00,22003,101150000,-1.70,-3.62,4.24,4.70
2015-03-12,45.35,45.82,46.15,45.20,9830,44900000,0.62,1.37,2.10,2.10
2015-03-13,45.90,47.10,47.18,45.63,11670,54140000,1.28,2.79,3.38,2.49
2015-03-16,47.30,49.10,49.89,47.30,22119,108350000,2.00,4.25,5.50,4.72
2015-03-17,49.00,49.01,50.00,48.35,18805,92480000,-0.09,-0.18,3.36,4.01
2015-03-18,49.43,49.61,50.50,48.89,26845,133190000,0.60,1.22,3.29,5.73
2015-06-24,27.25,27.25,27.25,27.25,676,1840000,2.48,10.01,0.00,0.07
2015-06-25,29.98,29.98,29.98,29.98,265,790000,2.73,10.02,0.00,0.03
2015-06-26,32.98,32.96,32.98,30.98,281979,924750000,2.98,9.94,6.67,30.08
2015-06-29,29.66,29.66,29.66,29.66,27832,82550000,-3.30,-10.01,0.00,2.97
2015-06-30,26.69,27.25,29.55,26.69,199909,543460000,-2.41,-8.13,9.64,21.33
2015-07-01,25.50,24.53,27.98,24.53,175062,455360000,-2.72,-9.98,12.66,18.68
2015-07-02,23.00,22.08,23.50,22.08,81626,181850000,-2.45,-9.99,5.79,8.71
2015-07-03,19.87,19.87,20.50,19.87,79676,158880000,-2.21,-10.01,2.85,8.50
2015-07-06,21.20,17.88,21.20,17.88,73777,140640000,-1.99,-10.02,16.71,7.87
2015-07-07,16.09,16.09,16.09,16.09,1213,1950000,-1.79,-10.01,0.00,0.13
2015-07-08,14.48,14.48,15.05,14.48,248904,361510000,-1.61,-10.01,3.54,26.56
2015-07-09,13.32,15.93,15.93,13.32,92209,139710000,1.45,10.01,18.02,9.84
2015-07-10,16.00,17.52,17.52,15.93,51620,89010000,1.59,9.98,9.98,5.51
2015-07-13,19.27,19.27,19.27,18.22,65396,124200000,1.75,9.99,5.99,6.98
2015-07-14,19.29,19.82,21.20,19.00,103353,208430000,0.55,2.85,11.42,11.03
2015-07-15,18.85,17.84,18.85,17.84,61504,110810000,-1.98,-9.99,5.10,6.56
2015-07-16,16.10,17.41,18.30,16.06,59274,101490000,-0.43,-2.41,12.56,6.32
2015-07-17,17.34,18.79,19.15,16.90,68277,124100000,1.38,7.93,12.92,7.28
2015-07-20,19.00,19.48,19.88,18.50,69598,134430000,0.69,3.67,7.34,7.43
2015-07-21,19.03,19.80,20.45,18.75,59288,116560000,0.32,1.64,8.73,6.33
2015-07-22,19.58,19.77,20.43,19.26,39890,78930000,-0.03,-0.15,5.91,4.26
2015-07-23,20.10,20.80,20.95,19.50,54877,111950000,1.03,5.21,7.33,5.85
2015-07-24,20.95,20.10,21.48,19.88,52567,109760000,-0.70,-3.37,7.69,5.61
2015-07-27,19.28,18.09,19.98,18.09,56890,108230000,-2.01,-10.00,9.40,6.07
2015-07-28,16.30,16.28,17.76,16.28,66520,110040000,-1.81,-10.01,8.18,7.10
2015-07-29,16.81,17.91,17.91,16.72,62852,111720000,1.63,10.01,7.31,6.71
2015-07-30,19.70,19.70,19.70,18.88,42227,83140000,1.79,9.99,4.58,4.51
2015-07-31,19.66,21.67,21.67,18.90,133153,282160000,1.97,10.00,14.06,14.21
2015-08-03,21.92,23.84,23.84,21.20,66915,153010000,2.17,10.01,12.18,7.14
2015-08-04,26.22,26.22,26.22,25.55,26153,68550000,2.38,9.98,2.81,2.79
2015-08-05,28.84,25.00,28.84,23.60,250640,645890000,-1.22,-4.65,19.98,26.74
2015-08-06,23.56,22.50,23.86,22.50,155211,356230000,-2.50,-10.00,5.44,16.56
2015-08-07,22.01,23.25,23.70,21.50,151336,346210000,0.75,3.33,9.78,16.15
2015-08-10,22.82,24.20,25.08,21.25,148169,349870000,0.95,4.09,16.47,15.81
2015-08-11,25.20,26.62,26.62,24.91,67100,173200000,2.42,10.00,7.07,7.16
2015-08-12,27.50,26.50,29.28,26.50,222688,630960000,-0.12,-0.45,10.44,23.76
2015-08-13,25.15,29.15,29.15,24.92,155187,425280000,2.65,10.00,15.96,16.56
2015-08-14,30.01,29.15,31.00,28.23,205209,611010000,0.00,0.00,9.50,21.89
2015-08-17,28.20,27.11,29.56,26.68,124466,346810000,-2.04,-7.00,9.88,13.28
2015-08-18,27.44,27.78,29.82,26.61,189907,549610000,0.67,2.47,11.84,20.26
2015-08-19,26.00,28.75,29.07,25.00,154804,402620000,0.97,3.49,14.65,16.52
2015-08-20,27.00,25.88,28.40,25.88,98561,265440000,-2.87,-9.98,8.77,10.52
2015-08-21,24.47,23.29,24.94,23.29,72844,173250000,-2.59,-10.01,6.38,7.77
2015-08-24,22.09,20.96,22.09,20.96,27734,58620000,-2.33,-10.00,4.85,2.96
2015-08-25,18.86,18.86,19.38,18.86,45688,86290000,-2.10,-10.02,2.48,4.87
2015-08-26,19.00,16.97,19.78,16.97,86287,154180000,-1.89,-10.02,14.90,9.21
2015-08-27,17.50,17.32,18.10,15.35,75282,128010000,0.35,2.06,16.21,8.03
2015-08-28,17.63,19.05,19.05,17.63,45863,84470000,1.73,9.99,8.20,4.89
2015-08-31,20.00,18.96,20.75,18.81,98817,196810000,-0.09,-0.47,10.18,10.54
2015-09-01,18.10,17.06,18.49,17.06,70400,121920000,-1.90,-10.02,7.54,7.51
2015-09-02,15.35,15.38,18.04,15.35,59654,96450000,-1.68,-9.85,15.77,6.36
2015-09-07,15.90,15.00,16.85,14.40,125414,195910000,-0.38,-2.47,15.93,13.38
2015-09-08,14.43,16.37,16.50,14.11,78597,120280000,1.37,9.13,15.93,8.39
2015-09-09,16.20,17.00,17.50,15.70,188217,310660000,0.63,3.85,11.00,20.08
2015-09-10,16.50,16.15,16.72,15.99,87746,143820000,-0.85,-5.00,4.29,9.36
2015-09-11,16.35,16.87,17.32,16.02,117959,197870000,0.72,4.46,8.05,12.59
2015-09-22,18.56,18.56,18.56,18.56,9372,17390000,1.69,10.02,0.00,1.00
2015-09-23,19.00,18.47,19.50,18.00,184254,347150000,-0.09,-0.48,8.08,19.66
2015-09-24,18.00,17.92,18.48,17.51,110918,199240000,-0.55,-2.98,5.25,11.83
2015-09-25,17.50,16.13,17.81,16.13,86532,145220000,-1.79,-9.99,9.38,9.23
2015-09-28,16.00,16.75,16.93,15.80,65654,108760000,0.62,3.84,7.01,7.00
2015-09-29,16.30,15.92,16.53,15.80,52641,84760000,-0.83,-4.96,4.36,5.62
2015-09-30,16.19,16.03,16.38,15.82,33046,53210000,0.11,0.69,3.52,3.53
2015-10-08,16.77,17.63,17.63,16.43,56980,98210000,1.60,9.98,7.49,6.08
2015-10-09,18.52,17.78,18.96,17.48,138020,250590000,0.15,0.85,8.39,14.73
2015-10-12,17.78,19.07,19.53,17.60,143583,266830000,1.29,7.26,10.85,15.32
2015-10-13,18.53,18.81,18.92,18.48,88772,165940000,-0.26,-1.36,2.31,9.47
2015-10-14,18.90,18.81,19.58,18.70,98052,186880000,0.00,0.00,4.68,10.46
2015-10-15,18.83,19.59,19.86,18.70,105897,205310000,0.78,4.15,6.17,11.30
2015-10-16,19.60,20.65,21.55,19.50,159206,327960000,1.06,5.41,10.46,16.99
2015-10-19,20.65,21.34,22.50,20.33,123862,264780000,0.69,3.34,10.51,13.21
2015-10-20,21.01,21.94,22.29,20.37,132620,284740000,0.60,2.81,9.00,14.15
2015-10-21,22.80,19.75,22.99,19.75,152229,324430000,-2.19,-9.98,14.77,16.24
2015-10-22,19.50,20.35,20.50,18.50,120573,239770000,0.60,3.04,10.13,12.86
2015-10-23,20.37,21.20,21.44,20.00,114302,237210000,0.85,4.18,7.08,12.20
2015-10-26,21.24,21.29,22.15,20.50,90047,192560000,0.09,0.42,7.78,9.61
2015-10-27,21.94,21.75,22.19,20.50,103361,223470000,0.46,2.16,7.94,11.03
2015-10-28,21.60,20.28,21.93,20.00,89560,188840000,-1.47,-6.76,8.87,9.56
2015-10-29,20.70,20.95,21.18,20.17,66812,138040000,0.67,3.30,4.98,7.13
2015-10-30,21.54,23.05,23.05,21.10,85648,194350000,2.10,10.02,9.31,9.14
2015-11-02,24.60,25.36,25.36,24.10,61859,153820000,2.31,10.02,5.47,6.60
2015-11-03,27.90,23.62,27.90,23.55,304967,787980000,-1.74,-6.86,17.15,32.54
2015-11-04,23.15,25.98,25.98,23.12,229539,563960000,2.36,9.99,12.11,24.49
2015-11-05,25.40,28.50,28.58,25.10,256587,697090000,2.52,9.70,13.39,27.38
2015-11-06,28.51,29.50,30.29,27.78,267588,773120000,1.00,3.51,8.81,28.55
2015-11-09,28.30,28.52,29.30,27.48,167653,479370000,-0.98,-3.32,6.17,17.89
2015-11-10,28.80,28.50,29.95,28.00,128467,371090000,-0.02,-0.07,6.84,13.71
2015-11-11,28.51,28.52,28.93,27.41,118232,332720000,0.02,0.07,5.33,12.61
2015-11-12,28.51,27.27,28.51,26.96,121810,336010000,-1.25,-4.38,5.43,13.00
2015-11-13,26.61,28.38,30.00,26.60,173097,494980000,1.11,4.07,12.47,18.47
2015-11-16,27.00,28.81,28.88,26.60,117478,324970000,0.43,1.52,8.03,12.53
2015-11-17,29.98,29.14,31.58,28.81,156815,472040000,0.33,1.15,9.61,16.73
2015-11-18,28.30,27.45,28.96,27.40,100044,281170000,-1.69,-5.80,5.35,10.67
2015-11-19,28.06,28.30,28.38,27.03,75933,210500000,0.85,3.10,4.92,8.10
2015-11-20,28.60,28.07,28.70,27.60,95092,267210000,-0.23,-0.81,3.89,10.15
2015-11-23,27.55,26.90,28.28,26.78,70073,191890000,-1.17,-4.17,5.34,7.48
2015-11-24,27.00,28.71,29.16,27.00,104011,292750000,1.81,6.73,8.03,11.10
2015-11-25,28.45,29.08,29.25,28.18,107246,308710000,0.37,1.29,3.73,11.44
2015-11-26,31.00,31.99,31.99,30.95,75139,239640000,2.91,10.01,3.58,8.02
2015-11-27,33.00,35.19,35.19,32.02,356207,1229800000,3.20,10.00,9.91,38.00
2015-11-30,36.16,38.71,38.71,35.66,259727,979670000,3.52,10.00,8.67,27.71
2015-12-01,38.00,34.84,38.00,34.84,214701,774620000,-3.87,-10.00,8.16,22.91
2015-12-02,33.20,32.44,33.70,31.36,172231,557780000,-2.40,-6.89,6.72,18.38
2015-12-03,32.37,33.40,34.48,31.81,152140,502110000,0.96,2.96,8.23,16.23
2015-12-04,33.00,35.20,35.90,32.63,160715,549040000,1.80,5.39,9.79,17.15
2015-12-07,34.70,38.72,38.72,34.60,167262,633570000,3.52,10.00,11.70,17.85
2015-12-08,38.08,42.59,42.59,38.00,144853,595040000,3.87,9.99,11.85,15.45
2015-12-09,44.40,44.69,46.85,42.63,177963,801430000,2.10,4.93,9.91,18.99
2015-12-10,45.11,49.16,49.16,45.11,85044,407700000,4.47,10.00,9.06,9.07
2015-12-11,50.70,44.80,51.24,44.24,199150,923740000,-4.36,-8.87,14.24,21.25
2015-12-14,46.70,46.50,49.28,45.60,145896,690880000,1.70,3.79,8.21,15.57
2015-12-15,46.50,51.15,51.15,44.00,155308,748780000,4.65,10.00,15.38,16.57
2015-12-16,51.00,56.27,56.27,48.88,168201,881620000,5.12,10.01,14.45,17.95
2015-12-17,55.68,61.90,61.90,55.05,120338,716080000,5.63,10.01,12.17,12.84
2015-12-18,63.30,60.92,68.00,57.56,190961,1184330000,-0.98,-1.58,16.87,20.37
2015-12-21,59.00,59.21,61.70,58.17,107300,636850000,-1.71,-2.81,5.79,11.45
2015-12-22,59.85,58.18,62.20,57.00,126391,752480000,-1.03,-1.74,8.78,13.48
2015-12-23,57.50,55.06,58.17,54.86,123898,696060000,-3.12,-5.36,5.69,13.22
2015-12-24,53.63,55.53,56.49,52.12,124852,679680000,0.47,0.85,7.94,13.32
2015-12-25,54.80,52.50,55.70,52.33,104753,563560000,-3.03,-5.46,6.07,11.18
2015-12-28,52.82,52.66,56.00,52.40,117513,635880000,0.16,0.30,6.86,12.54
2015-12-29,52.52,52.15,54.00,50.80,94904,494920000,-0.51,-0.97,6.08,10.13
2015-12-30,52.30,56.48,57.30,51.08,151422,820540000,4.33,8.30,11.93,16.16
2015-12-31,55.00,56.72,61.10,54.65,168623,974540000,0.24,0.42,11.42,17.99
2016-01-04,56.05,51.05,57.80,51.05,90531,478330000,-5.67,-10.00,11.90,9.66
2016-01-05,45.95,45.95,48.67,45.95,122305,570160000,-5.10,-9.99,5.33,13.05
2016-01-06,47.10,50.55,50.55,46.10,136295,659580000,4.60,10.01,9.68,14.54
2016-01-07,49.80,45.50,49.80,45.50,28050,132530000,-5.05,-9.99,8.51,2.99
2016-01-08,46.92,45.50,48.40,42.00,111129,508290000,0.00,0.00,14.07,11.86
2016-01-11,43.02,40.95,43.50,40.95,82187,341380000,-4.55,-10.00,5.60,8.77
2016-01-12,40.95,38.59,41.11,37.51,96062,378480000,-2.36,-5.76,8.79,10.25
2016-01-13,39.45,37.16,40.48,36.80,104912,405920000,-1.43,-3.71,9.54,11.19
2016-01-14,36.05,39.40,40.29,35.11,127686,483860000,2.24,6.03,13.94,13.62
2016-01-15,38.60,35.46,38.79,35.46,126931,472900000,-3.94,-10.00,8.45,13.54
2016-01-18,33.80,36.35,37.80,33.65,102232,369460000,0.89,2.51,11.70,10.91
2016-01-19,36.78,39.99,39.99,35.33,129477,494060000,3.64,10.01,12.82,13.81
2016-01-20,40.93,41.60,43.00,40.63,188328,788300000,1.61,4.03,5.93,20.09
2016-01-21,40.50,37.44,41.52,37.44,122406,487810000,-4.16,-10.00,9.81,13.06
2016-01-22,37.40,38.64,39.50,37.22,102060,391780000,1.20,3.21,6.09,10.89
2016-01-25,39.00,39.89,41.61,38.83,92154,369680000,1.25,3.24,7.19,9.83
2016-01-26,38.20,35.90,38.66,35.90,89131,331230000,-3.99,-10.00,6.92,9.51
2016-01-27,35.48,34.90,35.88,32.31,107759,363280000,-1.00,-2.79,9.94,11.50
2016-02-02,34.50,36.80,37.70,32.60,128303,458420000,1.90,5.44,14.61,13.69
2016-02-03,36.00,35.21,36.36,33.20,113038,394200000,-1.59,-4.32,8.59,12.06
2016-02-04,35.00,36.36,38.33,35.00,124234,454130000,1.15,3.27,9.46,13.25
2016-02-05,36.36,34.68,37.41,34.50,88418,315800000,-1.68,-4.62,8.00,9.43
2016-02-15,33.00,33.56,34.28,32.00,77402,256180000,-1.12,-3.23,6.57,8.26
2016-02-16,34.10,35.68,36.34,34.00,109232,386050000,2.12,6.32,6.97,11.65
2016-02-17,36.20,38.01,38.36,35.03,154778,564330000,2.33,6.53,9.33,16.51
2016-02-18,38.01,36.75,38.09,36.60,118507,439870000,-1.26,-3.31,3.92,12.64
2016-02-19,36.18,37.44,38.50,36.18,120528,454470000,0.69,1.88,6.31,12.86
2016-02-22,37.90,38.35,38.88,37.05,112632,426940000,0.91,2.43,4.89,12.02
2016-02-23,38.50,36.83,38.75,36.08,108418,403150000,-1.52,-3.96,6.96,11.57
2016-02-24,37.00,38.40,38.49,36.50,144452,543490000,1.57,4.26,5.40,15.41
2016-02-25,38.49,34.56,38.80,34.56,128953,465220000,-3.84,-10.00,11.04,13.76
2016-02-26,33.92,32.12,34.70,31.20,102419,335780000,-2.44,-7.06,10.13,10.93
2016-02-29,31.57,28.91,31.57,28.91,54614,159990000,-3.21,-9.99,8.28,5.83
2016-03-01,27.78,28.90,29.90,26.11,106483,297690000,-0.01,-0.03,13.11,11.36
2016-03-02,28.02,29.92,30.27,27.51,124614,362590000,1.02,3.53,9.55,13.30
2016-03-03,29.20,29.96,32.55,29.20,132940,412870000,0.04,0.13,11.20,14.18
2016-03-04,29.25,26.96,29.95,26.96,108874,304890000,-3.00,-10.01,9.98,11.62
2016-03-07,27.41,27.73,28.96,27.33,88966,249780000,0.77,2.86,6.05,9.49
2016-03-08,27.14,27.66,27.88,25.02,107332,284170000,-0.07,-0.25,10.31,11.45
2016-03-09,26.78,26.72,27.88,26.10,71756,193620000,-0.94,-3.40,6.44,7.66
2016-03-10,26.85,26.35,27.44,26.17,61158,163770000,-0.37,-1.38,4.75,6.53
2016-03-11,25.65,25.86,26.49,25.28,54358,140420000,-0.49,-1.86,4.59,5.80
2016-03-14,26.60,27.39,28.30,26.35,107195,294860000,1.53,5.92,7.54,11.44
2016-03-15,27.25,26.49,27.53,26.41,76550,205830000,-0.90,-3.29,4.09,8.17
2016-03-16,27.28,27.19,27.67,26.07,94727,256060000,0.70,2.64,6.04,10.11
2016-03-17,27.38,29.91,29.91,27.10,114471,327180000,2.72,10.00,10.33,12.21
2016-03-18,31.78,32.90,32.90,30.71,148648,470810000,2.99,10.00,7.32,15.86
2016-03-21,35.10,36.19,36.19,34.80,77208,274490000,3.29,10.00,4.22,8.24
2016-03-22,35.83,37.43,39.81,34.83,321381,1216460000,1.24,3.43,13.76,34.29
2016-03-23,38.18,41.17,41.17,38.18,277065,1111380000,3.74,9.99,7.99,29.56
2016-03-24,42.80,41.75,44.38,40.58,331857,1413210000,0.58,1.41,9.23,35.41
2016-03-25,40.60,41.39,42.17,39.60,200363,817590000,-0.36,-0.86,6.16,21.38
2016-03-28,41.10,39.92,42.30,39.50,152803,625470000,-1.47,-3.55,6.76,16.30
2016-03-29,39.54,42.70,43.91,38.71,287522,1208460000,2.78,6.96,13.03,30.68
2016-03-30,42.66,46.97,46.97,42.03,281433,1277820000,4.27,10.00,11.57,30.03
2016-03-31,49.53,45.80,50.50,45.62,314241,1517820000,-1.17,-2.49,10.39,33.53
2016-04-01,44.88,46.66,48.40,44.67,207326,967800000,0.86,1.88,8.14,22.12
2016-04-05,46.00,51.33,51.33,44.87,219074,1065860000,4.67,10.01,13.84,23.37
2016-04-06,52.13,51.34,52.99,50.10,234611,1209650000,0.01,0.02,5.63,25.03
2016-04-07,50.90,48.70,51.40,48.66,182452,908280000,-2.64,-5.14,5.34,19.47
2016-04-08,47.41,50.19,51.88,47.40,189152,946410000,1.49,3.06,9.20,20.18
2016-04-11,51.00,49.63,53.65,48.90,194486,990110000,-0.56,-1.12,9.46,20.75
2016-04-12,48.77,47.00,49.60,45.82,152956,724060000,-2.63,-5.30,7.62,16.32
2016-04-13,47.62,47.50,49.17,47.40,160885,775310000,0.50,1.06,3.77,17.17
2016-04-14,47.50,49.44,50.79,46.58,188088,918860000,1.94,4.08,8.86,20.07
2016-04-15,49.00,48.16,49.44,47.61,111503,540000000,-1.28,-2.59,3.70,11.90
2016-04-18,46.80,47.90,47.90,46.00,92528,433720000,-0.26,-0.54,3.95,9.87
2016-04-19,48.68,47.50,48.95,46.90,92776,442580000,-0.40,-0.84,4.28,9.90
2016-04-20,47.69,49.10,50.51,45.10,251074,1220640000,1.60,3.37,11.39,26.79
2016-04-21,47.77,44.19,48.40,44.19,171888,798060000,-4.91,-10.00,8.57,18.34
2016-04-22,41.79,43.57,44.95,41.72,102584,445490000,-0.62,-1.40,7.31,10.94
2016-04-25,43.88,42.07,43.90,41.76,71063,302250000,-1.50,-3.44,4.91,7.58
2016-04-26,42.50,43.96,43.96,42.05,92168,396480000,1.89,4.49,4.54,9.83
2016-04-27,43.16,42.50,43.70,42.45,84114,361890000,-1.46,-3.32,2.84,8.97
2016-04-28,42.37,45.70,46.70,42.05,179497,804370000,3.20,7.53,10.94,19.15
2016-04-29,44.89,44.37,45.42,44.20,109251,489000000,-1.33,-2.91,2.67,11.66
2016-05-03,44.20,46.01,47.48,44.16,146052,675080000,1.64,3.70,7.48,15.58
2016-05-04,45.50,46.00,47.47,45.12,131216,607860000,-0.01,-0.02,5.11,14.00
2016-05-05,45.51,45.86,46.67,45.20,93083,426780000,-0.14,-0.30,3.20,9.93
2016-05-06,45.92,44.90,48.89,44.66,161431,755420000,-0.96,-2.09,9.22,17.22
2016-05-09,43.50,41.27,43.84,40.41,125019,520750000,-3.63,-8.08,7.64,13.34
2016-05-10,40.85,41.10,41.88,40.31,61983,254700000,-0.17,-0.41,3.80,6.61
2016-05-11,41.68,39.35,41.86,39.35,65453,263710000,-1.75,-4.26,6.11,6.98
2016-05-12,38.25,38.65,38.88,37.00,75694,288060000,-0.70,-1.78,4.78,8.08
2016-05-13,39.22,38.95,40.66,38.40,86659,343650000,0.30,0.78,5.85,9.25
2016-05-16,38.10,42.79,42.85,38.02,136584,563800000,3.84,9.86,12.40,14.57
2016-05-17,42.00,45.80,47.07,41.62,194700,862370000,3.01,7.03,12.74,20.77
2016-05-18,44.50,42.73,44.99,42.00,118144,513320000,-3.07,-6.70,6.53,12.60
2016-05-19,21.15,21.88,23.45,21.15,380178,859860000,0.53,2.48,10.77,20.28
2016-05-20,21.26,24.07,24.07,21.00,563995,1316330000,2.19,10.01,14.03,30.09
2016-05-23,24.81,26.48,26.48,24.00,566559,1418240000,2.41,10.01,10.30,30.22
2016-05-24,26.30,25.62,26.38,25.11,429188,1102640000,-0.86,-3.25,4.80,22.90
2016-05-25,26.10,25.18,27.00,24.76,471456,1230450000,-0.44,-1.72,8.74,25.15
2016-05-26,24.50,27.70,27.70,24.01,546284,1424540000,2.52,10.01,14.65,29.14
2016-05-27,27.98,26.90,28.41,26.88,531839,1470100000,-0.80,-2.89,5.52,28.37
2016-05-30,26.30,27.12,27.70,26.08,306432,827020000,0.22,0.82,6.02,16.35
2016-05-31,27.25,28.58,29.40,26.80,413354,1173560000,1.46,5.38,9.59,22.05
2016-06-01,28.23,28.63,30.00,28.10,468100,1349450000,0.05,0.17,6.65,24.97
2016-06-02,28.05,28.40,29.33,27.92,305185,870260000,-0.23,-0.80,4.92,16.28
2016-06-03,28.06,28.90,30.43,28.06,457809,1332280000,0.50,1.76,8.35,24.42
2016-06-06,28.80,28.24,29.09,28.00,283133,803180000,-0.66,-2.28,3.77,15.10
2016-06-07,28.11,28.80,29.30,28.02,285033,813820000,0.56,1.98,4.53,15.21
2016-06-08,28.56,28.00,28.70,28.00,213334,602740000,-0.80,-2.78,2.43,11.38
2016-06-13,27.06,25.20,27.97,25.20,261342,691090000,-2.80,-10.00,9.89,13.94
2016-06-14,24.51,25.16,25.60,24.51,164114,411690000,-0.04,-0.16,4.33,8.75
2016-06-15,24.65,26.44,27.20,24.65,254127,669410000,1.28,5.09,10.14,13.56
2016-06-16,26.23,26.30,26.70,25.87,180394,472270000,-0.14,-0.53,3.14,9.62
2016-06-17,26.80,28.93,28.93,26.80,311842,888990000,2.63,10.00,8.10,16.64
2016-06-20,29.50,29.34,29.89,27.60,496604,1434200000,0.41,1.42,7.92,26.49
2016-06-21,29.15,29.46,30.80,28.20,407916,1203900000,0.12,0.41,8.86,21.76
2016-06-22,29.01,30.32,30.98,28.90,436436,1319810000,0.86,2.92,7.06,23.28
2016-06-23,29.95,29.07,30.38,28.81,291511,858540000,-1.25,-4.12,5.18,15.55
2016-06-24,29.00,28.65,29.64,26.80,272331,782530000,-0.42,-1.44,9.77,14.53
2016-06-27,28.00,29.21,29.30,28.00,228594,659330000,0.56,1.95,4.54,12.19
2016-06-28,29.00,29.17,29.50,28.35,238720,691430000,-0.04,-0.14,3.94,12.73
2016-06-29,29.17,28.67,29.50,28.21,207404,597270000,-0.50,-1.71,4.42,11.06
2016-06-30,28.68,29.46,30.67,28.68,322263,962700000,0.79,2.76,6.94,17.19
2016-07-01,29.50,29.00,30.20,28.73,224624,655750000,-0.46,-1.56,4.99,11.98
2016-07-04,28.50,29.25,30.20,28.30,210702,617400000,0.25,0.86,6.55,11.24
2016-07-05,29.19,29.35,29.42,28.80,185992,540770000,0.10,0.34,2.12,9.92
2016-07-06,29.20,30.88,31.98,29.03,428960,1308330000,1.53,5.21,10.05,22.88
2016-07-07,30.60,30.01,30.60,29.51,276258,829400000,-0.87,-2.82,3.53,14.74
2016-07-08,29.90,29.66,30.29,29.56,159682,476560000,-0.35,-1.17,2.43,8.52
2016-07-11,29.12,28.90,29.64,28.80,155662,454050000,-0.76,-2.56,2.83,8.30
2016-07-12,29.09,28.94,29.47,27.30,193538,553990000,0.04,0.14,7.51,10.32
2016-07-13,28.72,29.04,29.48,28.53,150392,436210000,0.10,0.35,3.28,8.02
2016-07-14,29.00,29.00,29.25,28.60,113045,325350000,-0.04,-0.14,2.24,6.03
2016-07-15,28.54,28.13,28.90,28.00,156373,443190000,-0.87,-3.00,3.10,8.34
2016-07-18,27.88,27.38,27.88,27.31,108304,298370000,-0.75,-2.67,2.03,5.78
2016-07-19,27.72,28.10,28.50,27.72,134522,378950000,0.72,2.63,2.85,7.18
2016-07-20,28.30,27.77,28.36,27.61,87341,243860000,-0.33,-1.17,2.67,4.66
2016-07-21,27.78,27.58,28.08,27.52,87366,242430000,-0.19,-0.68,2.02,4.66
2016-07-22,27.56,27.42,27.82,27.34,74028,203660000,-0.16,-0.58,1.74,3.95
2016-07-25,27.40,27.76,28.11,27.32,93361,259430000,0.34,1.24,2.88,4.98
2016-07-26,27.90,28.16,28.47,27.81,103920,292660000,0.40,1.44,2.38,5.54
2016-07-27,27.97,25.80,28.14,25.50,152475,408150000,-2.36,-8.38,9.38,8.13
2016-07-28,26.06,25.16,26.25,24.08,111379,281500000,-0.64,-2.48,8.41,5.94
2016-07-29,25.17,24.65,25.39,24.40,75017,185820000,-0.51,-2.03,3.93,4.00
2016-08-01,24.66,24.68,24.89,23.56,96388,232850000,0.03,0.12,5.40,5.14
2016-08-02,24.50,24.74,24.80,24.39,65798,162120000,0.06,0.24,1.66,3.51
2016-08-03,24.70,24.58,24.75,24.33,57442,141000000,-0.16,-0.65,1.70,3.06
2016-08-04,24.58,25.21,25.76,24.43,120192,304810000,0.63,2.56,5.41,6.41
2016-08-05,24.90,24.81,25.70,24.68,96694,243270000,-0.40,-1.59,4.05,5.16
2016-08-08,24.40,24.81,24.81,24.01,71855,175200000,0.00,0.00,3.22,3.83
2016-08-09,24.59,25.00,25.13,24.59,73196,182190000,0.19,0.77,2.18,3.90
2016-08-10,25.02,25.00,25.47,24.89,82780,207980000,0.00,0.00,2.32,4.42
2016-08-11,24.70,24.81,25.30,24.70,94684,237320000,-0.19,-0.76,2.40,5.05
2016-08-12,24.60,24.69,24.91,24.15,83321,204340000,-0.12,-0.48,3.06,4.44
2016-08-15,24.70,26.27,27.00,24.52,214058,558470000,1.58,6.40,10.04,11.42
2016-08-16,26.00,26.11,26.49,25.80,134871,351980000,-0.16,-0.61,2.63,7.19
2016-08-17,26.13,25.85,26.55,25.80,101595,265300000,-0.26,-1.00,2.87,5.42
2016-08-18,25.60,25.35,25.78,25.30,105069,267160000,-0.50,-1.93,1.86,5.61
2016-08-19,25.31,25.50,26.30,25.11,103832,267400000,0.15,0.59,4.69,5.54
2016-08-22,25.18,24.80,25.98,24.76,78146,197430000,-0.70,-2.75,4.78,4.17
2016-08-23,24.52,24.80,24.95,24.45,55808,137730000,0.00,0.00,2.02,2.98
2016-08-24,24.80,24.84,24.98,24.65,52711,130850000,0.04,0.16,1.33,2.81
2016-08-25,24.60,24.42,24.60,24.10,65265,158680000,-0.42,-1.69,2.01,3.48
2016-08-26,24.62,24.35,24.70,24.22,52403,128410000,-0.07,-0.29,1.97,2.80
2016-08-29,24.57,24.20,24.57,24.13,45524,110760000,-0.15,-0.62,1.81,2.43
2016-08-30,24.41,24.47,24.87,24.35,57255,140650000,0.27,1.12,2.15,3.05
2016-08-31,24.48,24.37,24.55,24.02,48657,117830000,-0.10,-0.41,2.17,2.60
2016-09-01,24.32,24.12,24.56,24.10,45879,111520000,-0.25,-1.03,1.89,2.45
2016-09-02,24.05,23.81,24.39,23.61,48112,115410000,-0.31,-1.29,3.23,2.57
2016-09-05,24.02,23.87,24.23,23.81,43358,104340000,0.06,0.25,1.76,2.31
2016-09-06,24.00,24.91,25.79,23.14,167267,412420000,1.04,4.36,11.10,8.92
2016-09-07,24.57,24.29,24.82,24.25,92633,227710000,-0.62,-2.49,2.29,4.94
2016-09-08,24.49,25.30,26.50,24.30,197169,502880000,1.01,4.16,9.06,10.52
2016-09-09,25.00,25.05,25.14,24.66,103381,257110000,-0.25,-0.99,1.90,5.51
2016-09-12,24.45,23.61,24.73,23.60,98157,236590000,-1.44,-5.75,4.51,5.24
2016-09-13,23.84,23.70,23.98,23.60,53264,126480000,0.09,0.38,1.61,2.84
2016-09-14,23.70,24.09,24.71,23.51,93695,227220000,0.39,1.65,5.06,5.00
2016-09-19,24.02,24.10,24.42,23.79,57411,138300000,0.01,0.04,2.62,3.06
2016-09-20,23.91,23.81,24.08,23.72,42076,100320000,-0.29,-1.20,1.49,2.24
2016-09-21,23.91,24.00,24.29,23.82,46168,111070000,0.19,0.80,1.97,2.46
2016-09-22,24.23,23.95,24.35,23.95,51754,124650000,-0.05,-0.21,1.67,2.76
2016-09-23,23.90,23.53,24.13,23.50,57850,137360000,-0.42,-1.75,2.63,3.09
2016-09-26,23.54,23.29,24.12,23.00,71583,168890000,-0.24,-1.02,4.76,3.82
2016-09-27,23.05,23.55,23.70,23.02,56891,132450000,0.26,1.12,2.92,3.03
2016-09-28,23.45,23.19,23.49,23.10,33323,77610000,-0.36,-1.53,1.66,1.78
2016-09-29,23.38,23.11,23.54,23.08,42876,99960000,-0.08,-0.35,1.98,2.29
2016-09-30,23.20,23.24,23.27,23.09,33436,77400000,0.13,0.56,0.78,1.78
2016-10-10,23.34,23.85,24.08,23.34,73120,173810000,0.61,2.62,3.18,3.90
2016-10-11,23.88,23.69,23.89,23.50,58419,138100000,-0.16,-0.67,1.64,3.12
2016-10-12,23.53,23.53,23.75,23.42,44631,105100000,-0.16,-0.68,1.39,2.38
2016-10-13,23.59,23.98,24.50,23.40,116870,280680000,0.45,1.91,4.67,6.23
2016-10-14,23.60,23.74,23.83,23.53,59779,141340000,-0.24,-1.00,1.25,3.19
2016-10-17,23.79,23.32,23.85,23.21,48940,115290000,-0.42,-1.77,2.70,2.61
2016-10-18,23.25,23.71,23.99,23.25,68580,162350000,0.39,1.67,3.17,3.66
2016-10-19,23.70,23.63,23.98,23.50,60145,142430000,-0.08,-0.34,2.02,3.21
2016-10-20,23.70,25.00,25.46,23.60,247103,605610000,1.37,5.80,7.87,13.18
2016-10-21,24.60,24.20,24.67,23.96,145959,353730000,-0.80,-3.20,2.84,7.79
2016-10-24,24.20,24.22,24.54,23.88,96300,233220000,0.02,0.08,2.73,5.14
2016-10-25,24.23,24.32,24.88,24.05,101916,249180000,0.10,0.41,3.43,5.44
2016-10-26,24.24,24.83,24.97,23.97,160361,393540000,0.51,2.10,4.11,8.55
2016-10-27,24.73,26.05,27.31,24.50,421436,1114770000,1.22,4.91,11.32,22.48
2016-10-28,25.42,26.75,27.31,25.00,381662,1006830000,0.70,2.69,8.87,20.36
2016-10-31,26.30,26.49,26.69,25.86,184633,484290000,-0.26,-0.97,3.10,9.85
2016-11-01,26.75,26.79,26.95,26.13,198688,526070000,0.30,1.13,3.10,10.60
2016-11-02,26.59,25.84,26.59,25.80,180298,471340000,-0.95,-3.55,2.95,9.62
2016-11-03,25.45,25.36,26.18,25.00,177989,453240000,-0.48,-1.86,4.57,9.49
2016-11-04,25.58,25.45,26.22,25.34,123197,316970000,0.09,0.35,3.47,6.57
2016-11-07,25.48,25.28,25.95,25.20,89971,229540000,-0.17,-0.67,2.95,4.80
2016-11-08,25.59,26.26,26.62,25.34,211385,550680000,0.98,3.88,5.06,11.28
2016-11-09,26.15,25.12,26.16,24.51,188343,477950000,-1.14,-4.34,6.28,10.05
2016-11-10,25.40,25.30,25.60,25.14,102688,260200000,0.18,0.72,1.83,5.48
2016-11-11,25.20,26.05,26.34,25.03,167665,429760000,0.75,2.96,5.18,8.94
2016-11-14,26.70,27.86,28.66,26.20,525813,1481010000,1.81,6.95,9.44,28.05
2016-11-15,27.59,27.88,28.49,27.12,362244,1008420000,0.02,0.07,4.92,19.32
2016-11-16,27.88,26.60,28.30,26.59,289688,791470000,-1.28,-4.59,6.13,15.45
2016-11-17,26.10,25.86,26.30,25.70,150119,389300000,-0.74,-2.78,2.26,8.01
2016-11-18,25.76,25.64,26.47,25.56,114132,296830000,-0.22,-0.85,3.52,6.09
2016-11-21,25.57,25.85,25.97,25.50,80709,207300000,0.21,0.82,1.83,4.31
2016-11-22,25.73,26.62,26.98,25.40,182420,477390000,0.77,2.98,6.11,9.73
2016-11-23,26.63,26.97,28.12,26.40,334193,909770000,0.35,1.31,6.46,17.49
2016-11-24,26.78,26.32,26.87,25.76,169206,445130000,-0.65,-2.41,4.12,8.86
2016-11-25,26.05,26.70,26.86,25.50,151525,399730000,0.38,1.44,5.17,7.93
2016-11-28,26.71,26.21,26.88,26.18,106148,281360000,-0.49,-1.84,2.62,5.56
2016-11-29,26.00,25.88,26.55,25.67,111370,289940000,-0.33,-1.26,3.36,5.83
2016-11-30,25.78,26.39,27.00,25.61,150778,399070000,0.51,1.97,5.37,7.89
2016-12-01,26.05,26.24,26.40,26.01,89434,233770000,-0.15,-0.57,1.48,4.68
2016-12-02,26.30,26.33,27.50,26.16,199107,532070000,0.09,0.34,5.11,10.42
2016-12-05,25.50,25.50,26.32,25.40,111817,287870000,-0.83,-3.15,3.49,5.85
2016-12-06,25.59,24.86,25.93,24.82,113902,287400000,-0.64,-2.51,4.35,5.96
2016-12-07,24.90,25.05,25.15,24.77,68075,169810000,0.19,0.76,1.53,3.56
2016-12-08,25.12,24.26,25.24,24.24,106085,260390000,-0.79,-3.15,3.99,5.55
2016-12-09,24.10,23.91,24.38,23.78,69728,167610000,-0.35,-1.44,2.47,3.65
2016-12-12,23.78,21.60,23.93,21.52,123569,280370000,-2.31,-9.66,10.08,6.47
2016-12-13,21.60,21.57,21.94,21.20,66924,144720000,-0.03,-0.14,3.43,3.50
2016-12-14,21.68,21.70,22.14,21.60,70285,153740000,0.13,0.60,2.50,3.68
2016-12-15,21.67,22.04,22.49,21.67,66740,147830000,0.34,1.57,3.78,3.49
2016-12-16,22.04,22.70,23.50,21.80,100982,230050000,0.66,2.99,7.71,5.29
2016-12-19,22.30,22.11,22.65,21.82,57637,128110000,-0.59,-2.60,3.66,3.02
2016-12-20,22.25,22.29,22.46,22.01,37527,83400000,0.18,0.81,2.04,1.96
2016-12-21,22.51,22.33,22.60,22.10,42786,95390000,0.04,0.18,2.24,2.24
2016-12-22,22.33,22.18,22.50,22.05,33667,74810000,-0.15,-0.67,2.02,1.76
2016-12-23,22.18,21.62,22.33,21.50,44013,96270000,-0.56,-2.52,3.74,2.30
2016-12-26,21.55,21.50,21.57,20.80,45089,95460000,-0.12,-0.56,3.56,2.36
2016-12-27,21.60,21.72,21.99,21.40,57237,124610000,0.22,1.02,2.74,3.00
2016-12-28,21.88,21.80,22.10,21.70,37925,82900000,0.08,0.37,1.84,1.98
2016-12-29,21.70,21.81,22.28,21.70,36876,81120000,0.01,0.05,2.66,1.93
2016-12-30,21.70,21.82,21.96,21.62,26272,57280000,0.01,0.05,1.56,1.38
2017-01-03,22.05,21.98,22.14,21.79,28432,62350000,0.16,0.73,1.60,1.49
2017-01-04,21.86,22.22,22.27,21.81,56658,125260000,0.24,1.09,2.09,2.97
2017-01-05,22.10,21.87,22.18,21.83,47213,103800000,-0.35,-1.58,1.58,2.47
2017-01-06,22.00,21.11,22.00,21.06,55484,118760000,-0.76,-3.48,4.30,2.90
2017-01-09,20.98,21.14,21.28,20.92,27370,57850000,0.03,0.14,1.71,1.43
2017-01-10,21.22,20.98,21.40,20.96,30306,64110000,-0.16,-0.76,2.08,1.59
2017-01-11,20.85,20.59,21.13,20.21,43987,91150000,-0.39,-1.86,4.39,2.30
2017-01-12,20.67,20.30,20.77,20.25,34163,70250000,-0.29,-1.41,2.53,1.79
2017-01-13,20.48,19.30,20.66,19.11,57332,114570000,-1.00,-4.93,7.64,3.00
2017-01-16,19.25,17.80,19.30,17.37,76185,138400000,-1.50,-7.77,10.00,3.99
2017-01-17,17.76,18.32,18.53,17.03,66317,118820000,0.52,2.92,8.43,3.47
2017-01-18,18.05,18.07,18.75,17.51,54428,98650000,-0.25,-1.36,6.77,2.85
2017-01-19,17.68,17.72,18.08,17.61,33375,59430000,-0.35,-1.94,2.60,1.75
2017-01-20,17.77,18.07,18.70,17.58,65943,120110000,0.35,1.98,6.32,3.45
2017-01-23,18.02,18.30,18.50,17.69,51650,93890000,0.23,1.27,4.48,2.70
2017-01-24,18.00,17.83,18.35,17.80,39008,70290000,-0.47,-2.57,3.01,2.04
2017-01-25,17.80,18.02,18.23,17.71,33082,59790000,0.19,1.07,2.92,1.28
2017-01-26,18.08,18.39,18.44,18.02,37292,68260000,0.37,2.05,2.33,1.45
2017-02-03,18.50,18.18,18.57,18.10,30336,55450000,-0.21,-1.14,2.56,1.18
2017-02-06,18.25,18.45,18.55,18.17,33861,62180000,0.27,1.49,2.09,1.31
2017-02-07,18.53,18.29,18.53,18.13,31936,58379200,-0.16,-0.87,2.168,1.52
2017-02-08,18.19,18.63,18.64,18.19,56925,105182800,0.34,1.86,2.46,2.71
2017-02-09,18.69,18.74,18.82,18.44,67108,124912600,0.11,0.59,2.04,3.20
2017-02-10,18.82,18.58,19.11,18.52,64351,120765700,-0.16,-0.85,3.148,3.07
2017-02-13,18.57,18.46,18.99,18.05,73049,135305700,-0.12,-0.65,5.059,3.48
2017-02-14,18.42,19.01,19.66,18.35,136649,259690300,0.55,2.98,7.096,6.51
2017-02-15,18.73,18.54,19.00,18.44,83443,156131100,-0.47,-2.47,2.946,3.97
2017-02-16,18.63,18.55,18.66,18.41,35531,65877000,0.01,0.05,1.348,1.69
2017-02-17,18.60,18.50,19.15,18.41,65643,122898800,-0.05,-0.27,3.989,3.13
2017-02-20,18.55,18.49,18.56,18.05,49584,90867000,-0.01,-0.05,2.757,2.36
2017-02-21,18.50,18.68,19.10,18.40,81269,152571100,0.19,1.03,3.79,3.87
2017-02-22,18.56,18.73,18.86,18.40,60359,112172100,0.05,0.27,2.46,2.88
2017-02-23,18.77,18.88,18.95,18.49,78876,147911100,0.15,0.80,2.46,3.76
2017-02-24,18.90,18.94,19.36,18.76,90292,172154900,0.06,0.32,3.18,4.30
2017-02-27,18.87,18.76,19.14,18.73,63575,120388700,-0.18,-0.95,2.17,3.03
2017-02-28,18.73,18.75,18.94,18.55,46158,86171200,-0.01,-0.05,2.08,2.20
2017-03-01,18.83,18.95,19.36,18.66,82334,156308800,0.20,1.07,3.73,3.92
2017-03-02,19.00,18.61,19.05,18.60,54430,102005700,-0.34,-1.79,2.38,2.59
2017-03-03,18.62,18.54,18.76,18.30,42241,78212600,-0.07,-0.38,2.47,2.01
2017-03-06,18.63,18.93,18.98,18.58,62396,117545100,0.39,2.10,2.16,2.97
2017-03-07,18.93,19.07,19.17,18.76,66592,126355300,0.14,0.74,2.17,3.17
2017-03-08,19.22,18.79,19.22,18.68,51259,96803800,-0.28,-1.47,2.83,2.44
2017-03-09,18.74,18.81,19.03,18.65,47580,89722700,0.02,0.11,2.02,2.27
2017-03-10,18.72,18.62,18.94,18.59,42905,80283600,-0.19,-1.01,1.86,2.04
2017-03-13,18.42,18.44,18.54,18.15,48260,88656800,-0.18,-0.97,2.10,2.30
2017-03-14,18.50,18.32,18.57,18.32,35457,65256800,-0.12,-0.65,1.36,1.69
2017-03-15,18.32,18.31,18.43,18.16,33871,62006600,-0.01,-0.05,1.47,1.61
2017-03-16,18.30,18.38,18.45,18.28,39294,72200770,0.07,0.38,0.93,1.86
2017-03-17,18.36,18.41,18.85,18.33,68032,126467698,0.03,0.16,2.83,3.22
2017-03-20,18.31,18.31,18.43,18.15,36191,66176394,-0.10,-0.54,1.52,1.71
2017-03-21,18.32,18.38,18.47,18.21,31323,57442927,0.07,0.38,1.42,1.48
2017-03-22,18.24,17.76,18.25,17.75,61982,111313376,-0.62,-3.37,2.72,2.94
2017-03-23,17.86,17.54,17.87,17.28,49394,86792760,-0.22,-1.24,3.32,2.34
2017-03-24,17.50,17.69,17.69,17.29,51909,90594575,0.15,0.86,2.28,2.46
2017-03-27,17.73,18.01,18.24,17.73,76985,138727376,0.32,1.81,2.88,3.65
2017-03-28,17.84,17.67,17.97,17.67,37097,66100715,-0.34,-1.89,1.67,1.76
2017-03-29,17.76,17.38,17.76,17.33,35591,62203983,-0.29,-1.64,2.43,1.69
2017-03-30,17.30,16.50,17.51,16.46,51606,87098907,-0.88,-5.06,6.04,2.44
2017-03-31,16.35,16.44,16.81,16.26,32619,53926459,-0.06,-0.36,3.33,1.54
2017-04-05,17.84,18.08,18.08,16.99,168760,302265839,1.64,9.98,6.63,7.99
2017-04-06,18.91,17.66,18.92,17.65,158963,288438392,-0.42,-2.32,7.02,7.53
2017-04-07,17.64,17.50,17.85,17.08,105547,184331602,-0.16,-0.91,4.36,5.00
2017-04-10,17.30,18.66,18.88,17.10,227444,416922688,1.16,6.63,10.17,10.77
2017-04-11,18.40,19.86,20.53,18.26,340676,672676168,1.20,6.43,12.17,16.13
2017-04-12,19.40,18.10,19.40,18.05,178619,336575012,-1.76,-8.86,6.80,8.46
2017-04-13,18.10,19.24,19.75,18.10,220069,420615207,1.14,6.30,9.12,10.42
2017-04-14,20.50,19.29,20.60,19.27,301128,600122902,0.05,0.26,6.91,14.26
2017-04-17,18.30,18.20,18.66,17.36,152821,276878715,-1.09,-5.65,6.74,7.24
2017-04-18,18.30,17.92,18.64,17.62,119912,218711747,-0.28,-1.54,5.60,5.68
2017-04-19,17.81,17.09,17.94,16.85,116907,200787431,-0.83,-4.63,6.08,5.54
2017-04-20,17.12,17.35,18.00,16.72,112887,194485164,0.26,1.52,7.49,5.34
2017-04-21,17.05,16.53,17.26,16.44,87741,147399516,-0.82,-4.73,4.73,4.15
2017-04-24,16.30,14.89,16.50,14.88,105241,161931307,-1.64,-9.92,9.80,4.98
2017-04-25,15.00,15.04,15.50,14.81,67903,103301555,0.15,1.01,4.63,2.68
2017-04-26,15.04,15.35,15.46,14.91,71930,109308016,0.31,2.06,3.66,2.84
2017-04-27,15.26,15.29,15.45,14.68,82158,123891190,-0.06,-0.39,5.02,3.24
2017-04-28,15.28,15.43,15.68,15.17,55421,85785714,0.14,0.92,3.34,2.19
2017-05-02,15.70,15.75,16.10,15.65,79246,125479297,0.32,2.07,2.92,3.13
2017-05-03,15.58,15.49,15.71,15.21,69359,107053556,-0.26,-1.65,3.17,2.74
2017-05-04,15.31,15.92,16.46,15.18,134419,215170298,0.43,2.78,8.26,5.30
2017-05-05,15.51,15.80,16.28,15.51,83670,133269547,-0.12,-0.75,4.84,3.30
2017-05-08,15.68,15.35,16.18,15.28,77688,123087797,-0.45,-2.85,5.70,3.06
2017-05-09,15.10,15.21,15.48,15.01,61586,93648238,-0.14,-0.91,3.06,2.43
2017-05-10,15.39,14.60,15.48,14.60,67371,100988720,-0.61,-4.01,5.79,2.66
2017-05-11,14.48,14.20,14.68,13.50,63065,89299409,-0.40,-2.74,8.08,2.49
2017-05-12,14.17,14.21,14.51,14.01,43457,62002072,0.01,0.07,3.52,1.71
2017-05-15,14.32,14.18,14.49,14.06,35128,49969023,-0.03,-0.21,3.03,1.39
2017-05-16,14.18,14.98,14.98,13.80,83224,120327939,0.80,5.64,8.32,3.28
2017-05-17,14.88,15.60,16.48,14.82,169626,267763257,0.62,4.14,11.08,6.69
2017-05-18,15.29,15.35,15.58,15.11,92299,141423086,-0.25,-1.60,3.01,3.64
2017-05-19,15.15,15.60,15.78,15.15,77186,119318548,0.27,1.76,4.11,3.04
2017-05-22,15.48,15.04,15.79,15.02,59979,91865309,-0.56,-3.59,4.94,2.37
2017-05-23,15.00,14.10,15.09,14.04,65277,94240457,-0.94,-6.25,6.98,2.58
2017-05-24,14.10,14.50,14.50,13.77,51947,73627095,0.40,2.84,5.18,2.05
2017-05-25,14.50,14.45,14.70,13.91,56198,80823316,-0.05,-0.34,5.45,2.22
2017-05-26,14.43,14.78,14.94,14.33,73807,108847540,0.33,2.28,4.22,2.91
2017-05-31,14.89,15.06,15.66,14.70,99592,151433824,0.28,1.89,6.50,3.93
2017-06-01,15.02,14.13,15.02,14.13,72634,105271585,-0.93,-6.18,5.91,2.87
2017-06-02,14.03,14.70,14.87,13.92,57965,83767404,0.57,4.03,6.72,2.29
2017-06-05,14.74,14.85,15.20,14.69,66496,99489039,0.15,1.02,3.47,2.62
2017-06-06,14.69,15.02,15.10,14.51,58809,87205055,0.17,1.14,3.97,2.32
2017-06-07,14.95,15.28,15.35,14.91,92665,140572659,0.26,1.73,2.93,3.65
2017-06-08,15.21,15.22,15.99,15.06,112702,174054002,-0.06,-0.39,6.09,4.45
2017-06-09,15.12,15.07,15.28,14.81,70010,105270302,-0.15,-0.99,3.09,2.76
2017-06-12,14.90,14.63,15.13,14.59,50123,74546694,-0.44,-2.92,3.58,1.98
2017-06-13,14.60,14.92,15.05,14.50,43707,64984741,0.29,1.98,3.76,1.72
2017-06-14,14.93,15.00,15.14,14.76,53811,80626096,0.08,0.54,2.55,2.12
2017-06-15,14.98,15.29,15.46,14.89,86266,131789699,0.29,1.93,3.80,3.40
2017-06-16,15.40,15.30,15.42,15.13,66021,100916645,0.01,0.07,1.90,2.63
