日期,开盘,收盘,最高,最低,交易量(手),交易金额(元),涨跌额,涨跌幅(%),振幅(%),换手率(%)
2015-06-11,13.39,14.60,14.60,13.39,38,60000,4.46,43.98,11.93,0.02
2015-06-12,16.06,16.06,16.06,16.06,11,20000,1.46,10.00,0.00,0.01
2015-06-15,17.67,17.67,17.67,17.67,11,20000,1.61,10.02,0.00,0.01
2015-06-16,19.44,19.44,19.44,19.44,33,60000,1.77,10.02,0.00,0.02
2015-06-17,21.38,21.38,21.38,21.38,63,130000,1.94,9.98,0.00,0.04
2015-06-18,23.52,23.52,23.52,23.52,10,20000,2.14,10.01,0.00,0.01
2015-06-19,25.87,25.87,25.87,25.87,126,330000,2.35,9.99,0.00,0.08
2015-06-23,28.46,28.46,28.46,28.46,28,80000,2.59,10.01,0.00,0.02
2015-06-24,31.31,31.31,31.31,31.31,41,130000,2.85,10.01,0.00,0.02
2015-06-25,34.44,34.44,34.44,34.44,27,90000,3.13,10.00,0.00,0.02
2015-06-26,37.88,37.88,37.88,37.88,1027,3890000,3.44,9.99,0.00,0.62
2015-06-29,41.67,41.67,41.67,41.67,3568,14870000,3.79,10.01,0.00,2.14
2015-06-30,45.84,45.84,45.84,45.84,1559,7140000,4.17,10.01,0.00,0.93
2015-07-01,50.42,50.42,50.42,50.42,440,2220000,4.58,9.99,0.00,0.26
2015-07-02,55.46,55.46,55.46,55.46,1464,8120000,5.04,10.00,0.00,0.88
2015-07-03,61.01,58.60,61.01,50.88,114023,649780000,3.14,5.66,18.27,68.28
2015-07-06,64.46,52.74,64.46,52.74,68056,403990000,-5.86,-10.00,20.00,40.75
2015-07-07,47.47,47.47,47.47,47.47,1950,9260000,-5.27,-9.99,0.00,1.17
2015-07-08,42.72,42.72,42.99,42.72,58862,251480000,-4.75,-10.01,0.57,35.25
2015-07-09,41.58,46.99,46.99,41.58,12626,57150000,4.27,10.00,12.66,7.56
2015-07-10,51.69,51.69,51.69,51.69,1435,7410000,4.70,10.00,0.00,0.86
2015-07-13,56.86,56.86,56.86,55.00,9728,55280000,5.17,10.00,3.60,5.83
2015-07-14,61.00,62.55,62.55,59.13,28755,178210000,5.69,10.01,6.01,17.22
2015-07-15,63.00,56.30,63.00,56.30,23388,137970000,-6.25,-9.99,10.71,14.00
2015-07-16,50.67,55.08,60.47,50.67,30394,168610000,-1.22,-2.17,17.41,18.20
2015-07-17,55.00,58.80,60.48,54.33,21907,125540000,3.72,6.75,11.17,13.12
2015-07-20,58.50,59.95,62.00,56.00,23823,140180000,1.15,1.96,10.20,14.27
2015-07-21,57.99,65.95,65.95,57.00,24553,152400000,6.00,10.01,14.93,14.70
2015-07-22,68.20,72.55,72.55,66.00,27862,191980000,6.60,10.01,9.93,16.68
2015-07-23,71.60,79.81,79.81,69.00,26343,196430000,7.26,10.01,14.90,15.77
2015-07-24,80.00,82.90,87.49,78.50,39498,329740000,3.09,3.87,11.26,23.65
2015-07-27,79.00,74.61,82.88,74.61,26566,209160000,-8.29,-10.00,9.98,15.91
2015-07-28,67.25,67.15,76.89,67.15,29289,202320000,-7.46,-10.00,13.05,17.54
2015-07-29,69.81,71.70,71.90,61.56,31490,212260000,4.55,6.78,15.40,18.86
2015-07-30,69.98,68.65,76.18,67.65,32377,232050000,-3.05,-4.25,11.90,19.39
2015-07-31,64.01,66.29,70.99,64.01,25574,171990000,-2.36,-3.44,10.17,15.31
2015-08-03,64.93,59.66,65.88,59.66,20861,128950000,-6.63,-10.00,9.38,12.49
2015-08-04,60.27,65.47,65.47,59.46,19800,123170000,5.81,9.74,10.07,11.86
2015-08-05,64.00,66.75,69.36,63.30,22544,148130000,1.28,1.96,9.26,13.50
2015-08-06,64.00,63.00,65.78,61.93,15717,100650000,-3.75,-5.62,5.77,9.41
2015-08-07,63.36,69.30,69.30,63.36,20472,138100000,6.30,10.00,9.43,12.26
2015-08-10,71.88,72.21,76.10,70.75,24660,180500000,2.91,4.20,7.72,14.77
2015-08-11,71.30,73.89,77.24,71.30,27288,202180000,1.68,2.33,8.23,16.34
2015-08-12,73.00,70.40,76.00,70.40,17806,130640000,-3.49,-4.72,7.58,10.66
2015-08-13,70.11,73.66,74.60,69.91,16673,120720000,3.26,4.63,6.66,9.98
2015-08-14,73.68,71.85,74.30,70.58,15115,109430000,-1.81,-2.46,5.05,9.05
2015-08-17,70.42,67.78,71.38,66.20,12797,87030000,-4.07,-5.66,7.21,7.66
2015-08-18,68.18,61.01,70.27,61.00,14568,95220000,-6.77,-9.99,13.68,8.72
2015-08-19,59.07,61.95,62.00,56.12,12273,73470000,0.94,1.54,9.64,7.35
2015-08-20,61.23,60.66,64.32,60.16,7532,46850000,-1.29,-2.08,6.72,4.51
2015-08-21,58.50,56.12,60.00,55.76,8143,46950000,-4.54,-7.48,6.99,4.88
2015-08-25,50.51,50.51,54.09,50.51,12409,63380000,-5.61,-10.00,6.38,7.43
2015-08-26,49.44,49.50,54.93,48.26,16733,86010000,-1.01,-2.00,13.21,10.02
2015-08-27,51.50,50.16,53.48,45.86,11646,58000000,0.66,1.33,15.39,6.97
2015-08-28,51.01,52.66,52.95,49.28,11070,56500000,2.50,4.98,7.32,6.63
2015-08-31,52.33,47.39,52.33,47.39,9575,47780000,-5.27,-10.01,9.38,5.73
2015-09-01,46.40,42.65,46.40,42.65,8734,38310000,-4.74,-10.00,7.91,5.23
2015-09-02,39.50,39.15,44.44,39.03,8271,34140000,-3.50,-8.21,12.68,4.95
2015-09-07,40.14,42.43,43.07,40.14,11824,49750000,3.28,8.38,7.48,7.08
2015-09-08,42.00,45.88,45.98,41.77,10736,47140000,3.45,8.13,9.92,6.43
2015-09-09,46.20,48.00,49.50,45.66,13671,65160000,2.12,4.62,8.37,8.19
2015-09-10,46.66,46.90,48.55,46.65,6489,30890000,-1.10,-2.29,3.96,3.89
2015-09-11,47.01,48.83,49.44,47.01,8027,38960000,1.93,4.12,5.18,4.81
2015-09-14,49.02,43.95,49.50,43.95,10235,47370000,-4.88,-9.99,11.37,6.13
2015-09-15,41.01,43.00,46.82,41.01,7058,30900000,-0.95,-2.16,13.22,4.23
2015-09-16,43.94,47.30,47.30,43.18,9570,43350000,4.30,10.00,9.58,5.73
2015-09-17,47.14,47.56,50.21,46.11,13166,63300000,0.26,0.55,8.67,7.88
2015-09-18,47.58,51.31,52.12,47.08,14068,69900000,3.75,7.88,10.60,8.42
2015-09-21,50.19,53.00,53.38,49.69,19107,98690000,1.69,3.29,7.19,11.44
2015-09-22,53.00,51.50,53.46,51.01,14364,74910000,-1.50,-2.83,4.62,8.60
2015-09-23,50.20,51.90,52.79,49.88,13777,70770000,0.40,0.78,5.65,8.25
2015-09-24,51.75,53.55,56.50,51.75,16585,90380000,1.65,3.18,9.15,9.93
2015-09-25,53.00,49.99,53.90,49.30,10430,53410000,-3.56,-6.65,8.59,6.25
2015-09-28,50.16,54.78,54.98,49.40,11295,59250000,4.79,9.58,11.16,6.76
2015-09-29,53.90,52.99,54.70,52.07,9496,50730000,-1.79,-3.27,4.80,5.69
2015-09-30,53.50,51.05,53.80,50.00,14471,74150000,-1.94,-3.66,7.17,8.67
2015-10-08,53.90,56.00,56.16,52.88,19961,110270000,4.95,9.70,6.43,11.95
2015-10-09,56.27,57.98,58.59,54.32,18663,105370000,1.98,3.54,7.63,11.18
2015-10-12,58.50,58.40,62.55,58.00,38787,230570000,0.42,0.72,7.85,23.23
2015-10-13,57.80,60.37,60.70,57.80,22041,131280000,1.97,3.37,4.97,13.20
2015-10-14,59.50,63.79,65.00,58.58,21928,135220000,3.42,5.67,10.63,13.13
2015-10-15,64.66,70.17,70.17,63.00,19567,130720000,6.38,10.00,11.24,11.72
2015-10-16,74.25,70.28,74.28,67.88,23700,167470000,0.11,0.16,9.12,14.19
2015-10-19,74.10,77.31,77.31,73.21,27393,210120000,7.03,10.00,5.83,16.40
2015-10-20,77.93,80.50,85.00,74.00,45637,360450000,3.19,4.13,14.23,27.33
2015-10-21,78.30,77.16,84.48,72.99,42554,338070000,-3.34,-4.15,14.27,25.48
2015-10-22,77.08,84.88,84.88,77.08,39059,320600000,7.72,10.01,10.11,23.39
2015-10-23,87.30,93.37,93.37,85.40,36931,334720000,8.49,10.00,9.39,22.11
2015-10-26,96.60,90.78,102.10,88.22,41926,402290000,-2.59,-2.77,14.87,25.11
2015-10-27,88.02,99.86,99.86,87.51,27309,254390000,9.08,10.00,13.60,16.35
2015-10-28,100.19,94.21,104.44,92.91,29424,291160000,-5.65,-5.66,11.55,17.62
2015-10-29,94.53,92.99,98.70,90.06,25908,243600000,-1.22,-1.30,9.17,15.51
2015-10-30,91.99,95.81,100.97,90.52,28022,269470000,2.82,3.03,11.24,16.78
2015-11-02,91.95,100.00,105.39,90.52,38708,388620000,4.19,4.37,15.52,23.18
2015-11-03,100.00,99.20,102.77,97.50,18534,185030000,-0.80,-0.80,5.27,11.10
2015-11-04,99.28,108.50,109.12,99.28,33797,354870000,9.30,9.38,9.92,20.24
2015-11-05,108.00,112.90,117.20,107.00,30612,340720000,4.40,4.06,9.40,18.33
2015-11-06,113.70,124.19,124.19,111.80,26113,313940000,11.29,10.00,10.97,15.64
2015-11-09,127.00,136.61,136.61,125.20,16696,219800000,12.42,10.00,9.19,10.00
2015-11-10,142.00,150.27,150.27,136.60,44438,642900000,13.66,10.00,10.01,26.61
2015-11-11,150.99,152.61,159.90,144.04,45731,691280000,2.34,1.56,10.55,27.38
2015-11-12,150.20,167.87,167.87,147.05,41853,665910000,15.26,10.00,13.64,25.06
2015-11-13,167.13,151.08,167.13,151.08,42466,663990000,-16.79,-10.00,9.56,25.43
2015-11-16,146.00,150.00,157.37,143.00,40101,598260000,-1.08,-0.71,9.51,24.01
2015-11-17,152.00,159.00,165.00,146.02,58266,920870000,9.00,6.00,12.65,34.89
2015-11-18,154.00,143.10,154.78,143.10,51154,751050000,-15.90,-10.00,7.35,30.63
2015-11-19,145.10,149.31,152.80,143.00,36465,540020000,6.21,4.34,6.85,21.84
2015-11-20,151.00,146.20,156.50,145.00,37035,554970000,-3.11,-2.08,7.70,22.18
2015-11-23,140.02,131.58,142.09,131.58,44398,603650000,-14.62,-10.00,7.19,26.59
2015-11-24,134.01,139.80,140.49,132.67,38224,525140000,8.22,6.25,5.94,22.89
2015-11-25,140.00,143.31,149.79,135.60,41660,600560000,3.51,2.51,10.15,24.95
2015-11-26,139.01,137.88,146.90,136.68,30743,432080000,-5.43,-3.79,7.13,18.41
2015-11-27,139.50,141.80,151.00,138.36,36759,531740000,3.92,2.84,9.17,22.01
2015-11-30,145.00,155.98,155.98,141.00,42380,637710000,14.18,10.00,10.56,25.38
2015-12-01,160.36,142.00,160.88,140.38,46867,697810000,-13.98,-8.96,13.14,28.06
2015-12-02,137.00,130.00,137.80,127.80,31207,409350000,-12.00,-8.45,7.04,18.69
2015-12-03,131.01,132.84,135.59,127.01,24654,324030000,2.84,2.18,6.60,14.76
2015-12-04,132.89,130.00,136.83,128.50,21985,291840000,-2.84,-2.14,6.27,13.16
2015-12-07,130.80,131.58,132.96,126.40,17969,233220000,1.58,1.22,5.05,10.76
2015-12-08,131.00,135.00,137.00,129.21,27407,369720000,3.42,2.60,5.92,16.41
2015-12-09,132.03,125.99,133.97,122.86,27944,355540000,-9.01,-6.67,8.23,16.73
2015-12-10,123.10,124.76,129.00,123.10,16476,208350000,-1.23,-0.98,4.68,9.87
2015-12-11,124.85,126.74,132.97,124.85,21033,272150000,1.98,1.59,6.51,12.59
2015-12-14,121.01,127.25,127.65,120.40,17638,217340000,0.51,0.40,5.72,10.56
2015-12-15,126.50,128.95,133.00,126.06,14344,187340000,1.70,1.34,5.45,8.59
2015-12-16,130.20,131.20,134.37,130.11,14843,196530000,2.25,1.74,3.30,8.89
2015-12-17,134.50,134.47,137.73,132.46,18132,244050000,3.27,2.49,4.02,10.86
2015-12-18,134.77,130.60,137.97,129.36,19276,256150000,-3.87,-2.88,6.40,11.54
2015-12-21,130.70,130.40,132.50,126.00,12753,164610000,-0.20,-0.15,4.98,7.64
2015-12-22,130.60,142.18,143.44,130.48,30344,417340000,11.78,9.03,9.94,18.17
2015-12-23,142.19,135.16,142.19,134.50,23534,324320000,-7.02,-4.94,5.41,14.09
2015-12-24,132.06,138.31,140.20,129.01,20993,284530000,3.15,2.33,8.28,12.57
2015-12-25,137.00,133.92,139.95,131.01,18717,254780000,-4.39,-3.17,6.46,11.21
2015-12-28,133.91,127.35,135.00,127.19,16458,214660000,-6.57,-4.91,5.83,9.86
2015-12-29,127.35,126.42,128.13,121.96,12684,158160000,-0.93,-0.73,4.84,7.60
2015-12-30,126.58,126.96,129.30,125.00,7432,94470000,0.54,0.43,3.40,4.45
2015-12-31,126.96,122.81,129.20,122.50,11763,148230000,-4.15,-3.27,5.28,7.04
2016-01-04,120.45,110.53,121.99,110.53,11826,132950000,-12.28,-10.00,9.33,7.08
2016-01-05,99.70,107.71,111.80,99.70,23874,251180000,-2.82,-2.55,10.95,14.30
2016-01-06,106.98,116.85,117.25,106.10,20275,228070000,9.14,8.49,10.35,12.14
2016-01-07,113.01,105.19,114.04,105.17,4097,44690000,-11.66,-9.98,7.59,2.45
2016-01-08,109.00,109.30,112.16,101.10,16941,184010000,4.11,3.91,10.51,10.14
2016-01-11,104.50,98.37,108.00,98.37,15886,161260000,-10.93,-10.00,8.81,9.51
2016-01-12,95.00,97.58,102.00,94.20,12085,119510000,-0.79,-0.80,7.93,7.24
2016-01-13,100.00,87.82,100.00,87.82,18142,167870000,-9.76,-10.00,12.48,10.86
2016-01-14,82.62,92.50,96.11,81.00,23052,202640000,4.68,5.33,17.21,13.80
2016-01-15,91.00,84.85,92.38,84.00,16670,147250000,-7.65,-8.27,9.06,9.98
2016-01-18,80.90,88.20,91.70,80.90,18146,159340000,3.35,3.95,12.73,10.87
2016-01-19,87.60,94.19,95.80,86.03,17979,164330000,5.99,6.79,11.08,10.77
2016-01-20,93.00,93.34,96.99,92.00,12686,119510000,-0.85,-0.90,5.30,7.60
2016-01-21,91.20,97.00,102.67,91.10,25594,251890000,3.66,3.92,12.40,15.33
2016-01-22,99.00,99.00,100.88,94.49,17174,168600000,2.00,2.06,6.59,10.28
2016-01-25,100.50,97.20,101.19,96.01,11008,108260000,-1.80,-1.82,5.23,6.59
2016-01-26,95.28,87.48,96.50,87.48,11782,107450000,-9.72,-10.00,9.28,7.06
2016-01-27,87.60,85.68,88.48,80.20,12346,102790000,-1.80,-2.06,9.47,7.39
2016-01-28,82.90,77.30,85.35,77.11,10032,80870000,-8.38,-9.78,9.62,6.01
2016-01-29,76.00,78.82,81.50,72.96,21666,168540000,1.52,1.97,11.05,12.97
2016-02-01,78.10,72.00,78.50,70.94,23237,171370000,-6.82,-8.65,9.59,13.91
2016-02-02,72.72,76.70,79.00,72.20,19121,145550000,4.70,6.53,9.44,11.45
2016-02-03,75.00,77.50,78.60,73.30,14230,107290000,0.80,1.04,6.91,8.52
2016-02-04,80.00,85.25,85.25,79.84,7499,62980000,7.75,10.00,6.98,4.49
2016-02-05,93.78,93.78,93.78,93.78,5243,49170000,8.53,10.01,0.00,3.14
2016-02-15,93.00,93.02,96.98,85.74,31356,283900000,-0.76,-0.81,11.99,18.78
2016-02-16,91.74,100.08,102.32,91.70,29731,292650000,7.06,7.59,11.42,17.80
2016-02-17,98.00,100.10,102.50,96.48,21036,208920000,0.02,0.02,6.02,12.60
2016-02-18,101.97,98.66,102.11,98.00,16509,164330000,-1.44,-1.44,4.11,9.89
2016-02-19,98.90,95.72,99.00,95.70,14805,143890000,-2.94,-2.98,3.34,8.87
2016-02-22,98.00,99.47,103.97,98.00,20076,201670000,3.75,3.92,6.24,12.02
2016-02-23,98.00,96.33,100.00,94.56,14652,142330000,-3.14,-3.16,5.47,8.77
2016-02-24,96.00,91.10,96.00,86.80,21602,196580000,-5.23,-5.43,9.55,12.94
2016-02-25,89.00,81.99,90.94,81.99,15576,133330000,-9.11,-10.00,9.82,9.33
2016-02-26,83.50,82.60,85.50,81.00,13316,111040000,0.61,0.74,5.49,7.97
2016-02-29,79.00,74.34,80.00,74.34,12324,92520000,-8.26,-10.00,6.85,7.38
2016-03-01,70.85,76.62,78.15,68.95,16233,119880000,2.28,3.07,12.38,9.72
2016-03-02,75.10,81.05,82.08,75.04,17054,133540000,4.43,5.78,9.19,10.21
2016-03-03,80.03,79.88,85.98,79.62,17528,145100000,-1.17,-1.44,7.85,10.50
2016-03-04,79.06,72.00,79.99,71.89,17048,127650000,-7.88,-9.86,10.14,10.21
2016-03-07,73.03,79.20,79.20,73.02,9823,77200000,7.20,10.00,8.58,5.88
2016-03-08,80.01,87.12,87.12,78.80,36763,307340000,7.92,10.00,10.51,22.01
2016-03-09,87.12,88.68,95.00,85.64,45392,409850000,1.56,1.79,10.74,27.18
2016-03-10,87.51,86.70,91.00,83.51,31803,277040000,-1.98,-2.23,8.45,19.04
2016-03-11,84.79,95.37,95.37,83.01,35558,322010000,8.67,10.00,14.26,21.29
2016-03-14,99.60,104.91,104.91,98.02,21257,217860000,9.54,10.00,7.22,12.73
2016-03-15,112.00,105.18,114.00,105.02,52178,573090000,0.27,0.26,8.56,31.24
2016-03-16,108.98,109.85,114.49,101.02,48356,515990000,4.67,4.44,12.81,28.96
2016-03-17,107.00,116.37,119.27,106.00,45467,511440000,6.52,5.94,12.08,27.23
2016-03-18,114.80,115.99,122.26,113.01,42397,497130000,-0.38,-0.33,7.95,25.39
2016-03-21,115.00,123.80,127.51,113.55,41373,493310000,7.81,6.73,12.04,24.77
2016-03-22,120.08,119.87,124.68,118.12,27755,336250000,-3.93,-3.17,5.30,16.62
2016-03-23,121.07,130.00,131.86,120.00,32498,416500000,10.13,8.45,9.89,19.46
2016-03-24,126.99,126.00,133.44,124.00,25505,327300000,-4.00,-3.08,7.26,15.27
2016-03-25,125.00,126.04,128.50,120.55,19201,239360000,0.04,0.03,6.31,11.50
2016-03-28,127.18,126.29,131.85,125.00,16597,211780000,0.25,0.20,5.43,9.94
2016-03-29,127.55,115.40,128.20,115.00,28071,335100000,-10.89,-8.62,10.45,16.81
2016-03-30,111.26,121.10,126.00,109.01,43247,493730000,5.70,4.94,14.72,25.90
2016-03-31,119.00,117.15,121.15,116.64,27954,331910000,-3.95,-3.26,3.72,16.74
2016-04-01,117.00,113.80,117.15,112.00,19213,219060000,-3.35,-2.86,4.40,11.50
2016-04-05,115.00,122.00,125.00,115.00,27411,330760000,8.20,7.21,8.79,16.41
2016-04-06,121.48,119.05,122.99,117.88,20383,243710000,-2.95,-2.42,4.19,12.21
2016-04-07,120.60,120.01,129.00,120.00,30584,378910000,0.96,0.81,7.56,18.31
2016-04-08,117.00,114.80,117.00,112.00,25868,295710000,-5.21,-4.34,4.17,15.49
2016-04-11,117.00,115.20,119.31,114.95,17087,199750000,0.40,0.35,3.80,10.23
2016-04-12,114.00,111.58,114.55,110.00,16860,188390000,-3.62,-3.14,3.95,10.10
2016-04-13,111.58,116.63,119.74,111.58,23293,271860000,5.05,4.53,7.31,13.95
2016-04-14,117.65,117.89,120.00,115.19,14352,168130000,1.26,1.08,4.12,8.59
2016-04-15,120.00,119.32,123.92,117.91,18848,227080000,1.43,1.21,5.10,11.29
2016-04-18,116.80,115.00,116.80,111.00,13990,159940000,-4.32,-3.62,4.86,8.38
2016-04-19,116.38,114.15,116.99,112.20,12441,142320000,-0.85,-0.74,4.17,7.45
2016-04-20,114.50,105.88,115.25,103.20,22031,238610000,-8.27,-7.24,10.56,13.19
2016-04-21,105.49,102.33,108.45,102.00,14146,148770000,-3.55,-3.35,6.09,8.47
2016-04-22,98.50,103.52,103.97,98.50,14535,148090000,1.19,1.16,5.35,8.70
2016-04-25,101.80,101.00,103.52,99.31,10163,102560000,-2.52,-2.43,4.07,6.09
2016-04-26,100.99,103.26,103.51,100.25,11553,118160000,2.26,2.24,3.23,6.92
2016-04-27,103.88,101.25,103.99,101.12,8873,90940000,-2.01,-1.95,2.78,5.31
2016-04-28,101.88,109.00,109.00,101.28,18582,194660000,7.75,7.65,7.62,11.13
2016-04-29,107.86,111.17,114.00,106.23,21610,241890000,2.17,1.99,7.13,12.94
2016-05-03,112.90,117.83,118.29,111.00,17949,209230000,6.66,5.99,6.56,10.75
2016-05-04,117.48,115.95,119.98,115.20,15731,184080000,-1.88,-1.60,4.06,9.42
2016-05-05,115.80,121.46,122.59,115.20,21183,253760000,5.51,4.75,6.37,12.68
2016-05-06,120.07,112.80,121.60,112.34,21911,255090000,-8.66,-7.13,7.62,13.12
2016-05-09,111.00,104.76,111.00,103.99,15896,170090000,-8.04,-7.13,6.21,9.52
2016-05-10,104.75,107.99,109.50,104.75,15636,168330000,3.23,3.08,4.53,9.36
2016-05-11,109.17,105.30,110.80,105.07,12822,138710000,-2.69,-2.49,5.31,7.68
2016-05-12,100.13,104.52,104.56,96.09,14653,148070000,-0.78,-0.74,8.04,8.77
2016-05-13,103.90,102.20,106.54,100.54,11134,114930000,-2.32,-2.22,5.74,6.67
2016-05-16,102.97,107.79,107.80,102.90,14068,148260000,5.59,5.47,4.79,8.42
2016-05-17,109.00,108.01,111.99,105.33,15701,169490000,0.22,0.20,6.18,9.40
2016-05-18,105.98,103.86,106.80,101.70,11601,120850000,-4.15,-3.84,4.72,6.95
2016-05-19,104.10,106.89,109.56,104.09,17418,187970000,3.03,2.92,5.27,10.43
2016-05-20,104.20,116.83,117.50,104.20,22977,256080000,9.94,9.30,12.44,13.76
2016-05-23,117.50,117.00,118.49,114.88,16987,198500000,0.17,0.15,3.09,10.17
2016-05-24,116.05,117.80,120.26,114.91,16184,190360000,0.80,0.68,4.57,9.69
2016-05-25,119.80,118.65,126.80,115.70,21462,261250000,0.85,0.72,9.42,12.85
2016-05-26,117.05,122.18,123.56,114.80,18399,219640000,3.53,2.98,7.38,11.02
2016-05-27,124.94,117.65,126.39,117.02,18587,225940000,-4.33,-3.55,7.68,11.13
2016-05-30,114.70,114.81,117.54,113.58,9942,114730000,-2.84,-2.41,3.37,5.95
2016-05-31,115.82,124.50,125.50,115.60,17976,217500000,9.69,8.44,8.62,10.76
2016-06-01,124.00,125.17,126.88,123.10,16838,210330000,0.67,0.54,3.04,10.08
2016-06-02,125.00,125.50,125.79,122.60,16261,202450000,0.33,0.26,2.55,9.74
2016-06-03,124.00,124.80,130.00,121.10,23428,291920000,-0.70,-0.56,7.09,14.03
2016-06-06,123.30,123.00,126.40,121.87,13734,169740000,-1.80,-1.44,3.63,8.22
2016-06-07,123.07,130.06,133.00,121.30,19882,252680000,7.06,5.74,9.51,11.91
2016-06-08,128.90,125.30,129.40,125.30,13815,175450000,-4.76,-3.66,3.15,8.27
2016-06-13,118.00,112.77,121.54,112.77,20032,234470000,-12.53,-10.00,7.00,6.57
2016-06-14,113.40,112.12,114.50,110.51,12681,143090000,-0.65,-0.58,3.54,4.16
2016-06-15,111.00,113.80,117.00,109.50,25367,289580000,1.68,1.50,6.69,8.32
2016-06-16,112.61,111.10,113.80,110.08,16362,182790000,-2.70,-2.37,3.27,5.37
2016-06-17,110.50,109.60,113.60,107.50,18156,201620000,-1.50,-1.35,5.49,5.96
2016-06-20,112.10,112.78,114.80,110.11,15449,174500000,3.18,2.90,4.28,5.07
2016-06-21,113.49,108.91,114.45,107.12,16061,179730000,-3.87,-3.43,6.50,5.27
2016-06-22,109.98,112.01,112.01,107.89,10585,116260000,3.10,2.85,3.78,3.47
2016-06-23,111.99,110.89,113.30,108.80,12342,137080000,-1.12,-1.00,4.02,4.05
2016-06-24,111.29,108.08,111.29,102.00,16971,183670000,-2.81,-2.53,8.38,5.57
2016-06-27,106.68,114.55,116.00,106.68,19110,214600000,6.47,5.99,8.62,6.27
2016-06-28,112.11,115.00,116.74,112.01,20056,229390000,0.45,0.39,4.13,6.58
2016-06-29,115.15,115.20,118.00,114.02,16944,195800000,0.20,0.17,3.46,5.56
2016-06-30,114.10,126.72,126.72,114.10,36485,444720000,11.52,10.00,10.95,11.97
2016-07-01,128.00,123.00,128.05,122.80,22990,287530000,-3.72,-2.94,4.14,7.54
2016-07-04,124.90,124.00,128.68,123.00,24392,306570000,1.00,0.81,4.62,8.00
2016-07-05,125.00,122.40,125.00,122.35,19182,236640000,-1.60,-1.29,2.14,6.29
2016-07-06,122.00,122.81,125.60,121.00,11407,140980000,0.41,0.34,3.76,3.74
2016-07-07,124.41,120.79,124.45,120.00,13537,164620000,-2.02,-1.64,3.62,4.44
2016-07-08,120.45,120.00,122.80,120.00,10672,129200000,-0.79,-0.65,2.32,3.50
2016-07-11,119.67,113.74,120.96,112.00,21546,250000000,-6.26,-5.22,7.47,7.07
2016-07-12,112.50,115.20,115.20,110.01,13335,150870000,1.46,1.28,4.56,4.37
2016-07-13,115.00,118.50,120.07,115.00,14353,170190000,3.30,2.86,4.40,4.71
2016-07-14,117.00,117.00,117.98,115.73,12151,141600000,-1.50,-1.27,1.90,3.99
2016-07-15,118.00,116.03,118.00,115.05,7395,86020000,-0.97,-0.83,2.52,2.43
2016-07-18,115.60,114.35,117.27,113.02,7207,82610000,-1.68,-1.45,3.66,2.36
2016-07-19,114.37,116.61,116.90,114.36,9213,106920000,2.26,1.98,2.22,3.02
2016-07-20,116.66,117.00,118.33,115.10,9051,105800000,0.39,0.33,2.77,2.97
2016-07-21,117.98,117.30,122.98,116.71,17305,207420000,0.30,0.26,5.36,5.68
2016-07-22,116.30,114.35,118.46,113.90,11203,129830000,-2.95,-2.51,3.89,3.67
2016-07-25,114.01,113.68,115.14,112.13,6788,77180000,-0.67,-0.59,2.63,2.23
2016-07-26,113.68,114.63,115.30,113.01,5162,59100000,0.95,0.84,2.01,1.69
2016-07-27,115.40,108.07,116.88,106.00,14847,165630000,-6.56,-5.72,9.49,4.87
2016-07-28,109.00,105.40,110.16,102.00,12232,129250000,-2.67,-2.47,7.55,4.01
2016-07-29,106.50,104.96,106.58,103.00,6184,64770000,-0.44,-0.42,3.40,2.03
2016-08-01,102.30,100.25,103.99,99.00,9256,92990000,-4.71,-4.49,4.75,3.04
2016-08-02,100.90,100.90,101.29,99.71,9515,95450000,0.65,0.65,1.58,3.12
2016-08-03,100.80,100.56,101.50,99.70,9636,96680000,-0.34,-0.34,1.78,3.16
2016-08-04,100.70,101.01,101.56,99.81,7660,77190000,0.45,0.45,1.74,2.51
2016-08-05,101.03,99.98,101.45,99.10,7405,74100000,-1.03,-1.02,2.33,2.43
2016-08-08,97.90,95.35,97.90,90.60,21765,204140000,-4.63,-4.63,7.30,7.14
2016-08-09,94.43,96.21,96.46,93.50,16017,152180000,0.86,0.90,3.10,5.25
2016-08-10,96.39,95.17,96.47,94.34,13443,127910000,-1.04,-1.08,2.21,4.41
2016-08-11,94.67,95.03,96.30,92.38,16522,155880000,-0.14,-0.15,4.12,5.42
2016-08-12,94.47,95.59,95.62,93.55,12377,117370000,0.56,0.59,2.18,4.06
2016-08-15,95.13,98.10,99.86,94.28,18482,180640000,2.51,2.63,5.84,6.06
2016-08-16,98.90,98.04,99.15,97.20,12934,126940000,-0.06,-0.06,1.99,4.24
2016-08-17,97.50,98.10,99.28,97.02,11288,111030000,0.06,0.06,2.31,3.70
2016-08-18,98.26,97.88,99.33,97.40,9674,94970000,-0.22,-0.22,1.97,3.17
2016-08-19,98.08,96.64,98.47,96.60,8469,82480000,-1.24,-1.27,1.91,2.78
2016-08-22,97.00,94.30,97.99,94.18,9284,88830000,-2.34,-2.42,3.94,3.05
2016-08-23,94.00,93.70,95.49,92.90,8073,76050000,-0.60,-0.64,2.75,2.65
2016-08-24,94.70,94.76,94.90,93.70,8153,76920000,1.06,1.13,1.28,2.67
2016-08-25,95.00,97.79,102.98,93.33,21840,214470000,3.03,3.20,10.18,7.16
2016-08-26,97.79,95.98,97.79,95.35,14422,138760000,-1.81,-1.85,2.50,4.73
2016-08-29,96.10,94.60,96.10,94.50,7524,71440000,-1.38,-1.44,1.67,2.47
2016-08-30,95.00,94.58,95.30,94.32,5026,47630000,-0.02,-0.02,1.04,1.65
2016-08-31,94.99,94.32,95.28,93.70,6254,58880000,-0.26,-0.27,1.67,2.05
2016-09-01,94.78,94.00,94.78,94.00,6232,58840000,-0.32,-0.34,0.83,2.04
2016-09-02,93.37,91.98,93.78,91.61,7665,71000000,-2.02,-2.15,2.31,2.51
2016-09-05,92.40,92.13,93.50,91.90,6184,57240000,0.15,0.16,1.74,2.03
2016-09-06,92.72,93.43,93.75,90.60,8785,81190000,1.30,1.41,3.42,2.88
2016-09-07,93.43,93.38,95.00,93.03,9408,88520000,-0.05,-0.05,2.11,3.09
2016-09-08,93.75,93.77,93.99,92.22,5416,50510000,0.39,0.42,1.90,1.78
2016-09-09,94.12,92.68,94.12,92.23,6618,61510000,-1.09,-1.16,2.02,2.17
2016-09-12,90.97,86.90,90.97,86.82,11263,99950000,-5.78,-6.24,4.48,3.69
2016-09-13,87.56,84.66,87.95,83.85,11246,96000000,-2.24,-2.58,4.72,3.69
2016-09-14,84.02,84.45,85.35,83.38,6461,54600000,-0.21,-0.25,2.33,2.12
2016-09-19,84.79,86.00,86.50,84.70,5964,51130000,1.55,1.84,2.13,1.96
2016-09-20,86.80,85.95,86.80,85.50,3925,33760000,-0.05,-0.06,1.51,1.29
2016-09-21,85.80,86.21,86.56,85.40,4318,37190000,0.26,0.30,1.35,1.42
2016-09-22,86.90,86.30,87.70,86.24,5297,46160000,0.09,0.10,1.69,1.74
2016-09-23,86.00,84.71,86.72,84.52,5047,43190000,-1.59,-1.84,2.55,1.66
2016-09-26,84.95,85.47,89.88,83.48,12397,107460000,0.76,0.90,7.56,4.07
2016-09-27,84.60,85.87,85.88,83.05,10138,85300000,0.40,0.47,3.31,3.33
2016-09-28,85.89,87.28,88.99,84.00,17391,152940000,1.41,1.64,5.81,5.70
2016-09-29,87.74,87.00,87.74,86.07,9317,80890000,-0.28,-0.32,1.91,3.06
2016-09-30,86.99,87.11,87.90,86.51,6036,52620000,0.11,0.13,1.60,1.98
2016-10-10,88.39,91.93,92.71,88.00,16068,145610000,4.82,5.53,5.41,5.27
2016-10-11,91.58,90.74,92.57,90.44,9640,87910000,-1.19,-1.29,2.32,3.16
2016-10-12,90.74,91.19,94.77,90.50,9583,88320000,0.45,0.50,4.71,3.14
2016-10-13,91.19,91.28,91.59,90.58,6174,56230000,0.09,0.10,1.11,2.03
2016-10-14,92.27,91.33,93.00,90.61,6949,63760000,0.05,0.05,2.62,2.28
2016-10-17,90.10,88.72,91.39,88.08,7743,69630000,-2.61,-2.86,3.62,2.54
2016-10-18,88.80,90.57,90.57,88.26,7387,66120000,1.85,2.09,2.60,2.42
2016-10-19,90.80,91.59,92.25,90.23,8907,81100000,1.02,1.13,2.23,2.92
2016-10-20,91.02,91.61,92.85,90.91,8276,76190000,0.02,0.02,2.12,2.71
2016-10-21,91.90,92.08,94.50,90.68,14270,132190000,0.47,0.51,4.17,4.68
2016-10-24,92.20,94.36,94.81,92.01,13566,126930000,2.28,2.48,3.04,4.45
2016-10-25,94.24,94.18,95.45,93.21,11822,111410000,-0.18,-0.19,2.37,3.88
2016-10-26,93.81,94.19,95.40,92.99,9851,92530000,0.01,0.01,2.56,3.23
2016-10-27,94.50,94.75,96.48,93.95,11682,111270000,0.56,0.59,2.69,3.83
2016-10-28,94.44,93.29,95.79,93.25,9822,92620000,-1.46,-1.54,2.68,3.22
2016-10-31,92.86,91.45,92.86,90.88,7384,67510000,-1.84,-1.97,2.12,2.42
2016-11-01,91.97,94.72,95.50,91.95,11460,107810000,3.27,3.58,3.88,3.76
2016-11-02,94.89,93.35,96.37,93.11,11103,105190000,-1.37,-1.45,3.44,3.64
2016-11-03,93.04,92.85,95.49,92.20,12427,116940000,-0.50,-0.54,3.52,4.08
2016-11-04,92.44,93.48,94.52,92.08,7986,74630000,0.63,0.68,2.63,2.62
2016-11-07,93.20,91.35,93.68,91.10,10074,92800000,-2.13,-2.28,2.76,3.30
2016-11-08,91.51,91.65,92.34,91.20,5710,52340000,0.30,0.33,1.25,1.87
2016-11-09,91.65,91.82,93.20,90.63,9119,84080000,0.17,0.19,2.80,2.99
2016-11-10,93.40,93.50,94.30,92.53,10260,95820000,1.68,1.83,1.93,3.37
2016-11-11,93.69,94.19,94.87,92.60,9092,85250000,0.69,0.74,2.43,2.98
2016-11-14,94.19,94.68,95.78,94.01,10294,97390000,0.49,0.52,1.88,3.38
2016-11-15,95.10,94.57,95.18,92.80,9587,89820000,-0.11,-0.12,2.51,3.14
2016-11-16,94.55,94.77,97.89,94.51,18044,173200000,0.20,0.21,3.57,5.92
2016-11-17,94.10,92.85,94.22,92.00,9510,88190000,-1.92,-2.03,2.34,3.12
2016-11-18,93.00,97.58,102.14,93.00,30461,298400000,4.73,5.09,9.84,9.99
2016-11-21,98.00,99.98,102.78,97.58,30011,301900000,2.40,2.46,5.33,9.84
2016-11-22,99.00,100.00,102.50,98.72,20343,204020000,0.02,0.02,3.78,6.67
2016-11-23,99.80,100.80,101.65,99.10,14012,140510000,0.80,0.80,2.55,4.60
2016-11-24,100.80,97.28,101.35,96.98,15351,151410000,-3.52,-3.49,4.34,5.04
2016-11-25,97.01,95.54,97.20,92.61,16172,152900000,-1.74,-1.79,4.72,5.30
2016-11-28,95.21,93.19,95.87,92.97,10261,96380000,-2.35,-2.46,3.04,3.37
2016-11-29,93.21,90.02,94.22,89.00,11864,109350000,-3.17,-3.40,5.60,3.89
2016-11-30,89.43,91.02,92.60,89.43,10555,96000000,1.00,1.11,3.52,3.46
2016-12-01,90.00,91.05,92.40,89.99,8124,74050000,0.03,0.03,2.65,2.66
2016-12-02,91.12,88.37,91.89,87.56,10414,92940000,-2.68,-2.94,4.76,3.42
2016-12-05,87.03,88.24,89.18,87.00,5656,49960000,-0.13,-0.15,2.47,1.86
2016-12-06,88.24,88.20,89.69,87.85,5308,47080000,-0.04,-0.05,2.09,1.74
2016-12-07,87.90,89.11,89.50,87.60,4911,43510000,0.91,1.03,2.15,1.61
2016-12-08,89.28,87.77,89.30,87.77,5949,52470000,-1.34,-1.50,1.72,1.95
2016-12-09,87.01,87.86,88.36,86.05,8968,78120000,0.09,0.10,2.63,2.94
2016-12-12,87.06,79.07,87.48,79.07,13047,107790000,-8.79,-10.00,9.57,4.28
2016-12-13,77.90,77.80,79.11,77.00,7388,57820000,-1.27,-1.61,2.67,2.42
2016-12-14,77.95,77.50,78.50,77.10,5143,40030000,-0.30,-0.39,1.80,1.69
2016-12-15,77.15,78.70,79.84,77.01,6070,47830000,1.20,1.55,3.65,1.99
2016-12-16,78.88,79.50,79.78,78.15,4199,33220000,0.80,1.02,2.07,1.38
2016-12-19,87.45,87.45,87.45,87.45,11320,99000000,7.95,10.00,0.00,3.71
2016-12-20,91.88,85.35,91.88,85.00,25560,227790000,-2.10,-2.40,7.87,8.38
2016-12-21,86.90,83.75,86.90,82.97,10895,91710000,-1.60,-1.87,4.60,3.57
2016-12-22,83.83,82.82,84.40,82.10,6863,56920000,-0.93,-1.11,2.75,2.25
2016-12-23,82.46,79.38,82.79,79.00,7997,64490000,-3.44,-4.15,4.58,2.62
2016-12-26,79.65,80.98,81.47,77.00,7788,61700000,1.60,2.02,5.63,2.55
2016-12-27,81.00,80.41,81.44,80.00,3671,29650000,-0.57,-0.70,1.78,1.20
2016-12-28,80.41,80.29,80.99,80.08,3303,26550000,-0.12,-0.15,1.13,1.08
2016-12-29,79.90,80.29,81.39,79.64,3714,29890000,0.00,0.00,2.18,1.22
2016-12-30,80.30,80.12,80.81,80.10,2848,22900000,-0.17,-0.21,0.88,0.93
2017-01-03,80.12,80.18,80.59,80.04,3751,30100000,0.06,0.07,0.69,1.23
2017-01-04,80.90,81.47,82.46,80.81,5840,47660000,1.29,1.61,2.06,1.92
2017-01-05,81.00,80.20,81.60,80.20,3884,31340000,-1.27,-1.56,1.72,1.27
2017-01-06,80.19,78.10,80.47,78.00,4593,36240000,-2.10,-2.62,3.08,1.51
2017-01-09,78.16,77.88,78.30,77.00,4325,33580000,-0.22,-0.28,1.66,1.42
2017-01-10,78.24,77.78,78.77,77.50,2820,22020000,-0.10,-0.13,1.63,0.93
2017-01-11,77.68,77.53,78.25,77.45,3266,25400000,-0.25,-0.32,1.03,1.07
2017-01-12,77.77,77.74,78.34,77.20,2851,22200000,0.21,0.27,1.47,0.94
2017-01-13,77.79,74.80,78.50,74.50,6708,51460000,-2.94,-3.78,5.15,2.20
2017-01-16,74.00,68.00,74.49,67.32,13104,90400000,-6.80,-9.09,9.59,4.30
2017-01-17,67.60,69.18,70.44,66.82,8595,59020000,1.18,1.74,5.32,2.82
2017-01-18,68.88,68.48,69.88,67.75,5628,38610000,-0.70,-1.01,3.08,1.85
2017-06-15,55.47,58.58,59.99,55.47,26249,151303867,-3.05,-4.95,7.33,9.18
2017-06-16,57.98,59.22,59.38,57.66,12397,72453311,0.64,1.09,2.94,4.33
