日期,开盘,收盘,最高,最低,交易量(手),交易金额(元),涨跌额,涨跌幅(%),振幅(%),换手率(%)
2012-10-09,19.83,21.98,23.20,19.70,187155,389870000,3.80,20.90,19.25,86.37
2012-10-10,21.30,22.21,22.51,20.66,138918,299840000,0.23,1.05,8.42,64.11
2012-10-11,21.58,20.04,21.65,19.99,103328,214490000,-2.17,-9.77,7.47,47.68
2012-10-12,19.61,19.66,20.34,19.01,70845,139650000,-0.38,-1.90,6.64,32.69
2012-10-15,19.65,20.53,20.53,19.49,61912,124340000,0.87,4.43,5.29,28.57
2012-10-16,20.33,20.03,20.64,19.84,45270,91270000,-0.50,-2.44,3.90,20.89
2012-10-17,20.03,20.14,20.60,20.00,40885,82970000,0.11,0.55,3.00,18.87
2012-10-18,20.18,20.33,20.35,19.80,46683,93820000,0.19,0.94,2.73,21.54
2012-10-19,20.19,20.54,21.09,20.12,56697,117330000,0.21,1.03,4.77,26.16
2012-10-22,20.50,20.06,20.85,19.92,58132,117890000,-0.48,-2.34,4.53,26.83
2012-10-23,20.02,19.18,20.13,19.12,49933,97820000,-0.88,-4.39,5.03,23.04
2012-10-24,18.87,18.95,19.09,18.70,28108,53060000,-0.23,-1.20,2.03,12.97
2012-10-25,19.05,18.46,19.24,18.42,26361,49700000,-0.49,-2.59,4.33,12.16
2012-10-26,18.31,18.50,18.80,18.21,23897,44270000,0.04,0.22,3.20,11.03
2012-10-29,18.49,18.80,18.84,18.08,23340,43350000,0.30,1.62,4.11,10.77
2012-10-30,18.66,18.30,18.80,18.25,20956,38790000,-0.50,-2.66,2.93,9.67
2012-10-31,18.29,18.74,18.77,18.26,19805,36840000,0.44,2.40,2.79,9.14
2012-11-01,18.68,18.86,18.99,18.63,24332,45830000,0.12,0.64,1.92,11.23
2012-11-02,18.94,18.79,19.07,18.78,20510,38760000,-0.07,-0.37,1.54,9.46
2012-11-05,18.68,18.23,18.75,18.10,22784,41760000,-0.56,-2.98,3.46,10.51
2012-11-06,18.08,18.57,18.58,18.07,19626,35960000,0.34,1.87,2.80,9.06
2012-11-07,18.50,18.28,18.56,18.20,12398,22720000,-0.29,-1.56,1.94,5.72
2012-11-08,18.00,17.27,18.06,17.27,26185,46170000,-1.01,-5.53,4.32,12.08
2012-11-09,17.29,17.24,17.65,17.14,16842,29370000,-0.03,-0.17,2.95,7.77
2012-11-12,17.42,17.55,17.70,17.34,14323,25130000,0.31,1.80,2.09,6.61
2012-11-13,17.55,17.25,17.63,16.97,15023,25830000,-0.30,-1.71,3.76,6.93
2012-11-14,17.29,17.77,17.87,17.10,27011,47700000,0.52,3.01,4.46,12.46
2012-11-15,17.68,17.24,17.68,17.18,16843,29310000,-0.53,-2.98,2.81,7.77
2012-11-16,17.25,17.67,17.88,17.10,24466,43040000,0.43,2.49,4.52,11.29
2012-11-19,17.51,17.74,17.83,17.21,17707,30940000,0.07,0.40,3.51,8.17
2012-11-20,17.75,17.55,18.03,17.51,19728,35030000,-0.19,-1.07,2.93,9.10
2012-11-21,17.63,17.90,17.99,17.50,20761,36890000,0.35,1.99,2.79,9.58
2012-11-22,17.86,18.20,18.54,17.71,38308,69910000,0.30,1.68,4.64,17.68
2012-11-23,18.15,18.09,18.47,18.03,21646,39390000,-0.11,-0.60,2.42,9.99
2012-11-26,18.07,17.33,18.20,17.22,21351,37700000,-0.76,-4.20,5.42,9.85
2012-11-27,17.30,16.09,17.30,16.05,22817,37890000,-1.24,-7.16,7.21,10.53
2012-11-28,16.00,15.88,16.14,15.72,11009,17490000,-0.21,-1.31,2.61,5.08
2012-11-29,15.95,15.14,16.15,15.07,14096,21910000,-0.74,-4.66,6.80,6.50
2012-11-30,15.20,15.32,15.39,15.01,10434,15880000,0.18,1.19,2.51,4.81
2012-12-03,15.35,14.62,15.35,14.60,13262,19850000,-0.70,-4.57,4.90,6.12
2012-12-04,14.50,14.92,14.97,14.27,10995,16050000,0.30,2.05,4.79,5.07
2012-12-05,14.87,15.43,15.77,14.72,25187,38860000,0.51,3.42,7.04,11.62
2012-12-06,15.35,15.38,15.58,15.12,13872,21260000,-0.05,-0.32,2.98,6.40
2012-12-07,15.27,15.80,15.84,15.20,19068,29730000,0.42,2.73,4.16,8.80
2012-12-10,15.96,16.10,16.13,15.72,19154,30570000,0.30,1.90,2.59,8.84
2012-12-11,16.05,15.78,16.05,15.78,16194,25740000,-0.32,-1.99,1.68,7.47
2012-12-12,15.80,16.29,16.42,15.73,24383,39350000,0.51,3.23,4.37,11.25
2012-12-13,16.20,15.85,16.20,15.78,15956,25500000,-0.44,-2.70,2.58,7.36
2012-12-14,15.75,16.50,16.65,15.75,25459,41620000,0.65,4.10,5.68,11.75
2012-12-17,16.50,16.60,16.91,16.40,24423,40650000,0.10,0.61,3.09,11.27
2012-12-18,16.58,16.58,16.84,16.34,17968,29860000,-0.02,-0.12,3.01,8.29
2012-12-19,16.59,16.88,17.16,16.53,22511,38080000,0.30,1.81,3.80,10.39
2012-12-20,16.81,18.33,18.57,16.72,66591,121180000,1.45,8.59,10.96,30.73
2012-12-21,18.34,19.20,19.80,18.13,75818,144520000,0.87,4.75,9.11,34.99
2012-12-24,19.21,21.12,21.12,19.05,68870,139570000,1.92,10.00,10.78,31.78
2012-12-25,21.52,23.20,23.23,21.52,86402,193480000,2.08,9.85,8.10,39.87
2012-12-26,22.66,24.16,25.20,22.59,82178,194490000,0.96,4.14,11.25,37.92
2012-12-27,23.86,24.96,26.00,23.40,80773,197490000,0.80,3.31,10.76,37.27
2012-12-28,24.66,24.68,25.78,24.01,68095,168820000,-0.28,-1.12,7.09,31.42
2012-12-31,24.20,23.50,24.60,23.30,58437,138550000,-1.18,-4.78,5.27,26.97
2013-01-04,23.60,24.36,24.69,23.36,63711,153060000,0.86,3.66,5.66,29.40
2013-01-07,23.80,24.35,24.66,23.20,55952,133790000,-0.01,-0.04,5.99,25.82
2013-01-08,23.92,24.10,25.08,23.72,57317,139890000,-0.25,-1.03,5.59,26.45
2013-01-09,23.29,23.00,23.35,22.39,55830,128240000,-1.10,-4.56,3.98,25.76
2013-01-10,22.81,23.32,23.65,22.80,34154,79380000,0.32,1.39,3.70,15.76
2013-01-11,24.20,25.65,25.65,24.11,106433,269820000,2.33,9.99,6.60,49.12
2013-01-14,25.12,25.92,26.25,24.25,89862,226740000,0.27,1.05,7.80,41.47
2013-01-15,25.55,25.29,25.83,25.03,45957,116470000,-0.63,-2.43,3.09,21.21
2013-01-16,24.95,24.21,25.15,23.66,38266,93280000,-1.08,-4.27,5.89,17.66
2013-01-17,23.83,23.68,24.74,23.50,28653,68870000,-0.53,-2.19,5.12,13.22
2013-01-18,23.97,24.03,24.26,23.70,21111,50600000,0.35,1.48,2.36,9.74
2013-01-21,24.04,24.41,24.47,23.56,23002,55470000,0.38,1.58,3.79,10.61
2013-01-22,24.40,22.40,24.40,22.25,40467,92800000,-2.01,-8.23,8.81,18.67
2013-01-23,22.08,22.72,22.76,21.98,15801,35370000,0.32,1.43,3.48,7.29
2013-01-24,22.75,21.92,22.98,21.62,22396,49580000,-0.80,-3.52,5.99,10.33
2013-01-25,22.02,22.18,22.59,22.00,13432,29970000,0.26,1.19,2.69,6.20
2013-01-28,22.00,22.62,22.87,22.00,16811,37940000,0.44,1.98,3.92,7.76
2013-01-29,22.90,23.17,23.35,22.54,22773,52480000,0.55,2.43,3.58,10.51
2013-01-30,22.95,22.42,23.19,22.18,18672,42090000,-0.75,-3.24,4.36,8.62
2013-01-31,22.37,21.92,22.59,21.68,15213,33350000,-0.50,-2.23,4.06,7.02
2013-02-01,21.80,22.12,22.36,21.80,11797,26160000,0.20,0.91,2.55,5.44
2013-02-04,22.30,21.66,22.39,21.25,15539,33620000,-0.46,-2.08,5.15,7.17
2013-02-05,21.51,22.51,22.68,21.42,20657,46100000,0.85,3.92,5.82,9.53
2013-02-06,22.50,22.60,22.65,22.27,13246,29690000,0.09,0.40,1.69,6.11
2013-02-07,22.46,22.79,22.97,22.46,14293,32510000,0.19,0.84,2.26,6.60
2013-02-08,22.88,23.36,23.48,22.80,17939,41610000,0.57,2.50,2.98,8.28
2013-02-18,23.36,23.19,23.77,23.02,13875,32420000,-0.17,-0.73,3.21,6.40
2013-02-19,23.09,22.01,23.30,21.91,23516,52340000,-1.18,-5.09,5.99,10.85
2013-02-20,22.15,22.40,22.49,22.03,12781,28460000,0.39,1.77,2.09,5.90
2013-02-21,22.25,21.90,22.25,21.68,14323,31440000,-0.50,-2.23,2.54,6.61
2013-02-22,21.90,22.09,22.46,21.80,9603,21280000,0.19,0.87,3.01,4.43
2013-02-25,22.20,22.33,22.47,22.00,8807,19580000,0.24,1.09,2.13,4.06
2013-02-26,22.20,22.31,22.77,21.97,17164,38520000,-0.02,-0.09,3.58,7.92
2013-02-27,22.53,21.86,22.58,21.70,13594,29860000,-0.45,-2.02,3.94,6.27
2013-02-28,21.82,22.33,22.34,21.42,17994,39450000,0.47,2.15,4.21,8.30
2013-03-01,22.61,24.33,24.49,22.61,52236,123850000,2.00,8.96,8.42,24.11
2013-03-04,24.10,23.42,24.10,23.13,32581,77230000,-0.91,-3.74,3.99,15.04
2013-03-05,23.47,24.05,24.16,23.30,19984,47580000,0.63,2.69,3.67,9.22
2013-03-06,24.13,24.40,24.44,23.80,26257,63470000,0.35,1.46,2.66,12.12
2013-03-07,24.27,23.96,24.98,23.64,25144,61430000,-0.44,-1.80,5.49,11.60
2013-03-08,23.99,23.62,24.35,23.62,12626,30170000,-0.34,-1.42,3.05,5.83
2013-03-11,23.62,23.31,23.72,23.21,9127,21410000,-0.31,-1.31,2.16,4.21
2013-03-12,23.06,21.69,23.60,21.25,22838,50530000,-1.62,-6.95,10.08,10.54
2013-03-13,21.50,21.66,21.93,21.20,10701,22940000,-0.03,-0.14,3.37,4.94
2013-03-14,21.56,21.90,22.05,21.56,9474,20760000,0.24,1.11,2.26,4.37
2013-03-15,22.17,23.16,23.35,21.88,20618,47050000,1.26,5.75,6.71,9.51
2013-03-18,23.49,24.47,24.95,23.48,46169,112630000,1.31,5.66,6.35,21.31
2013-03-19,24.35,24.47,24.79,23.61,31155,75500000,0.00,0.00,4.82,14.38
2013-03-20,22.97,22.78,22.99,22.02,67529,150950000,-1.69,-6.91,3.96,31.16
2013-03-21,22.30,22.22,22.39,21.98,45150,100380000,-0.56,-2.46,1.80,20.84
2013-03-22,22.02,22.11,22.38,22.02,21815,48340000,-0.11,-0.50,1.62,10.07
2013-03-25,22.20,21.62,22.24,21.54,22307,48470000,-0.49,-2.22,3.17,10.29
2013-03-26,21.63,22.16,22.16,21.51,20630,45100000,0.54,2.50,3.01,9.52
2013-03-27,22.09,21.98,22.19,21.78,13646,29970000,-0.18,-0.81,1.85,6.30
2013-03-28,21.88,20.40,21.88,20.40,26834,55870000,-1.58,-7.19,6.73,12.38
2013-03-29,20.39,20.19,20.58,20.18,9244,18860000,-0.21,-1.03,1.96,4.27
2013-04-01,20.48,20.72,20.92,20.30,9429,19460000,0.53,2.63,3.07,4.35
2013-04-02,20.73,20.05,20.89,19.91,10435,21280000,-0.67,-3.23,4.73,4.82
2013-04-03,20.08,19.25,20.25,19.09,11163,21650000,-0.80,-3.99,5.79,5.15
2013-04-08,19.15,19.51,19.57,18.78,8012,15380000,0.26,1.35,4.10,3.70
2013-04-09,19.49,19.69,19.70,19.45,8056,15780000,0.18,0.92,1.28,3.72
2013-04-10,19.78,19.24,19.78,19.00,7167,13880000,-0.45,-2.29,3.96,3.31
2013-04-11,19.37,19.14,19.41,19.10,5178,9980000,-0.10,-0.52,1.61,2.39
2013-04-12,19.19,18.99,19.35,18.96,5021,9610000,-0.15,-0.78,2.04,2.32
2013-04-15,18.81,18.27,18.97,18.25,8161,15050000,-0.72,-3.79,3.79,3.77
2013-04-16,18.03,18.48,18.55,18.03,5334,9800000,0.21,1.15,2.85,2.46
2013-04-17,18.49,18.75,18.78,18.46,6117,11400000,0.27,1.46,1.73,2.82
2013-04-18,18.74,19.00,19.03,18.52,6786,12790000,0.25,1.33,2.72,3.13
2013-04-19,19.20,20.06,20.14,19.05,23789,47140000,1.06,5.58,5.74,10.98
2013-04-22,20.10,20.06,20.22,19.63,14742,29340000,0.00,0.00,2.94,6.80
2013-04-23,19.89,19.08,20.00,19.05,11469,22280000,-0.98,-4.89,4.74,5.29
2013-04-24,19.20,19.53,19.68,19.05,8101,15740000,0.45,2.36,3.30,3.74
2013-04-25,19.41,19.18,19.58,19.12,8967,17340000,-0.35,-1.79,2.36,4.14
2013-04-26,19.09,18.32,19.21,18.30,8519,15890000,-0.86,-4.48,4.74,3.93
2013-05-02,18.30,18.73,18.95,18.20,4773,8880000,0.41,2.24,4.09,2.20
2013-05-03,18.74,19.23,19.30,18.74,7344,14050000,0.50,2.67,2.99,3.39
2013-05-06,19.29,19.66,19.75,19.29,9160,17970000,0.43,2.24,2.39,4.23
2013-05-07,19.67,19.53,19.78,19.37,7316,14270000,-0.13,-0.66,2.09,3.38
2013-05-08,19.69,20.09,20.13,19.40,13817,27360000,0.56,2.87,3.74,6.38
2013-05-09,20.02,20.93,21.09,19.90,28725,58690000,0.84,4.18,5.92,13.26
2013-05-10,20.71,20.79,20.99,20.15,18972,39030000,-0.14,-0.67,4.01,8.76
2013-05-13,20.55,20.66,20.77,20.31,9187,18870000,-0.13,-0.63,2.21,4.24
2013-05-14,20.71,20.00,20.85,19.88,10583,21340000,-0.66,-3.19,4.70,4.88
2013-05-15,19.90,20.67,20.70,19.90,10672,21810000,0.67,3.35,4.00,4.92
2013-05-16,20.80,20.55,21.49,20.51,24400,51360000,-0.12,-0.58,4.74,11.26
2013-05-17,20.50,20.60,21.03,20.15,17066,35040000,0.05,0.24,4.28,7.88
2013-05-20,20.68,21.55,21.58,20.68,24891,53100000,0.95,4.61,4.37,11.49
2013-05-21,21.96,22.20,22.45,21.66,27953,61580000,0.65,3.02,3.67,12.90
2013-05-22,22.23,21.67,22.30,21.58,16056,35070000,-0.53,-2.39,3.24,7.41
2013-05-23,21.51,21.95,22.35,21.51,19071,42030000,0.28,1.29,3.88,8.80
2013-05-24,21.91,22.48,22.60,21.91,24654,54950000,0.53,2.41,3.14,11.38
2013-05-27,14.72,14.58,14.90,14.45,20963,30650000,-0.21,-1.42,3.04,6.45
2013-05-28,14.58,13.86,14.58,13.60,26760,37490000,-0.72,-4.94,6.72,8.23
2013-05-29,13.86,13.86,14.08,13.77,15612,21720000,0.00,0.00,2.24,4.80
2013-05-30,13.87,14.10,14.25,13.87,20621,29070000,0.24,1.73,2.74,6.34
2013-05-31,14.02,13.86,14.14,13.81,15852,22100000,-0.24,-1.70,2.34,4.88
2013-06-03,13.82,13.22,14.00,13.21,20062,27080000,-0.64,-4.62,5.70,6.17
2013-06-04,13.20,12.83,13.39,12.70,17415,22580000,-0.39,-2.95,5.22,5.36
2013-06-05,12.80,12.95,12.95,12.76,8437,10850000,0.12,0.94,1.48,2.60
2013-06-06,12.95,12.58,12.95,12.55,9757,12340000,-0.37,-2.86,3.09,3.00
2013-06-07,12.70,12.89,13.10,12.60,15300,19600000,0.31,2.46,3.97,4.71
2013-06-13,12.32,12.48,12.68,12.10,10078,12450000,-0.41,-3.18,4.50,3.10
2013-06-14,12.49,12.88,12.94,12.48,11040,14120000,0.40,3.21,3.69,3.40
2013-06-17,12.97,13.01,13.22,12.70,16123,20970000,0.13,1.01,4.04,4.96
2013-06-18,13.02,13.05,13.29,12.70,12435,16080000,0.04,0.31,4.54,3.83
2013-07-23,14.36,14.36,14.36,14.36,8574,12310000,1.31,10.04,0.00,2.64
2013-07-24,15.00,15.40,15.55,14.51,101765,154350000,1.04,7.24,7.24,31.31
2013-07-25,15.00,14.16,15.18,14.00,53935,78840000,-1.24,-8.05,7.66,16.59
2013-07-26,14.16,14.31,14.48,13.88,27234,38810000,0.15,1.06,4.24,8.38
2013-07-29,14.28,13.70,14.30,13.65,21677,30130000,-0.61,-4.26,4.54,6.67
2013-07-30,13.84,13.11,13.84,12.78,22770,29920000,-0.59,-4.31,7.74,7.01
2013-07-31,13.15,13.15,13.24,12.91,15258,20010000,0.04,0.31,2.52,4.69
2013-08-01,13.11,13.99,14.25,13.02,30411,41830000,0.84,6.39,9.35,9.36
2013-08-02,13.98,13.88,14.53,13.85,33598,47650000,-0.11,-0.79,4.86,10.34
2013-08-05,14.05,14.35,14.48,13.88,28858,41080000,0.47,3.39,4.32,8.88
2013-08-06,14.35,14.24,14.38,13.96,24564,34800000,-0.11,-0.77,2.93,7.56
2013-08-07,14.15,13.61,14.23,13.60,25239,34790000,-0.63,-4.42,4.42,7.76
2013-08-08,13.59,13.80,13.92,13.43,14303,19660000,0.19,1.40,3.60,4.40
2013-08-09,13.75,13.59,13.94,13.30,17738,24140000,-0.21,-1.52,4.64,5.46
2013-08-12,13.55,13.50,13.68,13.22,16187,21720000,-0.09,-0.66,3.38,4.98
2013-08-13,13.48,13.98,13.98,13.36,22310,30720000,0.48,3.56,4.59,6.86
2013-08-14,14.10,14.14,14.36,13.98,35566,50460000,0.16,1.14,2.72,10.94
2013-08-15,14.00,13.65,14.14,13.63,18906,26160000,-0.49,-3.47,3.61,5.82
2013-08-16,13.40,13.26,13.89,13.20,17643,23930000,-0.39,-2.86,5.05,5.43
2013-08-19,13.00,13.53,13.53,13.00,12596,16840000,0.27,2.04,4.00,3.87
2013-08-20,13.47,13.64,13.71,13.39,12069,16370000,0.11,0.81,2.37,3.71
2013-08-21,13.63,13.80,13.80,13.40,12455,16910000,0.16,1.17,2.93,3.83
2013-08-22,13.73,14.06,14.28,13.70,38311,53940000,0.26,1.88,4.20,11.79
2013-08-23,13.95,14.00,14.19,13.51,26290,36740000,-0.06,-0.43,4.84,8.09
2013-08-26,14.03,14.40,14.44,14.00,33311,47610000,0.40,2.86,3.14,10.25
2013-08-27,14.36,14.22,14.38,14.06,23056,32670000,-0.18,-1.25,2.22,7.09
2013-08-28,14.24,14.08,14.80,14.07,47123,68120000,-0.14,-0.98,5.13,14.50
2013-08-29,14.00,13.67,14.00,13.56,26006,35670000,-0.41,-2.91,3.13,8.00
2013-08-30,13.66,13.12,13.79,13.03,23532,31370000,-0.55,-4.02,5.56,7.24
2013-09-02,13.29,13.34,13.45,13.05,9395,12500000,0.22,1.68,3.05,2.89
2013-09-03,13.49,13.53,13.55,13.25,10528,14110000,0.19,1.42,2.25,3.24
2013-09-04,13.53,13.30,13.57,13.25,11440,15270000,-0.23,-1.70,2.37,3.52
2013-09-05,13.35,13.44,13.56,13.27,12696,17110000,0.14,1.05,2.18,3.91
2013-09-06,13.44,13.43,13.55,13.27,10875,14510000,-0.01,-0.07,2.08,3.35
2013-09-09,13.46,13.46,13.49,13.30,11719,15660000,0.03,0.22,1.41,3.61
2013-09-10,13.47,13.40,13.54,13.29,12726,17010000,-0.06,-0.45,1.86,3.92
2013-09-11,13.42,12.89,13.42,12.83,21501,28120000,-0.51,-3.81,4.40,6.61
2013-09-12,12.86,12.99,13.15,12.85,7923,10310000,0.10,0.78,2.33,2.44
2013-09-13,12.99,13.11,13.18,12.91,6987,9140000,0.12,0.92,2.08,2.15
2013-09-16,13.12,13.18,13.26,13.05,9545,12580000,0.07,0.53,1.60,2.94
2013-09-17,13.19,12.66,13.19,12.60,13470,17330000,-0.52,-3.95,4.48,4.14
2013-09-18,12.67,12.60,12.78,12.40,11634,14580000,-0.06,-0.47,3.00,3.58
2013-09-23,12.62,12.91,12.99,12.55,12509,16020000,0.31,2.46,3.49,3.85
2013-09-24,12.91,13.05,13.09,12.91,12925,16830000,0.14,1.08,1.39,3.98
2013-09-25,12.90,12.86,13.06,12.86,8699,11240000,-0.19,-1.46,1.53,2.68
2013-09-26,12.85,12.62,12.95,12.61,8791,11240000,-0.24,-1.87,2.64,2.70
2013-09-27,12.51,12.43,12.74,12.30,9065,11310000,-0.19,-1.51,3.49,2.79
2013-09-30,12.43,12.57,12.65,12.35,7788,9740000,0.14,1.13,2.41,2.40
2013-10-08,12.58,12.91,12.94,12.57,12558,16090000,0.34,2.70,2.94,3.86
2013-10-09,12.70,13.26,13.34,12.70,19733,25850000,0.35,2.71,4.96,2.79
2013-10-10,13.28,13.03,13.38,12.90,14350,18790000,-0.23,-1.73,3.62,2.03
2013-10-11,13.05,13.13,13.20,12.95,11129,14580000,0.10,0.77,1.92,1.57
2013-10-14,13.11,13.16,13.19,12.90,11660,15270000,0.03,0.23,2.21,1.65
2013-10-15,13.17,12.73,13.17,12.72,26622,34170000,-0.43,-3.27,3.42,3.76
2013-10-16,12.68,12.33,12.70,12.20,13489,16750000,-0.40,-3.14,3.93,1.91
2013-10-17,12.39,12.39,12.71,12.33,10114,12650000,0.06,0.49,3.08,1.43
2013-10-18,12.40,12.70,12.73,12.40,9409,11860000,0.31,2.50,2.66,1.33
2013-10-21,12.78,13.02,13.05,12.54,23427,30160000,0.32,2.52,4.02,3.31
2013-10-22,13.00,13.08,13.24,12.91,30970,40510000,0.06,0.46,2.53,4.38
2013-10-23,13.10,12.49,13.18,12.40,24847,31470000,-0.59,-4.51,5.96,3.51
2013-10-24,12.42,12.99,13.07,12.38,26460,33750000,0.50,4.00,5.52,3.74
2013-10-25,12.94,12.04,13.17,12.00,89232,111570000,-0.95,-7.31,9.01,12.61
2013-10-28,12.05,11.38,12.12,11.30,34887,40140000,-0.66,-5.48,6.81,4.93
2013-10-29,11.37,11.18,11.67,10.86,23048,25970000,-0.20,-1.76,7.12,3.26
2013-10-30,11.11,11.45,11.45,11.05,11078,12460000,0.27,2.42,3.58,1.57
2013-10-31,11.41,11.28,11.41,11.20,11637,13120000,-0.17,-1.48,1.83,1.64
2013-11-01,11.28,11.45,11.54,11.14,10694,12130000,0.17,1.51,3.55,1.51
2013-11-04,11.44,11.80,11.92,11.44,18091,21270000,0.35,3.06,4.19,2.56
2013-11-05,11.72,11.82,11.88,11.60,6710,7900000,0.02,0.17,2.37,0.95
2013-11-06,11.73,11.95,12.23,11.72,18442,22140000,0.13,1.10,4.31,2.61
2013-11-07,11.90,12.02,12.18,11.90,15868,19150000,0.07,0.59,2.34,2.24
2013-11-08,12.19,12.01,12.19,11.95,10299,12380000,-0.01,-0.08,2.00,1.46
2013-11-11,12.08,12.05,12.12,11.93,9432,11360000,0.04,0.33,1.58,1.33
2013-11-12,12.00,12.01,12.06,11.90,19684,23560000,-0.04,-0.33,1.33,2.78
2013-11-13,12.02,11.98,12.17,11.95,9714,11720000,-0.03,-0.25,1.83,1.37
2013-11-14,11.92,12.37,12.59,11.81,18921,23240000,0.39,3.26,6.51,2.67
2013-11-15,12.37,12.60,12.82,12.37,23181,29330000,0.23,1.86,3.64,3.28
2013-11-18,12.76,12.73,12.83,12.60,19948,25350000,0.13,1.03,1.83,2.82
2013-11-19,12.72,12.81,13.09,12.60,18070,23240000,0.08,0.63,3.85,2.55
2013-11-20,12.90,12.84,12.97,12.66,12867,16470000,0.03,0.23,2.42,1.82
2013-11-21,12.79,12.57,12.79,12.51,10930,13770000,-0.27,-2.10,2.18,1.54
2013-11-22,12.56,12.75,12.99,12.56,12646,16180000,0.18,1.43,3.42,1.79
2013-11-25,12.75,12.89,12.89,12.55,14303,18300000,0.14,1.10,2.67,2.02
2013-11-26,12.87,13.26,13.28,12.67,35797,46560000,0.37,2.87,4.73,5.06
2013-11-27,13.18,13.86,14.31,13.08,59196,81320000,0.60,4.52,9.28,8.37
2013-11-28,13.85,13.83,13.99,13.68,35721,49300000,-0.03,-0.22,2.24,5.05
2013-11-29,13.74,14.11,14.24,13.74,34252,48180000,0.28,2.02,3.62,4.84
2013-12-02,13.00,13.03,13.36,12.86,56193,73440000,-1.08,-7.65,3.54,7.94
2013-12-03,13.02,12.82,13.02,12.12,19092,24210000,-0.21,-1.61,6.91,2.70
2013-12-04,12.78,12.74,13.10,12.60,17984,23160000,-0.08,-0.62,3.90,2.54
2013-12-05,12.65,12.53,12.70,12.42,22121,27760000,-0.21,-1.65,2.20,3.13
2013-12-06,12.49,12.55,12.70,12.47,15566,19530000,0.02,0.16,1.84,2.20
2013-12-09,12.67,12.78,12.79,12.50,13713,17380000,0.23,1.83,2.31,1.94
2013-12-10,12.78,13.03,13.23,12.72,21607,28130000,0.25,1.96,3.99,3.05
2013-12-11,13.45,14.31,14.33,13.30,169362,236560000,1.28,9.82,7.90,23.93
2013-12-12,13.55,13.85,14.12,13.41,109523,151060000,-0.46,-3.21,4.96,15.48
2013-12-13,13.60,13.48,13.75,13.43,53576,72680000,-0.37,-2.67,2.31,7.57
2013-12-16,13.33,14.50,14.83,13.32,126901,181690000,1.02,7.57,11.20,17.93
2013-12-17,14.26,15.12,15.51,14.00,139282,207510000,0.62,4.28,10.41,19.68
2013-12-18,15.05,14.45,15.05,14.28,77072,111950000,-0.67,-4.43,5.09,10.89
2013-12-19,14.52,13.95,14.86,13.84,78338,111390000,-0.50,-3.46,7.06,11.07
2013-12-20,13.95,14.21,14.50,13.66,63053,89270000,0.26,1.86,6.02,8.91
2013-12-23,14.02,13.40,14.09,13.24,53284,72170000,-0.81,-5.70,5.98,7.53
2013-12-24,13.20,13.54,13.74,13.20,42384,57180000,0.14,1.04,4.03,5.99
2013-12-25,13.45,14.28,14.44,13.31,57922,81200000,0.74,5.47,8.35,8.19
2013-12-26,14.17,14.72,15.30,13.96,108744,160120000,0.44,3.08,9.38,15.37
2013-12-27,14.51,14.79,15.18,14.37,85603,127180000,0.07,0.48,5.50,12.10
2013-12-30,14.86,15.28,15.47,14.55,83373,125090000,0.49,3.31,6.22,11.78
2013-12-31,15.01,14.45,15.16,14.33,65911,96630000,-0.83,-5.43,5.43,9.31
2014-01-02,14.42,14.99,15.10,14.42,59885,88910000,0.54,3.74,4.71,8.46
2014-01-03,14.99,15.51,15.76,14.79,99836,153450000,0.52,3.47,6.47,14.11
2014-01-06,15.38,14.73,15.55,14.63,93417,140020000,-0.78,-5.03,5.93,13.20
2014-01-07,14.54,14.93,15.14,14.53,65312,97340000,0.20,1.36,4.14,9.23
2014-01-08,14.99,15.10,15.77,14.68,184072,280110000,0.17,1.14,7.30,26.01
2014-01-09,14.70,13.59,14.70,13.59,175584,247180000,-1.51,-10.00,7.35,24.81
2014-01-10,13.50,13.51,13.81,13.21,57778,78080000,-0.08,-0.59,4.42,8.16
2014-01-13,13.44,13.64,13.79,13.42,36195,49370000,0.13,0.96,2.74,5.11
2014-01-14,13.71,14.09,14.15,13.50,55603,77060000,0.45,3.30,4.77,7.86
2014-01-15,14.09,14.13,14.28,13.86,52656,73910000,0.04,0.28,2.98,7.44
2014-01-16,14.19,14.10,14.50,14.04,63530,90740000,-0.03,-0.21,3.26,8.98
2014-01-17,14.00,14.08,14.28,13.77,41951,58690000,-0.02,-0.14,3.62,5.93
2014-01-20,14.01,13.50,14.15,13.41,36437,50010000,-0.58,-4.12,5.26,5.15
2014-01-21,13.49,13.97,13.98,13.49,39686,54610000,0.47,3.48,3.63,5.61
2014-01-22,13.95,14.60,14.86,13.83,94720,135350000,0.63,4.51,7.37,13.39
2014-01-23,14.50,14.81,15.10,14.36,99780,147020000,0.21,1.44,5.07,14.10
2014-01-24,14.61,15.27,15.77,14.56,120821,185420000,0.46,3.11,8.17,17.07
2014-01-27,15.29,15.07,15.64,15.05,93700,143620000,-0.20,-1.31,3.86,13.24
2014-01-28,14.81,15.62,15.62,14.48,121256,181310000,0.55,3.65,7.56,17.14
2014-01-29,15.55,16.22,16.55,15.36,124542,198330000,0.60,3.84,7.62,17.60
2014-01-30,16.07,16.40,16.49,15.91,73217,119110000,0.18,1.11,3.58,10.35
2014-02-07,16.03,16.78,16.83,15.80,79079,128650000,0.38,2.32,6.28,11.18
2014-02-10,16.63,16.91,17.22,16.41,83842,140760000,0.13,0.77,4.83,11.85
2014-02-11,16.80,16.63,16.90,15.95,79588,131050000,-0.28,-1.66,5.62,11.25
2014-02-12,16.58,16.80,16.86,16.19,60321,99950000,0.17,1.02,4.03,8.52
2014-02-13,16.64,16.00,16.77,16.00,64596,105340000,-0.80,-4.76,4.58,9.13
2014-02-14,15.96,16.78,16.96,15.70,77924,126760000,0.78,4.88,7.88,11.01
2014-02-17,16.73,17.28,17.77,16.73,73054,126880000,0.50,2.98,6.20,10.32
2014-02-18,17.20,17.76,18.20,17.03,72380,128010000,0.48,2.78,6.77,10.23
2014-02-19,17.55,17.43,17.92,17.26,49266,86260000,-0.33,-1.86,3.72,6.96
2014-02-20,17.95,17.13,19.00,16.88,67892,119210000,-0.30,-1.72,12.16,9.59
2014-02-21,16.90,17.32,17.87,16.64,41437,71520000,0.19,1.11,7.18,5.86
2014-02-24,17.31,17.40,17.50,16.88,32993,57010000,0.08,0.46,3.58,4.66
2014-02-25,17.26,16.98,18.60,16.50,95273,168530000,-0.42,-2.41,12.07,13.46
2014-02-26,16.51,17.26,17.30,15.71,46078,76320000,0.28,1.65,9.36,6.51
2014-02-27,17.21,17.05,18.20,16.75,59046,103490000,-0.21,-1.22,8.40,8.34
2014-02-28,16.93,16.96,17.20,16.01,48056,79070000,-0.09,-0.53,6.98,6.79
2014-03-03,16.51,17.03,17.06,16.30,44204,74040000,0.07,0.41,4.48,6.25
2014-03-04,16.80,18.06,18.16,16.80,81994,144000000,1.03,6.05,7.99,11.59
2014-03-05,17.91,18.03,18.39,17.66,50307,90620000,-0.03,-0.17,4.04,7.11
2014-03-06,17.99,18.72,18.99,17.51,54481,99850000,0.69,3.83,8.21,7.70
2014-03-07,18.54,19.95,20.59,18.54,105994,210370000,1.23,6.57,10.95,14.98
2014-03-10,20.10,19.86,20.67,19.40,104349,209480000,-0.09,-0.45,6.37,14.75
2014-03-11,19.40,19.78,19.86,18.50,63200,121890000,-0.08,-0.40,6.85,8.93
2014-03-12,19.50,19.43,19.90,18.79,55251,107080000,-0.35,-1.77,5.61,7.81
2014-03-13,19.25,20.36,20.55,19.25,54635,109480000,0.93,4.79,6.69,7.72
2014-03-14,20.21,20.20,20.27,19.50,40515,80350000,-0.16,-0.79,3.78,5.73
2014-03-17,20.05,20.80,20.80,19.62,52492,105930000,0.60,2.97,5.84,7.42
2014-03-18,20.87,20.67,20.98,20.31,46604,96130000,-0.13,-0.63,3.22,6.59
2014-03-19,20.50,20.78,21.00,20.10,39811,81400000,0.11,0.53,4.35,5.63
2014-03-20,20.55,19.63,20.97,19.63,63567,127390000,-1.15,-5.53,6.45,8.98
2014-03-21,19.27,19.55,19.85,18.74,40093,77550000,-0.08,-0.41,5.65,5.67
2014-04-29,17.80,17.60,18.01,17.60,41252,72790000,-1.95,-9.97,2.10,5.83
2014-04-30,17.84,18.75,18.90,17.51,29206,52630000,1.15,6.53,7.90,4.13
2014-05-05,18.40,18.63,19.37,18.38,37747,71440000,-0.12,-0.64,5.28,5.33
2014-05-06,18.86,18.75,19.45,18.62,33388,63550000,0.12,0.64,4.46,4.72
2014-05-07,18.89,18.50,18.97,18.47,22424,41940000,-0.25,-1.33,2.67,3.17
2014-05-08,18.45,18.53,18.80,18.20,12975,24100000,0.03,0.16,3.24,1.83
2014-05-09,18.60,18.11,18.65,17.95,15167,27830000,-0.42,-2.27,3.78,2.14
2014-05-12,18.35,18.02,18.50,17.70,18404,33490000,-0.09,-0.50,4.42,2.60
2014-05-13,18.11,18.84,18.87,17.86,29640,54710000,0.82,4.55,5.60,4.19
2014-05-14,18.84,18.59,18.84,18.57,11774,21990000,-0.25,-1.33,1.43,1.66
2014-05-15,18.76,17.92,18.76,17.90,21102,38290000,-0.67,-3.60,4.63,2.98
2014-05-16,17.97,17.14,18.00,16.98,24817,43030000,-0.78,-4.35,5.69,3.51
2014-08-20,18.74,18.74,18.74,18.74,413,770000,1.70,9.98,0.00,0.06
2014-08-21,20.61,20.61,20.61,20.61,687,1420000,1.87,9.98,0.00,0.10
2014-08-22,22.67,22.67,22.67,22.20,219401,497200000,2.06,10.00,2.28,31.00
2014-08-25,23.00,24.94,24.94,22.98,237193,573970000,2.27,10.01,8.65,33.52
2014-08-26,24.30,24.37,24.65,23.73,144942,349840000,-0.57,-2.29,3.69,20.48
2014-08-27,25.10,26.30,26.79,24.74,161958,416450000,1.93,7.92,8.41,22.89
2014-08-28,25.13,25.00,25.90,24.90,88262,224240000,-1.30,-4.94,3.80,12.47
2014-08-29,24.63,25.11,26.19,24.63,58011,147850000,0.11,0.44,6.24,8.20
2014-09-01,24.91,25.88,25.88,24.44,65911,166180000,0.77,3.07,5.73,9.31
2014-09-02,26.00,25.70,26.80,25.44,86940,225600000,-0.18,-0.70,5.26,12.29
2014-09-03,25.50,26.40,26.58,25.50,66733,172950000,0.70,2.72,4.20,9.43
2014-09-04,26.30,26.73,27.15,25.80,60659,160000000,0.33,1.25,5.11,8.57
2014-09-05,26.73,26.34,27.50,25.90,58700,156920000,-0.39,-1.46,5.99,8.30
2014-09-09,26.01,25.47,26.01,24.80,72019,182850000,-0.87,-3.30,4.59,10.18
2014-09-10,25.30,25.90,25.95,25.18,40641,104600000,0.43,1.69,3.02,5.74
2014-09-11,26.10,26.03,26.85,25.76,73267,193240000,0.13,0.50,4.21,10.35
2014-09-12,26.03,26.27,26.59,25.51,34677,90750000,0.24,0.92,4.15,4.90
2014-09-15,26.18,27.48,28.00,26.15,70678,191410000,1.21,4.61,7.04,9.99
2014-09-16,27.20,25.78,27.54,25.60,48855,129900000,-1.70,-6.19,7.06,6.90
2014-09-17,25.99,25.90,26.16,25.40,21585,55730000,0.12,0.47,2.95,3.05
2014-09-18,25.88,26.58,26.63,25.60,23345,61260000,0.68,2.63,3.98,3.30
2014-09-19,26.85,26.91,27.28,26.31,34376,91950000,0.33,1.24,3.65,4.86
2014-09-22,26.70,26.24,26.84,25.81,34339,89990000,-0.67,-2.49,3.83,4.85
2014-09-23,26.23,26.65,26.65,25.50,23302,61370000,0.41,1.56,4.38,3.29
2014-09-24,26.60,26.50,26.81,26.28,23563,62400000,-0.15,-0.56,1.99,3.33
2014-09-25,26.75,25.90,26.78,25.80,27158,71300000,-0.60,-2.26,3.70,3.84
2014-09-26,25.70,26.07,26.10,25.15,26943,68970000,0.17,0.66,3.67,3.81
2014-09-29,26.00,25.92,26.29,25.70,18844,49000000,-0.15,-0.58,2.26,2.66
2014-09-30,25.93,26.19,26.65,25.92,25827,68000000,0.27,1.04,2.82,3.65
2014-10-08,26.05,27.76,28.38,25.92,58689,160630000,1.57,5.99,9.39,8.29
2014-10-09,27.84,27.40,28.23,26.63,36192,99480000,-0.36,-1.30,5.76,5.11
2014-10-10,27.20,27.07,27.48,26.80,14083,37970000,-0.33,-1.20,2.48,1.99
2014-10-13,27.08,26.74,27.14,26.18,19461,51570000,-0.33,-1.22,3.55,2.75
2014-10-14,26.90,26.50,27.02,26.27,14261,37940000,-0.24,-0.90,2.80,2.02
2014-10-15,26.54,24.97,26.54,24.83,50987,129420000,-1.53,-5.77,6.45,7.21
2014-10-16,24.80,24.09,25.45,23.88,35281,87550000,-0.88,-3.52,6.29,4.99
2014-10-17,24.00,24.03,24.27,23.60,21460,51400000,-0.06,-0.25,2.78,3.03
2014-10-20,24.09,24.05,24.68,23.96,25854,62730000,0.02,0.08,3.00,3.65
2014-10-21,24.05,23.99,24.16,23.41,24729,58760000,-0.06,-0.25,3.12,3.49
2014-10-22,24.06,23.53,24.15,23.40,18528,43790000,-0.46,-1.92,3.13,2.62
2014-10-23,23.50,22.48,23.59,22.46,20138,46110000,-1.05,-4.46,4.80,2.85
2014-10-24,22.40,22.72,23.08,22.26,12928,29430000,0.24,1.07,3.65,1.83
2014-10-27,22.68,23.20,23.42,22.33,14265,32930000,0.48,2.11,4.80,2.02
2014-10-28,23.45,24.07,24.10,23.30,18546,44150000,0.87,3.75,3.45,2.62
2014-10-29,24.23,24.10,24.95,24.07,27615,67670000,0.03,0.12,3.66,3.90
2014-10-30,24.28,23.70,24.39,23.36,41945,99440000,-0.40,-1.66,4.27,5.93
2014-10-31,23.70,23.01,23.78,22.95,20371,47150000,-0.69,-2.91,3.50,2.88
2014-11-03,23.00,23.26,23.53,23.00,10417,24270000,0.25,1.09,2.30,1.47
2014-11-04,23.31,23.60,23.63,23.31,17051,40070000,0.34,1.46,1.38,2.41
2014-11-05,23.60,24.67,24.75,23.50,39340,95940000,1.07,4.53,5.30,5.56
2014-11-06,24.50,26.00,26.08,24.39,55629,142560000,1.33,5.39,6.85,7.86
2014-11-07,26.09,25.50,26.26,25.40,36650,94480000,-0.50,-1.92,3.31,5.18
2014-11-10,25.50,25.60,26.00,25.41,24737,63510000,0.10,0.39,2.31,3.50
2014-11-11,25.60,25.35,25.80,24.40,33429,83420000,-0.25,-0.98,5.47,4.72
2014-11-12,25.35,25.72,26.10,25.30,22938,59020000,0.37,1.46,3.16,3.24
2014-11-13,25.73,26.75,26.75,25.00,46095,119150000,1.03,4.00,6.80,6.51
2014-11-14,26.68,26.64,27.29,26.32,29953,80430000,-0.11,-0.41,3.63,4.23
2014-11-17,26.58,26.39,27.14,26.03,23514,62530000,-0.25,-0.94,4.17,3.32
2014-11-18,25.98,26.09,26.80,25.98,16495,43310000,-0.30,-1.14,3.11,2.33
2014-11-19,26.00,27.33,27.50,25.90,44067,118280000,1.24,4.75,6.13,6.23
2014-11-20,26.93,27.00,27.30,26.71,25881,69960000,-0.33,-1.21,2.16,3.66
2014-11-21,26.83,27.08,27.23,26.80,21504,58050000,0.08,0.30,1.59,3.04
2014-11-24,27.30,28.01,28.96,27.10,41094,115220000,0.93,3.43,6.87,5.81
2014-11-25,27.89,30.28,30.36,27.89,61229,181580000,2.27,8.10,8.82,8.65
2014-11-26,29.96,31.17,31.79,29.94,52728,164080000,0.89,2.94,6.11,7.45
2014-12-04,33.80,34.20,34.29,31.83,134976,452970000,3.03,9.72,7.89,19.07
2014-12-05,33.15,32.45,33.98,30.78,81918,263900000,-1.75,-5.12,9.36,11.58
2014-12-08,31.02,29.21,32.10,29.21,100693,300600000,-3.24,-9.98,8.91,14.23
2014-12-09,27.68,26.29,28.10,26.29,88146,235420000,-2.92,-10.00,6.20,12.46
2014-12-10,26.27,27.00,27.56,24.90,63791,169460000,0.71,2.70,10.12,9.01
2014-12-11,26.99,27.79,28.30,26.57,38879,107240000,0.79,2.93,6.41,5.49
2014-12-12,27.84,30.57,30.57,27.84,44979,131780000,2.78,10.00,9.82,6.36
2014-12-15,31.00,30.60,31.86,30.50,60082,187860000,0.03,0.10,4.45,8.49
2014-12-16,30.63,31.20,32.00,30.63,62001,193910000,0.60,1.96,4.48,8.76
2014-12-17,31.04,28.81,31.04,28.66,50021,149640000,-2.39,-7.66,7.63,7.07
2014-12-18,29.00,28.79,30.16,28.72,50418,149170000,-0.02,-0.07,5.00,7.12
2014-12-19,28.79,26.62,29.13,25.91,67596,179710000,-2.17,-7.54,11.18,9.55
2014-12-22,26.40,24.10,26.40,23.96,49891,120960000,-2.52,-9.47,9.17,7.05
2014-12-23,22.27,23.43,24.60,22.27,21365,50160000,-0.67,-2.78,9.67,3.02
2014-12-24,23.20,24.35,24.35,23.20,24951,59500000,0.92,3.93,4.91,3.53
2014-12-25,24.39,23.65,24.40,23.30,46123,109270000,-0.70,-2.87,4.52,6.52
2014-12-26,23.60,23.60,23.82,22.74,44519,103030000,-0.05,-0.21,4.57,6.29
2014-12-29,23.50,22.15,23.50,21.36,36037,80050000,-1.45,-6.14,9.07,5.09
2014-12-30,22.02,21.78,22.87,21.20,46209,101240000,-0.37,-1.67,7.54,6.53
2014-12-31,21.78,22.28,22.30,21.35,22730,49890000,0.50,2.30,4.36,3.21
2015-01-05,22.30,21.60,22.30,20.86,19236,41450000,-0.68,-3.05,6.46,2.72
2015-01-06,21.48,23.00,23.48,21.25,33734,75800000,1.40,6.48,10.32,4.77
2015-01-07,23.18,23.31,23.59,22.45,24150,55790000,0.31,1.35,4.96,3.41
2015-01-08,23.24,24.00,24.60,23.00,35406,85270000,0.69,2.96,6.86,5.00
2015-01-09,23.98,24.01,25.10,23.71,44475,109120000,0.01,0.04,5.79,6.28
2015-01-12,24.01,24.90,25.57,23.51,33209,82310000,0.89,3.71,8.58,4.69
2015-01-13,25.00,26.85,27.23,25.00,41251,109710000,1.95,7.83,8.96,5.83
2015-01-14,26.87,26.80,27.05,25.82,31582,83800000,-0.05,-0.19,4.58,4.46
2015-01-15,26.62,26.40,28.20,26.13,38708,105590000,-0.40,-1.49,7.72,5.47
2015-01-16,26.50,28.07,28.66,26.02,34670,95410000,1.67,6.33,10.00,4.90
2015-01-19,27.30,28.46,29.60,26.17,55652,157540000,0.39,1.39,12.22,7.86
2015-01-20,28.66,29.24,29.40,28.00,39032,112960000,0.78,2.74,4.92,5.52
2015-01-21,29.28,28.01,29.89,27.20,67909,192790000,-1.23,-4.21,9.20,9.60
2015-01-22,27.75,27.85,28.50,27.30,43433,120860000,-0.16,-0.57,4.28,6.14
2015-01-23,27.70,27.81,28.69,27.52,38792,108980000,-0.04,-0.14,4.20,5.48
2015-01-26,27.99,29.55,29.68,27.56,34279,99130000,1.74,6.26,7.62,4.84
2015-01-27,29.35,29.76,30.60,28.80,34909,104030000,0.21,0.71,6.09,4.93
2015-01-28,30.00,29.60,30.00,29.40,14379,42720000,-0.16,-0.54,2.02,2.03
2015-01-29,29.47,28.68,29.47,28.50,13919,40150000,-0.92,-3.11,3.28,1.97
2015-01-30,28.70,26.00,28.89,25.81,32937,89190000,-2.68,-9.34,10.74,4.65
2015-02-02,25.75,26.30,27.60,25.41,32667,86420000,0.30,1.15,8.42,4.62
2015-02-03,26.55,28.25,28.46,26.54,50477,138710000,1.95,7.41,7.30,7.13
2015-02-04,28.30,29.16,30.40,28.25,42032,124250000,0.91,3.22,7.61,5.94
2015-02-05,28.85,31.30,32.08,28.85,68677,214840000,2.14,7.34,11.08,9.71
2015-02-06,31.50,30.05,32.87,30.05,28521,89610000,-1.25,-3.99,9.01,4.03
2015-02-09,30.00,32.30,33.06,30.00,66330,213650000,2.25,7.49,10.18,9.37
2015-02-10,31.50,33.47,33.80,31.21,33646,109470000,1.17,3.62,8.02,4.75
2015-02-11,34.10,34.45,34.82,32.60,38629,131710000,0.98,2.93,6.63,5.46
2015-02-12,34.00,34.40,35.00,32.92,41449,139580000,-0.05,-0.15,6.04,5.86
2015-02-13,34.37,34.00,34.78,33.34,22684,77510000,-0.40,-1.16,4.19,3.21
2015-02-16,34.00,33.90,34.75,33.61,17658,60110000,-0.10,-0.29,3.35,2.50
2015-02-17,34.10,36.59,37.00,34.10,34964,125340000,2.69,7.94,8.55,4.94
2015-02-25,36.51,34.40,37.28,33.25,27534,97930000,-2.19,-5.99,11.01,3.89
2015-02-26,34.50,34.94,36.97,33.28,29463,103220000,0.54,1.57,10.73,4.16
2015-02-27,34.55,34.53,34.93,33.32,49520,168310000,-0.41,-1.17,4.61,7.00
2015-03-02,34.00,35.88,36.50,33.66,23705,83380000,1.35,3.91,8.22,3.35
2015-03-03,36.00,34.70,36.30,34.21,17782,62460000,-1.18,-3.29,5.83,2.51
2015-03-04,34.69,34.69,35.09,34.05,17631,61150000,-0.01,-0.03,3.00,2.49
2015-03-05,34.40,34.40,34.95,33.66,27543,93910000,-0.29,-0.84,3.72,3.89
2015-03-06,34.58,33.56,34.58,32.85,31504,105260000,-0.84,-2.44,5.03,4.45
2015-03-09,33.82,34.97,35.30,33.81,33332,115810000,1.41,4.20,4.44,4.71
2015-03-10,34.98,37.50,38.05,34.98,46297,171110000,2.53,7.23,8.78,6.54
2015-03-11,37.55,41.24,41.25,37.55,68331,277820000,3.74,9.97,9.87,9.66
2015-03-12,41.23,40.14,41.24,38.50,38892,153480000,-1.10,-2.67,6.64,5.50
2015-03-13,40.00,39.90,41.90,38.15,55456,218880000,-0.24,-0.60,9.34,7.84
2015-03-16,39.99,40.75,40.88,39.11,57079,229310000,0.85,2.13,4.44,8.07
2015-03-17,40.80,43.10,43.75,39.90,45019,188550000,2.35,5.77,9.45,6.36
2015-03-18,43.20,43.78,45.20,42.89,35397,155320000,0.68,1.58,5.36,5.00
2015-03-19,43.34,47.05,48.10,42.18,36382,160070000,3.27,7.47,13.52,5.14
2015-03-20,46.88,50.12,50.98,46.17,42495,210020000,3.07,6.53,10.22,6.01
2015-03-23,49.97,51.00,52.20,48.80,34144,172360000,0.88,1.76,6.78,4.83
2015-03-24,50.50,51.32,51.82,46.80,44145,219030000,0.32,0.63,9.84,6.24
2015-03-25,50.55,49.20,51.00,48.80,40527,201280000,-2.12,-4.13,4.29,5.73
2015-03-26,48.30,44.28,48.30,44.28,54471,245650000,-4.92,-10.00,8.17,7.70
2015-03-27,44.86,47.60,48.69,43.01,47715,220370000,3.32,7.50,12.83,6.74
2015-03-30,48.55,46.05,48.56,45.45,33595,157110000,-1.55,-3.26,6.53,4.75
2015-03-31,45.80,48.70,49.80,43.00,42272,199870000,2.65,5.75,14.77,5.97
2015-04-01,48.70,49.71,51.20,48.40,25880,129530000,1.01,2.07,5.75,3.66
2015-04-02,49.80,53.78,54.24,49.00,31815,165850000,4.07,8.19,10.54,4.50
2015-04-03,53.00,56.65,58.00,52.44,30818,171240000,2.87,5.34,10.34,4.36
2015-04-07,55.94,54.80,56.57,54.45,24938,137300000,-1.85,-3.27,3.74,3.52
2015-04-08,54.44,52.39,54.80,49.32,27555,143670000,-2.41,-4.40,10.00,3.89
2015-04-09,51.81,53.22,53.22,47.47,26619,133300000,0.83,1.58,10.98,3.76
2015-04-10,50.90,52.72,53.50,50.00,21672,112790000,-0.50,-0.94,6.58,3.06
2015-04-13,52.76,51.82,54.24,49.41,44604,230990000,-0.90,-1.71,9.16,6.30
2015-04-14,51.11,49.18,52.50,48.50,31618,158850000,-2.64,-5.09,7.72,4.47
2015-04-15,49.30,47.81,50.29,45.00,22381,106190000,-1.37,-2.79,10.76,3.16
2015-04-16,46.00,47.00,49.50,44.00,15787,75570000,-0.81,-1.69,11.50,2.23
2015-04-17,47.00,44.18,48.25,43.71,45252,204890000,-2.82,-6.00,9.66,6.39
2015-04-20,44.23,44.00,46.49,43.00,22467,100830000,-0.18,-0.41,7.90,3.18
2015-04-21,44.00,48.40,48.40,44.00,31900,149640000,4.40,10.00,10.00,4.51
2015-04-22,49.30,50.55,52.00,48.38,31639,159720000,2.15,4.44,7.48,4.47
2015-04-23,50.30,51.07,52.00,50.00,26449,134930000,0.52,1.03,3.96,3.74
2015-04-24,49.01,50.13,50.95,47.55,32334,158940000,-0.94,-1.84,6.66,4.57
2015-04-27,50.01,51.95,54.56,49.58,45347,236120000,1.82,3.63,9.93,6.41
2015-04-28,51.99,53.67,55.38,50.90,33654,177420000,1.72,3.31,8.62,4.76
2015-04-29,53.67,59.04,59.04,52.22,33738,192230000,5.37,10.01,12.71,4.77
2015-04-30,61.39,62.12,64.94,60.00,43558,273310000,3.08,5.22,8.37,6.16
2015-05-04,61.00,60.25,64.90,58.00,17692,107850000,-1.87,-3.01,11.11,2.50
2015-05-05,62.25,55.80,62.27,55.55,19830,114100000,-4.45,-7.39,11.15,2.80
2015-05-06,55.80,57.00,60.98,55.80,19282,112940000,1.20,2.15,9.28,2.72
2015-05-07,57.21,57.76,57.90,53.50,25557,141590000,0.76,1.33,7.72,3.61
2015-05-08,57.76,62.29,62.50,57.70,27638,167130000,4.53,7.84,8.31,3.91
2015-05-11,63.29,65.00,67.96,60.86,32408,210180000,2.71,4.35,11.40,4.58
2015-05-12,65.30,64.06,66.00,61.50,45530,290230000,-0.94,-1.45,6.92,6.43
2015-05-13,64.04,67.05,70.47,62.10,31674,211580000,2.99,4.67,13.07,4.48
2015-05-14,66.68,64.50,70.00,62.50,19826,130180000,-2.55,-3.80,11.19,2.80
2015-05-15,63.00,69.00,70.50,61.60,24799,163780000,4.50,6.98,13.80,3.50
2015-05-18,67.78,75.90,75.90,67.78,34553,256670000,6.90,10.00,11.77,4.88
2015-05-19,76.10,81.31,83.46,73.15,20141,154790000,5.41,7.13,13.58,2.85
2015-05-20,81.46,82.48,87.50,79.04,19867,165390000,1.17,1.44,10.40,2.81
2015-05-21,82.49,90.00,90.73,80.15,27223,237150000,7.52,9.12,12.83,3.85
2015-05-22,90.00,83.70,93.08,83.66,32686,280730000,-6.30,-7.00,10.47,4.62
2015-05-25,78.00,77.62,82.00,77.61,36512,288180000,-6.08,-7.26,5.24,5.16
2015-05-26,77.88,83.15,83.51,77.86,32395,259720000,5.53,7.12,7.28,4.58
2015-05-27,83.15,79.20,83.30,78.00,27196,216560000,-3.95,-4.75,6.37,3.84
2015-05-28,79.20,71.28,80.48,71.28,29954,225340000,-7.92,-10.00,11.62,4.23
2015-05-29,71.46,74.82,76.95,67.11,21714,159310000,3.54,4.97,13.80,3.07
2015-06-01,75.01,77.00,77.50,75.00,22932,175290000,2.18,2.91,3.34,3.24
2015-06-02,77.00,81.36,82.30,76.85,21532,172370000,4.36,5.66,7.08,3.04
2015-06-03,82.01,81.42,82.10,76.00,23477,187120000,0.06,0.07,7.50,3.32
2015-06-04,80.29,79.98,84.58,75.80,47886,380010000,-1.44,-1.77,10.78,6.77
2015-06-05,81.20,81.45,82.10,79.01,26875,216760000,1.47,1.84,3.86,3.80
2015-06-08,81.30,80.77,81.49,76.50,26278,207310000,-0.68,-0.83,6.13,3.71
2015-06-09,81.00,78.50,81.18,75.78,27646,217500000,-2.27,-2.81,6.69,3.91
2015-06-10,77.40,78.30,78.49,75.00,25921,197800000,-0.20,-0.25,4.45,3.66
2015-06-11,78.00,78.67,79.25,76.15,23758,185390000,0.37,0.47,3.96,3.36
2015-06-12,78.67,86.54,86.54,77.45,34144,287630000,7.87,10.00,11.55,4.83
2015-06-15,90.00,84.02,91.20,83.26,32501,286990000,-2.52,-2.91,9.17,4.59
2015-06-16,81.60,75.70,83.20,75.62,34096,264020000,-8.32,-9.90,9.02,4.82
2015-06-17,76.00,73.20,77.80,68.13,60155,429140000,-2.50,-3.30,12.77,8.50
2015-06-18,73.00,69.85,73.18,68.00,35872,253220000,-3.35,-4.58,7.08,5.07
2015-06-19,68.90,64.03,69.01,62.87,40767,264610000,-5.82,-8.33,8.79,5.76
2015-06-23,64.03,63.90,65.00,58.00,23150,143090000,-0.13,-0.20,10.93,3.27
2015-06-24,66.20,61.70,66.50,58.70,29906,185900000,-2.20,-3.44,12.21,4.23
2015-06-25,62.00,62.50,64.00,61.00,39585,248490000,0.80,1.30,4.86,5.59
2015-06-26,60.50,56.21,63.57,56.21,39860,236180000,-6.25,-10.01,11.78,5.63
2015-06-29,59.45,50.59,59.45,50.59,54043,290750000,-5.62,-10.00,15.76,7.64
2015-06-30,46.42,50.60,55.50,45.53,46627,229550000,0.01,0.02,19.71,6.59
2015-07-01,50.40,45.54,53.50,45.54,38730,198430000,-5.06,-10.00,15.73,5.47
2015-07-02,45.54,40.99,47.33,40.99,54540,229160000,-4.55,-9.99,13.92,7.71
2015-07-03,37.20,36.89,41.50,36.89,69307,261350000,-4.10,-10.00,11.25,9.79
2015-07-06,39.50,33.20,39.50,33.20,64635,235240000,-3.69,-10.00,17.08,9.13
2015-07-20,36.52,36.52,36.52,36.52,286,1040000,3.32,10.00,0.00,0.04
2015-07-21,40.17,40.17,40.17,40.17,17716,71170000,3.65,9.99,0.00,2.50
2015-07-22,43.88,44.19,44.19,42.88,80522,353430000,4.02,10.01,3.26,11.38
2015-07-23,47.80,48.61,48.61,46.05,121430,582460000,4.42,10.00,5.79,17.16
2015-07-24,50.00,53.47,53.47,48.88,100886,520310000,4.86,10.00,9.44,14.26
2015-07-27,53.00,48.12,55.83,48.12,92323,482770000,-5.35,-10.01,14.42,13.05
2015-07-28,43.31,43.31,48.78,43.31,93271,410010000,-4.81,-10.00,11.37,13.18
2015-07-29,43.40,45.70,46.00,39.01,89247,376570000,2.39,5.52,16.14,12.61
2015-07-30,46.00,42.11,48.20,42.00,64437,296030000,-3.59,-7.86,13.57,9.11
2015-07-31,42.11,38.50,43.35,38.15,36812,149550000,-3.61,-8.57,12.35,5.20
2015-08-03,37.50,34.65,37.50,34.65,52295,183310000,-3.85,-10.00,7.40,7.39
2015-08-04,35.00,38.12,38.12,34.75,71685,265210000,3.47,10.01,9.73,10.13
2015-08-05,38.97,38.80,40.87,37.90,40512,159590000,0.68,1.78,7.79,5.72
2015-08-06,37.31,39.01,39.80,36.00,27963,107790000,0.21,0.54,9.79,3.95
2015-08-07,39.20,42.91,42.91,39.20,34115,143730000,3.90,10.00,9.51,4.82
2015-08-10,44.40,47.20,47.20,43.76,51901,237370000,4.29,10.00,8.02,7.33
2015-08-11,48.00,45.51,48.50,44.88,36957,172300000,-1.69,-3.58,7.67,5.22
2015-08-12,45.66,43.20,45.66,43.15,28389,125830000,-2.31,-5.08,5.52,4.01
2015-08-13,43.20,46.40,46.47,42.30,33496,147970000,3.20,7.41,9.65,4.73
2015-08-14,48.00,45.00,48.58,44.45,34659,161340000,-1.40,-3.02,8.90,4.90
2015-08-17,45.20,44.49,45.33,43.42,17982,79420000,-0.51,-1.13,4.24,2.54
2015-08-18,43.98,40.04,44.60,40.04,42468,177410000,-4.45,-10.00,10.25,6.00
2015-08-19,36.99,41.00,42.20,36.04,63706,238090000,0.96,2.40,15.38,9.00
2015-08-20,39.80,38.08,39.97,37.48,32715,126770000,-2.92,-7.12,6.07,4.62
2015-08-21,36.90,35.09,37.83,35.00,25304,91790000,-2.99,-7.85,7.43,3.58
2015-08-24,32.56,31.58,32.56,31.58,19932,63120000,-3.51,-10.00,2.79,2.82
2015-08-25,28.42,28.42,29.18,28.42,24830,70740000,-3.16,-10.01,2.41,3.51
2015-08-26,28.45,25.58,28.85,25.58,41115,109790000,-2.84,-9.99,11.51,5.81
2015-08-27,26.20,24.98,27.49,23.02,73746,182440000,-0.60,-2.35,17.47,10.42
2015-08-28,25.32,27.48,27.48,23.80,86020,217470000,2.50,10.01,14.73,12.16
2015-08-31,27.00,24.73,27.70,24.73,70402,184460000,-2.75,-10.01,10.81,9.95
2015-09-01,23.90,22.26,23.90,22.26,44490,100360000,-2.47,-9.99,6.63,6.29
2015-09-02,20.20,20.51,23.78,20.03,60098,127670000,-1.75,-7.86,16.85,8.49
2015-09-07,20.99,22.45,22.56,20.99,71325,158420000,1.94,9.46,7.65,10.08
2015-09-08,21.81,24.70,24.70,21.65,67649,154690000,2.25,10.02,13.59,9.56
2015-09-09,25.00,26.61,26.97,25.00,66560,174080000,1.91,7.73,7.98,9.41
2015-09-10,25.71,25.78,26.98,25.38,35207,92280000,-0.83,-3.12,6.01,4.98
2015-09-11,25.99,26.49,27.10,25.54,45131,118830000,0.71,2.75,6.05,6.38
2015-09-14,26.80,23.84,26.80,23.84,42549,106950000,-2.65,-10.00,11.17,6.01
2015-09-15,21.97,21.46,22.87,21.46,41725,91510000,-2.38,-9.98,5.91,5.90
2015-09-16,21.54,23.61,23.61,21.46,43895,98180000,2.15,10.02,10.02,6.20
2015-09-17,23.98,23.31,25.55,23.20,45664,111830000,-0.30,-1.27,9.95,6.45
2015-09-18,23.58,25.62,25.62,23.49,48012,117410000,2.31,9.91,9.14,6.78
2015-09-21,25.10,27.85,28.05,24.62,69459,184700000,2.23,8.70,13.39,9.82
2015-09-22,27.90,27.13,28.33,26.30,55653,152050000,-0.72,-2.59,7.29,7.86
2015-09-23,26.70,27.09,27.90,26.00,51679,139690000,-0.04,-0.15,7.00,7.30
2015-09-24,27.03,27.86,28.64,27.00,50227,140770000,0.77,2.84,6.05,7.10
2015-09-25,27.21,25.38,27.72,25.09,44312,115480000,-2.48,-8.90,9.44,6.26
2015-09-28,25.48,26.98,27.27,25.02,37046,97740000,1.60,6.30,8.87,5.24
2015-09-29,26.33,27.29,27.46,25.65,51229,136850000,0.31,1.15,6.71,7.24
2015-09-30,27.40,26.75,27.58,25.82,41088,110070000,-0.54,-1.98,6.45,5.81
2015-10-08,27.77,28.76,28.95,27.03,56383,158830000,2.01,7.51,7.18,7.97
2015-10-09,28.56,28.71,28.90,27.96,48105,136400000,-0.05,-0.17,3.27,3.70
2015-10-12,29.12,31.10,31.57,28.70,63431,194070000,2.39,8.32,10.00,4.88
2015-10-13,30.88,31.71,32.45,30.39,38102,120080000,0.61,1.96,6.62,2.93
2015-10-14,31.90,30.52,31.99,30.34,46721,144830000,-1.19,-3.75,5.20,3.59
2015-10-15,29.99,32.15,32.19,29.69,42451,132580000,1.63,5.34,8.19,3.27
2015-10-16,32.50,33.04,33.32,31.48,48231,157090000,0.89,2.77,5.72,3.71
2015-10-19,33.06,31.60,33.06,30.90,40845,130090000,-1.44,-4.36,6.54,3.14
2015-10-20,31.66,32.95,33.22,31.28,51486,166590000,1.35,4.27,6.14,3.96
2015-10-21,33.50,30.00,34.43,29.66,75964,247240000,-2.95,-8.95,14.48,5.84
2015-10-22,29.71,32.14,32.60,29.70,46305,143770000,2.14,7.13,9.67,3.56
2015-10-23,32.30,35.35,35.35,32.30,81930,277000000,3.21,9.99,9.49,6.30
2015-10-26,36.79,34.50,36.79,33.80,56005,194020000,-0.85,-2.40,8.46,4.31
2015-10-27,33.99,35.53,36.50,32.00,51793,175950000,1.03,2.99,13.04,3.98
2015-10-28,34.70,33.63,35.40,33.39,37941,130830000,-1.90,-5.35,5.66,2.92
2015-10-29,34.20,33.36,34.45,32.00,34852,116880000,-0.27,-0.80,7.29,2.68
2015-10-30,33.20,33.59,34.55,32.34,41932,140830000,0.23,0.69,6.62,3.23
2015-11-02,32.88,33.59,35.56,32.01,46384,157010000,0.00,0.00,10.57,3.57
2015-11-03,33.78,34.24,35.00,32.96,42797,144990000,0.65,1.94,6.07,3.29
2015-11-04,34.80,37.66,37.66,34.60,65473,240720000,3.42,9.99,8.94,5.04
2015-11-05,38.29,36.95,38.50,36.70,55087,206750000,-0.71,-1.89,4.78,4.24
2015-11-06,36.67,38.56,38.86,36.67,37463,143120000,1.61,4.36,5.93,2.88
2015-11-09,40.20,41.95,42.42,39.04,71727,296920000,3.39,8.79,8.77,5.52
2015-11-10,41.74,41.30,42.37,40.38,41441,171590000,-0.65,-1.55,4.74,3.19
2015-11-11,41.10,42.73,42.96,40.50,38173,160370000,1.43,3.46,5.96,2.94
2015-11-12,43.00,42.80,43.30,41.00,45731,192110000,0.07,0.16,5.38,3.52
2015-11-13,41.78,42.31,43.80,40.33,44538,188680000,-0.49,-1.14,8.11,3.43
2015-11-16,40.90,44.43,44.85,40.67,42049,181180000,2.12,5.01,9.88,3.23
2015-11-17,44.80,45.60,46.43,43.60,44452,199840000,1.17,2.63,6.37,3.42
2015-11-18,45.02,44.34,46.28,43.70,33402,150260000,-1.26,-2.76,5.66,2.57
2015-11-19,44.33,48.00,48.22,43.36,48778,225460000,3.66,8.25,10.96,3.75
2015-11-20,47.67,47.98,49.57,46.40,48242,232960000,-0.02,-0.04,6.60,3.71
2015-11-23,47.01,45.90,48.45,45.84,24351,114530000,-2.08,-4.34,5.44,1.87
2015-11-24,45.06,45.54,45.95,44.30,34045,152940000,-0.36,-0.78,3.59,2.62
2015-11-25,45.20,46.56,48.20,45.20,36144,168940000,1.02,2.24,6.59,2.78
2015-11-26,45.90,45.77,47.79,45.64,30693,142110000,-0.79,-1.70,4.62,2.36
2015-11-27,45.36,41.20,45.99,41.19,32003,139640000,-4.57,-9.98,10.49,2.46
2015-11-30,41.96,41.61,42.35,37.11,38456,155690000,0.41,1.00,12.72,2.96
2015-12-01,41.11,39.71,42.56,39.30,26522,108460000,-1.90,-4.57,7.83,2.04
2015-12-02,39.94,37.98,39.94,36.11,35482,133280000,-1.73,-4.36,9.64,2.73
2015-12-03,38.36,41.57,41.68,38.00,35442,141680000,3.59,9.45,9.69,2.73
2015-12-04,41.00,40.40,41.48,39.52,33913,137460000,-1.17,-2.81,4.71,2.61
2015-12-07,40.50,42.80,43.00,40.31,40911,169380000,2.40,5.94,6.66,3.15
2015-12-08,42.65,43.17,43.40,42.01,36278,155160000,0.37,0.86,3.25,2.79
2015-12-09,43.17,39.80,43.17,39.67,34608,141410000,-3.37,-7.81,8.11,2.66
2015-12-10,39.77,38.65,40.00,38.51,26592,104440000,-1.15,-2.89,3.74,2.05
2015-12-11,38.60,37.40,38.67,37.30,21681,82270000,-1.25,-3.23,3.54,1.67
2015-12-14,37.10,38.96,38.98,36.60,24087,90870000,1.56,4.17,6.36,1.85
2015-12-15,38.80,40.24,40.59,38.70,20228,80870000,1.28,3.29,4.85,1.56
2015-12-16,40.50,40.70,41.70,40.24,20701,85000000,0.46,1.14,3.63,1.59
2015-12-17,41.50,44.77,44.77,40.70,46015,196550000,4.07,10.00,10.00,3.54
2015-12-18,44.10,44.00,45.78,43.14,40046,177540000,-0.77,-1.72,5.90,3.08
2015-12-21,44.40,46.93,47.94,44.37,46958,215700000,2.93,6.66,8.11,3.61
2015-12-22,46.21,49.97,50.48,45.50,54398,262690000,3.04,6.48,10.61,4.18
2015-12-23,50.00,50.40,51.39,48.47,54765,275390000,0.43,0.86,5.84,4.21
2015-12-24,50.80,55.44,55.44,49.00,81644,436990000,5.04,10.00,12.78,6.28
2015-12-25,56.98,56.99,59.50,54.13,45853,259700000,1.55,2.80,9.69,3.53
2015-12-28,57.32,53.49,57.79,53.31,37524,209120000,-3.50,-6.14,7.86,2.89
2015-12-29,54.30,52.02,54.30,49.80,43351,222740000,-1.47,-2.75,8.41,3.33
2015-12-30,51.35,57.22,57.22,51.10,43802,237590000,5.20,10.00,11.76,3.37
2015-12-31,57.51,56.10,58.88,55.30,38129,217550000,-1.12,-1.96,6.26,2.93
2016-01-04,56.00,50.49,56.00,50.49,25888,133460000,-5.61,-10.00,9.82,1.99
2016-01-05,45.45,45.44,50.39,45.44,36692,171820000,-5.05,-10.00,9.80,2.82
2016-01-06,45.96,46.71,47.15,42.90,37475,168500000,1.27,2.79,9.35,2.88
2016-01-07,45.20,42.04,45.20,42.04,7094,30420000,-4.67,-10.00,6.77,0.55
2016-01-08,42.70,38.98,42.70,37.84,52169,206200000,-3.06,-7.28,11.56,4.01
2016-01-11,38.17,35.08,38.88,35.08,34658,124400000,-3.90,-10.01,9.75,2.67
2016-01-12,34.50,32.83,35.22,31.63,51618,172540000,-2.25,-6.41,10.23,3.97
2016-01-13,33.33,31.61,34.50,31.50,41788,138630000,-1.22,-3.72,9.14,3.21
2016-01-14,29.54,33.43,33.80,29.14,55031,174170000,1.82,5.76,14.74,4.23
2016-01-15,32.89,30.99,33.51,30.18,51631,166740000,-2.44,-7.30,9.96,3.97
2016-01-18,30.02,34.09,34.09,29.88,42323,139090000,3.10,10.00,13.59,3.26
2016-01-19,35.10,36.78,37.08,34.58,60732,216460000,2.69,7.89,7.33,4.67
2016-01-20,36.00,36.56,36.98,35.15,48964,176210000,-0.22,-0.60,4.98,3.77
2016-01-21,35.81,32.90,37.48,32.90,55005,195870000,-3.66,-10.01,12.53,4.23
2016-01-22,32.70,33.34,34.28,31.71,36887,121580000,0.44,1.34,7.81,2.84
2016-01-25,34.41,35.70,35.84,33.51,62823,216050000,2.36,7.08,6.99,4.83
2016-01-26,34.88,32.13,35.20,32.13,52960,177500000,-3.57,-10.00,8.60,4.07
2016-01-27,31.63,31.20,32.12,28.93,46307,141420000,-0.93,-2.89,9.93,3.56
2016-01-28,30.30,28.58,32.13,28.15,33474,101280000,-2.62,-8.40,12.76,2.57
2016-01-29,28.00,29.83,30.98,27.01,45463,131980000,1.25,4.37,13.89,3.50
2016-02-01,29.80,28.18,29.80,27.07,29209,84060000,-1.65,-5.53,9.15,2.25
2016-02-02,27.89,31.00,31.00,27.00,53618,161030000,2.82,10.01,14.19,4.12
2016-02-03,30.30,31.44,31.57,29.51,38635,118030000,0.44,1.42,6.65,2.97
2016-02-04,31.16,32.70,34.25,31.16,42048,139010000,1.26,4.01,9.83,3.11
2016-02-05,33.00,32.14,33.20,32.14,26874,88080000,-0.56,-1.71,3.24,1.99
2016-02-15,30.01,31.25,31.88,29.95,39300,120950000,-0.89,-2.77,6.01,2.91
2016-02-16,31.80,34.02,34.38,31.77,48621,162610000,2.77,8.86,8.35,3.60
2016-02-17,33.89,34.43,34.89,33.44,37707,129120000,0.41,1.21,4.26,2.79
2016-02-18,34.74,35.85,35.98,34.12,70453,245890000,1.42,4.12,5.40,5.22
2016-02-19,36.70,36.09,36.95,35.00,49174,177210000,0.24,0.67,5.44,3.64
2016-02-22,36.26,36.44,36.66,35.62,53504,193250000,0.35,0.97,2.88,3.96
2016-02-23,36.22,35.31,36.49,34.54,39356,138660000,-1.13,-3.10,5.35,2.92
2016-02-24,34.95,34.17,36.15,32.89,44325,153750000,-1.14,-3.23,9.23,3.28
2016-02-25,34.02,30.75,34.14,30.75,55722,177880000,-3.42,-10.01,9.92,4.13
2016-02-26,31.15,30.80,32.00,28.80,39349,119310000,0.05,0.16,10.41,2.91
2016-02-29,30.01,27.72,30.67,27.72,32610,91970000,-3.08,-10.00,9.58,2.42
2016-03-01,27.80,28.11,28.69,25.26,35162,96390000,0.39,1.41,12.37,2.60
2016-03-02,27.92,30.37,30.80,27.90,47798,140850000,2.26,8.04,10.32,3.54
2016-03-03,30.38,30.57,31.25,29.81,33834,103790000,0.20,0.66,4.74,2.51
2016-03-04,30.20,28.72,31.17,28.22,25112,74710000,-1.85,-6.05,9.65,1.86
2016-03-07,28.99,29.60,30.52,28.99,22549,67320000,0.88,3.06,5.33,1.67
2016-03-08,29.60,31.99,32.55,27.91,45986,140820000,2.39,8.07,15.68,3.41
2016-03-09,30.70,31.41,33.50,30.70,38904,126610000,-0.58,-1.81,8.75,2.88
2016-03-10,31.69,30.50,32.00,30.00,22225,68470000,-0.91,-2.90,6.37,1.65
2016-03-11,30.30,29.94,30.36,29.26,15919,47510000,-0.56,-1.84,3.61,1.18
2016-03-14,30.82,31.85,32.60,30.61,41567,132160000,1.91,6.38,6.65,3.08
2016-03-15,31.80,31.33,32.60,31.14,25155,79780000,-0.52,-1.63,4.58,1.86
2016-03-16,32.88,30.37,32.88,29.80,28305,87700000,-0.96,-3.06,9.83,2.10
2016-03-17,30.60,32.75,33.00,30.23,43612,138960000,2.38,7.84,9.12,3.23
2016-03-18,32.75,36.03,36.03,32.75,70681,247420000,3.28,10.02,10.02,5.24
2016-03-21,36.25,37.55,37.61,36.25,47739,176650000,1.52,4.22,3.77,3.54
2016-03-22,36.70,37.14,38.70,36.30,39112,147360000,-0.41,-1.09,6.39,2.90
2016-03-23,37.22,40.40,40.74,37.00,51202,198630000,3.26,8.78,10.07,3.79
2016-03-24,39.08,42.20,43.37,38.50,73608,302770000,1.80,4.46,12.05,5.45
2016-03-25,41.35,41.04,42.25,39.99,33301,136440000,-1.16,-2.75,5.36,2.47
2016-03-28,41.51,39.52,42.55,39.20,31578,129010000,-1.52,-3.70,8.16,2.34
2016-03-29,40.00,39.70,40.40,38.50,37337,147090000,0.18,0.46,4.81,2.77
2016-03-30,40.21,42.00,42.89,39.60,41205,169510000,2.30,5.79,8.29,3.05
2016-03-31,42.00,44.10,44.80,41.81,37819,164830000,2.10,5.00,7.12,2.80
2016-04-01,44.75,42.69,44.82,42.01,24968,107330000,-1.41,-3.20,6.37,1.85
2016-04-05,42.90,43.22,44.14,41.20,42160,180160000,0.53,1.24,6.89,3.12
2016-04-06,43.00,42.26,43.49,41.58,28074,119080000,-0.96,-2.22,4.42,2.08
2016-04-07,42.98,40.49,42.98,40.00,27543,113840000,-1.77,-4.19,7.05,2.04
2016-04-08,41.30,40.00,41.30,39.15,31582,125760000,-0.49,-1.21,5.31,2.34
2016-04-11,41.04,40.48,41.80,40.48,31920,131080000,0.48,1.20,3.30,2.36
2016-04-12,40.91,41.50,42.81,40.50,31292,130860000,1.02,2.52,5.71,2.32
2016-04-13,41.05,41.87,43.65,41.05,30506,129700000,0.37,0.89,6.27,2.26
2016-04-14,41.92,41.31,42.44,39.80,31930,130320000,-0.56,-1.34,6.31,2.37
2016-04-15,41.30,42.50,42.50,40.47,34943,144570000,1.19,2.88,4.91,2.59
2016-04-18,42.31,41.00,42.65,40.43,27445,113950000,-1.50,-3.53,5.22,2.03
2016-04-19,41.00,41.44,41.80,40.60,16151,66410000,0.44,1.07,2.93,1.20
2016-04-20,41.33,37.30,41.83,37.30,32701,128040000,-4.14,-9.99,10.93,2.42
2016-04-21,37.00,37.60,38.98,37.00,23918,91220000,0.30,0.80,5.31,1.77
2016-04-22,36.50,39.00,39.25,36.50,24318,93360000,1.40,3.72,7.31,1.80
2016-04-25,37.75,41.28,42.30,37.75,39357,160310000,2.28,5.85,11.67,2.92
2016-04-26,41.45,42.63,44.49,41.35,45104,194370000,1.35,3.27,7.61,3.34
2016-04-27,43.20,45.61,46.00,42.30,60943,268070000,2.98,6.99,8.68,4.51
2016-04-28,45.20,44.97,46.80,44.04,38995,176890000,-0.64,-1.40,6.05,2.89
2016-04-29,45.31,45.26,45.88,43.56,43488,195460000,0.29,0.64,5.16,3.22
2016-05-03,44.76,48.00,48.68,44.10,34607,161970000,2.74,6.05,10.12,2.56
2016-05-04,47.90,46.96,49.50,46.65,23074,110520000,-1.04,-2.17,5.94,1.71
2016-05-05,47.43,46.90,47.44,45.00,18611,86440000,-0.06,-0.13,5.20,1.38
2016-05-06,46.35,45.10,47.10,44.60,25392,115990000,-1.80,-3.84,5.33,1.88
2016-05-09,44.00,43.78,44.50,41.82,38613,166370000,-1.32,-2.93,5.94,2.86
2016-05-10,42.98,43.49,43.99,42.32,29255,125920000,-0.29,-0.66,3.81,2.17
2016-05-11,44.00,40.99,44.00,40.88,31092,130490000,-2.50,-5.75,7.17,2.30
2016-05-12,39.99,43.20,43.45,38.10,33132,134430000,2.21,5.39,13.05,2.45
2016-05-13,43.00,41.10,43.50,40.85,27563,116500000,-2.10,-4.86,6.13,2.04
2016-05-16,41.10,43.50,43.50,39.63,39392,161690000,2.40,5.84,9.42,2.92
2016-05-17,43.38,45.39,46.99,42.51,43846,195670000,1.89,4.34,10.30,3.25
2016-05-18,44.60,42.39,44.76,40.85,36050,154740000,-3.00,-6.61,8.61,2.67
2016-05-19,42.25,44.46,44.99,41.24,31871,139160000,2.07,4.88,8.85,2.36
2016-05-20,43.63,44.20,44.99,42.82,21144,92820000,-0.26,-0.58,4.88,1.57
2016-05-23,44.73,47.22,48.00,44.50,38154,178480000,3.02,6.83,7.92,2.83
2016-05-24,47.77,46.75,47.78,46.26,21531,100680000,-0.47,-1.00,3.22,1.59
2016-05-25,47.03,48.46,50.01,47.03,44726,218260000,1.71,3.66,6.37,3.31
2016-08-10,44.27,44.27,47.00,43.60,76303,339350000,-4.17,-8.61,7.02,5.65
2016-08-11,43.94,45.40,48.70,43.86,70550,325230000,1.13,2.55,10.93,5.23
2016-08-12,44.44,45.00,45.60,42.80,53243,235560000,-0.40,-0.88,6.17,3.94
2016-08-15,44.50,44.95,46.10,43.50,42798,191460000,-0.05,-0.11,5.78,3.17
2016-08-16,44.70,46.11,46.80,44.20,33550,153890000,1.16,2.58,5.78,2.49
2016-08-17,45.85,47.27,48.00,45.22,35894,168930000,1.16,2.52,6.03,2.66
2016-08-18,48.00,46.18,48.00,46.10,30156,140720000,-1.09,-2.31,4.02,2.23
2016-08-19,46.12,45.08,46.48,44.80,18670,84550000,-1.10,-2.38,3.64,1.38
2016-08-22,44.91,42.27,45.57,41.45,29434,127570000,-2.81,-6.23,9.14,2.18
2016-08-23,42.00,42.57,42.75,40.14,33320,138310000,0.30,0.71,6.17,2.47
2016-08-24,42.30,42.75,42.98,41.60,24265,102390000,0.18,0.42,3.24,1.80
2016-08-25,42.21,41.67,42.60,40.61,18682,77360000,-1.08,-2.53,4.66,1.38
2016-08-26,41.50,41.81,42.46,41.50,11813,49460000,0.14,0.34,2.30,0.88
2016-08-29,41.30,41.20,41.69,40.60,12044,49340000,-0.61,-1.46,2.61,0.89
2016-08-30,41.18,41.28,41.68,40.68,9636,39710000,0.08,0.19,2.43,0.71
2016-08-31,41.29,40.50,41.40,40.13,14356,58200000,-0.78,-1.89,3.08,1.06
2016-09-01,40.50,39.50,41.00,39.50,17779,70980000,-1.00,-2.47,3.70,1.32
2016-09-02,39.62,39.17,39.89,38.20,20983,81700000,-0.33,-0.84,4.28,1.55
2016-09-05,39.23,39.16,39.70,39.10,10518,41470000,-0.01,-0.03,1.53,0.78
2016-09-06,39.80,43.08,43.08,39.38,47245,197520000,3.92,10.01,9.45,3.50
2016-09-07,42.60,41.59,43.96,41.45,38293,163670000,-1.49,-3.46,5.83,2.84
2016-09-08,41.10,41.69,42.28,41.10,15098,63000000,0.10,0.24,2.84,1.12
2016-09-09,41.97,40.80,42.00,40.80,14399,59300000,-0.89,-2.13,2.88,1.07
2016-09-12,39.41,38.56,39.95,38.40,16221,63660000,-2.24,-5.49,3.80,1.20
2016-09-13,39.00,37.51,39.38,37.46,24660,93490000,-1.05,-2.72,4.98,1.83
2016-09-14,37.00,37.50,38.49,36.83,17816,67170000,-0.01,-0.03,4.43,1.32
2016-09-19,37.52,38.07,38.28,37.52,8633,32860000,0.57,1.52,2.03,0.64
2016-09-20,38.28,37.85,38.28,37.03,7409,28050000,-0.22,-0.58,3.28,0.55
2016-09-21,37.85,37.96,38.16,37.22,7455,28190000,0.11,0.29,2.48,0.55
2016-09-22,38.18,37.80,38.50,37.51,7763,29480000,-0.16,-0.42,2.61,0.58
2016-09-23,37.98,37.87,37.98,36.30,11614,43330000,0.07,0.19,4.44,0.86
2016-09-26,37.99,37.22,37.99,37.06,10672,39950000,-0.65,-1.72,2.46,0.79
2016-09-27,37.00,37.43,37.50,36.33,11649,42990000,0.21,0.56,3.14,0.86
2016-09-28,37.30,37.90,37.90,37.15,10237,38470000,0.47,1.26,2.00,0.76
2016-09-29,37.96,37.85,38.09,37.46,8608,32480000,-0.05,-0.13,1.66,0.64
2016-09-30,37.58,38.40,39.55,37.32,14325,55460000,0.55,1.45,5.89,1.06
2016-10-10,38.41,40.01,40.20,38.41,11548,45790000,1.61,4.19,4.66,0.86
2016-10-11,39.80,39.71,40.20,39.24,11873,47020000,-0.30,-0.75,2.40,0.88
2016-10-12,39.52,39.50,39.82,39.07,7870,30980000,-0.21,-0.53,1.89,0.58
2016-10-13,39.79,39.05,39.79,38.64,14900,58010000,-0.45,-1.14,2.91,1.10
2016-10-14,38.70,38.43,38.89,38.00,11191,42860000,-0.62,-1.59,2.28,0.83
2016-10-17,38.16,37.93,38.89,37.89,8979,34470000,-0.50,-1.30,2.60,0.67
2016-10-18,38.36,38.60,38.83,37.71,11302,43260000,0.67,1.77,2.95,0.84
2016-10-19,38.50,39.33,39.99,38.50,20647,81520000,0.73,1.89,3.86,1.53
2016-10-20,39.39,39.02,39.58,38.76,11056,43260000,-0.31,-0.79,2.08,0.82
2016-10-21,38.97,38.18,39.02,37.88,8494,32580000,-0.84,-2.15,2.92,0.63
2016-10-24,38.04,38.54,38.60,37.30,12463,47540000,0.36,0.94,3.40,0.92
2016-10-25,38.32,38.05,38.54,37.90,14965,56980000,-0.49,-1.27,1.66,1.11
2016-10-26,37.82,38.01,38.46,37.72,15092,57400000,-0.04,-0.11,1.94,1.12
2016-10-27,37.96,37.81,38.00,37.65,8413,31810000,-0.20,-0.53,0.92,0.62
2016-10-28,37.98,37.84,38.25,37.81,11142,42430000,0.03,0.08,1.16,0.83
2016-10-31,37.67,38.83,39.25,37.55,19166,73820000,0.99,2.62,4.49,1.42
2016-11-01,38.75,39.28,39.56,38.62,24660,96260000,0.45,1.16,2.42,1.83
2016-11-02,39.25,39.38,40.18,38.87,22434,88960000,0.10,0.25,3.34,1.66
2016-11-03,39.29,38.60,39.75,38.50,20864,81540000,-0.78,-1.98,3.17,1.55
2016-11-04,37.88,37.95,38.83,37.78,18799,71860000,-0.65,-1.68,2.72,1.39
2016-11-07,38.07,38.13,38.49,37.80,10064,38430000,0.18,0.47,1.82,0.75
2016-11-08,38.14,38.28,38.42,37.92,11196,42660000,0.15,0.39,1.31,0.83
2016-11-09,38.20,37.63,38.32,37.20,11454,43300000,-0.65,-1.70,2.93,0.85
2016-11-10,38.00,38.08,38.47,37.88,18240,69430000,0.45,1.20,1.57,1.35
2016-11-11,37.91,38.48,38.49,37.91,14463,55170000,0.40,1.05,1.52,1.07
2016-11-14,38.48,38.72,39.50,38.48,17804,69150000,0.24,0.62,2.65,1.32
2016-11-15,38.72,38.78,38.78,38.02,16338,62660000,0.06,0.16,1.96,1.21
2016-11-16,38.88,39.36,39.98,38.71,28808,113040000,0.58,1.50,3.27,2.13
2016-11-17,38.94,43.30,43.30,38.75,76269,314650000,3.94,10.01,11.56,5.65
2016-11-18,43.30,43.54,45.58,42.57,91483,403510000,0.24,0.55,6.95,6.78
2016-11-21,43.01,44.70,44.77,42.16,91694,398840000,1.16,2.66,5.99,6.79
2016-11-22,44.00,44.16,44.99,43.90,64518,285890000,-0.54,-1.21,2.44,4.78
2016-11-23,44.15,44.83,46.06,43.28,88850,399590000,0.67,1.52,6.30,6.58
2016-11-24,44.20,43.93,44.37,43.29,50779,222330000,-0.90,-2.01,2.41,3.76
2016-11-25,43.43,43.14,43.79,42.20,53600,228900000,-0.79,-1.80,3.62,3.97
2016-11-28,42.72,41.42,43.11,41.28,49969,209770000,-1.72,-3.99,4.24,3.70
2016-11-29,41.32,41.39,42.18,41.18,37597,156830000,-0.03,-0.07,2.41,2.78
2016-11-30,41.40,41.80,41.86,40.00,41619,172150000,0.41,0.99,4.49,3.08
2016-12-01,41.96,40.84,42.00,40.80,36921,151940000,-0.96,-2.30,2.87,2.73
2016-12-02,40.89,38.62,41.19,38.45,42842,170440000,-2.22,-5.44,6.71,3.17
2016-12-05,37.82,38.19,39.08,37.51,21118,81040000,-0.43,-1.11,4.07,1.56
2016-12-06,38.22,38.71,39.64,38.22,27851,108790000,0.52,1.36,3.72,2.06
2016-12-07,38.42,39.15,39.30,38.42,16400,63960000,0.44,1.14,2.27,1.21
2016-12-08,39.14,38.20,39.15,38.18,16767,64720000,-0.95,-2.43,2.48,1.24
2016-12-09,38.11,38.23,38.71,38.10,15509,59690000,0.03,0.08,1.60,1.15
2016-12-12,38.40,34.42,38.40,34.41,37748,136680000,-3.81,-9.97,10.44,2.80
2016-12-13,33.88,34.58,34.73,33.61,26117,89060000,0.16,0.46,3.25,1.93
2016-12-14,34.63,34.60,35.25,34.40,24090,83940000,0.02,0.06,2.46,1.78
2016-12-15,34.60,34.67,35.19,34.43,16967,58950000,0.07,0.20,2.20,1.26
2016-12-16,34.70,34.81,35.04,34.27,18706,64930000,0.14,0.40,2.22,1.39
2016-12-19,34.50,33.79,34.70,33.61,15719,53370000,-1.02,-2.93,3.13,1.16
2016-12-20,33.79,33.91,34.29,33.66,10898,37080000,0.12,0.36,1.86,0.81
2016-12-21,34.09,34.09,34.49,33.70,14052,47880000,0.18,0.53,2.33,1.04
2016-12-22,34.12,36.18,36.89,33.40,35473,123240000,2.09,6.13,10.24,2.63
2016-12-23,35.51,34.58,35.87,34.50,19216,67480000,-1.60,-4.42,3.79,1.42
2016-12-26,34.36,34.80,34.96,33.51,15299,52040000,0.22,0.64,4.19,1.13
2016-12-27,34.78,34.45,34.95,34.40,10590,36690000,-0.35,-1.01,1.58,0.78
2016-12-28,34.37,34.47,34.68,34.21,10248,35270000,0.02,0.06,1.36,0.76
2016-12-29,34.50,34.02,34.98,33.98,21366,73470000,-0.45,-1.31,2.90,1.58
2016-12-30,33.90,34.55,34.90,33.43,28877,98760000,0.53,1.56,4.32,2.14
2017-01-03,34.21,34.63,34.72,34.11,12826,44240000,0.08,0.23,1.77,0.95
2017-01-04,34.53,35.07,35.11,34.41,15703,54740000,0.44,1.27,2.02,1.16
2017-01-05,35.30,34.64,35.35,34.58,12149,42300000,-0.43,-1.23,2.20,0.90
2017-01-06,34.64,33.67,34.77,33.63,18250,61850000,-0.97,-2.80,3.29,1.35
2017-01-09,33.69,33.20,33.87,32.19,28080,92030000,-0.47,-1.40,4.99,2.08
2017-01-10,32.99,33.70,33.96,32.65,14081,47000000,0.50,1.51,3.95,1.04
2017-01-11,33.59,33.36,33.68,32.88,10689,35520000,-0.34,-1.01,2.37,0.79
2017-01-12,33.15,32.60,33.43,32.60,9589,31520000,-0.76,-2.28,2.49,0.71
2017-01-13,32.40,29.34,32.46,29.34,36604,111370000,-3.26,-10.00,9.57,2.71
2017-01-16,29.10,27.15,29.10,26.41,28700,79420000,-2.19,-7.46,9.17,2.13
2017-01-17,27.22,27.95,28.25,26.62,22656,62240000,0.80,2.95,6.00,1.68
2017-01-18,28.06,27.60,28.06,27.45,14704,40700000,-0.35,-1.25,2.18,1.09
2017-01-19,27.50,27.20,27.73,26.76,11558,31540000,-0.40,-1.45,3.51,0.86
2017-01-20,27.22,28.15,28.75,27.11,19223,54080000,0.95,3.49,6.03,1.42
2017-01-23,28.35,28.54,28.90,27.97,14685,41790000,0.39,1.39,3.30,1.09
2017-01-24,28.68,28.15,28.68,28.11,10968,30990000,-0.39,-1.37,2.00,0.81
2017-01-25,28.29,28.39,28.66,27.90,9569,27230000,0.24,0.85,2.70,0.71
2017-01-26,28.39,28.66,28.77,28.39,9338,26720000,0.27,0.95,1.34,0.69
2017-02-03,28.80,28.07,28.80,27.81,10116,28500000,-0.59,-2.06,3.45,0.75
2017-02-06,28.21,28.72,28.85,27.89,16754,47720000,0.65,2.32,3.42,1.24
2017-02-07,28.71,28.61,28.87,28.38,16511,47280200,-0.11,-0.38,1.706,1.39
2017-02-08,28.55,28.86,28.95,28.05,17832,50934900,0.25,0.87,3.146,1.50
2017-02-09,28.90,29.18,29.40,28.56,16403,47737100,0.32,1.11,2.911,1.38
2017-02-10,29.33,29.00,29.33,28.82,13013,37777600,-0.18,-0.62,1.748,1.09
2017-02-13,29.15,29.33,29.49,28.83,15919,46509700,0.33,1.14,2.276,1.34
2017-02-14,29.38,29.03,29.38,28.90,14089,40930600,-0.30,-1.02,1.637,1.18
2017-02-15,29.05,28.41,29.05,28.32,20496,58716000,-0.62,-2.14,2.515,1.72
2017-02-16,28.46,28.05,28.65,27.99,17536,49686800,-0.36,-1.27,2.323,1.47
2017-02-17,28.15,28.00,28.39,27.82,17351,48787600,-0.05,-0.18,2.032,1.46
2017-02-20,28.00,28.43,28.64,27.80,20002,56685000,0.43,1.54,3,1.68
2017-02-21,28.43,29.09,29.85,28.32,21673,63218500,0.66,2.32,5.38,1.82
2017-02-22,29.01,29.34,29.39,28.83,21259,61923200,0.25,0.86,1.93,1.79
2017-02-23,32.27,32.27,32.27,32.01,118830,383437400,2.93,9.99,0.89,9.98
2017-02-24,32.00,33.00,33.85,30.66,150855,481367600,0.73,2.26,9.88,12.67
2017-02-27,32.30,33.88,34.30,31.81,114616,380496600,0.88,2.67,7.54,9.63
2017-02-28,33.51,33.44,34.94,33.28,90489,308693800,-0.44,-1.30,4.90,7.60
2017-03-01,33.27,33.16,33.98,33.07,60357,202358300,-0.28,-0.84,2.72,5.07
2017-03-02,33.07,32.19,33.47,32.01,52638,171451800,-0.97,-2.93,4.40,4.42
2017-03-03,32.13,32.96,33.14,32.13,45507,149139800,0.77,2.39,3.14,3.82
2017-03-06,33.13,33.16,33.46,32.65,35006,115706000,0.20,0.61,2.46,2.94
2017-03-07,33.20,33.00,33.62,32.87,35348,117312700,-0.16,-0.48,2.26,2.97
2017-03-08,33.17,32.44,33.21,32.28,31012,100968000,-0.56,-1.70,2.82,2.61
2017-03-09,32.37,32.50,32.68,32.03,24137,78143500,0.06,0.18,2.00,2.03
2017-03-10,32.63,32.85,33.47,32.50,40832,134794600,0.35,1.08,2.98,3.43
2017-03-13,32.96,32.88,33.40,32.24,26001,85128000,0.03,0.09,3.53,2.18
2017-03-14,32.85,33.07,33.25,32.70,30951,102018700,0.19,0.58,1.67,2.60
2017-03-15,33.02,32.61,33.12,32.36,29364,95905900,-0.46,-1.39,2.30,2.47
2017-03-16,32.59,32.99,33.08,32.52,31336,102738763,0.38,1.17,1.72,2.58
2017-03-17,33.50,34.03,35.48,33.17,114724,393579169,1.04,3.15,7.00,9.45
2017-03-20,33.78,34.90,35.30,33.70,71420,247145187,0.87,2.56,4.70,5.88
2017-03-21,34.58,34.21,34.89,33.91,41555,142273874,-0.69,-1.98,2.81,3.42
2017-03-22,33.90,33.90,34.06,33.33,40845,137257012,-0.31,-0.91,2.13,3.37
2017-03-23,33.91,33.59,34.40,33.09,39988,135319413,-0.31,-0.91,3.86,3.29
2017-03-24,33.59,33.73,33.86,33.24,23472,78705171,0.14,0.42,1.85,1.93
2017-03-27,33.73,32.20,33.81,32.18,40129,131558146,-1.53,-4.54,4.83,3.31
2017-03-28,32.25,32.01,32.46,32.00,20526,65949546,-0.19,-0.59,1.43,1.69
2017-03-29,32.11,31.46,32.24,31.41,25904,81885095,-0.55,-1.72,2.59,2.13
2017-03-30,31.40,29.87,31.40,29.87,30314,91668245,-1.59,-5.05,4.86,2.50
2017-03-31,29.88,30.20,30.44,29.88,14076,42527183,0.33,1.10,1.87,1.16
2017-04-05,30.25,31.08,31.18,30.20,20915,64321954,0.88,2.91,3.25,1.72
2017-04-06,31.19,30.92,31.46,30.91,16628,51895002,-0.16,-0.51,1.77,1.37
2017-04-07,30.90,30.31,30.92,30.26,19319,59037352,-0.61,-1.97,2.13,1.59
2017-04-10,28.81,27.73,29.81,27.35,36503,103080047,-2.58,-8.51,8.12,3.01
2017-04-11,27.55,28.27,28.27,27.55,17540,49008107,0.54,1.95,2.60,1.45
2017-04-12,28.71,28.26,28.76,28.23,10542,29964418,-0.01,-0.04,1.87,0.87
2017-04-13,27.90,28.48,28.92,27.90,10646,30487669,0.22,0.78,3.61,0.88
2017-04-14,28.55,27.75,28.72,27.71,13456,37786214,-0.73,-2.56,3.55,1.11
2017-04-17,27.90,26.89,27.97,26.66,18291,49391456,-0.86,-3.10,4.72,1.51
2017-04-18,26.84,27.08,27.36,26.60,17186,46372087,0.19,0.71,2.83,1.42
2017-04-19,27.01,27.28,27.33,26.80,11110,30037680,0.20,0.74,1.96,0.92
2017-04-20,27.29,26.51,27.38,26.29,13119,35121405,-0.77,-2.82,4.00,1.08
2017-04-21,26.72,26.09,26.72,25.60,14158,36950963,-0.42,-1.58,4.22,1.17
2017-04-24,25.70,23.57,25.94,23.50,21667,53188217,-2.52,-9.66,9.35,1.78
2017-04-25,23.76,23.87,24.40,23.43,12136,29007548,0.30,1.27,4.12,1.00
2017-04-26,24.17,24.36,24.41,23.83,11969,28909545,0.49,2.05,2.43,0.98
2017-04-27,24.20,24.83,25.13,23.70,17769,43563747,0.47,1.93,5.87,1.46
2017-04-28,24.94,25.02,25.40,24.70,10658,26678518,0.19,0.77,2.82,0.88
2017-05-02,25.12,24.87,25.25,24.60,10043,24950681,-0.15,-0.60,2.60,0.82
2017-05-03,24.68,24.75,25.16,24.52,11292,27930882,-0.12,-0.48,2.57,0.93
2017-05-04,24.43,24.30,24.88,24.30,15660,38550567,-0.45,-1.82,2.34,1.29
2017-05-05,24.50,24.80,25.88,23.82,27941,69106656,0.50,2.06,8.48,2.29
2017-05-08,24.65,24.69,25.29,24.30,18514,46054651,-0.11,-0.44,3.99,1.52
2017-05-09,24.51,24.89,25.00,24.20,11247,27778837,0.20,0.81,3.24,0.92
2017-05-10,24.91,25.15,25.38,24.76,21044,52887454,0.26,1.04,2.49,1.73
2017-05-11,25.20,24.92,25.31,23.89,18509,45735721,-0.23,-0.91,5.65,1.52
2017-05-12,24.71,24.64,24.86,24.36,11215,27623550,-0.28,-1.12,2.01,0.92
2017-05-15,24.84,27.10,27.10,24.64,32507,84399343,2.46,9.98,9.98,2.67
2017-05-16,26.90,27.97,28.38,26.71,63423,175014296,0.87,3.21,6.16,5.21
2017-05-17,11.10,10.81,11.34,10.61,127756,138998634,-0.37,-3.31,6.53,10.49
2017-05-18,10.52,10.55,10.97,10.50,83321,89031311,-0.26,-2.41,4.35,2.74
2017-05-19,10.55,10.30,10.66,10.12,67757,69993353,-0.25,-2.37,5.12,2.23
2017-05-22,10.20,9.87,10.29,9.81,55774,55912236,-0.43,-4.17,4.66,1.83
2017-05-23,9.78,9.20,9.85,9.09,48960,46540258,-0.67,-6.79,7.70,1.61
2017-05-24,9.04,9.14,9.29,8.92,43768,39732880,-0.06,-0.65,4.02,1.44
2017-05-25,9.15,9.10,9.19,8.72,45964,41393786,-0.04,-0.44,5.14,1.51
2017-05-26,9.11,9.16,9.24,9.05,30966,28308723,0.06,0.66,2.09,1.02
2017-05-31,9.30,9.26,9.66,9.17,40196,37505077,0.10,1.09,5.35,1.32
2017-06-01,9.19,8.63,9.25,8.62,40203,35691649,-0.63,-6.80,6.80,1.32
2017-06-02,8.50,9.05,9.20,8.35,45471,40401136,0.42,4.87,9.85,1.49
2017-06-05,9.07,9.08,9.23,8.98,34115,31013803,0.03,0.33,2.76,1.12
2017-06-06,9.06,9.11,9.16,9.01,18182,16535983,0.03,0.33,1.65,0.60
2017-06-07,9.12,9.57,9.57,9.05,57107,53573660,0.46,5.05,5.71,1.88
2017-06-08,9.57,9.36,9.69,9.24,42518,40094320,-0.21,-2.19,4.70,1.40
2017-06-09,9.36,9.18,9.40,9.08,39999,36646928,-0.18,-1.92,3.42,1.31
2017-06-12,9.18,8.76,9.18,8.73,38675,34378565,-0.42,-4.58,4.90,1.27
