日期,开盘,收盘,最高,最低,交易量(手),交易金额(元),涨跌额,涨跌幅(%),振幅(%),换手率(%)
2011-03-16,70.15,66.00,75.00,65.01,81116,544980000,7.50,12.82,17.08,75.81
2011-03-17,67.20,69.28,71.69,67.12,49945,344420000,3.28,4.97,6.92,46.68
2011-03-18,70.60,70.56,71.00,69.11,23632,165600000,1.28,1.85,2.73,22.09
2011-03-21,70.05,69.80,72.66,69.51,20609,145990000,-0.76,-1.08,4.46,19.26
2011-03-22,69.38,66.76,69.66,65.48,23476,158290000,-3.04,-4.36,5.99,21.94
2011-03-23,67.90,68.46,69.30,67.50,16156,110220000,1.70,2.55,2.70,15.10
2011-03-24,69.80,70.00,71.38,69.41,17237,121130000,1.54,2.25,2.88,16.11
2011-03-25,69.95,71.48,73.57,68.08,14149,100600000,1.48,2.11,7.84,13.22
2011-03-28,70.96,68.15,71.90,67.05,12728,88240000,-3.33,-4.66,6.79,11.90
2011-03-29,67.10,65.08,67.68,63.03,15688,103020000,-3.07,-4.50,6.82,14.66
2011-03-30,64.51,61.70,64.90,61.31,10839,68120000,-3.38,-5.19,5.52,10.13
2011-03-31,61.60,62.56,63.00,61.60,6097,37950000,0.86,1.39,2.27,5.70
2011-04-01,62.20,62.25,62.88,60.05,5134,31580000,-0.31,-0.50,4.52,4.80
2011-04-06,61.90,61.85,61.90,60.11,4666,28420000,-0.40,-0.64,2.88,4.36
2011-04-07,61.79,62.64,62.76,61.16,2832,17620000,0.79,1.28,2.59,2.65
2011-04-08,62.65,62.85,62.99,62.02,2710,16950000,0.21,0.34,1.55,2.53
2011-04-11,62.62,59.36,63.44,59.25,7619,46180000,-3.49,-5.55,6.67,7.12
2011-04-12,59.41,58.68,59.50,58.40,3316,19510000,-0.68,-1.15,1.85,3.10
2011-04-13,58.89,59.77,60.19,58.68,2638,15700000,1.09,1.86,2.57,2.47
2011-04-14,59.80,60.02,60.02,58.71,3501,20690000,0.25,0.42,2.19,3.27
2011-04-15,59.80,57.94,60.02,57.50,4068,23700000,-2.08,-3.47,4.20,3.80
2011-04-18,57.68,57.04,57.94,56.60,4685,26740000,-0.90,-1.55,2.31,4.38
2011-04-19,56.30,57.75,58.17,56.30,3215,18410000,0.71,1.24,3.28,3.00
2011-04-20,57.96,58.28,59.00,57.10,3221,18760000,0.53,0.92,3.29,3.01
2011-04-21,57.20,57.49,58.58,57.20,2281,13200000,-0.79,-1.36,2.37,2.13
2011-04-22,58.58,60.00,61.20,58.50,7121,42680000,2.51,4.37,4.70,6.66
2011-04-25,59.34,60.70,61.00,58.72,3206,19210000,0.70,1.17,3.80,3.00
2011-04-26,60.50,61.39,62.98,60.22,4802,29720000,0.69,1.14,4.55,4.49
2011-04-27,61.25,58.00,62.00,57.90,4784,28320000,-3.39,-5.52,6.68,4.47
2011-04-28,58.88,55.97,59.49,55.68,4768,27220000,-2.03,-3.50,6.57,4.46
2011-05-03,56.52,55.91,56.61,55.72,2658,14930000,-0.06,-0.11,1.59,2.48
2011-05-04,55.58,53.96,55.99,53.66,3199,17370000,-1.95,-3.49,4.17,2.99
2011-05-05,53.71,54.20,54.68,53.50,1353,7310000,0.24,0.44,2.19,1.26
2011-05-06,53.90,53.98,54.35,53.18,1406,7550000,-0.22,-0.41,2.16,1.31
2011-05-09,54.00,54.50,55.42,53.98,1830,10000000,0.52,0.96,2.67,1.71
2011-05-10,54.88,54.80,55.39,54.34,1240,6810000,0.30,0.55,1.93,1.16
2011-05-11,54.80,53.62,54.80,53.42,2253,12130000,-1.18,-2.15,2.52,2.11
2011-05-12,53.50,53.01,53.87,53.01,1768,9430000,-0.61,-1.14,1.60,1.65
2011-05-13,53.38,53.59,53.98,52.56,1336,7150000,0.58,1.09,2.68,1.25
2011-05-16,53.70,53.58,54.50,53.54,1236,6660000,-0.01,-0.02,1.79,1.15
2011-05-17,53.32,54.75,55.01,53.32,2188,11900000,1.17,2.18,3.15,2.05
2011-05-18,55.09,54.80,55.52,54.41,2083,11440000,0.05,0.09,2.03,1.95
2011-05-19,54.71,54.45,55.55,54.41,1212,6670000,-0.35,-0.64,2.08,1.13
2011-05-20,54.30,52.85,54.46,52.78,2258,12050000,-1.60,-2.94,3.09,2.11
2011-05-23,53.00,50.05,53.00,50.02,2852,14560000,-2.80,-5.30,5.64,2.67
2011-05-24,50.05,50.81,51.30,48.80,1822,9110000,0.76,1.52,5.00,1.70
2011-05-25,50.70,49.62,51.20,49.35,1267,6390000,-1.19,-2.34,3.64,1.18
2011-05-26,49.80,48.20,50.00,48.20,1058,5160000,-0.92,-1.87,3.66,0.99
2011-05-27,48.23,47.60,48.46,47.41,1240,5930000,-0.60,-1.24,2.18,1.16
2011-05-30,47.55,47.58,48.77,47.18,971,4660000,-0.02,-0.04,3.34,0.91
2011-05-31,47.81,48.61,48.69,47.60,804,3880000,1.03,2.16,2.29,0.75
2011-06-01,48.50,48.88,48.97,48.22,880,4280000,0.27,0.56,1.54,0.82
2011-06-02,47.80,47.96,48.43,47.58,946,4530000,-0.92,-1.88,1.74,0.88
2011-06-03,48.30,49.02,49.55,48.13,1620,7960000,1.06,2.21,2.96,1.51
2011-06-07,48.66,50.99,53.92,48.66,2010,10160000,1.97,4.02,10.73,1.88
2011-06-08,51.19,50.70,51.35,50.00,1628,8240000,-0.29,-0.57,2.65,1.52
2011-06-09,50.21,49.48,50.88,49.48,1232,6170000,-1.22,-2.41,2.76,1.15
2011-06-10,49.35,49.00,49.78,48.20,1225,6010000,-0.48,-0.97,3.19,1.14
2011-06-13,48.66,48.94,49.50,48.11,1228,5990000,-0.06,-0.12,2.84,1.15
2011-06-14,49.47,49.89,49.95,48.51,1356,6720000,0.95,1.94,2.94,1.27
2011-06-15,50.00,48.38,50.00,48.21,1998,9800000,-1.51,-3.03,3.59,1.87
2011-06-16,48.70,48.45,49.50,48.00,2072,10090000,0.07,0.14,3.10,1.56
2011-06-17,48.30,45.09,48.30,45.00,3492,16170000,-3.36,-6.94,6.81,2.63
2011-06-20,44.40,44.20,44.79,44.10,1716,7610000,-0.89,-1.97,1.53,1.29
2011-06-21,44.00,44.67,44.98,43.91,1923,8550000,0.47,1.06,2.42,1.45
2011-06-22,44.88,43.89,44.96,43.89,2557,11330000,-0.78,-1.75,2.40,1.92
2011-06-23,43.89,45.30,45.45,43.11,5568,24810000,1.41,3.21,5.33,4.19
2011-06-24,45.20,46.19,46.38,44.80,4854,22190000,0.89,1.96,3.49,3.65
2011-06-27,46.15,46.30,46.96,45.72,6085,28220000,0.11,0.24,2.68,4.58
2011-06-28,46.30,46.00,46.30,45.41,2998,13710000,-0.30,-0.65,1.92,2.25
2011-06-29,46.00,45.55,46.60,45.50,3576,16480000,-0.45,-0.98,2.39,2.69
2011-06-30,45.55,46.00,46.74,44.88,4772,21780000,0.45,0.99,4.08,3.59
2011-07-01,48.60,47.48,48.60,47.15,7931,38020000,1.48,3.22,3.15,5.96
2011-07-04,48.12,49.95,50.00,47.63,5261,25800000,2.47,5.20,4.99,3.96
2011-07-05,50.00,49.61,51.36,49.33,5830,29300000,-0.34,-0.68,4.06,4.38
2011-07-06,49.74,50.87,51.51,49.00,5560,28160000,1.26,2.54,5.06,4.18
2011-07-07,51.29,52.27,53.60,51.00,7081,37320000,1.40,2.75,5.11,5.32
2011-07-08,52.48,52.54,52.60,51.11,6433,33290000,0.27,0.52,2.85,4.84
2011-07-11,52.58,53.63,53.78,52.33,4109,21890000,1.09,2.07,2.76,3.09
2011-07-12,53.00,51.71,53.20,51.40,6461,33740000,-1.92,-3.58,3.36,4.86
2011-07-13,51.95,53.01,53.70,51.58,4874,25640000,1.30,2.51,4.10,3.66
2011-07-14,53.78,53.75,53.89,52.23,4279,22730000,0.74,1.40,3.13,3.22
2011-07-15,53.80,54.00,55.18,53.30,6956,37760000,0.25,0.47,3.50,5.23
2011-07-18,54.34,51.45,54.35,51.22,13703,71400000,-2.55,-4.72,5.80,10.30
2011-07-19,49.88,48.99,49.88,48.60,13675,67050000,-2.46,-4.78,2.49,10.28
2011-07-20,49.81,49.75,50.60,48.92,11714,58430000,0.76,1.55,3.43,8.81
2011-07-21,49.65,48.51,49.93,48.50,5115,24920000,-1.24,-2.49,2.87,3.85
2011-07-22,48.40,48.64,49.06,48.40,3584,17460000,0.13,0.27,1.36,2.69
2011-07-25,48.66,47.58,49.70,47.49,6163,29860000,-1.06,-2.18,4.54,4.63
2011-07-26,47.51,47.61,47.94,47.17,2481,11790000,0.03,0.06,1.62,1.87
2011-07-27,47.50,49.00,49.83,47.21,6501,31800000,1.39,2.92,5.50,4.89
2011-07-28,48.50,50.38,50.77,47.89,7856,39310000,1.38,2.82,5.88,5.91
2011-07-29,50.10,49.91,51.30,49.42,4582,23030000,-0.47,-0.93,3.73,3.45
2011-08-01,49.91,54.50,54.83,49.50,12023,63880000,4.59,9.20,10.68,9.04
2011-08-02,53.94,55.58,55.78,53.05,11690,64040000,1.08,1.98,5.01,8.79
2011-08-03,54.22,54.50,55.79,53.80,9099,49900000,-1.08,-1.94,3.58,6.84
2011-08-04,54.01,53.70,54.86,53.07,4898,26390000,-0.80,-1.47,3.28,3.68
2011-08-05,51.80,53.43,53.50,51.38,6379,33820000,-0.27,-0.50,3.95,4.80
2011-08-08,53.28,55.41,56.60,52.11,16334,89750000,1.98,3.71,8.40,12.28
2011-08-09,53.41,56.80,58.98,52.38,15390,86890000,1.39,2.51,11.91,11.57
2011-08-10,57.19,57.00,58.88,56.08,11934,68770000,0.20,0.35,4.93,8.97
2011-08-11,55.80,57.79,59.88,55.80,15699,90890000,0.79,1.39,7.16,11.80
2011-08-12,58.20,58.19,59.58,57.63,8358,48880000,0.40,0.69,3.37,6.28
2011-08-15,59.00,57.41,59.00,56.81,9859,56750000,-0.78,-1.34,3.76,7.41
2011-08-16,58.03,58.30,59.88,56.60,12867,74560000,0.89,1.55,5.71,9.67
2011-08-17,58.00,56.98,58.03,56.93,6517,37480000,-1.32,-2.26,1.89,4.90
2011-08-18,56.90,54.80,57.10,54.80,8098,45030000,-2.18,-3.83,4.04,6.09
2011-08-19,54.12,55.30,56.38,54.00,6213,34540000,0.50,0.91,4.34,4.67
2011-08-22,55.40,57.91,59.90,55.38,10999,63980000,2.61,4.72,8.17,8.27
2011-08-23,58.00,58.97,59.10,57.51,8554,50050000,1.06,1.83,2.75,6.43
2011-08-24,59.80,58.56,59.94,58.01,6248,36700000,-0.41,-0.70,3.27,4.70
2011-08-25,58.28,58.71,59.58,57.43,7590,44290000,0.15,0.26,3.67,5.71
2011-08-26,58.40,58.90,59.68,57.91,7481,44120000,0.19,0.32,3.01,5.62
2011-08-29,58.60,57.60,58.94,57.60,5558,32290000,-1.30,-2.21,2.28,4.18
2011-08-30,57.58,55.78,57.98,55.51,7184,40850000,-1.82,-3.16,4.29,5.40
2011-08-31,55.60,55.00,56.12,54.69,4547,25020000,-0.78,-1.40,2.56,3.42
2011-09-01,55.03,55.89,56.48,54.91,4499,25030000,0.89,1.62,2.85,3.38
2011-09-02,55.50,54.15,55.76,53.50,4328,23570000,-1.74,-3.11,4.04,3.25
2011-09-05,53.51,53.40,54.39,53.05,2566,13750000,-0.75,-1.39,2.47,1.93
2011-09-06,53.20,52.91,54.15,52.85,2807,15030000,-0.49,-0.92,2.43,2.11
2011-09-07,53.47,55.18,55.18,53.25,2897,15700000,2.27,4.29,3.65,2.18
2011-09-08,55.30,54.18,57.10,54.05,3955,22010000,-1.00,-1.81,5.53,2.97
2011-09-09,54.02,52.93,54.79,52.70,2691,14360000,-1.25,-2.31,3.86,2.02
2011-09-13,52.48,51.00,53.19,50.51,2945,15190000,-1.93,-3.65,5.06,2.21
2011-09-14,51.00,51.58,51.58,50.10,2699,13740000,0.58,1.14,2.90,2.03
2011-09-15,51.26,51.48,51.78,51.02,1725,8880000,-0.10,-0.19,1.47,1.30
2011-09-16,52.51,52.30,53.88,52.21,4836,25620000,0.82,1.59,3.24,3.64
2011-09-19,52.30,52.82,53.60,52.06,2946,15590000,0.52,0.99,2.94,2.21
2011-09-20,52.38,54.19,54.87,52.38,4180,22530000,1.37,2.59,4.71,3.14
2011-09-21,53.50,55.00,55.40,53.50,6290,34400000,0.81,1.49,3.51,4.73
2011-09-22,54.50,52.55,54.88,52.25,3414,18310000,-2.45,-4.45,4.78,2.57
2011-09-23,51.81,52.19,52.98,51.28,3115,16220000,-0.36,-0.69,3.24,2.34
2011-09-26,51.88,51.00,52.38,50.88,3234,16650000,-1.19,-2.28,2.87,2.43
2011-09-27,51.95,51.12,51.95,50.40,1891,9660000,0.12,0.24,3.04,1.42
2011-09-28,51.48,50.66,52.00,50.29,1442,7390000,-0.46,-0.90,3.35,1.08
2011-09-29,50.80,50.04,50.90,49.00,1746,8790000,-0.62,-1.22,3.75,1.31
2011-09-30,50.00,49.50,50.60,48.31,1928,9590000,-0.54,-1.08,4.58,1.45
2011-10-10,50.00,50.30,51.50,50.00,2622,13310000,0.80,1.62,3.03,1.97
2011-10-11,51.50,50.40,52.10,49.75,1997,10220000,0.10,0.20,4.67,1.50
2011-10-12,50.38,52.40,52.78,49.55,5538,28530000,2.00,3.97,6.41,4.16
2011-10-13,52.40,52.47,52.76,51.98,5127,26820000,0.07,0.13,1.49,3.85
2011-10-14,52.00,52.90,53.30,52.00,3634,19180000,0.43,0.82,2.48,2.73
2011-10-17,52.99,52.90,53.29,52.43,2782,14690000,0.00,0.00,1.63,2.09
2011-10-18,52.51,50.51,52.89,50.51,3715,19140000,-2.39,-4.52,4.50,2.79
2011-10-19,50.66,48.99,51.09,48.40,4601,22930000,-1.52,-3.01,5.33,3.46
2011-10-20,48.90,46.91,49.00,46.48,4384,20620000,-2.08,-4.25,5.14,3.30
2011-10-21,47.55,45.81,48.30,45.80,3683,17330000,-1.10,-2.34,5.33,2.77
2011-10-24,44.85,43.30,44.85,41.23,9956,41870000,-2.51,-5.48,7.90,7.49
2011-10-25,42.87,44.41,44.78,41.62,5987,26120000,1.11,2.56,7.30,4.50
2011-10-26,44.00,46.05,46.50,43.88,9057,41300000,1.64,3.69,5.90,6.81
2011-10-27,46.10,46.99,48.22,46.00,10429,49220000,0.94,2.04,4.82,7.84
2011-10-28,47.72,49.62,50.00,47.41,10496,50980000,2.63,5.60,5.51,7.89
2011-10-31,49.00,50.20,50.38,49.00,9127,45530000,0.58,1.17,2.78,6.86
2011-11-01,49.20,50.36,52.33,49.20,8492,42800000,0.16,0.32,6.24,6.39
2011-11-02,49.20,51.14,51.78,49.00,6906,34630000,0.78,1.55,5.52,5.19
2011-11-03,51.00,49.78,51.60,49.59,10133,51360000,-1.36,-2.66,3.93,7.62
2011-11-04,50.35,51.36,52.28,50.35,7927,40700000,1.58,3.17,3.88,5.96
2011-11-07,51.35,50.56,51.69,50.18,4026,20470000,-0.80,-1.56,2.94,3.03
2011-11-08,50.20,50.05,51.15,49.72,3752,18820000,-0.51,-1.01,2.83,2.82
2011-11-09,50.05,51.15,51.20,49.75,4833,24420000,1.10,2.20,2.90,3.63
2011-11-10,50.98,51.68,52.80,50.52,7546,39250000,0.53,1.04,4.46,5.67
2011-11-11,51.88,50.99,51.89,50.71,3510,18020000,-0.69,-1.34,2.28,2.64
2011-11-14,51.55,52.88,53.25,51.55,5135,27090000,1.89,3.71,3.33,3.86
2011-11-15,52.80,53.67,54.40,52.63,5820,31210000,0.79,1.49,3.35,4.38
2011-11-16,53.97,52.46,54.10,52.12,4734,25150000,-1.21,-2.25,3.69,3.56
2011-11-17,52.98,55.00,56.20,52.98,8285,45230000,2.54,4.84,6.14,6.23
2011-11-18,54.50,56.30,57.80,54.50,13441,76040000,1.30,2.36,6.00,10.11
2011-11-21,56.80,54.64,56.80,53.00,6436,35050000,-1.66,-2.95,6.75,4.84
2011-11-22,54.00,55.66,55.69,53.70,5522,30370000,1.02,1.87,3.64,4.15
2011-11-23,55.66,54.80,56.48,54.70,3825,21300000,-0.86,-1.55,3.20,2.88
2011-11-24,54.03,53.97,55.30,53.20,6603,35840000,-0.83,-1.51,3.83,4.96
2011-11-25,53.95,53.36,54.80,53.00,3821,20600000,-0.61,-1.13,3.34,2.87
2011-11-28,54.20,54.19,55.68,54.01,4995,27320000,0.83,1.56,3.13,3.76
2011-11-29,54.02,53.55,54.50,53.01,4782,25600000,-0.64,-1.18,2.75,3.60
2011-11-30,53.98,51.44,55.00,49.10,7739,40660000,-2.11,-3.94,11.02,5.82
2011-12-01,53.13,53.54,54.30,52.15,6164,32920000,2.10,4.08,4.18,4.63
2011-12-02,53.30,51.88,53.95,51.61,3636,19210000,-1.66,-3.10,4.37,2.73
2011-12-05,51.90,48.38,52.00,48.02,3335,16610000,-3.50,-6.75,7.67,2.51
2011-12-06,48.38,49.00,49.28,47.71,8714,42190000,0.62,1.28,3.25,6.55
2011-12-07,48.81,49.58,49.58,48.15,4582,22450000,0.58,1.18,2.92,3.45
2011-12-08,49.68,49.35,50.57,48.01,5818,28680000,-0.23,-0.46,5.16,4.37
2011-12-09,49.00,49.53,50.14,48.60,4072,20160000,0.18,0.36,3.12,3.06
2011-12-12,49.75,49.07,50.60,48.90,3903,19460000,-0.46,-0.93,3.43,2.93
2011-12-13,48.90,47.35,49.00,46.83,3980,19090000,-1.72,-3.51,4.42,2.99
2011-12-14,47.34,46.70,48.33,46.12,2669,12640000,-0.65,-1.37,4.67,2.01
2011-12-15,46.46,46.80,47.35,46.00,2324,10890000,0.10,0.21,2.89,1.75
2011-12-16,46.80,49.60,49.60,46.80,4478,21660000,2.80,5.98,5.98,3.37
2011-12-19,49.60,51.26,51.29,49.03,4267,21440000,1.66,3.35,4.56,3.21
2011-12-20,50.98,50.00,51.54,49.63,3150,15900000,-1.26,-2.46,3.73,2.37
2011-12-21,50.59,48.58,51.40,48.58,3479,17380000,-1.42,-2.84,5.64,2.62
2011-12-22,48.00,49.79,50.00,47.02,4272,20810000,1.21,2.49,6.13,3.21
2011-12-23,49.23,49.70,50.40,48.80,2802,13920000,-0.09,-0.18,3.21,2.11
2011-12-26,49.30,47.85,49.79,47.65,2272,11070000,-1.85,-3.72,4.31,1.71
2011-12-27,47.61,45.39,47.90,45.39,2462,11440000,-2.46,-5.14,5.25,1.85
2011-12-28,45.02,44.30,45.50,43.50,2746,12130000,-1.09,-2.40,4.41,2.07
2011-12-29,44.30,44.85,45.31,44.30,2139,9610000,0.55,1.24,2.28,1.61
2011-12-30,45.00,45.40,45.99,44.58,1722,7830000,0.55,1.23,3.14,1.29
2012-01-04,45.65,42.12,46.37,42.00,3318,14630000,-3.28,-7.22,9.63,2.49
2012-01-05,41.90,39.44,42.20,39.13,5607,22760000,-2.68,-6.36,7.29,4.22
2012-01-06,39.52,39.45,39.80,37.54,4610,17800000,0.01,0.03,5.73,3.47
2012-01-09,39.00,40.54,40.59,38.30,5036,20120000,1.09,2.76,5.80,3.79
2012-01-10,40.54,41.70,41.98,40.01,5144,21210000,1.16,2.86,4.86,3.87
2012-01-11,41.70,41.71,42.60,40.80,6865,28690000,0.01,0.02,4.32,5.16
2012-01-12,41.48,40.75,42.00,40.75,5957,24640000,-0.96,-2.30,3.00,4.48
2012-01-13,40.68,37.48,41.18,36.68,11774,44310000,-3.27,-8.02,11.04,8.85
2012-01-16,36.82,35.40,37.43,34.87,4816,17460000,-2.08,-5.55,6.83,3.62
2012-01-17,35.38,36.78,36.96,34.01,7186,25600000,1.38,3.90,8.33,5.40
2012-01-18,36.78,33.10,36.85,33.10,10550,36660000,-3.68,-10.01,10.20,7.93
2012-01-19,33.00,33.69,34.24,32.89,5173,17280000,0.59,1.78,4.08,3.89
2012-01-20,33.89,34.68,34.84,33.65,4758,16370000,0.99,2.94,3.53,3.58
2012-01-31,34.15,35.20,35.60,34.01,5522,19250000,0.52,1.50,4.58,4.15
2012-02-01,34.85,35.12,35.77,34.58,4140,14610000,-0.08,-0.23,3.38,3.11
2012-02-02,35.48,35.66,35.70,34.90,3793,13390000,0.54,1.54,2.28,2.85
2012-02-03,35.66,36.49,36.88,35.50,3844,13880000,0.83,2.33,3.87,2.89
2012-02-06,36.55,37.32,37.76,36.55,5102,19000000,0.83,2.27,3.32,3.84
2012-02-07,37.20,36.00,37.20,35.57,5038,18290000,-1.32,-3.54,4.37,3.79
2012-02-08,35.75,36.85,36.88,35.63,4393,15970000,0.85,2.36,3.47,3.30
2012-02-09,36.85,37.32,37.99,36.77,4791,17960000,0.47,1.28,3.31,3.60
2012-02-10,37.31,37.38,37.80,37.05,3460,12950000,0.06,0.16,2.01,2.60
2012-02-13,37.20,38.15,38.55,36.80,5977,22600000,0.77,2.06,4.68,4.49
2012-02-14,38.00,37.69,38.21,37.52,3417,12900000,-0.46,-1.21,1.81,2.57
2012-02-15,37.75,38.64,38.79,37.71,4990,19090000,0.95,2.52,2.87,3.75
2012-02-16,38.38,38.10,38.88,37.70,4468,17080000,-0.54,-1.40,3.05,3.36
2012-02-17,38.20,37.55,38.48,37.33,3349,12620000,-0.55,-1.44,3.02,2.52
2012-02-20,38.00,38.20,38.79,37.80,5707,21750000,0.65,1.73,2.64,4.29
2012-02-21,38.40,39.68,39.79,38.00,7415,28750000,1.48,3.87,4.69,5.58
2012-02-22,39.66,40.65,41.25,39.46,8088,32590000,0.97,2.44,4.51,6.08
2012-02-23,40.65,40.46,40.80,39.93,6694,27090000,-0.19,-0.47,2.14,5.03
2012-02-24,40.30,40.62,41.50,40.10,6860,27900000,0.16,0.40,3.46,5.16
2012-02-27,41.13,40.99,41.58,40.71,6544,26900000,0.37,0.91,2.14,4.92
2012-02-28,40.85,41.15,41.25,39.82,7958,32320000,0.16,0.39,3.49,5.98
2012-02-29,40.99,40.00,40.99,39.90,6020,24290000,-1.15,-2.79,2.65,4.53
2012-03-01,40.29,40.00,40.35,39.86,5673,22760000,0.00,0.00,1.23,4.27
2012-03-02,40.39,41.25,41.47,40.09,6188,25340000,1.25,3.13,3.45,4.65
2012-03-05,41.88,41.13,41.88,41.04,5494,22690000,-0.12,-0.29,2.04,4.13
2012-03-06,41.15,40.88,41.30,40.30,4743,19340000,-0.25,-0.61,2.43,3.57
2012-03-07,40.21,41.70,41.83,40.21,6536,26890000,0.82,2.01,3.96,4.91
2012-03-08,41.90,42.50,42.75,41.80,7256,30780000,0.80,1.92,2.28,5.46
2012-03-09,42.83,42.80,42.98,42.01,11470,48670000,0.30,0.71,2.28,8.62
2012-03-12,41.77,40.76,41.77,40.32,19614,80350000,-2.04,-4.77,3.39,14.75
2012-03-13,40.71,41.05,41.07,40.70,9621,39320000,0.29,0.71,0.91,7.23
2012-03-14,41.13,38.94,41.46,38.80,13612,55340000,-2.11,-5.14,6.48,10.23
2012-03-15,39.20,38.30,39.29,37.57,8419,32220000,-0.64,-1.64,4.42,6.33
2012-03-16,38.66,39.10,39.17,38.35,5386,20890000,0.80,2.09,2.14,4.05
2012-03-19,39.13,39.55,39.56,38.66,5112,19990000,0.45,1.15,2.30,3.84
2012-03-20,39.27,38.50,39.85,38.50,4630,18170000,-1.05,-2.65,3.41,2.59
2012-03-21,38.85,38.37,38.99,37.40,3321,12720000,-0.13,-0.34,4.13,1.85
2012-03-22,38.18,38.10,38.77,37.86,2207,8450000,-0.27,-0.70,2.37,1.23
2012-03-23,38.02,37.20,38.16,37.11,3644,13690000,-0.90,-2.36,2.76,2.03
2012-03-26,37.14,37.18,37.50,36.88,1666,6190000,-0.02,-0.05,1.67,0.93
2012-03-27,37.45,37.12,37.60,37.03,1948,7270000,-0.06,-0.16,1.53,1.09
2012-03-28,37.20,35.40,37.33,35.26,3431,12300000,-1.72,-4.63,5.58,1.92
2012-03-29,35.28,34.99,35.73,34.65,2505,8790000,-0.41,-1.16,3.05,1.40
2012-03-30,34.99,34.59,35.28,34.20,2278,7910000,-0.40,-1.14,3.09,1.27
2012-04-06,35.90,36.99,37.54,35.78,10185,37400000,2.40,6.94,5.09,5.69
2012-04-09,36.33,36.36,36.95,36.10,5161,18800000,-0.63,-1.70,2.30,2.88
2012-04-10,36.12,36.50,36.60,35.35,3907,14080000,0.14,0.39,3.44,2.18
2012-04-11,36.20,36.42,36.50,35.40,2277,8220000,-0.08,-0.22,3.01,1.27
2012-04-12,36.43,36.93,37.15,36.30,4320,15900000,0.51,1.40,2.33,2.41
2012-04-16,20.30,19.68,20.30,19.50,7213,14200000,-0.67,-3.29,3.93,2.24
2012-04-17,19.48,19.22,19.67,19.16,5901,11410000,-0.46,-2.34,2.59,1.83
2012-04-18,19.27,19.63,19.70,19.21,5289,10300000,0.41,2.13,2.55,1.64
2012-04-19,19.53,19.51,19.68,19.47,3853,7530000,-0.12,-0.61,1.07,1.20
2012-04-20,19.51,19.59,19.79,19.50,5342,10510000,0.08,0.41,1.49,1.66
2012-04-23,19.40,18.10,19.45,18.00,14326,26400000,-1.49,-7.61,7.40,4.44
2012-04-24,18.10,17.44,18.12,16.78,12746,22060000,-0.66,-3.65,7.40,3.95
2012-04-25,17.40,17.34,17.45,17.01,4684,8070000,-0.10,-0.57,2.52,1.45
2012-04-26,17.42,17.24,17.50,17.20,3314,5740000,-0.10,-0.58,1.73,1.03
2012-04-27,17.24,17.47,17.68,17.24,5005,8740000,0.23,1.33,2.55,1.55
2012-05-02,17.70,17.70,17.76,17.49,5650,9970000,0.23,1.32,1.55,1.75
2012-05-03,17.54,18.44,18.68,17.54,9847,17990000,0.74,4.18,6.44,3.05
2012-05-04,18.65,19.32,19.37,18.65,19104,36640000,0.88,4.77,3.90,5.93
2012-05-07,19.27,21.05,21.25,19.00,34746,71290000,1.73,8.95,11.65,10.78
2012-05-08,21.07,21.58,22.49,21.05,37465,82130000,0.53,2.52,6.84,11.62
2012-05-09,21.50,21.05,22.00,20.68,26814,57090000,-0.53,-2.46,6.12,8.32
2012-05-10,20.90,20.70,20.96,20.53,15417,31830000,-0.35,-1.66,2.04,4.78
2012-05-11,20.65,20.41,20.90,20.30,10505,21620000,-0.29,-1.40,2.90,3.26
2012-05-14,20.64,21.04,21.49,20.33,16535,34570000,0.63,3.09,5.68,5.13
2012-05-15,21.07,20.81,21.29,20.52,11298,23650000,-0.23,-1.09,3.66,3.50
2012-05-16,20.51,20.65,21.20,20.51,7524,15620000,-0.16,-0.77,3.32,2.33
2012-05-17,20.60,21.02,21.18,20.25,9284,19330000,0.37,1.79,4.50,2.88
2012-05-18,20.80,21.98,22.78,20.80,29660,65220000,0.96,4.57,9.42,9.20
2012-05-21,22.08,20.80,22.36,20.72,18278,38820000,-1.18,-5.37,7.46,5.67
2012-05-22,20.87,20.97,21.22,20.68,8749,18300000,0.17,0.82,2.60,2.71
2012-05-23,20.94,20.60,20.97,20.16,10689,21960000,-0.37,-1.76,3.86,3.32
2012-05-24,20.69,20.41,20.79,20.37,6034,12390000,-0.19,-0.92,2.04,1.87
2012-05-25,20.46,20.60,21.48,20.46,8710,18240000,0.19,0.93,5.00,2.70
2012-05-28,20.60,21.23,21.28,20.00,10419,21660000,0.63,3.06,6.21,3.23
2012-05-29,21.20,21.91,21.99,21.00,19612,42330000,0.68,3.20,4.66,6.08
2012-05-30,21.85,22.83,23.98,21.58,31105,71320000,0.92,4.20,10.95,9.65
2012-05-31,22.66,23.49,23.94,22.66,29029,68040000,0.66,2.89,5.61,9.01
2012-06-01,23.57,22.57,23.57,22.52,38761,88070000,-0.92,-3.92,4.47,12.02
2012-06-04,21.88,22.08,22.92,21.60,16229,36280000,-0.49,-2.17,5.85,5.03
2012-06-05,22.02,22.05,22.38,21.80,8018,17670000,-0.03,-0.14,2.63,2.49
2012-06-06,22.05,21.91,22.47,21.70,8341,18410000,-0.14,-0.63,3.49,2.59
2012-06-07,22.14,22.33,22.89,21.99,12133,27290000,0.42,1.92,4.11,3.76
2012-06-08,22.56,22.11,22.60,21.60,8815,19550000,-0.22,-0.99,4.48,2.73
2012-06-11,22.05,24.03,24.06,22.05,30283,70710000,1.92,8.68,9.09,9.39
2012-06-12,23.80,23.21,24.00,23.20,17842,41930000,-0.82,-3.41,3.33,5.54
2012-06-13,23.44,23.58,24.07,23.05,17634,41690000,0.37,1.59,4.39,5.47
2012-06-14,23.47,23.99,24.60,23.31,19780,47570000,0.41,1.74,5.47,6.14
2012-06-15,24.20,24.17,24.58,23.04,16563,39400000,0.18,0.75,6.42,5.14
2012-06-18,23.98,25.18,25.40,23.90,30299,74650000,1.01,4.18,6.21,9.40
2012-06-19,24.94,24.64,25.24,24.43,13678,33970000,-0.54,-2.14,3.22,4.24
2012-06-20,24.66,24.46,25.15,24.18,11455,28350000,-0.18,-0.73,3.94,3.55
2012-06-21,24.64,23.71,24.64,23.32,12737,30300000,-0.75,-3.07,5.40,3.95
2012-06-25,23.67,22.37,23.67,22.34,11018,25200000,-1.34,-5.65,5.61,3.42
2012-06-26,22.00,21.77,22.29,21.16,13352,28940000,-0.60,-2.68,5.05,4.14
2012-06-27,22.02,21.63,22.67,21.60,12604,27910000,-0.14,-0.64,4.92,3.91
2012-06-28,21.49,21.48,22.17,21.40,7823,17010000,-0.15,-0.69,3.56,2.43
2012-06-29,21.56,22.09,22.12,21.20,9175,19920000,0.61,2.84,4.28,2.85
2012-07-02,22.30,22.91,23.24,22.30,12010,27320000,0.82,3.71,4.26,3.73
2012-07-03,23.00,23.23,23.60,22.64,13702,31910000,0.32,1.40,4.19,4.25
2012-07-04,23.39,22.98,23.86,22.80,9311,21700000,-0.25,-1.08,4.56,2.89
2012-07-05,22.88,23.00,23.30,22.56,10894,25060000,0.02,0.09,3.22,3.38
2012-07-06,22.81,22.93,23.09,22.01,12192,27450000,-0.07,-0.30,4.70,3.78
2012-07-09,22.80,21.78,22.80,21.76,7895,17660000,-1.15,-5.02,4.54,2.45
2012-07-10,22.30,21.56,22.30,21.50,5763,12640000,-0.22,-1.01,3.67,1.79
2012-07-11,21.36,21.25,21.39,20.50,6806,14270000,-0.31,-1.44,4.13,2.11
2012-07-12,21.60,22.20,22.20,21.39,7749,16950000,0.95,4.47,3.81,2.40
2012-07-13,22.20,21.98,22.40,21.83,5674,12510000,-0.22,-0.99,2.57,1.76
2012-07-16,21.98,20.63,22.24,20.40,9576,20080000,-1.35,-6.14,8.37,2.97
2012-07-17,21.00,20.55,21.00,20.39,5823,11980000,-0.08,-0.39,2.96,1.81
2012-07-18,20.62,21.15,21.16,20.52,5758,11980000,0.60,2.92,3.11,1.79
2012-07-19,20.82,21.26,21.66,20.82,4535,9690000,0.11,0.52,3.97,1.41
2012-07-20,21.50,21.27,21.59,21.21,2709,5790000,0.01,0.05,1.79,0.84
2012-07-23,20.99,21.47,21.59,20.99,4717,10090000,0.20,0.94,2.82,1.46
2012-07-24,21.36,22.16,22.32,21.36,6329,13850000,0.69,3.21,4.47,1.96
2012-07-25,22.02,22.45,23.08,22.02,10186,23090000,0.29,1.31,4.78,3.16
2012-07-26,22.33,21.86,22.77,21.50,5169,11510000,-0.59,-2.63,5.66,1.60
2012-07-27,21.96,21.67,22.24,21.46,4092,8910000,-0.19,-0.87,3.57,1.27
2012-07-30,21.83,21.64,21.98,21.48,4261,9240000,-0.03,-0.14,2.31,1.32
2012-07-31,21.32,20.30,21.32,19.88,15461,31400000,-1.34,-6.19,6.65,4.80
2012-08-01,20.11,20.45,20.87,20.10,3469,7150000,0.15,0.74,3.79,1.08
2012-08-02,20.45,20.79,20.87,20.40,4362,9020000,0.34,1.66,2.30,1.35
2012-08-03,20.80,21.32,21.40,20.79,3392,7200000,0.53,2.55,2.93,1.05
2012-08-06,21.23,22.18,22.34,21.13,6136,13510000,0.86,4.03,5.68,1.90
2012-08-07,22.20,22.36,22.78,22.11,8729,19570000,0.18,0.81,3.02,2.71
2012-08-08,22.45,22.24,22.65,22.15,6404,14360000,-0.12,-0.54,2.24,1.99
2012-08-09,22.25,22.65,22.73,22.05,5521,12430000,0.41,1.84,3.06,1.71
2012-08-10,22.72,22.40,22.93,22.39,4277,9650000,-0.25,-1.10,2.38,1.33
2012-08-13,22.51,22.30,22.88,22.30,8182,18490000,-0.10,-0.45,2.59,2.54
2012-08-14,22.38,23.30,23.33,22.38,13069,29960000,1.00,4.48,4.26,4.05
2012-08-15,23.18,23.10,23.63,23.06,12044,28150000,-0.20,-0.86,2.45,3.74
2012-08-16,23.08,22.98,23.17,22.62,7083,16210000,-0.12,-0.52,2.38,2.20
2012-08-17,23.05,22.98,23.07,22.51,3870,8830000,0.00,0.00,2.44,1.20
2012-08-20,22.84,23.18,23.19,22.70,6502,15000000,0.20,0.87,2.13,2.02
2012-08-21,23.18,24.03,24.20,22.96,11563,27600000,0.85,3.67,5.35,3.59
2012-08-22,24.90,24.09,25.30,24.05,13023,32220000,0.06,0.25,5.20,4.04
2012-08-23,24.09,24.33,24.83,23.80,7168,17500000,0.24,1.00,4.28,2.22
2012-08-24,24.38,24.61,25.50,24.32,11640,29030000,0.28,1.15,4.85,3.61
2012-08-27,24.62,25.55,26.65,24.60,20975,53930000,0.94,3.82,8.33,6.51
2012-08-28,25.10,25.30,25.38,24.11,12579,31120000,-0.25,-0.98,4.97,3.90
2012-08-29,25.19,25.85,26.69,25.19,18357,48150000,0.55,2.17,5.93,5.69
2012-08-30,25.60,26.58,26.99,24.30,19012,49020000,0.73,2.82,10.41,5.90
2012-08-31,26.02,26.00,26.45,25.33,10007,26000000,-0.58,-2.18,4.21,3.10
2012-09-03,25.80,26.04,26.18,25.40,10660,27550000,0.04,0.15,3.00,3.31
2012-09-04,26.10,25.65,26.20,25.51,10488,27150000,-0.39,-1.50,2.65,3.25
2012-09-05,25.69,25.12,25.84,25.05,8407,21260000,-0.53,-2.07,3.08,2.61
2012-09-06,25.30,26.40,26.40,25.06,12092,31040000,1.28,5.10,5.33,3.75
2012-09-07,26.83,26.84,27.20,26.30,20940,56170000,0.44,1.67,3.41,6.50
2012-09-10,26.86,26.64,26.97,26.33,8446,22450000,-0.20,-0.75,2.38,2.62
2012-09-11,26.65,26.83,27.27,26.29,9331,24970000,0.19,0.71,3.68,2.89
2012-09-12,26.90,26.43,26.90,26.20,6887,18200000,-0.40,-1.49,2.61,2.14
2012-09-13,26.42,25.43,26.58,25.42,7913,20620000,-1.00,-3.78,4.39,2.45
2012-09-14,25.48,25.64,26.05,25.38,6141,15740000,0.21,0.83,2.63,1.91
2012-09-17,25.62,24.61,25.62,24.61,5579,13930000,-1.03,-4.02,3.94,1.73
2012-09-18,24.85,24.77,25.30,24.25,3383,8420000,0.16,0.65,4.27,1.05
2012-09-19,24.71,24.94,24.95,24.54,2059,5100000,0.17,0.69,1.66,0.64
2012-09-20,24.60,24.00,24.95,23.91,4712,11420000,-0.94,-3.77,4.17,1.46
2012-09-21,23.68,24.00,24.44,23.68,3356,8080000,0.00,0.00,3.17,1.04
2012-09-24,24.00,24.40,24.41,23.50,2971,7130000,0.40,1.67,3.79,0.92
2012-09-25,24.40,23.98,24.56,23.80,2267,5480000,-0.42,-1.72,3.11,0.70
2012-09-26,24.28,23.15,24.28,23.10,3014,7110000,-0.83,-3.46,4.92,0.93
2012-09-27,23.13,23.93,23.96,23.00,3609,8510000,0.78,3.37,4.15,1.12
2012-09-28,23.89,24.63,24.94,23.56,3441,8450000,0.70,2.93,5.77,1.07
2012-10-08,24.63,24.46,24.80,24.30,1909,4680000,-0.17,-0.69,2.03,0.59
2012-10-09,24.63,25.00,25.18,24.36,3927,9790000,0.54,2.21,3.35,1.22
2012-10-10,24.96,25.48,25.59,24.96,4747,12060000,0.48,1.92,2.52,1.47
2012-10-11,25.35,24.86,25.55,24.86,3357,8450000,-0.62,-2.43,2.71,1.04
2012-10-12,25.18,24.50,25.18,23.85,3312,8080000,-0.36,-1.45,5.35,1.03
2012-10-15,24.05,23.25,24.48,23.01,4562,10720000,-1.25,-5.10,6.00,1.42
2012-10-16,23.28,23.31,23.65,23.28,2281,5360000,0.06,0.26,1.59,0.71
2012-10-17,23.05,22.00,23.32,21.81,12246,27270000,-1.31,-5.62,6.48,3.80
2012-10-18,22.00,22.27,22.39,22.00,10028,22260000,0.27,1.23,1.77,3.11
2012-10-19,22.34,22.30,22.38,22.08,4976,11060000,0.03,0.13,1.35,1.54
2012-10-22,22.31,22.31,22.36,22.10,5036,11230000,0.01,0.04,1.17,1.56
2012-10-23,22.39,22.26,22.43,22.21,4797,10710000,-0.05,-0.22,0.99,1.49
2012-10-24,22.01,21.60,22.15,21.40,4705,10240000,-0.66,-2.97,3.37,1.46
2012-10-25,21.58,21.72,21.88,21.51,2892,6280000,0.12,0.56,1.71,0.90
2012-10-26,21.82,21.34,21.82,20.88,5376,11380000,-0.38,-1.75,4.33,1.67
2012-10-29,21.34,21.21,21.40,21.18,1563,3320000,-0.13,-0.61,1.03,0.49
2012-10-30,21.23,21.20,21.50,21.00,3705,7890000,-0.01,-0.05,2.36,1.15
2012-10-31,21.22,20.71,21.22,20.45,5328,11010000,-0.49,-2.31,3.63,1.65
2012-11-01,21.00,21.59,21.63,20.83,7828,16570000,0.88,4.25,3.86,2.43
2012-11-02,21.55,21.64,21.85,21.41,5785,12500000,0.05,0.23,2.04,1.79
2012-11-05,21.48,20.83,21.48,20.61,6176,12900000,-0.81,-3.74,4.02,1.92
2012-11-06,20.65,20.54,20.83,20.05,5016,10210000,-0.29,-1.39,3.74,1.56
2012-11-07,20.60,20.69,20.71,20.23,2565,5280000,0.15,0.73,2.34,0.80
2012-11-08,20.30,19.90,20.45,19.90,4782,9610000,-0.79,-3.82,2.66,1.48
2012-11-09,19.96,19.68,20.10,19.56,4942,9770000,-0.22,-1.11,2.71,1.53
2012-11-12,19.89,20.21,20.64,19.88,7305,14830000,0.53,2.69,3.86,2.27
2012-11-13,20.25,20.52,21.20,20.13,15571,32170000,0.31,1.53,5.29,4.83
2012-11-14,20.43,19.73,20.45,18.98,17002,33220000,-0.79,-3.85,7.16,5.27
2012-11-15,19.32,19.80,20.16,19.20,11324,22340000,0.07,0.35,4.87,3.51
2012-11-16,19.73,20.41,20.50,19.73,15734,31820000,0.61,3.08,3.89,4.88
2012-11-19,20.50,20.83,20.89,20.18,14334,29480000,0.42,2.06,3.48,4.45
2012-11-20,20.90,20.41,20.93,20.31,8509,17470000,-0.42,-2.02,2.98,2.64
2012-11-21,20.46,20.33,20.56,19.68,7440,14980000,-0.08,-0.39,4.31,2.31
2012-11-22,20.13,19.91,20.38,19.90,4793,9660000,-0.42,-2.07,2.36,1.49
2012-11-23,19.91,19.76,20.08,19.70,5637,11200000,-0.15,-0.75,1.91,1.75
2012-11-26,19.76,19.36,19.83,19.26,4871,9540000,-0.40,-2.02,2.88,1.51
2012-11-27,19.75,18.42,19.75,18.41,8092,15300000,-0.94,-4.86,6.92,2.51
2012-11-28,18.28,17.58,18.45,17.45,5954,10620000,-0.84,-4.56,5.43,1.85
2012-11-29,17.45,17.14,17.68,16.86,9506,16460000,-0.44,-2.50,4.66,2.95
2012-11-30,17.19,17.25,17.48,17.04,6823,11810000,0.11,0.64,2.57,2.12
2012-12-03,17.23,16.05,17.37,16.03,6002,10050000,-1.20,-6.96,7.77,1.86
2012-12-04,16.10,16.64,16.65,15.60,7009,11270000,0.59,3.68,6.54,2.17
2012-12-05,16.33,17.65,18.23,16.33,10615,18510000,1.01,6.07,11.42,3.29
2012-12-06,17.69,17.69,18.10,17.55,8065,14390000,0.04,0.23,3.12,2.50
2012-12-07,17.70,18.28,18.41,17.60,8843,15920000,0.59,3.34,4.58,2.74
2012-12-10,18.08,18.52,18.56,18.08,9071,16680000,0.24,1.31,2.63,2.81
2012-12-11,18.50,17.97,18.55,17.91,6893,12590000,-0.55,-2.97,3.46,2.14
2012-12-12,17.90,18.55,18.56,17.65,10400,18920000,0.58,3.23,5.06,3.23
2012-12-13,18.40,18.01,18.51,18.00,5734,10430000,-0.54,-2.91,2.75,1.78
2012-12-14,17.90,18.86,18.89,17.90,13122,24370000,0.85,4.72,5.50,4.07
2012-12-17,18.75,18.76,18.98,18.60,6054,11360000,-0.10,-0.53,2.01,1.88
2012-12-18,18.79,18.84,19.71,18.65,8107,15440000,0.08,0.43,5.65,2.52
2012-12-19,19.00,18.81,19.09,18.74,7350,13830000,-0.03,-0.16,1.86,2.28
2012-12-20,18.86,18.94,19.07,18.41,7603,14310000,0.13,0.69,3.51,2.36
2012-12-21,18.79,19.15,19.46,18.72,11592,22160000,0.21,1.11,3.91,3.60
2012-12-24,19.36,19.49,19.65,19.16,9894,19280000,0.34,1.78,2.56,3.07
2012-12-25,19.21,19.84,19.98,18.88,18554,36290000,0.35,1.80,5.64,5.76
2012-12-26,19.80,20.20,20.25,19.52,17867,35560000,0.36,1.81,3.68,5.54
2012-12-27,20.12,19.80,20.71,19.75,17584,35250000,-0.40,-1.98,4.75,5.46
2012-12-28,19.88,20.22,20.47,19.51,15815,31650000,0.42,2.12,4.85,4.91
2012-12-31,20.34,21.30,21.50,20.29,26889,56740000,1.08,5.34,5.98,8.34
2013-01-04,21.48,20.85,21.49,20.58,11505,23980000,-0.45,-2.11,4.27,3.57
2013-01-07,20.85,20.97,21.04,20.63,9423,19650000,0.12,0.58,1.97,2.92
2013-01-08,21.16,21.09,21.88,20.97,15484,33050000,0.12,0.57,4.34,4.80
2013-01-09,20.91,20.36,21.10,20.28,17163,35340000,-0.73,-3.46,3.89,5.32
2013-01-10,20.33,20.38,20.66,20.21,11486,23460000,0.02,0.10,2.21,3.56
2013-01-11,20.60,19.97,20.64,19.90,15120,30570000,-0.41,-2.01,3.63,3.89
2013-01-14,20.33,20.82,20.96,20.32,35284,72730000,0.85,4.26,3.20,9.07
2013-01-15,20.77,22.09,22.55,20.77,37178,81100000,1.27,6.10,8.55,9.56
2013-01-16,22.24,21.50,22.24,21.15,22803,49190000,-0.59,-2.67,4.93,5.86
2013-01-17,21.31,21.19,21.65,21.10,14369,30680000,-0.31,-1.44,2.56,3.69
2013-01-18,21.39,21.56,21.74,21.33,14963,32290000,0.37,1.75,1.93,3.85
2013-01-21,21.62,22.10,22.10,21.35,18813,41220000,0.54,2.50,3.48,4.84
2013-01-22,22.10,21.31,22.14,21.12,16982,36630000,-0.79,-3.57,4.62,4.37
2013-01-23,21.30,21.58,21.78,21.21,11417,24600000,0.27,1.27,2.67,2.94
2013-01-24,21.70,20.23,21.70,20.00,20665,43100000,-1.35,-6.26,7.88,5.31
2013-01-25,20.35,20.26,20.58,20.08,7865,15980000,0.03,0.15,2.47,2.02
2013-01-28,20.20,20.79,20.83,20.10,8170,16850000,0.53,2.62,3.60,2.10
2013-01-29,21.30,21.42,22.25,21.22,16719,36240000,0.63,3.03,4.95,4.30
2013-01-30,21.46,21.62,21.96,21.33,13423,29000000,0.20,0.93,2.94,3.45
2013-01-31,21.70,22.86,23.37,21.70,35793,81000000,1.24,5.74,7.72,9.20
2013-02-01,22.43,23.00,23.40,22.25,28802,65870000,0.14,0.61,5.03,7.41
2013-02-04,22.91,22.60,23.07,22.48,16159,36630000,-0.40,-1.74,2.57,4.15
2013-02-05,22.40,22.79,22.88,22.00,14021,31590000,0.19,0.84,3.89,3.61
2013-02-06,22.95,23.00,23.26,22.60,16600,38140000,0.21,0.92,2.90,4.27
2013-02-07,23.41,22.90,23.58,22.82,19953,46350000,-0.10,-0.43,3.30,5.13
2013-02-08,22.70,23.17,23.39,22.67,12905,29820000,0.27,1.18,3.14,3.32
2013-02-18,23.45,24.57,24.70,23.20,27869,67510000,1.40,6.04,6.47,7.17
2013-02-19,24.50,24.00,25.45,23.88,35732,87970000,-0.57,-2.32,6.39,9.19
2013-02-20,24.20,25.44,25.49,24.20,47301,118920000,1.44,6.00,5.38,12.16
2013-02-21,25.14,25.72,26.00,24.80,33953,85780000,0.28,1.10,4.72,8.73
2013-02-22,25.35,25.54,26.03,25.22,27424,69950000,-0.18,-0.70,3.15,7.05
2013-02-25,25.50,26.90,26.98,25.50,45239,119780000,1.36,5.33,5.79,11.63
2013-02-26,26.70,24.99,26.99,24.71,64724,167310000,-1.91,-7.10,8.48,16.64
2013-02-27,24.85,24.79,25.56,24.00,37632,92730000,-0.20,-0.80,6.24,9.68
2013-02-28,24.96,25.85,25.98,24.79,34892,89080000,1.06,4.28,4.80,8.97
2013-03-01,26.19,27.35,27.45,26.05,58955,158900000,1.50,5.80,5.42,15.16
2013-03-04,27.00,27.45,28.58,26.45,66544,182940000,0.10,0.37,7.79,17.11
2013-03-05,27.42,27.64,27.89,26.51,29370,80370000,0.19,0.69,5.03,7.55
2013-03-06,27.46,27.35,27.97,27.05,25465,69750000,-0.29,-1.05,3.33,6.55
2013-03-07,27.21,26.39,27.56,25.68,34924,92560000,-0.96,-3.51,6.87,8.98
2013-03-08,26.38,25.65,26.54,25.36,21521,55690000,-0.74,-2.80,4.47,5.53
2013-03-11,25.84,25.85,26.28,25.60,12820,33330000,0.20,0.78,2.65,3.30
2013-03-12,25.86,24.75,26.14,24.10,23354,58110000,-1.10,-4.26,7.89,6.00
2013-03-13,24.94,24.67,24.94,24.30,13585,33380000,-0.08,-0.32,2.59,3.49
2013-03-14,24.58,24.67,25.01,24.30,6988,17290000,0.00,0.00,2.88,1.80
2013-03-15,24.74,24.93,25.53,24.41,15912,40020000,0.26,1.05,4.54,4.09
2013-03-18,24.88,25.19,25.38,24.77,16304,41000000,0.26,1.04,2.45,4.19
2013-03-19,24.95,24.60,25.23,24.00,14177,34800000,-0.59,-2.34,4.88,3.65
2013-03-20,24.68,25.78,25.90,24.51,19306,49020000,1.18,4.80,5.65,4.96
2013-03-21,25.94,26.77,27.15,25.94,31924,85250000,0.99,3.84,4.69,8.21
2013-03-22,27.55,27.28,28.20,27.16,45081,124720000,0.51,1.91,3.88,11.59
2013-03-25,27.20,27.29,27.79,27.02,20441,56170000,0.01,0.04,2.82,5.26
2013-03-26,27.35,26.85,27.35,26.41,17577,47130000,-0.44,-1.61,3.44,4.52
2013-03-27,26.76,26.99,27.30,26.65,10711,28860000,0.14,0.52,2.42,2.75
2013-03-28,26.80,26.65,27.48,26.25,20333,54970000,-0.34,-1.26,4.56,5.23
2013-03-29,26.90,26.30,27.10,26.20,15518,41330000,-0.35,-1.31,3.38,3.99
2013-04-01,26.34,27.02,27.13,26.19,13326,35710000,0.72,2.74,3.57,3.43
2013-04-02,27.20,25.12,27.20,25.11,24455,63770000,-1.90,-7.03,7.74,6.29
2013-04-03,24.99,24.76,25.28,24.36,12479,30740000,-0.36,-1.43,3.66,3.21
2013-04-08,24.03,24.08,24.39,23.40,26942,64210000,-0.68,-2.75,4.00,6.93
2013-04-09,24.06,24.00,24.35,23.80,19948,47920000,-0.08,-0.33,2.28,5.13
2013-04-10,24.05,23.04,24.05,22.88,26310,61200000,-0.96,-4.00,4.88,6.76
2013-04-11,23.15,23.21,23.54,23.01,13673,31810000,0.17,0.74,2.30,3.52
2013-04-12,23.37,23.25,23.44,23.03,8150,18950000,0.04,0.17,1.77,2.10
2013-04-15,23.10,22.71,23.15,22.52,8626,19640000,-0.54,-2.32,2.71,2.22
2013-04-16,22.47,23.20,23.24,22.46,10139,23220000,0.49,2.16,3.43,2.61
2013-04-17,23.30,23.85,23.93,23.10,17682,41610000,0.65,2.80,3.58,4.55
2013-04-18,23.80,24.65,24.97,23.60,24293,59530000,0.80,3.35,5.74,6.25
2013-04-19,24.75,25.54,25.55,24.52,28291,70930000,0.89,3.61,4.18,7.27
2013-04-22,25.51,25.79,25.80,25.31,17352,44440000,0.25,0.98,1.92,4.46
2013-04-23,25.76,24.80,25.76,24.80,15197,38270000,-0.99,-3.84,3.72,3.91
2013-04-24,24.70,25.28,25.73,24.62,16108,40680000,0.48,1.94,4.48,4.14
2013-04-25,25.12,24.11,25.26,24.08,20245,50130000,-1.17,-4.63,4.67,5.21
2013-04-26,24.06,23.18,24.30,23.01,11815,27710000,-0.93,-3.86,5.35,3.04
2013-05-02,23.08,24.31,24.45,23.05,10711,25490000,1.13,4.87,6.04,2.75
2013-05-03,24.51,24.80,25.23,24.34,12188,30390000,0.49,2.02,3.66,3.13
2013-05-06,24.81,25.26,25.62,24.70,22240,56270000,0.46,1.85,3.71,5.72
2013-05-07,25.46,25.58,26.13,25.30,23628,60950000,0.32,1.27,3.29,6.07
2013-05-08,25.52,25.76,25.77,25.20,15630,39900000,0.18,0.70,2.23,3.92
2013-05-09,25.78,26.77,26.95,25.61,29661,78490000,1.01,3.92,5.20,7.44
2013-05-10,26.60,26.63,27.49,26.39,28044,75580000,-0.14,-0.52,4.11,7.04
2013-05-13,26.61,27.39,27.47,26.53,23443,63340000,0.76,2.85,3.53,5.88
2013-05-14,27.11,26.05,27.37,25.88,27654,72740000,-1.34,-4.89,5.44,6.94
2013-05-15,26.03,27.12,27.20,26.03,23401,62660000,1.07,4.11,4.49,5.87
2013-05-16,27.09,26.35,27.28,26.12,29533,78730000,-0.77,-2.84,4.28,7.41
2013-05-17,26.15,26.54,26.96,25.80,19566,51700000,0.19,0.72,4.40,4.91
2013-05-20,26.55,28.14,28.47,26.55,37544,103790000,1.60,6.03,7.23,9.42
2013-05-21,28.03,29.27,29.29,27.57,37898,107860000,1.13,4.02,6.11,9.51
2013-05-22,28.80,28.43,29.13,27.81,31208,88660000,-0.84,-2.87,4.51,7.83
2013-05-23,28.10,28.72,29.70,28.10,34335,99660000,0.29,1.02,5.63,8.62
2013-05-24,28.85,29.70,29.76,28.60,25632,74970000,0.98,3.41,4.04,6.43
2013-05-27,29.84,30.07,30.68,29.60,31734,95520000,0.37,1.25,3.64,7.96
2013-05-28,29.83,28.79,29.93,28.68,22294,64810000,-1.28,-4.26,4.16,5.59
2013-05-29,28.80,28.65,29.37,28.52,17995,52000000,-0.14,-0.49,2.95,4.52
2013-05-30,28.65,29.01,29.25,28.16,16880,48520000,0.36,1.26,3.80,4.24
2013-05-31,29.28,29.31,30.39,28.70,28159,83330000,0.30,1.03,5.83,7.07
2013-06-03,29.30,28.23,29.97,27.97,22893,65690000,-1.08,-3.68,6.82,5.75
2013-06-04,28.29,27.26,28.50,26.88,19335,53250000,-0.97,-3.44,5.74,4.85
2013-06-05,27.50,27.62,28.18,27.29,18156,50300000,0.36,1.32,3.26,4.56
2013-06-06,27.85,27.20,28.34,27.10,15904,44270000,-0.42,-1.52,4.49,3.99
2013-06-07,27.32,27.31,28.02,26.42,15388,42080000,0.11,0.40,5.88,3.86
2013-06-13,26.66,27.55,27.88,25.90,16518,44280000,0.24,0.88,7.25,4.15
2013-06-14,27.75,29.12,29.45,27.73,32599,93170000,1.57,5.70,6.24,8.18
2013-06-17,18.16,17.46,18.30,17.38,45111,80850000,-0.62,-3.43,5.09,7.08
2013-06-18,17.60,17.70,17.90,16.71,38212,66140000,0.24,1.37,6.82,5.99
2013-06-19,17.36,18.00,18.15,17.23,50764,90540000,0.30,1.69,5.20,7.96
2013-06-20,17.81,16.41,17.94,16.20,52636,89770000,-1.59,-8.83,9.67,8.26
2013-06-21,15.80,15.70,16.10,15.50,39589,62370000,-0.71,-4.33,3.66,6.21
2013-06-24,15.61,14.30,15.77,14.14,32808,48640000,-1.40,-8.92,10.38,5.15
2013-06-25,14.04,14.52,14.86,13.04,36540,51600000,0.22,1.54,12.73,5.73
2013-06-26,14.60,15.15,15.22,14.30,43383,64360000,0.63,4.34,6.34,6.80
2013-06-27,15.39,15.29,15.94,15.02,50154,77790000,0.14,0.92,6.07,7.87
2013-06-28,15.01,15.15,15.53,14.60,31740,47800000,-0.14,-0.92,6.08,4.98
2013-07-01,15.00,15.62,15.65,14.72,24491,37560000,0.47,3.10,6.14,3.84
2013-07-02,15.93,15.85,16.10,15.63,35409,56160000,0.23,1.47,3.01,5.55
2013-07-03,15.73,15.85,15.91,15.28,28664,44770000,0.00,0.00,3.97,4.50
2013-07-04,15.70,15.77,15.95,15.50,31190,48970000,-0.08,-0.50,2.84,4.89
2013-07-05,15.76,15.30,15.82,15.15,22390,34830000,-0.47,-2.98,4.25,3.51
2013-07-08,14.65,14.43,15.30,14.20,17145,25060000,-0.87,-5.69,7.19,2.69
2013-07-09,14.46,14.30,14.62,14.20,16573,23790000,-0.13,-0.90,2.91,2.60
2013-07-10,14.33,14.71,14.78,14.25,25238,36570000,0.41,2.87,3.71,3.96
2013-07-11,14.75,15.09,15.18,14.66,28893,43200000,0.38,2.58,3.54,4.53
2013-07-12,15.04,15.70,15.70,15.00,33254,51050000,0.61,4.04,4.64,5.22
2013-07-15,15.19,15.25,15.47,14.87,67851,102730000,-0.45,-2.87,3.82,10.64
2013-07-16,15.30,15.08,15.30,14.78,43147,64880000,-0.17,-1.11,3.41,6.77
2013-07-17,15.00,14.85,15.32,14.81,31637,47720000,-0.23,-1.53,3.38,4.96
2013-07-18,14.80,14.80,14.91,14.52,23007,33910000,-0.05,-0.34,2.63,3.61
2013-07-19,14.89,14.55,15.17,14.55,26505,39440000,-0.25,-1.69,4.19,4.16
2013-07-22,14.46,15.71,15.76,14.31,53800,81910000,1.16,7.97,9.97,8.44
2013-07-23,15.87,16.30,16.43,15.68,79316,127380000,0.59,3.76,4.77,12.44
2013-07-24,16.19,17.00,17.07,15.92,65653,108150000,0.70,4.29,7.06,10.30
2013-07-25,16.87,16.17,16.89,16.13,47126,77530000,-0.83,-4.88,4.47,7.39
2013-07-26,15.81,16.10,16.27,15.50,30191,48190000,-0.07,-0.43,4.76,4.74
2013-07-29,15.83,15.70,16.12,15.65,17160,27200000,-0.40,-2.48,2.92,2.69
2013-07-30,15.85,15.16,15.93,14.66,16990,25940000,-0.54,-3.44,8.09,2.66
2013-07-31,15.42,15.70,16.28,15.12,31269,49480000,0.54,3.56,7.65,4.90
2013-08-01,16.15,16.87,17.27,16.13,70120,118000000,1.17,7.45,7.26,11.00
2013-08-02,17.09,17.08,17.80,16.97,78598,136440000,0.21,1.24,4.92,12.33
2013-08-05,16.82,17.19,17.19,16.72,43478,73790000,0.11,0.64,2.75,6.82
2013-08-06,17.06,16.90,17.17,16.78,42842,72560000,-0.29,-1.69,2.27,6.72
2013-08-07,16.79,16.35,16.90,16.15,39073,64220000,-0.55,-3.25,4.44,6.13
2013-08-08,16.36,16.50,16.83,16.03,34358,56950000,0.15,0.92,4.89,5.39
2013-08-09,16.46,16.50,16.66,16.11,25203,41420000,0.00,0.00,3.33,3.95
2013-08-12,17.25,16.74,17.47,16.50,53121,89630000,0.24,1.45,5.88,8.33
2013-08-13,16.85,17.26,17.36,16.75,50202,86040000,0.52,3.11,3.64,7.87
2013-08-14,17.26,17.00,17.33,16.86,39915,68410000,-0.26,-1.51,2.72,6.26
2013-08-15,16.73,16.18,16.73,16.15,49917,81840000,-0.82,-4.82,3.41,7.83
2013-08-16,16.11,15.69,16.37,15.53,31010,49740000,-0.49,-3.03,5.19,4.86
2013-08-19,15.65,15.95,16.00,15.50,20403,32290000,0.26,1.66,3.19,3.20
2013-08-20,15.88,15.95,16.14,15.83,16255,26000000,0.00,0.00,1.94,2.55
2013-08-21,15.93,16.10,16.30,15.78,22420,36190000,0.15,0.94,3.26,3.52
2013-08-22,16.02,16.02,16.15,15.87,17683,28310000,-0.08,-0.50,1.74,2.77
2013-08-23,16.02,16.05,16.25,15.70,21699,34670000,0.03,0.19,3.43,3.40
2013-08-26,15.93,16.21,16.22,15.91,23239,37370000,0.16,1.00,1.93,3.65
2013-08-27,16.12,16.21,16.28,15.99,23338,37650000,0.00,0.00,1.79,3.66
2013-08-28,16.09,15.85,16.15,15.81,24829,39670000,-0.36,-2.22,2.10,3.89
2013-08-29,16.13,15.80,16.15,15.75,16926,27070000,-0.05,-0.32,2.52,2.65
2013-08-30,15.80,15.06,15.90,14.98,31126,48010000,-0.74,-4.68,5.82,4.88
2013-09-02,15.05,15.24,15.35,14.86,17687,26750000,0.18,1.20,3.25,2.77
2013-09-03,15.26,15.56,15.56,15.16,13211,20360000,0.32,2.10,2.62,2.07
2013-09-04,15.51,15.42,15.58,15.36,11536,17810000,-0.14,-0.90,1.41,1.81
2013-09-05,15.50,15.60,15.80,15.47,17618,27550000,0.18,1.17,2.14,2.76
2013-09-06,15.56,15.75,15.88,15.39,15777,24690000,0.15,0.96,3.14,2.47
2013-09-09,15.79,15.79,15.94,15.51,22826,35820000,0.04,0.25,2.73,3.58
2013-09-10,15.90,16.18,16.39,15.69,43181,69600000,0.39,2.47,4.43,6.77
2013-09-11,16.19,15.78,16.21,15.40,24282,38230000,-0.40,-2.47,5.01,3.81
2013-09-12,15.78,15.79,16.07,15.63,13752,21850000,0.01,0.06,2.79,2.16
2013-09-13,15.89,15.90,16.15,15.89,13235,21160000,0.11,0.70,1.65,2.08
2013-09-16,15.91,15.74,15.98,15.67,16431,25930000,-0.16,-1.01,1.95,2.58
2013-09-17,15.81,15.70,15.96,15.62,12132,19170000,-0.04,-0.25,2.16,1.90
2013-09-18,15.68,15.78,15.79,15.50,9591,15000000,0.08,0.51,1.85,1.50
2013-09-23,15.85,16.22,16.31,15.79,26695,43010000,0.44,2.79,3.30,4.19
2013-09-24,16.22,16.15,16.39,16.09,23585,38260000,-0.07,-0.43,1.85,3.70
2013-09-25,16.10,15.91,16.24,15.90,15372,24740000,-0.24,-1.49,2.11,2.41
2013-09-26,15.86,15.82,15.92,15.70,14582,23070000,-0.09,-0.57,1.38,2.29
2013-09-27,15.71,15.80,15.91,15.68,11549,18220000,-0.02,-0.13,1.45,1.81
2013-09-30,15.79,16.06,16.26,15.79,14017,22580000,0.26,1.65,2.97,2.20
2013-10-08,16.29,16.74,16.84,16.06,38671,64270000,0.68,4.23,4.86,6.07
2013-10-09,16.74,17.06,17.25,16.43,38142,64930000,0.32,1.91,4.90,5.98
2013-10-10,17.11,16.87,17.24,16.62,23766,39960000,-0.19,-1.11,3.63,3.73
2013-10-11,16.88,16.90,17.20,16.73,23908,40470000,0.03,0.18,2.79,3.75
2013-10-14,16.85,17.31,17.33,16.52,33689,56860000,0.41,2.43,4.79,5.28
2013-10-15,17.10,17.35,17.55,17.06,35795,61870000,0.04,0.23,2.83,5.61
2013-10-16,17.28,17.41,17.90,16.74,49360,85900000,0.06,0.35,6.69,7.74
2013-10-17,17.55,18.68,19.15,17.42,97336,181300000,1.27,7.29,9.94,15.27
2013-10-18,18.66,19.09,19.09,18.04,65597,122370000,0.41,2.19,5.62,10.29
2013-10-21,19.10,21.00,21.00,18.91,78574,161600000,1.91,10.01,10.95,12.32
2013-10-22,21.78,21.05,23.10,20.99,134981,298660000,0.05,0.24,10.05,21.17
2013-10-23,20.58,21.70,22.03,20.00,113696,238710000,0.65,3.09,9.64,17.83
2013-10-24,21.69,21.21,22.99,20.80,81327,177630000,-0.49,-2.26,10.09,12.76
2013-10-25,20.85,21.34,22.46,20.70,65933,141960000,0.13,0.61,8.30,10.34
2013-10-28,20.82,21.96,22.55,19.93,70611,149980000,0.62,2.91,12.28,11.07
2013-10-29,21.63,24.16,24.16,21.30,112327,256040000,2.20,10.02,13.02,17.62
2013-10-30,24.33,24.68,25.01,23.42,82970,201750000,0.52,2.15,6.58,13.01
2013-10-31,24.69,22.21,24.80,22.21,73057,166790000,-2.47,-10.01,10.49,11.46
2013-11-01,21.55,19.99,21.55,19.99,74212,150720000,-2.22,-10.00,7.02,11.64
2013-11-04,20.00,20.63,21.26,20.00,55639,114860000,0.64,3.20,6.30,8.73
2013-11-05,20.31,21.42,21.58,20.10,42434,88990000,0.79,3.83,7.17,6.66
2013-11-06,21.20,21.52,22.62,21.02,58803,128950000,0.10,0.47,7.47,9.22
2013-11-07,21.47,21.84,22.30,21.01,33692,73340000,0.32,1.49,5.99,5.28
2013-11-08,21.67,22.01,22.17,21.10,39309,85510000,0.17,0.78,4.90,6.17
2013-11-11,21.76,21.28,22.20,20.62,28649,60970000,-0.73,-3.32,7.18,4.49
2013-11-12,20.99,22.74,23.37,20.99,43916,97860000,1.46,6.86,11.18,6.89
2013-11-13,22.51,22.60,23.57,22.35,33922,77820000,-0.14,-0.62,5.37,5.32
2013-11-14,22.99,23.58,24.00,22.50,42476,99470000,0.98,4.34,6.64,6.66
2013-11-15,23.70,24.34,24.47,23.10,56414,134980000,0.76,3.22,5.81,8.85
2013-11-18,24.40,24.30,24.98,23.83,46727,113420000,-0.04,-0.16,4.72,7.33
2013-11-19,24.34,26.73,26.73,24.34,68401,177660000,2.43,10.00,9.84,10.73
2013-11-20,27.00,26.50,27.00,25.65,54858,143380000,-0.23,-0.86,5.05,8.60
2013-11-21,26.48,25.76,26.48,25.32,39196,100620000,-0.74,-2.79,4.38,6.15
2013-11-22,25.70,25.18,26.00,24.68,34521,86970000,-0.58,-2.25,5.12,5.41
2013-11-25,25.22,25.25,25.76,24.95,23652,59680000,0.07,0.28,3.22,3.71
2013-11-26,25.12,24.35,25.29,23.95,35480,86520000,-0.90,-3.56,5.31,5.56
2013-11-27,24.22,25.40,25.60,23.96,39968,100060000,1.05,4.31,6.74,6.27
2013-11-28,25.40,24.64,25.64,24.41,27838,68970000,-0.76,-2.99,4.84,4.37
2013-11-29,24.73,24.87,25.15,24.48,21391,53010000,0.23,0.93,2.72,3.36
2013-12-02,23.00,22.38,23.47,22.38,46101,104450000,-2.49,-10.01,4.38,7.23
2013-12-03,20.38,21.77,22.06,20.38,39785,84910000,-0.61,-2.73,7.51,6.24
2013-12-04,21.75,21.27,22.89,21.22,37660,83440000,-0.50,-2.30,7.67,5.91
2013-12-05,21.27,21.09,22.00,20.85,31001,66130000,-0.18,-0.85,5.41,4.86
2013-12-06,21.20,20.87,21.40,20.80,17766,37450000,-0.22,-1.04,2.85,2.79
2013-12-09,21.40,22.35,22.35,21.12,28180,61200000,1.48,7.09,5.89,4.42
2013-12-10,22.20,23.04,23.28,21.61,39466,89150000,0.69,3.09,7.47,6.19
2013-12-11,22.72,23.42,24.22,22.50,35629,83310000,0.38,1.65,7.47,5.59
2013-12-12,22.97,23.92,24.56,22.90,32938,78840000,0.50,2.13,7.09,5.17
2013-12-13,23.77,24.02,24.36,23.48,32216,77120000,0.10,0.42,3.68,5.05
2013-12-16,23.72,23.74,24.12,22.56,24238,57120000,-0.28,-1.17,6.49,3.80
2013-12-17,23.50,22.51,23.73,22.51,17839,40920000,-1.23,-5.18,5.14,2.80
2013-12-18,22.40,22.45,22.70,21.73,12567,27980000,-0.06,-0.27,4.31,1.97
2013-12-19,22.48,22.20,23.18,22.20,10692,24320000,-0.25,-1.11,4.37,1.68
2013-12-20,22.19,22.06,22.58,21.80,8209,18180000,-0.14,-0.63,3.51,1.29
2014-03-10,24.27,24.27,24.27,24.27,8597,20870000,2.21,10.02,0.00,1.35
2014-03-11,26.70,24.80,26.70,23.28,96382,241010000,0.53,2.18,14.09,15.17
2014-03-12,24.00,23.35,24.24,22.38,37968,89710000,-1.45,-5.85,7.50,5.98
2014-03-13,23.58,24.15,24.98,23.11,31424,75780000,0.80,3.43,8.01,4.95
2014-03-14,23.90,22.70,24.55,22.66,29520,68960000,-1.45,-6.00,7.83,4.65
2014-03-17,22.70,22.86,22.93,22.18,29241,66120000,0.16,0.70,3.30,4.60
2014-03-18,22.79,23.68,23.95,22.70,29158,68180000,0.82,3.59,5.47,4.59
2014-03-19,23.71,24.44,24.97,23.50,39989,97710000,0.76,3.21,6.21,6.30
2014-03-20,24.17,23.28,24.85,23.26,29276,70180000,-1.16,-4.75,6.51,4.61
2014-03-21,22.60,22.20,22.81,21.01,54388,117740000,-1.08,-4.64,7.73,8.56
2014-03-24,22.10,21.50,22.39,21.46,23861,52520000,-0.70,-3.15,4.19,3.76
2014-03-25,21.30,21.54,21.89,21.05,17189,37010000,0.04,0.19,3.91,2.71
2014-03-26,21.69,22.20,22.36,21.50,12335,26990000,0.66,3.06,3.99,1.94
2014-03-27,22.15,21.73,22.44,21.60,13136,28980000,-0.47,-2.12,3.78,2.07
2014-03-28,22.00,20.60,22.00,20.50,17736,37440000,-1.13,-5.20,6.90,2.79
2014-03-31,20.61,20.07,21.23,20.01,9412,19260000,-0.53,-2.57,5.92,1.48
2014-04-01,20.38,20.44,20.62,20.07,10592,21550000,0.37,1.84,2.74,1.67
2014-04-02,20.44,19.91,20.55,19.51,26399,52600000,-0.53,-2.59,5.09,4.16
2014-04-03,19.90,19.65,20.30,19.32,16379,32450000,-0.26,-1.31,4.92,2.58
2014-04-04,19.54,19.67,19.96,19.53,9590,18920000,0.02,0.10,2.19,1.51
2014-04-08,19.69,20.19,20.19,19.36,11486,22700000,0.52,2.64,4.22,1.81
2014-04-09,20.26,20.65,21.10,20.20,14046,29170000,0.46,2.28,4.46,2.21
2014-04-10,20.65,20.62,20.97,20.50,22437,46350000,0.07,0.34,2.29,3.53
2014-04-11,20.30,20.00,20.50,19.90,10560,21240000,-0.62,-3.01,2.91,1.66
2014-04-14,20.20,21.23,21.49,20.20,21407,45040000,1.23,6.15,6.45,3.37
2014-04-15,21.13,21.44,21.55,20.82,21247,45290000,0.21,0.99,3.44,3.35
2014-04-16,21.44,21.30,21.49,21.05,9558,20380000,-0.14,-0.65,2.05,1.50
2014-04-17,21.49,21.21,21.60,21.01,8730,18540000,-0.09,-0.42,2.77,1.37
2014-04-18,21.40,21.95,22.22,21.27,15111,33210000,0.74,3.49,4.48,2.38
2014-04-21,21.68,22.45,22.85,21.36,27200,61200000,0.50,2.28,6.79,4.28
2014-04-22,22.03,22.50,22.85,22.03,16670,37610000,0.05,0.22,3.65,2.61
2014-04-23,22.50,22.99,23.12,22.15,19188,43580000,0.49,2.18,4.31,3.01
2014-04-24,22.90,22.45,23.85,22.41,21200,49350000,-0.54,-2.35,6.26,3.33
2014-04-25,22.20,22.50,22.60,22.03,13067,29240000,0.05,0.22,2.54,2.05
2014-04-28,22.20,22.85,23.18,21.75,18211,41330000,0.35,1.56,6.36,2.86
2014-04-29,22.80,22.59,23.36,22.20,12766,28940000,-0.26,-1.14,5.08,2.00
2014-04-30,22.50,22.57,23.30,22.45,13733,31360000,-0.02,-0.09,3.76,2.15
2014-05-05,22.30,23.86,23.86,22.30,22279,51620000,1.29,5.72,6.91,3.49
2014-05-06,23.86,24.28,24.66,23.62,18210,43970000,0.42,1.76,4.36,2.86
2014-05-07,24.09,23.45,24.20,23.00,11016,26070000,-0.83,-3.42,4.94,1.73
2014-05-08,23.13,22.54,23.79,22.50,16792,38690000,-0.91,-3.88,5.50,2.63
2014-05-09,22.75,21.54,22.75,21.36,13665,29950000,-1.00,-4.44,6.17,2.14
2014-05-12,21.88,22.20,22.49,21.60,32930,72900000,0.66,3.06,4.13,5.16
2014-05-13,22.20,22.70,23.28,22.01,20443,46630000,0.50,2.25,5.72,3.21
2014-05-14,22.98,22.76,23.00,22.30,7695,17420000,0.06,0.26,3.08,1.21
2014-05-15,22.54,21.90,22.90,21.56,10511,23380000,-0.86,-3.78,5.89,1.65
2014-05-16,21.80,23.20,23.30,21.62,15639,35110000,1.30,5.94,7.67,2.45
2014-05-19,23.15,23.58,23.65,22.80,21748,50810000,0.38,1.64,3.66,3.41
2014-05-20,23.60,23.02,23.95,22.79,19908,46350000,-0.56,-2.37,4.92,3.12
2014-05-21,23.00,23.53,24.09,22.82,23925,56750000,0.51,2.22,5.52,3.75
2014-05-22,23.50,23.55,24.10,23.35,21181,50420000,0.02,0.09,3.19,3.32
2014-05-23,23.60,24.15,24.30,23.20,20604,49250000,0.60,2.55,4.67,3.23
2014-05-26,24.21,25.12,25.47,24.21,32087,79890000,0.97,4.02,5.22,5.03
2014-05-27,24.96,24.61,25.16,24.59,17173,42560000,-0.51,-2.03,2.27,2.69
2014-05-28,24.46,24.79,25.20,24.45,15767,39310000,0.18,0.73,3.05,2.47
2014-05-29,25.00,23.88,25.00,23.70,21948,53300000,-0.91,-3.67,5.24,3.44
2014-05-30,23.99,23.76,24.18,23.30,16475,38960000,-0.12,-0.50,3.69,2.58
2014-06-03,23.60,24.79,24.79,23.56,21711,52930000,1.03,4.34,5.18,3.41
2014-06-04,24.73,25.18,25.20,24.40,23779,59150000,0.39,1.57,3.23,3.73
2014-06-17,25.69,26.00,27.70,25.30,47852,126650000,0.82,3.26,9.53,7.51
2014-06-18,25.64,25.04,25.80,24.80,29248,73880000,-0.96,-3.69,3.85,4.59
2014-06-19,25.00,24.17,25.48,22.75,25882,64020000,-0.87,-3.47,10.90,4.06
2014-06-20,24.18,24.82,24.93,23.82,17399,42500000,0.65,2.69,4.59,2.73
2014-06-23,24.78,25.86,26.65,24.68,29697,76980000,1.04,4.19,7.94,4.66
2014-06-24,25.99,27.30,27.33,25.62,35636,95410000,1.44,5.57,6.61,5.59
2014-06-25,27.03,27.20,27.50,26.68,24683,67000000,-0.10,-0.37,3.00,3.87
2014-06-26,27.97,27.15,28.26,26.75,25836,70740000,-0.05,-0.18,5.55,4.05
2014-06-27,27.05,27.58,28.38,27.01,29493,82370000,0.43,1.58,5.05,4.63
2014-06-30,27.58,27.42,27.58,26.62,17004,46120000,-0.16,-0.58,3.48,2.67
2014-07-01,27.42,27.70,28.05,27.15,11860,32830000,0.28,1.02,3.28,1.86
2014-07-02,27.68,28.20,28.21,26.86,20747,57230000,0.50,1.81,4.87,3.25
2014-07-03,28.10,27.90,28.35,27.55,10712,29960000,-0.30,-1.06,2.84,1.68
2014-07-04,27.61,27.04,28.03,26.82,16094,43790000,-0.86,-3.08,4.34,2.52
2014-07-07,27.12,26.69,27.24,26.21,16476,43950000,-0.35,-1.29,3.81,2.58
2014-07-08,26.73,27.57,27.61,26.73,15197,41390000,0.88,3.30,3.30,2.38
2014-07-09,27.57,26.50,28.16,26.41,14896,40390000,-1.07,-3.88,6.35,2.34
2014-07-10,26.43,25.56,26.85,25.41,18462,48280000,-0.94,-3.55,5.43,2.90
2014-07-11,25.50,25.56,26.18,25.25,17928,45970000,0.00,0.00,3.64,2.81
2014-07-14,25.73,26.02,26.05,25.40,11015,28370000,0.46,1.80,2.54,1.73
2014-07-15,26.00,25.33,26.09,24.90,13360,33750000,-0.69,-2.65,4.57,2.10
2014-07-16,24.91,24.50,25.27,24.33,27326,67540000,-0.83,-3.28,3.71,4.29
2014-07-17,24.42,24.74,24.79,24.25,19503,47730000,0.24,0.98,2.20,3.06
2014-07-18,24.75,25.33,25.56,24.65,27620,69620000,0.59,2.38,3.68,4.33
2014-07-21,25.30,25.34,25.58,25.06,11913,30230000,0.01,0.04,2.05,1.87
2014-07-22,25.33,25.98,26.30,25.11,15795,40770000,0.64,2.53,4.70,2.48
2014-07-23,26.00,24.50,26.16,24.50,21271,53430000,-1.48,-5.70,6.39,3.34
2014-07-24,24.62,24.65,24.70,23.80,17625,42480000,0.15,0.61,3.67,2.76
2014-07-25,24.67,25.11,25.55,24.51,14143,35420000,0.46,1.87,4.22,2.22
2014-07-28,25.02,25.60,25.68,24.30,17883,44820000,0.49,1.95,5.50,2.80
2014-07-29,25.61,25.84,26.17,25.27,21344,55160000,0.24,0.94,3.52,3.35
2014-07-30,25.75,25.95,26.06,25.55,9128,23620000,0.11,0.43,1.97,1.43
2014-07-31,25.88,25.49,25.97,25.32,10273,26210000,-0.46,-1.77,2.50,1.61
2014-08-01,25.47,25.92,25.92,25.06,13841,35450000,0.43,1.69,3.37,2.17
2014-08-04,26.15,25.70,26.15,25.61,10374,26690000,-0.22,-0.85,2.08,1.63
2014-08-05,25.85,25.88,26.00,25.11,14256,36660000,0.18,0.70,3.46,2.24
2014-08-06,25.78,25.98,25.99,25.41,18598,47830000,0.10,0.39,2.24,2.92
2014-08-07,25.99,26.19,26.80,25.98,20962,55530000,0.21,0.81,3.16,3.29
2014-08-08,26.03,26.61,26.71,26.03,13600,36050000,0.42,1.60,2.60,2.13
2014-08-11,26.61,26.60,27.25,26.46,16109,42980000,-0.01,-0.04,2.97,2.53
2014-08-12,26.60,26.05,26.60,25.90,19165,50020000,-0.55,-2.07,2.63,3.01
2014-08-13,26.01,26.10,26.44,25.75,11425,29770000,0.05,0.19,2.65,1.79
2014-08-14,26.09,25.77,26.32,25.76,11460,29860000,-0.33,-1.26,2.15,1.80
2014-08-15,25.75,25.41,25.77,25.10,21989,55710000,-0.36,-1.40,2.60,3.45
2014-08-18,25.44,25.86,25.91,25.44,20799,53310000,0.45,1.77,1.85,3.26
2014-08-19,25.86,26.40,26.48,25.60,32344,84680000,0.54,2.09,3.40,5.07
2014-08-20,26.45,26.12,26.50,25.90,23524,61810000,-0.28,-1.06,2.27,3.69
2014-08-21,26.14,26.91,27.20,26.00,37522,100030000,0.79,3.02,4.59,5.89
2014-08-22,27.09,26.90,27.09,26.68,18482,49630000,-0.01,-0.04,1.52,2.90
2014-08-25,26.80,26.85,27.18,26.64,14595,39310000,-0.05,-0.19,2.01,2.29
2014-08-26,27.10,25.96,27.10,25.80,22142,57880000,-0.89,-3.31,4.84,3.47
2014-08-27,25.80,25.78,26.09,25.76,8419,21770000,-0.18,-0.69,1.27,1.32
2014-08-28,25.97,25.30,26.07,25.20,12790,32720000,-0.48,-1.86,3.37,2.01
2014-08-29,25.20,25.86,26.10,25.20,10267,26360000,0.56,2.21,3.56,1.61
2014-09-01,25.80,27.58,28.20,25.80,34302,92330000,1.72,6.65,9.28,5.38
2014-09-02,28.00,27.58,28.00,27.24,32054,88350000,0.00,0.00,2.76,5.03
2014-09-03,27.58,27.77,27.90,27.25,20675,57220000,0.19,0.69,2.36,3.24
2014-09-04,27.82,28.46,28.75,27.40,34314,96900000,0.69,2.48,4.86,5.38
2014-09-05,29.49,28.46,29.49,28.22,31954,92030000,0.00,0.00,4.46,5.01
2014-09-09,28.22,28.85,29.26,28.22,28161,81370000,0.39,1.37,3.65,4.42
2014-09-10,28.86,29.85,30.22,28.76,35795,106460000,1.00,3.47,5.06,5.61
2014-09-11,29.85,29.70,30.25,29.35,29876,88660000,-0.15,-0.50,3.02,4.69
2014-09-12,29.60,29.30,29.61,28.88,16690,48720000,-0.40,-1.35,2.46,2.62
2014-09-15,29.35,29.14,29.76,28.92,15124,44240000,-0.16,-0.55,2.87,2.37
2014-09-16,29.14,28.02,29.46,27.72,19173,54870000,-1.12,-3.84,5.97,3.01
2014-09-17,28.36,28.41,28.48,27.76,13414,37730000,0.39,1.39,2.57,2.10
2014-09-18,28.60,28.51,28.85,28.36,11368,32390000,0.10,0.35,1.72,1.78
2014-09-19,28.55,29.23,29.35,28.51,12824,37300000,0.72,2.53,2.95,2.01
2014-09-22,29.24,27.97,29.49,27.85,14527,41330000,-1.26,-4.31,5.61,2.28
2014-09-23,28.20,28.31,28.48,27.78,8980,25280000,0.34,1.22,2.50,1.41
2014-09-24,28.30,28.58,28.75,28.02,12034,34190000,0.27,0.95,2.58,1.89
2014-09-25,28.60,28.33,29.00,28.23,16647,47810000,-0.25,-0.87,2.69,2.61
2014-09-26,28.27,27.78,28.55,27.73,12782,35660000,-0.55,-1.94,2.89,2.00
2014-09-29,27.87,28.59,28.64,27.87,10894,30690000,0.81,2.92,2.77,1.71
2014-09-30,28.59,28.66,28.88,28.51,17465,50160000,0.07,0.24,1.29,2.74
2014-10-08,28.81,28.33,28.83,27.80,32308,90810000,-0.33,-1.15,3.59,5.07
2014-10-09,28.33,28.77,29.20,28.27,32100,92400000,0.44,1.55,3.28,5.03
2014-10-10,28.60,29.47,29.65,28.40,34029,99530000,0.70,2.43,4.34,5.34
2014-10-13,29.46,29.57,29.78,28.71,23226,67800000,0.10,0.34,3.63,3.64
2014-10-14,29.55,28.61,29.55,28.08,31952,92000000,-0.96,-3.25,4.97,5.01
2014-10-15,28.31,27.48,28.45,27.10,50436,139390000,-1.13,-3.95,4.72,7.91
2014-10-16,27.30,27.76,28.08,27.16,25863,71780000,0.28,1.02,3.35,4.06
2014-10-17,27.45,27.49,27.90,26.88,15788,43080000,-0.27,-0.97,3.67,2.48
2014-10-20,27.32,27.56,27.65,27.18,16092,44100000,0.07,0.25,1.71,2.52
2014-10-21,27.51,26.73,27.55,26.66,24251,65650000,-0.83,-3.01,3.23,3.80
2014-10-22,26.87,26.01,27.00,25.99,23287,61570000,-0.72,-2.69,3.78,3.65
2014-10-23,25.99,25.65,26.12,25.33,22223,56990000,-0.36,-1.38,3.04,3.49
2014-10-24,26.05,25.85,26.53,25.60,24558,64260000,0.20,0.78,3.63,3.85
2014-10-27,26.03,26.79,26.82,25.93,25191,66970000,0.94,3.64,3.44,3.95
2014-10-28,26.82,27.12,27.19,26.61,24509,65890000,0.33,1.23,2.17,3.84
2014-10-29,27.19,27.21,27.26,26.80,25155,68110000,0.09,0.33,1.70,3.95
2014-10-30,27.18,26.84,27.18,26.78,15833,42700000,-0.37,-1.36,1.47,2.48
2014-10-31,26.90,26.52,27.08,26.10,17836,47350000,-0.32,-1.19,3.65,1.16
2014-11-03,26.50,26.93,27.10,26.45,15467,41640000,0.41,1.55,2.45,1.00
2014-11-04,26.95,26.94,27.34,26.89,13149,35660000,0.01,0.04,1.67,0.85
2014-11-05,26.86,27.15,27.31,26.50,12176,32870000,0.21,0.78,3.01,0.79
2014-11-06,27.02,27.98,28.00,27.02,30795,85010000,0.83,3.06,3.61,2.00
2014-11-07,27.98,27.57,28.19,27.36,22733,63240000,-0.41,-1.47,2.97,1.47
2014-11-10,27.57,26.87,27.60,26.77,24776,66930000,-0.70,-2.54,3.01,1.61
2014-11-11,26.90,25.99,27.07,25.77,23538,61720000,-0.88,-3.28,4.84,1.53
2014-11-12,26.09,26.40,26.41,25.82,13706,35740000,0.41,1.58,2.27,0.89
2014-11-13,26.25,24.88,26.26,24.72,37854,95300000,-1.52,-5.76,5.83,2.46
2014-11-14,24.98,24.70,25.35,24.46,28657,71380000,-0.18,-0.72,3.58,1.86
2014-11-17,24.74,25.10,25.28,24.34,14975,37410000,0.40,1.62,3.81,0.97
2014-11-18,25.10,25.20,25.61,25.10,18205,46030000,0.10,0.40,2.03,1.18
2014-11-19,25.20,25.39,25.65,25.19,26401,67050000,0.19,0.75,1.83,1.71
2014-11-20,25.20,25.08,25.37,24.79,21509,53710000,-0.31,-1.22,2.28,1.40
2014-11-21,25.15,25.57,25.57,25.06,19192,48610000,0.49,1.95,2.03,1.24
2014-11-24,25.80,25.83,25.87,25.36,22878,58830000,0.26,1.02,1.99,1.48
2014-11-25,25.87,26.76,26.83,25.84,37732,99790000,0.93,3.60,3.83,2.45
2014-11-26,26.76,26.80,27.67,26.70,39355,106900000,0.04,0.15,3.62,2.55
2014-11-27,26.88,26.72,27.38,26.50,18958,51040000,-0.08,-0.30,3.28,1.23
2014-11-28,26.79,26.74,27.25,26.50,20184,54160000,0.02,0.07,2.81,1.31
2014-12-01,26.85,26.07,27.20,25.90,19798,52030000,-0.67,-2.51,4.86,1.28
2014-12-02,26.13,26.63,27.44,26.13,37168,100330000,0.56,2.15,5.02,2.41
2014-12-03,27.15,27.31,27.36,26.51,36369,97950000,0.68,2.55,3.19,2.36
2014-12-04,27.51,27.48,27.98,27.32,42313,117040000,0.17,0.62,2.42,2.74
2014-12-05,27.50,26.61,27.60,26.21,37329,99850000,-0.87,-3.17,5.06,2.42
2014-12-08,26.27,26.52,26.98,26.10,28487,75890000,-0.09,-0.34,3.31,1.85
2014-12-09,26.15,24.74,26.51,24.58,36953,94040000,-1.78,-6.71,7.28,2.40
2014-12-10,24.48,27.21,27.21,24.48,48193,126990000,2.47,9.98,11.03,3.13
2014-12-11,27.29,27.48,28.49,26.91,61135,169540000,0.27,0.99,5.81,3.97
2014-12-12,27.48,27.75,28.09,26.84,47198,129000000,0.27,0.98,4.55,3.06
2014-12-15,27.77,28.00,28.28,27.40,33299,93150000,0.25,0.90,3.17,2.16
2014-12-16,28.07,27.88,28.42,27.65,39824,111610000,-0.12,-0.43,2.75,2.58
2014-12-17,27.73,27.30,27.77,27.00,25525,69590000,-0.58,-2.08,2.76,1.66
2014-12-18,27.16,28.30,28.40,27.06,44906,125570000,1.00,3.66,4.91,2.91
2014-12-19,28.00,27.60,28.06,26.90,28581,78200000,-0.70,-2.47,4.10,1.85
2014-12-22,27.39,25.95,27.39,25.40,30141,79120000,-1.65,-5.98,7.21,1.96
2014-12-23,26.00,25.60,26.45,25.48,15527,40170000,-0.35,-1.35,3.74,1.01
2014-12-24,25.90,26.17,26.36,25.73,14543,37940000,0.57,2.23,2.46,0.94
2014-12-25,26.28,26.28,26.42,25.78,14548,38090000,0.11,0.42,2.45,0.94
2014-12-26,26.28,26.63,26.65,26.01,16708,44110000,0.35,1.33,2.44,1.08
2014-12-29,27.15,26.10,27.39,25.95,29659,78740000,-0.53,-1.99,5.41,1.92
2014-12-30,26.11,25.37,26.43,24.91,26308,66940000,-0.73,-2.80,5.82,1.71
2014-12-31,25.53,25.42,25.70,24.98,23468,59300000,0.05,0.20,2.84,1.52
2015-01-05,25.38,25.00,25.43,24.54,26855,66930000,-0.42,-1.65,3.50,1.74
2015-01-06,25.00,25.57,25.70,24.30,55123,138410000,0.57,2.28,5.60,3.58
2015-01-07,25.41,25.20,25.48,24.88,25285,63460000,-0.37,-1.45,2.35,1.64
2015-01-08,25.05,25.27,25.49,25.05,18672,47270000,0.07,0.28,1.75,1.21
2015-01-09,25.27,24.91,25.50,24.90,34140,85890000,-0.36,-1.42,2.37,2.21
2015-01-12,24.50,24.03,24.75,23.80,38066,92350000,-0.88,-3.53,3.81,2.47
2015-01-13,24.15,24.48,24.55,23.92,16485,40130000,0.45,1.87,2.62,1.07
2015-01-14,24.48,24.26,24.54,24.14,10414,25280000,-0.22,-0.90,1.63,0.68
2015-01-15,24.46,24.45,25.29,24.33,31687,78680000,0.19,0.78,3.96,2.06
2015-01-16,24.42,24.81,24.96,24.26,19731,48630000,0.36,1.47,2.86,1.28
2015-01-19,24.95,25.50,26.09,24.92,54027,138120000,0.69,2.78,4.72,3.50
2015-01-20,25.70,26.28,26.28,25.51,42074,109100000,0.78,3.06,3.02,2.73
2015-01-21,28.30,28.88,28.91,28.01,140651,403240000,2.60,9.89,3.42,9.12
2015-01-22,28.50,29.13,29.18,28.36,58832,169570000,0.25,0.87,2.84,3.82
2015-01-23,29.11,28.41,30.15,28.38,46321,135370000,-0.72,-2.47,6.08,3.00
2015-01-26,28.60,29.08,29.29,28.40,31085,90050000,0.67,2.36,3.13,2.02
2015-01-27,29.28,28.93,29.28,28.40,30645,88210000,-0.15,-0.52,3.03,1.99
2015-01-28,28.89,28.67,29.15,28.60,24941,71590000,-0.26,-0.90,1.90,1.62
2015-01-29,28.72,28.76,29.67,28.60,28109,81650000,0.09,0.31,3.73,1.82
2015-01-30,29.10,28.95,29.49,28.76,32213,93790000,0.19,0.66,2.54,2.09
2015-02-02,28.97,28.89,29.28,28.21,24162,69680000,-0.06,-0.21,3.70,1.57
2015-02-03,29.10,29.28,29.48,28.76,33201,96730000,0.39,1.35,2.49,2.15
2015-02-04,29.28,30.48,31.24,29.28,54561,166710000,1.20,4.10,6.69,3.54
2015-02-05,30.59,30.38,30.97,30.15,33376,101900000,-0.10,-0.33,2.69,2.16
2015-02-06,30.70,29.27,30.75,28.80,31904,95540000,-1.11,-3.65,6.42,2.07
2015-02-09,29.25,28.63,29.35,28.50,23841,68710000,-0.64,-2.19,2.90,1.55
2015-02-10,28.38,29.10,29.38,28.38,16283,47240000,0.47,1.64,3.49,1.06
2015-02-11,29.36,28.99,29.59,28.89,28326,82380000,-0.11,-0.38,2.41,1.84
2015-02-12,29.20,29.70,30.38,29.18,24180,72070000,0.71,2.45,4.14,1.57
2015-02-13,30.00,32.67,32.67,29.85,68545,218030000,2.97,10.00,9.49,4.45
2015-02-16,32.67,33.44,34.43,32.67,62687,210190000,0.77,2.36,5.39,4.07
2015-02-17,33.77,33.44,34.08,32.75,28119,93580000,0.00,0.00,3.98,1.82
2015-02-25,33.50,34.49,36.40,33.50,41956,147380000,1.05,3.14,8.67,2.72
2015-02-26,34.60,34.00,36.00,33.11,45600,157150000,-0.49,-1.42,8.38,2.96
2015-02-27,34.11,34.44,34.75,33.33,23699,80710000,0.44,1.29,4.18,1.54
2015-03-02,37.10,36.50,37.35,36.00,58634,215240000,2.06,5.98,3.92,3.80
2015-03-03,36.73,35.98,38.00,35.80,46199,170540000,-0.52,-1.42,6.03,3.00
2015-03-04,35.89,36.46,36.50,35.10,32275,114790000,0.48,1.33,3.89,2.09
2015-03-05,36.58,36.21,36.93,35.66,23326,84210000,-0.25,-0.69,3.48,1.51
2015-03-06,36.02,34.86,36.43,34.77,25535,90370000,-1.35,-3.73,4.58,1.66
2015-03-09,34.53,35.48,35.70,34.51,21889,77210000,0.62,1.78,3.41,1.42
2015-03-10,35.79,35.89,36.47,35.33,19627,70750000,0.41,1.16,3.21,1.27
2015-03-11,36.01,35.11,36.16,34.83,21695,76230000,-0.78,-2.17,3.71,1.41
2015-03-12,35.25,36.40,36.50,34.83,22132,79010000,1.29,3.67,4.76,1.44
2015-03-13,36.90,38.03,38.24,36.45,36106,135520000,1.63,4.48,4.92,2.34
2015-03-16,38.00,37.73,38.40,37.00,81120,304030000,-0.30,-0.79,3.68,5.26
2015-03-17,37.74,37.15,37.75,36.60,48879,181070000,-0.58,-1.54,3.05,3.17
2015-03-18,36.95,37.35,37.47,36.64,44833,166580000,0.20,0.54,2.23,2.91
2015-03-19,37.03,37.00,37.29,36.69,31341,115910000,-0.35,-0.94,1.61,2.03
2015-03-20,36.83,37.32,37.90,36.83,36614,136850000,0.32,0.86,2.89,2.37
2015-03-23,37.22,37.80,37.97,37.04,57366,215100000,0.48,1.29,2.49,3.72
2015-03-24,37.73,38.20,38.29,36.23,67150,251820000,0.40,1.06,5.45,4.36
2015-03-25,38.20,40.30,41.50,37.60,67564,271540000,2.10,5.50,10.21,4.38
2015-03-26,40.03,38.20,40.03,36.61,51031,196060000,-2.10,-5.21,8.49,3.31
2015-03-27,37.68,38.36,38.72,37.68,24171,92500000,0.16,0.42,2.72,1.57
2015-03-30,38.41,37.69,38.67,37.37,32904,124530000,-0.67,-1.75,3.39,2.13
2015-03-31,37.68,37.90,38.40,37.37,28393,107950000,0.21,0.56,2.73,1.84
2015-04-01,38.10,40.10,40.65,38.10,53508,213260000,2.20,5.80,6.73,3.47
2015-04-02,39.98,42.90,43.93,39.85,65415,275200000,2.80,6.98,10.17,4.24
2015-04-03,42.10,46.57,46.83,41.80,67899,304280000,3.67,8.55,11.72,4.40
2015-04-07,47.70,48.69,49.56,46.72,70907,339870000,2.12,4.55,6.10,4.60
2015-04-08,48.50,53.56,53.56,46.66,94252,468090000,4.87,10.00,14.17,6.11
2015-04-09,53.77,53.86,57.80,48.30,80616,426580000,0.30,0.56,17.74,5.23
2015-04-10,52.85,58.27,58.78,52.03,65267,366920000,4.41,8.19,12.53,4.23
2015-04-13,57.30,59.71,59.74,56.01,63700,371330000,1.44,2.47,6.40,4.13
2015-04-14,58.50,54.02,58.71,53.80,70295,393570000,-5.69,-9.53,8.22,4.56
2015-04-15,52.66,48.62,52.78,48.62,75381,374240000,-5.40,-10.00,7.70,4.89
2015-04-16,46.00,47.38,49.80,45.11,74103,353180000,-1.24,-2.55,9.65,4.81
2015-04-17,47.86,46.67,48.47,46.51,54498,257530000,-0.71,-1.50,4.14,3.54
2015-04-20,46.65,46.28,48.50,46.05,47968,226500000,-0.39,-0.84,5.25,3.11
2015-04-21,45.60,48.45,48.47,45.60,57625,273730000,2.17,4.69,6.20,3.71
2015-04-22,50.20,48.88,50.87,47.99,67873,332900000,0.43,0.89,5.94,4.37
2015-04-23,49.90,48.12,49.90,47.47,47833,231700000,-0.76,-1.55,4.97,3.08
2015-04-24,47.58,49.10,49.25,46.90,52228,251390000,0.98,2.04,4.88,3.36
2015-04-27,49.42,49.70,50.55,48.97,51173,254490000,0.60,1.22,3.22,3.29
2015-04-28,49.63,49.61,51.49,48.77,66624,332510000,-0.09,-0.18,5.47,4.29
2015-04-29,25.00,24.34,25.00,23.00,74282,178310000,-0.42,-1.70,8.08,2.39
2015-04-30,25.00,26.77,26.77,24.40,202780,533560000,2.43,9.98,9.74,6.52
2015-05-04,26.70,25.36,26.70,25.10,165108,424040000,-1.41,-5.27,5.98,5.31
2015-05-05,25.00,24.23,25.43,24.09,78750,192760000,-1.13,-4.46,5.28,2.53
2015-05-06,24.50,23.98,25.30,23.70,67743,166490000,-0.25,-1.03,6.60,2.18
2015-05-07,23.90,22.40,23.90,22.35,68239,156710000,-1.58,-6.59,6.46,2.20
2015-05-08,23.00,24.10,24.38,22.61,82391,193070000,1.70,7.59,7.90,2.65
2015-05-11,24.41,25.38,25.68,24.00,101104,253900000,1.28,5.31,6.97,3.25
2015-05-12,25.85,25.52,25.96,24.75,96920,246610000,0.14,0.55,4.77,3.12
2015-05-13,25.00,26.58,27.70,24.00,151989,394540000,1.06,4.15,14.50,4.89
2015-05-14,26.91,27.11,27.80,26.25,93007,253150000,0.53,1.99,5.83,2.99
2015-05-15,26.59,27.83,28.35,25.90,94136,254210000,0.72,2.66,9.04,3.03
2015-05-18,27.88,28.95,29.78,27.80,90216,260950000,1.12,4.02,7.11,2.90
2015-05-19,29.20,29.46,30.15,27.00,87296,253040000,0.51,1.76,10.88,2.81
2015-05-20,29.40,32.41,32.41,28.98,108012,341560000,2.95,10.01,11.64,3.48
2015-05-21,33.45,34.33,34.70,32.88,110591,374700000,1.92,5.92,5.62,3.56
2015-05-22,34.45,34.34,36.58,32.50,121086,418420000,0.01,0.03,11.88,3.90
2015-09-22,30.91,30.91,30.91,30.91,726,2240000,-3.43,-9.99,0.00,0.02
2015-09-23,27.82,27.82,27.82,27.82,199,550000,-3.09,-10.00,0.00,0.01
2015-09-24,25.04,25.04,25.04,25.04,940,2350000,-2.78,-9.99,0.00,0.03
2015-09-25,22.54,22.54,22.54,22.54,1738,3920000,-2.50,-9.98,0.00,0.05
2015-09-28,20.29,20.29,20.29,20.29,5939,12050000,-2.25,-9.98,0.00,0.18
2015-09-29,18.26,18.56,19.78,18.26,474886,881850000,-1.73,-8.53,7.49,14.57
2015-09-30,18.17,18.38,19.24,17.88,186814,345680000,-0.18,-0.97,7.33,5.73
2015-10-08,19.15,19.29,19.96,18.68,166078,321180000,0.91,4.95,6.96,5.10
2015-10-09,18.98,19.48,19.76,18.98,113667,221420000,0.19,0.99,4.04,3.49
2015-10-12,19.61,21.24,21.40,19.61,122935,255770000,1.76,9.03,9.19,3.77
2015-10-13,21.15,21.62,22.17,20.05,103322,221890000,0.38,1.79,9.98,3.17
2015-10-14,21.55,20.58,21.95,20.21,147127,307140000,-1.04,-4.81,8.05,4.51
2015-10-15,20.72,21.35,21.63,20.58,113466,241100000,0.77,3.74,5.10,3.48
2015-10-16,21.60,21.72,22.19,21.38,122300,265980000,0.37,1.73,3.79,3.75
2015-10-19,22.02,21.45,22.37,21.00,146798,319410000,-0.27,-1.24,6.31,4.50
2015-10-20,21.45,22.09,22.50,21.45,121648,267290000,0.64,2.98,4.90,3.73
2015-10-21,22.28,19.91,22.68,19.89,135726,291690000,-2.18,-9.87,12.63,4.16
2015-10-22,20.08,20.91,21.12,19.91,115184,236790000,1.00,5.02,6.08,3.53
2015-10-23,21.18,22.10,22.40,20.66,155648,335480000,1.19,5.69,8.32,4.78
2015-10-26,23.50,22.60,23.50,21.95,166763,376830000,0.50,2.26,7.01,5.12
2015-10-27,22.60,22.23,22.60,21.18,105498,231650000,-0.37,-1.64,6.28,3.24
2015-10-28,22.40,21.77,22.87,21.58,108779,242530000,-0.46,-2.07,5.80,3.34
2015-10-29,21.99,21.77,22.13,21.19,89586,194830000,0.00,0.00,4.32,2.75
2015-10-30,21.77,21.70,22.30,21.59,94282,207280000,-0.07,-0.32,3.26,2.89
2015-11-02,21.10,21.17,22.00,20.80,81712,175580000,-0.53,-2.44,5.53,2.51
2015-11-03,21.26,20.54,21.44,20.41,80181,166640000,-0.63,-2.98,4.87,2.46
2015-11-04,20.84,21.82,21.82,20.59,87656,186510000,1.28,6.23,5.99,2.69
2015-11-05,22.49,21.70,22.58,21.35,143339,313340000,-0.12,-0.55,5.64,4.40
2015-11-06,21.60,22.58,22.60,21.59,130992,291460000,0.88,4.06,4.65,4.02
2015-11-09,22.37,23.31,23.50,21.90,156080,354860000,0.73,3.23,7.09,4.79
2015-11-10,23.06,24.09,24.60,22.92,156243,374450000,0.78,3.35,7.21,4.79
2015-11-11,24.00,24.21,24.47,23.68,114547,275050000,0.12,0.50,3.28,3.51
2015-11-12,24.40,24.90,25.55,24.00,140858,350260000,0.69,2.85,6.40,4.32
2015-11-13,24.90,24.59,25.95,23.51,164284,409280000,-0.31,-1.25,9.80,5.04
2015-11-16,23.80,24.72,24.93,23.68,91003,221250000,0.13,0.53,5.08,2.79
2015-11-17,25.40,25.17,25.99,25.00,154009,392350000,0.45,1.82,4.00,4.73
2015-11-18,25.22,24.02,25.30,24.00,85479,209900000,-1.15,-4.57,5.16,2.62
2015-11-19,24.02,24.52,24.62,24.00,67480,163960000,0.50,2.08,2.58,2.07
2015-11-20,24.52,24.62,24.73,24.16,79493,194300000,0.10,0.41,2.32,2.44
2015-11-23,24.48,25.11,25.49,24.33,107074,268170000,0.49,1.99,4.71,3.29
2015-11-24,25.27,25.92,25.97,24.86,100689,257080000,0.81,3.23,4.42,3.09
2015-11-25,25.90,25.98,26.20,25.50,85590,221240000,0.06,0.23,2.70,2.63
2015-11-26,26.26,25.25,26.28,25.25,78546,200980000,-0.73,-2.81,3.96,2.41
2015-11-27,25.05,23.74,25.50,23.29,98785,241450000,-1.51,-5.98,8.75,3.03
2015-11-30,23.75,23.10,24.38,21.40,93396,215450000,-0.64,-2.70,12.55,2.87
2015-12-01,23.19,23.50,24.18,23.01,90501,213560000,0.40,1.73,5.06,2.78
2015-12-02,23.20,22.26,23.48,21.80,80695,181360000,-1.24,-5.28,7.15,2.48
2015-12-03,22.55,22.70,22.83,22.17,72018,162490000,0.44,1.98,2.97,2.21
2015-12-04,22.75,22.34,22.75,22.18,60226,134900000,-0.36,-1.59,2.51,1.85
2015-12-07,22.42,22.69,22.85,22.30,65835,148580000,0.35,1.57,2.46,2.02
2015-12-08,22.58,22.24,22.96,22.05,62899,141200000,-0.45,-1.98,4.01,1.93
2015-12-09,22.01,21.60,22.16,21.53,52253,113560000,-0.64,-2.88,2.83,1.60
2015-12-10,21.60,21.45,21.80,21.25,55823,119720000,-0.15,-0.69,2.55,1.71
2015-12-11,21.31,21.52,21.74,21.09,41194,88180000,0.07,0.33,3.03,1.26
2015-12-14,21.32,22.25,22.25,21.30,51850,113210000,0.73,3.39,4.41,1.59
2015-12-15,22.29,22.43,22.67,22.20,54226,121700000,0.18,0.81,2.11,1.66
2015-12-16,22.43,22.32,22.94,22.25,61918,140120000,-0.11,-0.49,3.08,1.90
2015-12-17,22.50,23.19,23.19,22.50,86568,198300000,0.87,3.90,3.09,2.66
2015-12-18,23.28,23.49,23.59,22.61,87052,201170000,0.30,1.29,4.23,2.67
2015-12-21,23.38,23.17,23.66,23.03,50178,116560000,-0.32,-1.36,2.68,1.54
2015-12-22,23.40,24.21,25.23,23.31,99591,241670000,1.04,4.49,8.29,3.06
2015-12-23,24.21,24.00,24.50,23.74,60264,145260000,-0.21,-0.87,3.14,1.85
2015-12-24,23.89,23.82,23.90,23.26,47784,112460000,-0.18,-0.75,2.67,1.47
2015-12-25,23.99,23.72,24.05,23.52,37507,89200000,-0.10,-0.42,2.23,1.15
2015-12-28,23.78,23.29,24.49,23.07,64226,152890000,-0.43,-1.81,5.99,1.97
2015-12-29,23.20,23.56,23.60,22.70,40028,92850000,0.27,1.16,3.86,1.23
2015-12-30,23.60,23.70,23.97,23.39,46833,110910000,0.14,0.59,2.46,1.44
2015-12-31,23.88,24.28,24.64,23.80,95711,232440000,0.58,2.45,3.54,2.94
2016-01-04,24.23,21.85,24.23,21.85,58422,133790000,-2.43,-10.01,9.80,1.79
2016-01-05,20.40,21.40,22.28,20.40,58569,125150000,-0.45,-2.06,8.60,1.80
2016-01-06,21.67,21.56,21.81,20.62,51384,109350000,0.16,0.75,5.56,1.58
2016-01-07,21.00,19.40,21.00,19.40,12933,25910000,-2.16,-10.02,7.42,0.40
2016-01-08,20.01,18.80,20.20,18.06,82348,157800000,-0.60,-3.09,11.03,2.53
2016-01-11,18.20,16.92,18.50,16.92,90614,161400000,-1.88,-10.00,8.40,2.78
2016-01-12,17.15,17.17,17.36,16.48,50077,85180000,0.25,1.48,5.20,1.54
2016-01-13,17.35,16.00,17.57,16.00,53571,91520000,-1.17,-6.81,9.14,1.64
2016-01-14,15.45,16.98,17.12,15.18,54938,89030000,0.98,6.13,12.13,1.69
2016-01-15,16.50,16.25,16.90,16.22,63935,105450000,-0.73,-4.30,4.00,1.96
2016-01-18,15.75,16.56,16.95,15.60,36976,60810000,0.31,1.91,8.31,1.13
2016-01-19,16.56,17.21,17.30,16.25,49140,82730000,0.65,3.93,6.34,1.51
2016-01-20,17.02,17.40,17.87,17.01,56057,97840000,0.19,1.10,5.00,1.72
2016-01-21,16.99,16.58,17.80,16.58,39350,68190000,-0.82,-4.71,7.01,1.21
2016-01-22,16.90,17.07,17.19,16.03,30534,51130000,0.49,2.96,7.00,0.94
2016-01-25,17.31,17.17,17.59,17.02,26922,46550000,0.10,0.59,3.34,0.83
2016-01-26,17.08,15.45,17.16,15.45,46689,76210000,-1.72,-10.02,9.96,1.43
2016-01-27,15.80,15.00,15.80,14.03,49242,73750000,-0.45,-2.91,11.46,1.51
2016-01-28,14.80,14.59,15.34,14.10,42250,62290000,-0.41,-2.73,8.27,1.30
2016-01-29,14.46,15.23,15.45,14.46,29762,44870000,0.64,4.39,6.79,0.91
2016-02-01,15.16,15.13,15.39,14.60,25799,38820000,-0.10,-0.66,5.19,0.79
2016-02-02,15.28,15.85,15.90,14.84,32264,50520000,0.72,4.76,7.01,0.99
2016-02-03,15.58,15.78,15.95,15.41,21572,33660000,-0.07,-0.44,3.41,0.66
2016-02-04,15.96,16.42,16.60,15.80,52210,84520000,0.64,4.06,5.07,1.60
2016-02-05,17.00,16.77,17.00,16.50,27769,46630000,0.35,2.13,3.05,0.85
2016-02-15,16.10,17.90,18.35,16.01,52635,91040000,1.13,6.74,13.95,1.62
2016-02-16,17.90,19.06,19.38,17.80,61131,115180000,1.16,6.48,8.83,1.88
2016-02-17,18.85,19.14,19.17,18.50,33824,63650000,0.08,0.42,3.52,1.04
2016-02-18,19.20,18.72,19.40,18.69,27785,52710000,-0.42,-2.19,3.71,0.85
2016-02-19,18.71,19.09,19.20,18.69,42184,79950000,0.37,1.98,2.72,1.29
2016-02-22,19.20,19.17,19.39,18.91,27489,52620000,0.08,0.42,2.51,0.84
2016-02-23,19.17,18.61,19.27,18.12,30401,56620000,-0.56,-2.92,6.00,0.93
2016-02-24,18.59,18.80,18.86,18.02,21770,40220000,0.19,1.02,4.51,0.67
2016-02-25,18.68,16.92,18.91,16.92,41164,73210000,-1.88,-10.00,10.59,1.26
2016-02-26,17.03,16.93,17.24,16.53,33646,56810000,0.01,0.06,4.20,1.03
2016-02-29,16.68,15.38,16.85,15.25,29911,46950000,-1.55,-9.16,9.45,0.92
2016-03-01,15.47,15.72,15.87,14.73,28435,43780000,0.34,2.21,7.41,0.87
2016-03-02,15.70,16.80,16.92,15.70,31242,51230000,1.08,6.87,7.76,0.96
2016-03-03,16.84,16.88,17.50,16.45,27635,47070000,0.08,0.48,6.25,0.85
2016-03-04,16.72,15.60,16.97,15.60,28016,45380000,-1.28,-7.58,8.12,0.86
2016-03-07,16.00,16.38,16.98,16.00,33837,56030000,0.78,5.00,6.28,1.04
2016-03-08,16.21,18.02,18.02,15.60,54669,93320000,1.64,10.01,14.77,1.68
2016-03-09,17.61,17.67,18.45,17.52,51685,93310000,-0.35,-1.94,5.16,1.59
2016-03-10,17.86,17.17,17.99,17.05,29255,51160000,-0.50,-2.83,5.32,0.90
2016-03-11,17.14,17.46,17.66,16.70,25585,44090000,0.29,1.69,5.59,0.79
2016-03-14,17.88,18.13,18.50,17.64,35442,64410000,0.67,3.84,4.93,1.09
2016-03-15,18.00,17.72,18.36,17.58,28808,51560000,-0.41,-2.26,4.30,0.88
2016-03-16,18.23,17.40,18.34,17.28,26166,46070000,-0.32,-1.81,5.98,0.80
2016-03-17,17.56,18.00,18.40,17.31,52957,95840000,0.60,3.45,6.26,1.62
2016-03-18,17.99,18.95,19.00,17.93,66630,123660000,0.95,5.28,5.94,2.04
2016-03-21,19.19,19.56,19.80,18.90,83348,160750000,0.61,3.22,4.75,2.56
2016-03-22,19.48,18.99,19.50,18.83,53518,102680000,-0.57,-2.91,3.43,1.64
2016-03-23,18.91,19.13,19.25,18.70,30920,58620000,0.14,0.74,2.90,0.95
2016-03-24,18.95,18.91,19.16,18.63,36587,69300000,-0.22,-1.15,2.77,1.12
2016-03-25,18.91,18.66,19.00,18.30,35147,65580000,-0.25,-1.32,3.70,1.08
2016-03-28,18.81,18.28,19.28,18.20,54690,102650000,-0.38,-2.04,5.79,1.68
2016-03-29,18.28,18.24,18.67,17.85,36703,66490000,-0.04,-0.22,4.49,1.13
2016-03-30,18.34,18.98,18.98,18.32,37935,70790000,0.74,4.06,3.62,1.16
2016-03-31,19.02,19.01,19.38,18.87,52754,101000000,0.03,0.16,2.69,1.62
2016-04-01,19.00,19.12,19.34,18.44,82034,155820000,0.11,0.58,4.73,2.52
2016-04-05,19.20,19.33,19.50,18.85,67939,130510000,0.21,1.10,3.40,2.08
2016-04-06,19.23,19.06,19.28,18.73,57596,109530000,-0.27,-1.40,2.85,1.77
2016-04-07,19.10,18.55,19.19,18.55,50120,93890000,-0.51,-2.68,3.36,1.54
2016-04-08,18.38,18.31,18.67,17.80,40111,73230000,-0.24,-1.29,4.69,1.23
2016-04-11,18.33,18.80,19.07,18.33,60465,113560000,0.49,2.68,4.04,1.86
2016-04-12,18.86,18.72,18.96,18.44,26255,49000000,-0.08,-0.43,2.77,0.81
2016-04-13,18.85,19.24,19.50,18.81,70361,135470000,0.52,2.78,3.69,2.16
2016-04-14,19.50,20.58,20.78,19.33,106732,215110000,1.34,6.96,7.54,3.27
2016-04-15,20.50,20.55,20.86,20.12,85096,174570000,-0.03,-0.15,3.60,2.61
2016-04-18,20.99,20.77,21.06,19.91,75759,155500000,0.22,1.07,5.60,2.32
2016-04-19,20.86,20.72,21.10,20.50,46627,96640000,-0.05,-0.24,2.89,1.43
2016-04-20,20.74,19.62,20.92,19.16,84300,167490000,-1.10,-5.31,8.49,2.59
2016-04-21,19.49,19.48,20.00,19.25,31063,61170000,-0.14,-0.71,3.82,0.95
2016-04-22,19.30,19.85,19.88,19.18,26041,50840000,0.37,1.90,3.59,0.80
2016-04-25,19.85,19.70,19.89,19.40,19952,39200000,-0.15,-0.76,2.47,0.61
2016-04-26,19.86,20.00,20.00,19.50,29203,57810000,0.35,1.78,2.54,0.90
2016-04-27,20.02,20.45,20.93,19.62,60341,123880000,0.45,2.25,6.55,1.85
2016-05-09,19.00,18.41,19.60,18.41,59884,111160000,-2.04,-9.98,5.82,1.84
2016-05-10,17.90,17.52,18.34,16.86,99631,173210000,-0.89,-4.83,8.04,3.06
2016-05-11,17.83,16.90,17.83,16.90,49683,85310000,-0.62,-3.54,5.31,1.52
2016-05-12,17.00,17.13,17.40,16.82,39321,67360000,0.23,1.36,3.43,1.21
2016-05-13,17.11,16.90,17.46,16.88,32156,55310000,-0.23,-1.34,3.39,0.99
2016-05-16,16.95,16.96,16.98,16.56,39225,65760000,0.06,0.36,2.49,1.20
2016-05-17,16.97,17.22,17.47,16.97,52201,89840000,0.26,1.53,2.95,1.60
2016-05-18,17.17,16.45,17.17,16.02,64474,105860000,-0.77,-4.47,6.68,1.98
2016-05-19,16.27,16.44,16.77,16.20,33989,55970000,-0.01,-0.06,3.47,1.04
2016-05-20,16.48,16.60,16.73,16.26,53509,88320000,0.16,0.97,2.86,1.64
2016-05-23,16.63,16.93,17.07,16.60,37430,63160000,0.33,1.99,2.83,1.15
2016-05-24,16.81,16.70,17.02,16.52,37813,63490000,-0.23,-1.36,2.95,1.16
2016-05-25,16.86,16.68,17.07,16.61,32605,54840000,-0.02,-0.12,2.75,0.98
2016-05-26,16.80,16.87,16.95,16.08,46166,75750000,0.19,1.14,5.22,1.39
2016-05-27,16.79,16.56,16.84,16.05,28454,47300000,-0.31,-1.84,4.68,0.86
2016-05-30,16.51,16.72,17.04,16.26,33308,55670000,0.16,0.97,4.71,1.00
2016-05-31,16.80,17.61,17.64,16.80,56238,97190000,0.89,5.32,5.02,1.69
2016-06-01,17.92,17.64,18.09,17.62,64511,115010000,0.03,0.17,2.67,1.94
2016-06-02,17.75,17.69,17.75,17.42,36283,63780000,0.05,0.28,1.87,1.09
2016-06-03,17.70,17.62,17.82,17.40,45408,79900000,-0.07,-0.40,2.37,1.37
2016-06-06,17.62,17.59,17.75,17.32,42352,74280000,-0.03,-0.17,2.44,1.28
2016-06-07,17.59,17.82,17.94,17.40,34115,60270000,0.23,1.31,3.07,1.03
2016-06-08,17.84,17.57,17.88,17.40,35200,61930000,-0.25,-1.40,2.69,1.06
2016-06-13,17.20,16.50,17.32,16.40,50687,85700000,-1.07,-6.09,5.24,1.53
2016-06-14,16.30,16.40,16.58,16.22,24527,40180000,-0.10,-0.61,2.18,0.74
2016-06-15,16.29,16.97,17.12,16.20,32657,54710000,0.57,3.48,5.61,0.98
2016-06-16,16.97,16.67,16.97,16.61,27905,46850000,-0.30,-1.77,2.12,0.84
2016-06-17,16.65,16.87,16.96,16.38,119595,199350000,0.20,1.20,3.48,3.60
2016-06-20,16.93,16.87,16.97,16.62,46008,77420000,0.00,0.00,2.07,1.39
2016-06-21,17.08,16.68,17.40,16.58,54737,93420000,-0.19,-1.13,4.86,1.65
2016-06-22,16.62,17.02,17.09,16.58,31977,53970000,0.34,2.04,3.06,0.96
2016-06-23,17.08,17.09,17.29,16.80,38058,64980000,0.07,0.41,2.88,1.15
2016-06-24,17.10,16.66,17.25,16.24,50217,84240000,-0.43,-2.52,5.91,1.51
2016-06-27,16.54,16.95,17.08,16.48,52725,88640000,0.29,1.74,3.60,1.59
2016-06-28,16.88,17.35,17.40,16.78,58389,100020000,0.40,2.36,3.66,1.76
2016-06-29,17.45,17.40,17.55,17.26,58536,102040000,0.05,0.29,1.67,1.76
2016-06-30,17.45,17.37,17.50,17.23,37203,64550000,-0.03,-0.17,1.55,1.12
2016-07-01,17.45,17.28,17.58,17.15,38592,66940000,-0.09,-0.52,2.48,1.16
2016-07-04,17.24,17.71,17.85,17.20,54812,96680000,0.43,2.49,3.76,1.65
2016-07-05,17.72,17.74,17.87,17.51,41199,72800000,0.03,0.17,2.03,1.24
2016-07-06,17.70,17.71,17.76,17.47,31783,56060000,-0.03,-0.17,1.63,0.96
2016-07-07,17.75,18.29,18.49,17.60,78357,140970000,0.58,3.28,5.03,2.36
2016-07-08,18.30,18.15,18.33,18.02,38805,70520000,-0.14,-0.77,1.69,1.17
2016-07-11,18.13,17.85,18.24,17.81,41673,75180000,-0.30,-1.65,2.37,1.26
2016-07-12,17.86,18.00,18.05,17.50,47271,84040000,0.15,0.84,3.08,1.42
2016-07-13,18.01,18.37,18.66,18.01,65850,121330000,0.37,2.06,3.61,1.98
2016-07-14,18.41,18.46,18.55,18.26,31394,57810000,0.09,0.49,1.58,0.95
2016-07-15,18.50,17.75,18.50,17.65,112798,201620000,-0.71,-3.85,4.60,3.40
2016-07-18,17.69,17.30,17.75,17.18,76553,133070000,-0.45,-2.54,3.21,2.31
2016-07-19,17.31,17.49,17.52,17.17,45755,79470000,0.19,1.10,2.02,1.38
2016-07-20,17.48,17.35,17.53,17.30,40164,69870000,-0.14,-0.80,1.32,1.21
2016-07-21,17.40,17.44,17.59,17.24,49961,87210000,0.09,0.52,2.02,1.51
2016-07-22,17.40,17.31,17.44,17.26,22777,39480000,-0.13,-0.75,1.03,0.69
2016-07-25,17.36,17.38,17.47,17.20,27543,47740000,0.07,0.40,1.56,0.83
2016-07-26,17.39,17.54,17.57,17.31,44997,78510000,0.16,0.92,1.50,1.36
2016-07-27,17.58,16.88,17.93,16.73,115584,202570000,-0.66,-3.76,6.84,3.48
2016-07-28,16.80,17.18,17.27,16.67,55399,94160000,0.30,1.78,3.55,1.67
2016-07-29,17.08,17.27,17.28,16.82,43725,74510000,0.09,0.52,2.68,1.32
2016-11-18,19.00,19.00,19.00,19.00,4241,8060000,1.73,10.02,0.00,0.13
2016-11-21,19.00,18.75,19.37,18.30,179686,337020000,-0.25,-1.32,5.63,5.41
2016-11-22,18.59,19.10,19.26,18.21,148184,276390000,0.35,1.87,5.60,4.46
2016-11-23,18.92,18.18,19.05,18.18,95002,176680000,-0.92,-4.82,4.56,2.86
2016-11-24,18.20,18.27,18.48,17.94,73078,132480000,0.09,0.50,2.97,2.20
2016-11-25,18.18,17.88,18.20,17.40,59905,106790000,-0.39,-2.13,4.38,1.80
2016-11-28,17.73,17.46,17.78,17.43,51350,90120000,-0.42,-2.35,1.96,1.55
2016-11-29,17.38,17.36,17.60,17.30,40209,70130000,-0.10,-0.57,1.72,1.19
2016-11-30,17.47,17.39,17.68,17.33,41874,73110000,0.03,0.17,2.02,1.24
2016-12-01,17.51,17.37,17.68,17.29,49464,86500000,-0.02,-0.12,2.24,1.47
2016-12-02,17.32,16.87,17.46,16.81,40034,68540000,-0.50,-2.88,3.74,1.19
2016-12-05,16.78,16.90,17.10,16.67,18387,31150000,0.03,0.18,2.55,0.55
2016-12-06,17.16,17.19,17.32,16.97,27817,47660000,0.29,1.72,2.07,0.82
2016-12-07,17.21,17.26,17.30,17.12,22398,38600000,0.07,0.41,1.05,0.66
2016-12-08,17.23,16.90,17.33,16.88,28558,48710000,-0.36,-2.09,2.61,0.85
2016-12-09,16.98,17.35,17.46,16.83,36385,62350000,0.45,2.66,3.73,1.08
2016-12-12,17.28,15.91,17.44,15.84,44004,73920000,-1.44,-8.30,9.22,1.30
2016-12-13,16.00,16.05,16.38,15.51,31666,50500000,0.14,0.88,5.47,0.94
2016-12-14,16.05,15.90,16.19,15.81,20997,33520000,-0.15,-0.93,2.37,0.62
2016-12-15,15.86,15.92,16.27,15.86,17120,27480000,0.02,0.13,2.58,0.51
2016-12-16,15.94,16.22,16.26,15.92,15026,24310000,0.30,1.88,2.14,0.45
2016-12-19,16.22,16.10,16.33,16.05,15047,24370000,-0.12,-0.74,1.73,0.45
2016-12-20,16.15,16.20,16.27,15.90,16036,25860000,0.10,0.62,2.30,0.48
2016-12-21,16.18,16.39,16.50,16.18,15463,25330000,0.19,1.17,1.98,0.46
2016-12-22,16.44,16.34,16.52,16.31,13058,21430000,-0.05,-0.31,1.28,0.39
2016-12-23,16.28,16.22,16.43,16.10,12710,20660000,-0.12,-0.73,2.02,0.38
2016-12-26,16.22,16.45,16.54,16.07,21445,35050000,0.23,1.42,2.90,0.64
2016-12-27,16.50,16.37,16.55,16.36,13966,23000000,-0.08,-0.49,1.16,0.41
2016-12-28,16.30,15.93,16.42,15.79,44124,70900000,-0.44,-2.69,3.85,1.31
2016-12-29,15.95,16.03,16.16,15.90,23045,37020000,0.10,0.63,1.63,0.68
2016-12-30,16.01,16.09,16.20,16.01,11409,18400000,0.06,0.37,1.19,0.34
2017-01-03,16.12,16.49,16.60,16.12,26892,44270000,0.40,2.49,2.98,0.80
2017-01-04,16.65,16.76,16.86,16.49,34318,57430000,0.27,1.64,2.24,1.02
2017-01-05,16.76,16.60,16.79,16.51,12901,21420000,-0.16,-0.95,1.67,0.38
2017-01-06,16.62,16.49,16.86,16.39,24942,41430000,-0.11,-0.66,2.83,0.74
2017-01-09,16.55,16.51,16.55,16.34,14331,23570000,0.02,0.12,1.27,0.42
2017-01-10,16.52,16.39,16.61,16.35,11911,19630000,-0.12,-0.73,1.57,0.35
2017-01-11,16.34,16.20,16.43,16.13,9675,15760000,-0.19,-1.16,1.83,0.29
2017-01-12,16.36,16.18,16.49,16.10,12337,20120000,-0.02,-0.12,2.41,0.37
2017-01-13,16.18,15.88,16.23,15.82,22388,35800000,-0.30,-1.85,2.53,0.66
2017-01-16,15.88,15.28,16.00,15.02,28195,43630000,-0.60,-3.78,6.17,0.84
2017-01-17,15.20,15.47,15.59,15.02,18972,29100000,0.19,1.24,3.73,0.56
2017-01-18,15.58,15.34,15.58,15.30,13008,20030000,-0.13,-0.84,1.81,0.39
2017-01-19,15.40,15.23,15.40,15.11,17193,26210000,-0.11,-0.72,1.89,0.51
2017-01-20,15.12,15.56,15.65,15.09,19158,29640000,0.33,2.17,3.68,0.57
2017-01-23,15.48,15.65,15.80,15.46,14509,22770000,0.09,0.58,2.19,0.43
2017-01-24,15.68,15.58,15.77,15.51,12517,19560000,-0.07,-0.45,1.66,0.37
2017-01-25,15.40,15.74,15.77,15.40,15389,24030000,0.16,1.03,2.37,0.46
2017-01-26,15.76,15.80,15.87,15.68,9154,14460000,0.06,0.38,1.21,0.27
2017-02-03,15.78,15.69,15.86,15.63,8620,13560000,-0.11,-0.70,1.46,0.26
2017-02-06,15.80,15.87,16.05,15.62,16741,26530000,0.18,1.15,2.74,0.50
2017-02-07,15.83,15.69,15.94,15.59,13652,21426100,-0.18,-1.13,2.205,0.41
2017-02-08,15.70,15.78,15.78,15.53,12726,19923900,0.09,0.57,1.593,0.38
2017-02-09,15.80,16.20,16.39,15.76,29812,48225300,0.42,2.66,3.992,0.90
2017-02-10,16.15,16.08,16.20,16.04,16350,26319800,-0.12,-0.74,0.988,0.49
2017-02-13,16.08,16.25,16.36,16.05,16223,26288800,0.17,1.06,1.928,0.49
2017-02-14,16.28,16.20,16.37,16.18,15004,24386300,-0.05,-0.31,1.169,0.45
2017-02-15,16.21,15.98,16.45,15.95,18060,29201700,-0.22,-1.36,3.086,0.55
2017-02-16,15.98,16.03,16.15,15.80,13960,22322900,0.05,0.31,2.19,0.42
2017-02-17,15.97,15.78,16.07,15.78,15138,24046200,-0.25,-1.56,1.809,0.46
2017-02-20,15.72,15.98,16.08,15.70,12463,19731900,0.20,1.27,2.408,0.38
2017-02-21,16.02,16.07,16.15,15.94,17450,28008600,0.09,0.56,1.31,0.53
2017-02-22,16.16,16.16,16.26,16.04,18967,30605000,0.09,0.56,1.37,0.57
2017-02-23,16.18,16.31,16.31,16.08,24747,40145800,0.15,0.93,1.42,0.75
2017-02-24,16.31,16.28,16.39,16.20,12976,21142700,-0.03,-0.18,1.17,0.39
2017-02-27,16.25,16.34,16.53,16.11,18747,30667300,0.06,0.37,2.58,0.57
2017-02-28,16.35,16.11,16.35,15.99,23169,37376700,-0.23,-1.41,2.20,0.70
2017-03-01,16.10,16.11,16.18,16.01,15309,24687100,0.00,0.00,1.05,0.46
2017-03-02,16.13,16.30,16.40,16.12,22395,36449400,0.19,1.18,1.74,0.68
2017-03-03,16.31,16.45,16.45,16.13,17859,29149200,0.15,0.92,1.96,0.54
2017-03-06,16.36,16.62,16.62,16.36,22596,37388800,0.17,1.03,1.58,0.68
2017-03-07,16.62,16.63,16.75,16.46,29692,49286500,0.01,0.06,1.75,0.90
2017-03-08,16.63,16.74,16.78,16.57,27034,45031300,0.11,0.66,1.26,0.82
2017-03-09,16.70,16.58,16.72,16.45,21940,36280900,-0.16,-0.96,1.61,0.66
2017-03-10,16.50,16.44,16.58,16.40,9537,15708400,-0.14,-0.84,1.09,0.29
2017-03-13,16.42,16.65,16.75,16.38,23397,38751200,0.21,1.28,2.25,0.71
2017-03-14,16.67,16.70,16.78,16.60,22318,37266800,0.05,0.30,1.08,0.67
2017-03-15,16.75,16.73,16.75,16.60,21379,35671800,0.03,0.18,0.90,0.65
2017-03-27,16.18,16.15,16.18,15.95,29751,47752806,0.00,0.00,1.42,0.90
2017-03-28,16.10,16.08,16.20,15.99,20002,32156341,-0.07,-0.43,1.30,0.60
2017-03-29,16.05,15.72,16.08,15.68,28314,44843854,-0.36,-2.24,2.49,0.86
2017-03-30,15.72,15.56,15.78,15.42,23006,35812680,-0.16,-1.02,2.29,0.69
2017-03-31,15.60,15.65,15.80,15.54,19456,30446151,0.09,0.58,1.67,0.59
2017-04-05,15.78,15.91,15.93,15.70,29259,46398337,0.26,1.66,1.47,0.88
2017-04-06,15.91,15.96,16.03,15.88,21817,34792953,0.05,0.31,0.94,0.66
2017-04-07,15.91,16.38,16.65,15.87,60321,98250962,0.42,2.63,4.89,1.82
2017-04-10,16.50,16.35,16.87,16.32,64962,107764867,-0.03,-0.18,3.36,1.96
2017-04-11,16.28,16.40,16.45,16.08,34829,56721854,0.05,0.31,2.26,1.05
2017-04-12,16.36,16.25,16.41,16.18,24585,39935350,-0.15,-0.91,1.40,0.74
2017-04-13,16.20,16.79,16.80,16.20,60390,100647109,0.54,3.32,3.69,1.83
2017-04-14,16.71,16.24,16.75,16.21,44176,72703649,-0.55,-3.28,3.22,1.34
2017-04-17,16.20,15.78,16.30,15.70,35069,55903747,-0.46,-2.83,3.69,1.06
2017-04-18,15.74,15.53,15.92,15.43,29961,46967588,-0.25,-1.58,3.11,0.91
2017-04-19,15.53,15.30,15.58,15.10,32567,49826335,-0.23,-1.48,3.09,0.98
2017-04-20,15.45,15.45,15.60,15.15,28490,43854692,0.15,0.98,2.94,0.86
2017-04-21,15.30,15.38,15.55,15.21,19362,29783377,-0.07,-0.45,2.20,0.58
2017-04-24,15.39,15.10,15.44,15.08,14126,21427353,-0.28,-1.82,2.34,0.43
2017-04-25,15.20,15.01,15.28,14.95,28733,43458448,-0.09,-0.60,2.19,0.87
2017-04-26,15.10,15.26,15.27,14.99,19033,28799126,0.25,1.67,1.87,0.57
2017-04-27,15.20,15.63,15.67,14.95,40946,62688421,0.37,2.42,4.72,1.24
2017-04-28,15.40,15.42,15.59,15.31,27677,42741510,-0.16,-1.03,1.80,0.84
2017-05-02,15.44,15.54,15.58,15.28,30306,46732862,0.12,0.78,1.95,0.92
2017-05-03,15.53,15.48,15.57,15.30,15272,23575030,-0.06,-0.39,1.74,0.46
2017-05-04,15.46,15.65,15.84,15.28,36121,56347797,0.17,1.10,3.62,1.09
2017-05-05,15.57,15.12,15.64,15.10,26466,40731678,-0.53,-3.39,3.45,0.80
2017-05-08,15.12,15.03,15.50,14.97,20854,31444366,-0.09,-0.60,3.51,0.63
2017-05-09,15.00,15.10,15.14,14.97,14144,21306887,0.07,0.47,1.13,0.43
2017-05-10,15.14,14.57,15.16,14.57,20925,31215649,-0.53,-3.51,3.91,0.63
2017-05-11,14.34,14.46,14.52,14.05,22559,32295089,-0.11,-0.75,3.23,0.68
2017-05-12,14.45,14.46,14.55,14.23,17980,25896909,0.00,0.00,2.21,0.54
2017-05-15,14.46,14.49,14.60,14.45,12966,18836795,0.03,0.21,1.04,0.39
2017-05-16,14.50,14.84,14.88,14.31,19242,28093200,0.35,2.42,3.93,0.58
2017-05-17,14.75,15.30,15.35,14.75,32307,48619271,0.46,3.10,4.04,0.98
2017-05-18,15.14,15.45,15.69,15.06,48156,74277435,0.15,0.98,4.12,1.46
2017-05-19,15.26,15.15,15.44,15.08,25617,38865251,-0.30,-1.94,2.33,0.77
2017-05-22,15.08,14.80,15.26,14.71,17549,26231109,-0.35,-2.31,3.63,0.53
2017-05-23,14.61,14.40,14.80,14.35,22068,32142445,-0.40,-2.70,3.04,0.67
2017-05-24,14.30,14.09,14.45,13.89,49783,70197396,-0.31,-2.15,3.89,1.50
2017-05-25,14.03,14.19,14.25,13.78,26348,36938719,0.10,0.71,3.34,0.80
2017-05-26,14.10,14.23,14.50,14.10,23715,33856740,0.04,0.28,2.82,0.72
2017-05-31,14.44,15.03,15.18,14.34,56629,83309162,0.80,5.62,5.90,1.71
2017-06-01,14.75,14.66,15.02,14.42,65000,95561890,-0.37,-2.46,3.99,1.96
2017-06-02,14.66,14.77,14.94,14.26,32394,47239700,0.11,0.75,4.64,0.98
2017-06-05,14.82,14.93,14.99,14.71,16428,24395179,0.16,1.08,1.90,0.42
2017-06-06,14.83,14.80,14.93,14.67,12267,18106290,-0.13,-0.87,1.74,0.31
2017-06-07,14.79,15.03,15.05,14.73,21302,31837395,0.23,1.55,2.16,0.55
2017-06-08,15.07,15.07,15.15,14.92,20640,30973777,0.04,0.27,1.53,0.53
2017-06-09,15.07,14.98,15.09,14.82,13409,20029554,-0.09,-0.60,1.79,0.34
2017-06-12,14.93,14.44,14.95,14.35,22718,33152973,-0.54,-3.60,4.01,0.58
2017-06-13,14.40,15.05,15.11,14.40,38330,56728454,0.61,4.22,4.92,0.98
