日期,开盘,收盘,最高,最低,交易量(手),交易金额(元),涨跌额,涨跌幅(%),振幅(%),换手率(%)
2012-06-01,19.01,19.92,20.10,19.00,196807,389170000,-0.08,-0.40,5.50,39.36
2012-06-04,19.80,20.07,20.15,19.62,134377,268260000,0.15,0.75,2.66,26.88
2012-06-05,20.31,20.49,20.49,19.81,102822,207820000,0.42,2.09,3.39,20.56
2012-06-06,20.99,21.20,21.64,20.85,114896,244280000,0.71,3.47,3.86,22.98
2012-06-07,21.00,21.19,21.40,20.58,73772,155130000,-0.01,-0.05,3.87,14.75
2012-06-08,21.08,20.50,21.14,20.45,46755,97090000,-0.69,-3.26,3.26,9.35
2012-06-11,20.52,21.03,21.29,20.11,47634,99320000,0.53,2.59,5.76,9.53
2012-06-12,20.99,20.00,20.99,19.79,71188,144060000,-1.03,-4.90,5.71,14.24
2012-06-13,20.00,20.50,20.79,19.80,70685,143340000,0.50,2.50,4.95,14.14
2012-06-14,20.41,20.39,20.95,20.16,50881,104590000,-0.11,-0.54,3.85,10.18
2012-06-15,20.40,20.13,20.64,19.80,35372,71330000,-0.26,-1.28,4.12,7.07
2012-06-18,20.16,20.40,20.57,19.94,50186,101880000,0.27,1.34,3.13,10.04
2012-06-19,20.23,19.61,20.29,19.41,59395,117530000,-0.79,-3.87,4.31,11.88
2012-06-20,19.60,19.71,20.02,19.50,33684,66550000,0.10,0.51,2.65,6.74
2012-06-21,19.57,19.09,19.70,19.09,40351,77650000,-0.62,-3.15,3.09,8.07
2012-06-25,19.00,19.00,19.28,18.63,27701,52420000,-0.09,-0.47,3.40,5.54
2012-06-26,18.92,19.17,19.33,18.74,23752,45330000,0.17,0.89,3.11,4.75
2012-06-27,19.10,19.13,19.55,18.90,35391,68180000,-0.04,-0.21,3.39,7.08
2012-06-28,19.10,18.08,19.25,18.00,34556,64380000,-1.05,-5.49,6.53,6.91
2012-06-29,17.88,17.84,17.94,17.30,39001,68880000,-0.24,-1.33,3.54,7.80
2012-07-02,17.95,17.66,18.27,17.52,46928,83890000,-0.18,-1.01,4.20,9.39
2012-07-03,17.70,19.01,19.43,17.55,99077,185090000,1.35,7.64,10.65,19.82
2012-07-04,18.76,18.02,18.88,17.93,75340,138300000,-0.99,-5.21,5.00,15.07
2012-07-05,18.08,17.58,18.08,17.30,51922,91110000,-0.44,-2.44,4.33,10.38
2012-07-06,17.63,17.90,17.97,17.32,38804,68340000,0.32,1.82,3.70,7.76
2012-07-09,17.68,16.85,17.78,16.80,35390,61400000,-1.05,-5.87,5.47,7.08
2012-07-10,16.68,15.70,16.68,15.69,49214,79510000,-1.15,-6.82,5.88,9.84
2012-07-11,15.59,15.53,15.84,15.42,37440,58440000,-0.17,-1.08,2.68,7.49
2012-07-12,15.70,16.05,16.16,15.68,44391,70700000,0.52,3.35,3.09,8.88
2012-07-13,14.90,14.45,14.90,14.45,55791,80940000,-1.60,-9.97,2.80,11.16
2012-07-16,13.57,13.20,13.89,13.08,71273,95090000,-1.25,-8.65,5.61,14.25
2012-07-17,13.21,13.46,13.50,13.00,52055,69020000,0.26,1.97,3.79,10.41
2012-07-18,13.31,13.40,13.48,13.07,34803,46100000,-0.06,-0.45,3.05,6.96
2012-07-19,13.41,13.61,13.97,13.41,60875,83540000,0.21,1.57,4.18,12.18
2012-07-20,13.42,13.30,13.74,13.00,33119,44640000,-0.31,-2.28,5.44,6.62
2012-07-23,13.06,13.15,13.30,12.80,24248,31640000,-0.15,-1.13,3.76,4.85
2012-07-24,13.00,13.50,13.72,13.00,36323,48960000,0.35,2.66,5.48,7.26
2012-07-25,13.38,13.82,14.41,13.36,67465,94340000,0.32,2.37,7.78,13.49
2012-07-26,13.73,13.64,14.08,13.52,32451,44700000,-0.18,-1.30,4.05,6.49
2012-07-27,13.70,13.85,14.07,13.61,29514,40870000,0.21,1.54,3.37,5.90
2012-07-30,13.85,13.07,13.95,13.02,32603,43370000,-0.78,-5.63,6.71,6.52
2012-07-31,13.07,12.37,13.16,12.32,28057,35270000,-0.70,-5.36,6.43,5.61
2012-08-01,12.40,12.59,12.90,12.37,30503,38480000,0.22,1.78,4.28,6.10
2012-08-02,12.51,12.60,12.75,12.31,36406,45550000,0.01,0.08,3.49,7.28
2012-08-03,12.65,13.20,13.50,12.51,46357,60630000,0.60,4.76,7.86,9.27
2012-08-06,13.16,13.56,13.65,13.01,41457,55450000,0.36,2.73,4.85,8.29
2012-08-07,13.56,13.83,13.85,13.45,44797,61130000,0.27,1.99,2.95,8.96
2012-08-08,13.80,13.60,13.82,13.46,27902,37940000,-0.23,-1.66,2.60,5.58
2012-08-09,13.58,13.73,13.85,13.38,34089,46580000,0.13,0.96,3.46,6.82
2012-08-10,13.65,13.45,13.69,13.34,29193,39410000,-0.28,-2.04,2.55,5.84
2012-08-13,13.50,13.64,14.10,13.45,55520,76650000,0.19,1.41,4.83,11.10
2012-08-14,13.52,13.89,14.00,13.24,39013,53090000,0.25,1.83,5.57,7.80
2012-08-15,13.77,14.04,14.32,13.65,54666,77220000,0.15,1.08,4.82,10.93
2012-08-16,13.99,14.09,14.26,13.81,36889,51820000,0.05,0.36,3.21,7.38
2012-08-17,14.13,14.34,14.60,14.03,55562,79570000,0.25,1.77,4.05,11.11
2012-08-20,14.18,14.00,14.20,13.71,40923,57140000,-0.34,-2.37,3.42,8.18
2012-08-21,13.94,14.45,14.68,13.89,51038,73200000,0.45,3.21,5.64,10.21
2012-08-22,14.49,14.34,14.74,14.17,39049,56420000,-0.11,-0.76,3.94,7.81
2012-08-23,14.29,14.57,14.70,14.04,38157,54380000,0.23,1.60,4.60,7.63
2012-08-24,14.45,13.85,14.45,13.85,35115,49530000,-0.72,-4.94,4.12,7.02
2012-08-27,13.72,13.10,13.75,13.10,34776,46530000,-0.75,-5.42,4.69,6.96
2012-08-28,13.11,13.35,13.51,13.03,20612,27410000,0.25,1.91,3.66,4.12
2012-08-29,13.40,13.64,13.95,13.31,36252,49800000,0.29,2.17,4.79,7.25
2012-08-30,13.58,13.05,13.63,12.81,32034,42250000,-0.59,-4.33,6.01,6.41
2012-08-31,12.91,13.13,13.28,12.86,14302,18720000,0.08,0.61,3.22,2.86
2012-09-03,13.06,13.43,13.56,13.06,23282,31120000,0.30,2.28,3.81,4.66
2012-09-04,13.39,13.38,13.77,13.36,31097,42150000,-0.05,-0.37,3.05,6.22
2012-09-05,13.39,13.99,14.16,13.28,61990,85560000,0.61,4.56,6.58,12.40
2012-09-06,14.10,14.11,14.20,13.82,38462,53770000,0.12,0.86,2.72,7.69
2012-09-07,14.15,14.44,14.63,14.06,69749,100110000,0.33,2.34,4.04,13.95
2012-09-10,14.31,14.38,14.58,14.21,41280,59450000,-0.06,-0.42,2.56,8.26
2012-09-11,14.39,14.51,14.67,14.16,40081,57960000,0.13,0.90,3.55,8.02
2012-09-12,14.76,14.26,14.98,14.10,51190,73800000,-0.25,-1.72,6.06,10.24
2012-09-13,14.20,14.10,14.58,14.10,33678,48260000,-0.16,-1.12,3.37,6.74
2012-09-14,14.21,13.74,14.29,13.66,40108,55740000,-0.36,-2.55,4.47,8.02
2012-09-17,13.70,13.28,13.81,13.25,20433,27520000,-0.46,-3.35,4.08,4.09
2012-09-18,13.25,13.37,13.52,13.20,14339,19180000,0.09,0.68,2.41,2.87
2012-09-19,13.45,13.42,13.52,13.32,12142,16280000,0.05,0.37,1.50,2.43
2012-09-20,13.38,12.71,13.48,12.71,26228,34020000,-0.71,-5.29,5.74,5.25
2012-09-21,12.71,12.41,12.82,12.41,14636,18460000,-0.30,-2.36,3.23,2.93
2012-09-24,12.41,12.47,12.55,12.22,11891,14740000,0.06,0.48,2.66,2.38
2012-09-25,12.39,12.41,12.63,12.36,8902,11090000,-0.06,-0.48,2.17,1.78
2012-09-26,12.28,11.71,12.42,11.71,15459,18590000,-0.70,-5.64,5.72,3.09
2012-09-27,11.80,11.95,12.16,11.62,19001,22630000,0.24,2.05,4.61,3.80
2012-09-28,11.90,12.61,12.97,11.85,36457,45520000,0.66,5.52,9.37,7.29
2012-10-08,12.61,12.49,12.69,12.30,17026,21220000,-0.12,-0.95,3.09,3.41
2012-10-09,12.40,12.90,12.95,12.40,28221,35990000,0.41,3.28,4.40,5.64
2012-10-10,12.81,12.95,13.00,12.73,18900,24380000,0.05,0.39,2.09,3.78
2012-10-11,12.95,12.42,12.95,12.40,19535,24700000,-0.53,-4.09,4.25,3.91
2012-10-12,12.38,12.52,12.79,12.38,13747,17230000,0.10,0.81,3.30,2.75
2012-10-15,12.35,11.96,12.50,11.78,21679,25900000,-0.56,-4.47,5.75,4.34
2012-10-16,11.90,11.96,12.30,11.81,10300,12390000,0.00,0.00,4.10,2.06
2012-10-17,11.95,12.11,12.31,11.86,14333,17330000,0.15,1.25,3.76,2.87
2012-10-18,12.16,12.36,12.47,12.09,15244,18740000,0.25,2.06,3.14,3.05
2012-10-19,12.31,12.41,12.55,12.30,14663,18220000,0.05,0.40,2.02,2.93
2012-10-22,12.30,12.47,12.60,12.20,11918,14790000,0.06,0.48,3.22,2.38
2012-10-23,12.48,12.22,12.49,12.22,10168,12580000,-0.25,-2.00,2.17,2.03
2012-10-24,12.05,11.94,12.17,11.93,15371,18490000,-0.28,-2.29,1.96,3.07
2012-10-25,11.91,11.92,12.07,11.85,9700,11580000,-0.02,-0.17,1.84,1.94
2012-10-26,11.88,11.25,11.95,11.03,15560,17820000,-0.67,-5.62,7.72,3.11
2012-10-29,11.15,11.27,11.47,11.00,20856,23350000,0.02,0.18,4.18,4.17
2012-10-30,11.22,11.10,11.40,11.06,8127,9120000,-0.17,-1.51,3.02,1.63
2012-10-31,11.12,11.00,11.22,10.90,9692,10690000,-0.10,-0.90,2.88,1.94
2012-11-01,10.97,11.22,11.31,10.97,12794,14330000,0.22,2.00,3.09,2.56
2012-11-02,11.24,11.40,11.49,11.18,16349,18470000,0.18,1.60,2.76,3.27
2012-11-05,11.35,11.32,11.49,11.16,12386,14050000,-0.08,-0.70,2.89,2.48
2012-11-06,11.30,11.13,11.31,10.91,10081,11200000,-0.19,-1.68,3.53,2.02
2012-11-07,11.15,11.15,11.29,11.08,7741,8650000,0.02,0.18,1.89,1.55
2012-11-08,11.13,10.66,11.13,10.66,12965,14130000,-0.49,-4.39,4.22,2.59
2012-11-09,10.68,10.76,10.96,10.60,11148,12000000,0.10,0.94,3.38,2.23
2012-11-12,10.81,10.72,10.83,10.66,9196,9880000,-0.04,-0.37,1.58,1.84
2012-11-13,10.78,10.90,10.94,10.21,24565,26460000,0.18,1.68,6.81,4.91
2012-11-14,10.81,10.85,11.05,10.64,14204,15340000,-0.05,-0.46,3.76,2.84
2012-11-15,10.81,10.38,10.81,10.30,11025,11640000,-0.47,-4.33,4.70,2.21
2012-11-16,10.31,10.25,10.65,10.12,8785,9100000,-0.13,-1.25,5.11,1.76
2012-11-19,10.21,10.30,10.36,10.09,7581,7750000,0.05,0.49,2.63,1.52
2012-11-20,10.38,10.40,10.65,10.28,12406,12950000,0.10,0.97,3.59,2.48
2012-11-21,10.40,10.47,10.50,10.20,9060,9420000,0.07,0.67,2.88,1.81
2012-11-22,10.41,10.33,10.41,10.19,8299,8550000,-0.14,-1.34,2.10,1.66
2012-11-23,10.39,10.32,10.42,10.31,5177,5360000,-0.01,-0.10,1.06,1.04
2012-11-26,10.30,10.11,10.33,10.10,6375,6500000,-0.21,-2.03,2.23,1.28
2012-11-27,10.10,9.53,10.11,9.53,14040,13660000,-0.58,-5.74,5.74,2.81
2012-11-28,9.48,9.30,9.51,9.26,10451,9760000,-0.23,-2.41,2.62,2.09
2012-11-29,9.33,8.93,9.38,8.91,11353,10380000,-0.37,-3.98,5.05,2.27
2012-11-30,8.95,8.96,9.05,8.85,8408,7530000,0.03,0.34,2.24,1.68
2012-12-03,8.90,8.63,9.01,8.58,9992,8780000,-0.33,-3.68,4.80,2.00
2012-12-04,8.58,8.76,8.79,8.40,12555,10840000,0.13,1.51,4.52,2.51
2012-12-05,8.66,9.10,9.22,8.66,19805,17890000,0.34,3.88,6.39,3.96
2012-12-06,9.05,8.96,9.18,8.80,16367,14700000,-0.14,-1.54,4.18,3.27
2012-12-07,8.95,9.19,9.22,8.89,20799,18930000,0.23,2.57,3.68,4.16
2012-12-10,9.18,9.38,9.48,9.16,21870,20400000,0.19,2.07,3.48,4.37
2012-12-11,9.31,9.33,9.54,9.26,16515,15510000,-0.05,-0.53,2.99,3.30
2012-12-12,9.36,9.32,9.40,9.12,13870,12810000,-0.01,-0.11,3.00,2.77
2012-12-13,9.30,9.14,9.34,9.12,9582,8840000,-0.18,-1.93,2.36,1.92
2012-12-14,9.06,9.60,9.63,9.06,28867,27350000,0.46,5.03,6.24,5.77
2012-12-17,9.59,9.68,9.82,9.50,25348,24510000,0.08,0.83,3.33,5.07
2012-12-18,9.62,9.63,9.74,9.53,22001,21210000,-0.05,-0.52,2.17,4.40
2012-12-19,9.54,9.69,9.84,9.54,19270,18760000,0.06,0.62,3.12,3.85
2012-12-20,9.69,10.09,10.55,9.68,59607,60490000,0.40,4.13,8.98,11.92
2012-12-21,10.07,10.45,10.54,9.91,59447,60710000,0.36,3.57,6.24,11.89
2012-12-24,10.36,11.24,11.26,10.28,78909,85820000,0.79,7.56,9.38,15.78
2012-12-25,11.15,11.52,11.74,11.01,83750,94950000,0.28,2.49,6.49,16.75
2012-12-26,11.47,12.67,12.67,11.35,115868,140080000,1.15,9.98,11.46,23.17
2012-12-27,12.85,11.63,12.85,11.62,104417,127110000,-1.04,-8.21,9.71,20.88
2012-12-28,11.71,11.80,11.97,11.31,74382,86980000,0.17,1.46,5.68,14.88
2012-12-31,11.81,11.48,11.89,11.38,44770,51630000,-0.32,-2.71,4.32,8.95
2013-01-04,11.60,11.62,11.83,11.28,44146,51050000,0.14,1.22,4.79,8.83
2013-01-07,11.55,11.73,11.79,11.46,38490,44770000,0.11,0.95,2.84,7.70
2013-01-08,11.84,11.91,12.15,11.71,54655,65090000,0.18,1.53,3.75,10.93
2013-01-09,11.80,11.52,11.87,11.41,40172,46810000,-0.39,-3.27,3.86,8.03
2013-01-10,11.54,11.69,11.83,11.48,30600,35730000,0.17,1.48,3.04,6.12
2013-01-11,11.69,11.76,12.06,11.69,57066,67950000,0.07,0.60,3.17,11.41
2013-01-14,11.77,12.58,12.70,11.75,81215,100210000,0.82,6.97,8.08,16.24
2013-01-15,12.60,12.53,12.82,12.33,59730,74700000,-0.05,-0.40,3.90,11.95
2013-01-16,12.55,12.16,12.55,11.92,46186,56320000,-0.37,-2.95,5.03,9.24
2013-01-17,12.17,12.20,12.44,12.00,30804,37680000,0.04,0.33,3.62,6.16
2013-01-18,12.25,12.14,12.36,11.92,25329,30700000,-0.06,-0.49,3.61,5.07
2013-01-21,12.12,12.18,12.30,12.11,21279,25970000,0.04,0.33,1.57,4.26
2013-01-22,12.18,11.93,12.37,11.91,31331,38050000,-0.25,-2.05,3.78,6.27
2013-01-23,11.79,11.53,11.79,11.33,32360,37240000,-0.40,-3.35,3.86,6.47
2013-01-24,11.52,10.99,11.60,10.85,27558,31070000,-0.54,-4.68,6.50,5.51
2013-01-25,10.95,10.92,11.08,10.88,12032,13200000,-0.07,-0.64,1.82,2.41
2013-01-28,11.10,11.19,11.22,10.98,15894,17710000,0.27,2.47,2.20,3.18
2013-01-29,11.24,11.40,11.54,11.14,19162,21740000,0.21,1.88,3.57,3.83
2013-01-30,11.39,11.20,11.43,11.09,16824,18900000,-0.20,-1.75,2.98,3.36
2013-01-31,11.16,10.96,11.26,10.89,18642,20480000,-0.24,-2.14,3.30,3.73
2013-02-01,10.96,11.11,11.30,10.73,15765,17460000,0.15,1.37,5.20,3.15
2013-02-04,11.12,10.92,11.20,10.88,11370,12520000,-0.19,-1.71,2.88,2.27
2013-02-05,10.93,11.08,11.16,10.88,11130,12320000,0.16,1.47,2.56,2.23
2013-02-06,11.13,11.24,11.34,11.11,11771,13230000,0.16,1.44,2.08,2.35
2013-02-07,11.20,11.30,11.34,11.15,11556,13000000,0.06,0.53,1.69,2.31
2013-02-08,11.27,11.42,11.48,11.27,15294,17430000,0.12,1.06,1.86,3.06
2013-02-18,11.52,12.12,12.26,11.43,55471,66030000,0.70,6.13,7.27,11.09
2013-02-19,12.00,11.78,12.04,11.74,27414,32580000,-0.34,-2.81,2.48,5.48
2013-02-20,11.72,12.14,12.16,11.71,28360,34060000,0.36,3.06,3.82,5.67
2013-02-21,12.04,11.78,12.13,11.68,22697,27060000,-0.36,-2.97,3.71,4.54
2013-02-22,11.75,11.70,11.93,11.63,16457,19370000,-0.08,-0.68,2.55,3.29
2013-02-25,11.70,11.84,11.95,11.68,12924,15300000,0.14,1.20,2.31,2.58
2013-02-26,11.70,11.72,12.04,11.65,19357,23020000,-0.12,-1.01,3.29,3.87
2013-02-27,11.84,11.75,11.93,11.51,20839,24300000,0.03,0.26,3.58,4.17
2013-02-28,11.76,11.94,11.97,11.76,19293,22960000,0.19,1.62,1.79,3.86
2013-03-01,11.97,12.32,12.42,11.97,41447,50480000,0.38,3.18,3.77,8.29
2013-03-04,12.28,11.70,12.28,11.63,31778,37930000,-0.62,-5.03,5.28,6.36
2013-03-05,11.71,12.14,12.27,11.59,30184,36260000,0.44,3.76,5.81,6.04
2013-03-06,12.13,12.50,12.68,12.11,41640,51920000,0.36,2.97,4.70,8.33
2013-03-07,12.52,12.18,12.59,12.03,26931,33180000,-0.32,-2.56,4.48,5.39
2013-03-08,12.23,12.25,12.60,12.18,25401,31430000,0.07,0.57,3.45,5.08
2013-03-11,12.21,11.98,12.28,11.88,20505,24600000,-0.27,-2.20,3.27,4.10
2013-03-12,11.99,11.32,12.06,11.18,27438,31790000,-0.66,-5.51,7.35,5.49
2013-03-13,11.33,11.00,11.36,10.97,18706,20750000,-0.32,-2.83,3.45,3.74
2013-03-14,10.98,11.10,11.14,10.98,8650,9590000,0.10,0.91,1.45,1.73
2013-03-15,11.19,11.38,11.58,11.13,25004,28400000,0.28,2.52,4.05,5.00
2013-03-18,11.30,10.96,11.30,10.96,16385,18170000,-0.42,-3.69,2.99,3.28
2013-03-19,10.95,10.69,10.99,10.40,21923,23350000,-0.27,-2.46,5.38,4.38
2013-03-20,10.61,11.16,11.24,10.61,19827,21670000,0.47,4.40,5.89,3.97
2013-03-21,11.09,11.22,11.35,11.00,20202,22640000,0.06,0.54,3.14,4.04
2013-03-22,11.23,11.24,11.29,11.05,12011,13440000,0.02,0.18,2.14,2.40
2013-03-25,11.26,11.17,11.30,11.12,8263,9260000,-0.07,-0.62,1.60,1.65
2013-03-26,11.14,10.88,11.14,10.70,16035,17410000,-0.29,-2.60,3.94,3.21
2013-03-27,10.88,10.90,11.06,10.79,8220,9000000,0.02,0.18,2.48,1.64
2013-03-28,10.88,10.56,10.88,10.52,12268,13020000,-0.34,-3.12,3.30,2.45
2013-03-29,10.51,10.49,10.65,10.43,5790,6090000,-0.07,-0.66,2.08,1.16
2013-04-01,10.45,10.60,10.70,10.45,5242,5570000,0.11,1.05,2.38,1.05
2013-04-02,10.60,10.48,10.80,10.48,6788,7230000,-0.12,-1.13,3.02,1.36
2013-04-03,10.51,10.41,10.54,10.36,5238,5470000,-0.07,-0.67,1.72,1.05
2013-04-08,10.20,10.32,10.32,10.03,7211,7320000,-0.09,-0.86,2.79,1.44
2013-04-09,10.25,10.46,10.47,10.25,7423,7730000,0.14,1.36,2.13,1.48
2013-04-10,10.40,10.46,10.49,10.25,5758,5970000,0.00,0.00,2.29,1.15
2013-04-11,10.65,10.52,10.74,10.46,8254,8720000,0.06,0.57,2.68,1.65
2013-04-12,10.43,10.64,10.80,10.41,14690,15640000,0.12,1.14,3.71,2.94
2013-04-15,10.52,10.82,10.84,10.35,13015,13840000,0.18,1.69,4.61,2.60
2013-04-16,10.68,11.17,11.18,10.53,18847,20680000,0.35,3.23,6.01,3.77
2013-04-17,11.19,11.10,11.23,10.93,9591,10590000,-0.07,-0.63,2.69,1.92
2013-04-18,10.95,11.03,11.32,10.95,15670,17480000,-0.07,-0.63,3.33,3.13
2013-04-19,11.14,11.18,11.27,11.02,22174,24760000,0.15,1.36,2.27,4.43
2013-04-22,11.03,11.10,11.19,10.96,12928,14300000,-0.08,-0.72,2.06,2.59
2013-04-23,11.10,10.64,11.14,10.61,12307,13350000,-0.46,-4.14,4.77,2.46
2013-04-24,10.65,11.25,11.27,10.65,25653,28360000,0.61,5.73,5.83,5.13
2013-04-25,11.29,11.25,11.57,11.21,26998,30790000,0.00,0.00,3.20,5.40
2013-04-26,11.07,11.21,11.39,11.00,13318,14830000,-0.04,-0.36,3.47,2.66
2013-05-02,11.11,11.67,11.80,11.02,31334,35990000,0.46,4.10,6.96,6.27
2013-05-03,11.67,11.73,11.86,11.60,26092,30590000,0.06,0.51,2.23,5.22
2013-05-06,11.83,11.98,12.15,11.67,29827,35590000,0.25,2.13,4.09,5.97
2013-05-07,11.92,11.73,11.97,11.65,19692,23170000,-0.25,-2.09,2.67,3.94
2013-05-08,11.78,12.03,12.08,11.61,21063,25020000,0.30,2.56,4.01,4.21
2013-05-09,12.00,11.88,12.07,11.71,18482,21940000,-0.15,-1.25,2.99,3.70
2013-05-10,11.79,11.75,11.95,11.67,16943,19960000,-0.13,-1.09,2.36,3.39
2013-05-13,11.86,12.24,12.29,11.73,32380,39100000,0.49,4.17,4.77,6.48
2013-05-14,12.35,11.86,12.40,11.81,28143,34040000,-0.38,-3.10,4.82,5.63
2013-05-15,11.84,13.05,13.05,11.77,83186,104880000,1.19,10.03,10.79,16.64
2013-05-16,13.10,13.38,13.96,13.05,115930,155990000,0.33,2.53,6.97,23.19
2013-05-17,13.31,14.72,14.72,13.14,81951,114250000,1.34,10.01,11.81,16.39
2013-05-20,15.39,14.86,15.39,14.65,142854,214290000,0.14,0.95,5.03,28.57
2013-05-21,14.85,15.28,15.30,14.60,91635,137470000,0.42,2.83,4.71,18.33
2013-05-22,15.13,14.31,15.13,13.90,78233,113500000,-0.97,-6.35,8.05,15.65
2013-05-23,14.23,13.98,14.60,13.80,53490,76410000,-0.33,-2.31,5.59,10.70
2013-05-24,13.98,15.18,15.38,13.98,101017,150280000,1.20,8.58,10.01,20.20
2013-05-27,14.90,14.86,15.15,14.58,69144,102580000,-0.32,-2.11,3.75,13.83
2013-05-28,14.79,13.98,14.79,13.90,48948,69380000,-0.88,-5.92,5.99,9.79
2013-05-29,13.85,14.17,14.39,13.84,30098,42720000,0.19,1.36,3.93,6.02
2013-05-30,14.00,14.35,14.46,13.85,33416,47490000,0.18,1.27,4.30,6.68
2013-05-31,14.20,13.90,14.20,13.63,41827,58010000,-0.45,-3.14,3.97,8.37
2013-06-03,13.90,13.44,13.99,13.23,42929,58260000,-0.46,-3.31,5.47,4.96
2013-06-04,13.42,13.32,13.50,13.04,22750,30250000,-0.12,-0.89,3.42,2.63
2013-06-05,13.36,13.45,13.66,13.29,52409,70590000,0.13,0.98,2.78,6.06
2013-06-06,13.28,13.43,13.73,13.28,25304,33990000,-0.02,-0.15,3.35,2.92
2013-06-07,13.49,13.43,13.69,13.17,28951,38970000,0.00,0.00,3.87,3.34
2013-06-13,13.09,13.05,13.39,12.53,18124,23450000,-0.38,-2.83,6.40,2.09
2013-06-14,13.10,13.61,13.68,13.00,35285,47540000,0.56,4.29,5.21,4.08
2013-06-17,13.59,13.47,13.78,13.40,45610,62080000,-0.14,-1.03,2.79,5.27
2013-06-18,13.37,13.09,13.48,12.72,37832,49290000,-0.38,-2.82,5.64,4.37
2013-06-19,13.01,13.23,13.28,12.87,24314,31820000,0.14,1.07,3.13,2.81
2013-06-20,13.05,12.52,13.36,12.52,22105,28760000,-0.71,-5.37,6.35,2.55
2013-06-21,12.20,12.21,12.42,11.81,23871,29220000,-0.31,-2.48,4.87,2.76
2013-06-24,12.20,11.00,12.21,11.00,27596,31850000,-1.21,-9.91,9.91,3.19
2013-06-25,11.05,11.14,11.27,10.31,38791,42390000,0.14,1.27,8.73,4.48
2013-06-26,11.17,11.61,11.70,11.08,28343,32530000,0.47,4.22,5.57,3.27
2013-06-27,11.56,11.41,12.08,11.41,36831,43280000,-0.20,-1.72,5.77,4.26
2013-06-28,11.41,11.12,11.79,10.98,20332,23180000,-0.29,-2.54,7.10,2.35
2013-07-01,11.45,11.56,11.57,11.18,18974,21680000,0.44,3.96,3.51,2.19
2013-07-02,11.52,12.15,12.23,11.52,28065,33620000,0.59,5.10,6.14,3.24
2013-07-03,12.18,12.00,12.24,11.72,32897,39570000,-0.15,-1.23,4.28,3.80
2013-07-04,7.88,7.79,8.06,7.72,32674,25740000,-0.14,-1.77,4.29,2.52
2013-07-05,7.78,7.25,7.86,7.23,40405,30540000,-0.54,-6.93,8.09,3.11
2013-07-08,7.02,6.55,7.07,6.53,53191,35640000,-0.70,-9.66,7.45,4.10
2013-07-09,6.59,6.58,6.66,6.52,25839,17010000,0.03,0.46,2.14,1.99
2013-07-10,6.58,6.85,6.87,6.58,32049,21600000,0.27,4.10,4.41,2.47
2013-07-11,6.80,7.08,7.19,6.74,37775,26410000,0.23,3.36,6.57,2.91
2013-07-12,7.08,7.09,7.27,7.03,32767,23490000,0.01,0.14,3.39,2.52
2013-07-15,7.01,7.26,7.26,6.87,42685,30290000,0.17,2.40,5.50,3.29
2013-07-16,7.24,7.41,7.41,7.16,33331,24320000,0.15,2.07,3.44,2.57
2013-07-17,7.36,7.17,7.55,7.12,37518,27460000,-0.24,-3.24,5.80,2.89
2013-07-18,7.26,7.44,7.53,7.11,57172,42250000,0.27,3.77,5.86,4.40
2013-07-19,7.41,7.33,7.75,7.32,57057,42860000,-0.11,-1.48,5.78,4.39
2013-07-22,7.28,7.66,7.68,7.15,42465,31920000,0.33,4.50,7.23,3.27
2013-07-23,7.77,7.78,7.84,7.58,42246,32640000,0.12,1.57,3.39,3.25
2013-07-24,7.70,7.94,8.04,7.70,46048,36390000,0.16,2.06,4.37,3.55
2013-07-25,7.99,7.62,8.05,7.55,48380,37560000,-0.32,-4.03,6.30,3.73
2013-07-26,7.65,7.66,7.74,7.42,16083,12220000,0.04,0.52,4.20,1.24
2013-07-29,7.68,7.58,7.78,7.55,18532,14230000,-0.08,-1.04,3.00,1.43
2013-07-30,7.55,7.41,7.62,7.18,16358,12060000,-0.17,-2.24,5.80,1.26
2013-07-31,7.26,7.65,7.76,7.21,27150,20710000,0.24,3.24,7.42,2.09
2013-08-01,7.61,8.17,8.22,7.61,58974,47210000,0.52,6.80,7.97,4.54
2013-08-02,8.11,8.99,8.99,8.11,167838,149240000,0.82,10.04,10.77,12.93
2013-08-05,8.75,8.90,8.99,8.52,125341,109620000,-0.09,-1.00,5.23,9.65
2013-08-06,8.90,8.80,9.01,8.65,60292,53200000,-0.10,-1.12,4.04,4.64
2013-08-07,8.74,8.60,8.96,8.55,46380,40500000,-0.20,-2.27,4.66,3.57
2013-08-08,8.48,8.98,8.99,8.44,59332,52340000,0.38,4.42,6.40,4.57
2013-08-09,8.97,8.85,9.02,8.55,49058,43210000,-0.13,-1.45,5.23,3.78
2013-08-12,8.77,9.74,9.74,8.77,126669,119650000,0.89,10.06,10.96,9.76
2013-08-13,9.85,9.93,10.08,9.58,101120,100160000,0.19,1.95,5.13,7.79
2013-08-14,9.82,10.14,10.37,9.71,70503,70670000,0.21,2.11,6.65,5.43
2013-08-15,10.02,10.07,10.29,9.86,40455,40360000,-0.07,-0.69,4.24,3.12
2013-08-16,9.95,10.38,10.80,9.95,80755,84290000,0.31,3.08,8.44,6.22
2013-08-19,10.20,11.26,11.29,10.00,70956,76400000,0.88,8.48,12.43,5.47
2013-08-20,11.03,10.95,11.33,10.63,104094,113810000,-0.31,-2.75,6.22,8.02
2013-08-21,10.82,10.90,11.30,10.76,55359,61000000,-0.05,-0.46,4.93,4.26
2013-08-22,10.98,10.10,10.98,10.08,101161,104840000,-0.80,-7.34,8.26,7.79
2013-08-23,10.10,9.80,10.14,9.56,100968,99350000,-0.30,-2.97,5.74,7.78
2013-08-26,9.87,10.03,10.10,9.67,72611,71850000,0.23,2.35,4.39,5.59
2013-08-27,10.03,10.13,10.19,9.84,75278,74950000,0.10,1.00,3.49,5.80
2013-08-28,10.06,9.57,10.28,9.50,94238,93400000,-0.56,-5.53,7.70,7.26
2013-08-29,9.70,9.70,9.91,9.42,54500,53070000,0.13,1.36,5.12,4.20
2013-08-30,9.70,8.76,9.76,8.73,72923,67020000,-0.94,-9.69,10.62,5.62
2013-09-02,8.81,9.03,9.06,8.74,28745,25630000,0.27,3.08,3.65,2.21
2013-09-03,9.02,9.18,9.30,9.02,37532,34490000,0.15,1.66,3.10,2.89
2013-09-04,9.18,9.05,9.18,8.97,31998,28960000,-0.13,-1.42,2.29,2.46
2013-09-05,9.09,9.70,9.79,9.01,71942,68100000,0.65,7.18,8.62,5.54
2013-09-06,9.60,10.10,10.23,9.50,87871,87690000,0.40,4.12,7.53,6.77
2013-09-09,10.10,10.08,10.14,9.73,46214,46040000,-0.02,-0.20,4.06,3.56
2013-09-10,10.06,10.07,10.10,9.92,28447,28450000,-0.01,-0.10,1.79,2.19
2013-09-11,9.95,9.70,9.95,9.20,34145,32760000,-0.37,-3.67,7.45,2.63
2013-09-12,9.31,9.58,9.74,9.31,21490,20340000,-0.12,-1.24,4.43,1.66
2013-09-13,9.50,9.72,9.93,9.21,22080,21380000,0.14,1.46,7.52,1.70
2013-09-16,9.79,9.52,9.82,9.40,27460,26260000,-0.20,-2.06,4.32,2.12
2013-09-17,9.53,9.08,9.53,8.99,39813,36560000,-0.44,-4.62,5.67,3.07
2013-09-18,9.08,9.30,9.39,9.08,29526,27370000,0.22,2.42,3.41,2.27
2013-09-23,9.40,9.50,9.58,9.24,53339,50090000,0.20,2.15,3.66,4.11
2013-09-24,9.50,10.08,10.23,9.40,83110,81330000,0.58,6.11,8.74,6.40
2013-09-25,10.03,10.68,10.69,9.90,95531,99840000,0.60,5.95,7.84,7.36
2013-09-26,10.55,10.74,10.99,10.35,78367,83800000,0.06,0.56,5.99,6.04
2013-09-27,10.55,11.21,11.35,10.55,106704,116190000,0.47,4.38,7.45,8.22
2013-09-30,11.21,11.09,11.46,10.91,65215,73210000,-0.12,-1.07,4.91,5.02
2013-10-08,11.10,12.20,12.20,10.90,82124,95060000,1.11,10.01,11.72,6.33
2013-10-09,12.18,13.10,13.42,12.04,96571,125300000,0.90,7.38,11.31,7.44
2013-10-10,12.99,12.97,13.25,12.38,50075,64220000,-0.13,-0.99,6.64,3.86
2013-10-11,12.82,13.00,13.15,12.78,45154,58640000,0.03,0.23,2.85,3.48
2013-10-14,12.92,12.99,13.36,12.78,22868,29740000,-0.01,-0.08,4.46,1.76
2013-10-15,12.75,12.94,13.03,12.50,36761,46940000,-0.05,-0.38,4.08,2.83
2013-10-16,12.94,11.88,12.94,11.73,49300,59860000,-1.06,-8.19,9.35,3.80
2013-10-17,11.90,12.10,12.59,11.78,26923,32700000,0.22,1.85,6.82,2.07
2013-10-18,12.34,12.35,12.75,12.00,17690,22090000,0.25,2.07,6.20,1.36
2013-10-21,12.60,13.59,13.59,12.36,50626,66720000,1.24,10.04,9.96,3.90
2013-10-22,13.88,14.14,14.75,13.60,54184,76110000,0.55,4.05,8.46,4.17
2013-10-23,14.15,13.55,14.15,13.00,26460,35670000,-0.59,-4.17,8.13,2.04
2013-10-24,13.55,13.15,13.55,12.80,28619,37440000,-0.40,-2.95,5.54,2.20
2013-10-25,13.02,12.25,13.15,11.84,54222,66280000,-0.90,-6.84,9.96,4.18
2013-10-28,12.15,12.41,12.76,11.97,25615,31740000,0.16,1.31,6.45,1.97
2013-10-29,12.50,11.64,12.58,11.17,57763,66260000,-0.77,-6.20,11.36,4.45
2013-10-30,11.64,12.05,12.13,11.34,36631,43670000,0.41,3.52,6.79,2.82
2013-10-31,12.05,12.08,12.54,11.90,29475,35830000,0.03,0.25,5.31,2.27
2013-11-01,11.80,11.51,12.18,10.93,26201,29960000,-0.57,-4.72,10.35,2.02
2013-11-04,11.51,11.23,11.55,11.00,45305,50950000,-0.28,-2.43,4.78,3.49
2013-11-05,11.08,11.31,11.33,10.61,45355,49490000,0.08,0.71,6.41,3.49
2013-11-06,11.15,11.10,11.84,10.98,52078,59450000,-0.21,-1.86,7.60,4.01
2013-11-07,11.10,10.22,11.15,10.01,65319,68550000,-0.88,-7.93,10.27,5.03
2013-11-08,10.10,9.66,10.12,9.30,86853,83380000,-0.56,-5.48,8.02,6.69
2013-11-11,9.54,9.58,9.77,9.35,39329,37610000,-0.08,-0.83,4.35,3.03
2013-11-12,9.53,9.82,9.85,9.53,32481,31540000,0.24,2.51,3.34,2.50
2013-11-13,9.77,9.50,9.99,9.50,20245,19730000,-0.32,-3.26,4.99,1.56
2013-11-14,9.43,9.87,9.93,9.43,18940,18530000,0.37,3.89,5.26,1.46
2013-11-15,9.97,10.12,10.36,9.82,32891,33300000,0.25,2.53,5.47,2.53
2013-11-18,10.04,10.50,10.57,10.04,38528,39850000,0.38,3.75,5.24,2.97
2013-11-19,10.65,10.95,10.98,10.40,37205,40140000,0.45,4.29,5.52,2.87
2013-11-20,10.90,10.75,11.02,10.45,31421,33370000,-0.20,-1.83,5.21,2.42
2013-11-21,10.66,10.39,10.66,10.29,30079,31350000,-0.36,-3.35,3.44,2.32
2013-11-22,10.35,10.48,10.60,10.35,20605,21650000,0.09,0.87,2.41,1.59
2013-11-25,10.40,10.71,10.88,10.40,22496,24130000,0.23,2.19,4.58,1.73
2013-11-26,10.70,11.11,11.25,10.55,34791,38210000,0.40,3.73,6.54,2.68
2013-11-27,11.10,11.31,11.69,11.05,43911,50200000,0.20,1.80,5.76,3.38
2013-11-28,11.38,11.07,11.38,11.00,42995,47960000,-0.24,-2.12,3.36,3.31
2013-11-29,11.07,12.18,12.18,11.06,64988,77830000,1.11,10.03,10.12,5.01
2013-12-02,11.28,11.25,12.60,11.04,99616,116180000,-0.93,-7.64,12.81,7.51
2013-12-03,11.02,10.93,11.18,10.13,59643,63500000,-0.32,-2.84,9.33,4.50
2013-12-04,10.85,11.00,11.42,10.56,96003,105870000,0.07,0.64,7.87,7.24
2013-12-05,10.90,11.49,12.10,10.65,92336,106680000,0.49,4.45,13.18,6.96
2013-12-06,11.00,10.83,11.44,10.80,58436,64540000,-0.66,-5.74,5.57,4.41
2013-12-09,10.66,10.83,11.08,10.40,49221,53300000,0.00,0.00,6.28,3.71
2013-12-10,10.86,10.17,10.98,10.13,69252,72050000,-0.66,-6.09,7.85,5.22
2013-12-11,10.03,10.15,10.40,9.94,50281,50890000,-0.02,-0.20,4.52,3.79
2013-12-12,10.19,10.28,10.41,10.05,39598,40870000,0.13,1.28,3.55,2.99
2013-12-13,10.24,10.08,10.42,9.99,56897,58080000,-0.20,-1.95,4.18,4.29
2013-12-16,10.09,9.99,10.20,9.92,46025,46210000,-0.09,-0.89,2.78,3.47
2013-12-17,10.04,9.58,10.04,9.46,59858,57690000,-0.41,-4.10,5.81,4.51
2013-12-18,9.60,9.87,10.20,9.51,70091,69540000,0.29,3.03,7.20,5.28
2013-12-19,9.81,9.76,9.97,9.60,46817,45780000,-0.11,-1.11,3.75,3.53
2013-12-20,9.70,9.71,9.94,9.61,22549,22020000,-0.05,-0.51,3.38,1.70
2013-12-23,9.75,9.76,9.90,9.45,26893,26160000,0.05,0.51,4.63,2.03
2013-12-24,9.92,10.14,10.23,9.76,29770,29980000,0.38,3.89,4.82,2.24
2013-12-25,10.13,10.60,10.72,9.99,61620,64390000,0.46,4.54,7.20,4.65
2013-12-26,10.61,10.28,10.75,10.25,48297,50870000,-0.32,-3.02,4.72,3.64
2013-12-27,10.30,11.09,11.31,10.25,96251,106970000,0.81,7.88,10.31,7.26
2013-12-30,11.00,11.11,11.25,10.83,64547,71360000,0.02,0.18,3.79,4.87
2013-12-31,11.07,11.35,11.56,10.91,57442,64960000,0.24,2.16,5.85,4.33
2014-01-02,11.45,11.87,12.20,11.25,150527,178210000,0.52,4.58,8.37,11.35
2014-01-03,11.84,12.41,12.80,11.84,131618,164560000,0.54,4.55,8.09,9.92
2014-01-06,12.30,13.13,13.65,12.25,186722,247390000,0.72,5.80,11.28,14.08
2014-01-07,12.90,13.70,13.77,12.65,135652,178930000,0.57,4.34,8.53,10.23
2014-01-08,13.51,14.99,15.07,13.51,208952,309160000,1.29,9.42,11.39,15.75
2014-01-09,14.80,13.97,15.15,13.77,224903,322840000,-1.02,-6.80,9.21,16.96
2014-01-10,13.62,13.60,14.27,13.32,107409,148670000,-0.37,-2.65,6.80,8.10
2014-01-13,13.61,13.84,14.17,13.60,94933,132290000,0.24,1.76,4.19,7.16
2014-01-14,13.96,14.25,14.45,13.20,77365,107580000,0.41,2.96,9.03,5.83
2014-01-15,14.00,15.68,15.68,14.00,111213,169970000,1.43,10.04,11.79,8.38
2014-01-16,16.45,16.60,17.25,15.30,196129,322030000,0.92,5.87,12.44,14.79
2014-01-17,16.04,15.99,16.59,15.76,88315,142350000,-0.61,-3.67,5.00,6.66
2014-01-20,16.21,15.49,16.79,15.06,59164,94740000,-0.50,-3.13,10.82,4.46
2014-01-21,15.51,17.04,17.04,15.49,72596,119980000,1.55,10.01,10.01,5.47
2014-01-22,17.65,18.20,18.67,16.71,108447,191840000,1.16,6.81,11.50,8.18
2014-01-23,17.84,18.66,19.66,17.30,76256,141230000,0.46,2.53,12.97,5.75
2014-01-24,18.55,18.24,19.65,18.07,60920,113850000,-0.42,-2.25,8.47,4.59
2014-01-27,17.89,17.74,18.30,17.13,95050,166700000,-0.50,-2.74,6.41,7.17
2014-01-28,17.61,17.73,17.84,17.10,57140,100050000,-0.01,-0.06,4.17,4.31
2014-01-29,17.41,17.75,18.45,17.05,76549,136240000,0.02,0.11,7.90,5.77
2014-01-30,17.73,17.13,17.73,16.75,48526,82820000,-0.62,-3.49,5.52,3.66
2014-02-07,16.98,18.00,18.56,16.80,71747,128750000,0.87,5.08,10.27,5.41
2014-02-10,17.93,18.36,18.80,17.93,88460,162100000,0.36,2.00,4.83,6.67
2014-02-11,18.10,17.56,18.30,17.19,66927,118190000,-0.80,-4.36,6.05,5.05
2014-02-12,17.51,18.00,18.08,16.88,52443,92330000,0.44,2.51,6.83,3.95
2014-02-13,17.90,18.34,18.80,17.65,67424,123440000,0.34,1.89,6.39,5.08
2014-02-14,18.30,18.09,18.44,17.36,40267,72400000,-0.25,-1.36,5.89,3.04
2014-02-17,17.93,18.46,18.46,17.65,49942,90110000,0.37,2.05,4.48,3.77
2014-02-18,18.41,19.29,20.00,17.95,81198,155090000,0.83,4.50,11.11,6.12
2014-02-19,19.03,19.06,19.20,18.17,53973,100270000,-0.23,-1.19,5.34,4.07
2014-02-20,18.80,18.26,18.94,18.08,34355,63250000,-0.80,-4.20,4.51,2.59
2014-02-21,18.10,17.88,18.45,17.63,35629,64560000,-0.38,-2.08,4.49,2.69
2014-02-24,17.88,17.28,18.06,16.80,47975,82750000,-0.60,-3.36,7.05,3.62
2014-02-25,17.35,15.74,17.60,15.55,68227,112910000,-1.54,-8.91,11.86,5.14
2014-02-26,15.68,15.72,15.84,14.84,81484,124000000,-0.02,-0.13,6.35,6.14
2014-02-27,15.70,15.80,16.60,15.47,61182,98130000,0.08,0.51,7.19,4.61
2014-02-28,15.68,16.73,16.75,15.50,38234,61940000,0.93,5.89,7.91,2.88
2014-03-03,16.82,18.16,18.20,16.82,56133,99060000,1.43,8.55,8.25,4.23
2014-03-04,18.18,18.22,19.21,17.61,87247,160200000,0.06,0.33,8.81,6.58
2014-03-05,18.18,18.94,19.48,18.01,70991,134020000,0.72,3.95,8.07,5.35
2014-03-06,18.76,18.61,19.36,18.43,37146,69840000,-0.33,-1.74,4.91,2.80
2014-03-07,18.65,18.21,18.87,17.93,49208,89890000,-0.40,-2.15,5.05,3.71
2014-03-10,18.15,18.62,18.62,17.74,29985,54710000,0.41,2.25,4.83,2.26
2014-03-11,18.43,18.79,18.90,18.33,38645,71900000,0.17,0.91,3.06,2.91
2014-03-12,18.64,19.20,20.60,18.43,88396,171330000,0.41,2.18,11.55,6.66
2014-03-13,19.36,21.12,21.12,19.36,106640,218480000,1.92,10.00,9.17,8.04
2014-03-14,21.13,22.29,22.29,20.50,95873,204480000,1.17,5.54,8.48,7.23
2014-03-17,22.00,20.50,22.00,20.06,135512,280010000,-1.79,-8.03,8.70,10.22
2014-03-18,20.81,21.00,21.20,20.33,102160,212980000,0.50,2.44,4.24,7.70
2014-03-19,20.51,20.65,20.80,19.80,81876,166510000,-0.35,-1.67,4.76,6.17
2014-03-20,20.50,18.90,20.60,18.66,73650,144380000,-1.75,-8.47,9.39,5.55
2014-03-21,18.41,19.48,19.50,18.24,48049,91020000,0.58,3.07,6.67,3.62
2014-03-24,19.40,19.85,19.87,19.07,45098,88440000,0.37,1.90,4.11,3.40
2014-03-25,19.86,19.03,19.97,18.98,37653,73120000,-0.82,-4.13,4.99,2.84
2014-03-26,18.88,20.12,20.39,18.73,56394,111610000,1.09,5.73,8.72,4.25
2014-03-27,20.15,18.60,20.15,18.40,42791,82870000,-1.52,-7.55,8.70,3.23
2014-03-28,18.60,17.93,18.85,17.00,48090,85900000,-0.67,-3.60,9.95,3.63
2014-03-31,18.12,18.58,19.38,17.43,38284,70930000,0.65,3.63,10.88,2.89
2014-04-01,18.03,20.00,20.28,18.02,69858,137170000,1.42,7.64,12.16,5.27
2014-04-02,19.76,20.10,20.63,19.76,53535,107840000,0.10,0.50,4.35,4.04
2014-04-03,19.90,20.49,20.60,19.90,40456,82370000,0.39,1.94,3.48,3.05
2014-04-04,20.30,19.97,20.55,19.78,44093,88500000,-0.52,-2.54,3.76,3.32
2014-04-08,19.97,19.78,19.97,18.98,38154,73830000,-0.19,-0.95,4.96,2.88
2014-04-09,19.62,19.99,20.33,19.55,46496,93100000,0.21,1.06,3.94,3.51
2014-04-10,20.00,21.00,21.75,20.00,85152,178310000,1.01,5.05,8.75,6.42
2014-04-11,20.50,21.59,21.75,20.25,57636,121660000,0.59,2.81,7.14,4.35
2014-04-14,21.39,21.39,23.40,21.30,96261,215120000,-0.20,-0.93,9.73,7.26
2014-04-21,19.80,19.38,20.82,19.31,137019,274720000,-2.01,-9.40,7.06,10.33
2014-04-22,19.66,19.99,20.15,18.74,73919,144630000,0.61,3.15,7.28,5.57
2014-04-23,19.87,19.78,20.35,19.60,41191,82010000,-0.21,-1.05,3.75,3.11
2014-04-24,19.99,19.38,20.20,19.27,31868,62580000,-0.40,-2.02,4.70,2.40
2014-04-25,19.30,18.68,19.60,18.68,47931,91300000,-0.70,-3.61,4.75,3.61
2014-07-28,11.21,11.21,11.21,11.21,50688,56820000,-1.24,-9.96,0.00,2.55
2014-07-29,10.72,11.48,11.70,10.60,319234,348900000,0.27,2.41,9.81,16.04
2014-07-30,11.18,11.16,11.35,11.07,157704,176830000,-0.32,-2.79,2.44,7.93
2014-07-31,11.16,11.15,11.25,11.05,105190,117210000,-0.01,-0.09,1.79,5.29
2014-08-01,11.13,10.89,11.13,10.85,136708,149890000,-0.26,-2.33,2.51,6.87
2014-08-04,10.86,10.96,11.02,10.85,57960,63520000,0.07,0.64,1.56,2.91
2014-08-05,10.93,11.28,11.30,10.92,130002,144500000,0.32,2.92,3.47,6.53
2014-08-06,11.25,11.90,12.16,11.16,176027,205210000,0.62,5.50,8.87,8.85
2014-08-07,11.80,12.60,12.93,11.72,207846,258520000,0.70,5.88,10.17,10.45
2014-08-08,12.78,12.47,12.78,12.35,111305,139200000,-0.13,-1.03,3.41,5.59
2014-08-11,12.48,12.60,12.80,12.39,96509,121870000,0.13,1.04,3.29,4.85
2014-08-12,12.60,12.80,12.85,12.48,86075,108870000,0.20,1.59,2.94,4.33
2014-08-13,13.16,12.61,13.30,12.45,107036,136950000,-0.19,-1.48,6.64,5.38
2014-08-14,12.44,12.11,12.54,11.95,123294,150580000,-0.50,-3.97,4.68,6.20
2014-08-15,12.00,12.24,12.27,11.95,53090,64590000,0.13,1.07,2.64,2.67
2014-08-18,12.29,12.36,12.44,12.12,82024,101030000,0.12,0.98,2.61,4.12
2014-08-19,12.45,12.59,12.84,12.32,96882,121880000,0.23,1.86,4.21,4.87
2014-08-20,12.50,12.36,12.55,12.27,77696,96140000,-0.23,-1.83,2.22,3.90
2014-08-21,12.33,13.27,13.50,12.20,207916,268930000,0.91,7.36,10.52,10.45
2014-08-22,13.10,13.12,13.25,12.80,129464,168620000,-0.15,-1.13,3.39,6.51
2014-08-25,13.11,13.15,13.28,12.90,81335,106610000,0.03,0.23,2.90,4.09
2014-08-26,13.15,12.52,13.26,12.41,89339,114430000,-0.63,-4.79,6.46,4.49
2014-08-27,12.42,12.41,12.62,12.32,57930,72220000,-0.11,-0.88,2.40,2.91
2014-08-28,12.41,12.09,12.53,12.08,52167,63990000,-0.32,-2.58,3.63,2.62
2014-08-29,12.09,12.38,12.38,11.83,42356,51810000,0.29,2.40,4.55,2.13
2014-09-01,12.38,12.50,12.61,12.35,48879,61050000,0.12,0.97,2.10,2.46
2014-09-02,12.56,12.92,12.92,12.51,87608,111380000,0.42,3.36,3.28,4.40
2014-09-03,12.99,13.05,13.25,12.81,119719,156260000,0.13,1.01,3.41,6.02
2014-09-04,13.15,13.35,13.40,13.00,123251,163760000,0.30,2.30,3.07,6.19
2014-09-05,13.53,13.32,13.67,13.06,124521,165660000,-0.03,-0.22,4.57,6.26
2014-09-09,13.38,13.89,14.10,13.10,136352,185300000,0.57,4.28,7.51,6.85
2014-09-10,13.70,13.79,13.95,13.62,77222,106540000,-0.10,-0.72,2.38,3.88
2014-09-11,13.85,13.70,14.08,13.49,133991,184640000,-0.09,-0.65,4.28,6.73
2014-09-12,13.56,13.70,13.73,13.50,53982,73410000,0.00,0.00,1.68,2.71
2014-09-15,13.70,13.71,13.73,13.49,60806,82850000,0.01,0.07,1.75,3.06
2014-09-16,13.72,13.07,13.72,13.07,86206,114690000,-0.64,-4.67,4.74,4.33
2014-09-17,13.05,12.82,13.16,12.53,57128,73590000,-0.25,-1.91,4.82,2.87
2014-09-18,12.79,12.99,13.11,12.70,29912,38780000,0.17,1.33,3.20,1.50
2014-09-19,13.10,13.05,13.10,12.79,29482,38240000,0.06,0.46,2.39,1.48
2014-09-22,13.06,13.10,13.22,12.80,73672,96070000,0.05,0.38,3.22,3.70
2014-09-23,13.15,13.29,13.33,13.08,53195,70300000,0.19,1.45,1.91,2.67
2014-09-24,13.29,13.45,13.50,13.11,65340,86820000,0.16,1.20,2.93,3.28
2014-09-25,13.45,13.13,13.46,13.04,58771,78060000,-0.32,-2.38,3.12,2.95
2014-09-26,13.06,13.10,13.22,13.03,31695,41560000,-0.03,-0.23,1.45,1.59
2014-09-29,13.15,13.37,13.45,13.13,47152,62630000,0.27,2.06,2.44,2.37
2014-09-30,13.45,13.41,13.50,13.25,58488,78160000,0.04,0.30,1.87,2.94
2014-10-08,13.80,13.54,13.99,13.43,90244,122700000,0.13,0.97,4.18,4.54
2014-10-09,13.50,14.20,14.20,13.41,167569,231350000,0.66,4.87,5.83,8.42
2014-10-10,14.15,14.83,15.36,13.96,250532,368930000,0.63,4.44,9.86,12.59
2014-10-13,14.62,15.32,15.36,14.35,214984,321270000,0.49,3.30,6.81,10.81
2014-10-14,15.10,15.01,15.26,14.72,131535,197150000,-0.31,-2.02,3.52,6.61
2014-10-15,14.80,14.09,14.80,14.00,247249,353130000,-0.92,-6.13,5.33,12.43
2014-10-16,13.93,13.72,14.17,13.72,136718,189590000,-0.37,-2.63,3.19,6.87
2014-10-17,13.55,13.13,13.71,13.00,125310,166800000,-0.59,-4.30,5.17,6.30
2014-10-20,13.21,13.40,13.57,13.13,88398,118250000,0.27,2.06,3.35,4.44
2014-10-21,13.49,13.00,13.50,12.90,113359,149010000,-0.40,-2.99,4.48,5.70
2014-10-22,13.03,12.93,13.25,12.86,77615,101250000,-0.07,-0.54,3.00,3.90
2014-10-23,12.73,11.95,12.73,11.73,250724,303100000,-0.98,-7.58,7.73,12.60
2014-10-24,11.95,11.79,12.05,11.72,87546,104030000,-0.16,-1.34,2.76,4.40
2014-10-27,11.81,12.01,12.06,11.70,59377,70800000,0.22,1.87,3.05,2.98
2014-10-28,12.09,12.51,12.64,12.05,115914,143320000,0.50,4.16,4.91,5.83
2014-10-29,12.55,12.55,12.65,12.41,90701,113610000,0.04,0.32,1.92,4.56
2014-10-30,12.56,12.53,12.76,12.47,83372,105090000,-0.02,-0.16,2.31,4.19
2014-10-31,12.51,12.26,12.51,12.05,80594,98630000,-0.27,-2.15,3.67,4.05
2014-11-03,12.30,12.65,12.71,12.25,79805,99850000,0.39,3.18,3.75,4.01
2014-11-04,12.65,12.50,12.81,12.48,65430,82720000,-0.15,-1.19,2.61,3.29
2014-11-05,12.49,12.20,12.49,12.16,71043,87280000,-0.30,-2.40,2.64,3.57
2014-11-06,12.18,12.61,12.69,12.17,62621,77460000,0.41,3.36,4.26,3.15
2014-11-07,12.58,12.27,12.64,12.16,59277,73790000,-0.34,-2.70,3.81,2.98
2014-11-10,12.25,12.33,12.34,12.20,38495,47160000,0.06,0.49,1.14,1.93
2014-11-11,12.37,11.41,12.39,11.32,99286,116790000,-0.92,-7.46,8.68,4.99
2014-11-12,11.42,11.65,11.80,11.35,56365,65220000,0.24,2.10,3.94,2.83
2014-11-13,11.55,11.20,11.64,11.12,62378,70350000,-0.45,-3.86,4.46,3.14
2014-11-14,11.18,11.16,11.29,11.00,45520,50690000,-0.04,-0.36,2.59,2.29
2014-11-17,11.20,11.46,11.55,11.14,45972,52480000,0.30,2.69,3.67,2.31
2014-11-18,11.50,11.60,11.62,11.47,36559,42220000,0.14,1.22,1.31,1.84
2014-11-19,11.60,11.64,11.66,11.39,38376,44270000,0.04,0.34,2.33,1.93
2014-11-20,11.55,11.45,11.55,11.39,25180,28850000,-0.19,-1.63,1.37,1.27
2014-11-21,11.39,11.48,11.59,11.34,32480,37340000,0.03,0.26,2.18,1.63
2014-11-24,11.59,11.56,11.63,11.48,46279,53450000,0.08,0.70,1.31,2.33
2014-11-25,11.59,11.94,12.05,11.48,68931,81550000,0.38,3.29,4.93,3.46
2014-11-26,11.94,12.04,12.16,11.80,67476,81130000,0.10,0.84,3.02,3.39
2014-11-27,12.09,12.25,12.48,11.91,142999,174080000,0.21,1.74,4.73,7.19
2014-11-28,12.25,12.11,12.40,12.02,93751,114310000,-0.14,-1.14,3.10,4.71
2014-12-01,12.13,11.63,12.15,11.60,84078,98780000,-0.48,-3.96,4.54,4.23
2014-12-02,11.53,11.71,11.87,11.53,49078,57550000,0.08,0.69,2.92,2.47
2014-12-03,11.72,11.88,11.93,11.47,86338,100720000,0.17,1.45,3.93,4.34
2014-12-04,11.82,11.93,12.02,11.82,77492,92330000,0.05,0.42,1.68,3.89
2014-12-05,11.89,11.42,11.93,11.21,85468,98550000,-0.51,-4.27,6.04,4.30
2014-12-08,11.45,11.30,11.49,11.25,69534,78730000,-0.12,-1.05,2.10,3.49
2014-12-09,11.20,10.43,11.28,10.40,94413,103630000,-0.87,-7.70,7.79,4.75
2014-12-10,10.44,10.85,10.89,10.43,52134,55880000,0.42,4.03,4.41,2.62
2014-12-11,10.82,11.18,11.19,10.71,51787,56680000,0.33,3.04,4.42,2.60
2014-12-12,11.08,11.39,11.47,11.08,51473,58300000,0.21,1.88,3.49,2.59
2014-12-15,11.39,11.40,11.57,11.31,61240,69990000,0.01,0.09,2.28,3.08
2014-12-16,11.41,11.11,11.42,11.09,59571,66600000,-0.29,-2.54,2.89,2.99
2014-12-17,11.09,10.79,11.09,10.70,52632,56980000,-0.32,-2.88,3.51,2.65
2014-12-18,10.67,10.73,10.97,10.67,31876,34510000,-0.06,-0.56,2.78,1.60
2014-12-19,10.73,10.48,10.80,10.41,42282,44420000,-0.25,-2.33,3.63,2.13
2014-12-22,10.48,9.99,10.49,9.93,62149,62830000,-0.49,-4.68,5.34,3.12
2014-12-23,9.89,9.85,10.30,9.70,45793,45530000,-0.14,-1.40,6.01,2.30
2014-12-24,9.88,10.17,10.23,9.87,30349,30590000,0.32,3.25,3.65,1.53
2014-12-25,10.21,10.17,10.26,10.05,22483,22810000,0.00,0.00,2.06,1.13
2014-12-26,10.11,9.97,10.11,9.87,41487,41310000,-0.20,-1.97,2.36,2.09
2014-12-29,9.92,9.39,9.95,9.31,72170,68800000,-0.58,-5.82,6.42,3.63
2014-12-30,9.31,8.95,9.39,8.91,72689,65840000,-0.44,-4.69,5.11,3.65
2014-12-31,8.95,9.12,9.15,8.91,44523,40230000,0.17,1.90,2.68,2.24
2015-01-05,9.11,9.13,9.18,8.93,50604,45810000,0.01,0.11,2.74,2.54
2015-01-06,9.10,9.77,9.87,9.03,96645,91860000,0.64,7.01,9.20,4.86
2015-01-07,9.73,9.59,9.80,9.45,53170,51110000,-0.18,-1.84,3.58,2.67
2015-01-08,9.57,9.69,9.83,9.52,47352,46010000,0.10,1.04,3.23,2.38
2015-01-09,9.66,9.47,9.84,9.46,60652,58560000,-0.22,-2.27,3.92,3.05
2015-01-12,9.40,9.31,9.40,9.08,41691,38560000,-0.16,-1.69,3.38,2.10
2015-01-13,9.29,10.24,10.24,9.20,122623,122030000,0.93,9.99,11.17,6.16
2015-01-14,10.42,10.69,10.85,10.18,230997,243090000,0.45,4.39,6.54,11.61
2015-01-15,10.51,10.33,10.65,10.30,104955,109670000,-0.36,-3.37,3.27,5.28
2015-01-16,10.30,10.63,10.74,10.30,91832,97310000,0.30,2.90,4.26,4.62
2015-01-19,10.40,10.32,11.01,10.29,121605,130010000,-0.31,-2.92,6.77,6.11
2015-01-20,10.42,10.83,10.97,10.38,104150,111420000,0.51,4.94,5.72,5.23
2015-01-21,10.80,11.13,11.14,10.70,119005,130670000,0.30,2.77,4.06,5.98
2015-01-22,11.16,11.14,11.27,10.96,85468,94780000,0.01,0.09,2.79,4.30
2015-01-23,11.05,10.71,11.12,10.60,94566,102590000,-0.43,-3.86,4.67,4.75
2015-01-26,10.70,10.88,10.96,10.64,48233,52160000,0.17,1.59,2.99,2.42
2015-01-27,10.86,10.78,11.02,10.63,72260,78240000,-0.10,-0.92,3.58,3.63
2015-01-28,10.76,11.13,11.28,10.68,119676,132180000,0.35,3.25,5.57,6.01
2015-01-29,11.00,10.93,11.10,10.85,46711,51190000,-0.20,-1.80,2.25,2.35
2015-01-30,10.93,10.75,11.05,10.66,47429,51240000,-0.18,-1.65,3.57,2.38
2015-02-02,10.60,10.68,10.82,10.51,32814,35090000,-0.07,-0.65,2.88,1.65
2015-02-03,10.68,11.01,11.04,10.62,65806,71970000,0.33,3.09,3.93,3.31
2015-02-04,11.01,11.40,11.47,10.96,141012,158560000,0.39,3.54,4.63,7.09
2015-02-05,11.29,11.50,11.73,11.20,136013,156610000,0.10,0.88,4.65,6.84
2015-02-06,11.43,11.14,11.63,11.00,78964,88820000,-0.36,-3.13,5.48,3.97
2015-02-09,11.10,10.93,11.20,10.88,45947,50660000,-0.21,-1.89,2.87,2.31
2015-02-10,10.85,11.36,11.40,10.84,47350,52820000,0.43,3.93,5.12,2.38
2015-02-11,11.36,11.32,11.65,11.25,69417,79450000,-0.04,-0.35,3.52,3.49
2015-02-12,11.36,11.36,11.56,11.30,45351,51780000,0.04,0.35,2.30,2.28
2015-02-13,11.37,11.64,11.65,11.37,75043,86930000,0.28,2.46,2.46,3.77
2015-02-16,11.75,12.08,12.10,11.67,104940,125340000,0.44,3.78,3.69,5.27
2015-02-17,12.17,11.98,12.28,11.91,64812,77830000,-0.10,-0.83,3.06,3.26
2015-02-25,12.05,12.09,12.17,11.85,68078,81650000,0.11,0.92,2.67,3.42
2015-02-26,11.99,12.02,12.09,11.73,72720,86700000,-0.07,-0.58,2.98,3.65
2015-02-27,11.93,12.18,12.30,11.80,101307,122000000,0.16,1.33,4.16,5.09
2015-03-02,12.29,12.69,12.77,12.16,137642,172420000,0.51,4.19,5.01,6.92
2015-03-03,12.60,12.40,12.91,12.36,122200,154150000,-0.29,-2.29,4.33,6.14
2015-03-04,12.42,12.81,12.86,12.40,91820,116060000,0.41,3.31,3.71,4.61
2015-03-05,12.77,12.99,13.09,12.73,90233,116350000,0.18,1.41,2.81,4.54
2015-03-06,13.02,13.00,13.28,12.80,102634,133950000,0.01,0.08,3.70,5.16
2015-03-09,12.87,12.86,13.04,12.50,66146,84460000,-0.14,-1.08,4.15,3.32
2015-03-10,12.81,12.93,13.08,12.74,62821,81140000,0.07,0.54,2.64,3.16
2015-03-11,13.07,12.53,13.07,12.44,81385,103230000,-0.40,-3.09,4.87,4.09
2015-03-12,12.53,12.29,12.84,12.17,75568,93980000,-0.24,-1.92,5.35,3.80
2015-03-13,12.31,12.64,12.69,12.30,50658,63490000,0.35,2.85,3.17,2.55
2015-03-16,12.81,13.11,13.86,12.65,153070,201810000,0.47,3.72,9.57,7.69
2015-03-17,13.00,13.12,13.18,12.91,142488,185900000,0.01,0.08,2.06,7.16
2015-03-18,13.31,13.57,13.64,13.20,178935,240720000,0.45,3.43,3.35,8.99
2015-03-19,13.70,13.46,13.70,13.25,127539,171670000,-0.11,-0.81,3.32,6.41
2015-03-20,13.43,13.70,13.82,13.42,129917,177150000,0.24,1.78,2.97,6.53
2015-03-23,13.71,14.12,14.13,13.60,150471,209990000,0.42,3.07,3.87,7.56
2015-03-24,14.14,13.73,14.18,13.18,188902,259370000,-0.39,-2.76,7.08,9.49
2015-03-25,13.70,14.23,14.43,13.42,183350,256130000,0.50,3.64,7.36,9.22
2015-03-26,14.03,13.79,14.39,13.63,150743,210810000,-0.44,-3.09,5.34,7.58
2015-03-27,13.60,13.85,13.95,13.59,78417,108190000,0.06,0.44,2.61,3.94
2015-03-30,13.55,13.72,13.80,13.50,117383,159870000,-0.13,-0.94,2.17,5.90
2015-03-31,13.68,14.14,14.41,13.52,184997,259100000,0.42,3.06,6.49,9.30
2015-04-01,14.09,14.30,14.37,13.97,175953,250090000,0.16,1.13,2.83,8.84
2015-04-02,14.39,14.93,14.98,14.22,218573,319680000,0.63,4.41,5.31,10.99
2015-04-03,14.78,14.88,15.12,14.65,160543,238290000,-0.05,-0.33,3.15,8.07
2015-04-07,14.88,15.87,16.19,14.80,218656,338090000,0.99,6.65,9.34,10.99
2015-04-08,15.88,15.37,15.95,14.88,180163,277580000,-0.50,-3.15,6.74,9.05
2015-04-09,15.33,14.88,15.34,14.37,143815,212600000,-0.49,-3.19,6.31,7.23
2015-04-10,14.73,15.31,15.37,14.73,132689,200650000,0.43,2.89,4.30,6.67
2015-04-13,15.30,15.48,15.68,15.16,120736,186660000,0.17,1.11,3.40,6.07
2015-04-14,15.47,15.85,16.51,15.22,172302,271900000,0.37,2.39,8.33,8.66
2015-04-15,15.75,14.69,15.79,14.50,127162,192890000,-1.16,-7.32,8.14,6.39
2015-04-16,14.43,14.49,14.98,14.07,91629,133200000,-0.20,-1.36,6.19,4.61
2015-04-17,14.60,14.60,14.97,14.50,81475,119850000,0.11,0.76,3.24,4.09
2015-04-20,14.37,14.06,14.78,14.00,125226,178950000,-0.54,-3.70,5.34,6.29
2015-04-21,14.07,14.63,14.64,14.07,82731,119430000,0.57,4.05,4.05,4.16
2015-04-22,14.68,14.93,15.01,14.63,109667,163070000,0.30,2.05,2.60,5.51
2015-04-23,14.85,15.15,15.53,14.65,154583,233800000,0.22,1.47,5.89,7.77
2015-04-24,15.13,14.85,15.13,14.43,94579,139820000,-0.30,-1.98,4.62,4.75
2015-04-27,14.80,14.67,15.29,14.55,74128,109610000,-0.18,-1.21,4.98,3.73
2015-04-28,14.61,14.07,14.83,14.00,57421,82210000,-0.60,-4.09,5.66,2.89
2015-08-27,8.44,8.44,8.44,8.44,11561,9760000,-0.94,-10.02,0.00,0.17
2015-08-28,7.60,8.90,9.18,7.60,347662,278690000,0.46,5.45,18.72,5.15
2015-08-31,8.16,8.01,8.31,8.01,271313,219190000,-0.89,-10.00,3.37,4.02
2015-09-01,7.55,7.21,7.55,7.21,117759,85340000,-0.80,-9.99,4.24,1.74
2015-09-02,6.49,6.49,7.07,6.49,193810,127320000,-0.72,-9.99,8.04,2.87
2015-09-07,6.55,6.37,6.79,6.31,132318,86810000,-0.12,-1.85,7.40,1.96
2015-09-08,6.41,6.50,6.59,5.95,125528,78820000,0.13,2.04,10.05,1.86
2015-09-09,6.46,6.79,6.88,6.41,186170,124670000,0.29,4.46,7.23,2.76
2015-09-10,6.75,6.39,6.76,6.38,121791,80370000,-0.40,-5.89,5.60,1.80
2015-09-11,6.39,6.53,6.61,6.38,74430,48430000,0.14,2.19,3.60,1.10
2015-09-14,6.66,5.88,6.78,5.88,106727,66720000,-0.65,-9.95,13.78,1.58
2015-09-15,5.70,5.29,5.88,5.29,99194,54820000,-0.59,-10.03,10.03,1.47
2015-09-16,5.34,5.75,5.81,5.20,141320,77230000,0.46,8.70,11.53,2.09
2015-09-17,5.67,5.51,5.85,5.45,129524,73620000,-0.24,-4.17,6.96,1.92
2015-09-18,5.58,5.43,5.63,5.37,72886,39840000,-0.08,-1.45,4.72,1.08
2015-09-21,5.40,5.71,5.76,5.00,116574,65090000,0.28,5.16,14.00,1.73
2015-09-22,5.70,5.86,5.90,5.67,122695,71030000,0.15,2.63,4.03,1.82
2015-09-23,5.66,5.94,6.15,5.63,131929,78410000,0.08,1.37,8.87,1.95
2015-09-24,6.00,6.02,6.09,5.91,104857,62870000,0.08,1.35,3.03,1.55
2015-09-25,5.96,5.78,6.03,5.67,83855,48990000,-0.24,-3.99,5.98,1.24
2015-09-28,5.79,5.99,6.05,5.70,66860,39580000,0.21,3.63,6.06,0.99
2015-09-29,5.90,5.88,6.02,5.76,52834,31090000,-0.11,-1.84,4.34,0.78
2015-09-30,5.87,5.81,5.96,5.79,52325,30590000,-0.07,-1.19,2.89,0.78
2015-10-08,6.02,6.02,6.11,5.93,86572,52220000,0.21,3.61,3.10,1.28
2015-10-09,6.03,6.15,6.18,5.99,87475,53490000,0.13,2.16,3.16,1.30
2015-10-12,6.23,6.46,6.52,6.15,121410,77350000,0.31,5.04,6.02,1.80
2015-10-13,6.52,6.60,6.63,6.37,114928,75250000,0.14,2.17,4.02,1.70
2015-10-14,6.59,6.61,6.75,6.50,146730,97530000,0.01,0.15,3.79,2.17
2015-10-15,6.54,6.76,6.78,6.45,146476,97180000,0.15,2.27,4.99,2.17
2015-10-16,6.79,6.75,6.83,6.59,130217,87300000,-0.01,-0.15,3.55,1.93
2015-10-19,6.75,6.60,6.75,6.49,119124,78990000,-0.15,-2.22,3.85,1.76
2015-10-20,6.60,6.80,6.85,6.56,118061,79440000,0.20,3.03,4.39,1.75
2015-10-21,6.77,6.19,6.78,6.19,149768,97530000,-0.61,-8.97,8.68,2.22
2015-10-22,6.28,6.45,6.47,6.24,85271,54380000,0.26,4.20,3.72,1.26
2015-10-23,6.48,6.73,6.78,6.45,114933,76070000,0.28,4.34,5.12,1.70
2015-10-26,6.88,6.79,6.88,6.71,100331,68060000,0.06,0.89,2.53,1.49
2015-10-27,6.68,6.65,6.73,6.40,125600,82510000,-0.14,-2.06,4.86,1.86
2015-10-28,6.67,6.53,6.75,6.53,118781,79000000,-0.12,-1.80,3.31,1.76
2015-10-29,6.67,6.59,6.68,6.46,93598,61500000,0.06,0.92,3.37,1.39
2015-10-30,6.55,6.62,6.75,6.48,107049,70960000,0.03,0.46,4.10,1.59
2015-11-02,6.51,6.63,6.76,6.45,115908,77040000,0.01,0.15,4.68,1.72
2015-11-03,6.67,6.70,6.73,6.58,82652,55200000,0.07,1.06,2.26,1.22
2015-11-04,6.74,7.17,7.30,6.73,203970,144230000,0.47,7.01,8.51,3.02
2015-11-05,7.09,7.11,7.18,6.93,168776,119420000,-0.06,-0.84,3.49,2.50
2015-11-06,7.09,7.26,7.30,7.04,146912,106230000,0.15,2.11,3.66,2.18
2015-11-09,7.17,7.24,7.33,7.08,126522,91190000,-0.02,-0.28,3.44,1.87
2015-11-10,7.18,7.29,7.46,7.15,120412,87890000,0.05,0.69,4.28,1.78
2015-11-11,7.29,7.53,7.54,7.27,165802,123000000,0.24,3.29,3.70,2.46
2015-11-12,7.52,7.46,7.59,7.29,131712,98060000,-0.07,-0.93,3.98,1.95
2015-11-13,7.35,7.33,7.49,7.19,113000,82960000,-0.13,-1.74,4.02,1.67
2015-11-16,7.90,8.06,8.06,7.59,117957,94140000,0.73,9.96,6.41,1.75
2015-11-17,8.87,8.60,8.87,8.44,727221,639590000,0.54,6.70,5.34,10.77
2015-11-18,8.25,8.09,8.47,8.06,327891,271270000,-0.51,-5.93,4.77,4.86
2015-11-19,8.02,8.63,8.86,8.02,359881,306940000,0.54,6.67,10.38,5.33
2015-11-20,8.38,9.49,9.49,8.38,548080,501000000,0.86,9.97,12.86,8.12
2015-11-23,9.60,9.14,9.65,9.03,431303,401450000,-0.35,-3.69,6.53,6.39
2015-11-24,9.01,9.18,9.26,8.91,178342,162330000,0.04,0.44,3.83,2.64
2015-11-25,9.23,9.52,9.62,9.13,217809,204630000,0.34,3.70,5.34,3.23
2015-11-26,9.50,9.20,9.53,9.18,190534,177600000,-0.32,-3.36,3.68,2.82
2015-11-27,9.10,8.58,9.39,8.38,198539,178010000,-0.62,-6.74,10.98,2.94
2015-11-30,8.50,8.61,8.75,8.02,142688,121500000,0.03,0.35,8.51,2.11
2015-12-01,8.61,8.66,8.78,8.43,112064,96670000,0.05,0.58,4.07,1.66
2015-12-02,8.66,8.32,8.69,7.98,120244,99410000,-0.34,-3.93,8.20,1.78
2015-12-03,8.32,8.48,8.53,8.30,102234,86150000,0.16,1.92,2.76,1.51
2015-12-04,8.47,8.95,9.23,8.41,249842,223020000,0.47,5.54,9.67,3.70
2015-12-07,8.86,8.99,9.15,8.86,114277,102870000,0.04,0.45,3.24,1.69
2015-12-08,8.96,8.83,8.98,8.58,134721,117750000,-0.16,-1.78,4.45,2.00
2015-12-09,8.79,8.67,8.82,8.59,59286,51550000,-0.16,-1.81,2.60,0.88
2015-12-10,8.65,8.57,8.78,8.53,59587,51570000,-0.10,-1.15,2.88,0.88
2015-12-11,8.55,8.33,8.65,8.18,67823,56850000,-0.24,-2.80,5.48,1.00
2015-12-14,8.31,8.65,8.67,8.25,67184,57150000,0.32,3.84,5.04,1.00
2015-12-15,8.65,8.74,8.95,8.60,82038,72170000,0.09,1.04,4.05,1.22
2015-12-16,8.81,8.90,8.99,8.75,84056,74740000,0.16,1.83,2.75,1.25
2015-12-17,8.95,9.79,9.79,8.90,365453,351660000,0.89,10.00,10.00,5.41
2015-12-18,9.97,10.24,10.39,9.63,436547,436680000,0.45,4.60,7.76,6.47
2015-12-21,10.01,10.31,10.80,9.83,268550,274970000,0.07,0.68,9.47,3.98
2015-12-22,10.31,10.36,10.55,9.98,212318,218320000,0.05,0.49,5.53,3.15
2015-12-23,10.26,9.90,10.50,9.90,164237,167070000,-0.46,-4.44,5.79,2.43
2015-12-24,9.80,10.24,10.34,9.59,154286,153210000,0.34,3.43,7.58,2.29
2015-12-25,10.40,10.61,10.86,10.21,169938,179530000,0.37,3.61,6.35,2.52
2015-12-28,10.63,10.18,10.99,10.14,163950,173670000,-0.43,-4.05,8.01,2.43
2016-01-04,10.20,9.63,10.91,9.45,189688,196560000,-0.55,-5.40,14.34,2.81
2016-01-05,8.80,10.06,10.11,8.80,225521,219850000,0.43,4.47,13.60,3.34
2016-01-06,10.11,10.30,10.40,9.75,185842,188120000,0.24,2.39,6.46,2.75
2016-01-07,10.00,9.27,10.01,9.27,40287,38660000,-1.03,-10.00,7.18,0.60
2016-01-08,9.51,9.00,9.76,8.35,188940,173310000,-0.27,-2.91,15.21,2.80
2016-01-11,8.68,8.10,8.69,8.10,134870,111960000,-0.90,-10.00,6.56,2.00
2016-01-12,8.00,7.72,8.15,7.29,212405,162740000,-0.38,-4.69,10.62,3.15
2016-01-13,7.78,7.10,7.92,7.03,113016,85500000,-0.62,-8.03,11.53,1.67
2016-01-14,6.81,7.33,7.41,6.52,134224,93430000,0.23,3.24,12.54,1.99
2016-01-15,7.20,6.66,7.26,6.60,181519,124930000,-0.67,-9.14,9.00,2.69
2016-01-18,6.40,7.12,7.30,6.31,172312,118600000,0.46,6.91,14.86,2.55
2016-01-19,6.91,7.54,7.64,6.91,154036,112190000,0.42,5.90,10.25,2.28
2016-01-20,7.46,7.80,8.08,7.35,169212,132420000,0.26,3.45,9.68,2.51
2016-01-29,7.02,7.80,7.99,7.02,462567,332300000,0.00,0.00,12.44,6.85
2016-02-01,7.20,7.61,7.75,7.02,293061,215180000,-0.19,-2.44,9.36,4.34
2016-02-02,7.36,7.40,7.74,7.36,190009,142960000,-0.21,-2.76,4.99,2.81
2016-02-03,7.08,7.07,7.23,6.90,128031,90390000,-0.33,-4.46,4.46,1.90
2016-02-04,7.16,7.12,7.50,7.10,125009,90620000,0.05,0.71,5.66,1.85
2016-02-05,7.16,7.10,7.23,7.10,60924,43570000,-0.02,-0.28,1.83,0.90
2016-02-15,6.80,7.20,7.26,6.68,84720,59470000,0.10,1.41,8.17,1.26
2016-02-16,7.18,7.62,7.79,7.18,172335,130090000,0.42,5.83,8.47,2.55
2016-02-17,7.59,7.52,7.66,7.36,107170,80260000,-0.10,-1.31,3.94,1.59
2016-02-18,7.55,7.65,7.81,7.47,194929,149070000,0.13,1.73,4.52,2.89
2016-02-19,7.58,7.55,7.66,7.38,113428,85300000,-0.10,-1.31,3.66,1.68
2016-02-22,7.64,7.62,7.67,7.50,103164,78220000,0.07,0.93,2.25,1.53
2016-02-23,7.63,7.56,7.77,7.42,97175,74060000,-0.06,-0.79,4.59,1.44
2016-02-24,7.51,7.45,7.66,7.22,108789,81000000,-0.11,-1.46,5.82,1.61
2016-02-25,7.43,6.71,7.44,6.71,146372,102400000,-0.74,-9.93,9.80,2.17
2016-02-26,6.90,6.75,6.99,6.32,124760,82820000,0.04,0.60,9.99,1.85
2016-02-29,6.64,6.08,6.65,6.08,109083,67520000,-0.67,-9.93,8.44,1.62
2016-03-01,6.15,6.13,6.19,5.85,88146,53430000,0.05,0.82,5.59,1.31
2016-03-02,6.11,6.37,6.40,6.06,100383,62740000,0.24,3.92,5.55,1.49
2016-03-03,6.34,6.30,6.49,6.29,95805,61060000,-0.07,-1.10,3.14,1.42
2016-03-04,6.28,5.80,6.30,5.70,118816,71020000,-0.50,-7.94,9.52,1.76
2016-03-07,5.86,5.93,6.07,5.83,80784,48140000,0.13,2.24,4.14,1.20
2016-03-08,5.92,5.95,5.96,5.58,102857,59270000,0.02,0.34,6.41,1.52
2016-03-09,5.75,5.78,5.94,5.73,70391,41020000,-0.17,-2.86,3.53,1.04
2016-03-10,5.86,5.69,5.96,5.68,77974,45390000,-0.09,-1.56,4.84,1.16
2016-03-11,5.60,5.63,5.71,5.51,78623,44030000,-0.06,-1.05,3.51,1.16
2016-03-14,5.72,5.87,5.93,5.67,98788,57680000,0.24,4.26,4.62,1.46
2016-03-15,5.83,6.04,6.19,5.78,130651,77950000,0.17,2.90,6.98,1.94
2016-03-16,6.12,5.96,6.25,5.91,88133,53420000,-0.08,-1.32,5.63,1.31
2016-03-17,5.96,6.15,6.18,5.96,109612,66880000,0.19,3.19,3.69,1.62
2016-03-18,6.15,6.35,6.45,6.12,141848,89390000,0.20,3.25,5.37,2.10
2016-03-21,6.54,6.99,6.99,6.35,339148,229120000,0.64,10.08,10.08,5.02
2016-03-22,7.09,6.99,7.25,6.91,263968,186710000,0.00,0.00,4.86,3.91
2016-03-23,6.91,7.04,7.24,6.82,163375,115020000,0.05,0.72,6.01,2.42
2016-03-24,7.02,6.95,7.20,6.87,147643,103760000,-0.09,-1.28,4.69,2.19
2016-03-25,7.10,7.23,7.33,6.95,218597,157410000,0.28,4.03,5.47,3.24
2016-03-28,7.29,7.25,7.46,7.12,179273,130810000,0.02,0.28,4.70,2.66
2016-03-29,7.25,6.80,7.25,6.76,100882,70090000,-0.45,-6.21,6.76,1.49
2016-03-30,6.83,7.14,7.26,6.83,95822,67490000,0.34,5.00,6.32,1.42
2016-03-31,7.17,7.19,7.33,7.00,130573,93230000,0.05,0.70,4.62,1.93
2016-04-01,7.18,7.10,7.18,7.00,72714,51490000,-0.09,-1.25,2.50,1.08
2016-04-05,7.15,7.39,7.48,7.15,181893,133860000,0.29,4.08,4.65,2.69
2016-04-06,7.38,8.00,8.12,7.33,401057,312520000,0.61,8.25,10.69,5.94
2016-04-07,7.95,8.33,8.68,7.92,402335,335550000,0.33,4.13,9.50,5.96
2016-04-08,8.47,8.40,8.55,7.93,238278,197060000,0.07,0.84,7.44,3.53
2016-04-11,8.65,8.68,8.94,8.27,259428,222410000,0.28,3.33,7.98,3.84
2016-04-12,8.51,8.91,9.01,8.51,280254,246180000,0.23,2.65,5.76,4.15
2016-04-13,8.90,8.82,9.04,8.80,166911,148580000,-0.09,-1.01,2.69,2.47
2016-04-14,8.82,8.97,9.10,8.46,188614,165920000,0.15,1.70,7.26,2.79
2016-04-15,8.91,8.99,9.03,8.81,81935,73120000,0.02,0.22,2.45,1.21
2017-01-09,8.65,8.97,9.78,8.09,342896,311090000,-0.02,-0.22,18.80,5.08
2017-01-10,8.92,9.87,9.87,8.43,264651,250620000,0.90,10.03,16.05,3.92
2017-01-11,10.04,9.25,10.48,9.17,362190,353960000,-0.62,-6.28,13.27,5.37
2017-01-12,9.24,8.76,9.72,8.52,269030,244360000,-0.49,-5.30,12.97,3.99
2017-01-13,8.86,7.92,8.89,7.89,233903,194190000,-0.84,-9.59,11.42,3.47
2017-01-16,8.02,8.25,8.44,7.60,267698,217540000,0.33,4.17,10.61,3.97
2017-01-17,8.20,9.08,9.08,8.08,225163,197450000,0.83,10.06,12.12,3.34
2017-01-18,9.55,9.40,9.80,8.87,519333,484210000,0.32,3.52,10.24,7.69
2017-01-19,9.43,9.30,9.90,9.22,440282,420720000,-0.10,-1.06,7.23,6.52
2017-01-20,9.19,9.22,9.43,9.01,276263,255230000,-0.08,-0.86,4.52,4.09
2017-01-23,9.20,9.25,9.55,9.08,191755,178690000,0.03,0.33,5.10,2.84
2017-01-24,9.18,8.77,9.21,8.51,241396,212550000,-0.48,-5.19,7.57,3.58
2017-01-25,8.70,8.72,8.90,8.60,129036,113040000,-0.05,-0.57,3.42,1.91
2017-01-26,8.75,8.95,8.95,8.65,166196,145820000,0.23,2.64,3.44,2.46
2017-02-03,8.98,9.23,9.47,8.91,155174,142710000,0.28,3.13,6.26,2.30
2017-02-06,9.20,9.26,9.54,9.00,132205,122050000,0.03,0.33,5.85,1.96
2017-02-07,9.20,10.19,10.19,9.11,255117,253882500,0.93,10.04,11.663,3.78
2017-02-08,10.29,10.14,10.33,9.89,295444,298315200,-0.05,-0.49,4.318,4.38
2017-02-09,10.04,10.10,10.23,9.99,185509,186999400,-0.04,-0.39,2.367,2.75
2017-02-10,10.01,10.01,10.62,10.00,281850,290470400,-0.09,-0.89,6.139,4.18
2017-02-13,9.83,10.04,10.05,9.74,136117,134677000,0.03,0.30,3.097,2.02
2017-02-14,10.00,9.96,10.09,9.86,88394,87881100,-0.08,-0.80,2.291,1.31
2017-02-15,9.98,10.30,10.90,9.98,301066,312393300,0.34,3.41,9.237,4.46
2017-02-16,10.35,10.90,11.29,10.22,289810,312844400,0.60,5.83,10.388,4.29
2017-02-17,10.90,10.76,11.08,10.62,191235,206155300,-0.14,-1.28,4.22,2.83
2017-02-20,10.59,11.84,11.84,10.59,277062,320412800,1.08,10.04,11.617,4.10
2017-02-21,12.33,12.24,12.57,11.61,449000,540964300,0.40,3.38,8.11,6.65
2017-02-22,12.10,11.85,12.10,11.75,242566,288427100,-0.39,-3.19,2.86,3.59
2017-02-23,11.80,11.91,12.05,11.49,236948,279069600,0.06,0.51,4.73,3.51
2017-02-24,11.79,11.80,12.38,11.76,183945,221983600,-0.11,-0.92,5.21,2.73
2017-02-27,11.88,11.66,11.99,11.42,171233,200537000,-0.14,-1.19,4.83,2.54
2017-02-28,11.63,12.08,12.12,11.53,186196,221379800,0.42,3.60,5.06,2.76
2017-03-01,12.10,12.00,12.28,11.80,153232,183837700,-0.08,-0.66,3.97,2.27
2017-03-02,11.94,12.00,12.10,11.74,123408,147420100,0.00,0.00,3.00,1.83
2017-03-03,11.99,11.99,12.28,11.76,151380,181608400,-0.01,-0.08,4.33,2.24
2017-03-06,12.06,11.98,12.19,11.85,126706,152160600,-0.01,-0.08,2.84,1.88
2017-03-07,11.99,11.46,12.17,11.43,225341,263510100,-0.52,-4.34,6.18,3.34
2017-03-08,11.38,11.38,11.61,11.28,123039,141306600,-0.08,-0.70,2.88,1.82
2017-03-09,11.44,11.01,11.49,11.00,154653,172600700,-0.37,-3.25,4.31,2.29
2017-03-10,11.13,11.70,11.95,11.08,278815,323617200,0.69,6.27,7.90,4.13
2017-03-13,11.78,11.92,12.15,11.73,201277,240941500,0.22,1.88,3.59,2.98
2017-03-14,11.98,11.93,12.07,11.85,111380,132839700,0.01,0.08,1.85,1.65
2017-03-15,11.93,12.50,12.74,11.76,272832,335854600,0.57,4.78,8.21,4.04
2017-03-16,12.44,12.57,12.96,12.40,164124,208152632,0.07,0.56,4.48,2.43
2017-03-17,12.63,13.07,13.65,12.48,235844,311065614,0.50,3.98,9.31,3.49
2017-03-20,13.08,12.52,13.38,12.21,302859,383266160,-0.55,-4.21,8.95,4.49
2017-03-21,12.56,12.55,12.69,12.30,123859,155132185,0.03,0.24,3.12,1.84
2017-03-22,12.41,12.48,12.55,12.13,119998,148596986,-0.07,-0.56,3.35,1.78
2017-03-23,12.42,12.97,13.19,12.42,198541,255415861,0.49,3.93,6.17,2.94
2017-03-24,12.88,12.88,13.17,12.75,131258,169973333,-0.09,-0.69,3.24,1.95
2017-03-27,12.65,12.56,12.83,12.26,155970,195643385,-0.32,-2.48,4.43,2.31
2017-03-28,12.55,12.72,12.84,12.33,93597,117797756,0.16,1.27,4.06,1.39
2017-03-29,12.68,12.28,12.83,12.28,108021,135099203,-0.44,-3.46,4.32,1.60
2017-03-30,12.20,11.72,12.31,11.50,151081,180349761,-0.56,-4.56,6.60,2.24
2017-03-31,11.78,12.18,12.22,11.53,110150,132171305,0.46,3.92,5.89,1.63
2017-04-05,12.15,12.80,12.84,12.06,114811,145279024,0.62,5.09,6.40,1.70
2017-04-06,12.78,12.68,12.99,12.56,94843,120488170,-0.12,-0.94,3.36,1.41
2017-04-07,12.69,12.43,12.74,12.36,100392,125429615,-0.25,-1.97,3.00,1.49
2017-04-10,12.45,12.01,12.54,12.00,98057,119162663,-0.42,-3.38,4.34,1.45
2017-04-11,11.98,12.18,12.28,11.77,95604,115175942,0.17,1.42,4.25,1.42
2017-04-12,12.09,11.92,12.17,11.85,56994,68125840,-0.26,-2.13,2.63,0.84
2017-04-13,12.00,12.16,12.35,11.98,78924,96252450,0.24,2.01,3.10,1.17
2017-04-14,12.27,11.83,12.27,11.58,82899,97951298,-0.33,-2.71,5.67,1.23
2017-04-17,11.71,11.94,11.95,11.21,95975,110290817,0.11,0.93,6.26,1.42
2017-04-18,11.85,11.89,11.96,11.51,66847,78978204,-0.05,-0.42,3.77,0.99
2017-04-19,11.61,11.95,12.09,11.59,69943,82675805,0.06,0.50,4.21,1.04
2017-04-20,11.94,12.12,12.44,11.90,99301,121213900,0.17,1.42,4.52,1.47
2017-04-21,12.10,12.17,12.31,11.99,74697,90847148,0.05,0.41,2.64,1.11
2017-04-24,12.17,11.75,12.18,11.52,67392,79983354,-0.42,-3.45,5.42,1.00
2017-04-25,11.80,11.76,12.08,11.74,77646,92309108,0.01,0.09,2.89,1.15
2017-04-26,11.79,11.82,12.05,11.68,47135,55969755,0.06,0.51,3.15,0.70
2017-04-27,11.83,12.81,13.00,11.70,194066,241459019,0.99,8.38,11.00,2.88
2017-04-28,12.76,12.79,13.06,12.63,126938,162949115,-0.02,-0.16,3.36,1.88
2017-05-02,12.80,12.90,13.05,12.66,103337,133184313,0.11,0.86,3.05,1.53
2017-05-03,12.95,13.18,13.55,12.83,182642,241708210,0.28,2.17,5.58,2.71
2017-05-04,13.05,13.06,13.35,12.93,93852,123124812,-0.12,-0.91,3.19,1.39
2017-05-05,12.99,12.86,13.28,12.76,95122,124099402,-0.20,-1.53,3.98,1.41
2017-05-08,12.80,11.57,13.05,11.57,140278,172568119,-1.29,-10.03,11.51,2.08
2017-05-09,11.98,12.73,12.73,11.86,230452,287103210,1.16,10.03,7.52,3.41
2017-05-10,13.00,13.20,13.77,12.90,226141,301693051,0.47,3.69,6.83,3.35
2017-05-11,13.38,13.01,13.38,12.00,185686,238283939,-0.19,-1.44,10.45,2.75
2017-05-12,13.07,13.00,13.37,12.45,146258,188582882,-0.01,-0.08,7.07,2.17
2017-05-15,12.87,13.05,13.17,12.71,124616,161916844,0.05,0.38,3.54,1.85
2017-05-16,13.12,13.20,13.25,12.73,123275,160529064,0.15,1.15,3.98,1.83
2017-05-17,13.00,13.91,14.36,12.88,251025,347109534,0.76,5.78,11.25,3.72
2017-05-18,13.71,13.71,14.08,13.61,129760,179320503,-0.20,-1.44,3.38,1.92
2017-05-19,13.73,13.83,14.00,13.59,107312,148440497,0.12,0.88,2.99,1.59
2017-05-22,13.84,13.65,14.35,13.30,145612,201563680,-0.18,-1.30,7.59,2.16
2017-05-23,13.56,13.33,13.75,13.16,106667,143261487,-0.32,-2.34,4.32,1.58
2017-05-24,13.26,13.40,13.44,12.74,106812,140129275,0.07,0.53,5.25,1.58
2017-05-25,13.39,13.27,13.45,12.94,84296,111419538,-0.13,-0.97,3.81,1.25
2017-05-26,13.12,13.00,13.36,12.52,142137,183111106,-0.27,-2.03,6.33,2.11
2017-05-31,12.94,13.04,13.10,12.77,72405,93437334,0.04,0.31,2.54,1.07
2017-06-01,12.91,12.90,13.00,12.62,78724,100799775,-0.14,-1.07,2.91,1.17
2017-06-02,12.86,12.84,12.95,12.56,55324,70668978,-0.06,-0.47,3.02,0.82
2017-06-05,13.00,13.09,13.30,12.80,87278,114326615,0.25,1.95,3.89,1.29
2017-06-06,13.30,13.20,13.45,13.06,110135,145717804,0.11,0.84,2.98,1.63
2017-06-07,13.25,13.69,13.83,13.11,137096,184492797,0.49,3.71,5.45,2.03
2017-06-08,13.68,13.84,13.95,13.59,127417,175895218,0.15,1.10,2.63,1.89
2017-06-09,13.48,13.17,13.52,12.82,178236,234933747,-0.67,-4.84,5.06,2.64
