日期,开盘,收盘,最高,最低,交易量(手),交易金额(元),涨跌额,涨跌幅(%),振幅(%),换手率(%)
2012-03-15,22.20,24.98,24.98,22.18,120635,286410000,8.98,56.13,17.50,60.32
2012-03-16,23.20,23.00,23.97,22.48,109053,249210000,-1.98,-7.93,5.96,54.53
2012-03-19,22.18,22.31,22.98,22.00,64045,143770000,-0.69,-3.00,4.26,32.02
2012-03-20,22.21,20.28,22.30,20.20,69159,145110000,-2.03,-9.10,9.41,34.58
2012-03-21,20.00,19.05,20.01,18.52,49453,94720000,-1.23,-6.07,7.35,24.73
2012-03-22,18.89,18.94,19.32,18.80,28441,54150000,-0.11,-0.58,2.73,14.22
2012-03-23,18.89,19.33,19.48,18.70,34709,66460000,0.39,2.06,4.12,17.35
2012-03-26,19.34,18.76,19.35,18.61,25107,47470000,-0.57,-2.95,3.83,12.55
2012-03-27,18.91,18.54,18.95,18.50,20396,38130000,-0.22,-1.17,2.40,10.20
2012-03-28,18.29,16.69,18.29,16.69,33141,57010000,-1.85,-9.98,8.63,16.57
2012-03-29,16.51,16.43,16.78,16.12,24681,40640000,-0.26,-1.56,3.95,12.34
2012-03-30,16.45,16.11,16.70,15.94,20242,33160000,-0.32,-1.95,4.63,10.12
2012-04-05,16.28,16.69,16.74,16.03,19759,32540000,0.58,3.60,4.41,9.88
2012-04-06,16.68,16.74,16.94,16.52,20469,34260000,0.05,0.30,2.52,10.23
2012-04-09,16.73,16.29,16.75,16.27,15286,25230000,-0.45,-2.69,2.87,7.64
2012-04-10,16.19,17.85,17.92,16.15,42413,73110000,1.56,9.58,10.87,21.21
2012-04-11,17.40,17.76,17.85,17.25,31387,55010000,-0.09,-0.50,3.36,15.69
2012-04-12,17.58,17.61,17.73,17.16,26630,46480000,-0.15,-0.84,3.21,13.32
2012-04-13,17.63,17.58,18.00,17.44,25509,45180000,-0.03,-0.17,3.18,12.75
2012-04-16,17.41,17.19,17.45,17.10,14782,25500000,-0.39,-2.22,1.99,7.39
2012-04-17,17.25,17.08,17.35,16.72,16684,28430000,-0.11,-0.64,3.66,8.34
2012-04-18,17.13,17.40,17.49,16.95,17272,29820000,0.32,1.87,3.16,8.64
2012-04-19,17.39,17.56,17.65,17.30,21022,36820000,0.16,0.92,2.01,10.51
2012-04-20,17.61,18.10,18.25,17.60,37573,67350000,0.54,3.08,3.70,18.79
2012-04-23,17.80,16.32,18.00,16.29,34627,59040000,-1.78,-9.83,9.45,17.31
2012-04-24,16.25,16.29,16.73,15.56,19768,31890000,-0.03,-0.18,7.17,9.88
2012-04-25,16.29,16.01,16.29,15.82,13605,21860000,-0.28,-1.72,2.89,6.80
2012-04-26,16.04,16.09,16.29,15.93,10162,16370000,0.08,0.50,2.25,5.08
2012-04-27,16.04,16.44,16.66,16.00,15452,25320000,0.35,2.18,4.10,7.73
2012-05-02,16.69,16.70,16.97,16.51,11438,19130000,0.26,1.58,2.80,5.72
2012-05-03,16.66,16.90,16.92,16.55,9914,16650000,0.20,1.20,2.22,4.96
2012-05-04,16.80,17.09,17.23,16.80,13194,22510000,0.19,1.12,2.54,6.60
2012-05-07,17.03,17.14,17.16,16.83,14157,24050000,0.05,0.29,1.93,7.08
2012-05-08,17.20,17.09,17.22,16.93,12345,21080000,-0.05,-0.29,1.69,6.17
2012-05-09,16.98,16.46,16.98,16.46,12117,20170000,-0.63,-3.69,3.04,6.06
2012-05-10,16.41,16.55,16.67,16.41,8255,13670000,0.09,0.55,1.58,4.13
2012-05-11,16.54,16.30,16.70,16.30,8268,13630000,-0.25,-1.51,2.42,4.13
2012-05-14,16.40,16.21,16.49,16.20,7322,11970000,-0.09,-0.55,1.78,3.66
2012-05-15,16.02,16.40,16.46,16.00,8132,13150000,0.19,1.17,2.84,4.07
2012-05-16,16.40,16.27,16.44,16.21,5687,9300000,-0.13,-0.79,1.40,2.84
2012-05-17,16.40,17.43,17.57,16.40,32017,54610000,1.16,7.13,7.19,16.01
2012-05-18,17.03,16.90,17.49,16.88,21587,36980000,-0.53,-3.04,3.50,10.79
2012-05-21,16.85,17.17,17.34,16.85,14565,24990000,0.27,1.60,2.90,7.28
2012-05-22,17.20,17.25,17.43,17.08,13070,22540000,0.08,0.47,2.04,6.54
2012-05-23,17.29,17.01,17.36,16.74,12242,20820000,-0.24,-1.39,3.59,6.12
2012-05-24,16.76,16.80,17.20,16.75,11287,19210000,-0.15,-0.89,2.65,5.64
2012-05-25,16.85,16.90,17.25,16.78,10330,17590000,0.10,0.60,2.80,5.17
2012-05-28,16.85,16.16,16.85,15.57,19263,30790000,-0.74,-4.38,7.57,9.63
2012-05-29,16.00,16.30,16.43,16.00,10366,16860000,0.14,0.87,2.66,5.18
2012-05-30,16.30,16.46,16.69,16.13,12863,21090000,0.16,0.98,3.44,6.43
2012-05-31,16.31,17.13,17.46,16.31,23017,39080000,0.67,4.07,6.99,11.51
2012-06-01,17.11,17.22,17.48,16.82,16152,27610000,0.09,0.53,3.85,8.08
2012-06-04,16.84,16.45,17.00,16.44,13310,22290000,-0.77,-4.47,3.25,6.66
2012-06-05,16.45,16.20,16.62,16.13,8411,13670000,-0.25,-1.52,2.98,4.21
2012-06-06,16.29,16.28,16.42,16.15,5151,8370000,0.08,0.49,1.67,2.58
2012-06-07,16.47,15.95,16.53,15.95,7288,11810000,-0.33,-2.03,3.56,3.64
2012-06-08,16.17,16.02,16.19,15.92,5179,8320000,0.07,0.44,1.69,2.59
2012-06-11,16.00,16.48,16.58,15.95,7262,11890000,0.46,2.87,3.93,3.63
2012-06-12,16.48,16.36,16.54,16.21,6755,11070000,-0.12,-0.73,2.00,3.38
2012-06-13,16.47,16.88,16.98,16.39,13962,23470000,0.52,3.18,3.61,6.98
2012-06-14,16.80,16.87,17.11,16.67,14403,24350000,-0.01,-0.06,2.61,7.20
2012-06-15,16.86,16.60,17.05,16.42,15403,25640000,-0.27,-1.60,3.73,6.16
2012-06-18,16.60,17.32,17.44,16.58,37535,64290000,0.72,4.34,5.18,15.01
2012-06-19,17.26,17.13,17.47,16.98,23475,40310000,-0.19,-1.10,2.83,9.39
2012-06-20,17.18,17.55,18.03,17.08,40974,72020000,0.42,2.45,5.55,16.39
2012-06-21,17.43,17.22,17.58,16.79,24627,42190000,-0.33,-1.88,4.50,9.85
2012-06-25,17.01,16.80,17.15,16.62,13470,22710000,-0.42,-2.44,3.08,5.39
2012-06-26,16.67,16.77,16.78,16.19,13735,22650000,-0.03,-0.18,3.51,5.49
2012-06-27,16.70,17.30,17.70,16.61,30785,53150000,0.53,3.16,6.50,12.31
2012-06-28,17.30,17.65,18.18,17.10,44578,79080000,0.35,2.02,6.24,17.83
2012-06-29,17.48,18.32,18.50,17.26,40875,74010000,0.67,3.80,7.03,16.35
2012-07-02,18.39,18.30,18.56,18.05,38914,71160000,-0.02,-0.11,2.78,15.57
2012-07-03,18.27,18.48,18.79,18.08,32756,60260000,0.18,0.98,3.88,13.10
2012-07-04,18.38,17.77,18.57,17.71,30038,54150000,-0.71,-3.84,4.65,12.02
2012-07-05,17.70,17.50,17.70,17.19,25762,44770000,-0.27,-1.52,2.87,10.30
2012-07-06,17.50,17.89,17.94,17.07,25636,44980000,0.39,2.23,4.97,10.25
2012-07-09,17.66,16.98,17.86,16.98,20568,35800000,-0.91,-5.09,4.92,8.23
2012-07-10,16.78,15.79,16.78,15.50,29046,46870000,-1.19,-7.01,7.54,11.62
2012-07-11,15.79,15.79,15.87,15.60,11736,18450000,0.00,0.00,1.71,4.69
2012-07-12,15.85,16.13,16.23,15.63,16284,26000000,0.34,2.15,3.80,6.51
2012-07-13,16.13,14.81,16.20,14.80,28591,44170000,-1.32,-8.18,8.68,11.44
2012-07-16,14.71,13.35,14.71,13.33,28085,39110000,-1.46,-9.86,9.32,11.23
2012-07-17,13.35,13.54,13.59,13.15,13233,17800000,0.19,1.42,3.30,5.29
2012-07-18,13.40,13.53,13.56,13.08,12397,16470000,-0.01,-0.07,3.55,4.96
2012-07-19,13.49,13.76,13.99,13.45,17151,23680000,0.23,1.70,3.99,6.86
2012-07-20,13.89,13.70,13.89,13.62,9045,12400000,-0.06,-0.44,1.96,3.62
2012-07-23,13.52,13.76,13.89,13.23,6753,9230000,0.06,0.44,4.82,2.70
2012-07-24,13.65,13.88,14.02,13.53,7116,9850000,0.12,0.87,3.56,2.85
2012-07-25,13.94,13.99,14.40,13.73,12997,18360000,0.11,0.79,4.83,5.20
2012-07-26,14.00,13.72,14.10,13.72,8861,12300000,-0.27,-1.93,2.72,3.54
2012-07-27,13.80,13.70,13.88,13.60,6472,8880000,-0.02,-0.15,2.04,2.59
2012-07-30,13.82,13.30,13.88,13.25,7470,10080000,-0.40,-2.92,4.60,2.99
2012-07-31,13.26,13.07,13.40,12.98,6210,8150000,-0.23,-1.73,3.16,2.48
2012-08-01,13.11,13.42,13.65,13.08,6773,9090000,0.35,2.68,4.36,2.71
2012-08-02,13.45,13.40,13.53,13.26,3439,4610000,-0.02,-0.15,2.01,1.38
2012-08-03,13.45,13.80,13.85,13.41,7543,10340000,0.40,2.99,3.28,3.02
2012-08-06,13.69,14.16,14.20,13.61,10305,14400000,0.36,2.61,4.28,4.12
2012-08-07,14.15,14.27,14.38,14.02,10209,14510000,0.11,0.78,2.54,4.08
2012-08-08,14.27,14.09,14.30,13.90,8025,11290000,-0.18,-1.26,2.80,3.21
2012-08-09,14.07,14.39,14.49,13.91,13640,19420000,0.30,2.13,4.12,5.46
2012-08-10,14.40,14.13,14.40,14.11,8525,12120000,-0.26,-1.81,2.02,3.41
2012-08-13,13.98,13.54,14.00,13.52,14539,20040000,-0.59,-4.18,3.40,5.82
2012-08-14,13.52,13.69,13.73,13.28,8539,11510000,0.15,1.11,3.32,3.42
2012-08-15,13.60,13.41,13.60,13.39,6959,9370000,-0.28,-2.05,1.53,2.78
2012-08-16,13.41,13.40,13.55,13.31,3665,4920000,-0.01,-0.07,1.79,1.47
2012-08-17,13.40,13.61,13.77,13.34,10252,13960000,0.21,1.57,3.21,4.10
2012-08-20,13.59,13.80,13.86,13.46,8585,11730000,0.19,1.40,2.94,3.43
2012-08-21,13.87,14.17,14.38,13.69,17142,24140000,0.37,2.68,5.00,6.86
2012-08-22,14.19,14.12,14.43,13.96,14645,20780000,-0.05,-0.35,3.32,5.86
2012-08-23,14.01,14.43,14.43,13.96,15428,21950000,0.31,2.20,3.33,6.17
2012-08-24,14.39,14.00,14.47,14.00,13711,19450000,-0.43,-2.98,3.26,5.48
2012-08-27,13.90,13.54,13.90,13.52,6828,9330000,-0.46,-3.29,2.71,2.73
2012-08-28,13.51,13.87,13.90,13.48,5886,8090000,0.33,2.44,3.10,2.35
2012-08-29,13.90,14.13,14.38,13.80,14818,21050000,0.26,1.87,4.18,5.93
2012-08-30,14.15,13.74,14.22,13.28,14455,19910000,-0.39,-2.76,6.65,5.78
2012-08-31,13.60,13.76,13.83,13.52,5279,7230000,0.02,0.15,2.26,2.11
2012-09-03,13.65,14.03,14.14,13.60,6994,9720000,0.27,1.96,3.92,2.80
2012-09-04,14.03,14.06,14.40,14.02,13088,18610000,0.03,0.21,2.71,5.24
2012-09-05,13.90,14.46,14.67,13.81,20708,29820000,0.40,2.85,6.12,8.28
2012-09-06,14.58,14.71,14.86,14.44,23653,34730000,0.25,1.73,2.90,9.46
2012-09-07,14.88,14.98,15.23,14.68,31091,46460000,0.27,1.84,3.74,12.44
2012-09-10,15.05,14.98,15.38,14.92,16890,25470000,0.00,0.00,3.07,6.76
2012-09-11,15.02,14.88,15.08,14.75,12113,18010000,-0.10,-0.67,2.20,4.85
2012-09-12,15.05,14.83,15.15,14.62,12197,18120000,-0.05,-0.34,3.56,4.88
2012-09-13,14.90,14.63,14.99,14.57,12245,18130000,-0.20,-1.35,2.83,4.90
2012-09-14,14.73,14.54,14.83,14.28,11999,17440000,-0.09,-0.62,3.76,4.80
2012-09-17,14.47,14.07,14.67,14.01,8803,12660000,-0.47,-3.23,4.54,3.52
2012-09-18,14.07,14.10,14.29,13.98,5066,7170000,0.03,0.21,2.20,2.03
2012-09-19,14.14,14.30,14.38,14.10,7693,10920000,0.20,1.42,1.99,3.08
2012-09-20,14.20,13.22,14.28,13.16,17335,23430000,-1.08,-7.55,7.83,6.93
2012-09-21,13.22,12.97,13.31,12.95,8372,11030000,-0.25,-1.89,2.72,3.35
2012-09-24,12.85,12.97,13.08,12.70,6326,8130000,0.00,0.00,2.93,2.53
2012-09-25,12.97,12.88,13.09,12.80,4268,5520000,-0.09,-0.69,2.24,1.71
2012-09-26,12.94,12.38,12.94,12.33,7369,9240000,-0.50,-3.88,4.74,2.95
2012-09-27,12.38,12.66,12.83,12.37,5471,6900000,0.28,2.26,3.72,2.19
2012-09-28,12.56,12.96,13.09,12.56,6937,8950000,0.30,2.37,4.19,2.77
2012-10-08,12.98,12.89,13.05,12.83,3340,4310000,-0.07,-0.54,1.70,1.34
2012-10-09,12.75,13.31,13.32,12.75,6560,8680000,0.42,3.26,4.42,2.62
2012-10-10,13.30,13.35,13.44,13.26,5344,7130000,0.04,0.30,1.35,2.14
2012-10-11,13.29,13.05,13.38,13.01,5799,7650000,-0.30,-2.25,2.77,2.32
2012-10-12,13.11,13.18,13.27,12.97,6056,7960000,0.13,1.00,2.30,2.42
2012-10-15,13.17,12.81,13.17,12.62,6011,7710000,-0.37,-2.81,4.17,2.40
2012-10-16,12.81,12.84,12.98,12.71,2494,3210000,0.03,0.23,2.11,1.00
2012-10-17,12.97,12.97,13.01,12.74,4093,5280000,0.13,1.01,2.10,1.64
2012-10-18,12.97,13.42,13.70,12.95,14146,19010000,0.45,3.47,5.78,5.66
2012-10-19,13.50,13.37,13.53,13.23,4978,6660000,-0.05,-0.37,2.24,1.99
2012-10-22,13.27,13.49,13.54,13.20,4245,5680000,0.12,0.90,2.54,1.70
2012-10-23,13.50,13.23,13.62,13.23,6381,8560000,-0.26,-1.93,2.89,2.55
2012-10-24,13.06,13.47,13.94,13.06,11373,15420000,0.24,1.81,6.65,4.55
2012-10-25,13.49,13.31,13.60,13.27,4385,5880000,-0.16,-1.19,2.45,1.75
2012-10-26,13.35,12.98,13.35,12.78,5886,7650000,-0.33,-2.48,4.28,2.35
2012-10-29,13.04,12.95,13.08,12.92,2565,3330000,-0.03,-0.23,1.23,1.03
2012-10-30,12.95,12.93,13.17,12.93,2049,2670000,-0.02,-0.15,1.85,0.82
2012-10-31,13.00,12.98,13.09,12.80,2359,3060000,0.05,0.39,2.24,0.94
2012-11-01,13.05,13.34,13.40,12.99,5312,7040000,0.36,2.77,3.16,2.12
2012-11-02,13.34,13.28,13.45,13.17,4275,5680000,-0.06,-0.45,2.10,1.71
2012-11-05,13.28,13.31,13.36,13.17,3155,4180000,0.03,0.23,1.43,1.26
2012-11-06,13.28,13.05,13.28,12.85,4395,5720000,-0.26,-1.95,3.23,1.76
2012-11-07,12.95,13.04,13.18,12.93,2304,3000000,-0.01,-0.08,1.92,0.92
2012-11-08,12.97,12.68,12.97,12.68,2632,3380000,-0.36,-2.76,2.22,1.05
2012-11-09,12.80,12.42,12.80,12.40,5540,6940000,-0.26,-2.05,3.15,2.22
2012-11-12,12.52,12.55,12.65,12.43,2735,3420000,0.13,1.05,1.77,1.09
2012-11-13,12.47,12.30,12.49,12.27,3409,4210000,-0.25,-1.99,1.75,1.36
2012-11-14,12.30,12.34,12.44,12.15,4048,4950000,0.04,0.33,2.36,1.62
2012-11-15,12.25,12.07,12.34,12.00,2551,3110000,-0.27,-2.19,2.76,1.02
2012-11-16,11.88,11.79,12.07,11.14,3877,4550000,-0.28,-2.32,7.71,1.55
2012-11-19,11.58,11.93,11.99,11.58,2517,2970000,0.14,1.19,3.48,1.01
2012-11-20,11.94,11.85,12.15,11.82,2959,3540000,-0.08,-0.67,2.77,1.18
2012-11-21,11.86,12.10,12.10,11.74,2919,3480000,0.25,2.11,3.04,1.17
2012-11-22,12.10,12.02,12.10,11.95,1884,2260000,-0.08,-0.66,1.24,0.75
2012-11-23,11.85,12.23,12.25,11.84,4547,5500000,0.21,1.75,3.41,1.82
2012-11-26,12.14,12.10,12.25,11.93,2172,2630000,-0.13,-1.06,2.62,0.87
2012-11-27,11.89,11.57,11.92,11.39,3777,4390000,-0.53,-4.38,4.38,1.51
2012-11-28,11.54,11.42,11.74,11.23,2843,3230000,-0.15,-1.30,4.41,1.14
2012-11-29,11.26,11.20,11.64,11.03,2527,2850000,-0.22,-1.93,5.34,1.01
2012-11-30,11.02,11.38,11.45,11.02,3011,3390000,0.18,1.61,3.84,1.20
2012-12-03,11.38,11.07,11.42,11.07,5037,5630000,-0.31,-2.72,3.08,2.01
2012-12-04,10.96,11.01,11.13,10.62,7988,8660000,-0.06,-0.54,4.61,3.20
2012-12-05,11.01,11.30,11.47,10.07,7860,8840000,0.29,2.63,12.72,3.14
2012-12-06,11.20,11.15,11.34,11.12,3749,4200000,-0.15,-1.33,1.95,1.50
2012-12-07,11.13,11.40,11.44,11.10,4934,5580000,0.25,2.24,3.05,1.97
2012-12-10,11.50,11.68,11.75,11.42,7111,8270000,0.28,2.46,2.89,2.84
2012-12-11,11.70,11.57,11.82,11.53,4982,5840000,-0.11,-0.94,2.48,1.99
2012-12-12,11.50,11.66,11.72,11.47,5637,6530000,0.09,0.78,2.16,2.25
2012-12-13,11.56,11.27,11.64,11.22,3887,4440000,-0.39,-3.34,3.60,1.55
2012-12-14,11.26,11.72,11.79,11.23,6856,7980000,0.45,3.99,4.97,2.74
2012-12-17,11.86,11.93,12.09,11.70,9895,11800000,0.21,1.79,3.33,3.96
2012-12-18,12.06,11.89,12.06,11.81,6053,7240000,-0.04,-0.34,2.10,2.42
2012-12-19,11.90,11.94,11.98,11.76,3823,4550000,0.05,0.42,1.85,1.53
2012-12-20,12.04,12.21,12.35,11.94,10741,13060000,0.27,2.26,3.43,4.30
2012-12-21,12.37,12.70,12.85,12.15,17180,21460000,0.49,4.01,5.73,6.87
2012-12-24,12.72,12.87,13.10,12.71,14609,18840000,0.17,1.34,3.07,5.84
2012-12-25,12.94,13.30,13.30,12.86,17683,23170000,0.43,3.34,3.42,7.07
2012-12-26,13.40,14.18,14.58,13.38,29245,41280000,0.88,6.62,9.02,11.70
2012-12-27,14.26,13.78,14.80,13.78,26769,38120000,-0.40,-2.82,7.19,10.71
2012-12-28,13.63,14.31,14.44,13.63,22608,31830000,0.53,3.85,5.88,9.04
2012-12-31,15.74,15.74,15.74,15.34,55345,86940000,1.43,9.99,2.80,22.14
2013-01-04,15.88,15.90,16.56,15.52,72575,115840000,0.16,1.02,6.61,29.03
2013-01-07,15.64,15.70,15.79,15.30,30104,46920000,-0.20,-1.26,3.08,12.04
2013-01-08,15.80,15.89,16.48,15.75,38182,61610000,0.19,1.21,4.65,15.27
2013-01-09,15.60,15.85,16.10,15.34,30238,47330000,-0.04,-0.25,4.78,12.10
2013-01-10,15.85,15.78,16.28,15.63,22000,35000000,-0.07,-0.44,4.10,8.80
2013-01-11,15.70,15.47,15.78,15.32,29273,45430000,-0.31,-1.96,2.92,11.71
2013-01-14,15.54,15.93,16.16,15.35,30025,47580000,0.46,2.97,5.24,12.01
2013-01-15,15.85,16.00,16.27,15.70,26987,43020000,0.07,0.44,3.58,10.79
2013-01-16,15.95,16.94,16.94,15.71,47551,77540000,0.94,5.88,7.69,19.02
2013-01-17,16.66,15.96,16.69,15.90,29161,47480000,-0.98,-5.79,4.66,11.66
2013-01-18,15.85,15.68,16.08,15.44,21203,33270000,-0.28,-1.75,4.01,8.48
2013-01-21,15.88,15.73,16.05,15.60,13142,20790000,0.05,0.32,2.87,5.26
2013-01-22,15.69,15.84,15.85,15.41,16386,25610000,0.11,0.70,2.80,6.55
2013-01-23,15.79,15.18,15.79,14.83,18343,27960000,-0.66,-4.17,6.06,7.34
2013-01-24,15.16,14.36,15.30,14.26,22373,33040000,-0.82,-5.40,6.85,8.95
2013-01-25,14.35,14.37,14.59,14.31,9024,13010000,0.01,0.07,1.95,3.61
2013-01-28,14.43,14.80,14.83,14.43,10016,14660000,0.43,2.99,2.78,4.01
2013-01-29,14.87,14.77,15.04,14.70,9828,14610000,-0.03,-0.20,2.30,3.93
2013-01-30,14.83,14.58,14.87,14.40,9627,14030000,-0.19,-1.29,3.18,3.85
2013-01-31,14.62,14.20,14.62,14.08,12156,17310000,-0.38,-2.61,3.70,4.86
2013-02-01,14.21,14.33,14.46,14.10,9745,13950000,0.13,0.92,2.54,3.90
2013-02-04,14.46,14.06,14.53,13.98,8362,11850000,-0.27,-1.88,3.84,3.34
2013-02-05,14.06,14.29,14.41,13.99,8812,12550000,0.23,1.64,2.99,3.52
2013-02-06,14.40,14.59,14.74,14.30,9493,13860000,0.30,2.10,3.08,3.80
2013-02-07,14.68,14.72,14.90,14.52,7957,11720000,0.13,0.89,2.60,3.18
2013-02-08,14.66,14.85,14.90,14.61,8405,12440000,0.13,0.88,1.97,3.36
2013-02-18,14.97,15.13,15.18,14.83,12810,19260000,0.28,1.89,2.36,5.12
2013-02-19,15.14,14.53,15.20,14.41,11033,16230000,-0.60,-3.97,5.22,4.41
2013-02-20,14.50,14.75,14.78,14.40,7898,11540000,0.22,1.51,2.62,3.16
2013-02-21,14.69,14.41,14.69,14.35,9291,13460000,-0.34,-2.31,2.31,3.72
2013-02-22,14.42,14.47,14.74,14.42,6741,9820000,0.06,0.42,2.22,2.70
2013-02-25,14.47,14.68,14.76,14.43,7228,10560000,0.21,1.45,2.28,2.89
2013-02-26,14.68,14.70,15.15,14.55,11285,16800000,0.02,0.14,4.09,4.51
2013-02-27,14.70,14.85,15.07,14.60,9790,14470000,0.15,1.02,3.20,3.92
2013-02-28,14.79,15.55,15.59,14.75,27477,41920000,0.70,4.71,5.66,10.99
2013-03-01,15.51,15.54,15.57,15.28,15166,23380000,-0.01,-0.06,1.87,6.07
2013-03-04,15.31,14.80,15.39,14.77,16027,24200000,-0.74,-4.76,3.99,6.41
2013-03-05,14.82,15.04,15.04,14.52,9668,14360000,0.24,1.62,3.51,3.87
2013-03-06,15.01,15.48,15.59,15.01,14056,21660000,0.44,2.93,3.86,5.62
2013-03-07,15.40,15.11,15.64,15.00,14063,21580000,-0.37,-2.39,4.13,5.63
2013-03-08,15.03,15.15,15.28,15.02,7008,10600000,0.04,0.26,1.72,2.80
2013-03-11,15.05,15.20,15.40,15.05,4510,6880000,0.05,0.33,2.31,1.80
2013-03-12,15.22,14.33,15.55,14.16,18909,27920000,-0.87,-5.72,9.14,7.56
2013-03-13,14.25,13.81,14.28,13.76,13156,18280000,-0.52,-3.63,3.63,5.26
2013-03-14,13.73,13.80,13.95,13.71,4797,6640000,-0.01,-0.07,1.74,1.92
2013-03-15,13.87,13.89,14.21,13.69,7334,10270000,0.09,0.65,3.77,2.93
2013-03-18,13.90,13.60,14.05,13.56,4752,6550000,-0.29,-2.09,3.53,1.90
2013-03-19,13.62,13.78,13.78,13.32,6924,9400000,0.18,1.32,3.38,2.77
2013-03-20,13.76,14.19,14.23,13.70,8434,11810000,0.41,2.98,3.85,3.37
2013-03-21,14.20,14.27,14.38,14.14,6877,9820000,0.08,0.56,1.69,2.75
2013-03-22,14.20,14.20,14.30,14.11,7455,10590000,-0.07,-0.49,1.33,2.98
2013-03-25,14.23,14.16,14.27,14.06,4179,5920000,-0.04,-0.28,1.48,1.67
2013-03-26,14.10,13.88,14.19,13.80,5068,7040000,-0.28,-1.98,2.75,2.03
2013-03-27,13.97,13.96,14.08,13.82,4689,6550000,0.08,0.58,1.87,1.88
2013-03-28,13.71,13.53,13.72,13.50,6394,8710000,-0.43,-3.08,1.58,2.56
2013-03-29,13.44,13.56,13.70,13.44,2640,3600000,0.03,0.22,1.92,1.06
2013-04-01,13.62,13.64,13.72,13.37,2685,3650000,0.08,0.59,2.58,1.07
2013-04-02,13.65,13.45,13.82,13.35,4569,6220000,-0.19,-1.39,3.45,1.83
2013-04-03,13.45,13.10,13.46,13.08,5099,6730000,-0.35,-2.60,2.83,2.04
2013-04-08,12.75,12.74,12.80,12.46,7185,9070000,-0.36,-2.75,2.60,2.87
2013-04-09,12.75,12.80,12.85,12.62,3418,4370000,0.06,0.47,1.81,1.37
2013-04-12,14.02,13.30,14.08,13.30,15922,21720000,0.50,3.91,6.09,6.37
2013-04-15,13.01,12.80,13.08,12.73,4693,6070000,-0.50,-3.76,2.63,1.88
2013-04-16,12.70,13.06,13.09,12.55,4664,6010000,0.26,2.03,4.22,1.87
2013-04-17,13.16,13.14,13.16,12.95,2337,3050000,0.08,0.61,1.61,0.94
2013-04-18,13.09,13.34,13.35,12.96,4809,6340000,0.20,1.52,2.97,1.92
2013-04-19,13.50,13.75,13.90,13.48,9552,13100000,0.41,3.07,3.15,3.82
2013-04-22,13.69,14.11,14.12,13.68,10156,14200000,0.36,2.62,3.20,4.06
2013-04-23,14.03,14.43,15.07,14.03,23856,34760000,0.32,2.27,7.37,9.54
2013-04-24,14.35,14.90,14.95,14.20,18560,27260000,0.47,3.26,5.20,7.42
2013-04-25,15.11,15.60,16.23,15.10,47770,75170000,0.70,4.70,7.58,19.11
2013-04-26,15.65,15.40,16.05,15.40,25626,40420000,-0.20,-1.28,4.17,10.25
2013-05-02,15.40,15.39,15.57,14.90,16696,25370000,-0.01,-0.06,4.35,6.68
2013-05-03,15.28,15.85,16.04,15.21,17918,28380000,0.46,2.99,5.39,7.17
2013-05-06,15.80,16.72,17.03,15.72,24692,40820000,0.87,5.49,8.27,9.88
2013-05-07,16.65,16.59,17.14,16.36,11288,18890000,-0.13,-0.78,4.67,4.52
2013-05-08,16.74,16.99,16.99,16.54,12267,20620000,0.40,2.41,2.71,4.91
2013-05-09,16.86,17.00,17.04,16.21,11894,19800000,0.01,0.06,4.89,4.76
2013-05-10,16.80,16.51,16.94,16.33,7503,12420000,-0.49,-2.88,3.59,3.00
2013-05-13,16.45,16.85,17.24,16.24,9805,16350000,0.34,2.06,6.06,3.92
2013-05-14,16.99,16.30,16.99,16.20,10268,16860000,-0.55,-3.26,4.69,4.11
2013-05-15,16.30,17.07,17.30,16.02,13212,22340000,0.77,4.72,7.85,5.28
2013-05-16,17.20,16.88,17.77,16.69,17897,30720000,-0.19,-1.11,6.33,7.16
2013-05-17,16.98,18.57,18.57,16.49,38598,69180000,1.69,10.01,12.32,15.44
2013-05-20,12.35,12.88,12.96,11.95,77191,95500000,0.60,4.89,8.22,20.58
2013-05-21,12.51,12.98,13.32,12.50,53019,68380000,0.10,0.78,6.37,14.14
2013-05-22,12.72,12.11,12.90,12.05,37117,46040000,-0.87,-6.70,6.55,9.90
2013-05-23,12.00,11.86,12.22,11.75,25770,30760000,-0.25,-2.06,3.88,6.87
2013-05-24,11.83,12.61,12.85,11.83,35872,44650000,0.75,6.32,8.60,9.57
2013-05-27,12.80,12.36,12.80,12.26,23137,28890000,-0.25,-1.98,4.28,6.17
2013-05-28,12.21,11.80,12.45,11.61,20930,24970000,-0.56,-4.53,6.80,5.58
2013-05-29,11.80,11.86,12.00,11.72,19438,23020000,0.06,0.51,2.37,5.18
2013-05-30,11.81,11.72,11.95,11.56,27855,32680000,-0.14,-1.18,3.29,7.43
2013-05-31,11.76,11.60,11.88,11.56,19367,22680000,-0.12,-1.02,2.73,5.16
2013-06-03,11.56,11.30,11.69,11.27,15131,17260000,-0.30,-2.59,3.62,4.03
2013-06-04,11.30,11.05,11.40,10.99,15581,17360000,-0.25,-2.21,3.63,4.16
2013-06-05,11.06,11.29,11.35,11.04,11086,12400000,0.24,2.17,2.81,2.96
2013-06-06,11.20,10.86,11.32,10.80,11048,12220000,-0.43,-3.81,4.61,2.95
2013-06-07,10.95,11.11,11.16,10.83,11090,12260000,0.25,2.30,3.04,2.96
2013-06-13,11.15,11.12,11.20,10.61,16464,18110000,0.01,0.09,5.31,4.39
2013-06-14,11.16,11.48,11.66,11.16,20481,23480000,0.36,3.24,4.50,5.46
2013-06-17,11.36,11.63,11.88,11.30,25501,29600000,0.15,1.31,5.05,6.80
2013-06-18,11.64,11.30,11.64,11.13,16647,18810000,-0.33,-2.84,4.39,4.44
2013-06-19,11.23,11.29,11.39,11.00,11066,12360000,-0.01,-0.09,3.45,2.95
2013-06-20,11.27,10.96,11.52,10.90,13068,14710000,-0.33,-2.92,5.49,3.48
2013-06-21,10.78,11.16,11.30,10.51,11774,12910000,0.20,1.82,7.21,3.14
2013-06-24,11.27,10.68,11.30,10.50,12499,13580000,-0.48,-4.30,7.17,3.33
2013-06-25,10.51,10.70,10.83,9.63,10954,11340000,0.02,0.19,11.24,2.92
2013-06-26,10.73,11.14,11.24,10.61,13072,14370000,0.44,4.11,5.89,3.49
2013-06-27,11.14,11.55,11.75,11.03,33817,38700000,0.41,3.68,6.46,9.02
2013-06-28,11.80,11.72,12.10,11.46,45137,53180000,0.17,1.47,5.54,12.04
2013-07-01,11.60,12.17,12.22,11.20,40175,47860000,0.45,3.84,8.70,10.71
2013-07-02,12.01,12.28,12.38,11.91,36333,44240000,0.11,0.90,3.86,9.69
2013-07-03,12.11,12.27,12.48,12.02,22857,28000000,-0.01,-0.08,3.75,6.10
2013-07-04,12.22,11.85,12.22,11.85,26986,32520000,-0.42,-3.42,3.02,7.20
2013-07-05,11.65,11.31,12.05,11.21,17571,20620000,-0.54,-4.56,7.09,4.69
2013-07-08,11.10,10.75,11.10,10.65,15658,16940000,-0.56,-4.95,3.98,4.18
2013-07-09,10.60,10.77,10.87,10.60,6281,6760000,0.02,0.19,2.51,1.67
2013-07-10,10.85,11.10,11.10,10.76,7470,8170000,0.33,3.06,3.16,1.99
2013-07-11,11.06,11.35,11.44,11.00,8959,10080000,0.25,2.25,3.96,2.39
2013-07-12,11.46,11.78,12.18,11.45,26182,31230000,0.43,3.79,6.43,6.98
2013-07-15,11.80,12.28,12.39,11.80,24524,29700000,0.50,4.24,5.01,6.54
2013-07-16,12.54,12.31,12.59,12.20,18139,22420000,0.03,0.24,3.18,4.84
2013-07-17,12.32,13.18,13.54,12.32,54034,71230000,0.87,7.07,9.91,14.41
2013-07-18,13.05,13.98,14.45,12.91,51727,71430000,0.80,6.07,11.68,13.79
2013-07-19,13.89,14.19,14.88,13.80,42351,60930000,0.21,1.50,7.73,11.29
2013-07-22,13.94,14.44,14.65,13.80,23564,33660000,0.25,1.76,5.99,6.28
2013-07-23,14.60,14.67,15.25,14.38,35347,51810000,0.23,1.59,6.02,9.43
2013-07-24,15.15,15.17,15.27,14.68,26498,39690000,0.50,3.41,4.02,7.07
2013-07-25,15.07,14.20,15.20,13.65,28095,40220000,-0.97,-6.39,10.22,7.49
2013-07-26,14.98,15.62,15.62,14.50,62672,96960000,1.42,10.00,7.89,16.71
2013-07-29,16.25,15.30,16.30,15.20,58739,92600000,-0.32,-2.05,7.04,15.66
2013-07-30,15.41,16.83,16.83,15.37,55925,92010000,1.53,10.00,9.54,14.91
2013-07-31,17.29,18.51,18.51,17.06,45080,81050000,1.68,9.98,8.62,12.02
2013-08-01,19.60,20.36,20.36,19.40,55858,112430000,1.85,9.99,5.19,14.90
2013-08-02,22.40,22.40,22.40,22.40,24644,55200000,2.04,10.02,0.00,6.57
2013-08-05,24.30,22.54,24.40,22.10,156977,367800000,0.14,0.63,10.27,41.86
2013-08-06,22.30,23.18,23.50,22.21,97036,222000000,0.64,2.84,5.72,25.88
2013-08-07,22.98,22.20,24.10,22.20,101266,233210000,-0.98,-4.23,8.20,27.00
2013-08-08,21.77,21.59,22.10,21.00,87245,188240000,-0.61,-2.75,4.96,23.27
2013-08-09,21.33,21.13,21.69,20.56,49893,105600000,-0.46,-2.13,5.23,13.30
2013-08-12,20.96,20.65,21.30,19.76,58365,118740000,-0.48,-2.27,7.29,15.56
2013-08-13,20.54,20.99,21.25,20.32,48879,102130000,0.34,1.65,4.50,13.03
2013-08-14,20.86,20.93,21.21,20.00,52232,108110000,-0.06,-0.29,5.76,13.93
2013-08-15,21.00,22.10,22.34,20.69,88011,190530000,1.17,5.59,7.88,23.47
2013-08-16,21.75,19.91,22.24,19.90,65292,138150000,-2.19,-9.91,10.59,17.41
2013-08-19,19.51,20.71,20.91,19.41,35371,71880000,0.80,4.02,7.53,9.43
2013-08-20,20.51,22.35,22.78,20.41,93271,208310000,1.64,7.92,11.44,24.87
2013-08-21,22.10,21.40,22.25,21.31,58437,126620000,-0.95,-4.25,4.21,15.58
2013-08-22,21.30,21.96,22.30,21.02,51756,111670000,0.56,2.62,5.98,13.80
2013-08-23,21.99,23.19,24.16,21.81,95167,221950000,1.23,5.60,10.70,25.38
2013-08-26,22.90,23.25,23.70,22.30,52213,119660000,0.06,0.26,6.04,13.92
2013-08-27,23.02,23.50,25.10,22.80,60363,145010000,0.25,1.08,9.89,16.10
2013-08-28,23.03,22.70,23.45,22.31,48372,110360000,-0.80,-3.40,4.85,12.90
2013-08-29,22.58,22.30,22.99,22.23,32731,74100000,-0.40,-1.76,3.35,8.73
2013-08-30,22.01,20.46,22.88,20.46,50097,108680000,-1.84,-8.25,10.85,13.36
2013-09-02,20.10,20.38,20.88,19.00,40579,81470000,-0.08,-0.39,9.19,10.82
2013-09-03,20.37,20.84,20.90,20.00,35825,73120000,0.46,2.26,4.42,9.55
2013-09-04,20.64,20.75,21.55,20.40,29438,61360000,-0.09,-0.43,5.52,7.85
2013-09-05,20.60,20.90,21.49,20.00,44050,91870000,0.15,0.72,7.18,11.75
2013-09-06,20.66,19.91,20.80,19.78,48592,97690000,-0.99,-4.74,4.88,12.96
2013-09-09,19.98,19.13,20.20,18.76,54042,103330000,-0.78,-3.92,7.23,14.41
2013-09-10,19.10,19.19,19.49,18.96,26634,51010000,0.06,0.31,2.77,7.10
2013-09-11,19.14,18.19,19.18,17.92,37337,68460000,-1.00,-5.21,6.57,9.96
2013-09-12,18.16,18.39,18.48,17.80,31150,56740000,0.20,1.10,3.74,8.31
2013-09-13,18.50,19.70,19.98,18.21,69341,133390000,1.31,7.12,9.62,18.49
2013-09-16,19.60,19.57,20.40,19.40,40066,79950000,-0.13,-0.66,5.08,10.68
2013-09-17,19.57,18.35,19.60,18.33,29888,56180000,-1.22,-6.23,6.49,7.97
2013-09-18,18.33,19.10,19.25,18.01,28080,52370000,0.75,4.09,6.76,7.49
2013-09-23,18.95,19.30,19.50,18.68,29015,55460000,0.20,1.05,4.29,7.74
2013-09-24,19.14,19.09,19.19,18.35,33392,62670000,-0.21,-1.09,4.35,8.90
2013-09-25,19.08,18.68,19.22,18.63,25293,47780000,-0.41,-2.15,3.09,6.74
2013-09-26,18.51,18.68,19.21,18.46,23498,44390000,0.00,0.00,4.02,6.27
2013-11-22,20.55,20.55,20.55,20.14,33441,68690000,1.87,10.01,2.19,8.92
2013-11-25,21.80,19.95,21.80,19.81,75434,158690000,-0.60,-2.92,9.68,20.12
2013-11-26,19.30,19.64,20.17,19.30,25703,50540000,-0.31,-1.55,4.36,6.85
2013-11-27,19.40,19.18,19.67,19.08,24523,47460000,-0.46,-2.34,3.00,6.54
2013-11-28,19.21,19.23,19.58,19.00,19689,37960000,0.05,0.26,3.02,5.25
2013-11-29,19.30,19.98,20.09,19.24,29215,57920000,0.75,3.90,4.42,7.31
2013-12-02,18.95,17.98,18.95,17.98,29010,52990000,-2.00,-10.01,4.85,7.25
2013-12-03,16.98,17.29,17.55,16.34,18308,31050000,-0.69,-3.84,6.73,4.58
2013-12-04,17.29,16.99,17.55,16.91,17391,30090000,-0.30,-1.74,3.70,4.35
2013-12-05,16.99,16.70,17.25,16.70,9924,16740000,-0.29,-1.71,3.24,2.48
2013-12-06,16.70,16.79,16.91,16.57,8663,14500000,0.09,0.54,2.04,2.17
2013-12-09,16.79,17.04,17.13,16.79,7314,12430000,0.25,1.49,2.03,1.83
2013-12-10,17.29,16.90,17.30,16.73,8096,13670000,-0.14,-0.82,3.35,2.02
2013-12-11,16.86,17.00,17.23,16.70,8161,13880000,0.10,0.59,3.14,2.04
2013-12-12,17.06,17.00,17.16,16.83,8391,14300000,0.00,0.00,1.94,2.10
2013-12-13,16.91,17.08,17.36,16.60,15653,26620000,0.08,0.47,4.47,3.91
2013-12-16,17.09,16.72,17.10,16.69,7431,12490000,-0.36,-2.11,2.40,1.86
2013-12-17,16.82,16.34,16.82,16.32,10382,17180000,-0.38,-2.27,2.99,2.20
2013-12-18,16.31,16.61,17.13,16.31,10678,17840000,0.27,1.65,5.02,2.26
2013-12-19,16.55,16.18,16.82,16.16,10906,17950000,-0.43,-2.59,3.97,2.31
2013-12-20,16.08,16.10,16.46,16.02,7281,11830000,-0.08,-0.49,2.72,1.54
2013-12-23,16.10,15.62,16.29,15.50,7286,11580000,-0.48,-2.98,4.91,1.54
2013-12-24,15.60,16.05,16.09,15.55,13455,21390000,0.43,2.75,3.46,2.85
2013-12-25,16.00,16.86,16.95,15.91,24897,40970000,0.81,5.05,6.48,5.27
2013-12-26,16.87,16.70,17.16,16.34,13919,23290000,-0.16,-0.95,4.86,2.95
2013-12-27,16.37,16.87,17.11,16.30,17029,28820000,0.17,1.02,4.85,3.61
2013-12-30,16.95,17.55,17.61,16.75,20128,34840000,0.68,4.03,5.10,4.26
2013-12-31,17.60,17.35,17.80,17.16,21890,38370000,-0.20,-1.14,3.65,4.64
2014-01-02,17.21,18.45,18.72,17.21,27597,50030000,1.10,6.34,8.70,5.84
2014-01-03,18.31,18.02,18.87,17.82,22534,41430000,-0.43,-2.33,5.69,4.77
2014-01-06,18.20,19.30,19.82,18.20,53888,104340000,1.28,7.10,8.99,11.41
2014-01-07,18.80,19.60,19.60,18.43,28820,54940000,0.30,1.55,6.06,6.10
2014-01-08,19.74,19.90,20.41,19.28,39646,78670000,0.30,1.53,5.77,8.40
2014-01-09,20.28,18.81,20.87,18.70,32446,64300000,-1.09,-5.48,10.90,6.87
2014-01-10,19.60,19.10,19.98,18.92,29927,58220000,0.29,1.54,5.64,6.34
2014-01-13,18.90,19.80,19.98,18.60,39425,76000000,0.70,3.66,7.23,8.35
2014-01-14,19.80,20.30,20.35,19.34,28438,56780000,0.50,2.53,5.10,6.02
2014-01-15,20.21,20.61,21.87,19.93,35417,74250000,0.31,1.53,9.56,7.50
2014-01-16,20.80,20.79,21.85,20.51,30039,63540000,0.18,0.87,6.50,6.36
2014-01-17,20.30,21.06,21.80,20.10,24997,52750000,0.27,1.30,8.18,5.29
2014-01-20,21.20,21.75,22.20,21.02,34051,74010000,0.69,3.28,5.60,7.21
2014-01-21,21.36,22.75,22.98,21.36,37547,83080000,1.00,4.60,7.45,7.95
2014-01-22,23.26,23.25,24.33,22.75,54113,127480000,0.50,2.20,6.95,11.46
2014-01-23,23.28,23.70,23.95,23.00,25680,60710000,0.45,1.94,4.09,5.44
2014-01-24,23.55,23.09,23.83,22.89,34447,79500000,-0.61,-2.57,3.97,7.29
2014-01-27,23.00,22.94,23.15,21.65,36609,82960000,-0.15,-0.65,6.50,7.75
2014-01-28,22.69,22.31,23.07,22.05,19111,43050000,-0.63,-2.75,4.45,4.05
2014-01-29,22.30,23.59,23.78,22.30,23287,53970000,1.28,5.74,6.63,4.93
2014-01-30,23.30,22.82,23.99,22.81,13873,32590000,-0.77,-3.26,5.00,2.94
2014-02-07,22.78,23.31,23.35,22.30,20830,47970000,0.49,2.15,4.60,4.41
2014-02-10,23.40,23.94,24.30,23.40,24718,59160000,0.63,2.70,3.86,5.23
2014-02-11,23.88,23.20,24.17,22.90,23321,54680000,-0.74,-3.09,5.30,4.94
2014-02-12,23.20,22.82,23.20,22.10,26106,58830000,-0.38,-1.64,4.74,5.53
2014-02-13,22.73,21.52,22.82,21.49,20281,45050000,-1.30,-5.70,5.83,4.29
2014-02-14,21.45,22.16,22.20,21.02,17797,38770000,0.64,2.97,5.48,3.77
2014-02-17,22.16,22.21,22.58,22.00,20807,46190000,0.05,0.23,2.62,4.41
2014-02-18,22.45,22.56,22.79,21.75,23739,52800000,0.35,1.58,4.68,5.03
2014-02-19,22.45,22.00,22.81,21.80,16981,37440000,-0.56,-2.48,4.48,3.60
2014-02-28,19.81,20.68,21.18,19.81,19741,40610000,-1.32,-6.00,6.23,4.18
2014-03-03,21.19,20.50,21.19,20.00,16505,34100000,-0.18,-0.87,5.75,3.50
2014-03-04,20.47,20.80,20.90,20.21,9619,19870000,0.30,1.46,3.37,2.04
2014-03-05,20.80,20.88,21.30,20.65,9073,18970000,0.08,0.38,3.13,1.92
2014-03-06,20.51,20.83,21.11,20.50,10251,21440000,-0.05,-0.24,2.92,2.17
2014-03-07,20.80,20.78,21.30,20.70,10334,21740000,-0.05,-0.24,2.88,2.19
2014-03-10,20.90,21.62,21.80,20.70,24235,51790000,0.84,4.04,5.29,5.13
2014-03-11,21.30,21.00,21.70,20.75,13857,29620000,-0.62,-2.87,4.39,2.93
2014-03-12,20.80,19.71,20.80,19.67,16702,33690000,-1.29,-6.14,5.38,3.54
2014-03-13,19.80,20.33,20.56,19.71,10088,20470000,0.62,3.15,4.31,2.14
2014-03-14,20.00,21.13,21.59,20.00,14800,31310000,0.80,3.94,7.82,3.13
2014-03-17,20.69,22.69,22.86,20.69,26794,59630000,1.56,7.38,10.27,4.71
2014-03-18,22.48,23.90,24.49,22.48,42892,102120000,1.21,5.33,8.86,7.53
2014-03-19,23.88,23.50,25.00,23.15,56807,135280000,-0.40,-1.67,7.74,9.98
2014-03-20,23.50,22.98,24.34,22.95,42406,100130000,-0.52,-2.21,5.91,7.45
2014-03-21,22.73,22.70,23.46,20.85,40250,88300000,-0.28,-1.22,11.36,7.07
2014-03-24,22.44,22.17,23.16,21.75,20007,44770000,-0.53,-2.33,6.21,3.51
2014-03-25,22.13,22.71,22.72,21.80,14404,32070000,0.54,2.44,4.15,2.53
2014-03-26,22.73,24.98,24.98,22.72,43056,104570000,2.27,10.00,9.95,7.56
2014-03-27,25.00,25.07,26.50,24.90,83665,215060000,0.09,0.36,6.41,14.69
2014-03-28,24.90,25.96,25.98,24.11,57287,143600000,0.89,3.55,7.46,10.06
2014-03-31,25.75,25.00,26.35,24.50,46053,118050000,-0.96,-3.70,7.13,8.09
2014-04-01,24.50,27.50,27.50,24.26,47829,126610000,2.50,10.00,12.96,8.40
2014-04-02,29.80,29.36,30.25,28.25,117341,344480000,1.86,6.76,7.27,20.61
2014-04-03,29.00,29.11,30.20,28.58,86167,252950000,-0.25,-0.85,5.52,15.13
2014-04-04,28.50,28.58,30.78,28.28,73952,218140000,-0.53,-1.82,8.59,12.99
2014-04-08,27.88,29.80,29.80,27.23,65156,185240000,1.22,4.27,8.99,11.44
2014-04-09,29.54,29.79,30.45,28.85,61215,181790000,-0.01,-0.03,5.37,10.75
2014-04-10,30.00,29.30,32.46,29.20,82746,253010000,-0.49,-1.64,10.94,14.53
2014-04-11,28.68,30.57,30.57,28.20,54013,159550000,1.27,4.33,8.09,9.48
2014-04-14,30.45,30.99,32.19,30.07,43256,135530000,0.42,1.37,6.93,7.60
2014-04-15,30.90,30.39,32.16,30.26,43613,135400000,-0.60,-1.94,6.13,7.66
2014-04-16,29.88,33.43,33.43,29.52,69141,218540000,3.04,10.00,12.87,12.14
2014-04-17,33.39,32.90,33.82,32.55,51369,170450000,-0.53,-1.59,3.80,9.02
2014-04-18,33.16,32.95,33.68,32.30,39795,131420000,0.05,0.15,4.19,6.99
2014-04-21,32.89,32.95,34.49,31.24,68122,223150000,0.00,0.00,9.86,11.96
2014-04-22,32.30,31.65,33.17,30.15,48544,154310000,-1.30,-3.95,9.17,8.52
2014-04-23,31.08,29.61,31.65,29.51,52465,158880000,-2.04,-6.45,6.76,9.21
2014-04-24,29.61,32.33,32.57,29.40,58969,183360000,2.72,9.19,10.71,10.36
2014-04-25,15.83,15.05,15.99,14.82,92908,142570000,-1.04,-6.46,7.27,8.16
2014-04-28,14.81,13.55,14.89,13.55,84717,118860000,-1.50,-9.97,8.90,7.44
2014-04-29,13.34,14.28,14.67,12.88,110723,151780000,0.73,5.39,13.21,9.72
2014-04-30,14.02,13.68,14.14,13.68,61027,84990000,-0.60,-4.20,3.22,5.36
2014-05-05,13.68,14.54,14.60,13.60,67980,96570000,0.86,6.29,7.31,5.97
2014-05-06,14.40,15.14,15.68,14.36,100373,151800000,0.60,4.13,9.08,8.81
2014-05-07,14.95,14.70,15.40,14.56,74094,110590000,-0.44,-2.91,5.55,6.51
2014-05-08,14.49,14.00,14.87,13.92,75132,108300000,-0.70,-4.76,6.46,6.60
2014-05-09,14.04,13.39,14.05,13.28,64450,87680000,-0.61,-4.36,5.50,5.66
2014-05-12,13.60,13.93,13.98,13.20,71082,96670000,0.54,4.03,5.83,6.24
2014-05-13,13.86,14.21,14.28,13.70,64342,90290000,0.28,2.01,4.16,5.65
2014-05-14,14.21,14.90,15.18,14.00,100969,148660000,0.69,4.86,8.30,8.87
2014-05-15,14.79,15.09,15.64,14.32,104027,156440000,0.19,1.28,8.86,9.13
2014-05-16,15.15,16.02,16.16,15.00,108603,171610000,0.93,6.16,7.69,9.54
2014-05-19,15.76,16.30,16.60,15.44,88668,142870000,0.28,1.75,7.24,7.79
2014-05-20,16.25,15.80,16.79,15.70,88419,143420000,-0.50,-3.07,6.69,7.76
2014-05-21,15.86,16.27,16.27,15.26,68824,108890000,0.47,2.97,6.39,6.04
2014-05-22,16.22,16.35,16.86,16.06,74474,122860000,0.08,0.49,4.92,6.54
2014-05-23,16.18,16.20,16.42,15.85,67001,107660000,-0.15,-0.92,3.49,5.88
2014-05-26,16.25,17.30,17.41,16.01,96729,160830000,1.10,6.79,8.64,8.49
2014-05-27,17.17,17.62,17.70,16.96,98583,171320000,0.32,1.85,4.28,8.66
2014-05-28,17.50,17.29,17.80,17.15,82926,144360000,-0.33,-1.87,3.69,7.28
2014-05-29,17.11,16.37,17.28,15.97,109612,182980000,-0.92,-5.32,7.58,9.62
2014-05-30,16.35,16.15,16.69,15.86,107191,174000000,-0.22,-1.34,5.07,9.41
2014-06-03,16.00,15.59,16.39,15.58,95809,153050000,-0.56,-3.47,5.02,8.41
2014-06-04,15.59,15.68,15.97,14.70,121445,185850000,0.09,0.58,8.15,10.66
2014-06-05,15.63,16.11,16.30,15.35,98666,156630000,0.43,2.74,6.06,8.66
2014-06-06,16.12,16.14,16.37,15.93,61670,99400000,0.03,0.19,2.73,5.41
2014-06-09,16.23,15.30,16.38,15.30,53363,84180000,-0.84,-5.20,6.69,4.69
2014-06-10,15.30,15.48,15.88,14.83,54207,83620000,0.18,1.18,6.86,4.76
2014-06-11,15.39,15.45,15.85,15.31,41880,65290000,-0.03,-0.19,3.49,3.68
2014-06-12,15.40,16.13,16.33,15.29,74322,118690000,0.68,4.40,6.73,6.53
2014-06-13,16.20,16.06,16.40,16.03,48222,77980000,-0.07,-0.43,2.29,4.23
2014-06-16,16.10,16.29,16.39,16.00,45787,74170000,0.23,1.43,2.43,4.02
2014-06-17,16.28,15.71,16.30,15.68,45942,72970000,-0.58,-3.56,3.81,4.03
2014-06-18,15.61,15.60,15.93,15.47,30405,47670000,-0.11,-0.70,2.93,2.67
2014-06-19,15.50,14.88,15.67,14.60,50237,75260000,-0.72,-4.62,6.86,4.41
2014-06-20,14.88,14.86,15.00,14.65,22813,33820000,-0.02,-0.13,2.35,2.00
2014-06-23,14.86,15.37,15.81,14.86,27249,42240000,0.51,3.43,6.39,2.39
2014-06-24,15.45,15.64,15.78,15.41,20522,32010000,0.27,1.76,2.41,1.80
2014-06-25,15.68,15.30,15.68,15.13,20021,30680000,-0.34,-2.17,3.52,1.76
2014-06-26,15.30,15.81,15.86,15.30,38449,60510000,0.51,3.33,3.66,3.38
2014-06-27,15.81,15.91,16.20,15.66,37906,60610000,0.10,0.63,3.42,3.33
2014-06-30,15.89,16.58,16.67,15.71,55321,90290000,0.67,4.21,6.03,4.86
2014-07-01,16.58,16.50,16.88,16.45,41832,69800000,-0.08,-0.48,2.59,3.67
2014-07-02,16.51,17.25,17.85,16.51,69172,119520000,0.75,4.55,8.12,6.07
2014-07-03,17.30,16.98,17.55,16.90,43123,74130000,-0.27,-1.57,3.77,3.79
2014-07-04,17.05,16.64,17.30,16.60,47634,80270000,-0.34,-2.00,4.12,4.18
2014-07-07,16.64,17.15,17.18,16.15,47182,78150000,0.51,3.06,6.19,4.14
2014-07-08,17.21,17.05,17.38,16.81,36269,61780000,-0.10,-0.58,3.32,3.18
2014-07-09,17.07,16.91,17.18,16.70,32630,55300000,-0.14,-0.82,2.82,2.86
2014-07-10,16.97,16.12,17.06,16.06,41432,68420000,-0.79,-4.67,5.91,3.64
2014-07-11,16.12,16.26,16.49,16.00,27247,44300000,0.14,0.87,3.04,2.39
2014-07-14,16.16,16.37,16.40,16.15,23679,38520000,0.11,0.68,1.54,2.08
2014-07-15,16.95,17.07,17.68,16.95,73205,126190000,0.70,4.28,4.46,6.43
2014-07-16,16.90,16.60,17.28,16.53,27675,46580000,-0.47,-2.75,4.39,2.43
2014-07-17,16.46,16.79,17.08,16.35,25916,43420000,0.19,1.14,4.40,2.28
2014-07-18,16.70,17.37,17.51,16.54,52787,91040000,0.58,3.45,5.78,4.63
2014-07-21,17.38,19.11,19.11,17.22,114675,210560000,1.74,10.02,10.88,10.07
2014-07-22,19.29,20.05,20.60,19.00,145677,287740000,0.94,4.92,8.37,12.79
2014-07-23,20.04,19.40,20.29,19.00,103934,203760000,-0.65,-3.24,6.43,9.13
2014-07-24,19.21,18.63,19.34,18.50,72941,137650000,-0.77,-3.97,4.33,6.40
2014-07-25,18.70,18.78,19.49,18.35,69645,132200000,0.15,0.81,6.12,6.11
2014-07-28,18.71,19.00,19.00,18.11,65966,122090000,0.22,1.17,4.74,5.79
2014-07-29,18.80,18.98,19.45,18.72,59254,113270000,-0.02,-0.11,3.84,5.20
2014-07-30,18.98,19.87,20.21,18.70,88878,173630000,0.89,4.69,7.96,7.64
2014-07-31,19.75,19.62,19.94,19.44,42967,84320000,-0.25,-1.26,2.52,3.69
2014-08-01,19.46,18.82,19.98,18.81,51306,99600000,-0.80,-4.08,5.96,4.41
2014-08-04,18.76,18.79,19.09,18.51,35454,66360000,-0.03,-0.16,3.08,3.05
2014-08-05,18.84,19.62,19.68,18.61,48172,92790000,0.83,4.42,5.69,4.14
2014-08-06,19.60,19.45,19.70,19.13,34912,67660000,-0.17,-0.87,2.91,3.00
2014-08-07,19.44,20.38,20.95,19.31,91019,185810000,0.93,4.78,8.43,7.82
2014-08-08,20.40,20.65,21.28,20.22,63058,131110000,0.27,1.32,5.20,5.42
2014-08-11,20.81,20.66,21.18,20.38,48383,100170000,0.01,0.05,3.87,4.16
2014-08-12,20.60,20.79,20.93,20.40,32141,66550000,0.13,0.63,2.57,2.76
2014-08-13,20.82,20.29,20.90,19.95,48241,97810000,-0.50,-2.41,4.57,4.15
2014-08-14,20.40,20.14,20.49,20.00,24180,49010000,-0.15,-0.74,2.42,2.08
2014-08-15,20.15,21.26,21.38,20.15,58540,122460000,1.12,5.56,6.11,5.03
2014-08-18,21.35,21.80,22.20,21.28,60534,132270000,0.54,2.54,4.33,5.20
2014-08-19,21.89,21.93,22.15,21.36,34003,73790000,0.13,0.60,3.62,2.92
2014-08-20,21.82,22.74,22.90,21.82,56378,127070000,0.81,3.69,4.92,4.85
2014-08-21,23.10,24.47,24.90,22.83,87447,209110000,1.73,7.61,9.10,7.52
2014-08-22,24.46,24.07,24.75,23.60,60919,146720000,-0.40,-1.63,4.70,5.24
2014-08-25,23.80,24.59,25.27,23.80,54404,134740000,0.52,2.16,6.11,4.68
2014-08-26,24.60,24.50,25.09,24.01,42983,105020000,-0.09,-0.37,4.39,3.70
2014-08-27,25.02,24.08,25.04,24.00,43407,106820000,-0.42,-1.71,4.24,3.73
2014-08-28,24.00,22.70,24.00,22.50,72454,167940000,-1.38,-5.73,6.23,6.23
2014-08-29,22.72,23.34,23.76,22.72,36437,84670000,0.64,2.82,4.58,3.13
2014-09-01,23.20,23.53,24.00,23.20,38785,91230000,0.19,0.81,3.43,3.33
2014-09-02,23.53,23.97,24.70,23.53,71966,173490000,0.44,1.87,4.97,6.19
2014-09-03,23.99,23.85,24.28,23.47,41526,98520000,-0.12,-0.50,3.38,3.56
2014-09-04,24.02,23.88,24.02,23.62,38582,92060000,0.03,0.13,1.68,3.31
2014-09-05,23.80,23.71,23.93,23.32,36566,86230000,-0.17,-0.71,2.55,3.14
2014-09-09,23.56,24.40,24.40,23.05,58106,137910000,0.69,2.91,5.69,4.99
2014-09-10,24.46,25.58,26.15,24.10,80493,204630000,1.18,4.84,8.40,6.91
2014-09-11,25.53,24.99,25.84,24.61,46408,117330000,-0.59,-2.31,4.81,3.98
2014-09-12,25.05,25.16,25.18,24.70,19761,49350000,0.17,0.68,1.92,1.70
2014-09-15,25.50,24.80,25.80,24.60,43065,107860000,-0.36,-1.43,4.77,3.70
2014-09-16,24.70,23.65,24.71,23.50,56721,136420000,-1.15,-4.64,4.88,4.87
2014-09-17,23.63,23.35,23.93,23.30,39210,92270000,-0.30,-1.27,2.66,3.37
2014-09-18,23.62,23.73,24.10,23.20,38414,90720000,0.38,1.63,3.85,3.30
2014-09-19,23.80,23.40,23.80,22.95,43762,101880000,-0.33,-1.39,3.58,3.76
2014-09-22,23.26,21.85,23.26,21.57,94624,209200000,-1.55,-6.62,7.22,8.12
2014-09-23,21.90,22.21,22.46,21.90,51292,113770000,0.36,1.65,2.56,4.40
2014-09-24,22.20,22.83,22.86,22.02,46483,105480000,0.62,2.79,3.78,3.99
2014-09-25,22.85,23.13,23.64,22.85,47594,111220000,0.30,1.31,3.46,4.08
2014-09-26,23.21,22.74,23.21,22.38,31628,71470000,-0.39,-1.69,3.59,2.71
2015-01-05,22.60,20.47,22.60,20.47,47237,98540000,-2.27,-9.98,9.37,4.05
2015-01-06,18.43,19.98,21.28,18.42,130379,259290000,-0.49,-2.39,13.97,11.19
2015-01-07,20.01,20.34,21.18,19.90,88329,180830000,0.36,1.80,6.41,7.58
2015-01-08,20.51,22.37,22.37,20.24,63292,134510000,2.03,9.98,10.47,5.43
2015-01-09,22.77,22.68,24.38,22.60,76355,178490000,0.31,1.39,7.96,6.55
2015-01-12,22.50,22.08,23.30,21.81,38826,87130000,-0.60,-2.65,6.57,3.33
2015-01-13,21.90,22.67,22.98,21.38,37593,83700000,0.59,2.67,7.25,3.23
2015-01-14,22.60,22.09,22.86,21.91,22950,50970000,-0.58,-2.56,4.19,1.97
2015-01-15,22.19,21.10,22.42,20.98,35857,77130000,-0.99,-4.48,6.52,3.08
2015-01-16,21.08,21.33,21.98,21.05,31029,66960000,0.23,1.09,4.41,2.66
2015-01-19,21.00,21.48,22.25,20.21,41404,89290000,0.15,0.70,9.56,3.55
2015-01-20,21.35,22.22,22.38,21.33,50101,109070000,0.74,3.45,4.89,4.30
2015-01-21,22.40,22.95,22.95,22.01,50399,113820000,0.73,3.29,4.23,4.33
2015-01-22,23.28,23.03,23.96,22.87,49891,116230000,0.08,0.35,4.75,4.28
2015-01-23,22.91,22.17,22.92,22.12,51727,115670000,-0.86,-3.73,3.47,4.44
2015-01-26,22.17,22.45,22.58,21.75,46762,103030000,0.28,1.26,3.74,4.01
2015-01-27,22.45,22.28,22.60,21.95,34750,77390000,-0.17,-0.76,2.90,2.98
2015-01-28,22.23,22.85,22.96,22.02,49856,113000000,0.57,2.56,4.22,4.28
2015-01-29,22.76,23.19,23.79,22.46,53334,124600000,0.34,1.49,5.82,4.58
2015-01-30,23.14,22.45,23.29,22.40,25563,58040000,-0.74,-3.19,3.84,2.19
2015-02-02,22.15,22.14,22.80,22.05,24781,55460000,-0.31,-1.38,3.34,2.13
2015-02-03,22.20,22.58,22.85,22.10,30520,68550000,0.44,1.99,3.39,2.62
2015-02-04,22.70,22.85,23.31,22.52,46541,107220000,0.27,1.20,3.50,3.99
2015-02-05,22.86,23.35,23.68,22.85,59090,137120000,0.50,2.19,3.63,5.07
2015-02-06,23.35,22.72,23.79,22.51,49154,114410000,-0.63,-2.70,5.48,4.22
2015-02-09,22.40,21.86,22.77,21.70,40980,90690000,-0.86,-3.79,4.71,3.52
2015-02-10,21.86,21.72,22.17,21.65,26497,57980000,-0.14,-0.64,2.38,2.27
2015-02-11,21.78,21.71,22.18,21.36,27599,60020000,-0.01,-0.05,3.78,2.37
2015-02-12,21.70,21.41,21.93,21.14,46596,99770000,-0.30,-1.38,3.64,4.00
2015-02-13,22.41,23.55,23.55,22.22,48936,112560000,2.14,10.00,6.21,4.20
2015-02-16,24.29,25.03,25.30,23.56,97196,237600000,1.48,6.28,7.39,8.34
2015-02-17,25.13,25.10,25.29,24.55,59723,149100000,0.07,0.28,2.96,5.13
2015-02-25,25.15,25.78,26.80,24.90,52563,137140000,0.68,2.71,7.57,4.51
2015-02-26,26.30,25.60,26.50,25.16,46787,121280000,-0.18,-0.70,5.20,4.02
2015-02-27,25.45,26.00,26.19,24.58,77893,197360000,0.40,1.56,6.29,6.68
2015-03-02,25.98,25.91,26.36,25.60,50205,130700000,-0.09,-0.35,2.92,4.31
2015-03-03,25.97,25.21,25.97,25.00,48515,123110000,-0.70,-2.70,3.74,4.16
2015-03-04,25.18,25.23,25.49,25.01,39383,99390000,0.02,0.08,1.90,3.38
2015-03-05,25.26,25.93,25.99,25.20,53050,135660000,0.70,2.77,3.13,4.55
2015-03-06,26.00,24.97,26.25,24.96,43966,111250000,-0.96,-3.70,4.97,3.77
2015-03-09,24.65,24.90,25.12,24.60,33544,83710000,-0.07,-0.28,2.08,2.88
2015-03-10,24.88,25.40,25.70,24.88,33580,85210000,0.50,2.01,3.29,2.88
2015-03-11,25.03,24.97,25.40,24.35,36147,90090000,-0.43,-1.69,4.13,3.10
2015-03-12,25.71,25.31,27.23,25.10,50548,130780000,0.34,1.36,8.53,4.34
2015-03-13,25.42,25.46,25.78,24.77,38872,98390000,0.15,0.59,3.99,3.33
2015-03-16,25.58,26.22,26.30,25.40,80932,209280000,0.76,2.99,3.54,2.67
2015-03-17,26.12,28.70,28.84,26.12,151809,424780000,2.48,9.46,10.37,5.02
2015-03-18,28.13,28.50,28.60,27.66,68773,193860000,-0.20,-0.70,3.28,2.27
2015-03-19,28.48,28.14,28.48,27.53,62591,175110000,-0.36,-1.26,3.33,2.07
2015-03-20,28.17,28.91,29.40,27.93,64551,185020000,0.77,2.74,5.22,2.13
2015-03-23,29.30,30.73,30.96,28.61,73452,217540000,1.82,6.30,8.13,2.43
2015-03-24,30.66,30.57,30.70,29.45,72118,217170000,-0.16,-0.52,4.07,2.38
2015-03-25,30.65,32.40,32.77,30.02,86109,270730000,1.83,5.99,9.00,2.84
2015-03-26,31.62,32.71,33.80,31.01,110108,358250000,0.31,0.96,8.61,3.64
2015-03-27,32.42,32.20,33.70,31.90,49226,161300000,-0.51,-1.56,5.50,1.63
2015-03-30,32.03,31.23,32.50,30.71,46969,147450000,-0.97,-3.01,5.56,1.55
2015-03-31,31.07,31.43,31.98,30.68,47978,150670000,0.20,0.64,4.16,1.59
2015-04-01,31.41,32.41,32.90,31.25,52700,169450000,0.98,3.12,5.25,1.74
2015-04-02,32.40,32.74,32.83,32.10,47131,152940000,0.33,1.02,2.25,1.56
2015-04-03,32.52,34.44,34.77,32.10,74646,249170000,1.70,5.19,8.16,2.47
2015-04-07,34.90,34.07,34.94,33.70,76568,261070000,-0.37,-1.07,3.60,2.53
2015-04-08,34.29,33.20,34.33,32.21,70368,234270000,-0.87,-2.55,6.22,2.32
2015-04-09,33.48,32.00,33.48,30.63,67769,214480000,-1.20,-3.61,8.58,2.24
2015-04-10,31.49,33.26,33.66,31.30,54320,179230000,1.26,3.94,7.38,1.79
2015-04-13,33.90,34.30,34.59,33.51,62981,214880000,1.04,3.13,3.25,2.08
2015-04-14,35.20,33.97,35.45,33.61,64202,223420000,-0.33,-0.96,5.36,2.12
2015-04-15,33.44,30.78,33.49,30.57,94439,298060000,-3.19,-9.39,8.60,3.12
2015-04-16,30.40,29.97,31.17,28.59,48009,145500000,-0.81,-2.63,8.38,1.59
2015-04-17,29.98,29.95,30.88,29.59,58200,175960000,-0.02,-0.07,4.30,1.92
2015-04-20,30.00,29.78,30.45,29.14,56603,168950000,-0.17,-0.57,4.37,1.87
2015-04-21,29.90,31.29,31.29,29.20,54508,166490000,1.51,5.07,7.02,1.80
2015-04-22,31.45,32.53,32.55,31.30,61874,198580000,1.24,3.96,3.99,2.04
2015-04-23,32.25,31.88,33.30,31.80,60122,196000000,-0.65,-2.00,4.61,1.99
2015-04-24,30.95,31.59,31.86,30.40,52411,162810000,-0.29,-0.91,4.58,1.73
2015-04-27,31.70,31.57,32.59,31.26,45094,143910000,-0.02,-0.06,4.21,1.49
2015-04-28,31.40,29.56,31.58,28.53,67118,201180000,-2.01,-6.37,9.66,2.22
2015-04-29,29.55,29.58,30.38,29.19,52726,157000000,0.02,0.07,4.03,1.74
2015-04-30,29.49,29.64,30.18,29.30,47103,139980000,0.06,0.20,2.98,1.56
2015-05-04,29.39,29.99,30.19,29.11,34062,101550000,0.35,1.18,3.64,1.13
2015-05-05,29.70,29.00,30.08,28.81,41470,122020000,-0.99,-3.30,4.23,1.37
2015-05-06,29.27,29.33,30.25,29.27,40872,121610000,0.33,1.14,3.38,1.35
2015-05-07,29.88,29.56,29.92,29.30,26057,77230000,0.23,0.78,2.11,0.86
2015-05-20,32.52,32.52,32.52,32.52,2562,8330000,2.96,10.01,0.00,0.08
2015-05-21,35.77,35.77,35.77,35.77,3647,13050000,3.25,9.99,0.00,0.12
2015-05-22,39.35,39.35,39.35,39.35,2847,11200000,3.58,10.01,0.00,0.09
2015-05-25,41.00,42.70,43.29,37.90,171051,700530000,3.35,8.51,13.70,5.59
2015-05-26,41.44,46.10,46.60,41.01,131939,579920000,3.40,7.96,13.09,4.32
2015-05-27,23.50,24.40,25.18,22.00,277319,644440000,1.40,6.09,13.83,4.54
2015-05-28,24.00,21.96,24.97,21.96,266630,629820000,-2.44,-10.00,12.34,4.36
2015-05-29,22.02,21.75,22.90,20.58,168846,370280000,-0.21,-0.96,10.56,2.76
2015-06-01,21.60,22.70,22.75,21.60,177665,399160000,0.95,4.37,5.29,2.91
2015-06-02,22.71,24.60,24.90,22.45,199361,473270000,1.90,8.37,10.79,3.26
2015-06-03,24.60,23.56,25.10,23.01,175723,423760000,-1.04,-4.23,8.50,2.87
2015-06-04,23.50,23.09,24.49,21.20,144589,334620000,-0.47,-1.99,13.96,2.36
2015-06-05,23.46,22.98,24.04,22.40,124346,289620000,-0.11,-0.48,7.10,2.03
2015-06-08,23.00,21.56,23.25,21.32,134040,293340000,-1.42,-6.18,8.40,2.19
2015-06-09,21.65,21.79,22.18,21.50,80252,174690000,0.23,1.07,3.15,1.31
2015-06-10,21.81,22.51,23.17,21.40,110175,246980000,0.72,3.30,8.12,1.80
2015-06-11,22.92,23.60,23.68,22.28,139280,324010000,1.09,4.84,6.22,2.28
2015-06-12,23.61,25.96,25.96,23.61,210873,531620000,2.36,10.00,9.96,3.45
2015-06-15,26.70,25.06,27.96,24.86,252390,671620000,-0.90,-3.47,11.94,4.12
2015-06-16,24.80,23.49,24.80,23.21,137924,328280000,-1.57,-6.27,6.34,2.25
2015-06-17,23.42,25.20,25.44,23.00,121118,291430000,1.71,7.28,10.39,1.98
2015-06-18,25.55,23.85,25.58,23.60,98444,244370000,-1.35,-5.36,7.86,1.61
2015-06-19,22.50,21.59,23.59,21.59,84515,189580000,-2.26,-9.48,8.39,1.38
2015-06-23,21.50,22.65,22.89,21.07,96330,212760000,1.06,4.91,8.43,1.57
2015-06-24,22.98,23.80,24.10,22.72,116898,274880000,1.15,5.08,6.09,1.91
2015-06-25,23.85,22.28,23.86,22.00,75194,172920000,-1.52,-6.39,7.82,1.23
2015-06-26,21.62,20.05,21.98,20.05,71903,148730000,-2.23,-10.01,8.66,1.18
2015-06-29,20.90,18.05,20.92,18.05,103797,194750000,-2.00,-9.98,14.31,1.70
2015-06-30,17.10,18.60,19.46,16.25,148015,262830000,0.55,3.05,17.78,2.42
2015-07-01,18.40,16.90,19.35,16.80,144054,268460000,-1.70,-9.14,13.71,2.35
2015-07-02,17.08,15.39,17.65,15.24,169405,279420000,-1.51,-8.93,14.26,2.77
2015-07-03,15.05,15.42,16.42,14.03,157851,238940000,0.03,0.19,15.53,2.58
2015-07-06,16.96,16.00,16.96,14.39,167915,267100000,0.58,3.76,16.67,2.74
2015-07-07,15.28,15.45,15.94,14.45,173291,259940000,-0.55,-3.44,9.31,2.83
2015-07-08,13.91,14.08,14.89,13.91,195281,273180000,-1.37,-8.87,6.34,3.19
2015-07-13,15.49,15.49,15.49,15.49,1853,2870000,1.41,10.01,0.00,0.03
2015-07-14,17.04,17.04,17.04,17.04,2239,3820000,1.55,10.01,0.00,0.04
2015-07-15,18.74,17.01,18.74,17.00,200143,358350000,-0.03,-0.18,10.21,3.27
2015-07-16,17.01,18.50,18.71,16.18,161402,289260000,1.49,8.76,14.87,2.64
2015-07-17,18.99,20.26,20.35,18.51,122790,242580000,1.76,9.51,9.95,2.01
2015-07-20,20.48,20.68,21.30,19.80,139663,285980000,0.42,2.07,7.40,2.28
2015-07-21,20.07,20.54,21.21,20.00,95827,198490000,-0.14,-0.68,5.85,1.57
2015-07-22,20.30,20.47,20.90,20.10,66928,136940000,-0.07,-0.34,3.89,1.09
2015-07-23,20.21,21.10,21.20,20.21,81206,170130000,0.63,3.08,4.84,1.33
2015-07-24,21.40,20.22,21.58,20.16,125561,263700000,-0.88,-4.17,6.73,2.05
2015-10-26,22.24,22.24,22.24,21.40,128068,284480000,2.02,9.99,4.15,2.09
2015-10-27,23.00,22.80,23.34,20.50,268936,599510000,0.56,2.52,12.77,4.39
2015-10-28,22.68,21.68,22.70,21.17,124426,273750000,-1.12,-4.91,6.71,2.03
2015-10-29,21.68,21.58,22.50,21.20,99283,217590000,-0.10,-0.46,6.00,1.62
2015-10-30,21.33,21.67,22.25,20.90,77235,167290000,0.09,0.42,6.26,1.26
2015-11-02,21.02,21.29,21.96,20.80,59558,128480000,-0.38,-1.75,5.35,0.97
2015-11-03,21.30,20.79,21.55,20.75,35095,73910000,-0.50,-2.35,3.76,0.57
2015-11-04,20.79,21.83,21.83,20.79,47451,101510000,1.04,5.00,5.00,0.76
2015-11-05,21.98,20.99,21.98,20.83,91071,193120000,-0.84,-3.85,5.27,1.47
2015-11-06,21.17,21.30,21.68,21.01,67110,143540000,0.31,1.48,3.19,1.08
2015-11-09,21.30,21.60,21.80,21.04,93373,199950000,0.30,1.41,3.57,1.50
2015-11-10,21.80,22.63,22.65,21.70,123875,275120000,1.03,4.77,4.40,1.99
2015-11-11,22.40,22.25,22.46,21.82,93586,206860000,-0.38,-1.68,2.83,1.51
2015-11-12,22.47,21.70,22.47,21.50,94929,207720000,-0.55,-2.47,4.36,1.53
2015-11-13,21.24,20.83,21.58,20.50,75496,158250000,-0.87,-4.01,4.98,1.21
2015-11-16,20.74,21.45,21.47,20.45,67986,143010000,0.62,2.98,4.90,1.09
2015-11-17,21.71,20.63,22.00,20.55,105004,223790000,-0.82,-3.82,6.76,1.69
2015-11-18,20.77,20.45,21.18,20.42,47567,98460000,-0.18,-0.87,3.68,0.77
2015-11-19,20.50,21.47,21.50,20.50,74829,158300000,1.02,4.99,4.89,1.20
2015-11-20,21.68,22.25,22.49,21.55,122416,270200000,0.78,3.63,4.38,1.97
2015-11-23,22.35,23.76,24.48,22.35,227212,541930000,1.51,6.79,9.57,3.66
2015-11-24,23.70,23.72,24.40,23.38,123776,294100000,-0.04,-0.17,4.29,1.99
2015-11-25,23.75,24.01,24.49,23.71,93435,224560000,0.29,1.22,3.29,1.50
2015-11-26,24.08,23.79,25.08,23.69,133084,325430000,-0.22,-0.92,5.79,2.14
2015-11-27,23.55,21.83,23.94,21.73,124074,281030000,-1.96,-8.24,9.29,2.00
2015-11-30,22.11,22.12,22.49,20.80,86818,190700000,0.29,1.33,7.74,1.40
2015-12-01,22.29,21.40,22.30,21.25,58970,127450000,-0.72,-3.26,4.75,0.95
2015-12-02,21.40,20.87,21.40,20.00,58682,121350000,-0.53,-2.48,6.54,0.94
2015-12-03,20.88,21.21,21.21,20.80,40226,84630000,0.34,1.63,1.96,0.65
2015-12-04,21.08,20.64,21.33,20.28,51056,106400000,-0.57,-2.69,4.95,0.82
2015-12-07,21.20,21.30,21.50,21.01,50279,106870000,0.66,3.20,2.37,0.81
2015-12-08,21.31,21.17,21.65,21.05,49649,106320000,-0.13,-0.61,2.82,0.80
2015-12-09,20.88,20.66,21.27,20.45,40481,84180000,-0.51,-2.41,3.87,0.65
2015-12-10,20.99,21.29,21.67,20.89,65884,140730000,0.63,3.05,3.78,1.06
2015-12-11,21.22,22.30,22.78,21.16,97191,214750000,1.01,4.74,7.61,1.56
2015-12-14,22.30,22.36,22.57,21.60,57261,126530000,0.06,0.27,4.35,0.92
2015-12-15,22.27,22.98,23.25,22.21,73574,168720000,0.62,2.77,4.65,1.18
2015-12-16,23.30,23.78,24.36,22.70,122847,289530000,0.80,3.48,7.22,1.98
2015-12-17,24.15,24.22,24.60,23.56,118023,284380000,0.44,1.85,4.37,1.90
2015-12-18,24.23,23.47,24.24,23.40,74835,177200000,-0.75,-3.10,3.47,1.20
2015-12-21,23.20,23.28,23.59,22.75,64073,148000000,-0.19,-0.81,3.58,1.03
2015-12-22,23.30,24.19,24.68,23.00,108372,260520000,0.91,3.91,7.22,1.74
2015-12-23,24.24,23.61,24.28,23.48,45074,107110000,-0.58,-2.40,3.31,0.73
2015-12-24,23.45,23.78,23.78,23.00,57352,133480000,0.17,0.72,3.30,0.92
2015-12-25,24.06,24.18,24.86,23.98,89981,219340000,0.40,1.68,3.70,1.45
2015-12-28,24.10,22.83,24.18,22.58,73788,173020000,-1.35,-5.58,6.62,1.19
2015-12-29,23.10,23.12,23.25,22.40,51095,116500000,0.29,1.27,3.72,0.82
2015-12-30,23.21,23.13,23.30,22.82,33750,77970000,0.01,0.04,2.08,0.54
2015-12-31,23.31,25.00,25.23,23.12,180849,441180000,1.87,8.08,9.12,2.91
2016-01-04,24.70,22.50,24.90,22.50,97838,231150000,-2.50,-10.00,9.60,1.57
2016-01-05,20.45,21.67,22.88,20.41,96530,210350000,-0.83,-3.69,10.98,1.55
2016-01-06,22.15,22.26,22.60,21.70,74327,165070000,0.59,2.72,4.15,1.20
2016-01-07,21.80,20.06,21.85,20.03,15531,32360000,-2.20,-9.88,8.18,0.25
2016-01-08,20.70,20.63,21.50,18.60,88259,180910000,0.57,2.84,14.46,1.42
2016-01-11,20.10,18.57,20.11,18.57,107240,204070000,-2.06,-9.99,7.46,1.73
2016-01-12,18.48,17.91,18.99,17.00,62608,113770000,-0.66,-3.55,10.72,1.01
2016-01-13,18.01,16.41,18.55,16.20,63426,111130000,-1.50,-8.38,13.12,1.02
2016-01-14,16.00,18.05,18.05,15.70,84047,143550000,1.64,9.99,14.32,1.35
2016-01-15,17.90,17.29,18.36,16.80,61036,108130000,-0.76,-4.21,8.64,0.98
2016-01-18,16.96,18.07,18.57,16.50,74977,133710000,0.78,4.51,11.97,1.21
2016-01-19,18.12,19.47,19.77,18.00,91156,172040000,1.40,7.75,9.80,1.47
2016-01-20,19.27,19.82,20.35,18.86,77415,150760000,0.35,1.80,7.65,1.25
2016-01-21,19.20,18.71,20.28,18.69,67660,131810000,-1.11,-5.60,8.02,1.09
2016-01-22,19.08,18.83,19.18,18.27,34058,63870000,0.12,0.64,4.86,0.55
2016-01-25,19.08,19.37,19.92,18.90,48745,94910000,0.54,2.87,5.42,0.78
2016-01-26,19.13,17.93,19.31,17.70,48712,90200000,-1.44,-7.43,8.31,0.78
2016-01-27,17.93,17.47,18.20,16.26,74596,129580000,-0.46,-2.57,10.82,1.20
2016-01-28,17.42,17.25,17.93,16.95,50250,88170000,-0.22,-1.26,5.61,0.81
2016-01-29,17.08,18.21,18.57,17.00,51706,92320000,0.96,5.57,9.10,0.83
2016-02-01,18.00,18.17,18.48,17.75,35004,63710000,-0.04,-0.22,4.01,0.56
2016-02-02,18.20,19.26,19.46,17.88,54080,102910000,1.09,6.00,8.70,0.87
2016-02-03,19.70,19.90,20.30,19.40,65412,130110000,0.64,3.32,4.67,1.05
2016-02-04,19.88,20.70,21.08,19.88,69124,141840000,0.80,4.02,6.03,1.11
2016-02-05,20.70,19.91,20.94,19.91,31304,63630000,-0.79,-3.82,4.98,0.50
2016-02-15,19.05,19.86,20.29,19.01,42459,83900000,-0.05,-0.25,6.43,0.68
2016-02-16,20.19,20.54,20.73,20.05,38294,78590000,0.68,3.42,3.42,0.62
2016-02-17,20.70,21.30,21.34,20.41,55089,115340000,0.76,3.70,4.53,0.89
2016-02-18,21.29,20.93,21.32,20.75,38274,80500000,-0.37,-1.74,2.68,0.62
2016-02-19,20.65,20.70,21.20,20.60,36803,76810000,-0.23,-1.10,2.87,0.59
2016-02-22,20.90,20.77,21.16,20.24,37492,77370000,0.07,0.34,4.44,0.60
2016-02-23,20.70,20.84,21.29,20.40,43526,91000000,0.07,0.34,4.29,0.70
2016-02-24,20.61,20.28,20.86,19.84,57540,116430000,-0.56,-2.69,4.89,0.93
2016-02-25,20.01,18.25,20.25,18.25,55740,105980000,-2.03,-10.01,9.86,0.90
2016-02-26,18.36,18.28,18.75,17.56,42175,76700000,0.03,0.16,6.52,0.68
2016-02-29,18.29,17.19,18.57,16.61,59079,101350000,-1.09,-5.96,10.72,0.95
2016-03-01,17.25,17.43,17.57,16.30,55806,95250000,0.24,1.40,7.39,0.90
2016-03-02,17.49,18.29,18.45,17.15,59144,105910000,0.86,4.93,7.46,0.95
2016-03-03,18.29,18.07,18.58,18.01,28727,52580000,-0.22,-1.20,3.12,0.46
2016-03-04,18.20,17.41,18.20,17.01,31801,55470000,-0.66,-3.65,6.59,0.51
2016-03-07,17.48,17.83,18.15,17.48,36257,64560000,0.42,2.41,3.85,0.58
2016-03-08,17.75,17.65,17.79,16.79,50342,87090000,-0.18,-1.01,5.61,0.81
2016-03-09,17.35,17.33,17.94,17.10,25252,44210000,-0.32,-1.81,4.76,0.41
2016-03-10,17.31,17.28,17.58,17.12,15091,26180000,-0.05,-0.29,2.65,0.24
2016-03-11,17.05,17.59,17.60,17.05,23774,41310000,0.31,1.79,3.18,0.38
2016-03-14,17.76,18.40,18.71,17.76,45621,84120000,0.81,4.60,5.40,0.73
2016-03-15,18.40,19.38,20.24,18.14,66339,128270000,0.98,5.33,11.41,1.07
2016-03-16,19.53,19.21,19.80,18.75,50654,97940000,-0.17,-0.88,5.42,0.82
2016-03-17,19.20,20.34,20.88,19.16,72875,145330000,1.13,5.88,8.95,1.17
2016-03-18,21.15,21.87,22.30,21.13,140385,305560000,1.53,7.52,5.75,2.26
2016-03-21,21.95,22.36,23.58,21.95,100562,228320000,0.49,2.24,7.45,1.62
2016-03-22,22.25,22.58,23.35,21.90,79640,180870000,0.22,0.98,6.48,1.28
2016-03-23,24.25,24.33,24.84,23.60,276834,675510000,1.75,7.75,5.49,4.45
2016-03-24,23.80,23.21,24.78,23.19,224160,535280000,-1.12,-4.60,6.54,3.61
2016-03-25,22.91,23.58,23.92,22.80,103722,241020000,0.37,1.59,4.83,1.67
2016-03-28,23.75,23.02,24.36,22.88,107706,254210000,-0.56,-2.37,6.28,1.73
2016-03-29,23.30,22.87,23.31,22.50,67886,155670000,-0.15,-0.65,3.52,1.09
2016-03-30,23.00,23.74,23.86,22.90,93415,219050000,0.87,3.80,4.20,1.50
2016-03-31,24.34,23.73,24.34,23.21,89272,211690000,-0.01,-0.04,4.76,1.44
2016-04-01,23.88,22.88,23.88,22.81,54028,124700000,-0.85,-3.58,4.51,0.87
2016-04-05,23.20,23.95,24.15,22.80,93869,220570000,1.07,4.68,5.90,1.51
2016-04-06,23.75,24.88,25.19,23.72,128247,316690000,0.93,3.88,6.14,2.06
2016-04-07,25.00,24.55,25.36,24.30,118803,295700000,-0.33,-1.33,4.26,1.91
2016-04-08,24.15,23.91,24.27,23.18,96264,229370000,-0.64,-2.61,4.44,1.55
2016-04-11,24.28,25.15,25.38,24.01,89516,222690000,1.24,5.19,5.73,1.44
2016-04-12,24.83,24.76,25.80,24.50,83185,209480000,-0.39,-1.55,5.17,1.34
2016-04-13,24.83,25.58,26.50,24.81,138690,358360000,0.82,3.31,6.83,2.23
2016-04-14,25.90,24.60,25.99,24.10,149102,369810000,-0.98,-3.83,7.39,2.40
2016-04-15,24.63,24.64,24.86,24.09,84205,206620000,0.04,0.16,3.13,1.35
2016-04-18,24.40,24.56,24.80,23.90,52553,128170000,-0.08,-0.32,3.65,0.85
2016-04-19,24.71,25.15,25.40,24.66,86110,216080000,0.59,2.40,3.01,1.39
2016-04-20,25.08,23.70,25.88,22.79,111958,272500000,-1.38,-5.50,12.32,1.80
2016-04-21,23.33,23.42,24.28,23.33,69248,164360000,-0.28,-1.18,4.01,1.11
2016-04-22,23.41,23.96,23.98,23.14,43833,103990000,0.54,2.31,3.59,0.71
2016-04-25,24.06,24.98,24.99,23.81,89880,221190000,1.02,4.26,4.92,1.45
2016-04-26,24.72,24.80,25.48,24.27,62709,154990000,-0.18,-0.72,4.84,1.01
2016-04-27,24.78,25.64,25.94,24.71,95876,243600000,0.84,3.39,4.96,1.54
2016-04-28,25.50,25.50,25.62,24.51,67571,169470000,-0.14,-0.55,4.33,1.09
2016-04-29,25.20,25.98,26.10,24.75,77955,199080000,0.48,1.88,5.29,1.25
2016-05-03,25.75,27.99,28.42,25.59,155415,425200000,2.01,7.74,10.89,2.50
2016-05-04,27.90,27.98,28.95,27.60,130630,368110000,-0.01,-0.04,4.82,2.10
2016-05-05,27.66,27.98,28.20,27.66,76080,212470000,0.00,0.00,1.93,1.22
2016-05-06,27.94,26.37,28.10,26.30,109623,296020000,-1.61,-5.75,6.43,1.76
2016-05-09,26.01,27.10,27.48,25.32,118771,312000000,0.73,2.77,8.19,1.91
2016-05-10,26.80,26.72,27.26,26.55,46843,126000000,-0.38,-1.40,2.62,0.75
2016-05-11,26.72,26.87,28.29,26.72,110625,307090000,0.15,0.56,5.88,1.78
2016-05-12,25.90,28.16,28.20,25.66,91111,248520000,1.29,4.80,9.45,1.47
2016-05-13,27.96,28.20,29.10,27.40,83518,236420000,0.04,0.14,6.04,1.34
2016-05-16,28.12,29.14,29.14,27.90,99550,284490000,0.94,3.33,4.40,1.60
2016-05-17,28.88,28.10,29.48,28.02,76785,220240000,-1.04,-3.57,5.01,1.24
2016-05-18,27.71,27.92,28.67,27.20,84417,236270000,-0.18,-0.64,5.23,1.36
2016-05-19,27.88,27.32,28.25,27.16,63823,177250000,-0.60,-2.15,3.90,1.03
2016-05-20,27.00,27.74,28.00,26.50,57860,158230000,0.42,1.54,5.49,0.93
2016-05-23,27.80,27.91,28.48,27.65,44189,124090000,0.17,0.61,2.99,0.71
2016-05-24,27.63,27.50,28.04,27.28,35047,96580000,-0.41,-1.47,2.72,0.56
2016-05-25,27.71,28.01,28.17,27.40,35716,99430000,0.51,1.85,2.80,0.57
2016-05-26,28.19,27.90,28.29,26.92,50333,139050000,-0.11,-0.39,4.89,0.81
2016-05-27,27.91,28.99,29.43,27.62,109932,316380000,1.09,3.91,6.49,1.77
2016-05-30,28.68,28.27,28.89,28.01,56947,162220000,-0.72,-2.48,3.04,0.92
2016-05-31,28.31,29.82,30.19,28.20,88113,260100000,1.55,5.48,7.04,1.42
2016-06-01,29.68,29.94,30.26,29.32,70627,210510000,0.12,0.40,3.15,1.14
2016-06-02,30.13,32.93,32.93,29.86,148683,472230000,2.99,9.99,10.25,2.39
2016-06-03,32.59,32.20,33.00,31.98,87021,282450000,-0.73,-2.22,3.10,1.40
2016-06-06,32.37,32.55,33.60,32.10,60441,198050000,0.35,1.09,4.66,0.97
2016-06-07,32.90,32.76,33.28,32.20,46661,152190000,0.21,0.65,3.32,0.75
2016-06-08,32.80,32.03,33.26,31.90,57720,186430000,-0.73,-2.23,4.15,0.93
2016-06-13,31.25,30.20,32.36,30.20,70791,223440000,-1.83,-5.71,6.74,1.14
2016-06-14,30.30,32.70,32.80,30.25,84508,266590000,2.50,8.28,8.44,1.36
2016-06-15,32.12,34.55,34.70,32.01,80937,274520000,1.85,5.66,8.23,1.30
2016-06-16,34.30,34.07,34.97,33.89,52454,179320000,-0.48,-1.39,3.13,0.84
2016-06-17,33.89,33.85,34.67,33.56,38129,129810000,-0.22,-0.65,3.26,0.61
2016-06-20,33.98,34.50,35.00,33.95,53543,184640000,0.65,1.92,3.10,0.86
2016-06-21,34.85,32.30,34.95,31.65,159297,523820000,-2.20,-6.38,9.57,2.56
2016-06-22,32.00,32.56,32.79,31.38,58485,187790000,0.26,0.81,4.37,0.94
2016-06-23,32.58,32.46,32.96,31.85,47800,154550000,-0.10,-0.31,3.41,0.77
2016-06-24,32.53,32.80,33.12,31.20,70022,227730000,0.34,1.05,5.92,1.13
2016-06-27,32.56,32.73,33.07,32.11,56157,183540000,-0.07,-0.21,2.93,0.90
2016-06-28,32.80,33.00,33.38,32.35,50342,165350000,0.27,0.82,3.15,0.81
2016-06-29,33.21,31.90,33.36,31.87,86804,280650000,-1.10,-3.33,4.52,1.40
2016-06-30,31.95,31.66,32.66,31.20,76681,244010000,-0.24,-0.75,4.58,1.23
2016-07-01,31.49,30.83,31.60,30.38,126268,389610000,-0.83,-2.62,3.85,2.03
2016-07-04,30.99,31.60,31.96,30.93,82003,258930000,0.77,2.50,3.34,1.32
2016-07-05,31.60,31.60,31.75,31.30,50390,158680000,0.00,0.00,1.42,0.81
2016-07-06,31.46,31.31,31.62,31.15,54015,169170000,-0.29,-0.92,1.49,0.87
2016-07-07,31.24,30.38,31.27,29.99,149920,452700000,-0.93,-2.97,4.09,2.41
2016-07-08,30.33,30.31,30.39,29.67,76944,231020000,-0.07,-0.23,2.37,1.24
2016-07-11,30.98,31.75,32.25,30.40,152511,482480000,1.44,4.75,6.10,2.45
2016-07-12,32.00,31.39,32.77,30.62,93378,295080000,-0.36,-1.13,6.77,1.50
2016-07-13,32.00,32.09,32.44,31.03,89047,283920000,0.70,2.23,4.49,1.43
2016-07-14,32.88,31.90,33.18,31.80,86293,278700000,-0.19,-0.59,4.30,1.39
2016-07-15,32.00,30.98,32.07,30.76,77206,240510000,-0.92,-2.88,4.11,1.24
2016-07-18,31.00,31.06,31.45,30.51,50860,157990000,0.08,0.26,3.03,0.82
2016-07-19,30.98,31.55,31.59,30.80,61011,190760000,0.49,1.58,2.54,0.98
2016-07-20,31.40,30.61,31.76,30.58,107404,333820000,-0.94,-2.98,3.74,1.73
2016-07-21,30.60,30.45,30.85,30.06,59156,179620000,-0.16,-0.52,2.58,0.95
2016-07-22,30.48,30.37,30.81,29.95,53470,162490000,-0.08,-0.26,2.82,0.86
2016-07-25,30.60,31.70,32.20,30.45,106219,333660000,1.33,4.38,5.76,1.71
2016-07-26,31.53,31.78,31.82,31.06,83789,264150000,0.08,0.25,2.40,1.35
2016-07-27,31.68,30.70,32.48,30.50,100593,318150000,-1.08,-3.40,6.23,1.62
2016-07-28,30.70,31.40,31.65,30.45,84541,262850000,0.70,2.28,3.91,1.36
2016-07-29,31.06,31.73,32.12,30.46,91360,285560000,0.33,1.05,5.29,1.47
2016-08-01,31.50,31.06,31.50,30.59,40500,125340000,-0.67,-2.11,2.87,0.65
2016-08-02,31.06,31.47,31.60,30.72,40017,124610000,0.41,1.32,2.83,0.64
2016-08-03,31.85,32.15,32.99,31.58,116599,378010000,0.68,2.16,4.48,1.88
2016-08-04,31.84,32.00,32.13,31.50,43508,138500000,-0.15,-0.47,1.96,0.70
2016-08-05,32.00,32.30,32.85,31.87,62317,202290000,0.30,0.94,3.06,1.00
2016-08-08,32.03,32.28,32.47,31.58,36587,116890000,-0.02,-0.06,2.76,0.59
2016-08-09,32.24,31.80,32.35,31.65,55670,177670000,-0.48,-1.49,2.17,0.90
2016-08-16,32.94,31.70,32.94,31.61,82567,265720000,-0.10,-0.31,4.18,1.33
2016-08-17,31.53,31.29,32.08,31.26,65065,205190000,-0.41,-1.29,2.59,1.05
2016-08-18,31.29,30.62,31.42,30.50,61558,190250000,-0.67,-2.14,2.94,0.99
2016-08-19,30.36,30.45,30.90,30.35,42398,129530000,-0.17,-0.56,1.80,0.68
2016-08-22,30.55,30.45,30.83,30.36,29100,88970000,0.00,0.00,1.54,0.47
2016-08-23,30.60,30.89,30.99,30.51,32975,101490000,0.44,1.45,1.58,0.53
2016-08-24,30.77,31.09,31.24,30.70,25197,78130000,0.20,0.65,1.75,0.41
2016-08-25,30.96,31.81,31.85,30.52,59335,186530000,0.72,2.32,4.28,0.95
2016-08-26,31.98,32.01,32.75,31.80,66244,213450000,0.20,0.63,2.99,1.06
2016-08-29,31.72,30.88,31.86,30.72,73238,228470000,-1.13,-3.53,3.56,1.17
2016-08-30,31.10,30.67,31.16,30.58,34426,106120000,-0.21,-0.68,1.88,0.56
2016-08-31,30.88,31.00,31.23,30.51,25283,78130000,0.33,1.08,2.35,0.41
2016-09-01,30.90,30.67,31.08,30.60,25176,77280000,-0.33,-1.06,1.55,0.41
2016-09-02,30.55,30.33,30.73,30.21,27735,84350000,-0.34,-1.11,1.70,0.45
2016-09-05,30.31,31.14,31.40,29.81,58275,179490000,0.81,2.67,5.24,0.94
2016-09-06,30.96,32.04,32.26,30.85,65115,205610000,0.90,2.89,4.53,1.05
2016-09-07,32.04,32.01,33.20,31.80,85870,279860000,-0.03,-0.09,4.37,1.39
2016-09-08,32.01,32.21,32.57,31.70,38895,124800000,0.20,0.62,2.72,0.63
2016-09-09,32.26,32.01,32.33,32.00,28705,92250000,-0.20,-0.62,1.02,0.46
2016-09-12,31.49,31.34,32.20,31.23,35839,113330000,-0.67,-2.09,3.03,0.58
2016-09-13,31.51,32.90,32.93,31.50,90493,293900000,1.56,4.98,4.56,1.46
2016-09-14,32.90,31.85,32.93,31.81,57351,185320000,-1.05,-3.19,3.40,0.93
2016-09-19,31.87,32.00,32.49,31.86,26647,85790000,0.15,0.47,1.98,0.43
2016-09-20,31.87,31.00,31.97,30.82,62972,196040000,-1.00,-3.13,3.59,1.02
2016-09-21,31.15,31.19,31.29,30.78,15954,49650000,0.19,0.61,1.65,0.26
2016-09-22,31.16,30.80,31.39,30.58,44685,138090000,-0.39,-1.25,2.60,0.69
2016-09-23,30.70,30.06,30.70,30.00,123599,372320000,-0.74,-2.40,2.27,1.92
2016-09-26,30.14,28.90,30.23,28.85,78589,232600000,-1.16,-3.86,4.59,1.22
2016-09-27,28.80,28.80,29.28,28.16,72838,209360000,-0.10,-0.35,3.88,1.13
2016-09-28,28.92,29.33,29.40,28.72,39915,116070000,0.53,1.84,2.36,0.62
2016-09-29,29.33,29.83,30.08,29.15,45133,134360000,0.50,1.70,3.17,0.70
2016-09-30,29.83,30.60,30.62,29.65,48357,146180000,0.77,2.58,3.25,0.75
2016-10-10,30.88,30.58,30.90,30.21,50025,152830000,-0.02,-0.07,2.25,0.78
2016-10-11,29.20,29.67,30.50,29.20,134088,399530000,-0.91,-2.98,4.25,2.08
2016-10-12,29.50,30.41,30.60,29.32,68028,205780000,0.74,2.49,4.31,1.06
2016-10-13,30.50,30.63,30.82,30.30,42141,129140000,0.22,0.72,1.71,0.65
2016-10-14,30.64,30.60,30.67,29.99,36269,109990000,-0.03,-0.10,2.22,0.56
2016-10-17,30.58,30.01,30.66,29.97,24830,74940000,-0.59,-1.93,2.25,0.39
2016-10-18,30.00,30.14,30.20,29.80,20312,61010000,0.13,0.43,1.33,0.32
2016-10-19,30.20,30.14,30.50,30.00,19104,57750000,0.00,0.00,1.66,0.30
2016-10-20,30.02,30.55,30.93,30.02,39064,119280000,0.41,1.36,3.02,0.61
2016-10-21,30.62,30.11,30.65,30.00,27372,82660000,-0.44,-1.44,2.13,0.43
2016-10-24,30.24,30.67,30.74,30.03,46520,142230000,0.56,1.86,2.36,0.72
2016-10-25,30.66,31.60,31.68,30.48,91969,288120000,0.93,3.03,3.91,1.43
2016-10-26,31.60,31.60,32.15,31.30,47834,151930000,0.00,0.00,2.69,0.74
2016-10-27,31.50,31.73,32.10,31.50,27908,88790000,0.13,0.41,1.90,0.43
2016-10-28,31.80,31.90,32.00,31.52,27124,86380000,0.17,0.54,1.51,0.42
2016-10-31,32.00,31.31,32.00,31.23,34240,107600000,-0.59,-1.85,2.41,0.53
2016-11-01,31.31,31.37,31.44,31.03,26282,82080000,0.06,0.19,1.31,0.41
2016-11-02,31.30,31.17,31.93,31.13,30014,94680000,-0.20,-0.64,2.55,0.47
2016-11-03,31.16,30.93,31.50,30.75,43174,133910000,-0.24,-0.77,2.41,0.67
2016-11-04,31.08,30.60,31.29,30.44,38986,119930000,-0.33,-1.07,2.75,0.61
2016-11-07,30.92,31.48,31.66,30.92,48134,150770000,0.88,2.88,2.42,0.75
2016-11-08,31.50,31.33,31.60,31.24,18577,58460000,-0.15,-0.48,1.14,0.29
2016-11-09,31.34,31.83,32.05,30.90,56401,178540000,0.50,1.60,3.67,0.88
2016-11-10,31.82,31.76,32.18,31.41,40995,130320000,-0.07,-0.22,2.42,0.64
2016-11-11,31.55,31.27,31.88,31.15,43241,135670000,-0.49,-1.54,2.30,0.67
2016-11-14,31.27,30.99,31.52,30.80,58890,183340000,-0.28,-0.90,2.30,0.91
2016-11-15,31.20,30.69,31.24,30.45,41077,126030000,-0.30,-0.97,2.55,0.64
2016-11-16,31.50,31.63,32.50,31.50,90151,287530000,0.94,3.06,3.26,1.40
2016-11-17,31.71,31.97,32.33,31.52,48001,153440000,0.34,1.07,2.56,0.75
2016-11-18,31.98,32.04,32.88,31.98,47583,154410000,0.07,0.22,2.82,0.74
2016-11-21,32.15,33.19,33.38,32.06,69972,231230000,1.15,3.59,4.12,1.09
2016-11-22,33.25,33.17,33.54,32.66,42779,141350000,-0.02,-0.06,2.65,0.66
2016-11-23,33.16,32.37,33.36,32.23,42521,139030000,-0.80,-2.41,3.41,0.66
2016-11-24,32.37,32.09,32.89,32.04,23836,77350000,-0.28,-0.87,2.63,0.37
2016-11-25,32.05,32.53,32.57,31.74,28715,92210000,0.44,1.37,2.59,0.45
2016-11-28,32.53,32.65,32.88,32.15,25458,82820000,0.12,0.37,2.24,0.40
2016-11-29,32.65,32.00,32.75,31.81,40403,130390000,-0.65,-1.99,2.88,0.63
2016-11-30,31.96,32.44,32.88,31.70,41085,133040000,0.44,1.38,3.69,0.64
2016-12-01,32.34,32.95,32.95,32.06,36320,118800000,0.51,1.57,2.74,0.56
2016-12-02,32.90,34.99,35.66,32.80,114320,390390000,2.04,6.19,8.68,1.78
2016-12-05,34.52,34.67,35.60,34.22,72559,253010000,-0.32,-0.91,3.94,1.13
2016-12-06,35.22,35.64,36.25,34.72,70484,251120000,0.97,2.80,4.41,1.09
2016-12-07,35.35,35.50,36.05,35.06,43065,153350000,-0.14,-0.39,2.78,0.67
2016-12-08,35.31,34.70,36.05,34.57,43391,151520000,-0.80,-2.25,4.17,0.67
2016-12-09,34.69,34.99,35.48,34.39,35239,123390000,0.29,0.84,3.14,0.55
2016-12-12,36.21,34.36,37.30,34.26,115140,411820000,-0.63,-1.80,8.69,1.79
2016-12-13,34.01,35.63,36.02,34.01,64346,226950000,1.27,3.70,5.85,1.00
2016-12-14,35.61,35.10,35.89,34.70,45298,159760000,-0.53,-1.49,3.34,0.70
2016-12-15,34.30,35.83,38.61,34.20,115911,418020000,0.73,2.08,12.56,1.80
2016-12-16,36.01,35.70,36.80,35.20,77287,278560000,-0.13,-0.36,4.47,1.22
2016-12-19,35.72,35.02,35.74,34.51,39565,138410000,-0.68,-1.90,3.45,0.62
2016-12-20,34.88,34.11,35.08,33.78,53140,182420000,-0.91,-2.60,3.71,0.84
2016-12-21,34.11,34.24,34.54,33.62,33129,112990000,0.13,0.38,2.70,0.52
2016-12-22,34.32,33.75,34.38,33.52,29437,99340000,-0.49,-1.43,2.51,0.46
2016-12-23,34.10,33.70,34.20,33.45,31007,104810000,-0.05,-0.15,2.22,0.49
2016-12-26,33.80,34.04,34.08,33.33,43018,144540000,0.34,1.01,2.23,0.68
2016-12-27,34.19,34.73,35.24,33.95,56828,198120000,0.69,2.03,3.79,0.90
2016-12-28,34.84,33.80,34.88,33.78,46236,157940000,-0.93,-2.68,3.17,0.73
2016-12-29,33.83,33.71,34.05,33.55,25192,85120000,-0.09,-0.27,1.48,0.40
2016-12-30,33.87,33.72,34.09,33.55,17543,59360000,0.01,0.03,1.60,0.28
2017-01-03,33.99,33.62,34.05,33.30,55249,185870000,-0.10,-0.30,2.22,0.87
2017-01-04,33.73,33.88,33.98,33.32,44567,149940000,0.26,0.77,1.96,0.70
2017-01-05,33.95,33.03,33.95,33.01,43654,145470000,-0.85,-2.51,2.77,0.69
2017-01-06,33.03,31.33,33.22,31.31,101655,326190000,-1.70,-5.15,5.78,1.60
2017-01-09,31.71,31.76,32.26,31.44,46243,147610000,0.43,1.37,2.62,0.73
2017-01-10,31.82,32.09,32.28,31.82,27035,86720000,0.33,1.04,1.45,0.43
2017-01-11,31.95,31.85,32.13,31.70,32589,103990000,-0.24,-0.75,1.34,0.51
2017-01-12,31.85,31.78,31.99,31.65,21775,69270000,-0.07,-0.22,1.07,0.34
2017-01-13,31.78,32.00,32.30,31.71,26898,86010000,0.22,0.69,1.86,0.42
2017-01-16,31.91,31.50,32.25,30.50,40097,126500000,-0.50,-1.56,5.47,0.63
2017-01-17,31.30,32.34,32.57,31.26,38077,122470000,0.84,2.67,4.16,0.60
2017-01-18,32.12,31.91,32.39,31.70,31250,99850000,-0.43,-1.33,2.13,0.49
2017-01-19,31.74,31.81,32.06,31.47,23018,73120000,-0.10,-0.31,1.85,0.36
2017-01-20,32.15,32.13,32.35,31.73,17486,56200000,0.32,1.01,1.95,0.28
2017-01-23,32.12,32.20,32.66,32.00,21349,69040000,0.07,0.22,2.05,0.34
2017-01-24,32.03,32.16,32.45,32.03,13945,44920000,-0.04,-0.12,1.30,0.22
2017-01-25,32.16,32.65,32.75,32.09,16310,52940000,0.49,1.52,2.05,0.26
2017-01-26,32.80,33.03,33.37,32.65,16951,56120000,0.38,1.16,2.21,0.27
2017-02-03,33.50,33.26,33.58,33.00,15095,50270000,0.23,0.70,1.76,0.24
2017-02-06,33.13,34.51,34.57,33.13,40500,138140000,1.25,3.76,4.33,0.64
2017-02-07,34.48,34.81,35.39,34.35,32445,113220600,0.30,0.87,3.014,0.81
2017-02-08,34.81,34.88,35.17,34.53,21515,75001200,0.07,0.20,1.839,0.54
2017-02-09,34.71,34.63,35.34,34.53,29117,101584000,-0.25,-0.72,2.322,0.73
2017-02-10,34.63,34.41,34.74,34.31,15657,54021000,-0.22,-0.64,1.242,0.39
2017-02-13,34.39,34.54,34.76,34.15,16895,58131800,0.13,0.38,1.773,0.42
2017-02-14,34.55,34.70,34.81,34.31,14632,50663700,0.16,0.46,1.448,0.37
2017-02-15,34.63,33.78,34.86,33.71,23847,81620000,-0.92,-2.65,3.314,0.60
2017-02-16,33.78,34.07,34.28,33.56,15118,51544000,0.29,0.86,2.131,0.38
2017-02-17,33.99,34.13,34.75,33.95,16028,54978600,0.06,0.18,2.348,0.40
2017-02-20,34.13,34.02,34.65,33.65,28745,97579300,-0.11,-0.32,2.93,0.72
2017-02-21,34.01,34.30,34.50,33.66,30701,104779100,0.28,0.82,2.47,0.77
2017-02-22,34.37,33.94,34.37,33.68,34396,116673200,-0.36,-1.05,2.01,0.86
2017-02-23,34.18,33.98,34.18,33.65,15769,53459200,0.04,0.12,1.56,0.39
2017-02-24,33.95,34.56,34.59,33.71,27552,94557600,0.58,1.71,2.59,0.69
2017-02-27,34.67,34.95,35.25,34.31,34287,119843800,0.39,1.13,2.72,0.86
2017-02-28,35.15,34.90,35.50,34.80,25373,89142100,-0.05,-0.14,2.00,0.63
2017-03-01,34.79,35.10,35.60,34.75,40764,143902300,0.20,0.57,2.44,1.02
2017-03-02,35.00,35.17,35.73,34.57,34722,121626800,0.07,0.20,3.31,0.87
2017-03-03,35.40,35.41,35.44,34.93,25936,91391100,0.24,0.68,1.45,0.65
2017-03-06,35.36,35.65,36.10,35.35,45444,162831000,0.24,0.68,2.12,1.14
2017-03-07,35.76,36.33,36.47,35.57,45269,163961600,0.68,1.91,2.52,1.13
2017-03-08,36.38,36.03,36.93,35.96,39509,143940800,-0.30,-0.83,2.67,0.99
2017-03-09,36.00,36.48,36.70,35.90,34785,126573600,0.45,1.25,2.22,0.87
2017-03-10,36.78,36.35,36.78,36.08,24544,89147800,-0.13,-0.36,1.92,0.61
2017-03-13,36.26,36.21,36.68,36.00,36819,133836000,-0.14,-0.39,1.87,0.92
2017-03-14,36.21,36.28,37.04,36.08,26341,96220000,0.07,0.19,2.65,0.66
2017-03-15,36.28,35.91,36.43,35.72,35381,127322100,-0.37,-1.02,1.96,0.88
2017-03-16,36.19,36.40,36.60,35.92,26106,94650890,0.49,1.36,1.89,0.66
2017-03-17,36.40,36.66,37.22,36.30,44479,164133181,0.26,0.71,2.53,1.12
2017-03-20,36.51,35.98,36.51,35.60,58074,208545582,-0.68,-1.85,2.48,1.46
2017-03-21,36.28,37.09,37.15,36.08,44633,164034502,1.11,3.09,2.97,1.12
2017-03-22,37.17,39.15,39.18,37.15,92018,353570376,2.06,5.55,5.47,2.31
2017-03-23,39.36,39.28,39.46,38.75,50224,196137550,0.13,0.33,1.81,1.26
2017-03-24,39.46,39.05,40.36,38.83,78740,310983560,-0.23,-0.59,3.90,1.97
2017-03-27,38.90,38.20,39.96,38.00,67587,260150269,-0.85,-2.18,5.02,1.69
2017-03-28,39.54,39.97,40.92,39.00,108604,437282599,1.77,4.63,5.03,2.72
2017-03-29,39.89,41.16,41.67,39.89,92637,379616159,1.19,2.98,4.45,2.32
2017-03-30,40.95,40.95,41.54,39.98,85704,349124472,-0.21,-0.51,3.79,2.15
2017-03-31,41.05,40.96,41.20,40.21,52335,213237423,0.01,0.02,2.42,1.31
2017-04-05,41.35,41.05,42.16,40.90,73875,306544742,0.09,0.22,3.08,1.85
2017-04-06,41.11,40.90,41.71,40.52,59378,243193822,-0.15,-0.37,2.90,1.49
2017-04-07,40.74,40.96,41.55,40.65,48104,197574254,0.06,0.15,2.20,1.21
2017-04-10,40.85,40.80,41.28,40.47,34172,139623352,-0.16,-0.39,1.98,0.86
2017-04-11,41.00,40.77,41.48,39.66,57678,234446058,-0.03,-0.07,4.46,1.45
2017-04-12,40.51,40.36,40.99,40.12,29884,121293593,-0.41,-1.01,2.13,0.75
2017-04-13,40.45,41.01,41.30,40.36,25471,104307028,0.65,1.61,2.33,0.64
2017-04-14,40.95,40.58,41.19,40.50,22172,90197602,-0.43,-1.05,1.68,0.56
2017-04-17,40.50,39.61,40.55,39.06,53692,213348689,-0.97,-2.39,3.67,1.35
2017-04-18,39.56,40.65,41.13,39.56,37502,151542914,1.04,2.63,3.96,0.94
2017-04-19,40.45,40.97,41.02,40.20,31763,129155808,0.32,0.79,2.02,0.80
2017-04-20,40.97,41.99,43.39,40.81,98578,415806612,1.02,2.49,6.30,2.47
2017-04-21,42.32,40.99,42.50,40.61,53785,222380721,-1.00,-2.38,4.50,1.35
2017-04-24,40.35,40.01,41.30,39.50,48367,195627447,-0.98,-2.39,4.39,1.21
2017-04-25,39.90,40.02,40.75,39.90,41228,165835584,0.01,0.02,2.12,1.03
2017-04-26,40.02,40.00,40.64,39.60,31575,126548270,-0.02,-0.05,2.60,0.79
2017-04-27,39.89,40.45,40.80,39.70,41544,167523782,0.45,1.13,2.75,1.04
2017-04-28,40.40,40.30,40.60,40.20,20926,84531497,-0.15,-0.37,0.99,0.52
2017-05-02,40.20,40.00,40.59,39.95,19121,76977140,-0.30,-0.74,1.59,0.48
2017-05-03,40.25,40.10,40.40,39.87,20396,81701947,0.10,0.25,1.33,0.51
2017-05-04,40.04,41.00,41.60,39.78,53051,217071973,0.90,2.24,4.54,1.32
2017-05-05,41.08,40.57,41.34,40.50,40973,167689663,-0.43,-1.05,2.05,1.02
2017-05-08,40.20,39.60,40.46,39.60,27797,110915930,-0.97,-2.39,2.12,0.69
2017-05-09,39.40,39.89,40.15,39.40,24792,98660177,0.29,0.73,1.89,0.62
2017-05-10,40.05,39.86,40.54,39.70,29076,116643593,-0.03,-0.08,2.11,0.73
2017-05-11,19.87,19.97,20.19,19.34,77955,154937322,0.10,0.50,4.28,1.95
2017-05-12,19.90,19.66,20.11,19.20,93236,182135682,-0.31,-1.55,4.56,1.16
2017-05-15,19.62,19.39,19.65,19.20,35695,69502744,-0.27,-1.37,2.29,0.45
2017-05-16,19.35,19.99,20.09,19.20,91603,180973104,0.60,3.09,4.59,1.14
2017-05-17,20.00,19.81,20.18,19.81,64395,128892016,-0.18,-0.90,1.85,0.80
2017-05-18,20.11,19.97,20.18,19.89,64582,129443922,0.16,0.81,1.46,0.81
2017-05-19,19.93,19.60,20.04,19.42,48580,95754617,-0.37,-1.85,3.10,0.61
2017-05-22,19.60,19.91,20.20,19.00,64351,127982711,0.31,1.58,6.12,0.80
2017-05-23,19.89,19.62,20.07,19.52,52930,104978278,-0.29,-1.46,2.76,0.66
2017-05-24,19.30,19.50,19.87,19.03,66906,130311166,-0.12,-0.61,4.28,0.83
2017-05-25,19.37,18.83,19.67,18.00,192734,359988283,-0.67,-3.44,8.56,2.41
2017-05-26,18.66,17.54,18.89,17.40,286462,509819603,-1.29,-6.85,7.91,3.58
2017-05-31,17.99,17.70,18.11,17.65,86044,153384589,0.16,0.91,2.62,1.07
2017-06-01,17.70,17.55,18.04,17.53,60412,107721893,-0.15,-0.85,2.88,0.75
2017-06-02,17.50,17.10,17.67,16.77,162106,278421839,-0.45,-2.56,5.13,2.02
2017-06-05,17.40,18.04,18.14,17.39,137778,247057381,0.94,5.50,4.39,1.72
2017-06-06,18.71,18.85,19.09,18.46,174143,327448424,0.81,4.49,3.49,2.17
2017-06-07,18.80,18.94,19.14,18.68,130034,246322996,0.09,0.48,2.44,1.56
2017-06-08,19.01,19.14,19.30,18.88,84637,161201248,0.20,1.06,2.22,1.02
2017-06-09,19.10,18.90,19.12,18.80,64853,122662132,-0.24,-1.25,1.67,0.78
