日期,开盘,收盘,最高,最低,交易量(手),交易金额(元),涨跌额,涨跌幅(%),振幅(%),换手率(%)
2012-03-21,21.53,21.31,22.02,21.01,119835,258470000,1.31,6.55,5.05,55.38
2012-03-22,22.10,22.12,22.33,21.63,129405,284890000,0.81,3.80,3.28,59.80
2012-03-23,22.19,22.30,22.79,21.91,86852,194160000,0.18,0.81,3.98,40.13
2012-03-26,22.45,22.12,22.88,21.83,65468,145660000,-0.18,-0.81,4.71,30.25
2012-03-27,21.80,21.59,21.97,21.36,51462,111350000,-0.53,-2.40,2.76,23.78
2012-03-28,21.50,19.61,21.57,19.43,60725,121950000,-1.98,-9.17,9.91,28.06
2012-03-29,19.53,20.11,20.27,19.33,45083,89950000,0.50,2.55,4.79,20.83
2012-03-30,20.04,19.50,20.30,19.00,33789,66550000,-0.61,-3.03,6.46,15.61
2012-04-05,19.99,20.21,20.48,19.53,26666,53390000,0.71,3.64,4.87,12.32
2012-04-06,20.10,20.58,20.80,20.01,27533,56470000,0.37,1.83,3.91,12.72
2012-04-09,20.48,19.79,20.80,19.79,22734,46080000,-0.79,-3.84,4.91,10.51
2012-04-10,19.50,20.39,20.42,19.10,28212,55600000,0.60,3.03,6.67,13.04
2012-04-11,19.97,20.09,20.50,19.83,19166,38720000,-0.30,-1.47,3.29,8.86
2012-04-12,20.15,20.35,20.42,19.94,15436,31240000,0.26,1.29,2.39,7.13
2012-04-13,20.38,20.30,20.50,19.92,20146,40730000,-0.05,-0.25,2.85,9.31
2012-04-16,19.95,19.93,20.15,19.80,14125,28260000,-0.37,-1.82,1.72,6.53
2012-04-17,19.71,20.16,20.47,19.50,23916,47760000,0.23,1.15,4.87,11.05
2012-04-18,20.21,21.30,21.52,19.90,48078,100420000,1.14,5.65,8.04,22.22
2012-04-19,21.95,22.36,22.88,21.94,59660,133510000,1.06,4.98,4.41,27.57
2012-04-20,23.01,24.10,24.43,22.62,53021,124170000,1.74,7.78,8.09,24.50
2012-04-23,23.30,23.70,24.18,22.97,46823,109910000,-0.40,-1.66,5.02,21.64
2012-04-24,24.20,23.60,24.88,22.10,44466,105300000,-0.10,-0.42,11.73,20.55
2012-04-25,23.40,24.20,24.47,23.35,28447,68280000,0.60,2.54,4.75,13.15
2012-04-26,23.90,23.09,24.40,23.09,16494,39020000,-1.11,-4.59,5.41,7.62
2012-04-27,23.15,23.81,24.77,23.11,20328,48650000,0.72,3.12,7.19,9.39
2012-05-02,23.81,24.35,24.70,23.02,19209,45900000,0.54,2.27,7.06,8.88
2012-05-03,24.15,25.02,25.31,24.06,20598,51220000,0.67,2.75,5.13,9.52
2012-05-04,24.90,24.48,25.05,24.40,11449,28230000,-0.54,-2.16,2.60,5.29
2012-05-07,24.55,24.65,24.96,24.11,13051,31970000,0.17,0.69,3.47,6.03
2012-05-08,24.60,24.16,25.30,24.13,12194,30060000,-0.49,-1.99,4.75,5.63
2012-05-09,23.65,23.04,23.65,22.88,17976,41660000,-1.12,-4.64,3.19,8.31
2012-05-10,23.31,23.14,23.49,22.82,6505,15060000,0.10,0.43,2.91,3.01
2012-05-11,22.96,22.71,23.14,22.52,8015,18290000,-0.43,-1.86,2.68,3.70
2012-05-14,22.70,22.79,23.64,22.53,11161,25820000,0.08,0.35,4.89,5.16
2012-05-15,22.69,23.35,23.49,22.59,11858,27390000,0.56,2.46,3.95,5.48
2012-05-16,23.30,23.34,23.47,23.20,9219,21490000,-0.01,-0.04,1.16,4.26
2012-05-17,23.40,23.66,23.85,23.40,8775,20730000,0.32,1.37,1.93,4.06
2012-05-18,23.55,23.10,23.72,22.85,8187,18940000,-0.56,-2.37,3.68,3.78
2012-05-21,23.10,22.93,23.10,22.61,4823,11040000,-0.17,-0.74,2.12,2.23
2012-05-22,23.06,23.39,23.57,22.90,5561,12940000,0.46,2.01,2.92,2.57
2012-05-23,23.45,23.65,23.80,23.23,7353,17320000,0.26,1.11,2.44,3.40
2012-05-24,23.55,23.06,24.52,23.05,15111,36130000,-0.59,-2.49,6.22,6.98
2012-05-25,22.59,22.30,22.83,22.15,8481,19020000,-0.76,-3.30,2.95,3.92
2012-05-28,22.11,22.91,23.02,21.92,5524,12460000,0.61,2.74,4.93,2.55
2012-05-29,23.28,23.99,24.30,23.18,16190,38470000,1.08,4.71,4.89,7.48
2012-05-30,24.03,24.16,25.15,23.75,16122,39380000,0.17,0.71,5.84,7.45
2012-05-31,24.17,24.37,24.65,23.83,9684,23510000,0.21,0.87,3.39,4.48
2012-06-01,24.04,24.02,24.49,23.86,4717,11360000,-0.35,-1.44,2.59,2.18
2012-06-04,23.42,23.21,23.58,23.01,8180,19050000,-0.81,-3.37,2.37,3.78
2012-06-05,23.26,23.15,23.55,22.95,3763,8740000,-0.06,-0.26,2.59,1.74
2012-06-06,23.20,22.18,23.20,22.00,8017,18190000,-0.97,-4.19,5.18,3.70
2012-06-07,22.32,22.22,22.66,22.07,4521,10120000,0.04,0.18,2.66,2.09
2012-06-08,22.40,21.26,22.53,20.00,4982,10780000,-0.96,-4.32,11.39,2.30
2012-06-11,21.26,21.55,21.66,20.80,2747,5870000,0.29,1.36,4.05,1.27
2012-06-12,21.45,21.38,21.55,21.10,2321,4950000,-0.17,-0.79,2.09,1.07
2012-06-13,21.50,22.14,22.17,21.35,6140,13410000,0.76,3.55,3.84,2.84
2012-06-14,21.90,22.17,22.46,21.86,4396,9770000,0.03,0.14,2.71,2.03
2012-06-15,22.39,22.48,22.50,21.81,5710,12620000,0.31,1.40,3.11,2.64
2012-06-18,22.50,22.59,22.75,22.25,6229,14060000,0.11,0.49,2.22,2.88
2012-06-19,22.60,22.10,22.60,21.89,4430,9810000,-0.49,-2.17,3.14,2.05
2012-06-20,22.10,22.73,22.79,21.75,7475,16680000,0.63,2.85,4.71,3.45
2012-06-21,22.30,22.90,23.15,21.78,23250,52210000,0.17,0.75,6.03,8.61
2012-06-25,22.76,22.20,23.00,21.92,9787,21840000,-0.70,-3.06,4.72,3.62
2012-06-26,22.00,22.08,22.42,22.00,5106,11330000,-0.12,-0.54,1.89,1.89
2012-06-27,22.00,22.08,22.56,22.00,5585,12440000,0.00,0.00,2.54,2.07
2012-06-28,22.28,21.95,22.44,21.65,4914,10790000,-0.13,-0.59,3.58,1.82
2012-06-29,22.00,22.16,22.18,21.41,4494,9810000,0.21,0.96,3.51,1.66
2012-07-02,22.16,22.57,22.74,21.41,6743,15030000,0.41,1.85,6.00,2.50
2012-07-03,22.55,22.69,23.09,22.20,7201,16360000,0.12,0.53,3.94,2.67
2012-07-04,22.62,22.39,23.15,22.31,15598,35390000,-0.30,-1.32,3.70,5.78
2012-07-05,22.02,21.40,22.19,21.30,9241,19950000,-0.99,-4.42,3.98,3.42
2012-07-06,21.40,21.60,21.73,20.10,20275,41960000,0.20,0.93,7.62,7.51
2012-07-09,21.20,20.78,21.20,20.53,11125,23210000,-0.82,-3.80,3.10,4.12
2012-07-10,19.90,18.70,19.90,18.70,18655,35100000,-2.08,-10.01,5.77,6.91
2012-07-11,18.40,18.00,18.40,17.69,16670,29900000,-0.70,-3.74,3.80,6.17
2012-07-12,18.08,18.48,18.60,17.94,21501,39310000,0.48,2.67,3.67,7.96
2012-07-13,18.45,17.65,18.45,17.36,10844,19390000,-0.83,-4.49,5.90,4.02
2012-07-16,17.75,16.80,17.75,16.78,8821,15010000,-0.85,-4.82,5.50,3.27
2012-07-17,16.62,17.00,17.01,16.40,6421,10750000,0.20,1.19,3.63,2.38
2012-07-18,16.98,16.95,16.98,16.66,9663,16290000,-0.05,-0.29,1.88,3.58
2012-07-19,18.65,18.65,18.65,18.65,4073,7600000,1.70,10.03,0.00,1.51
2012-07-20,20.52,20.52,20.52,20.52,5562,11410000,1.87,10.03,0.00,2.06
2012-07-23,22.20,22.57,22.57,21.66,118693,264550000,2.05,9.99,4.43,43.96
2012-07-24,22.95,22.67,23.73,22.10,138545,317030000,0.10,0.44,7.22,51.31
2012-07-25,22.96,23.70,24.94,22.69,132892,317380000,1.03,4.54,9.93,49.22
2012-07-26,23.32,24.70,25.65,23.16,112147,272860000,1.00,4.22,10.51,41.54
2012-07-27,24.40,24.60,24.97,24.27,65845,161910000,-0.10,-0.40,2.83,24.39
2012-07-30,24.48,24.20,25.29,24.00,65700,161700000,-0.40,-1.63,5.24,24.33
2012-07-31,23.80,23.95,24.75,23.18,57974,139280000,-0.25,-1.03,6.49,21.47
2012-08-01,23.85,23.70,26.35,23.70,108478,270640000,-0.25,-1.04,11.06,40.18
2012-08-02,23.02,24.50,24.50,22.71,92153,218020000,0.80,3.38,7.55,34.13
2012-08-03,24.25,25.46,26.04,24.25,90703,227070000,0.96,3.92,7.31,33.59
2012-08-06,24.80,25.40,25.85,24.60,73881,186900000,-0.06,-0.24,4.91,27.36
2012-08-07,25.37,24.40,26.34,24.31,84477,212110000,-1.00,-3.94,7.99,31.29
2012-08-08,24.21,26.84,26.84,24.00,96640,246980000,2.44,10.00,11.64,35.79
2012-08-09,27.38,27.35,27.92,26.61,100642,273900000,0.51,1.90,4.88,37.27
2012-08-10,26.79,26.61,27.15,26.27,56409,150410000,-0.74,-2.71,3.22,20.89
2012-08-13,26.61,25.70,27.10,25.70,38811,102420000,-0.91,-3.42,5.26,14.37
2012-08-14,25.70,26.45,26.65,25.36,45291,117580000,0.75,2.92,5.02,16.77
2012-08-15,26.12,24.96,26.35,24.90,44662,113870000,-1.49,-5.63,5.48,16.54
2012-08-16,25.02,24.60,25.60,24.31,26660,66550000,-0.36,-1.44,5.17,9.87
2012-08-17,24.50,24.95,25.45,24.32,28082,70120000,0.35,1.42,4.59,10.40
2012-08-20,24.76,25.40,25.60,24.50,27033,68220000,0.45,1.80,4.41,10.01
2012-08-21,25.30,25.75,26.87,25.20,45979,119850000,0.35,1.38,6.57,17.03
2012-08-22,25.81,25.90,26.43,25.53,36472,94720000,0.15,0.58,3.50,13.51
2012-08-23,25.75,24.82,26.12,24.57,46380,116800000,-1.08,-4.17,5.98,17.18
2012-08-24,24.84,25.07,25.40,24.58,24917,62230000,0.25,1.01,3.30,9.23
2012-08-27,24.83,23.87,25.14,23.38,28866,69260000,-1.20,-4.79,7.02,10.69
2012-08-28,23.87,23.86,24.28,23.39,27324,65220000,-0.01,-0.04,3.73,10.12
2012-08-29,23.71,25.15,26.25,23.70,74775,190510000,1.29,5.41,10.69,27.69
2012-08-30,24.79,23.50,25.10,22.64,66870,159550000,-1.65,-6.56,9.78,24.77
2012-08-31,23.49,23.60,23.94,23.22,25619,60540000,0.10,0.43,3.06,9.49
2012-09-03,23.60,24.27,24.63,23.56,33003,79960000,0.67,2.84,4.53,12.22
2012-09-04,24.18,24.38,25.10,24.06,33132,81350000,0.11,0.45,4.29,12.27
2012-09-05,24.25,26.82,26.82,24.18,100926,264170000,2.44,10.01,10.83,37.38
2012-09-06,27.00,26.52,27.76,26.38,76897,207890000,-0.30,-1.12,5.15,28.48
2012-09-07,26.60,27.70,28.38,26.60,80909,221730000,1.18,4.45,6.71,29.97
2012-09-10,27.47,28.95,30.29,27.30,75824,218700000,1.25,4.51,10.79,28.08
2012-09-11,28.70,29.39,29.50,28.40,47339,136830000,0.44,1.52,3.80,17.53
2012-09-12,29.26,28.80,29.48,27.78,49905,142510000,-0.59,-2.01,5.78,18.48
2012-09-13,28.65,28.05,29.10,27.98,31613,90310000,-0.75,-2.60,3.89,11.71
2012-09-14,28.30,27.79,28.69,27.19,43910,122250000,-0.26,-0.93,5.35,16.26
2012-09-17,27.70,27.05,27.87,26.68,36698,99760000,-0.74,-2.66,4.28,13.59
2012-09-18,26.90,27.15,27.50,26.86,23898,64910000,0.10,0.37,2.37,8.85
2012-09-19,27.14,25.70,27.47,25.05,62681,164100000,-1.45,-5.34,8.91,23.22
2012-09-20,26.36,25.10,26.75,24.80,50585,131520000,-0.60,-2.33,7.59,18.74
2012-09-21,25.29,25.10,25.74,24.21,39560,98960000,0.00,0.00,6.10,14.65
2012-09-24,24.89,25.14,25.56,24.60,29103,73040000,0.04,0.16,3.82,10.78
2012-09-25,25.20,23.70,25.80,23.67,50861,125040000,-1.44,-5.73,8.47,18.84
2012-09-26,9.25,9.09,9.35,8.51,92209,82850000,-0.31,-3.30,8.94,13.66
2012-09-27,9.08,10.00,10.00,9.01,147218,142290000,0.91,10.01,10.89,21.81
2012-09-28,10.01,9.51,10.28,9.32,171580,167480000,-0.49,-4.90,9.60,25.42
2012-10-08,9.30,10.46,10.46,9.13,246957,250960000,0.95,9.99,13.99,36.59
2012-10-09,10.21,10.85,11.15,10.19,242780,258260000,0.39,3.73,9.18,35.97
2012-10-10,10.70,10.79,10.98,10.55,164313,176250000,-0.06,-0.55,3.96,24.34
2012-10-11,10.62,9.95,10.62,9.90,152040,155280000,-0.84,-7.79,6.67,22.52
2012-10-12,9.95,9.98,10.29,9.70,84949,84680000,0.03,0.30,5.93,12.59
2012-10-15,9.89,9.19,9.93,9.00,101770,94810000,-0.79,-7.92,9.32,15.08
2012-10-16,9.23,9.10,9.38,9.06,74845,68740000,-0.09,-0.98,3.48,11.09
2012-10-17,9.05,8.97,9.17,8.80,65294,58490000,-0.13,-1.43,4.07,9.67
2012-10-18,9.05,9.15,9.17,8.97,58752,53420000,0.18,2.01,2.23,8.70
2012-10-19,9.15,9.33,9.80,9.11,112952,107370000,0.18,1.97,7.54,16.73
2012-10-22,9.25,9.19,9.26,8.99,57887,52830000,-0.14,-1.50,2.89,8.58
2012-10-23,9.16,9.00,9.36,8.98,62364,57030000,-0.19,-2.07,4.13,9.24
2012-10-24,8.90,8.63,8.92,8.61,81608,71030000,-0.37,-4.11,3.44,12.09
2012-10-25,8.62,8.09,8.68,8.06,84574,70610000,-0.54,-6.26,7.18,12.53
2012-10-26,8.05,7.86,8.18,7.86,51787,41510000,-0.23,-2.84,3.96,7.67
2012-10-29,7.91,8.10,8.25,7.91,57531,46590000,0.24,3.05,4.33,8.52
2012-10-30,8.15,7.98,8.19,7.97,36532,29460000,-0.12,-1.48,2.72,5.41
2012-10-31,7.95,7.72,8.04,7.63,44440,34440000,-0.26,-3.26,5.14,6.58
2012-11-01,7.75,7.97,8.03,7.67,51409,40630000,0.25,3.24,4.66,7.62
2012-11-02,7.99,7.90,8.15,7.84,51596,41040000,-0.07,-0.88,3.89,7.64
2012-11-05,7.82,7.77,7.90,7.71,36667,28510000,-0.13,-1.65,2.41,5.43
2012-11-06,7.78,7.77,7.79,7.42,64065,48500000,0.00,0.00,4.76,9.49
2012-11-07,7.69,7.72,7.78,7.64,31304,24120000,-0.05,-0.64,1.80,4.64
2012-11-08,7.62,7.43,7.62,7.42,36352,27290000,-0.29,-3.76,2.59,5.39
2012-11-09,7.39,7.37,7.48,7.33,20986,15510000,-0.06,-0.81,2.02,3.11
2012-11-12,7.39,7.45,7.46,7.36,22690,16820000,0.08,1.09,1.36,3.36
2012-11-13,7.45,7.08,7.45,7.05,44282,31800000,-0.37,-4.97,5.37,6.56
2012-11-14,7.05,7.29,7.61,7.04,73013,53620000,0.21,2.97,8.05,10.82
2012-11-15,7.20,6.97,7.22,6.97,39738,28250000,-0.32,-4.39,3.43,5.89
2012-11-16,6.91,6.91,7.02,6.80,28337,19480000,-0.06,-0.86,3.16,4.20
2012-11-19,6.92,7.05,7.05,6.78,36480,25170000,0.14,2.03,3.91,5.40
2012-11-20,7.06,7.01,7.27,6.98,40801,29070000,-0.04,-0.57,4.11,6.04
2012-11-21,6.98,7.08,7.10,6.79,39884,27730000,0.07,1.00,4.42,5.91
2012-11-22,7.04,6.91,7.04,6.86,26711,18530000,-0.17,-2.40,2.54,3.96
2012-11-23,6.91,6.89,6.99,6.86,23331,16160000,-0.02,-0.29,1.88,3.46
2012-11-26,6.86,6.73,6.90,6.68,25882,17520000,-0.16,-2.32,3.19,3.83
2012-11-27,6.70,6.33,6.74,6.30,34822,22700000,-0.40,-5.94,6.54,5.16
2012-11-28,6.31,6.37,6.43,6.24,28964,18310000,0.04,0.63,3.00,4.29
2012-11-29,6.38,6.18,6.40,6.17,28215,17810000,-0.19,-2.98,3.61,4.18
2012-11-30,6.18,6.25,6.28,6.09,26326,16370000,0.07,1.13,3.07,3.90
2012-12-03,6.21,5.93,6.27,5.90,27599,16820000,-0.32,-5.12,5.92,4.09
2012-12-04,5.91,6.04,6.07,5.73,45042,26600000,0.11,1.86,5.73,6.67
2012-12-05,6.00,6.27,6.35,5.98,59014,36680000,0.23,3.81,6.13,8.74
2012-12-06,6.21,6.33,6.64,6.21,84162,54070000,0.06,0.96,6.86,12.47
2012-12-07,6.30,6.49,6.49,6.14,82658,52360000,0.16,2.53,5.53,12.25
2012-12-10,6.48,6.83,6.85,6.43,107332,71360000,0.34,5.24,6.47,15.90
2012-12-11,6.75,6.60,6.76,6.57,79941,53310000,-0.23,-3.37,2.78,11.84
2012-12-12,6.64,6.69,6.84,6.52,77558,51880000,0.09,1.36,4.85,11.49
2012-12-13,6.60,6.45,6.68,6.44,49362,32250000,-0.24,-3.59,3.59,7.31
2012-12-14,6.49,6.76,6.94,6.45,87786,58900000,0.31,4.81,7.60,13.01
2012-12-17,6.73,7.06,7.18,6.67,126345,86980000,0.30,4.44,7.54,18.72
2012-12-18,6.99,6.89,7.05,6.83,81146,56210000,-0.17,-2.41,3.12,12.02
2012-12-19,6.98,6.87,7.09,6.83,57966,40250000,-0.02,-0.29,3.77,8.59
2012-12-20,6.80,7.06,7.09,6.78,87759,61240000,0.19,2.77,4.51,13.00
2012-12-21,7.06,7.12,7.43,6.75,143662,101740000,0.06,0.85,9.63,21.28
2012-12-24,7.05,7.09,7.23,6.97,73720,52110000,-0.03,-0.42,3.65,10.92
2012-12-25,7.04,7.27,7.41,6.97,109308,78690000,0.18,2.54,6.21,16.19
2012-12-26,7.25,8.00,8.00,7.20,168476,128730000,0.73,10.04,11.00,24.96
2012-12-27,8.30,8.80,8.80,8.22,320894,273420000,0.80,10.00,7.25,47.54
2012-12-28,8.52,8.70,8.85,8.44,198096,170910000,-0.10,-1.14,4.66,29.35
2012-12-31,8.68,8.40,8.68,8.35,110194,93220000,-0.30,-3.45,3.79,16.33
2013-01-04,8.46,8.41,8.48,8.02,116178,96170000,0.01,0.12,5.48,17.21
2013-01-07,8.30,8.52,8.62,8.16,111913,94090000,0.11,1.31,5.47,16.58
2013-01-08,8.44,8.38,8.55,8.26,89467,75140000,-0.14,-1.64,3.40,13.25
2013-01-09,8.29,8.48,8.66,8.24,118721,100980000,0.10,1.19,5.01,17.59
2013-01-10,8.45,8.45,8.65,8.32,79110,66980000,-0.03,-0.35,3.89,11.72
2013-01-11,8.41,8.07,8.49,7.97,90670,74340000,-0.38,-4.50,6.15,13.43
2013-01-14,8.00,8.31,8.40,7.95,77470,63900000,0.24,2.97,5.58,11.48
2013-01-15,8.34,8.50,8.68,8.33,113951,97010000,0.19,2.29,4.21,16.88
2013-01-16,8.52,8.32,8.56,8.16,74610,62200000,-0.18,-2.12,4.71,11.05
2013-01-17,8.33,8.20,8.37,8.11,48881,40260000,-0.12,-1.44,3.13,7.24
2013-01-18,8.20,8.45,8.49,8.15,62171,51770000,0.25,3.05,4.15,9.21
2013-01-21,8.50,8.41,8.58,8.34,56322,47440000,-0.04,-0.47,2.84,8.34
2013-01-22,8.35,8.09,8.48,8.07,56875,46990000,-0.32,-3.81,4.88,8.43
2013-01-23,7.90,7.63,7.94,7.48,87306,66470000,-0.46,-5.69,5.69,12.93
2013-01-24,7.53,7.22,7.69,7.04,83076,61460000,-0.41,-5.37,8.52,12.31
2013-01-25,7.16,7.20,7.29,7.16,32091,23140000,-0.02,-0.28,1.80,4.75
2013-01-28,7.20,7.39,7.40,7.13,45507,33140000,0.19,2.64,3.75,6.74
2013-01-29,7.38,7.47,7.54,7.34,51318,38150000,0.08,1.08,2.71,7.60
2013-01-30,7.50,7.40,7.53,7.31,41473,30630000,-0.07,-0.94,2.95,6.14
2013-01-31,7.40,7.15,7.41,7.13,42579,30730000,-0.25,-3.38,3.78,6.31
2013-02-01,7.14,7.18,7.23,7.07,28048,20130000,0.03,0.42,2.24,4.16
2013-02-04,7.18,7.36,7.38,7.05,45829,33050000,0.18,2.51,4.60,6.79
2013-02-05,7.31,7.37,7.43,7.23,28833,21140000,0.01,0.14,2.72,4.27
2013-02-06,7.40,7.40,7.55,7.34,39514,29520000,0.03,0.41,2.85,5.85
2013-02-07,7.37,7.33,7.40,7.26,25162,18440000,-0.07,-0.95,1.89,3.73
2013-02-08,7.33,7.47,7.54,7.33,30691,22890000,0.14,1.91,2.86,4.55
2013-02-18,7.66,7.97,8.04,7.66,104912,82590000,0.50,6.69,5.09,15.54
2013-02-19,7.87,7.72,8.00,7.63,61261,47630000,-0.25,-3.14,4.64,9.08
2013-02-20,7.67,7.91,7.95,7.67,56476,44360000,0.19,2.46,3.63,8.37
2013-02-21,7.91,7.72,7.91,7.60,44887,34710000,-0.19,-2.40,3.92,6.65
2013-02-22,7.73,7.67,7.81,7.62,34840,26910000,-0.05,-0.65,2.46,5.16
2013-02-25,7.72,7.84,7.89,7.66,40456,31660000,0.17,2.22,3.00,5.99
2013-02-26,7.78,7.55,7.87,7.48,41683,32160000,-0.29,-3.70,4.97,6.18
2013-02-27,7.56,7.43,7.65,7.32,41944,31300000,-0.12,-1.59,4.37,6.21
2013-02-28,7.50,7.62,7.65,7.39,32318,24270000,0.19,2.56,3.50,4.79
2013-03-01,7.59,7.82,7.85,7.56,57485,44540000,0.20,2.62,3.81,8.52
2013-03-04,7.78,7.54,7.78,7.49,41914,31950000,-0.28,-3.58,3.71,6.21
2013-03-05,7.47,7.78,7.78,7.47,38582,29560000,0.24,3.18,4.11,5.72
2013-03-06,7.85,8.29,8.45,7.75,116926,94530000,0.51,6.56,9.00,17.32
2013-03-07,8.20,7.99,8.21,7.89,68058,54890000,-0.30,-3.62,3.86,10.08
2013-03-08,7.99,7.85,8.09,7.83,35688,28290000,-0.14,-1.75,3.25,5.29
2013-03-11,7.81,7.95,8.04,7.81,26735,21240000,0.10,1.27,2.93,3.96
2013-03-12,7.92,7.58,8.04,7.50,35860,27660000,-0.37,-4.65,6.79,5.31
2013-03-13,7.63,7.35,7.63,7.22,31131,22860000,-0.23,-3.03,5.41,4.61
2013-03-14,7.30,7.36,7.43,7.30,19330,14240000,0.01,0.14,1.77,2.86
2013-03-15,7.31,7.39,7.47,7.25,24308,17920000,0.03,0.41,2.99,3.60
2013-03-18,7.35,7.10,7.35,7.07,25237,18170000,-0.29,-3.92,3.79,3.74
2013-03-19,7.19,7.19,7.20,7.02,14014,9980000,0.09,1.27,2.54,2.08
2013-03-20,7.19,7.37,7.39,7.14,22100,16130000,0.18,2.50,3.48,3.27
2013-03-21,7.40,7.40,7.48,7.33,23764,17620000,0.03,0.41,2.04,3.52
2013-03-22,7.40,7.43,7.47,7.35,15793,11720000,0.03,0.41,1.62,2.34
2013-03-25,7.46,7.37,7.49,7.33,16030,11810000,-0.06,-0.81,2.15,2.37
2013-03-26,7.37,7.14,7.37,7.08,23501,16840000,-0.23,-3.12,3.93,3.48
2013-03-27,7.16,7.30,7.49,7.16,24394,17900000,0.16,2.24,4.62,3.61
2013-03-28,7.21,7.05,7.21,7.05,22888,16250000,-0.25,-3.42,2.19,3.39
2013-03-29,7.06,7.06,7.14,7.03,12521,8840000,0.01,0.14,1.56,1.86
2013-04-01,7.05,7.13,7.20,7.05,12446,8860000,0.07,0.99,2.12,1.84
2013-04-02,7.09,6.98,7.16,6.95,15355,10850000,-0.15,-2.10,2.95,2.27
2013-04-03,6.91,6.65,6.97,6.50,24722,16480000,-0.33,-4.73,6.73,3.66
2013-04-08,6.60,6.52,6.60,6.24,22828,14610000,-0.13,-1.95,5.41,3.38
2013-04-09,6.52,6.57,6.62,6.49,11194,7350000,0.05,0.77,1.99,1.66
2013-04-10,6.62,6.49,6.62,6.38,13420,8700000,-0.08,-1.22,3.65,1.99
2013-04-11,6.52,6.63,6.73,6.49,25645,16990000,0.14,2.16,3.70,3.80
2013-04-12,6.58,6.59,6.73,6.58,12622,8390000,-0.04,-0.60,2.26,1.87
2013-04-15,6.52,6.44,6.58,6.35,12142,7820000,-0.15,-2.28,3.49,1.80
2013-04-16,6.32,6.54,6.54,6.26,8454,5420000,0.10,1.55,4.35,1.25
2013-04-17,6.50,6.66,6.71,6.49,12339,8200000,0.12,1.83,3.36,1.83
2013-04-18,6.90,7.23,7.33,6.88,124519,90490000,0.57,8.56,6.76,18.45
2013-04-19,6.98,7.25,7.42,6.97,91635,66220000,0.02,0.28,6.22,13.58
2013-04-22,7.12,7.26,7.50,7.10,68095,49720000,0.01,0.14,5.52,10.09
2013-04-23,7.30,6.97,7.30,6.88,39325,27760000,-0.29,-3.99,5.79,5.83
2013-04-24,6.94,7.40,7.40,6.94,67540,49130000,0.43,6.17,6.60,10.01
2013-04-25,7.41,7.70,7.98,7.32,116298,89460000,0.30,4.05,8.92,17.23
2013-04-26,7.60,7.50,7.95,7.42,59899,46080000,-0.20,-2.60,6.88,8.87
2013-05-02,7.40,7.35,7.40,7.00,41105,29550000,-0.15,-2.00,5.33,6.09
2013-05-03,7.28,7.51,7.65,7.25,43186,32480000,0.16,2.18,5.44,6.40
2013-05-06,7.55,7.70,7.78,7.40,49333,37490000,0.19,2.53,5.06,7.31
2013-05-07,7.61,7.49,7.64,7.40,40218,30270000,-0.21,-2.73,3.12,5.96
2013-05-08,7.54,7.71,7.77,7.42,43560,33110000,0.22,2.94,4.67,6.45
2013-05-09,7.80,7.94,8.02,7.71,71742,56540000,0.23,2.98,4.02,10.63
2013-05-10,7.94,8.17,8.20,7.66,80850,64140000,0.23,2.90,6.80,11.98
2013-05-13,8.14,8.34,8.45,7.98,99866,82720000,0.17,2.08,5.75,14.80
2013-05-14,8.31,8.18,8.43,8.12,53606,44080000,-0.16,-1.92,3.72,7.94
2013-05-15,8.12,9.00,9.00,8.03,137779,119270000,0.82,10.02,11.86,20.41
2013-05-16,9.20,8.86,9.49,8.76,190903,174270000,-0.14,-1.56,8.11,28.28
2013-05-17,8.76,9.62,9.75,8.67,181258,168640000,0.76,8.58,12.19,26.85
2013-05-20,9.66,10.58,10.58,9.66,220207,227850000,0.96,9.98,9.56,32.62
2013-05-21,10.58,11.40,11.46,10.58,157544,173170000,0.82,7.75,8.32,23.34
2013-05-22,11.35,10.88,11.35,10.27,170212,182640000,-0.52,-4.56,9.47,25.22
2013-05-23,10.60,10.76,11.29,10.40,144911,157860000,-0.12,-1.10,8.18,21.47
2013-05-24,10.81,11.82,11.84,10.60,179515,204050000,1.06,9.85,11.52,26.59
2013-05-28,11.70,10.85,11.70,10.64,140079,154350000,-0.97,-8.21,8.97,20.75
2013-05-29,11.10,11.94,11.94,11.10,182199,215370000,1.09,10.05,7.74,26.99
2013-05-30,12.39,12.65,12.90,12.08,204789,254950000,0.71,5.95,6.87,30.34
2013-05-31,12.23,12.38,12.63,12.15,103625,128260000,-0.27,-2.13,3.79,15.35
2013-06-03,12.32,11.96,12.82,11.65,109460,133960000,-0.42,-3.39,9.45,16.22
2013-06-04,11.91,12.31,12.45,11.68,103445,124410000,0.35,2.93,6.44,15.33
2013-06-05,12.35,13.06,13.40,12.03,140061,179580000,0.75,6.09,11.13,20.75
2013-06-06,12.60,12.29,12.81,12.11,88930,110780000,-0.77,-5.90,5.36,13.17
2013-06-07,12.13,11.47,12.50,11.20,94236,109920000,-0.82,-6.67,10.58,13.96
2013-06-13,11.16,11.15,11.20,10.32,65045,70040000,-0.32,-2.79,7.67,9.64
2013-06-14,11.10,11.82,12.03,10.98,95420,111120000,0.67,6.01,9.42,14.14
2013-06-17,11.79,11.64,12.07,11.52,76540,90310000,-0.18,-1.52,4.65,11.34
2013-06-18,11.70,11.65,11.87,11.01,51545,58750000,0.01,0.09,7.39,7.64
2013-06-19,11.58,11.98,12.09,11.40,53855,63760000,0.33,2.83,5.92,7.98
2013-06-20,11.85,12.60,13.01,11.66,143745,181740000,0.62,5.18,11.27,21.30
2013-06-21,12.47,13.86,13.86,12.13,164841,218390000,1.26,10.00,13.73,24.42
2013-06-24,14.19,13.58,14.20,12.63,147813,201910000,-0.28,-2.02,11.33,21.90
2013-06-25,13.33,13.12,13.79,12.22,118485,152050000,-0.46,-3.39,11.56,17.55
2013-06-26,13.00,14.43,14.43,12.78,160124,222150000,1.31,9.98,12.58,23.72
2013-06-27,14.51,14.11,15.20,13.90,161272,234500000,-0.32,-2.22,9.01,23.89
2013-06-28,14.20,14.08,15.00,13.58,111891,160740000,-0.03,-0.21,10.06,16.58
2013-07-01,13.53,14.43,14.43,12.92,111380,152050000,0.35,2.49,10.72,16.50
2013-07-02,14.00,13.66,14.35,13.50,181652,251380000,-0.77,-5.34,5.89,26.91
2013-07-03,13.30,13.50,13.74,12.89,125724,167490000,-0.16,-1.17,6.22,18.63
2013-07-04,13.21,12.75,13.72,12.74,105761,139860000,-0.75,-5.56,7.26,15.67
2013-07-05,12.92,12.16,13.25,12.15,113184,144400000,-0.59,-4.63,8.63,16.77
2013-07-08,11.78,10.97,11.80,10.95,116691,131810000,-1.19,-9.79,6.99,17.29
2013-07-09,10.97,11.23,11.25,10.66,96586,106180000,0.26,2.37,5.38,14.31
2013-07-10,11.10,11.45,11.63,11.04,94049,107050000,0.22,1.96,5.25,13.93
2013-07-11,11.36,11.46,11.78,10.88,111807,126640000,0.01,0.09,7.86,16.56
2013-07-12,11.39,11.51,12.05,11.30,89666,105340000,0.05,0.44,6.54,12.99
2013-07-15,11.60,11.93,12.00,11.56,94330,111310000,0.42,3.65,3.82,13.67
2013-07-16,11.97,12.78,12.86,11.95,144740,179280000,0.85,7.12,7.63,20.97
2013-07-17,13.00,12.55,13.25,12.36,125410,160100000,-0.23,-1.80,6.96,18.17
2013-07-18,12.60,12.42,12.88,12.33,69924,88010000,-0.13,-1.04,4.38,10.13
2013-07-19,12.43,11.51,12.60,11.47,85341,104170000,-0.91,-7.33,9.10,12.37
2013-07-22,11.40,11.80,11.81,11.00,71427,82400000,0.29,2.52,7.04,10.35
2013-07-23,11.91,12.38,12.47,11.67,89830,108320000,0.58,4.92,6.78,13.02
2013-07-24,12.25,12.52,12.66,12.22,77393,96800000,0.14,1.13,3.55,11.21
2013-07-25,12.51,11.41,12.65,11.35,95202,112720000,-1.11,-8.87,10.38,13.79
2013-07-26,11.35,11.03,11.60,10.81,72940,81180000,-0.38,-3.33,6.92,10.57
2013-07-29,11.20,11.18,11.54,11.00,53619,60580000,0.15,1.36,4.90,7.77
2013-07-30,11.20,10.72,11.30,10.23,47808,51480000,-0.46,-4.11,9.57,6.93
2013-07-31,10.75,10.96,11.35,10.60,50898,56020000,0.24,2.24,7.00,7.37
2013-08-01,10.95,11.45,11.47,10.77,57886,64950000,0.49,4.47,6.39,8.39
2013-08-02,11.38,12.06,12.45,11.33,138916,167570000,0.61,5.33,9.78,20.13
2013-08-05,11.97,12.19,12.28,11.90,102906,125070000,0.13,1.08,3.15,14.91
2013-08-06,12.15,12.00,12.17,11.81,65279,78160000,-0.19,-1.56,2.95,9.46
2013-08-07,11.98,11.35,12.25,11.32,60353,70700000,-0.65,-5.42,7.75,8.74
2013-08-08,11.19,11.38,11.57,11.01,46114,51970000,0.03,0.26,4.93,6.68
2013-08-09,11.42,11.14,11.50,10.79,65204,72150000,-0.24,-2.11,6.24,9.45
2013-08-12,11.10,11.35,11.38,10.91,49849,55650000,0.21,1.89,4.22,7.22
2013-08-13,11.30,11.42,11.60,11.00,71165,80860000,0.07,0.62,5.29,10.31
2013-08-14,11.38,11.19,11.41,11.02,43947,49150000,-0.23,-2.01,3.42,6.37
2013-08-15,11.18,10.99,11.26,10.97,31300,34820000,-0.20,-1.79,2.59,4.54
2013-08-16,11.00,10.64,11.24,10.55,44726,48800000,-0.35,-3.18,6.28,6.48
2013-08-19,10.66,10.78,10.89,10.66,33041,35650000,0.14,1.32,2.16,4.79
2013-08-20,10.77,11.28,11.43,10.71,101691,113920000,0.50,4.64,6.68,14.73
2013-08-21,11.23,11.46,11.53,11.03,77088,87660000,0.18,1.60,4.43,11.17
2013-08-22,11.39,11.26,11.45,11.17,54074,61060000,-0.20,-1.75,2.44,7.84
2013-08-23,11.35,11.84,11.88,11.27,113480,132170000,0.58,5.15,5.42,16.44
2013-08-26,11.80,11.95,12.30,11.76,93466,113110000,0.11,0.93,4.56,13.54
2013-08-27,11.90,11.97,12.16,11.71,49023,58750000,0.02,0.17,3.77,7.10
2013-08-28,11.88,11.35,11.88,11.31,69246,80140000,-0.62,-5.18,4.76,10.03
2013-08-29,11.30,11.39,11.59,11.25,27346,31210000,0.04,0.35,3.00,3.96
2013-08-30,11.48,10.92,11.48,10.68,49966,54940000,-0.47,-4.13,7.02,7.24
2013-09-02,10.88,11.14,11.14,10.76,20496,22530000,0.22,2.01,3.48,2.97
2013-09-03,11.10,11.16,11.24,11.05,20156,22460000,0.02,0.18,1.71,2.92
2013-09-04,11.20,10.96,11.21,10.85,28573,31360000,-0.20,-1.79,3.23,4.14
2013-09-05,10.92,11.72,11.95,10.88,86654,99610000,0.76,6.93,9.76,12.56
2013-09-06,11.65,11.58,11.70,11.44,41964,48440000,-0.14,-1.19,2.22,6.08
2013-09-09,11.58,11.50,11.58,11.06,51047,57820000,-0.08,-0.69,4.49,7.40
2013-09-10,11.45,11.59,11.75,11.40,37862,43790000,0.09,0.78,3.04,5.49
2013-09-11,11.55,11.30,11.55,11.00,34526,38630000,-0.29,-2.50,4.75,5.00
2013-09-12,11.25,11.02,11.43,10.92,36693,40770000,-0.28,-2.48,4.51,5.32
2013-09-13,11.02,11.04,11.06,10.71,23852,26020000,0.02,0.18,3.18,3.46
2013-09-16,10.96,11.21,11.39,10.95,39885,44440000,0.17,1.54,3.99,5.78
2013-09-17,11.18,10.86,11.22,10.85,23387,25680000,-0.35,-3.12,3.30,3.39
2013-09-18,10.85,10.91,10.97,10.78,10309,11230000,0.05,0.46,1.75,1.49
2013-09-23,10.90,11.19,11.22,10.88,24224,26970000,0.28,2.57,3.12,3.51
2013-09-24,11.19,11.05,11.19,10.88,29707,32670000,-0.14,-1.25,2.77,4.30
2013-09-25,10.98,10.75,11.05,10.73,29468,31960000,-0.30,-2.71,2.90,4.27
2013-09-26,10.75,10.56,10.98,10.55,24263,26050000,-0.19,-1.77,4.00,3.52
2013-09-27,10.60,10.34,10.67,10.31,26871,27950000,-0.22,-2.08,3.41,3.89
2013-09-30,10.31,10.60,10.66,10.29,21602,22840000,0.26,2.51,3.58,3.13
2013-10-08,10.60,10.87,10.94,10.46,27409,29470000,0.27,2.55,4.53,3.97
2013-10-09,10.90,11.19,11.28,10.75,43967,49010000,0.32,2.94,4.88,6.37
2013-10-10,11.16,10.82,11.16,10.80,25991,28390000,-0.37,-3.31,3.22,3.77
2013-10-11,10.83,10.78,10.94,10.60,24175,26060000,-0.04,-0.37,3.14,3.50
2013-10-14,10.77,10.63,10.77,10.46,28586,30240000,-0.15,-1.39,2.88,4.14
2013-10-15,10.64,10.77,10.97,10.60,28542,30770000,0.14,1.32,3.48,4.14
2013-10-16,10.77,9.93,10.78,9.87,54373,54860000,-0.84,-7.80,8.45,7.88
2013-10-17,9.91,9.98,10.11,9.91,20548,20580000,0.05,0.50,2.01,2.98
2013-10-18,9.99,9.55,10.06,9.53,40160,38920000,-0.43,-4.31,5.31,5.82
2013-10-21,9.65,9.97,9.98,9.62,25964,25480000,0.42,4.40,3.77,3.76
2013-10-22,10.01,10.26,10.26,9.86,43503,43620000,0.29,2.91,4.01,6.30
2013-10-23,10.20,9.71,10.23,9.66,35022,34830000,-0.55,-5.36,5.56,5.07
2013-10-24,9.60,9.53,9.68,9.48,19420,18550000,-0.18,-1.85,2.06,2.81
2013-10-25,9.62,9.05,9.63,9.05,28686,26530000,-0.48,-5.04,6.09,4.16
2013-10-28,9.05,9.01,9.13,9.00,14592,13230000,-0.04,-0.44,1.44,2.11
2013-10-29,9.02,8.50,9.13,8.12,30435,26080000,-0.51,-5.66,11.21,4.41
2013-10-30,8.43,8.51,8.59,8.30,24920,21030000,0.01,0.12,3.41,3.61
2013-10-31,8.40,8.37,8.48,8.30,16495,13810000,-0.14,-1.65,2.12,2.39
2013-11-01,8.35,8.34,8.38,8.11,16755,13780000,-0.03,-0.36,3.23,2.43
2013-11-04,8.31,8.38,8.49,8.26,15386,12920000,0.04,0.48,2.76,2.23
2013-11-05,8.40,8.60,8.60,8.20,20136,17080000,0.22,2.63,4.77,2.92
2013-11-06,8.60,8.97,9.35,8.53,56554,50670000,0.37,4.30,9.53,8.19
2013-11-07,8.95,8.81,9.04,8.73,26343,23380000,-0.16,-1.78,3.46,3.82
2013-11-08,8.72,8.70,8.93,8.62,19564,17130000,-0.11,-1.25,3.52,2.83
2013-11-11,8.70,8.89,8.96,8.70,16512,14590000,0.19,2.18,2.99,2.39
2013-11-12,8.93,8.86,9.00,8.72,16883,14940000,-0.03,-0.34,3.15,2.45
2013-11-13,8.88,8.42,8.88,8.40,18031,15560000,-0.44,-4.97,5.42,2.61
2013-11-14,8.31,8.55,8.63,8.20,22141,18710000,0.13,1.54,5.11,3.21
2013-11-15,8.54,8.78,8.86,8.51,22585,19740000,0.23,2.69,4.09,3.27
2013-11-18,8.85,8.95,8.97,8.78,32998,29400000,0.17,1.94,2.16,4.78
2013-11-19,8.96,9.85,9.85,8.90,46415,44780000,0.90,10.06,10.61,6.73
2013-11-20,10.00,10.12,10.58,9.82,131809,134180000,0.27,2.74,7.72,19.10
2013-11-21,10.12,10.26,10.55,10.12,94677,97830000,0.14,1.38,4.25,13.72
2013-11-22,10.04,10.00,10.24,9.90,58794,58950000,-0.26,-2.53,3.31,8.52
2013-11-25,9.90,9.75,9.93,9.54,48010,46770000,-0.25,-2.50,3.90,6.96
2013-11-26,9.70,9.96,10.00,9.59,46889,46120000,0.21,2.15,4.21,6.79
2013-11-27,9.90,9.92,10.13,9.83,44293,44100000,-0.04,-0.40,3.01,6.39
2013-11-28,9.95,10.16,10.19,9.85,55440,55650000,0.24,2.42,3.43,8.00
2013-11-29,10.19,10.39,10.47,10.15,59749,61840000,0.23,2.26,3.15,8.62
2013-12-02,9.54,9.35,9.90,9.35,63768,60800000,-1.04,-10.01,5.29,9.20
2013-12-03,8.90,9.08,9.18,8.43,51490,45180000,-0.27,-2.89,8.02,7.43
2013-12-04,8.94,8.90,9.22,8.86,44634,40420000,-0.18,-1.98,3.96,6.44
2013-12-05,8.86,8.96,9.24,8.73,34957,31520000,0.06,0.67,5.73,5.04
2013-12-06,8.82,8.92,8.96,8.81,20459,18170000,-0.04,-0.45,1.67,2.95
2013-12-09,8.90,9.09,9.14,8.90,18617,16840000,0.17,1.91,2.69,2.69
2013-12-10,9.12,9.00,9.15,8.90,22059,19830000,-0.09,-0.99,2.75,3.18
2013-12-11,9.00,8.89,9.07,8.82,18266,16370000,-0.11,-1.22,2.78,2.64
2013-12-12,8.90,9.07,9.12,8.80,27294,24740000,0.18,2.02,3.60,3.94
2013-12-13,9.08,9.15,9.22,8.95,29943,27320000,0.08,0.88,2.98,4.32
2013-12-16,9.11,9.04,9.34,9.00,27089,24800000,-0.11,-1.20,3.72,3.91
2013-12-17,8.99,9.16,9.29,8.80,31606,28720000,0.12,1.33,5.42,4.56
2013-12-18,9.19,10.08,10.08,9.16,67109,66020000,0.92,10.04,10.04,9.68
2013-12-19,10.50,10.88,10.96,10.22,230974,244080000,0.80,7.94,7.34,33.32
2013-12-20,10.62,10.51,10.78,10.35,127315,134160000,-0.37,-3.40,3.95,18.37
2013-12-23,10.53,9.99,10.59,9.87,86143,87550000,-0.52,-4.95,6.85,12.43
2013-12-24,9.96,9.96,10.48,9.70,125698,126830000,-0.03,-0.30,7.81,18.13
2013-12-25,9.96,10.40,10.40,9.78,118019,120300000,0.44,4.42,6.22,17.03
2013-12-26,10.28,10.11,10.39,10.10,74861,76410000,-0.29,-2.79,2.79,10.80
2013-12-27,9.98,10.64,10.85,9.81,125701,130810000,0.53,5.24,10.29,18.13
2013-12-30,10.60,10.61,11.06,10.43,114676,123060000,-0.03,-0.28,5.92,15.46
2013-12-31,10.55,10.27,10.76,10.19,63962,66410000,-0.34,-3.20,5.37,8.62
2014-01-02,10.20,11.30,11.30,10.12,93361,102230000,1.03,10.03,11.49,12.58
2014-01-03,12.43,12.43,12.43,11.88,192332,238040000,1.13,10.00,4.87,25.92
2014-01-06,12.65,12.58,13.27,12.14,304022,386350000,0.15,1.21,9.09,40.98
2014-01-07,12.58,12.74,12.88,12.20,190294,239150000,0.16,1.27,5.41,25.65
2014-01-08,12.50,13.10,13.90,12.34,286301,374840000,0.36,2.83,12.24,38.59
2014-01-09,13.33,13.24,14.01,13.10,248206,335430000,0.14,1.07,6.95,33.45
2014-01-10,12.80,12.27,13.15,12.00,204267,257310000,-0.97,-7.33,8.69,27.53
2014-01-13,12.25,11.98,12.53,11.83,137597,168690000,-0.29,-2.36,5.71,18.55
2014-01-14,12.00,12.70,12.74,11.87,183402,226600000,0.72,6.01,7.26,24.72
2014-01-15,12.80,13.27,13.65,12.73,198352,261380000,0.57,4.49,7.24,26.73
2014-01-16,13.06,12.87,13.95,12.80,169255,223930000,-0.40,-3.01,8.67,22.81
2014-01-17,12.88,12.91,13.28,12.51,100887,130270000,0.04,0.31,5.98,13.60
2014-01-20,12.89,12.95,13.49,12.70,106075,138800000,0.04,0.31,6.12,14.30
2014-01-21,13.01,13.85,14.15,12.81,168601,228400000,0.90,6.95,10.35,22.72
2014-01-22,13.66,13.56,13.84,13.14,152562,205950000,-0.29,-2.09,5.05,20.56
2014-01-23,13.51,13.60,13.95,13.44,150699,205960000,0.04,0.30,3.76,20.31
2014-01-24,13.55,13.26,13.85,13.16,175944,235970000,-0.34,-2.50,5.07,23.71
2014-01-27,13.11,12.86,13.11,12.76,117882,152360000,-0.40,-3.02,2.64,15.89
2014-01-28,12.90,11.90,12.90,11.70,142371,172650000,-0.96,-7.47,9.33,19.19
2014-01-29,11.92,12.06,12.15,11.80,78932,94670000,0.16,1.34,2.94,10.64
2014-01-30,11.94,11.55,11.98,11.54,62924,73590000,-0.51,-4.23,3.65,8.48
2014-02-07,11.42,12.50,12.56,11.41,116883,142470000,0.95,8.23,9.96,14.66
2014-02-10,12.44,12.62,12.68,12.32,120878,151840000,0.12,0.96,2.88,15.16
2014-02-11,12.60,12.65,13.14,12.50,112393,143800000,0.03,0.24,5.07,14.09
2014-02-12,12.63,13.04,13.09,12.48,90530,116000000,0.39,3.08,4.82,11.35
2014-02-13,12.91,12.37,13.05,12.35,79626,101510000,-0.67,-5.14,5.37,9.99
2014-02-14,12.37,12.51,12.59,12.13,53684,66610000,0.14,1.13,3.72,6.73
2014-02-17,12.46,12.95,12.98,12.46,81579,104630000,0.44,3.52,4.16,10.23
2014-02-18,12.90,13.21,13.50,12.76,132301,174720000,0.26,2.01,5.71,16.59
2014-02-19,13.12,12.90,13.28,12.76,84474,109530000,-0.31,-2.35,3.94,10.59
2014-02-20,12.99,12.28,13.07,12.02,68335,85150000,-0.62,-4.81,8.14,8.54
2014-02-21,12.27,12.37,12.63,12.20,30437,37710000,0.09,0.73,3.50,3.80
2014-02-24,12.30,12.91,12.96,12.19,73523,93520000,0.54,4.37,6.22,9.19
2014-02-25,12.88,12.03,13.35,11.82,114202,146890000,-0.88,-6.82,11.85,14.27
2014-02-26,11.81,11.85,11.94,11.45,55184,64540000,-0.18,-1.50,4.07,6.89
2014-02-27,11.80,11.36,12.14,11.31,42436,49930000,-0.49,-4.14,7.00,5.30
2014-02-28,11.20,11.08,11.22,10.62,52986,58050000,-0.28,-2.46,5.28,6.62
2014-03-03,11.11,11.44,11.44,11.02,40276,45490000,0.36,3.25,3.79,5.03
2014-03-04,11.35,11.72,11.80,11.16,39669,45610000,0.28,2.45,5.59,4.96
2014-03-05,11.70,11.50,11.78,11.40,25355,29460000,-0.22,-1.88,3.24,3.17
2014-03-06,11.43,11.38,11.56,11.13,24662,28000000,-0.12,-1.04,3.74,3.08
2014-03-07,11.36,11.44,11.74,11.23,30712,35260000,0.06,0.53,4.48,3.84
2014-03-10,11.50,11.57,11.72,11.25,49606,57270000,0.13,1.14,4.11,6.20
2014-03-11,11.45,11.55,11.60,11.13,29906,34180000,-0.02,-0.17,4.06,3.74
2014-03-12,11.56,11.99,12.01,11.45,70164,82800000,0.44,3.81,4.85,8.77
2014-06-20,12.38,13.16,13.16,12.00,191253,248770000,1.20,10.03,9.70,23.89
2014-06-23,13.52,13.03,13.53,12.86,135260,177260000,-0.13,-0.99,5.09,16.90
2014-06-24,13.09,12.83,13.09,12.64,86351,110830000,-0.20,-1.53,3.45,10.79
2014-06-25,12.85,12.75,12.95,12.51,53042,67170000,-0.08,-0.62,3.43,6.63
2014-06-26,12.71,13.01,13.19,12.68,81121,105580000,0.26,2.04,4.00,10.13
2014-06-27,12.78,12.76,13.05,12.60,61936,79240000,-0.25,-1.92,3.46,7.74
2014-06-30,12.90,13.35,13.46,12.65,72494,95600000,0.59,4.62,6.35,9.06
2014-07-01,13.37,13.32,13.50,13.01,54449,72120000,-0.03,-0.22,3.67,6.80
2014-07-02,13.33,13.25,13.44,13.05,55215,73100000,-0.07,-0.53,2.93,6.90
2014-07-03,13.28,13.80,14.25,13.11,109568,151510000,0.55,4.15,8.60,13.69
2014-07-04,13.60,13.60,13.79,13.31,61455,83110000,-0.20,-1.45,3.48,7.68
2014-07-07,13.60,13.35,13.62,13.11,47564,63010000,-0.25,-1.84,3.75,5.94
2014-07-08,13.28,13.33,13.36,13.08,21822,28900000,-0.02,-0.15,2.10,2.73
2014-07-09,13.33,13.02,13.55,12.90,41523,55090000,-0.31,-2.33,4.88,5.19
2014-07-10,12.95,13.02,13.16,12.87,30346,39450000,0.00,0.00,2.23,3.79
2014-07-11,13.00,13.25,13.47,12.96,29462,39110000,0.23,1.77,3.92,3.68
2014-07-14,13.23,13.47,13.51,13.10,29923,39860000,0.22,1.66,3.09,3.74
2014-07-15,13.53,13.37,13.74,13.31,33333,44990000,-0.10,-0.74,3.19,4.16
2014-07-16,13.21,12.72,13.37,12.68,34587,45050000,-0.65,-4.86,5.16,4.32
2014-07-17,12.72,12.45,12.96,12.30,24627,30940000,-0.27,-2.12,5.19,3.08
2014-07-18,12.46,12.54,12.75,12.45,12802,16160000,0.09,0.72,2.41,1.60
2014-07-21,12.45,12.38,12.76,12.32,19565,24420000,-0.16,-1.28,3.51,2.14
2014-07-22,12.40,12.48,12.61,12.29,14136,17590000,0.10,0.81,2.58,1.55
2014-07-23,12.55,12.08,12.55,12.00,25713,31440000,-0.40,-3.21,4.41,2.82
2014-07-24,12.15,11.70,12.17,11.44,29534,34470000,-0.38,-3.15,6.04,3.23
2014-07-25,11.68,11.77,11.82,11.54,19361,22620000,0.07,0.60,2.39,2.12
2014-07-28,11.90,12.40,12.54,11.80,29490,36040000,0.63,5.35,6.29,3.23
2014-07-29,12.43,12.60,12.85,12.40,25671,32570000,0.20,1.61,3.63,2.81
2014-07-30,12.70,12.67,12.70,12.50,15740,19880000,0.07,0.56,1.59,1.72
2014-07-31,12.70,12.84,13.00,12.56,20468,26150000,0.17,1.34,3.47,2.24
2014-08-01,12.78,12.95,13.17,12.69,41136,53580000,0.11,0.86,3.74,4.50
2014-08-04,12.91,12.85,13.14,12.79,17382,22490000,-0.10,-0.77,2.70,1.90
2014-08-05,12.86,13.03,13.19,12.70,22027,28450000,0.18,1.40,3.81,2.41
2014-08-06,12.90,12.98,13.11,12.72,18975,24520000,-0.05,-0.38,2.99,2.08
2014-08-07,12.98,13.14,13.32,12.88,40326,52970000,0.16,1.23,3.39,4.42
2014-08-08,13.08,13.22,13.25,13.01,29411,38680000,0.08,0.61,1.83,3.22
2014-08-11,13.27,13.39,13.50,13.14,26850,35980000,0.17,1.29,2.72,2.94
2014-08-12,13.42,13.18,13.46,13.05,33355,44100000,-0.21,-1.57,3.06,3.65
2014-08-13,13.20,13.27,13.40,13.10,33144,43980000,0.09,0.68,2.28,3.63
2014-08-14,13.27,13.27,13.53,13.21,27905,37290000,0.00,0.00,2.41,3.06
2014-08-15,13.27,14.13,14.50,13.19,88810,123520000,0.86,6.48,9.87,9.72
2014-08-18,12.93,13.43,13.73,12.92,138420,182540000,-0.70,-4.95,5.73,15.16
2014-08-19,13.22,13.20,13.42,13.10,70400,93180000,-0.23,-1.71,2.38,7.71
2014-08-20,13.13,12.92,13.29,12.76,152101,196070000,-0.28,-2.12,4.02,16.66
2014-08-21,12.88,13.37,13.40,12.68,110459,143860000,0.45,3.48,5.57,12.10
2014-08-22,13.21,13.19,13.30,13.07,71154,93660000,-0.18,-1.35,1.72,7.79
2014-08-25,13.12,13.06,13.27,13.03,39807,52400000,-0.13,-0.99,1.82,4.36
2014-08-26,13.01,12.81,13.03,12.78,46564,59880000,-0.25,-1.91,1.91,5.10
2014-08-27,12.78,12.91,12.93,12.78,26712,34380000,0.10,0.78,1.17,2.92
2014-08-28,12.91,12.48,12.97,12.45,31165,39610000,-0.43,-3.33,4.03,3.41
2014-08-29,12.55,12.75,12.77,12.45,22404,28390000,0.27,2.16,2.56,2.45
2014-09-01,12.75,13.01,13.03,12.73,30079,38880000,0.26,2.04,2.35,3.29
2014-09-02,13.09,13.16,13.18,12.98,48307,63300000,0.15,1.15,1.54,5.29
2014-09-03,13.17,13.69,13.88,13.17,114492,154940000,0.53,4.03,5.40,12.54
2014-09-04,13.66,14.05,14.24,13.53,104567,145840000,0.36,2.63,5.19,11.45
2014-09-05,14.00,14.06,14.38,13.96,57144,80770000,0.01,0.07,2.99,6.26
2014-09-09,14.01,14.60,14.85,14.01,82266,119200000,0.54,3.84,5.97,9.01
2014-09-10,14.61,14.54,14.80,14.38,51216,74560000,-0.06,-0.41,2.88,5.61
2014-09-11,14.58,14.50,14.64,14.35,50110,72560000,-0.04,-0.28,1.99,5.49
2014-09-12,14.50,14.93,15.18,14.50,48494,72210000,0.43,2.97,4.69,5.31
2014-09-15,14.90,14.99,15.18,14.68,42219,62980000,0.06,0.40,3.35,4.62
2014-09-16,15.00,14.33,15.10,14.32,52738,77450000,-0.66,-4.40,5.20,5.77
2014-09-17,14.38,14.68,14.90,14.34,45094,65770000,0.35,2.44,3.91,4.94
2014-09-18,14.60,14.65,14.84,14.53,19641,28840000,-0.03,-0.20,2.11,2.15
2014-09-19,14.64,15.18,15.18,14.45,38672,57610000,0.53,3.62,4.98,4.23
2014-09-22,15.33,16.70,16.70,15.33,92527,152700000,1.52,10.01,9.03,10.13
2014-09-23,16.86,17.10,17.20,16.26,90257,150790000,0.40,2.40,5.63,9.88
2014-09-24,16.94,17.09,17.15,16.61,53295,90230000,-0.01,-0.06,3.16,5.84
2014-09-25,16.91,16.90,17.53,16.78,49176,83780000,-0.19,-1.11,4.39,5.38
2014-09-26,16.73,17.02,17.10,16.52,39751,67140000,0.12,0.71,3.43,4.35
2014-09-29,17.00,17.21,17.32,16.88,34029,58150000,0.19,1.12,2.59,3.73
2014-09-30,17.30,17.17,17.40,17.00,27873,47750000,-0.04,-0.23,2.32,3.05
2014-10-08,17.39,17.30,17.52,17.01,24996,43130000,0.13,0.76,2.97,2.74
2014-10-09,17.37,17.09,17.38,17.00,30027,51500000,-0.21,-1.21,2.20,3.29
2014-10-10,17.09,16.69,17.09,16.52,43846,73180000,-0.40,-2.34,3.34,4.80
2014-10-13,16.69,17.30,17.43,16.43,34941,59520000,0.61,3.65,5.99,3.83
2014-10-14,17.26,17.17,17.77,16.80,37713,65210000,-0.13,-0.75,5.61,4.13
2014-10-15,17.00,17.05,17.21,16.67,20614,34910000,-0.12,-0.70,3.15,2.26
2014-10-16,16.85,16.90,17.30,16.66,21081,35960000,-0.15,-0.88,3.75,2.31
2014-10-17,16.84,16.79,17.00,16.02,29842,49570000,-0.11,-0.65,5.80,3.27
2014-10-20,16.89,16.95,17.12,16.62,19694,33290000,0.16,0.95,2.98,2.16
2014-10-21,16.79,16.84,17.10,16.60,18892,31770000,-0.11,-0.65,2.95,2.07
2014-10-22,16.75,16.65,16.92,16.55,20538,34370000,-0.19,-1.13,2.20,2.25
2014-10-23,16.64,16.04,16.64,16.00,23508,38160000,-0.61,-3.66,3.84,2.57
2014-10-24,16.00,16.10,16.18,15.70,19083,30480000,0.06,0.37,2.99,2.09
2014-10-27,16.10,16.24,16.50,16.10,14779,24060000,0.14,0.87,2.48,1.62
2014-10-28,16.45,16.77,16.90,16.25,19251,32070000,0.53,3.26,4.00,2.11
2014-10-29,16.87,16.84,17.06,16.60,25530,42980000,0.07,0.42,2.74,2.80
2014-10-30,16.70,16.91,17.20,16.70,16829,28610000,0.07,0.42,2.97,1.84
2014-10-31,17.10,16.87,17.20,16.28,23119,38600000,-0.04,-0.24,5.44,2.53
2014-11-03,17.01,16.90,17.01,16.65,22149,37270000,0.03,0.18,2.13,2.43
2014-11-04,16.89,16.89,17.05,16.75,21473,36310000,-0.01,-0.06,1.78,2.35
2014-11-05,16.81,16.95,17.03,16.80,19619,33210000,0.06,0.36,1.36,2.15
2014-11-06,16.95,17.50,17.50,16.85,30988,53130000,0.55,3.24,3.83,3.39
2014-11-07,17.50,17.95,18.50,17.50,44256,79640000,0.45,2.57,5.71,4.85
2014-11-10,17.80,18.04,18.50,17.71,21237,38360000,0.09,0.50,4.40,2.33
2014-11-11,18.15,16.87,18.15,16.65,34431,59310000,-1.17,-6.49,8.31,3.77
2014-11-12,16.95,17.08,17.16,16.66,19597,33150000,0.21,1.24,2.96,2.15
2014-11-13,17.00,16.69,17.07,16.38,19693,32840000,-0.39,-2.28,4.04,2.16
2014-11-14,16.70,16.55,16.72,16.43,11646,19260000,-0.14,-0.84,1.74,1.28
2014-11-17,16.65,16.93,17.10,16.65,11273,19090000,0.38,2.30,2.72,1.23
2014-11-18,16.85,17.11,17.20,16.85,7776,13220000,0.18,1.06,2.07,0.85
2014-11-19,17.01,17.40,17.59,17.00,16185,28110000,0.29,1.69,3.45,1.77
2014-11-20,17.50,17.63,18.20,17.50,19726,35170000,0.23,1.32,4.02,2.16
2014-11-21,17.63,17.90,18.11,17.61,26829,48200000,0.27,1.53,2.84,2.94
2014-11-24,18.35,17.87,18.86,17.67,30940,55850000,-0.03,-0.17,6.65,3.39
2014-11-25,17.76,17.90,18.09,17.36,25515,45380000,0.03,0.17,4.09,2.79
2014-11-26,17.93,17.92,18.03,17.62,16459,29340000,0.02,0.11,2.29,1.80
2014-11-27,18.06,17.66,18.06,17.57,21501,38070000,-0.26,-1.45,2.73,2.35
2014-11-28,17.73,17.49,17.82,17.30,20618,36030000,-0.17,-0.96,2.94,2.26
2014-12-01,17.47,17.00,17.47,16.73,25965,44180000,-0.49,-2.80,4.23,2.84
2014-12-02,16.92,16.95,17.13,16.73,21775,36790000,-0.05,-0.29,2.35,2.38
2014-12-03,16.95,17.45,17.53,16.58,21554,36690000,0.50,2.95,5.60,2.36
2014-12-04,17.25,17.11,17.46,16.96,20801,35870000,-0.34,-1.95,2.87,2.28
2014-12-05,17.11,16.03,17.11,16.00,31927,52360000,-1.08,-6.31,6.49,3.50
2014-12-08,16.04,15.47,16.10,15.17,49386,75960000,-0.56,-3.49,5.80,5.41
2014-12-09,15.45,14.40,15.45,14.34,39382,57810000,-1.07,-6.92,7.18,4.31
2014-12-10,14.21,15.13,15.22,14.15,28242,42180000,0.73,5.07,7.43,3.09
2014-12-11,15.13,15.15,15.33,14.70,19060,28600000,0.02,0.13,4.16,2.09
2014-12-12,15.15,15.38,15.50,15.11,11190,17100000,0.23,1.52,2.57,1.23
2014-12-15,15.38,15.44,15.56,15.20,14619,22540000,0.06,0.39,2.34,1.60
2014-12-16,15.49,14.87,15.55,14.80,29174,43640000,-0.57,-3.69,4.86,3.19
2014-12-17,14.80,14.52,14.80,14.39,22321,32340000,-0.35,-2.35,2.76,2.44
2014-12-18,14.54,14.95,14.98,14.43,25350,37480000,0.43,2.96,3.79,2.78
2014-12-19,14.82,15.47,15.59,14.25,34896,51590000,0.52,3.48,8.96,3.82
2014-12-22,15.47,15.01,15.47,14.78,52123,78650000,-0.46,-2.97,4.46,5.71
2014-12-23,15.10,14.45,15.15,14.41,16008,23510000,-0.56,-3.73,4.93,1.75
2014-12-24,14.45,14.90,14.93,14.43,21174,31190000,0.45,3.11,3.46,2.32
2014-12-25,14.95,14.86,14.95,14.70,9418,13960000,-0.04,-0.27,1.68,1.03
2014-12-26,14.84,14.45,14.85,14.43,17167,25010000,-0.41,-2.76,2.83,1.88
2014-12-29,14.30,13.40,14.35,13.10,30434,41270000,-1.05,-7.27,8.65,3.33
2014-12-30,13.41,13.30,13.60,12.59,20468,26690000,-0.10,-0.75,7.54,2.24
2014-12-31,13.26,13.30,13.35,12.90,11806,15520000,0.00,0.00,3.38,1.29
2015-01-05,13.14,13.05,13.26,12.53,19083,24590000,-0.25,-1.88,5.49,2.09
2015-01-06,13.04,13.42,13.53,12.89,26311,34890000,0.37,2.84,4.90,2.88
2015-01-07,13.43,13.18,13.47,13.15,16794,22270000,-0.24,-1.79,2.38,1.84
2015-01-08,13.29,13.28,13.34,13.10,14113,18690000,0.10,0.76,1.82,1.55
2015-01-09,13.28,13.28,13.50,13.23,16341,21850000,0.00,0.00,2.03,1.79
2015-01-12,13.28,13.16,13.47,13.08,11282,14950000,-0.12,-0.90,2.94,1.24
2015-01-13,13.26,13.69,13.79,13.25,18682,25290000,0.53,4.03,4.10,2.05
2015-01-14,13.70,13.54,13.70,13.42,12501,16930000,-0.15,-1.10,2.05,1.37
2015-01-15,13.54,13.57,13.96,13.50,15125,20720000,0.03,0.22,3.40,1.66
2015-01-16,13.78,13.83,13.85,13.48,15289,21030000,0.26,1.92,2.73,1.67
2015-01-19,13.78,13.56,14.33,13.40,29997,41650000,-0.27,-1.95,6.72,3.28
2015-01-20,13.50,14.09,14.14,13.50,25041,34610000,0.53,3.91,4.72,2.74
2015-01-21,14.19,14.65,14.85,13.96,46827,67080000,0.56,3.97,6.32,5.13
2015-01-22,14.41,14.63,14.66,14.41,24218,35190000,-0.02,-0.14,1.71,2.65
2015-01-23,14.60,14.46,14.66,14.40,15180,21980000,-0.17,-1.16,1.78,1.66
2015-01-26,14.41,14.50,14.59,14.31,19149,27690000,0.04,0.28,1.94,2.10
2015-01-27,14.58,14.50,14.58,14.30,30000,43280000,0.00,0.00,1.93,3.29
2015-01-28,14.54,14.99,15.35,14.31,42917,63960000,0.49,3.38,7.17,4.70
2015-02-05,14.99,16.49,16.49,14.95,60794,98140000,1.50,10.01,10.27,6.66
2015-02-06,16.51,15.76,16.51,15.21,89060,139570000,-0.73,-4.43,7.88,9.75
2015-02-09,15.65,14.98,15.65,14.64,32851,49770000,-0.78,-4.95,6.41,3.60
2015-02-10,15.10,15.03,15.17,14.60,25547,37940000,0.05,0.33,3.81,2.80
2015-02-11,14.90,14.93,15.18,14.88,25332,37970000,-0.10,-0.67,2.00,2.77
2015-02-12,14.88,14.91,15.08,14.62,30220,44930000,-0.02,-0.13,3.08,3.31
2015-02-13,14.96,15.48,16.40,14.82,69618,107700000,0.57,3.82,10.60,7.62
2015-02-16,15.45,15.71,15.79,15.32,49134,76610000,0.23,1.49,3.04,5.38
2015-02-17,15.63,15.55,15.80,15.46,24238,37830000,-0.16,-1.02,2.16,2.65
2015-02-25,15.57,15.45,15.82,15.33,31172,48720000,-0.10,-0.64,3.15,3.41
2015-02-26,15.50,15.31,15.60,15.05,29250,44730000,-0.14,-0.91,3.56,3.20
2015-02-27,15.24,15.40,15.48,15.17,28116,43050000,0.09,0.59,2.02,3.08
2015-03-02,15.40,15.92,15.94,15.31,42317,66540000,0.52,3.38,4.09,4.63
2015-03-03,15.78,15.70,16.19,15.68,42171,67150000,-0.22,-1.38,3.20,4.62
2015-03-04,15.65,16.45,16.45,15.45,55041,88010000,0.75,4.78,6.37,6.03
2015-03-05,17.01,16.32,17.26,16.00,67298,111040000,-0.13,-0.79,7.66,7.37
2015-03-06,16.18,16.00,16.68,15.83,36119,58390000,-0.32,-1.96,5.21,3.96
2015-03-09,15.99,16.02,16.15,15.75,28514,45550000,0.02,0.13,2.50,3.12
2015-03-10,15.92,16.03,16.35,15.92,39802,63990000,0.01,0.06,2.68,4.36
2015-03-11,16.10,15.96,16.10,15.65,30698,48500000,-0.07,-0.44,2.81,3.36
2015-03-12,16.02,15.60,16.02,15.45,28821,45090000,-0.36,-2.26,3.57,3.16
2015-03-13,15.60,15.72,15.75,15.35,34647,53970000,0.12,0.77,2.56,3.79
2015-03-16,15.79,16.24,16.50,15.79,59239,95740000,0.52,3.31,4.52,6.49
2015-03-17,16.40,16.20,16.40,15.98,62447,100930000,-0.04,-0.25,2.59,6.84
2015-03-18,16.20,16.97,17.15,16.03,127168,212690000,0.77,4.75,6.91,13.92
2015-03-19,16.98,17.06,17.31,16.60,119774,203280000,0.09,0.53,4.18,13.12
2015-03-20,17.04,17.06,17.23,16.80,80673,137260000,0.00,0.00,2.52,8.83
2015-03-23,17.11,17.60,17.60,17.00,95678,165970000,0.54,3.17,3.52,10.48
2015-03-24,17.60,18.42,18.60,16.80,129259,233840000,0.82,4.66,10.23,14.15
2015-03-25,17.99,19.75,20.19,17.99,114654,220880000,1.33,7.22,11.94,12.55
2015-03-26,19.50,18.95,19.86,18.51,93232,179170000,-0.80,-4.05,6.84,10.21
2015-03-27,19.25,20.17,20.27,18.90,90443,177730000,1.22,6.44,7.23,9.90
2015-03-30,20.18,19.91,21.01,18.40,126133,251220000,-0.26,-1.29,12.94,13.81
2015-03-31,19.65,20.28,20.51,19.00,92206,182740000,0.37,1.86,7.58,10.10
2015-04-01,21.20,22.31,22.31,20.80,138882,299130000,2.03,10.01,7.45,15.21
2015-04-02,22.81,22.98,23.31,22.15,112968,256700000,0.67,3.00,5.20,12.37
2015-04-03,22.53,23.20,24.30,22.10,93764,218920000,0.22,0.96,9.57,10.27
2015-04-07,25.52,25.52,25.52,25.33,88857,226750000,2.32,10.00,0.82,9.73
2015-04-08,26.45,25.99,27.28,24.92,255135,669630000,0.47,1.84,9.25,27.94
2015-04-09,25.50,25.00,25.58,23.44,157213,389030000,-0.99,-3.81,8.23,17.21
2015-04-10,24.99,25.91,26.39,24.51,114634,295460000,0.91,3.64,7.52,12.55
2015-04-13,25.77,25.70,26.11,25.00,97483,249820000,-0.21,-0.81,4.28,10.67
2015-04-14,25.50,24.35,25.50,24.20,107060,264240000,-1.35,-5.25,5.06,11.72
2015-04-15,24.37,22.68,24.49,22.68,87523,203690000,-1.67,-6.86,7.43,9.58
2015-04-16,22.50,23.23,23.68,21.80,70671,162560000,0.55,2.43,8.29,7.74
2015-04-17,23.30,22.80,23.55,22.50,64052,146820000,-0.43,-1.85,4.52,7.01
2015-04-20,22.84,21.60,22.99,21.45,62067,138300000,-1.20,-5.26,6.75,6.80
2015-04-21,21.82,22.61,22.70,21.56,51906,115580000,1.01,4.68,5.28,5.68
2015-04-22,22.62,23.12,23.45,22.62,57878,134170000,0.51,2.26,3.67,6.34
2015-04-23,23.16,24.05,24.26,22.98,81608,192310000,0.93,4.02,5.54,8.94
2015-04-24,23.56,24.20,24.35,23.48,72188,173090000,0.15,0.62,3.62,7.90
2015-04-27,24.60,24.41,24.90,23.98,69319,169180000,0.21,0.87,3.80,7.59
2015-04-28,24.41,23.35,24.75,22.28,52535,124820000,-1.06,-4.34,10.12,5.75
2015-04-29,21.73,23.82,24.35,21.73,47181,111990000,0.47,2.01,11.22,5.17
2015-04-30,23.83,23.37,24.49,23.20,48836,117670000,-0.45,-1.89,5.42,5.35
2015-05-04,23.53,24.69,24.69,23.53,74864,182820000,1.32,5.65,4.96,8.20
2015-05-05,24.90,24.90,25.99,24.51,86474,218540000,0.21,0.85,5.99,9.47
2015-05-06,25.17,25.43,26.19,25.05,96338,247920000,0.53,2.13,4.58,10.55
2015-05-07,25.50,24.19,26.15,24.07,62503,157940000,-1.24,-4.88,8.18,6.84
2015-05-08,24.51,26.17,26.25,24.00,108293,271890000,1.98,8.19,9.30,11.86
2015-05-11,26.18,28.49,28.67,25.52,116278,316800000,2.32,8.87,12.04,12.73
2015-05-12,13.09,13.61,13.70,12.50,308626,411090000,0.67,5.18,9.27,15.36
2015-05-26,14.97,14.97,14.97,14.97,3257,4880000,1.36,9.99,0.00,0.16
2015-05-27,16.47,15.49,16.47,14.43,447282,702390000,0.52,3.47,13.63,22.26
2015-05-28,15.55,14.08,16.25,14.07,326421,501830000,-1.41,-9.10,14.07,16.25
2015-05-29,13.80,13.30,14.33,12.81,279016,376860000,-0.78,-5.54,10.80,13.89
2015-06-01,13.58,14.45,14.62,13.44,245916,345710000,1.15,8.65,8.87,12.24
2015-06-02,14.59,15.38,15.45,14.48,238704,358020000,0.93,6.44,6.71,11.88
2015-06-03,15.65,15.06,15.85,14.70,236585,361130000,-0.32,-2.08,7.48,11.78
2015-06-04,15.00,14.54,15.00,13.59,225467,321530000,-0.52,-3.45,9.36,11.22
2015-06-05,14.60,14.79,15.25,14.34,247905,368640000,0.25,1.72,6.26,12.34
2015-06-08,14.86,14.21,15.08,13.93,199418,287460000,-0.58,-3.92,7.78,9.93
2015-06-09,14.05,14.38,14.68,14.05,171192,245920000,0.17,1.20,4.43,8.52
2015-06-10,14.47,14.76,14.95,14.25,200130,292690000,0.38,2.64,4.87,9.96
2015-06-11,14.76,15.19,15.22,14.30,239546,353900000,0.43,2.91,6.23,11.92
2015-06-12,15.19,15.03,15.49,14.89,245692,373290000,-0.16,-1.05,3.95,12.23
2015-06-15,15.08,14.43,15.30,14.42,203329,300260000,-0.60,-3.99,5.86,10.12
2015-06-16,14.03,13.40,14.09,13.22,151206,206770000,-1.03,-7.14,6.03,7.53
2015-06-17,13.31,13.96,14.00,13.11,128158,174800000,0.56,4.18,6.64,6.38
2015-06-18,13.98,13.16,13.99,12.96,114363,155940000,-0.80,-5.73,7.38,5.69
2015-06-19,13.00,11.84,13.07,11.84,110293,137260000,-1.32,-10.03,9.35,5.49
2015-06-23,11.88,12.44,12.46,11.18,138224,166050000,0.60,5.07,10.81,6.88
2015-06-24,12.46,12.55,12.78,12.17,109070,136610000,0.11,0.88,4.90,5.43
2015-06-25,12.55,11.73,12.55,11.53,160222,192520000,-0.82,-6.53,8.13,7.97
2015-06-26,11.35,10.56,11.39,10.56,131833,143210000,-1.17,-9.97,7.08,6.56
2015-06-29,10.83,9.50,10.84,9.50,137998,133790000,-1.06,-10.04,12.69,2.32
2015-06-30,9.50,9.92,9.98,8.55,202098,186810000,0.42,4.42,15.05,3.40
2015-07-01,9.70,8.93,10.04,8.93,200787,193330000,-0.99,-9.98,11.19,3.38
2015-07-02,8.56,8.04,8.93,8.04,152219,125060000,-0.89,-9.97,9.97,2.56
2015-07-14,8.84,8.84,8.84,8.84,7684,6790000,0.80,9.95,0.00,0.13
2015-07-15,9.44,7.96,9.44,7.96,273732,245050000,-0.88,-9.95,16.74,4.61
2015-07-16,7.70,8.04,8.36,7.16,242631,188230000,0.08,1.01,15.08,4.08
2015-07-17,8.05,8.77,8.84,7.96,216952,183400000,0.73,9.08,10.95,3.65
2015-07-20,8.81,8.92,9.19,8.55,234897,208560000,0.15,1.71,7.30,3.95
2015-07-21,8.80,9.19,9.19,8.61,187070,168520000,0.27,3.03,6.50,3.15
2015-07-22,9.15,9.14,9.32,8.81,175385,159730000,-0.05,-0.54,5.55,2.95
2015-07-23,9.15,9.51,9.65,9.03,239154,223530000,0.37,4.05,6.78,4.03
2015-07-24,9.44,10.19,10.46,9.40,481806,489760000,0.68,7.15,11.15,8.11
2015-07-27,9.91,9.17,10.15,9.17,270704,262670000,-1.02,-10.01,9.62,4.56
2015-07-28,8.32,8.25,8.97,8.25,271666,228010000,-0.92,-10.03,7.85,4.57
2015-07-29,8.42,8.68,8.77,7.65,218450,178980000,0.43,5.21,13.58,3.68
2015-07-30,8.43,8.01,8.68,8.00,188986,159320000,-0.67,-7.72,7.83,3.18
2015-07-31,7.65,7.71,8.06,7.53,107839,84200000,-0.30,-3.75,6.62,1.82
2015-08-03,7.76,7.30,7.89,7.03,105954,80010000,-0.41,-5.32,11.15,1.78
2015-08-04,7.40,8.01,8.03,7.27,142086,108150000,0.71,9.73,10.41,2.39
2015-08-05,7.89,7.93,8.18,7.74,144201,115050000,-0.08,-1.00,5.49,2.43
2015-08-06,7.83,8.12,8.18,7.70,135880,109160000,0.19,2.40,6.05,2.29
2015-08-07,8.20,8.39,8.48,8.10,126601,105190000,0.27,3.33,4.68,2.13
2015-08-10,8.47,8.80,8.91,8.30,158486,136780000,0.41,4.89,7.27,2.67
2015-08-11,8.85,8.81,9.10,8.64,195750,172220000,0.01,0.11,5.23,3.30
2015-08-12,8.65,8.45,8.87,8.43,141964,122540000,-0.36,-4.09,4.99,2.39
2015-08-13,8.30,8.80,8.80,8.28,144160,122870000,0.35,4.14,6.15,2.43
2015-08-14,8.85,8.83,8.98,8.70,167160,147520000,0.03,0.34,3.18,2.81
2015-08-17,8.77,9.05,9.08,8.60,157448,139210000,0.22,2.49,5.44,2.65
2015-08-18,9.03,8.15,9.24,8.15,183678,161410000,-0.90,-9.94,12.04,3.09
2015-08-19,7.82,8.45,8.49,7.47,156290,124640000,0.30,3.68,12.52,2.63
2015-08-20,8.32,8.35,8.67,8.07,138839,115560000,-0.10,-1.18,7.10,2.34
2015-08-21,8.32,7.96,8.63,7.92,126992,105540000,-0.39,-4.67,8.50,2.14
2015-08-24,7.40,7.16,7.69,7.16,77862,56660000,-0.80,-10.05,6.66,1.31
2015-08-25,6.44,6.44,6.63,6.44,107462,69510000,-0.72,-10.06,2.65,1.81
2015-08-26,6.25,5.85,6.59,5.80,168431,104410000,-0.59,-9.16,12.27,2.84
2015-08-27,6.00,6.17,6.18,5.73,127853,77150000,0.32,5.47,7.69,2.15
2015-08-28,6.31,6.73,6.77,6.23,124723,79910000,0.56,9.08,8.75,2.10
2015-08-31,6.62,6.38,6.69,6.28,98938,63670000,-0.35,-5.20,6.09,1.67
2015-09-01,6.28,5.86,6.33,5.74,89166,53240000,-0.52,-8.15,9.25,1.50
2015-09-02,5.70,5.86,6.11,5.42,95992,55710000,0.00,0.00,11.77,1.62
2015-09-07,6.00,6.03,6.20,5.96,106070,64470000,0.17,2.90,4.10,1.79
2015-09-08,5.96,6.40,6.44,5.88,88842,54540000,0.37,6.14,9.29,1.50
2015-09-09,6.44,6.63,6.75,6.34,158670,104410000,0.23,3.59,6.41,2.67
2015-09-10,6.49,6.41,6.61,6.36,109328,70810000,-0.22,-3.32,3.77,1.84
2015-09-11,6.38,6.49,6.55,6.36,91168,58840000,0.08,1.25,2.96,1.53
2015-09-14,6.50,5.84,6.56,5.84,102352,62600000,-0.65,-10.02,11.09,1.72
2015-09-15,5.64,5.48,5.80,5.34,86423,48050000,-0.36,-6.16,7.88,1.45
2015-09-16,5.46,6.01,6.03,5.45,110537,63260000,0.53,9.67,10.58,1.86
2015-09-17,5.92,5.82,6.16,5.80,131828,79050000,-0.19,-3.16,5.99,2.22
2015-09-18,5.91,5.93,5.97,5.68,80516,47060000,0.11,1.89,4.98,1.36
2015-09-21,5.80,6.19,6.20,5.72,92539,55900000,0.26,4.38,8.09,1.56
2015-09-22,6.20,6.29,6.40,6.07,120106,75010000,0.10,1.62,5.33,2.02
2015-09-23,6.10,6.92,6.92,6.06,320465,211930000,0.63,10.02,13.67,5.40
2015-09-24,6.92,6.78,7.12,6.69,346069,238790000,-0.14,-2.02,6.21,5.83
2015-09-25,6.60,6.31,6.75,6.10,193401,124220000,-0.47,-6.93,9.59,3.26
2015-09-28,6.28,6.60,6.66,6.28,123360,80260000,0.29,4.60,6.02,2.08
2015-09-29,6.42,6.38,6.59,6.21,88925,56890000,-0.22,-3.33,5.76,1.50
2015-09-30,6.42,6.37,6.50,6.23,65427,41680000,-0.01,-0.16,4.23,1.10
2015-10-08,6.59,6.66,6.75,6.52,126711,84180000,0.29,4.55,3.61,2.13
2015-10-09,6.64,6.86,6.90,6.61,136499,92500000,0.20,3.00,4.35,2.30
2015-10-12,7.00,7.37,7.55,6.95,250488,183880000,0.51,7.43,8.75,4.22
2015-10-13,7.28,7.46,7.50,7.12,169262,123190000,0.09,1.22,5.16,2.85
2015-10-14,7.32,7.65,7.94,7.22,203598,154880000,0.19,2.55,9.65,3.43
2015-10-15,7.50,7.90,7.90,7.45,165951,128750000,0.25,3.27,5.88,2.79
2015-10-16,7.92,7.86,7.98,7.65,160829,125760000,-0.04,-0.51,4.18,2.71
2015-10-19,7.88,7.66,7.89,7.56,124852,96540000,-0.20,-2.54,4.20,2.10
2015-10-20,7.61,8.09,8.10,7.60,167010,132490000,0.43,5.61,6.53,2.81
2015-10-21,8.08,7.28,8.08,7.28,176307,135700000,-0.81,-10.01,9.89,2.97
2015-10-22,7.28,7.60,7.64,7.28,116576,87080000,0.32,4.40,4.95,1.96
2015-10-23,7.62,7.92,7.98,7.62,115714,90340000,0.32,4.21,4.74,1.95
2015-10-26,8.11,8.00,8.18,7.90,134450,107780000,0.08,1.01,3.54,2.26
2015-10-27,7.87,8.00,8.07,7.50,122363,95600000,0.00,0.00,7.13,2.06
2015-10-28,7.91,7.77,8.08,7.76,106056,83960000,-0.23,-2.88,4.00,1.79
2015-10-29,8.08,7.99,8.08,7.82,125469,100010000,0.22,2.83,3.35,2.11
2015-10-30,8.00,8.02,8.29,7.64,165755,132930000,0.03,0.38,8.14,2.79
2015-11-02,7.80,7.70,8.05,7.64,182011,142180000,-0.32,-3.99,5.11,3.06
2015-11-03,7.68,7.62,7.80,7.52,72077,55190000,-0.08,-1.04,3.64,1.21
2015-11-04,7.65,8.08,8.08,7.63,164628,130670000,0.46,6.04,5.91,2.77
2015-11-05,8.16,8.14,8.20,7.92,185080,149450000,0.06,0.74,3.47,3.12
2015-11-06,8.17,8.73,8.95,8.14,342833,298420000,0.59,7.25,9.95,5.77
2015-11-09,8.70,8.83,8.95,8.50,229798,199570000,0.10,1.15,5.15,3.87
2015-11-10,8.70,8.87,9.00,8.66,156877,138300000,0.04,0.45,3.85,2.64
2015-11-11,8.85,9.22,9.48,8.78,213511,194510000,0.35,3.95,7.89,3.59
2015-11-12,9.16,9.07,9.30,8.95,148322,135030000,-0.15,-1.63,3.80,2.50
2015-11-13,8.98,8.77,8.98,8.60,119929,105840000,-0.30,-3.31,4.19,2.02
2015-11-16,8.51,9.11,9.12,8.48,111619,99540000,0.34,3.88,7.30,1.88
2015-11-17,9.17,8.98,9.38,8.92,147020,134230000,-0.13,-1.43,5.05,2.48
2015-11-18,9.04,8.89,9.23,8.89,99966,90280000,-0.09,-1.00,3.79,1.68
2015-11-19,8.95,9.18,9.18,8.89,110506,99870000,0.29,3.26,3.26,1.86
2015-11-20,9.25,9.42,9.55,9.13,180323,168430000,0.24,2.61,4.58,3.04
2015-11-23,9.40,9.66,10.10,9.33,211380,204940000,0.24,2.55,8.17,3.56
2015-11-24,9.55,9.76,9.84,9.35,129282,123520000,0.10,1.04,5.07,2.18
2015-11-25,9.76,10.00,10.02,9.70,135857,134470000,0.24,2.46,3.28,2.29
2015-11-26,10.05,9.68,10.10,9.30,134194,132050000,-0.32,-3.20,8.00,2.26
2015-11-27,9.56,8.93,9.95,8.75,151403,143500000,-0.75,-7.75,12.40,2.55
2015-11-30,8.96,9.26,9.29,8.48,130172,117130000,0.33,3.70,9.07,2.19
2015-12-01,9.28,9.70,9.90,9.18,144568,137370000,0.44,4.75,7.78,2.43
2015-12-02,9.70,9.30,9.70,8.97,108991,101680000,-0.40,-4.12,7.53,1.83
2015-12-03,9.35,9.46,9.58,9.21,98726,92670000,0.16,1.72,3.98,1.66
2015-12-04,9.36,9.40,9.60,9.27,89127,84080000,-0.06,-0.63,3.49,1.50
2015-12-07,9.43,9.42,9.47,9.22,85537,80090000,0.02,0.21,2.66,1.44
2015-12-08,9.39,9.03,9.39,8.93,98081,89190000,-0.39,-4.14,4.88,1.65
2015-12-09,9.00,8.84,9.02,8.80,64416,57420000,-0.19,-2.10,2.44,1.08
2015-12-10,8.85,8.80,8.99,8.75,58274,51750000,-0.04,-0.45,2.71,0.98
2015-12-11,8.80,8.68,8.83,8.56,57940,50330000,-0.12,-1.36,3.07,0.98
2015-12-14,8.60,9.06,9.08,8.53,84116,74270000,0.38,4.38,6.34,1.42
2015-12-15,9.01,9.09,9.18,8.95,75701,68720000,0.03,0.33,2.54,1.27
2015-12-16,9.09,9.16,9.37,9.06,96657,88830000,0.07,0.77,3.41,1.63
2015-12-17,9.25,9.45,9.45,9.16,136371,127350000,0.29,3.17,3.17,2.30
2015-12-18,9.49,9.27,9.49,9.16,94598,88080000,-0.18,-1.90,3.49,1.59
2015-12-21,9.25,9.59,9.72,9.20,170527,161880000,0.32,3.45,5.61,2.87
2015-12-22,9.57,9.60,9.64,9.45,125202,119640000,0.01,0.10,1.98,2.11
2015-12-23,9.60,9.36,9.65,9.34,93681,88970000,-0.24,-2.50,3.23,1.58
2015-12-24,9.29,9.26,9.38,9.03,66894,61510000,-0.10,-1.07,3.74,1.13
2015-12-25,9.28,9.54,9.58,9.25,95784,90370000,0.28,3.02,3.56,1.61
2015-12-28,9.61,9.50,10.05,9.46,186405,181590000,-0.04,-0.42,6.18,3.14
2015-12-29,9.49,9.86,9.90,9.30,137137,132060000,0.36,3.79,6.32,2.31
2015-12-30,9.85,10.30,10.36,9.77,227886,229990000,0.44,4.46,5.98,3.84
2015-12-31,10.30,10.74,11.33,10.22,344220,373960000,0.44,4.27,10.78,5.80
2016-01-04,10.80,9.67,11.00,9.67,266743,279860000,-1.07,-9.96,12.38,4.49
2016-01-05,8.99,10.45,10.58,8.91,334594,330730000,0.78,8.07,17.27,5.63
2016-01-06,10.40,11.50,11.50,10.27,405753,447880000,1.05,10.05,11.77,6.83
2016-01-07,11.20,10.35,11.46,10.35,99304,107570000,-1.15,-10.00,9.65,1.67
2016-01-08,10.98,11.18,11.39,10.00,377310,413120000,0.83,8.02,13.43,6.35
2016-01-11,10.80,10.06,11.08,10.06,327640,342180000,-1.12,-10.02,9.12,5.52
2016-01-12,9.78,9.05,10.15,9.05,233131,215690000,-1.01,-10.04,10.93,3.92
2016-01-13,8.83,8.15,8.99,8.15,214190,182460000,-0.90,-9.94,9.28,3.61
2016-01-14,7.68,8.62,8.95,7.35,211966,170730000,0.47,5.77,19.63,3.57
2016-01-15,8.49,7.82,8.66,7.78,142937,118120000,-0.80,-9.28,10.21,2.41
2016-01-18,7.80,7.98,8.18,7.51,145327,115910000,0.16,2.05,8.57,2.45
2016-01-19,7.93,8.49,8.58,7.92,154494,127520000,0.51,6.39,8.27,2.60
2016-01-20,8.40,8.52,8.84,8.20,154032,131400000,0.03,0.35,7.54,2.59
2016-01-21,8.18,8.28,8.84,8.18,157510,134620000,-0.24,-2.82,7.75,2.65
2016-01-22,8.49,8.70,8.76,8.21,158803,135780000,0.42,5.07,6.64,2.67
2016-01-25,8.70,8.88,8.96,8.52,136122,119690000,0.18,2.07,5.06,2.29
2016-01-26,8.88,8.12,8.88,8.01,151206,127680000,-0.76,-8.56,9.80,2.55
2016-01-27,7.94,7.60,7.94,7.31,173569,131550000,-0.52,-6.40,7.76,2.92
2016-01-28,7.35,6.95,7.65,6.90,112301,81940000,-0.65,-8.55,9.87,1.89
2016-01-29,6.95,7.24,7.40,6.80,103448,74510000,0.29,4.17,8.63,1.74
2016-02-01,7.31,7.03,7.35,6.88,69511,49750000,-0.21,-2.90,6.49,1.17
2016-02-02,7.02,7.34,7.42,7.01,78003,57000000,0.31,4.41,5.83,1.31
2016-02-03,7.26,7.37,7.47,7.10,76867,55680000,0.03,0.41,5.04,1.29
2016-02-04,7.42,7.63,7.68,7.37,105101,79550000,0.26,3.53,4.21,1.77
2016-02-05,7.68,7.67,7.92,7.64,93132,72160000,0.04,0.52,3.67,1.57
2016-02-15,7.31,7.66,7.74,7.30,71554,53780000,-0.01,-0.13,5.74,1.20
2016-02-16,7.72,8.09,8.18,7.69,99110,78790000,0.43,5.61,6.40,1.67
2016-02-17,8.10,8.13,8.18,7.98,115812,93600000,0.04,0.49,2.47,1.95
2016-02-18,8.23,8.01,8.27,7.95,115141,92690000,-0.12,-1.48,3.94,1.94
2016-02-19,8.01,8.00,8.12,7.94,89498,71770000,-0.01,-0.12,2.25,1.51
2016-02-22,8.10,8.13,8.18,8.00,138960,112390000,0.13,1.63,2.25,2.34
2016-02-23,8.08,8.06,8.16,7.90,108701,87610000,-0.07,-0.86,3.20,1.83
2016-02-24,8.11,8.07,8.15,7.77,106115,84890000,0.01,0.12,4.71,1.79
2016-02-25,7.95,7.26,7.95,7.26,119202,90270000,-0.81,-10.04,8.55,2.01
2016-02-26,7.27,7.23,7.38,6.98,97839,69890000,-0.03,-0.41,5.51,1.65
2016-02-29,7.19,6.57,7.19,6.51,81507,54640000,-0.66,-9.13,9.41,1.37
2016-03-01,7.22,6.91,7.22,6.70,124276,86240000,0.34,5.18,7.91,2.09
2016-03-02,6.82,7.20,7.25,6.80,116599,81890000,0.29,4.20,6.51,1.96
2016-03-03,7.15,7.09,7.33,7.09,103276,74190000,-0.11,-1.53,3.33,1.74
2016-03-04,7.13,6.86,7.20,6.72,87998,61440000,-0.23,-3.24,6.77,1.48
2016-03-07,6.91,7.06,7.15,6.91,71385,50200000,0.20,2.92,3.50,1.20
2016-03-08,7.03,7.28,7.39,6.66,112961,79340000,0.22,3.12,10.34,1.90
2016-03-09,7.10,7.01,7.20,6.97,76472,54080000,-0.27,-3.71,3.16,1.29
2016-03-10,7.06,6.89,7.15,6.86,59663,41810000,-0.12,-1.71,4.14,1.00
2016-03-11,7.00,6.95,7.00,6.72,60055,41600000,0.06,0.87,4.06,1.01
2016-03-14,6.94,7.19,7.26,6.94,127969,91780000,0.24,3.45,4.60,2.15
2016-03-15,7.17,7.07,7.20,7.02,99740,70940000,-0.12,-1.67,2.50,1.68
2016-03-16,7.20,6.95,7.24,6.87,84179,59040000,-0.12,-1.70,5.23,1.42
2016-03-17,6.97,7.20,7.23,6.96,142238,101390000,0.25,3.60,3.88,2.39
2016-03-18,7.20,7.49,7.58,7.20,172565,127880000,0.29,4.03,5.28,2.91
2016-03-21,7.64,7.67,7.69,7.52,151374,115150000,0.18,2.40,2.27,2.55
2016-03-22,7.63,7.89,8.08,7.52,206506,162440000,0.22,2.87,7.30,3.48
2016-03-23,7.81,8.01,8.02,7.76,123466,97310000,0.12,1.52,3.30,2.08
2016-03-24,7.97,7.75,7.97,7.72,108513,85180000,-0.26,-3.25,3.12,1.83
2016-03-25,7.70,7.73,7.82,7.61,91384,70450000,-0.02,-0.26,2.71,1.54
2016-03-28,7.74,7.66,7.98,7.62,114376,89540000,-0.07,-0.91,4.66,1.93
2016-03-29,7.66,7.54,7.75,7.45,69551,52850000,-0.12,-1.57,3.92,1.17
2016-03-30,7.60,7.84,7.86,7.60,89308,69020000,0.30,3.98,3.45,1.50
2016-03-31,7.90,7.90,8.07,7.86,131553,104450000,0.06,0.77,2.68,2.21
2016-04-01,7.85,7.93,7.96,7.70,110609,86490000,0.03,0.38,3.29,1.86
2016-04-05,8.00,8.57,8.66,7.96,236949,196270000,0.64,8.07,8.83,3.99
2016-04-06,8.50,8.57,8.69,8.31,149981,128130000,0.00,0.00,4.43,2.52
2016-04-07,8.63,8.63,8.74,8.30,197190,168750000,0.06,0.70,5.13,3.32
2016-04-08,8.50,8.73,8.88,8.37,157861,136600000,0.10,1.16,5.91,2.66
2016-04-11,8.74,8.90,8.95,8.62,158518,139280000,0.17,1.95,3.78,2.67
2016-04-12,8.78,8.61,8.87,8.46,115189,99740000,-0.29,-3.26,4.61,1.94
2016-04-13,8.66,8.57,8.74,8.56,125554,108930000,-0.04,-0.46,2.09,2.11
2016-04-14,8.63,8.91,8.93,8.55,148140,128990000,0.35,4.09,4.44,2.49
2016-04-15,8.91,9.11,9.58,8.81,282800,261170000,0.20,2.24,8.64,4.76
2016-04-26,8.40,8.50,8.65,8.22,148595,125340000,-0.61,-6.70,4.72,2.50
2016-04-27,8.43,8.25,8.47,8.21,96382,80610000,-0.25,-2.94,3.06,1.62
2016-04-28,8.29,8.18,8.35,7.90,92659,75070000,-0.07,-0.85,5.45,1.56
2016-04-29,8.12,8.15,8.30,8.04,53397,43450000,-0.03,-0.37,3.18,0.90
2016-05-03,8.10,8.35,8.36,8.04,98794,81500000,0.20,2.45,3.93,1.66
2016-05-04,8.30,8.35,8.55,8.27,138889,116960000,0.00,0.00,3.35,2.34
2016-05-05,8.18,8.43,8.50,8.17,101578,84710000,0.08,0.96,3.95,1.71
2016-05-06,8.45,8.06,8.54,8.05,99518,82520000,-0.37,-4.39,5.81,1.68
2016-05-09,7.98,7.60,7.98,7.25,104505,79770000,-0.46,-5.71,9.06,1.76
2016-05-10,7.50,7.67,7.70,7.50,47715,36320000,0.07,0.92,2.63,0.80
2016-05-11,7.65,7.59,7.82,7.52,42831,32830000,-0.08,-1.04,3.91,0.72
2016-05-12,7.40,7.48,7.57,7.30,49575,36850000,-0.11,-1.45,3.56,0.83
2016-05-13,7.50,7.40,7.57,7.32,42472,31590000,-0.08,-1.07,3.34,0.72
2016-05-16,7.28,7.48,7.50,7.26,56392,41630000,0.08,1.08,3.24,0.95
2016-05-17,7.48,7.48,7.57,7.35,49669,37130000,0.00,0.00,2.94,0.84
2016-05-18,7.47,7.18,7.47,7.01,61880,44580000,-0.30,-4.01,6.15,1.04
2016-05-19,7.17,7.18,7.47,7.15,50112,36580000,0.00,0.00,4.46,0.84
2016-05-20,7.11,7.28,7.29,7.05,49617,35630000,0.10,1.39,3.34,0.84
2016-05-23,7.29,7.55,7.62,7.29,65179,48810000,0.27,3.71,4.53,1.10
2016-05-24,7.55,7.37,7.57,7.30,54509,40260000,-0.18,-2.38,3.58,0.92
2016-05-25,7.43,7.30,7.48,7.27,38666,28530000,-0.07,-0.95,2.85,0.65
2016-05-26,7.26,7.30,7.33,7.06,48884,35090000,0.00,0.00,3.70,0.82
2016-05-27,7.30,7.41,7.51,7.23,53237,39230000,0.11,1.51,3.84,0.90
2016-05-30,7.40,7.50,7.62,7.21,73408,55150000,0.09,1.21,5.53,1.24
2016-05-31,7.45,7.86,7.90,7.43,113746,87940000,0.36,4.80,6.27,1.91
2016-06-01,7.86,7.85,7.94,7.80,68932,54260000,-0.01,-0.13,1.78,1.16
2016-06-02,7.81,8.01,8.05,7.81,80883,64310000,0.16,2.04,3.06,1.36
2016-06-03,8.02,8.41,8.54,7.92,146448,120580000,0.40,4.99,7.74,2.47
2016-06-06,8.28,8.57,8.65,8.28,123678,104940000,0.16,1.90,4.40,2.08
2016-06-07,8.55,8.32,8.56,8.23,103857,86590000,-0.25,-2.92,3.85,1.75
2016-06-08,8.26,8.12,8.32,8.00,106655,86620000,-0.20,-2.40,3.85,1.80
2016-06-13,7.99,7.55,8.18,7.55,79914,63890000,-0.57,-7.02,7.76,1.35
2016-06-14,7.53,7.56,7.75,7.44,94146,71170000,0.01,0.13,4.11,1.59
2016-06-15,7.43,7.88,7.94,7.40,81760,63590000,0.32,4.23,7.14,1.38
2016-06-16,7.89,7.78,7.95,7.69,75957,59300000,-0.10,-1.27,3.30,1.28
2016-06-17,7.76,7.87,7.92,7.73,76711,60100000,0.09,1.16,2.44,1.29
2016-06-20,7.85,7.80,7.91,7.64,56393,43740000,-0.07,-0.89,3.43,0.95
2016-06-21,7.83,7.80,8.10,7.75,110160,87680000,0.00,0.00,4.49,1.85
2016-06-22,7.74,7.97,8.01,7.69,84257,66070000,0.17,2.18,4.10,1.42
2016-06-23,7.89,7.84,7.97,7.75,68548,53900000,-0.13,-1.63,2.76,1.15
2016-06-24,7.87,8.10,8.40,7.85,205333,166700000,0.26,3.32,7.02,3.46
2016-06-27,8.02,8.40,8.48,7.96,183142,152300000,0.30,3.70,6.42,3.08
2016-06-28,8.28,8.38,8.40,8.23,132592,110420000,-0.02,-0.24,2.02,2.23
2016-06-29,8.38,8.38,8.47,8.24,87027,72520000,0.00,0.00,2.74,1.47
2016-06-30,8.39,8.47,8.53,8.27,114817,96640000,0.09,1.07,3.10,1.93
2016-07-01,8.45,8.26,8.50,8.24,83650,69950000,-0.21,-2.48,3.07,1.41
2016-07-04,8.18,8.45,8.51,8.18,102334,85900000,0.19,2.30,4.00,1.72
2016-07-05,8.45,8.42,8.51,8.33,72326,60750000,-0.03,-0.36,2.13,1.22
2016-07-06,8.40,8.49,8.50,8.35,78748,66390000,0.07,0.83,1.78,1.33
2016-07-07,8.48,8.35,8.53,8.24,92768,77470000,-0.14,-1.65,3.42,1.56
2016-07-08,8.36,8.30,8.42,8.18,65838,54660000,-0.05,-0.60,2.87,1.11
2016-07-11,8.30,8.20,8.38,8.18,70553,58490000,-0.10,-1.20,2.41,1.19
2016-07-12,8.20,8.29,8.30,8.10,74593,61150000,0.09,1.10,2.44,1.26
2016-07-13,8.29,8.40,8.46,8.29,92909,77870000,0.11,1.33,2.05,1.56
2016-07-14,8.40,8.37,8.55,8.35,82201,69300000,-0.03,-0.36,2.38,1.38
2016-07-15,8.32,8.26,8.41,8.25,69142,57510000,-0.11,-1.31,1.91,1.16
2016-07-18,8.26,8.37,8.49,8.16,108790,90760000,0.11,1.33,4.00,1.83
2016-07-19,8.32,8.64,8.65,8.30,187877,159670000,0.27,3.23,4.18,3.16
2016-07-20,8.82,8.45,8.97,8.45,172024,148970000,-0.19,-2.20,6.02,2.90
2016-07-21,8.38,8.90,9.17,8.38,256527,225880000,0.45,5.33,9.35,4.32
2016-07-22,8.85,8.92,9.04,8.72,160156,142670000,0.02,0.22,3.60,2.70
2016-07-25,8.81,8.90,8.92,8.70,121673,107040000,-0.02,-0.22,2.47,2.05
2016-07-26,8.90,8.93,9.15,8.84,143029,128350000,0.03,0.34,3.48,2.41
2016-07-27,8.99,8.53,9.04,8.10,171352,147180000,-0.40,-4.48,10.53,2.88
2016-07-28,8.48,8.37,8.63,8.26,98148,82910000,-0.16,-1.88,4.34,1.65
2016-07-29,8.35,8.30,8.42,8.17,71859,59740000,-0.07,-0.84,2.99,1.21
2016-08-01,8.25,8.09,8.28,7.91,80944,65180000,-0.21,-2.53,4.46,1.36
2016-08-02,8.00,8.14,8.21,8.00,51163,41510000,0.05,0.62,2.60,0.86
2016-08-03,8.16,8.11,8.17,8.07,32596,26480000,-0.03,-0.37,1.23,0.55
2016-08-04,8.12,8.24,8.33,8.09,49144,40280000,0.13,1.60,2.96,0.83
2016-08-05,8.25,8.12,8.29,8.10,36259,29680000,-0.12,-1.46,2.31,0.61
2016-08-08,8.06,8.14,8.14,8.01,55706,45030000,0.02,0.25,1.60,0.94
2016-08-09,8.16,8.58,8.87,8.15,170918,146330000,0.44,5.41,8.85,2.88
2016-08-10,8.58,8.68,8.82,8.52,167327,145520000,0.10,1.17,3.50,2.82
2016-08-11,8.66,8.72,8.99,8.61,158415,139700000,0.04,0.46,4.38,2.67
2016-08-12,8.70,8.71,8.87,8.50,75032,65090000,-0.01,-0.11,4.24,1.26
2016-08-15,8.70,8.85,8.98,8.70,103676,91960000,0.14,1.61,3.21,1.75
2016-08-16,8.82,8.74,8.92,8.70,80517,70670000,-0.11,-1.24,2.49,1.36
2016-08-17,8.77,8.92,9.02,8.68,145286,129190000,0.18,2.06,3.89,2.45
2016-08-18,8.83,9.05,9.15,8.83,146434,131430000,0.13,1.46,3.59,2.47
2016-08-19,9.06,8.90,9.25,8.85,202229,184050000,-0.15,-1.66,4.42,3.40
2016-08-22,8.87,8.84,9.08,8.80,92355,82540000,-0.06,-0.67,3.15,1.55
2016-08-23,8.84,8.81,8.97,8.79,71200,63180000,-0.03,-0.34,2.04,1.20
2016-08-24,8.81,9.15,9.25,8.81,144772,131790000,0.34,3.86,4.99,2.44
2016-08-25,9.07,9.10,9.15,8.91,90174,81380000,-0.05,-0.55,2.62,1.52
2016-08-26,9.02,8.95,9.20,8.89,124943,112220000,-0.15,-1.65,3.41,2.10
2016-08-29,8.92,9.31,9.35,8.82,136952,124830000,0.36,4.02,5.92,2.31
2016-08-30,9.36,9.07,9.40,9.00,137135,125940000,-0.24,-2.58,4.30,2.31
2016-08-31,9.10,9.02,9.10,8.96,49462,44620000,-0.05,-0.55,1.54,0.83
2016-09-01,9.04,8.81,9.04,8.81,62669,55980000,-0.21,-2.33,2.55,1.06
2016-09-02,8.76,8.77,8.85,8.70,44561,39040000,-0.04,-0.45,1.70,0.75
2016-09-05,8.81,8.77,8.92,8.73,57614,50730000,0.00,0.00,2.17,0.97
2016-09-06,8.75,9.14,9.18,8.65,123300,110940000,0.37,4.22,6.04,2.08
2016-09-07,9.04,9.05,9.25,9.03,92582,84450000,-0.09,-0.98,2.41,1.56
2016-09-08,9.03,9.08,9.09,8.95,58177,52450000,0.03,0.33,1.55,0.98
2016-09-09,9.08,8.96,9.09,8.96,49229,44450000,-0.12,-1.32,1.43,0.83
2016-09-12,8.76,8.61,8.87,8.50,73165,63740000,-0.35,-3.91,4.13,1.23
2016-09-13,8.64,8.76,8.78,8.64,35177,30660000,0.15,1.74,1.63,0.59
2016-09-14,8.70,8.71,8.95,8.63,30034,26300000,-0.05,-0.57,3.65,0.51
2016-09-19,8.67,8.81,8.86,8.65,35936,31520000,0.10,1.15,2.41,0.61
2016-09-20,8.81,8.70,8.86,8.68,27556,24070000,-0.11,-1.25,2.04,0.46
2016-09-21,8.70,8.73,8.83,8.66,29180,25560000,0.03,0.34,1.95,0.49
2016-09-22,8.83,8.72,8.83,8.71,30336,26590000,-0.01,-0.11,1.37,0.51
2016-09-23,8.76,8.74,8.88,8.71,42550,37460000,0.02,0.23,1.95,0.71
2016-09-26,8.61,8.40,8.81,8.38,45843,39510000,-0.34,-3.89,4.92,0.77
2016-09-27,8.40,8.47,8.54,8.22,60669,50630000,0.07,0.83,3.81,1.02
2016-09-28,8.42,8.41,8.57,8.31,34022,28580000,-0.06,-0.71,3.07,0.57
2016-09-29,8.41,8.62,8.79,8.32,52674,44610000,0.21,2.50,5.59,0.88
2016-09-30,8.62,8.60,8.70,8.57,27674,23890000,-0.02,-0.23,1.51,0.46
2016-10-10,8.60,8.78,8.80,8.60,71569,62410000,0.18,2.09,2.33,1.20
2016-10-11,8.78,8.98,9.06,8.75,119504,106040000,0.20,2.28,3.53,2.01
2016-10-12,8.87,9.05,9.16,8.87,113123,102630000,0.07,0.78,3.23,1.90
2016-10-13,9.11,9.04,9.24,9.01,72293,65890000,-0.01,-0.11,2.54,1.21
2016-10-14,9.03,9.11,9.14,8.94,65565,59360000,0.07,0.77,2.21,1.10
2016-10-17,9.10,9.11,9.19,9.00,92135,84050000,0.00,0.00,2.09,1.55
2016-10-18,9.05,9.28,9.48,9.04,61443,56760000,0.17,1.87,4.83,1.03
2016-10-19,9.26,9.24,9.39,8.84,72095,66790000,-0.04,-0.43,5.93,1.21
2016-10-20,9.30,9.27,9.40,9.23,55586,51600000,0.03,0.32,1.84,0.93
2016-10-21,9.23,9.16,9.33,9.05,71745,65930000,-0.11,-1.19,3.02,1.20
2016-10-24,9.28,9.17,9.30,9.11,62664,57590000,0.01,0.11,2.07,1.05
2016-10-25,9.13,9.25,9.29,9.11,48289,44590000,0.08,0.87,1.96,0.81
2016-10-26,9.30,9.44,9.46,9.16,74498,69560000,0.19,2.05,3.24,1.25
2016-10-27,9.46,9.47,9.63,9.40,94647,90250000,0.03,0.32,2.44,1.59
2016-10-28,9.61,9.46,9.61,9.38,68079,64540000,-0.01,-0.11,2.43,1.14
2016-10-31,9.42,9.31,9.47,9.24,45295,42270000,-0.15,-1.59,2.43,0.76
2016-11-01,9.31,9.32,9.34,9.18,82862,76580000,0.01,0.11,1.72,1.39
2016-11-02,9.32,9.13,9.32,9.12,45635,41990000,-0.19,-2.04,2.15,0.77
2016-11-03,9.18,9.12,9.28,9.10,71541,65410000,-0.01,-0.11,1.97,1.20
2016-11-04,9.17,9.09,9.29,9.08,74859,68770000,-0.03,-0.33,2.30,1.26
2016-11-07,9.11,9.19,9.22,9.07,45391,41580000,0.10,1.10,1.65,0.76
2016-11-08,9.25,9.14,9.25,9.09,46847,42920000,-0.05,-0.54,1.74,0.79
2016-11-09,9.18,9.10,9.18,8.95,40627,36930000,-0.04,-0.44,2.52,0.68
2016-11-10,9.15,9.19,9.24,9.08,72056,65870000,0.09,0.99,1.76,1.21
2016-11-11,9.21,9.15,9.21,9.10,49331,45130000,-0.04,-0.44,1.20,0.83
2016-11-14,9.14,9.08,9.21,9.05,79539,72590000,-0.07,-0.77,1.75,1.34
2016-11-15,9.11,9.12,9.12,9.01,71327,64670000,0.04,0.44,1.21,1.20
2016-11-16,9.16,9.08,9.17,9.08,68537,62470000,-0.04,-0.44,0.99,1.15
2016-11-17,9.08,9.02,9.10,8.93,69292,62380000,-0.06,-0.66,1.87,1.16
2016-11-18,9.14,9.92,9.92,9.12,430780,423040000,0.90,9.98,8.87,7.23
2016-11-21,9.95,10.10,10.41,9.83,540335,542970000,0.18,1.81,5.85,9.07
2016-11-22,10.00,9.96,10.03,9.85,241200,239510000,-0.14,-1.39,1.78,4.05
2016-11-23,9.90,10.02,10.14,9.83,214191,213840000,0.06,0.60,3.11,3.60
2016-11-24,10.18,10.18,10.50,9.93,293642,298120000,0.16,1.60,5.69,4.93
2016-11-25,10.01,10.00,10.07,9.70,141341,140290000,-0.18,-1.77,3.63,2.37
2016-11-28,9.90,10.09,10.39,9.90,209110,213330000,0.09,0.90,4.90,3.51
2016-11-29,10.15,10.00,10.44,9.95,154382,157320000,-0.09,-0.89,4.86,2.59
2016-11-30,9.99,10.13,10.13,9.80,112317,112230000,0.13,1.30,3.30,1.89
2016-12-01,10.19,9.96,10.19,9.93,98124,98200000,-0.17,-1.68,2.57,1.65
2016-12-02,9.93,9.60,10.00,9.51,135297,132460000,-0.36,-3.61,4.92,2.27
2016-12-05,9.48,9.49,9.75,9.30,75978,72270000,-0.11,-1.15,4.69,1.28
2016-12-06,9.49,9.39,9.65,9.33,74588,70590000,-0.10,-1.05,3.37,1.25
2016-12-07,9.38,9.46,9.49,9.25,80348,75480000,0.07,0.75,2.56,1.35
2016-12-08,9.40,9.32,9.48,9.30,63556,59580000,-0.14,-1.48,1.90,1.07
2016-12-09,9.38,9.21,9.41,9.15,72789,67390000,-0.11,-1.18,2.79,1.22
2016-12-12,9.25,8.54,9.25,8.53,112527,99120000,-0.67,-7.27,7.82,1.89
2016-12-13,8.57,8.59,8.72,8.22,65609,55810000,0.05,0.59,5.85,1.10
2016-12-14,8.60,8.45,8.62,8.35,43715,37100000,-0.14,-1.63,3.14,0.73
2016-12-15,8.45,8.46,8.56,8.34,48116,40680000,0.01,0.12,2.60,0.81
2016-12-16,8.48,8.46,8.52,8.40,70221,59430000,0.00,0.00,1.42,1.18
2016-12-19,8.48,8.35,8.48,8.30,50070,41960000,-0.11,-1.30,2.13,0.84
2016-12-20,8.35,8.60,8.80,8.21,108444,91700000,0.25,2.99,7.07,1.82
2016-12-21,8.54,8.62,8.65,8.49,56391,48260000,0.02,0.23,1.86,0.95
2016-12-22,8.52,8.48,8.60,8.42,81018,68840000,-0.14,-1.62,2.09,1.36
2016-12-23,8.44,8.59,9.05,8.43,120617,103630000,0.11,1.30,7.31,2.03
2016-12-26,8.52,8.68,8.73,8.43,85248,73310000,0.09,1.05,3.49,1.43
2016-12-27,8.65,8.60,8.73,8.58,52427,45310000,-0.08,-0.92,1.73,0.88
2016-12-28,8.57,8.67,8.82,8.57,85662,74390000,0.07,0.81,2.91,1.44
2016-12-29,8.65,8.69,8.86,8.62,103231,90320000,0.02,0.23,2.77,1.73
2016-12-30,8.62,8.62,8.70,8.53,51357,44210000,-0.07,-0.81,1.96,0.86
2017-01-03,8.63,8.51,8.68,8.47,60286,51550000,-0.11,-1.28,2.44,1.01
2017-01-04,8.51,8.55,8.61,8.42,95382,81300000,0.04,0.47,2.23,1.60
2017-01-05,8.52,8.43,8.56,8.43,83106,70420000,-0.12,-1.40,1.52,1.40
2017-01-06,8.45,8.10,8.49,8.07,197756,163190000,-0.33,-3.91,4.98,3.32
2017-01-09,8.14,8.04,8.14,7.92,83501,66830000,-0.06,-0.74,2.72,1.40
2017-01-10,8.01,8.11,8.20,8.01,48707,39490000,0.07,0.87,2.36,0.82
2017-01-11,8.11,8.01,8.12,7.98,37453,30140000,-0.10,-1.23,1.73,0.63
2017-01-12,8.01,7.80,8.08,7.76,59118,46760000,-0.21,-2.62,4.00,0.99
2017-01-13,7.83,7.80,7.84,7.70,36809,28630000,0.00,0.00,1.79,0.62
2017-01-16,7.70,7.46,7.78,7.02,81242,60340000,-0.34,-4.36,9.74,1.36
2017-01-17,7.39,7.77,7.82,7.29,82269,62390000,0.31,4.16,7.10,1.38
2017-01-18,7.68,7.67,7.92,7.61,44316,34350000,-0.10,-1.29,3.99,0.74
2017-01-19,7.60,7.61,7.67,7.57,16653,12680000,-0.06,-0.78,1.30,0.28
2017-01-20,7.61,7.79,7.85,7.61,44421,34470000,0.18,2.37,3.15,0.75
2017-01-23,7.79,7.79,7.84,7.73,31936,24900000,0.00,0.00,1.41,0.54
2017-01-24,7.74,7.75,7.83,7.70,24178,18720000,-0.04,-0.51,1.67,0.41
2017-01-25,7.73,7.68,7.81,7.60,35938,27680000,-0.07,-0.90,2.71,0.60
2017-01-26,7.69,7.64,7.73,7.59,38249,29300000,-0.04,-0.52,1.82,0.64
2017-02-03,7.64,7.63,7.68,7.53,21424,16250000,-0.01,-0.13,1.96,0.36
2017-02-06,7.63,7.71,7.76,7.59,29540,22740000,0.08,1.05,2.23,0.50
2017-02-07,7.70,7.80,7.82,7.68,56934,44124000,0.09,1.17,1.816,1.40
2017-02-08,7.80,7.89,7.92,7.74,39296,30830900,0.09,1.15,2.308,0.97
2017-02-09,7.89,7.93,7.96,7.84,42146,33391800,0.04,0.51,1.521,1.04
2017-02-10,7.93,7.88,7.93,7.78,53708,42157800,-0.05,-0.63,1.892,1.32
2017-02-13,7.85,7.86,7.93,7.78,38772,30439300,-0.02,-0.25,1.904,0.96
2017-02-14,7.89,7.83,7.92,7.81,26590,20861500,-0.03,-0.38,1.399,0.66
2017-02-15,7.83,7.71,7.86,7.68,35086,27260600,-0.12,-1.53,2.299,0.86
2017-02-16,7.67,7.66,7.72,7.63,50694,38838200,-0.05,-0.65,1.167,1.25
2017-02-17,7.67,7.55,7.69,7.54,40950,31157500,-0.11,-1.44,1.958,1.01
2017-02-20,7.59,7.75,7.75,7.53,53222,40724800,0.20,2.65,2.914,1.31
2017-02-21,7.73,7.75,7.79,7.65,59528,46026600,0.00,0.00,1.81,1.47
2017-02-22,7.75,7.70,7.79,7.64,62360,48022600,-0.05,-0.65,1.94,1.54
2017-02-23,7.70,7.59,7.73,7.53,83669,63722400,-0.11,-1.43,2.60,2.06
2017-02-24,7.61,7.65,7.66,7.54,114894,87259500,0.06,0.79,1.58,2.83
2017-02-27,7.63,7.67,7.69,7.58,67536,51536400,0.02,0.26,1.44,1.66
2017-02-28,7.59,7.63,7.67,7.56,58618,44627100,-0.04,-0.52,1.43,1.44
2017-03-01,7.64,7.75,7.85,7.59,123300,95516300,0.12,1.57,3.41,3.04
2017-03-02,7.73,7.65,7.75,7.60,68276,52290900,-0.10,-1.29,1.94,1.68
2017-03-03,7.61,7.79,7.88,7.54,97640,75600600,0.14,1.83,4.44,2.41
2017-03-06,7.77,7.81,7.85,7.72,98758,76934300,0.02,0.26,1.67,2.43
2017-03-07,7.80,7.82,7.83,7.75,60096,46831500,0.01,0.13,1.02,1.48
2017-03-08,7.84,7.75,7.84,7.72,58505,45428300,-0.07,-0.90,1.53,1.44
2017-03-09,7.73,7.64,7.76,7.63,55872,42965700,-0.11,-1.42,1.68,1.38
2017-03-10,7.65,7.55,7.67,7.51,58212,44176600,-0.09,-1.18,2.09,1.43
2017-03-13,7.53,7.62,7.64,7.43,51933,39305500,0.07,0.93,2.78,1.28
2017-03-14,7.60,7.52,7.66,7.49,50926,38531500,-0.10,-1.31,2.23,1.25
2017-03-15,7.49,7.52,7.57,7.46,30657,23064100,0.00,0.00,1.46,0.76
2017-03-16,7.52,7.60,7.60,7.50,37757,28575219,0.08,1.06,1.33,0.93
2017-03-17,7.59,7.51,7.64,7.51,47806,36231313,-0.09,-1.18,1.71,1.18
2017-03-20,7.52,7.51,7.54,7.45,34158,25583520,0.00,0.00,1.20,0.84
2017-03-21,7.51,7.59,7.63,7.48,51255,38800075,0.08,1.07,2.00,1.26
2017-03-22,7.58,7.49,7.58,7.45,38386,28766080,-0.10,-1.32,1.71,0.95
2017-03-23,7.46,7.49,7.53,7.36,42883,31952726,0.00,0.00,2.27,1.06
2017-03-24,7.47,7.61,7.61,7.43,51767,38694550,0.12,1.60,2.40,1.28
2017-03-27,7.58,7.45,7.59,7.43,45710,34310354,-0.16,-2.10,2.10,1.13
2017-03-28,7.45,7.47,7.50,7.44,29154,21775685,0.02,0.27,0.81,0.72
2017-03-29,7.43,7.26,7.45,7.16,64479,47107268,-0.21,-2.81,3.88,1.59
2017-03-30,7.27,7.04,7.27,7.00,76821,54398374,-0.22,-3.03,3.72,1.89
2017-03-31,7.10,7.07,7.10,6.95,40985,28795995,0.03,0.43,2.13,1.01
2017-04-05,7.03,7.18,7.18,7.02,43758,31254795,0.11,1.56,2.26,1.08
2017-04-06,7.19,7.19,7.24,7.16,43482,31322457,0.01,0.14,1.11,1.07
2017-04-07,7.22,7.19,7.22,7.12,34519,24777159,0.00,0.00,1.39,0.85
2017-04-10,7.22,7.08,7.22,7.07,46151,32837525,-0.11,-1.53,2.09,1.14
2017-04-11,7.15,7.08,7.17,7.01,37112,26311370,0.00,0.00,2.26,0.91
2017-04-12,7.09,7.12,7.20,7.06,49366,35156058,0.04,0.56,1.98,1.22
2017-04-13,7.10,7.12,7.14,7.06,42607,30238574,0.00,0.00,1.12,1.05
2017-04-14,7.15,7.02,7.15,7.00,37346,26267516,-0.10,-1.40,2.11,0.92
2017-04-17,7.02,6.98,7.02,6.78,53742,36972394,-0.04,-0.57,3.42,1.32
2017-04-18,6.97,7.00,7.03,6.82,70604,49019027,0.02,0.29,3.01,1.74
2017-04-19,6.90,7.03,7.20,6.50,130147,88385589,0.03,0.43,10.00,3.21
2017-04-20,6.97,7.15,7.40,6.85,168586,119868634,0.12,1.71,7.82,4.15
2017-04-21,7.33,6.93,7.33,6.84,96338,67991887,-0.22,-3.08,6.85,2.37
2017-04-24,6.82,6.61,6.82,6.42,55320,36581626,-0.32,-4.62,5.77,1.36
2017-04-25,6.61,6.57,6.61,6.43,51495,33521510,-0.04,-0.61,2.72,1.27
2017-04-26,6.54,6.57,6.57,6.40,49604,32195297,0.00,0.00,2.59,1.21
2017-04-27,6.50,6.57,6.59,6.39,51095,33163298,0.00,0.00,3.04,1.25
2017-04-28,6.58,6.57,6.61,6.50,33245,21794431,0.00,0.00,1.67,0.81
2017-05-02,6.54,6.56,6.58,6.49,25105,16389971,-0.01,-0.15,1.37,0.61
2017-05-03,6.53,6.41,6.53,6.38,52196,33595453,-0.15,-2.29,2.29,1.27
2017-05-04,6.41,6.42,6.44,6.33,29638,18949244,0.01,0.16,1.72,0.72
2017-05-05,6.39,6.44,6.44,6.33,28357,18087790,0.02,0.31,1.71,0.69
2017-05-08,6.40,6.32,6.40,6.31,24671,15671552,-0.12,-1.86,1.40,0.60
2017-05-09,6.30,6.30,6.35,6.08,45395,28317813,-0.02,-0.32,4.27,1.11
2017-05-10,6.29,6.16,6.30,6.10,75968,47052492,-0.14,-2.22,3.17,1.85
2017-05-11,6.10,5.96,6.10,5.86,66268,39692164,-0.20,-3.25,3.90,1.62
2017-05-12,5.97,5.96,6.00,5.83,37306,22090852,0.00,0.00,2.85,0.91
2017-05-15,5.89,6.35,6.44,5.89,121556,75670007,0.39,6.54,9.23,2.96
