日期,开盘,收盘,最高,最低,交易量(手),交易金额(元),涨跌额,涨跌幅(%),振幅(%),换手率(%)
2012-06-19,20.50,19.91,20.57,19.90,45351,90950000,-1.09,-5.19,3.19,27.04
2012-06-20,19.92,20.35,20.95,19.72,38026,76950000,0.44,2.21,6.18,22.68
2012-06-21,20.05,19.81,20.30,19.68,20574,40970000,-0.54,-2.65,3.05,12.27
2012-06-25,19.73,18.60,19.73,18.59,21290,40440000,-1.21,-6.11,5.75,12.70
2012-06-26,18.51,18.29,18.51,17.93,13067,23820000,-0.31,-1.67,3.12,7.79
2012-06-27,18.31,18.53,18.95,18.23,17480,32570000,0.24,1.31,3.94,10.42
2012-06-28,18.40,18.10,18.65,18.09,11993,21890000,-0.43,-2.32,3.02,7.15
2012-06-29,18.09,18.40,18.65,18.03,11165,20520000,0.30,1.66,3.43,6.66
2012-07-02,18.45,18.66,18.78,18.33,11954,22210000,0.26,1.41,2.45,7.13
2012-07-03,18.72,19.25,19.65,18.60,25406,48570000,0.59,3.16,5.63,15.15
2012-07-04,19.26,18.89,19.46,18.71,16635,31740000,-0.36,-1.87,3.90,9.92
2012-07-05,18.80,18.95,19.15,18.61,11241,21230000,0.06,0.32,2.86,6.70
2012-07-06,18.94,18.58,19.08,18.00,13456,24820000,-0.37,-1.95,5.70,8.02
2012-07-09,18.43,18.19,18.43,18.15,7402,13520000,-0.39,-2.10,1.51,4.41
2012-07-10,18.02,17.29,18.23,17.26,14196,24910000,-0.90,-4.95,5.33,8.47
2012-07-11,17.31,16.93,17.43,16.70,13279,22570000,-0.36,-2.08,4.22,7.92
2012-07-12,16.97,17.21,17.28,16.67,13576,22990000,0.28,1.65,3.60,8.10
2012-07-13,17.07,16.75,17.07,16.68,9218,15520000,-0.46,-2.67,2.27,5.50
2012-07-16,16.77,15.63,16.87,15.63,11499,18380000,-1.12,-6.69,7.40,6.86
2012-07-17,15.59,15.69,15.80,15.41,7495,11700000,0.06,0.38,2.50,4.47
2012-07-18,15.61,15.65,15.69,15.19,6891,10640000,-0.04,-0.25,3.19,4.11
2012-07-19,15.62,15.87,16.20,15.53,9097,14490000,0.22,1.41,4.28,5.42
2012-07-20,15.85,16.02,16.30,15.70,7375,11830000,0.15,0.95,3.78,4.40
2012-07-23,16.20,15.89,16.20,15.30,4912,7770000,-0.13,-0.81,5.62,2.93
2012-07-24,15.65,16.02,16.10,15.65,4488,7150000,0.13,0.82,2.83,2.68
2012-07-25,16.01,16.65,17.47,15.83,19727,33340000,0.63,3.93,10.24,11.76
2012-07-26,16.49,16.46,16.68,16.09,10861,17800000,-0.19,-1.14,3.54,6.48
2012-07-27,16.41,16.17,16.47,16.09,5759,9360000,-0.29,-1.76,2.31,3.43
2012-07-30,16.11,15.61,16.29,15.49,5169,8180000,-0.56,-3.46,4.95,3.08
2012-07-31,15.70,15.42,15.70,15.21,3493,5400000,-0.19,-1.22,3.14,2.08
2012-08-01,15.36,15.76,15.79,15.32,3608,5640000,0.34,2.20,3.05,2.15
2012-08-02,15.62,15.51,15.72,15.39,3267,5070000,-0.25,-1.59,2.09,1.95
2012-08-03,15.51,16.02,16.06,15.51,5653,8980000,0.51,3.29,3.55,3.37
2012-08-06,15.90,16.86,16.86,15.74,7965,12920000,0.84,5.24,6.99,4.75
2012-08-07,16.58,16.54,16.74,16.33,6698,11060000,-0.32,-1.90,2.43,3.99
2012-08-08,16.50,16.70,16.70,16.27,4732,7780000,0.16,0.97,2.60,2.82
2012-08-09,16.50,16.82,16.84,16.40,5948,9900000,0.12,0.72,2.63,3.55
2012-08-10,16.70,16.43,16.76,16.41,4498,7430000,-0.39,-2.32,2.08,2.68
2012-08-13,16.57,16.26,16.57,16.26,3810,6260000,-0.17,-1.03,1.89,2.27
2012-08-14,16.20,16.19,16.28,15.70,5400,8630000,-0.07,-0.43,3.57,3.22
2012-08-15,16.10,15.72,16.10,15.72,2831,4500000,-0.47,-2.90,2.35,1.69
2012-08-16,15.70,15.73,15.82,15.64,1682,2650000,0.01,0.06,1.15,1.00
2012-08-17,15.75,16.23,16.23,15.67,2181,3470000,0.50,3.18,3.56,1.30
2012-08-20,15.90,16.18,16.25,15.89,2307,3720000,-0.05,-0.31,2.22,1.38
2012-08-21,16.12,16.38,16.55,16.12,4442,7280000,0.20,1.24,2.66,2.65
2012-08-22,16.30,16.25,16.43,16.15,4698,7650000,-0.13,-0.79,1.71,2.80
2012-08-23,16.18,16.50,16.63,16.13,4628,7600000,0.25,1.54,3.08,2.76
2012-08-24,16.30,16.15,16.57,16.15,4220,6890000,-0.35,-2.12,2.55,2.52
2012-08-27,16.01,15.68,16.02,15.61,3574,5620000,-0.47,-2.91,2.54,2.13
2012-08-28,15.68,15.90,15.95,15.55,2889,4560000,0.22,1.40,2.55,1.72
2012-08-29,15.73,15.85,16.14,15.60,2652,4220000,-0.05,-0.31,3.40,1.58
2012-08-30,15.87,15.78,16.25,15.31,4347,6890000,-0.07,-0.44,5.93,2.59
2012-08-31,15.63,15.75,15.92,15.62,2506,3950000,-0.03,-0.19,1.90,1.49
2012-09-03,15.74,16.06,16.18,15.56,3949,6300000,0.31,1.97,3.94,2.35
2012-09-04,16.06,16.08,16.40,16.02,4372,7080000,0.02,0.12,2.37,2.61
2012-09-05,15.97,16.38,16.50,15.97,6748,11030000,0.30,1.87,3.30,4.02
2012-09-06,16.41,16.57,16.65,16.33,6626,10940000,0.19,1.16,1.95,3.95
2012-09-07,16.70,16.80,16.99,16.65,9879,16610000,0.23,1.39,2.05,5.89
2012-09-10,16.80,16.72,16.94,16.64,6337,10620000,-0.08,-0.48,1.79,3.78
2012-09-11,16.71,16.99,17.35,16.61,10602,18050000,0.27,1.61,4.43,6.32
2012-09-12,17.33,16.80,17.35,16.77,6312,10730000,-0.19,-1.12,3.41,3.76
2012-09-13,16.74,16.58,16.87,16.46,6414,10670000,-0.22,-1.31,2.44,3.82
2012-09-14,16.75,16.53,16.75,16.40,2682,4440000,-0.05,-0.30,2.11,1.60
2012-09-17,16.50,15.88,16.62,15.81,3490,5630000,-0.65,-3.93,4.90,2.08
2012-09-18,15.90,15.98,16.08,15.72,2201,3500000,0.10,0.63,2.27,1.31
2012-09-19,16.02,16.00,16.07,15.91,1807,2890000,0.02,0.13,1.00,1.08
2012-09-20,15.95,15.42,15.95,15.42,3374,5270000,-0.58,-3.63,3.31,2.01
2012-09-21,15.46,15.35,15.59,15.32,1675,2590000,-0.07,-0.45,1.75,1.00
2012-09-24,15.35,15.52,15.58,15.28,823,1270000,0.17,1.11,1.95,0.49
2012-09-25,15.57,15.49,15.57,15.22,1463,2250000,-0.03,-0.19,2.26,0.87
2012-09-26,15.30,15.06,15.44,14.95,1717,2590000,-0.43,-2.78,3.16,1.02
2012-09-27,15.09,15.33,15.48,15.00,2828,4310000,0.27,1.79,3.19,1.69
2012-09-28,15.25,15.44,15.47,15.20,2025,3110000,0.11,0.72,1.76,1.21
2012-10-08,15.35,15.41,15.45,15.32,1270,1950000,-0.03,-0.19,0.84,0.76
2012-10-09,15.33,15.76,15.80,15.33,2952,4630000,0.35,2.27,3.05,1.76
2012-10-10,15.80,15.94,15.95,15.70,3178,5030000,0.18,1.14,1.59,1.90
2012-10-11,15.70,15.78,15.94,15.52,2064,3250000,-0.16,-1.00,2.63,1.23
2012-10-12,15.75,15.80,16.34,15.66,4201,6740000,0.02,0.13,4.31,2.51
2012-10-18,15.20,15.69,15.69,14.99,14375,21940000,-0.11,-0.70,4.43,8.57
2012-10-19,15.46,15.29,15.55,15.29,4844,7460000,-0.40,-2.55,1.66,2.89
2012-10-22,15.32,15.22,15.32,15.03,3786,5740000,-0.07,-0.46,1.90,2.26
2012-10-23,15.22,15.11,15.25,15.11,2658,4040000,-0.11,-0.72,0.92,1.59
2012-10-24,15.10,15.12,15.17,15.03,1977,2990000,0.01,0.07,0.93,1.18
2012-10-25,15.13,15.15,15.24,15.10,2542,3850000,0.03,0.20,0.93,1.52
2012-10-26,15.08,14.45,15.14,14.35,6612,9650000,-0.70,-4.62,5.21,3.94
2012-10-29,14.36,14.37,14.45,14.20,1845,2640000,-0.08,-0.55,1.73,1.10
2012-10-30,14.35,14.45,14.50,14.30,2320,3340000,0.08,0.56,1.39,1.38
2012-10-31,14.55,14.35,14.55,14.30,1400,2010000,-0.10,-0.69,1.73,0.83
2012-11-01,14.36,14.58,14.59,14.35,3178,4610000,0.23,1.60,1.67,1.89
2012-11-02,14.59,14.86,14.98,14.48,5232,7730000,0.28,1.92,3.43,3.12
2012-11-05,14.84,14.60,14.84,14.53,5034,7360000,-0.26,-1.75,2.09,3.00
2012-11-06,14.52,14.30,14.56,14.18,3513,5030000,-0.30,-2.05,2.60,2.10
2012-11-07,14.28,14.31,14.36,14.25,1248,1780000,0.01,0.07,0.77,0.74
2012-11-08,14.24,14.11,14.31,14.11,2547,3610000,-0.20,-1.40,1.40,1.52
2012-11-09,14.12,14.20,14.60,14.00,1986,2830000,0.09,0.64,4.25,1.18
2012-11-12,14.30,14.20,14.65,14.20,2426,3470000,0.00,0.00,3.17,1.45
2012-11-13,14.23,14.22,14.53,14.14,3260,4660000,0.02,0.14,2.75,1.94
2012-11-14,14.22,14.31,14.31,14.05,2457,3490000,0.09,0.63,1.83,1.47
2012-11-15,14.25,13.84,14.25,13.84,1595,2240000,-0.47,-3.28,2.87,0.95
2012-11-16,13.88,13.73,13.93,13.70,1988,2740000,-0.11,-0.79,1.66,1.19
2012-11-19,13.79,14.14,14.43,13.64,2837,3940000,0.41,2.99,5.75,1.69
2012-11-20,14.05,14.12,14.44,14.00,3055,4330000,-0.02,-0.14,3.11,1.82
2012-11-21,14.06,14.37,14.48,14.00,3360,4780000,0.25,1.77,3.40,2.00
2012-11-22,14.38,14.13,14.38,14.10,2308,3270000,-0.24,-1.67,1.95,1.38
2012-11-23,14.10,14.21,14.27,14.10,1324,1880000,0.08,0.57,1.20,0.79
2012-11-26,14.19,13.87,14.19,13.83,970,1360000,-0.34,-2.39,2.53,0.58
2012-11-27,13.86,13.39,13.97,13.35,2053,2790000,-0.48,-3.46,4.47,1.22
2012-11-28,13.33,13.15,13.35,13.13,1141,1510000,-0.24,-1.79,1.64,0.68
2012-11-29,13.17,13.00,13.23,12.98,1120,1470000,-0.15,-1.14,1.90,0.67
2012-11-30,13.08,13.05,13.20,12.90,724,950000,0.05,0.38,2.31,0.43
2012-12-03,13.05,12.71,13.18,12.60,833,1080000,-0.34,-2.61,4.44,0.50
2012-12-04,12.58,13.00,13.14,12.24,2020,2560000,0.29,2.28,7.08,1.20
2012-12-05,12.85,13.25,13.36,12.73,4133,5460000,0.25,1.92,4.85,2.46
2012-12-06,13.24,13.26,13.45,13.13,1835,2440000,0.01,0.08,2.42,1.09
2012-12-07,13.26,13.40,13.42,13.08,3177,4230000,0.14,1.06,2.56,1.89
2012-12-10,13.43,13.57,13.64,13.27,4644,6260000,0.17,1.27,2.76,2.77
2012-12-11,13.50,13.28,13.55,13.27,3172,4260000,-0.29,-2.14,2.06,1.89
2012-12-12,13.31,13.46,13.49,13.15,2172,2890000,0.18,1.36,2.56,1.30
2012-12-13,13.41,13.25,13.50,13.23,1467,1960000,-0.21,-1.56,2.01,0.88
2012-12-14,13.29,13.98,13.98,13.21,6528,8920000,0.73,5.51,5.81,3.89
2012-12-17,13.90,14.05,14.08,13.84,4163,5820000,0.07,0.50,1.72,2.48
2012-12-18,14.05,14.03,14.46,13.90,4652,6580000,-0.02,-0.14,3.99,2.77
2012-12-19,13.81,14.04,14.14,13.81,2515,3520000,0.01,0.07,2.35,1.50
2012-12-20,14.04,14.41,14.55,13.81,12856,18400000,0.37,2.64,5.27,7.67
2012-12-21,14.42,14.88,14.94,14.21,18417,27030000,0.47,3.26,5.07,10.98
2012-12-24,14.88,15.20,15.20,14.66,13789,20570000,0.32,2.15,3.63,8.22
2012-12-25,15.08,15.70,15.80,14.95,18005,27750000,0.50,3.29,5.59,10.74
2012-12-26,15.60,16.55,16.67,15.51,21246,34320000,0.85,5.41,7.39,12.67
2012-12-27,16.83,15.76,16.83,15.76,19638,31700000,-0.79,-4.77,6.47,11.71
2012-12-28,15.79,16.01,16.22,15.61,12079,19280000,0.25,1.59,3.87,7.20
2012-12-31,16.02,15.79,16.12,15.66,10272,16280000,-0.22,-1.37,2.87,6.13
2013-01-04,15.98,16.08,16.14,15.51,10575,16780000,0.29,1.84,3.99,6.31
2013-01-07,16.01,16.17,16.23,15.80,7343,11790000,0.09,0.56,2.67,4.38
2013-01-08,16.16,16.53,16.53,15.92,11869,19300000,0.36,2.23,3.77,7.08
2013-01-09,16.22,16.45,17.08,16.10,15676,26000000,-0.08,-0.48,5.93,9.35
2013-01-10,16.28,16.14,16.39,16.08,8496,13780000,-0.31,-1.88,1.88,5.07
2013-01-11,16.30,16.21,16.80,16.10,14837,24480000,0.07,0.43,4.34,8.85
2013-01-14,16.24,17.11,17.19,16.24,16229,27310000,0.90,5.55,5.86,9.68
2013-01-15,17.02,17.14,17.20,16.86,13062,22220000,0.03,0.18,1.99,7.79
2013-01-16,17.04,16.93,17.20,16.60,9434,15920000,-0.21,-1.23,3.50,5.63
2013-01-17,16.80,16.63,17.00,16.55,7384,12370000,-0.30,-1.77,2.66,4.40
2013-01-18,16.60,16.62,16.80,16.30,7358,12200000,-0.01,-0.06,3.01,4.39
2013-01-21,18.28,18.28,18.28,18.28,11214,20500000,1.66,9.99,0.00,6.69
2013-01-22,18.98,18.59,19.28,18.11,64670,120630000,0.31,1.70,6.40,38.56
2013-01-23,18.50,18.69,18.95,18.15,27456,51010000,0.10,0.54,4.30,16.37
2013-01-24,18.62,18.00,18.88,17.45,25967,47270000,-0.69,-3.69,7.65,15.48
2013-01-25,18.00,18.19,18.49,17.70,13385,24220000,0.19,1.06,4.39,7.98
2013-01-28,18.18,18.45,18.66,18.07,11410,20970000,0.26,1.43,3.24,6.80
2013-01-29,19.38,18.46,19.38,18.45,19752,37080000,0.01,0.05,5.04,11.78
2013-01-30,18.36,18.46,18.75,18.05,15284,28140000,0.00,0.00,3.79,9.11
2013-01-31,18.45,18.34,18.50,18.12,7006,12780000,-0.12,-0.65,2.06,4.18
2013-02-01,18.34,18.18,18.45,18.15,6211,11340000,-0.16,-0.87,1.64,3.70
2013-02-04,18.20,17.85,18.32,17.68,7989,14340000,-0.33,-1.82,3.52,4.76
2013-02-05,17.78,18.17,18.17,17.70,6015,10820000,0.32,1.79,2.63,3.59
2013-02-06,18.10,18.17,18.33,18.07,6108,11110000,0.00,0.00,1.43,3.64
2013-02-07,18.24,18.20,18.26,18.06,3064,5570000,0.03,0.17,1.10,1.83
2013-02-08,18.29,18.63,18.77,18.20,10095,18750000,0.43,2.36,3.13,6.02
2013-02-18,18.79,18.53,18.79,18.38,5253,9710000,-0.10,-0.54,2.20,3.13
2013-02-19,18.42,17.98,18.52,17.94,4962,9030000,-0.55,-2.97,3.13,2.96
2013-02-20,17.95,18.20,18.22,17.95,3930,7120000,0.22,1.22,1.50,2.34
2013-02-21,18.19,17.89,18.19,17.69,5845,10490000,-0.31,-1.70,2.75,3.49
2013-02-22,17.95,17.90,18.09,17.71,3269,5860000,0.01,0.06,2.12,1.95
2013-02-25,18.17,18.05,18.17,17.89,3332,6000000,0.15,0.84,1.56,1.99
2013-02-26,18.06,18.44,18.90,18.04,24191,45020000,0.39,2.16,4.76,14.42
2013-02-27,18.48,17.95,19.30,17.50,25265,46170000,-0.49,-2.66,9.76,15.07
2013-02-28,17.96,18.14,18.33,17.71,26038,47160000,0.19,1.06,3.45,15.53
2013-03-01,18.16,17.93,18.35,17.78,25099,45340000,-0.21,-1.16,3.14,14.97
2013-03-04,17.82,17.06,18.10,16.92,15450,27060000,-0.87,-4.85,6.58,9.21
2013-03-05,17.17,17.36,17.40,17.06,6539,11280000,0.30,1.76,1.99,3.90
2013-03-06,17.47,17.61,17.69,17.31,7151,12560000,0.25,1.44,2.19,4.26
2013-03-07,17.60,17.30,17.70,17.20,6045,10560000,-0.31,-1.76,2.84,3.60
2013-03-08,17.40,17.24,17.41,17.18,3867,6690000,-0.06,-0.35,1.33,2.31
2013-03-11,17.28,17.26,17.46,17.20,3038,5260000,0.02,0.12,1.51,1.81
2013-03-12,17.21,16.46,17.37,16.32,8126,13660000,-0.80,-4.64,6.08,4.85
2013-03-13,16.40,16.32,16.47,16.00,5038,8190000,-0.14,-0.85,2.86,3.00
2013-03-14,16.27,16.35,16.48,16.21,3317,5440000,0.03,0.18,1.65,1.98
2013-03-15,16.43,16.40,16.70,16.21,3995,6590000,0.05,0.31,3.00,2.38
2013-03-18,16.25,16.31,16.48,16.21,2627,4290000,-0.09,-0.55,1.65,1.57
2013-03-19,16.39,16.29,16.51,16.23,2145,3510000,-0.02,-0.12,1.72,1.28
2013-03-20,16.68,16.77,16.77,16.41,4592,7640000,0.48,2.95,2.21,2.74
2013-03-21,16.75,16.97,17.11,16.72,5983,10150000,0.20,1.19,2.33,3.57
2013-03-22,16.97,17.36,17.40,16.83,6554,11240000,0.39,2.30,3.36,3.91
2013-03-25,17.40,17.55,17.63,17.34,6020,10540000,0.19,1.09,1.67,3.59
2013-03-26,17.61,18.05,18.15,17.51,20081,35830000,0.50,2.85,3.65,11.97
2013-03-27,17.98,17.73,17.99,17.48,18390,32650000,-0.32,-1.77,2.83,10.97
2013-03-28,17.50,17.20,17.64,17.10,8664,15000000,-0.53,-2.99,3.05,5.17
2013-03-29,17.30,16.89,17.48,16.80,5458,9310000,-0.31,-1.80,3.95,3.25
2013-04-01,16.69,17.03,17.24,16.67,3628,6180000,0.14,0.83,3.37,2.16
2013-04-02,17.22,16.54,17.22,16.50,4524,7630000,-0.49,-2.88,4.23,2.70
2013-04-03,16.56,16.36,16.75,16.26,3551,5830000,-0.18,-1.09,2.96,2.12
2013-04-08,16.02,16.64,16.66,16.02,2574,4220000,0.28,1.71,3.91,1.53
2013-04-09,16.66,16.73,16.80,16.63,2489,4160000,0.09,0.54,1.02,1.48
2013-04-10,16.97,16.67,16.97,16.52,2133,3560000,-0.06,-0.36,2.69,1.27
2013-04-11,16.72,16.47,16.77,16.47,1951,3230000,-0.20,-1.20,1.80,1.16
2013-04-12,16.46,16.38,16.80,16.36,2097,3460000,-0.09,-0.55,2.67,1.25
2013-04-15,16.37,16.03,16.38,16.00,3220,5190000,-0.35,-2.14,2.32,1.92
2013-04-16,16.01,16.25,16.29,16.00,1976,3190000,0.22,1.37,1.81,1.18
2013-04-17,16.26,16.56,16.56,16.11,3244,5300000,0.31,1.91,2.77,1.93
2013-04-18,16.47,16.71,16.72,16.35,3049,5070000,0.15,0.91,2.23,1.82
2013-04-19,16.79,17.25,17.37,16.78,8579,14760000,0.54,3.23,3.53,5.12
2013-04-22,17.27,17.59,17.64,17.20,7949,13880000,0.34,1.97,2.55,4.74
2013-04-23,17.58,16.94,17.58,16.93,6501,11180000,-0.65,-3.70,3.70,3.88
2013-04-24,17.00,17.70,17.87,17.00,11856,20860000,0.76,4.49,5.14,7.07
2013-04-25,17.60,17.40,18.07,17.38,12857,22890000,-0.30,-1.69,3.90,7.67
2013-04-26,17.41,17.08,17.51,17.04,4448,7650000,-0.32,-1.84,2.70,2.65
2013-05-02,17.06,17.19,17.33,16.92,3238,5540000,0.11,0.64,2.40,1.93
2013-05-03,17.25,17.71,17.77,17.22,5276,9280000,0.52,3.03,3.20,3.15
2013-05-06,17.78,17.95,18.05,17.66,10289,18450000,0.24,1.36,2.20,6.14
2013-05-07,18.04,17.83,18.07,17.51,5350,9530000,-0.12,-0.67,3.12,3.19
2013-05-08,17.99,18.01,18.01,17.71,9843,17610000,0.18,1.01,1.68,5.87
2013-05-09,18.13,18.10,18.23,17.74,11852,21350000,0.09,0.50,2.72,7.07
2013-05-10,18.12,18.44,18.48,18.00,16046,29290000,0.34,1.88,2.65,9.57
2013-05-13,18.45,19.19,19.29,18.34,24497,46400000,0.75,4.07,5.15,14.61
2013-05-14,19.28,19.05,19.35,18.56,18238,34390000,-0.14,-0.73,4.12,10.88
2013-05-15,19.05,19.08,19.16,18.71,13152,24930000,0.03,0.16,2.36,7.84
2013-05-16,19.03,18.84,19.10,18.60,16479,31130000,-0.24,-1.26,2.62,9.83
2013-05-17,18.79,18.85,18.98,18.66,18145,34200000,0.01,0.05,1.70,10.82
2013-05-20,9.30,9.38,9.42,8.97,33879,31240000,0.10,1.08,4.85,10.10
2013-05-21,9.32,9.47,9.48,9.10,38559,36020000,0.09,0.96,4.05,11.50
2013-05-22,9.40,9.22,9.45,9.06,30614,28260000,-0.25,-2.64,4.12,9.13
2013-05-23,9.12,9.16,9.30,9.06,24027,22000000,-0.06,-0.65,2.60,7.16
2013-05-24,9.09,9.19,9.25,9.09,24327,22310000,0.03,0.33,1.75,7.25
2013-05-27,9.19,9.20,9.28,9.10,20962,19240000,0.01,0.11,1.96,6.25
2013-05-28,9.21,8.93,9.24,8.91,23915,21570000,-0.27,-2.93,3.59,7.13
2013-05-29,8.95,8.96,9.06,8.88,13028,11700000,0.03,0.34,2.02,3.88
2013-05-30,8.96,9.00,9.05,8.91,16682,15000000,0.04,0.45,1.56,4.97
2013-05-31,9.00,8.87,9.04,8.83,17731,15820000,-0.13,-1.44,2.33,5.29
2013-06-03,8.92,8.73,8.93,8.71,13101,11550000,-0.14,-1.58,2.48,3.91
2013-06-04,8.73,8.44,8.74,8.40,13380,11440000,-0.29,-3.32,3.89,3.99
2013-06-05,8.35,8.52,8.55,8.35,6209,5280000,0.08,0.95,2.37,1.85
2013-06-06,8.50,8.43,8.57,8.43,6525,5540000,-0.09,-1.06,1.64,1.95
2013-06-07,8.48,8.35,8.52,8.34,6038,5080000,-0.08,-0.95,2.14,1.80
2013-06-13,8.32,8.17,8.32,7.91,5062,4090000,-0.18,-2.16,4.91,1.51
2013-06-14,8.12,8.34,8.35,8.12,6322,5230000,0.17,2.08,2.82,1.89
2013-06-17,8.34,8.38,8.53,8.17,10167,8480000,0.04,0.48,4.32,3.03
2013-06-18,8.37,8.26,8.38,8.18,6621,5470000,-0.12,-1.43,2.39,1.97
2013-06-19,8.21,8.14,8.27,8.03,5616,4560000,-0.12,-1.45,2.91,1.67
2013-06-20,8.11,8.03,8.45,8.03,9035,7460000,-0.11,-1.35,5.16,1.32
2013-06-21,7.93,7.60,8.20,7.60,27893,21760000,-0.43,-5.35,7.47,4.07
2013-06-24,7.55,7.02,7.73,7.02,29420,21630000,-0.58,-7.63,9.34,4.29
2013-06-25,6.95,7.37,7.56,6.52,21302,15010000,0.35,4.99,14.81,3.11
2013-06-26,7.26,7.44,7.49,7.13,26163,19090000,0.07,0.95,4.88,3.81
2013-06-27,7.30,6.98,7.41,6.96,27174,19560000,-0.46,-6.18,6.05,3.96
2013-06-28,6.85,6.62,6.95,6.60,29553,19930000,-0.36,-5.16,5.01,4.31
2013-07-01,6.63,6.78,6.82,6.48,51558,34260000,0.16,2.42,5.14,7.52
2013-07-02,6.77,7.14,7.18,6.74,66337,46800000,0.36,5.31,6.49,9.67
2013-07-03,7.06,7.21,7.27,7.02,47788,34170000,0.07,0.98,3.50,6.97
2013-07-04,7.18,7.15,7.25,7.04,31079,22240000,-0.06,-0.83,2.91,4.53
2013-07-05,7.10,6.99,7.15,6.98,19780,13990000,-0.16,-2.24,2.38,2.88
2013-07-08,6.88,6.76,6.88,6.62,23845,16140000,-0.23,-3.29,3.72,3.48
2013-07-09,6.70,6.84,6.89,6.70,10700,7280000,0.08,1.18,2.81,1.56
2013-07-10,6.83,7.00,7.01,6.78,13991,9670000,0.16,2.34,3.36,2.04
2013-07-11,7.05,7.14,7.19,6.96,23396,16580000,0.14,2.00,3.29,3.41
2013-07-12,7.15,7.17,7.28,7.11,28211,20320000,0.03,0.42,2.38,4.11
2013-07-15,7.15,7.21,7.26,7.10,26718,19210000,0.04,0.56,2.23,3.90
2013-07-16,7.21,7.39,7.48,7.17,37723,27580000,0.18,2.50,4.30,5.50
2013-07-17,7.38,7.28,7.38,7.16,34852,25370000,-0.11,-1.49,2.98,5.08
2013-07-18,7.21,7.40,7.48,7.12,43450,31940000,0.12,1.65,4.95,6.33
2013-07-19,7.34,7.13,7.43,7.13,27117,19830000,-0.27,-3.65,4.05,3.95
2013-07-22,7.10,7.37,7.38,7.02,21667,15630000,0.24,3.37,5.05,3.16
2013-07-23,7.45,7.97,8.10,7.38,94725,73770000,0.60,8.14,9.77,13.81
2013-07-24,7.90,7.91,8.12,7.78,55738,44240000,-0.06,-0.75,4.27,8.13
2013-07-25,7.87,7.52,7.98,7.46,36155,27750000,-0.39,-4.93,6.57,5.27
2013-07-26,7.51,7.69,7.77,7.32,23381,17600000,0.17,2.26,5.98,3.41
2013-07-29,7.59,7.64,7.85,7.54,17768,13650000,-0.05,-0.65,4.03,2.59
2013-07-30,7.69,7.53,7.69,7.32,14465,10840000,-0.11,-1.44,4.84,2.11
2013-07-31,7.57,7.52,7.68,7.49,13606,10330000,-0.01,-0.13,2.52,1.98
2013-08-01,7.50,7.98,8.27,7.50,100633,81790000,0.46,6.12,10.24,14.67
2013-08-02,7.99,8.03,8.18,7.72,101829,80520000,0.05,0.63,5.76,14.85
2013-08-05,7.95,8.15,8.27,7.92,62200,50490000,0.12,1.49,4.36,9.07
2013-08-06,8.08,8.11,8.23,8.03,43528,35340000,-0.04,-0.49,2.45,6.35
2013-08-07,8.10,7.84,8.11,7.80,36364,28840000,-0.27,-3.33,3.82,5.30
2013-08-08,7.80,7.90,7.97,7.79,21012,16580000,0.06,0.77,2.30,3.06
2013-08-09,7.90,7.75,7.98,7.61,31871,24750000,-0.15,-1.90,4.68,4.65
2013-08-12,7.74,7.83,7.88,7.73,22700,17680000,0.08,1.03,1.94,3.31
2013-08-13,7.85,8.06,8.14,7.77,41168,32960000,0.23,2.94,4.73,6.00
2013-08-14,8.01,8.12,8.16,7.97,35382,28580000,0.06,0.74,2.36,5.16
2013-08-15,8.07,7.91,8.16,7.90,25428,20470000,-0.21,-2.59,3.20,3.71
2013-08-16,7.88,7.82,8.22,7.81,44446,35760000,-0.09,-1.14,5.18,6.48
2013-08-19,7.81,7.98,8.05,7.76,22655,17970000,0.16,2.05,3.71,3.30
2013-08-20,8.00,7.92,8.10,7.89,30849,24640000,-0.06,-0.75,2.63,4.50
2013-08-21,7.91,8.04,8.12,7.88,27546,22110000,0.12,1.52,3.03,4.02
2013-08-22,8.05,8.14,8.18,7.95,34559,27900000,0.10,1.24,2.86,5.04
2013-08-23,8.11,7.93,8.15,7.75,36971,29450000,-0.21,-2.58,4.91,5.39
2013-08-26,7.95,8.11,8.17,7.90,33050,26740000,0.18,2.27,3.40,4.82
2013-08-27,8.08,8.13,8.16,7.95,33765,27220000,0.02,0.25,2.59,4.92
2013-08-28,8.10,7.90,8.10,7.88,30066,24090000,-0.23,-2.83,2.71,4.38
2013-08-29,7.89,7.87,7.97,7.84,19680,15550000,-0.03,-0.38,1.65,2.87
2013-08-30,7.85,7.53,7.94,7.51,31427,24180000,-0.34,-4.32,5.46,4.58
2013-09-02,7.50,7.62,7.64,7.50,11081,8400000,0.09,1.20,1.86,1.62
2013-09-03,7.63,7.78,7.79,7.59,16167,12490000,0.16,2.10,2.62,2.36
2013-09-04,7.77,7.75,7.85,7.71,15798,12270000,-0.03,-0.39,1.80,2.30
2013-09-05,7.79,8.13,8.27,7.75,64004,51570000,0.38,4.90,6.71,9.33
2013-09-06,8.06,8.75,8.87,7.94,104279,88680000,0.62,7.63,11.44,15.20
2013-09-09,8.73,8.54,8.78,8.44,50868,43570000,-0.21,-2.40,3.89,7.42
2013-09-10,8.53,8.53,8.65,8.37,39443,33540000,-0.01,-0.12,3.28,5.75
2013-09-11,8.53,8.25,8.59,8.16,37080,30680000,-0.28,-3.28,5.04,5.41
2013-09-12,8.20,8.24,8.41,8.18,24683,20450000,-0.01,-0.12,2.79,3.60
2013-09-13,8.21,8.34,8.41,8.18,24558,20380000,0.10,1.21,2.79,3.58
2013-09-16,8.29,8.16,8.29,8.10,28511,23320000,-0.18,-2.16,2.28,4.16
2013-09-17,8.14,7.91,8.21,7.90,17984,14490000,-0.25,-3.06,3.80,2.62
2013-09-18,7.91,8.06,8.10,7.90,11670,9340000,0.15,1.90,2.53,1.70
2013-09-23,8.06,8.19,8.26,8.06,17929,14690000,0.13,1.61,2.48,2.61
2013-09-24,8.22,8.08,8.23,8.05,17366,14120000,-0.11,-1.34,2.20,2.53
2013-09-25,8.09,8.18,8.21,8.08,17929,14590000,0.10,1.24,1.61,2.61
2013-09-26,8.19,8.00,8.22,7.95,18632,15090000,-0.18,-2.20,3.30,2.72
2013-09-27,8.07,8.02,8.08,7.95,9216,7400000,0.02,0.25,1.63,1.34
2013-09-30,8.06,8.17,8.18,7.99,12536,10160000,0.15,1.87,2.37,1.83
2013-10-08,8.16,8.24,8.25,8.08,16397,13430000,0.07,0.86,2.08,2.39
2013-10-09,8.18,8.22,8.27,8.16,18167,14910000,-0.02,-0.24,1.34,2.65
2013-10-10,8.23,8.11,8.23,8.08,18203,14850000,-0.11,-1.34,1.82,2.65
2013-10-11,8.13,8.21,8.23,8.09,19058,15550000,0.10,1.23,1.73,2.78
2013-10-14,8.24,8.29,8.42,8.20,21005,17400000,0.08,0.97,2.68,3.06
2013-10-15,8.30,8.30,8.35,8.18,20786,17150000,0.01,0.12,2.05,3.03
2013-10-16,8.30,8.05,8.34,8.01,19207,15660000,-0.25,-3.01,3.98,2.80
2013-10-17,8.23,8.12,8.27,8.07,19645,16070000,0.07,0.87,2.48,2.86
2013-10-18,8.11,8.14,8.18,8.09,10467,8520000,0.02,0.25,1.11,1.53
2013-10-21,8.16,8.39,8.44,8.15,37608,31410000,0.25,3.07,3.56,5.48
2013-10-22,8.40,8.30,8.51,8.28,31371,26330000,-0.09,-1.07,2.74,4.57
2013-10-23,8.50,8.13,8.50,8.12,22363,18490000,-0.17,-2.05,4.58,3.26
2013-10-24,8.14,8.12,8.22,8.04,11073,9000000,-0.01,-0.12,2.21,1.61
2013-10-25,8.10,7.80,8.15,7.79,20093,15970000,-0.32,-3.94,4.43,2.93
2013-10-28,7.82,7.73,7.87,7.59,11057,8540000,-0.07,-0.90,3.59,1.61
2013-10-29,7.71,7.30,7.76,7.10,22330,16470000,-0.43,-5.56,8.54,3.25
2013-10-30,7.30,7.40,7.42,7.25,10716,7850000,0.10,1.37,2.33,1.56
2013-10-31,7.41,7.30,7.41,7.25,9457,6910000,-0.10,-1.35,2.16,1.38
2013-11-01,7.32,7.29,7.37,7.25,6978,5100000,-0.01,-0.14,1.64,1.02
2013-11-04,7.30,7.36,7.37,7.29,7009,5130000,0.07,0.96,1.10,1.02
2013-11-05,7.33,7.44,7.44,7.28,8683,6410000,0.08,1.09,2.17,1.26
2013-11-06,7.42,7.38,7.49,7.37,7493,5570000,-0.06,-0.81,1.61,1.09
2013-11-07,7.37,7.48,7.52,7.36,11117,8280000,0.10,1.36,2.17,1.62
2013-11-08,7.45,7.25,7.45,7.22,9471,6930000,-0.23,-3.07,3.07,1.38
2013-11-11,7.28,7.42,7.46,7.22,6567,4850000,0.17,2.34,3.31,0.96
2013-11-12,7.39,7.53,7.59,7.38,10891,8160000,0.11,1.48,2.83,1.59
2013-11-13,7.50,7.45,7.66,7.43,15989,12070000,-0.08,-1.06,3.05,2.33
2013-11-14,7.44,7.70,7.75,7.39,18356,13980000,0.25,3.36,4.83,2.67
2013-11-15,7.68,8.47,8.47,7.67,47483,39450000,0.77,10.00,10.39,6.91
2013-11-18,9.32,9.32,9.32,9.32,23285,21700000,0.85,10.04,0.00,3.39
2013-11-19,10.25,10.25,10.25,9.90,279460,284120000,0.93,9.98,3.76,40.68
2013-11-20,10.00,10.97,11.23,9.75,240222,247150000,0.72,7.02,14.44,34.97
2013-11-21,10.50,10.11,10.74,10.11,174534,181500000,-0.86,-7.84,5.74,25.41
2013-11-22,9.95,10.06,10.97,9.89,115494,118380000,-0.05,-0.49,10.68,16.81
2013-11-25,10.00,9.80,10.02,9.56,77742,75770000,-0.26,-2.58,4.57,11.32
2013-11-26,9.82,10.07,10.13,9.70,76614,76170000,0.27,2.76,4.39,11.15
2013-11-27,9.98,10.06,10.15,9.82,58772,58720000,-0.01,-0.10,3.28,8.56
2013-11-28,10.14,10.32,10.46,9.95,94231,96180000,0.26,2.58,5.07,13.72
2013-11-29,10.32,10.31,10.46,10.03,91143,93260000,-0.01,-0.10,4.17,13.27
2013-12-02,9.58,9.28,9.66,9.28,48633,45720000,-1.03,-9.99,3.69,7.08
2013-12-03,8.70,8.74,8.92,8.35,83484,71690000,-0.54,-5.82,6.14,12.15
2013-12-04,8.65,8.83,9.20,8.64,70751,63080000,0.09,1.03,6.41,10.30
2013-12-05,8.79,8.82,9.03,8.65,46070,40760000,-0.01,-0.11,4.30,6.71
2013-12-06,8.74,8.87,8.95,8.74,29828,26440000,0.05,0.57,2.38,4.34
2013-12-09,8.88,9.15,9.25,8.87,45731,41600000,0.28,3.16,4.28,6.66
2013-12-10,9.17,9.74,9.76,9.15,88530,83570000,0.59,6.45,6.67,12.89
2013-12-11,9.56,9.42,9.66,9.30,50759,48040000,-0.32,-3.29,3.70,7.39
2013-12-12,9.46,9.42,9.48,9.30,31358,29410000,0.00,0.00,1.91,4.57
2013-12-13,9.38,9.37,9.42,9.18,33917,31690000,-0.05,-0.53,2.55,4.94
2013-12-16,9.36,9.13,9.36,9.03,26072,23930000,-0.24,-2.56,3.52,3.80
2013-12-17,9.11,9.19,9.26,9.08,17546,16070000,0.06,0.66,1.97,2.55
2013-12-18,9.26,8.90,9.27,8.80,23733,21290000,-0.29,-3.16,5.11,3.45
2013-12-19,8.87,8.84,9.04,8.80,14968,13370000,-0.06,-0.67,2.70,2.18
2013-12-20,8.81,8.77,8.91,8.72,11461,10120000,-0.07,-0.79,2.15,1.67
2013-12-23,8.83,8.94,9.03,8.51,15092,13290000,0.17,1.94,5.93,2.20
2013-12-24,8.97,9.02,9.12,8.85,15009,13530000,0.08,0.89,3.02,2.19
2013-12-25,9.03,9.29,9.29,8.90,25370,23210000,0.27,2.99,4.32,3.69
2013-12-26,9.22,8.92,9.35,8.92,19579,17920000,-0.37,-3.98,4.63,2.85
2013-12-27,8.95,9.22,9.25,8.87,20643,18870000,0.30,3.36,4.26,3.01
2013-12-30,9.30,9.34,9.36,9.21,19375,17990000,0.12,1.30,1.63,2.82
2013-12-31,9.33,9.18,9.50,9.13,24458,22810000,-0.16,-1.71,3.96,3.56
2014-01-02,9.18,9.44,9.51,9.10,28333,26590000,0.26,2.83,4.47,4.12
2014-01-03,9.44,9.48,9.57,9.33,31409,29660000,0.04,0.42,2.54,4.57
2014-01-06,9.45,8.98,9.59,8.95,28910,26640000,-0.50,-5.27,6.75,4.21
2014-01-07,8.94,9.11,9.16,8.76,16291,14660000,0.13,1.45,4.45,2.37
2014-01-08,9.13,9.31,9.37,9.11,27030,25070000,0.20,2.20,2.85,3.93
2014-01-09,9.24,9.23,9.59,9.21,41004,38700000,-0.08,-0.86,4.08,5.97
2014-01-10,9.10,8.90,9.16,8.80,23061,20690000,-0.33,-3.58,3.90,3.36
2014-01-13,8.89,8.95,9.12,8.83,18273,16390000,0.05,0.56,3.26,2.66
2014-01-14,8.96,9.27,9.28,8.81,22356,20290000,0.32,3.58,5.25,3.25
2014-01-15,9.29,9.39,9.39,9.16,23732,22030000,0.12,1.29,2.48,3.45
2014-01-16,9.38,9.26,9.40,9.22,18711,17400000,-0.13,-1.38,1.92,2.72
2014-01-17,9.23,9.41,9.47,9.17,25631,24000000,0.15,1.62,3.24,3.73
2014-01-20,9.42,9.28,9.54,9.10,22851,21380000,-0.13,-1.38,4.68,3.33
2014-01-21,9.28,9.64,9.73,9.22,37731,36060000,0.36,3.88,5.50,5.49
2014-01-22,9.60,9.71,9.81,9.53,41138,39770000,0.07,0.73,2.90,5.99
2014-01-23,9.75,10.47,10.68,9.64,90974,93130000,0.76,7.83,10.71,13.24
2014-01-24,10.30,10.18,10.48,10.18,50093,51600000,-0.29,-2.77,2.87,7.29
2014-01-27,10.17,10.16,10.38,10.01,34405,35020000,-0.02,-0.20,3.63,5.01
2014-01-28,10.10,9.99,10.39,9.97,37548,38210000,-0.17,-1.67,4.13,5.47
2014-01-29,9.98,10.27,10.35,9.98,26776,27320000,0.28,2.80,3.70,3.90
2014-01-30,10.23,10.06,10.23,9.97,17597,17750000,-0.21,-2.04,2.53,2.56
2014-02-07,10.01,10.30,10.32,9.90,21251,21710000,0.24,2.39,4.18,3.09
2014-02-10,10.32,10.72,10.97,10.23,52508,55830000,0.42,4.08,7.18,7.64
2014-02-11,10.72,10.66,10.80,10.38,46159,49050000,-0.06,-0.56,3.92,6.72
2014-02-12,10.66,11.15,11.15,10.41,56310,60560000,0.49,4.60,6.94,8.20
2014-02-13,11.00,11.55,12.27,10.95,95283,111120000,0.40,3.59,11.84,13.87
2014-02-14,11.47,12.55,12.71,11.47,108198,132030000,1.00,8.66,10.74,15.75
2014-02-17,12.54,12.61,12.68,12.10,69532,86220000,0.06,0.48,4.62,10.12
2014-02-18,12.50,12.14,12.56,12.00,69065,84180000,-0.47,-3.73,4.44,10.05
2014-02-19,12.00,11.84,12.05,11.61,48665,57320000,-0.30,-2.47,3.62,7.08
2014-02-20,11.73,11.60,12.13,11.52,47954,56750000,-0.24,-2.03,5.15,6.98
2014-02-21,11.60,11.70,11.83,11.34,29016,33510000,0.10,0.86,4.22,4.22
2014-02-24,11.57,11.81,11.87,11.32,26740,31110000,0.11,0.94,4.70,3.89
2014-02-25,11.83,10.68,12.13,10.63,56242,63620000,-1.13,-9.57,12.70,8.19
2014-02-26,10.41,10.47,10.59,10.14,24621,25580000,-0.21,-1.97,4.21,3.58
2014-02-27,10.43,10.11,10.88,10.08,28772,30290000,-0.36,-3.44,7.64,4.19
2014-02-28,10.18,10.41,10.45,9.99,23943,24420000,0.30,2.97,4.55,3.49
2014-03-03,10.42,10.75,10.99,10.33,40819,43660000,0.34,3.27,6.34,5.94
2014-03-04,10.50,10.52,10.70,10.31,27864,29190000,-0.23,-2.14,3.63,4.06
2014-03-05,10.57,10.68,11.09,10.48,43344,46840000,0.16,1.52,5.80,6.31
2014-03-06,10.51,10.79,10.96,10.42,28826,31050000,0.11,1.03,5.06,4.20
2014-03-07,10.73,10.47,10.88,10.36,31885,33770000,-0.32,-2.97,4.82,4.64
2014-03-10,10.44,9.94,10.44,9.92,23250,23500000,-0.53,-5.06,4.97,3.38
2014-03-11,9.94,9.95,10.07,9.82,15491,15420000,0.01,0.10,2.52,2.26
2014-03-12,9.91,10.03,10.15,9.82,14477,14470000,0.08,0.80,3.32,2.11
2014-03-13,10.08,10.10,10.14,9.95,13909,14000000,0.07,0.70,1.89,2.02
2014-03-14,10.05,10.16,10.22,10.04,14580,14780000,0.06,0.59,1.78,2.12
2014-03-17,10.25,10.59,10.60,10.17,23312,24430000,0.43,4.23,4.23,3.39
2014-03-18,10.54,10.59,10.84,10.52,22168,23640000,0.00,0.00,3.02,3.23
2014-03-19,10.62,10.75,10.80,10.48,21056,22430000,0.16,1.51,3.02,3.07
2014-03-20,10.71,10.26,10.88,10.25,27076,28860000,-0.49,-4.56,5.86,3.94
2014-03-21,10.22,10.48,10.51,9.94,25701,26210000,0.22,2.14,5.56,3.74
2014-03-24,10.39,10.63,10.72,10.31,20952,22080000,0.15,1.43,3.91,3.05
2014-03-25,10.62,10.77,10.83,10.52,17067,18250000,0.14,1.32,2.92,2.48
2014-03-26,10.82,10.76,10.87,10.65,14097,15170000,-0.01,-0.09,2.04,2.05
2014-03-27,10.77,10.67,10.78,10.51,18392,19560000,-0.09,-0.84,2.51,2.68
2014-03-28,10.59,10.08,10.65,9.75,25595,25940000,-0.59,-5.53,8.43,3.73
2014-03-31,9.95,9.60,10.00,9.48,27077,26130000,-0.48,-4.76,5.16,3.94
2014-04-01,9.65,9.80,9.82,9.56,11706,11380000,0.20,2.08,2.71,1.70
2014-04-02,9.73,9.71,9.89,9.61,12518,12170000,-0.09,-0.92,2.86,1.83
2014-04-03,9.71,9.73,9.81,9.64,18417,17920000,0.02,0.21,1.75,2.69
2014-04-04,9.76,10.70,10.70,9.72,64199,67110000,0.97,9.97,10.07,9.36
2014-04-22,9.72,10.00,10.20,9.72,40710,40400000,-0.70,-6.54,4.49,5.94
2014-04-23,9.87,9.75,9.90,9.71,17825,17460000,-0.25,-2.50,1.90,2.60
2014-04-24,9.72,10.00,10.05,9.51,24411,23900000,0.25,2.56,5.54,3.56
2014-04-25,10.00,9.70,10.02,9.58,16984,16690000,-0.30,-3.00,4.40,2.48
2014-04-28,9.61,9.58,9.61,8.95,21130,19430000,-0.12,-1.24,6.80,3.08
2014-04-29,9.30,9.55,9.63,9.22,10460,9850000,-0.03,-0.31,4.28,1.53
2014-04-30,9.59,9.53,9.67,9.47,9582,9160000,-0.02,-0.21,2.09,1.40
2014-05-05,9.53,9.66,9.69,9.45,8431,8100000,0.13,1.36,2.52,1.23
2014-05-06,9.74,9.82,9.97,9.68,14918,14630000,0.16,1.66,3.00,2.18
2014-05-07,9.81,9.68,9.81,9.53,11655,11240000,-0.14,-1.43,2.85,1.70
2014-05-08,9.65,9.39,9.67,9.38,26736,25510000,-0.29,-3.00,3.00,3.90
2014-05-09,9.30,9.10,9.35,8.98,32984,29990000,-0.29,-3.09,3.94,4.81
2014-05-12,9.15,9.25,9.28,9.05,18843,17290000,0.15,1.65,2.53,2.75
2014-05-13,9.24,9.25,9.34,9.17,10504,9720000,0.00,0.00,1.84,1.53
2014-05-14,9.21,9.29,9.40,9.21,16117,15030000,0.04,0.43,2.05,2.35
2014-05-15,9.29,9.11,9.44,9.08,14545,13470000,-0.14,-1.51,3.89,2.12
2014-05-16,9.07,9.08,9.13,8.96,10219,9230000,-0.03,-0.33,1.87,1.49
2014-05-19,9.06,9.08,9.14,8.99,8187,7440000,0.00,0.00,1.65,1.19
2014-05-20,9.11,9.19,9.28,9.11,8016,7380000,0.11,1.21,1.87,1.17
2014-05-21,9.19,9.26,9.26,9.09,6469,5950000,0.07,0.76,1.85,0.94
2014-05-22,9.25,9.23,9.36,9.21,9328,8680000,-0.03,-0.32,1.62,1.36
2014-05-23,9.21,9.36,9.37,9.18,9154,8490000,0.13,1.41,2.06,1.33
2014-05-26,9.37,9.63,9.73,9.37,27280,26160000,0.27,2.88,3.85,3.98
2014-05-27,9.62,9.61,9.71,9.53,14704,14130000,-0.02,-0.21,1.87,2.14
2014-05-28,9.61,9.59,9.61,9.31,31444,29910000,-0.02,-0.21,3.12,4.58
2014-05-29,9.53,9.39,9.68,9.35,31398,29800000,-0.20,-2.09,3.44,4.58
2014-05-30,9.39,9.48,9.54,9.30,17780,16760000,0.09,0.96,2.56,2.59
2014-06-03,9.47,9.49,9.61,9.46,14006,13380000,0.01,0.11,1.58,2.04
2014-06-04,9.48,9.34,9.54,9.29,13635,12780000,-0.15,-1.58,2.63,1.99
2014-06-05,9.35,9.60,9.60,9.34,14472,13770000,0.26,2.78,2.78,2.11
2014-06-06,9.65,9.68,9.85,9.62,25380,24720000,0.08,0.83,2.40,3.70
2014-06-09,9.68,9.78,9.92,9.65,31368,30850000,0.10,1.03,2.79,4.57
2014-06-10,9.78,10.02,10.13,9.73,28546,28480000,0.24,2.45,4.09,4.16
2014-06-11,10.10,10.24,10.61,10.05,49024,50800000,0.22,2.20,5.59,7.15
2014-06-12,10.51,11.26,11.26,10.45,96799,107710000,1.02,9.96,7.91,14.11
2014-06-13,11.45,11.86,12.39,11.35,172535,205030000,0.60,5.33,9.24,25.16
2014-06-16,11.89,13.05,13.05,11.70,158703,198050000,1.19,10.03,11.38,23.14
2014-06-17,13.66,13.88,14.36,13.52,289194,405890000,0.83,6.36,6.44,42.16
2014-06-18,13.90,14.46,14.68,13.71,247030,349730000,0.58,4.18,6.99,36.02
2014-06-19,14.05,13.39,14.16,13.01,194053,264380000,-1.07,-7.40,7.95,28.29
2014-06-20,13.45,13.50,13.69,13.15,125409,169020000,0.11,0.82,4.03,18.28
2014-06-23,13.60,13.75,14.63,13.46,227900,319390000,0.25,1.85,8.67,33.23
2014-06-24,14.18,15.13,15.13,13.90,218451,320030000,1.38,10.04,8.95,31.85
2014-06-25,14.90,14.15,14.90,13.78,194218,276630000,-0.98,-6.48,7.40,28.32
2014-06-26,14.50,15.57,15.57,14.25,201315,298530000,1.42,10.04,9.33,29.35
2014-06-27,15.68,17.13,17.13,15.59,228823,378020000,1.56,10.02,9.89,33.36
2014-06-30,17.58,17.61,18.60,16.58,221370,385760000,0.48,2.80,11.79,32.28
2014-07-01,17.09,17.20,18.08,16.83,150417,260110000,-0.41,-2.33,7.10,21.93
2014-07-02,17.01,16.73,17.20,16.17,143675,239200000,-0.47,-2.73,5.99,20.95
2014-07-03,16.59,16.70,16.88,16.25,95996,159830000,-0.03,-0.18,3.77,14.00
2014-07-04,16.67,17.91,18.01,16.54,175119,301810000,1.21,7.25,8.80,25.53
2014-07-07,17.64,17.35,18.29,17.23,166709,294740000,-0.56,-3.13,5.92,24.31
2014-07-08,17.11,16.64,17.12,15.80,127395,207410000,-0.71,-4.09,7.61,18.57
2014-07-09,16.33,16.10,16.52,16.00,79471,129240000,-0.54,-3.25,3.13,11.59
2014-07-10,15.90,15.83,16.38,15.60,81532,130300000,-0.27,-1.68,4.84,11.89
2014-07-11,16.20,15.77,16.37,15.59,72889,116310000,-0.06,-0.38,4.93,10.63
2014-07-14,15.81,16.32,16.44,15.65,77724,125210000,0.55,3.49,5.01,11.33
2014-07-15,16.11,15.15,16.30,14.85,93815,144010000,-1.17,-7.17,8.88,13.68
2014-07-16,15.04,14.89,15.09,14.61,50325,74610000,-0.26,-1.72,3.17,7.34
2014-07-17,14.91,14.58,15.06,14.31,51632,75630000,-0.31,-2.08,5.04,7.53
2014-07-18,14.53,14.26,14.65,14.14,40156,57790000,-0.32,-2.19,3.50,5.85
2014-07-21,14.34,14.60,14.67,14.11,39569,57090000,0.34,2.38,3.93,5.77
2014-07-22,14.70,14.77,15.17,14.60,60225,89660000,0.17,1.16,3.90,8.78
2014-07-23,14.53,14.02,14.68,13.93,54313,77590000,-0.75,-5.08,5.08,7.92
2014-07-24,13.91,14.17,14.37,13.63,49389,69230000,0.15,1.07,5.28,7.20
2014-07-25,14.08,14.29,14.37,13.92,39804,56300000,0.12,0.85,3.18,5.80
2014-07-28,14.30,14.47,14.69,14.04,53610,77250000,0.18,1.26,4.55,7.82
2014-07-29,14.33,14.56,14.88,14.23,63068,91810000,0.09,0.62,4.49,9.20
2014-07-30,14.48,14.98,14.99,14.23,74356,109280000,0.42,2.88,5.22,10.84
2014-07-31,14.90,14.67,15.11,14.55,53702,78910000,-0.31,-2.07,3.74,7.83
2014-08-01,14.59,14.37,14.66,14.25,44661,64420000,-0.30,-2.05,2.79,6.51
2014-08-04,14.20,14.37,14.42,14.19,31639,45270000,0.00,0.00,1.60,4.61
2014-08-05,14.40,15.10,15.26,14.30,96476,143620000,0.73,5.08,6.68,14.07
2014-08-06,14.92,15.09,15.33,14.79,72140,108520000,-0.01,-0.07,3.58,10.52
2014-08-07,15.15,14.94,15.35,14.91,47192,71340000,-0.15,-0.99,2.92,6.88
2014-08-08,14.88,15.08,15.25,14.88,39455,59600000,0.14,0.94,2.48,5.75
2014-08-11,14.99,15.35,15.48,14.95,47139,71930000,0.27,1.79,3.51,6.87
2014-08-12,15.40,16.39,16.79,15.28,114200,184960000,1.04,6.78,9.84,16.65
2014-08-13,16.15,16.05,16.33,15.64,64183,102850000,-0.34,-2.07,4.21,9.36
2014-08-14,15.90,15.30,16.00,15.21,52176,81590000,-0.75,-4.67,4.92,7.61
2014-08-15,15.33,15.44,15.62,15.25,29955,46290000,0.14,0.92,2.42,4.37
2014-08-18,15.44,15.78,15.87,15.41,32789,51450000,0.34,2.20,2.98,4.78
2014-08-19,15.78,15.95,16.70,15.60,74593,120720000,0.17,1.08,6.97,10.88
2014-08-20,15.72,15.60,15.84,15.20,46941,73050000,-0.35,-2.19,4.01,6.84
2014-08-21,15.55,15.50,15.97,15.31,49558,77390000,-0.10,-0.64,4.23,7.23
2014-08-22,15.54,16.07,16.65,15.40,80104,128050000,0.57,3.68,8.06,11.68
2014-08-25,15.98,15.52,15.98,15.46,45265,70620000,-0.55,-3.42,3.24,6.60
2014-08-26,15.42,14.51,15.47,14.31,54349,81320000,-1.01,-6.51,7.47,7.92
2014-08-27,14.51,14.28,14.72,14.25,30592,44220000,-0.23,-1.59,3.24,4.46
2014-08-28,14.38,14.38,14.58,14.20,22186,31910000,0.10,0.70,2.66,3.23
2014-08-29,14.45,14.56,14.57,14.25,19016,27480000,0.18,1.25,2.23,2.77
2014-09-01,14.60,15.05,15.15,14.45,33394,49610000,0.49,3.37,4.81,4.87
2014-09-02,15.30,15.86,16.56,15.21,83420,132940000,0.81,5.38,8.97,12.16
2014-09-03,15.90,15.77,16.08,15.49,56435,88790000,-0.09,-0.57,3.72,8.23
2014-09-04,15.86,16.09,16.50,15.82,79933,129830000,0.32,2.03,4.31,11.65
2014-09-05,16.05,16.14,16.45,15.80,50733,81930000,0.05,0.31,4.04,7.40
2014-09-09,16.20,17.75,17.75,16.15,99325,170150000,1.61,9.98,9.91,14.48
2014-09-10,18.30,18.70,19.09,18.09,148584,274210000,0.95,5.35,5.63,21.66
2014-09-11,18.67,17.97,18.68,17.81,86643,157540000,-0.73,-3.90,4.65,12.63
2014-09-12,17.80,18.06,18.28,17.79,53548,96360000,0.09,0.50,2.73,7.81
2014-09-15,18.13,18.50,19.50,18.12,119614,226330000,0.44,2.44,7.64,17.44
2014-09-16,18.32,17.26,18.45,17.25,68027,121120000,-1.24,-6.70,6.49,9.92
2014-09-17,17.03,16.96,17.64,16.61,44233,75200000,-0.30,-1.74,5.97,6.45
2014-09-18,17.00,17.30,17.33,16.57,29000,49510000,0.34,2.00,4.48,4.23
2014-09-19,17.20,17.76,18.18,17.00,46043,81280000,0.46,2.66,6.82,6.71
2014-09-22,17.69,17.11,17.69,17.00,27384,47260000,-0.65,-3.66,3.89,3.99
2014-09-23,17.38,17.35,17.78,16.90,42523,73110000,0.24,1.40,5.14,6.20
2014-09-24,17.35,18.15,18.60,17.06,73154,131150000,0.80,4.61,8.88,10.67
2014-09-25,18.12,17.92,18.49,17.85,45662,82480000,-0.23,-1.27,3.53,6.66
2014-09-26,17.76,17.79,18.23,17.61,40517,72290000,-0.13,-0.73,3.46,5.91
2014-09-29,17.92,17.45,18.14,17.35,55968,98460000,-0.34,-1.91,4.44,8.16
2014-09-30,17.45,17.58,17.90,17.40,38219,67250000,0.13,0.75,2.87,5.57
2014-10-08,17.64,17.61,17.85,17.53,32134,56680000,0.03,0.17,1.82,4.69
2014-10-09,17.72,18.21,18.31,17.52,76401,137010000,0.60,3.41,4.49,11.14
2014-10-10,18.36,18.17,18.39,17.91,42891,77750000,-0.04,-0.22,2.64,6.25
2014-10-13,18.20,18.68,18.94,18.17,84845,157840000,0.51,2.81,4.24,12.37
2014-10-14,18.48,18.40,18.68,18.20,39381,72560000,-0.28,-1.50,2.57,5.74
2014-10-15,18.20,17.74,18.44,17.17,63440,111330000,-0.66,-3.59,6.90,9.25
2014-10-16,17.39,17.45,17.92,17.30,27843,49050000,-0.29,-1.63,3.49,4.06
2014-10-17,17.24,17.40,17.58,17.10,19753,34240000,-0.05,-0.29,2.75,2.88
2014-10-20,17.39,17.64,17.65,17.17,20712,35980000,0.24,1.38,2.76,3.02
2014-10-21,17.60,17.48,17.75,17.41,19543,34240000,-0.16,-0.91,1.93,2.85
2014-10-22,17.41,17.20,17.58,17.11,25818,44790000,-0.28,-1.60,2.69,3.76
2014-10-23,17.10,16.65,17.23,16.56,24903,41980000,-0.55,-3.20,3.90,3.63
2014-10-24,16.65,16.60,16.95,16.50,13703,22910000,-0.05,-0.30,2.70,2.00
2014-10-27,16.60,17.23,17.29,16.40,15019,25580000,0.63,3.80,5.36,2.19
2014-10-28,17.34,17.71,17.71,17.23,27719,48370000,0.48,2.79,2.79,4.04
2014-10-29,17.65,17.82,17.99,17.63,29803,53130000,0.11,0.62,2.03,4.35
2014-10-30,17.90,18.58,18.64,17.80,54717,100500000,0.76,4.26,4.71,7.98
2014-10-31,18.58,18.00,18.64,17.80,32078,57960000,-0.58,-3.12,4.52,4.68
2014-11-03,18.00,17.94,18.18,17.74,17458,31330000,-0.06,-0.33,2.44,2.55
2014-11-04,17.94,19.73,19.73,17.94,46857,90700000,1.79,9.98,9.98,6.83
2014-11-05,19.75,20.03,20.11,19.28,73580,145030000,0.30,1.52,4.21,10.73
2014-11-06,19.80,20.58,20.66,19.52,53496,107590000,0.55,2.75,5.69,7.80
2014-11-07,20.20,20.26,20.68,19.70,52320,106020000,-0.32,-1.55,4.76,7.63
2014-11-10,20.25,19.64,20.43,19.00,38595,76060000,-0.62,-3.06,7.06,5.63
2014-11-11,19.44,18.96,19.70,18.22,43386,81990000,-0.68,-3.46,7.54,6.33
2014-11-12,18.88,19.17,19.28,18.60,18630,35380000,0.21,1.11,3.59,2.72
2014-11-13,19.16,18.15,19.20,18.01,22092,40940000,-1.02,-5.32,6.21,3.22
2014-11-14,18.15,18.08,18.30,17.64,14163,25540000,-0.07,-0.39,3.64,2.06
2014-11-17,18.17,18.72,18.84,18.10,15146,28140000,0.64,3.54,4.09,2.21
2014-11-18,18.83,19.89,20.59,18.72,57055,114400000,1.17,6.25,9.99,8.32
2014-11-19,20.00,21.88,21.88,19.58,75416,159010000,1.99,10.01,11.56,11.00
2014-11-20,21.34,21.95,22.26,21.11,54141,117040000,0.07,0.32,5.26,7.89
2014-11-21,22.22,21.21,22.41,21.06,54512,116920000,-0.74,-3.37,6.15,7.95
2014-11-24,21.41,21.58,21.70,20.68,43246,91570000,0.37,1.74,4.81,6.31
2014-11-25,21.45,21.25,22.38,21.05,45343,97940000,-0.33,-1.53,6.16,6.61
2014-11-26,21.00,21.07,21.64,20.80,37379,78920000,-0.18,-0.85,3.95,5.45
2014-11-27,21.01,22.59,22.77,20.88,67235,146500000,1.52,7.21,8.97,9.80
2014-11-28,22.63,21.99,22.87,21.56,48898,108390000,-0.60,-2.66,5.80,7.13
2014-12-01,21.70,21.49,21.70,20.46,37099,77810000,-0.50,-2.27,5.64,5.41
2014-12-02,21.13,21.14,21.59,21.00,25169,53370000,-0.35,-1.63,2.75,3.67
2014-12-03,21.14,21.14,21.38,20.08,39898,82880000,0.00,0.00,6.15,5.82
2014-12-04,20.82,21.21,21.46,20.52,35229,73700000,0.07,0.33,4.45,5.14
2014-12-05,21.00,20.18,21.00,20.10,29864,61050000,-1.03,-4.86,4.24,4.35
2014-12-08,20.02,19.33,20.18,19.18,36142,70280000,-0.85,-4.21,4.96,5.27
2014-12-09,19.19,17.40,19.95,17.40,47534,89160000,-1.93,-9.98,13.19,6.93
2014-12-10,17.18,18.20,18.39,16.50,39966,70690000,0.80,4.60,10.86,5.83
2014-12-11,18.00,18.13,18.46,17.71,21639,39130000,-0.07,-0.38,4.12,3.15
2014-12-12,18.13,18.80,19.30,18.13,27225,51120000,0.67,3.70,6.45,3.97
2014-12-15,18.61,19.24,19.58,18.53,30557,59100000,0.44,2.34,5.59,4.46
2014-12-16,19.19,18.61,19.19,18.00,31156,58330000,-0.63,-3.27,6.19,4.54
2014-12-17,18.02,18.27,18.50,18.02,20761,37780000,-0.34,-1.83,2.58,3.03
2014-12-18,18.20,18.42,18.85,17.85,18481,34090000,0.15,0.82,5.47,2.69
2014-12-19,18.42,18.12,18.42,17.29,32391,57500000,-0.30,-1.63,6.13,4.72
2014-12-22,17.99,16.31,17.99,16.31,37223,61740000,-1.81,-9.99,9.27,5.43
2014-12-23,15.70,14.89,16.50,14.68,33366,51840000,-1.42,-8.71,11.16,4.86
2014-12-24,15.40,15.78,16.21,15.39,37300,58860000,0.89,5.98,5.51,5.44
2014-12-25,15.82,16.06,16.52,15.78,22458,36260000,0.28,1.77,4.69,3.27
2014-12-26,15.88,16.38,16.85,15.84,28841,47530000,0.32,1.99,6.29,4.21
2014-12-29,16.00,15.70,16.00,15.37,23233,36460000,-0.68,-4.15,3.85,3.39
2014-12-30,15.69,14.96,15.99,14.78,22426,33960000,-0.74,-4.71,7.71,3.27
2014-12-31,14.97,15.18,15.32,14.82,16029,24230000,0.22,1.47,3.34,2.34
2015-01-05,15.20,14.84,15.20,14.10,23681,34430000,-0.34,-2.24,7.25,3.45
2015-01-06,14.51,16.32,16.32,14.45,46475,72230000,1.48,9.97,12.60,6.78
2015-01-07,16.16,16.40,16.92,16.02,40345,66360000,0.08,0.49,5.51,5.88
2015-01-08,17.22,16.92,18.04,16.73,41319,71610000,0.52,3.17,7.99,6.02
2015-01-09,16.79,16.67,17.40,16.40,34658,58520000,-0.25,-1.48,5.91,5.05
2015-01-12,16.48,16.21,16.57,15.60,17111,27820000,-0.46,-2.76,5.82,2.49
2015-01-13,16.22,16.95,16.98,16.01,30981,51400000,0.74,4.57,5.98,4.52
2015-01-14,16.66,16.55,16.85,16.20,18624,30760000,-0.40,-2.36,3.83,2.72
2015-01-15,16.63,16.34,16.84,16.32,12647,20900000,-0.21,-1.27,3.14,1.84
2015-01-16,16.30,16.65,16.80,16.30,18177,30170000,0.31,1.90,3.06,2.65
2015-01-19,16.00,16.46,17.22,15.93,26573,44620000,-0.19,-1.14,7.75,3.87
2015-01-20,16.54,17.29,17.70,16.54,31734,54730000,0.83,5.04,7.05,4.63
2015-01-21,17.33,17.75,18.10,17.33,33814,60160000,0.46,2.66,4.45,4.93
2015-01-22,17.72,17.78,18.10,17.55,20901,37290000,0.03,0.17,3.10,3.05
2015-01-23,17.78,17.07,17.83,17.05,22409,38640000,-0.71,-3.99,4.39,3.27
2015-01-26,16.89,17.30,17.35,16.88,14360,24700000,0.23,1.35,2.75,2.09
2015-01-27,17.31,17.19,17.39,16.82,13469,23070000,-0.11,-0.64,3.29,1.96
2015-01-28,17.19,18.03,18.50,17.18,38632,69490000,0.84,4.89,7.68,5.63
2015-01-29,17.66,17.34,17.87,17.15,18053,31580000,-0.69,-3.83,3.99,2.63
2015-01-30,17.35,16.79,17.50,16.75,16983,29030000,-0.55,-3.17,4.33,2.48
2015-02-02,16.48,16.58,16.86,16.22,16316,26980000,-0.21,-1.25,3.81,2.38
2015-02-03,16.57,17.06,17.23,16.57,14043,23910000,0.48,2.90,3.98,2.05
2015-02-04,17.06,17.31,17.47,16.90,17817,30630000,0.25,1.47,3.34,2.60
2015-02-05,17.22,19.04,19.04,16.96,112217,207310000,1.73,9.99,12.02,16.36
2015-02-06,19.01,18.49,19.20,18.30,62770,117020000,-0.55,-2.89,4.73,9.15
2015-02-09,18.40,18.17,18.78,17.40,44759,80930000,-0.32,-1.73,7.46,6.53
2015-02-10,17.80,18.40,18.40,17.65,28845,52120000,0.23,1.27,4.13,4.21
2015-02-11,18.41,18.23,19.00,18.11,38778,71440000,-0.17,-0.92,4.84,5.65
2015-02-12,18.30,18.24,18.99,18.14,34342,63350000,0.01,0.05,4.66,5.01
2015-02-13,18.35,18.70,18.91,18.20,58542,108850000,0.46,2.52,3.89,8.54
2015-02-16,18.55,19.38,19.68,18.40,60123,115140000,0.68,3.64,6.84,8.77
2015-02-17,19.43,20.00,20.88,18.70,78894,155140000,0.62,3.20,11.25,11.50
2015-02-25,19.76,19.36,20.09,19.10,38939,76200000,-0.64,-3.20,4.95,5.68
2015-02-26,19.30,18.85,19.39,18.50,38447,72610000,-0.51,-2.63,4.60,5.61
2015-02-27,18.85,19.21,19.29,18.72,33124,62940000,0.36,1.91,3.02,4.83
2015-03-02,19.21,19.14,19.21,18.72,48418,91660000,-0.07,-0.36,2.55,7.06
2015-03-03,19.09,18.65,19.37,18.50,50082,95030000,-0.49,-2.56,4.55,7.30
2015-03-04,18.50,19.50,20.38,18.50,81893,159880000,0.85,4.56,10.08,11.94
2015-03-05,19.20,18.83,19.40,18.79,46044,87400000,-0.67,-3.44,3.13,6.71
2015-03-06,18.90,18.80,19.06,18.23,41336,76960000,-0.03,-0.16,4.41,6.03
2015-03-09,18.50,19.63,19.92,18.36,70940,138210000,0.83,4.41,8.30,10.34
2015-03-10,19.52,21.20,21.59,19.41,112067,234470000,1.57,8.00,11.11,16.34
2015-03-11,21.23,21.29,22.47,20.80,80655,173960000,0.09,0.42,7.88,11.76
2015-03-12,21.28,21.82,22.00,20.52,58316,125040000,0.53,2.49,6.95,8.50
2015-03-27,24.00,24.00,24.00,24.00,1288,3090000,2.18,9.99,0.00,0.19
2015-03-30,26.40,26.40,26.40,26.40,4387,11580000,2.40,10.00,0.00,0.64
2015-03-31,25.88,29.04,29.04,24.50,140145,378320000,2.64,10.00,17.20,20.43
2015-04-01,28.90,31.94,31.94,28.06,76408,236690000,2.90,9.99,13.36,11.14
2015-04-02,34.20,33.50,34.96,31.30,156131,513740000,1.56,4.88,11.46,22.76
2015-04-03,32.48,36.85,36.85,32.20,143926,501210000,3.35,10.00,13.88,20.98
2015-04-07,37.53,35.89,37.80,34.80,113367,405940000,-0.96,-2.61,8.14,16.53
2015-04-08,35.20,33.30,35.30,32.78,106177,358600000,-2.59,-7.22,7.02,15.48
2015-04-09,33.00,32.75,33.18,30.80,76301,244620000,-0.55,-1.65,7.15,11.12
2015-04-10,31.00,32.77,34.00,30.57,79842,260330000,0.02,0.06,10.47,11.64
2015-04-13,32.12,33.10,33.85,31.20,77621,252820000,0.33,1.01,8.09,11.32
2015-04-14,32.01,31.38,32.87,31.01,48278,154710000,-1.72,-5.20,5.62,7.04
2015-04-15,31.34,28.39,31.35,28.30,59171,174170000,-2.99,-9.53,9.72,8.63
2015-04-16,28.26,28.46,29.50,27.88,45760,131900000,0.07,0.25,5.71,6.67
2015-04-17,28.43,28.73,29.45,28.25,41246,119280000,0.27,0.95,4.22,6.01
2015-04-20,28.98,26.41,28.98,26.10,66358,183950000,-2.32,-8.08,10.02,9.67
2015-04-21,26.89,28.18,28.70,26.89,65115,182530000,1.77,6.70,6.85,9.49
2015-04-22,28.18,29.09,29.50,28.01,71019,205680000,0.91,3.23,5.29,10.35
2015-04-23,28.80,30.83,31.45,28.70,83442,251140000,1.74,5.98,9.45,12.17
2015-04-24,30.00,29.56,30.35,28.90,55458,164670000,-1.27,-4.12,4.70,8.09
2015-04-27,29.56,29.30,29.94,28.52,56245,164190000,-0.26,-0.88,4.80,8.20
2015-04-28,29.00,28.14,29.00,27.75,48825,138010000,-1.16,-3.96,4.27,7.12
2015-04-29,27.80,30.30,30.90,27.80,70125,207170000,2.16,7.68,11.02,10.22
2015-04-30,30.10,29.70,31.81,29.60,73502,226870000,-0.60,-1.98,7.29,10.72
2015-05-04,29.07,29.05,29.50,28.36,33536,97020000,-0.65,-2.19,3.84,4.89
2015-05-05,29.00,28.15,29.45,28.00,34314,98270000,-0.90,-3.10,4.99,5.00
2015-05-06,28.08,27.97,29.50,27.75,53448,153940000,-0.18,-0.64,6.22,7.79
2015-05-07,27.97,26.35,28.43,25.80,39719,108210000,-1.62,-5.79,9.40,5.79
2015-05-08,26.89,28.99,28.99,26.65,56080,156540000,2.64,10.02,8.88,8.18
2015-05-11,29.88,30.50,30.80,29.10,71111,213970000,1.51,5.21,5.86,10.37
2015-05-12,30.60,31.41,32.19,29.60,83765,258040000,0.91,2.98,8.49,12.21
2015-05-13,30.90,31.55,32.79,29.80,78468,245390000,0.14,0.45,9.52,11.44
2015-05-14,31.03,34.02,34.30,31.00,84415,277200000,2.47,7.83,10.46,12.31
2015-05-15,33.78,33.39,34.70,32.01,64066,212240000,-0.63,-1.85,7.91,9.34
2015-05-18,33.50,34.46,35.28,32.86,59333,203890000,1.07,3.20,7.25,8.65
2015-05-19,33.98,33.82,34.70,32.42,56198,187840000,-0.64,-1.86,6.62,8.19
2015-05-20,33.84,33.86,35.98,33.30,53166,184210000,0.04,0.12,7.92,7.75
2015-05-21,33.55,37.25,37.25,32.91,79046,275980000,3.39,10.01,12.82,11.52
2015-05-22,37.32,38.07,39.75,36.03,74254,282210000,0.82,2.20,9.99,10.83
2015-05-25,37.80,41.88,41.88,36.37,74148,299330000,3.81,10.01,14.47,10.81
2015-05-26,42.81,46.07,46.07,41.09,79916,347380000,4.19,10.00,11.89,11.65
2015-05-27,46.48,44.19,47.90,44.17,69220,317260000,-1.88,-4.08,8.10,10.09
2015-05-28,44.00,39.78,44.00,39.77,72666,306130000,-4.41,-9.98,9.57,10.59
2015-05-29,38.68,39.79,41.98,37.00,54131,214200000,0.01,0.03,12.52,7.89
2015-06-01,39.54,43.05,43.75,39.48,64392,271670000,3.26,8.19,10.73,9.39
2015-06-02,42.73,44.21,46.00,42.55,50778,223220000,1.16,2.69,8.01,7.40
2015-06-03,44.38,42.38,44.95,41.50,36465,156950000,-1.83,-4.14,7.80,5.32
2015-06-04,43.17,41.00,43.30,38.14,39632,159180000,-1.38,-3.26,12.18,5.78
2015-06-05,41.06,42.45,43.24,40.47,50838,214300000,1.45,3.54,6.76,7.41
2015-06-08,42.00,39.60,42.00,38.98,29352,118210000,-2.85,-6.71,7.11,4.28
2015-06-09,39.30,38.80,40.82,37.60,35823,139650000,-0.80,-2.02,8.13,5.22
2015-06-10,38.41,42.65,42.65,37.85,62005,254510000,3.88,10.01,12.38,9.04
2015-06-11,42.98,43.50,44.00,41.68,48365,208130000,0.85,1.99,5.44,7.05
2015-06-12,43.30,47.20,47.85,41.76,58507,271050000,3.70,8.51,14.00,8.53
2015-06-15,46.15,48.88,50.00,42.90,57389,269090000,1.68,3.56,15.04,8.37
2015-06-16,47.18,50.01,53.77,46.80,64929,326440000,1.13,2.31,14.26,9.47
2015-06-17,51.01,51.70,52.98,47.62,51268,258790000,1.69,3.38,10.72,7.47
2015-06-18,50.35,46.53,53.20,46.53,46303,231020000,-5.17,-10.00,12.90,6.75
2015-06-19,42.10,41.88,45.20,41.88,51113,217580000,-4.65,-9.99,7.14,7.45
2015-06-23,39.93,41.10,42.80,37.70,31912,129000000,-0.78,-1.86,12.18,4.65
2015-06-24,42.10,41.82,43.60,39.00,31878,132590000,0.72,1.75,11.19,4.64
2015-06-25,46.00,41.86,46.00,41.53,101304,451190000,0.04,0.10,10.69,14.75
2015-06-26,37.89,37.67,39.40,37.67,45928,174730000,-4.19,-10.01,4.13,6.69
2015-06-29,37.68,33.90,38.00,33.90,58143,203000000,-3.77,-10.01,10.88,8.46
2015-06-30,32.00,35.00,36.50,30.51,63313,209720000,1.10,3.24,17.67,9.22
2015-07-01,34.00,31.50,35.86,31.50,57259,195190000,-3.50,-10.00,12.46,8.34
2015-07-02,28.49,28.35,31.50,28.35,52234,150300000,-3.15,-10.00,10.00,7.60
2015-07-03,26.00,25.52,28.18,25.52,44403,115920000,-2.83,-9.98,9.38,6.46
2015-07-06,27.80,22.97,27.80,22.97,53535,135150000,-2.55,-9.99,18.93,7.79
2015-07-07,20.67,20.67,20.77,20.67,10061,20800000,-2.30,-10.01,0.44,1.46
2015-07-08,18.60,19.11,19.77,18.60,127127,239240000,-1.56,-7.55,5.66,18.51
2015-07-09,18.68,21.02,21.02,18.68,43963,90000000,1.91,9.99,12.24,6.40
2015-07-10,21.76,23.12,23.12,21.70,19285,44260000,2.10,9.99,6.76,2.81
2015-07-13,25.43,25.43,25.43,23.56,61410,153830000,2.31,9.99,8.09,8.94
2015-07-14,25.87,27.20,27.97,25.44,114314,308530000,1.77,6.96,9.95,16.64
2015-07-15,26.50,24.48,26.50,24.48,55062,137490000,-2.72,-10.00,7.43,8.02
2015-07-16,22.09,24.32,25.84,22.03,66120,158940000,-0.16,-0.65,15.56,9.63
2015-07-17,24.51,26.75,26.75,24.26,58189,150150000,2.43,9.99,10.24,8.47
2015-07-20,27.00,27.30,28.20,25.67,83921,227050000,0.55,2.06,9.46,12.22
2015-07-21,26.29,29.27,29.70,25.60,99409,277490000,1.97,7.22,15.02,14.47
2015-07-22,29.26,29.09,29.80,27.90,86871,250510000,-0.18,-0.62,6.49,12.65
2015-07-23,28.65,30.07,31.30,28.40,75136,221910000,0.98,3.37,9.97,10.94
2015-07-24,30.00,28.90,30.46,28.57,73736,219790000,-1.17,-3.89,6.29,10.73
2015-07-27,27.80,26.01,29.19,26.01,60257,166680000,-2.89,-10.00,11.00,8.77
2015-07-28,23.46,23.50,25.76,23.41,62535,149820000,-2.51,-9.65,9.04,9.10
2015-07-29,24.28,24.83,24.86,21.50,61804,145070000,1.33,5.66,14.30,9.00
2015-07-30,24.32,23.00,25.19,22.90,51066,124180000,-1.83,-7.37,9.22,7.43
2015-07-31,22.61,22.75,24.04,22.13,40760,94140000,-0.25,-1.09,8.30,5.93
2015-08-03,22.56,20.48,22.57,20.48,42794,89860000,-2.27,-9.98,9.19,6.23
2015-08-04,20.50,22.53,22.53,20.40,59898,129590000,2.05,10.01,10.40,8.72
2015-08-05,22.70,22.64,23.48,22.00,58331,133770000,0.11,0.49,6.57,8.49
2015-08-06,21.59,23.00,23.32,21.49,39978,90610000,0.36,1.59,8.08,5.82
2015-08-07,23.40,25.30,25.30,23.22,71969,178620000,2.30,10.00,9.04,10.48
2015-08-10,26.10,27.14,27.83,25.42,79030,207210000,1.84,7.27,9.53,11.50
2015-08-11,26.56,27.03,27.59,26.56,52243,141160000,-0.11,-0.41,3.80,7.61
2015-08-12,26.68,25.62,26.97,25.62,41310,108820000,-1.41,-5.22,4.99,6.01
2015-08-13,25.39,26.92,26.92,25.22,43338,113300000,1.30,5.07,6.64,6.31
2015-08-14,27.09,26.92,28.38,26.73,53415,146940000,0.00,0.00,6.13,7.78
2015-08-17,26.65,27.82,27.82,25.71,51576,138710000,0.90,3.34,7.84,7.51
2015-08-18,28.09,25.09,29.52,25.04,91582,255410000,-2.73,-9.81,16.10,13.33
2015-08-19,23.88,26.36,26.68,23.25,64626,160410000,1.27,5.06,13.67,9.41
2015-08-20,26.00,25.62,27.80,25.11,60098,158840000,-0.74,-2.81,10.20,8.75
2015-08-21,24.79,23.98,26.15,23.77,44778,111130000,-1.64,-6.40,9.29,6.52
2015-08-24,22.88,21.58,23.14,21.58,33412,72760000,-2.40,-10.01,6.51,4.86
2015-08-25,19.58,19.42,20.60,19.42,27565,54270000,-2.16,-10.01,5.47,4.01
2015-08-26,19.51,17.85,20.39,17.61,55000,104920000,-1.57,-8.08,14.32,4.11
2015-08-27,18.50,18.40,18.98,16.83,49208,88540000,0.55,3.08,12.04,3.67
2015-08-28,18.77,20.24,20.24,18.50,48121,92270000,1.84,10.00,9.46,3.59
2015-08-31,20.00,18.34,20.00,18.28,35759,68530000,-1.90,-9.39,8.50,2.67
2015-09-01,17.79,16.51,17.79,16.51,38091,64650000,-1.83,-9.98,6.98,2.84
2015-09-02,15.39,15.61,17.46,15.22,42461,68060000,-0.90,-5.45,13.57,3.17
2015-09-07,16.05,16.33,17.08,16.04,38295,63220000,0.72,4.61,6.66,2.86
2015-09-08,16.10,17.96,17.96,16.05,40757,68920000,1.63,9.98,11.70,3.04
2015-09-09,18.31,19.10,19.30,17.96,54894,102730000,1.14,6.35,7.46,4.10
2015-09-10,18.67,18.46,18.97,18.40,31810,59480000,-0.64,-3.35,2.98,2.37
2015-09-11,18.50,18.97,19.20,18.22,30821,57720000,0.51,2.76,5.31,2.30
2015-09-14,18.90,17.07,19.14,17.07,31362,56100000,-1.90,-10.02,10.91,2.34
2015-09-15,16.11,15.38,16.65,15.36,30475,48220000,-1.69,-9.90,7.56,2.27
2015-09-16,15.61,16.92,16.92,15.61,30513,49530000,1.54,10.01,8.52,2.28
2015-09-17,16.90,16.70,18.00,16.70,37673,65600000,-0.22,-1.30,7.68,2.81
2015-09-18,16.99,17.88,17.95,16.88,38333,66770000,1.18,7.07,6.41,2.86
2015-09-21,17.52,18.96,19.10,17.40,43748,80810000,1.08,6.04,9.51,3.27
2015-09-22,18.84,19.02,19.50,18.35,43013,81300000,0.06,0.32,6.07,3.21
2015-09-23,18.88,19.80,20.58,18.66,65680,129140000,0.78,4.10,10.09,4.90
2015-09-24,19.80,19.89,20.25,19.45,50344,99960000,0.09,0.45,4.04,3.76
2015-09-25,19.62,18.74,20.15,18.22,39358,75770000,-1.15,-5.78,9.70,2.94
2015-09-28,18.72,20.61,20.61,18.53,57285,116000000,1.87,9.98,11.10,4.28
2015-09-29,21.20,22.67,22.67,21.19,146439,328970000,2.06,10.00,7.18,10.93
2015-09-30,22.60,21.60,22.78,21.08,99601,218430000,-1.07,-4.72,7.50,7.43
2015-10-08,22.16,23.76,23.76,22.10,88177,202380000,2.16,10.00,7.69,6.58
2015-10-09,23.50,23.68,23.90,22.82,94035,219390000,-0.08,-0.34,4.55,7.02
2015-10-12,23.70,23.82,25.44,23.50,153958,374790000,0.14,0.59,8.19,11.49
2015-10-13,23.74,26.20,26.20,23.20,169409,435450000,2.38,9.99,12.59,12.64
2015-10-14,14.59,14.94,15.39,13.90,310182,457420000,0.38,2.61,10.23,25.09
2015-10-15,14.95,15.34,15.80,14.55,261866,401640000,0.40,2.68,8.37,21.18
2015-10-16,15.35,16.15,16.60,14.76,316060,493870000,0.81,5.28,11.99,25.56
2015-10-19,15.71,17.77,17.77,15.51,325224,545130000,1.62,10.03,13.99,26.30
2015-10-20,18.01,19.55,19.55,17.65,305908,573390000,1.78,10.02,10.69,24.74
2015-10-21,20.10,20.99,21.51,19.68,544179,1146420000,1.44,7.37,9.36,44.01
2015-10-22,20.48,23.09,23.09,20.20,452451,999620000,2.10,10.00,13.77,36.59
2015-10-23,24.59,25.40,25.40,24.01,207311,515550000,2.31,10.00,6.02,16.77
2015-10-26,26.00,24.70,27.14,22.86,522910,1278830000,-0.70,-2.76,16.85,42.29
2015-10-27,23.50,23.99,25.99,22.50,432657,1061150000,-0.71,-2.87,14.13,34.99
2015-10-28,23.50,25.07,25.94,23.20,413483,1026950000,1.08,4.50,11.42,33.44
2015-10-29,24.81,26.40,27.20,24.01,435499,1116290000,1.33,5.31,12.72,35.22
2015-10-30,26.30,25.42,28.80,25.40,536079,1455030000,-0.98,-3.71,12.88,43.35
2015-11-02,22.88,22.88,23.58,22.88,276453,635870000,-2.54,-9.99,2.75,22.36
2015-11-03,22.33,21.71,23.20,20.70,325796,713800000,-1.17,-5.11,10.93,26.35
2015-11-04,21.99,22.61,22.79,21.35,315093,700070000,0.90,4.15,6.63,25.48
2015-11-05,22.72,22.07,22.94,21.50,320721,711150000,-0.54,-2.39,6.37,25.94
2015-11-06,21.82,22.23,22.80,21.68,238138,532270000,0.16,0.73,5.07,19.26
2015-11-09,21.60,22.81,23.30,21.11,325967,727670000,0.58,2.61,9.85,26.36
2015-11-10,22.30,22.63,23.62,22.10,276502,633680000,-0.18,-0.79,6.66,22.36
2015-11-11,22.23,24.89,24.89,22.10,357072,844570000,2.26,9.99,12.33,28.88
2015-11-12,25.30,24.99,26.85,24.01,399972,1025610000,0.10,0.40,11.41,32.35
2015-11-13,24.12,22.66,24.57,22.65,254322,594800000,-2.33,-9.32,7.68,20.57
2015-11-16,21.60,23.30,23.70,21.30,177392,399390000,0.64,2.82,10.59,14.35
2015-11-17,23.30,22.28,23.50,22.23,187818,432100000,-1.02,-4.38,5.45,15.19
2015-11-18,22.28,21.24,22.48,21.02,128244,278610000,-1.04,-4.67,6.55,10.37
2015-11-19,21.30,22.60,22.78,21.30,153342,338970000,1.36,6.40,6.97,12.40
2015-11-20,22.55,22.25,22.55,21.80,138363,306330000,-0.35,-1.55,3.32,11.19
2015-11-23,22.00,22.56,24.00,21.70,171099,390970000,0.31,1.39,10.34,13.84
2015-11-24,22.50,23.10,23.13,21.91,154104,348310000,0.54,2.39,5.41,12.46
2015-11-25,23.05,23.79,23.98,22.70,227462,535820000,0.69,2.99,5.54,18.40
2015-11-26,23.85,22.64,24.05,22.60,180625,418280000,-1.15,-4.83,6.10,14.61
2015-11-27,22.20,21.50,23.50,21.00,182608,411290000,-1.14,-5.04,11.04,14.77
2015-11-30,21.53,20.90,21.92,19.40,156407,323360000,-0.60,-2.79,11.72,12.65
2015-12-01,20.65,20.27,20.90,19.92,99122,202490000,-0.63,-3.01,4.69,8.02
2015-12-02,20.22,22.30,22.30,20.22,143995,307990000,2.03,10.01,10.26,11.65
2015-12-03,23.00,24.53,24.53,22.94,479360,1159600000,2.23,10.00,7.13,38.77
2015-12-04,24.53,23.86,24.80,23.00,391415,932720000,-0.67,-2.73,7.34,31.66
2015-12-07,23.86,26.25,26.25,23.36,445488,1114750000,2.39,10.02,12.11,36.03
2015-12-08,25.70,24.68,25.70,24.45,345936,863900000,-1.57,-5.98,4.76,27.98
2015-12-09,24.21,23.90,24.50,23.21,226736,539320000,-0.78,-3.16,5.23,18.34
2015-12-10,23.52,23.59,24.45,23.40,168173,401470000,-0.31,-1.30,4.39,13.60
2015-12-11,23.30,22.35,23.30,22.34,136154,310220000,-1.24,-5.26,4.07,11.01
2015-12-14,22.34,23.95,24.59,22.00,249309,591910000,1.60,7.16,11.59,20.16
2015-12-15,23.88,23.98,24.99,23.64,211331,510220000,0.03,0.13,5.64,17.09
2015-12-16,23.70,25.90,26.38,23.70,392464,1001430000,1.92,8.01,11.18,31.74
2015-12-23,25.00,27.55,28.28,24.24,453388,1174920000,1.65,6.37,15.60,36.67
2015-12-24,26.80,27.71,28.75,26.31,375175,1040940000,0.16,0.58,8.86,30.34
2015-12-25,27.71,26.51,29.66,26.50,372023,1045180000,-1.20,-4.33,11.40,30.09
2015-12-28,26.30,29.16,29.16,26.00,403727,1135870000,2.65,10.00,11.92,32.65
2015-12-29,29.16,30.84,32.00,28.26,484764,1451510000,1.68,5.76,12.83,39.20
2015-12-30,30.40,29.80,31.30,29.55,331308,1004130000,-1.04,-3.37,5.67,26.79
2015-12-31,29.40,27.48,29.89,27.29,288572,821770000,-2.32,-7.79,8.72,23.34
2016-01-04,27.10,25.06,28.46,25.01,205010,559800000,-2.42,-8.81,12.55,16.58
2016-01-05,23.40,24.35,25.18,22.61,285243,682490000,-0.71,-2.83,10.26,23.07
2016-01-06,24.55,26.79,26.79,24.36,343793,894440000,2.44,10.02,9.98,27.80
2016-01-07,26.00,24.11,26.32,24.11,76979,194080000,-2.68,-10.00,8.25,6.23
2016-01-08,24.98,25.00,25.87,22.06,273226,673870000,0.89,3.69,15.80,22.10
2016-01-11,23.98,24.90,26.50,23.38,300066,756320000,-0.10,-0.40,12.48,24.27
2016-01-12,24.90,27.39,27.39,24.90,320364,848950000,2.49,10.00,10.00,25.91
2016-01-13,27.39,27.65,29.30,26.26,468609,1294210000,0.26,0.95,11.10,37.90
2016-01-14,25.00,28.12,28.88,25.00,347712,944940000,0.47,1.70,14.03,28.12
2016-01-15,27.79,29.03,30.60,27.32,468530,1379960000,0.91,3.24,11.66,37.89
2016-01-18,28.00,28.42,29.98,27.15,371297,1064400000,-0.61,-2.10,9.75,30.03
2016-01-19,27.90,29.32,29.68,26.30,398857,1109550000,0.90,3.17,11.89,32.26
2016-01-20,28.70,29.33,31.50,28.30,454049,1375340000,0.01,0.03,10.91,36.72
2016-01-21,28.30,26.40,29.20,26.40,369402,1027740000,-2.93,-9.99,9.55,29.88
2016-01-22,26.31,26.87,27.35,24.90,284888,744820000,0.47,1.78,9.28,23.04
2016-01-25,27.05,26.41,27.75,26.02,215491,580070000,-0.46,-1.71,6.44,17.43
2016-01-26,26.00,26.44,27.65,25.51,346329,926590000,0.03,0.11,8.10,28.01
2016-01-27,26.20,26.80,27.20,25.05,276781,732380000,0.36,1.36,8.13,22.38
2016-01-28,25.99,24.12,26.86,24.12,247475,624210000,-2.68,-10.00,10.22,20.01
2016-01-29,22.60,23.38,24.47,21.71,275181,639020000,-0.74,-3.07,11.44,22.26
2016-02-01,23.32,21.19,24.08,21.04,236837,533030000,-2.19,-9.37,13.00,19.15
2016-02-02,21.21,21.85,22.20,21.21,168202,366270000,0.66,3.11,4.67,13.60
2016-02-03,21.59,23.34,23.96,20.32,246373,543880000,1.49,6.82,16.66,19.93
2016-02-04,23.18,24.02,24.89,23.00,266209,637030000,0.68,2.91,8.10,21.53
2016-02-05,23.86,23.42,24.50,23.20,176788,423160000,-0.60,-2.50,5.41,14.30
2016-02-15,22.20,23.29,23.97,22.05,125457,291140000,-0.13,-0.56,8.20,10.15
2016-02-16,23.56,24.90,25.49,23.55,228734,561350000,1.61,6.91,8.33,18.50
2016-02-17,24.88,24.74,25.05,24.07,187032,459240000,-0.16,-0.64,3.94,15.13
2016-02-18,25.05,27.21,27.21,24.81,288010,760980000,2.47,9.98,9.70,23.29
2016-02-19,27.79,26.84,27.79,26.33,345887,938310000,-0.37,-1.36,5.37,27.97
2016-02-22,26.66,27.20,28.06,26.51,258253,706840000,0.36,1.34,5.78,20.89
2016-02-23,26.80,26.74,27.85,25.92,206424,556480000,-0.46,-1.69,7.10,16.69
2016-02-24,26.53,28.01,29.41,26.50,468744,1328780000,1.27,4.75,10.88,37.91
2016-02-25,27.00,25.21,27.18,25.21,320668,830710000,-2.80,-10.00,7.03,25.93
2016-02-26,24.55,23.65,25.21,23.11,214968,518370000,-1.56,-6.19,8.33,17.39
2016-02-29,23.65,21.43,24.19,21.29,200575,442050000,-2.22,-9.39,12.26,16.22
2016-03-01,21.70,23.57,23.57,21.08,267076,603990000,2.14,9.99,11.62,21.60
2016-03-02,23.18,24.60,25.25,23.11,252984,610450000,1.03,4.37,9.08,20.46
2016-03-03,24.12,24.71,26.28,24.11,260516,654210000,0.11,0.45,8.82,21.07
2016-03-04,24.50,23.21,25.25,22.80,204065,490880000,-1.50,-6.07,9.92,16.50
2016-03-07,23.46,23.90,24.50,23.46,140141,337130000,0.69,2.97,4.48,11.33
2016-03-08,24.00,24.56,24.56,22.24,195700,460790000,0.66,2.76,9.71,15.83
2016-03-09,24.00,25.29,26.76,23.51,360752,915030000,0.73,2.97,13.23,29.18
2016-03-10,25.20,24.19,26.20,23.80,284199,715390000,-1.10,-4.35,9.49,22.98
2016-03-11,23.63,24.47,24.99,22.80,206106,499970000,0.28,1.16,9.05,16.67
2016-03-14,25.00,25.88,26.20,24.80,268238,686840000,1.41,5.76,5.72,21.69
2016-03-15,25.61,25.20,25.99,25.00,164186,417290000,-0.68,-2.63,3.83,13.28
2016-03-16,25.77,24.32,25.80,23.82,221027,543600000,-0.88,-3.49,7.86,17.88
2016-03-17,24.43,25.57,25.58,23.80,256377,637890000,1.25,5.14,7.32,20.73
2016-03-18,25.60,26.08,26.98,25.40,343302,899290000,0.51,1.99,6.18,27.76
2016-03-21,26.20,27.56,27.96,25.85,366534,986550000,1.48,5.67,8.09,29.64
2016-03-22,27.03,26.71,27.21,26.52,248301,667210000,-0.85,-3.08,2.50,20.08
2016-03-23,26.71,27.03,27.15,26.53,189741,510300000,0.32,1.20,2.32,15.35
2016-03-24,26.78,25.68,26.78,25.56,238220,624350000,-1.35,-4.99,4.51,19.27
2016-03-25,25.35,26.00,26.30,25.35,126511,327320000,0.32,1.25,3.70,10.23
2016-03-28,26.52,25.52,26.95,25.50,158682,415150000,-0.48,-1.85,5.58,12.83
2016-03-29,24.87,24.64,25.35,24.20,135639,336050000,-0.88,-3.45,4.51,10.97
2016-03-30,24.88,25.78,25.85,24.62,162094,409410000,1.14,4.63,4.99,13.11
2016-03-31,25.90,26.91,27.80,25.78,340396,914510000,1.13,4.38,7.84,27.53
2016-04-01,26.74,26.18,26.78,25.70,174321,455640000,-0.73,-2.71,4.01,14.10
2016-04-05,26.01,27.37,27.60,26.01,241711,653090000,1.19,4.55,6.07,19.55
2016-04-06,26.93,27.01,27.50,26.75,181940,492260000,-0.36,-1.32,2.74,14.71
2016-04-07,27.09,25.83,27.25,25.80,213598,559760000,-1.18,-4.37,5.37,17.27
2016-04-08,25.55,25.90,26.16,25.08,136886,351760000,0.07,0.27,4.18,11.07
2016-04-11,26.18,26.70,27.47,26.11,215903,578890000,0.80,3.09,5.25,17.46
2016-04-12,26.43,26.17,26.80,25.80,125530,328060000,-0.53,-1.99,3.75,10.15
2016-04-13,26.42,26.27,27.30,26.22,195308,521690000,0.10,0.38,4.13,15.80
2016-04-14,26.55,26.35,26.69,25.73,161213,421360000,0.08,0.30,3.65,13.04
2016-04-15,26.34,26.08,26.62,25.81,118642,309980000,-0.27,-1.02,3.07,9.60
2016-04-18,25.80,25.58,25.80,25.28,98141,250820000,-0.50,-1.92,1.99,7.94
2016-04-19,25.82,25.85,25.96,25.30,101387,260750000,0.27,1.06,2.58,8.20
2016-04-20,26.11,23.86,26.11,23.30,167313,409980000,-1.99,-7.70,10.87,13.53
2016-04-21,23.70,23.45,24.39,23.30,102923,245620000,-0.41,-1.72,4.57,8.32
2016-04-22,23.30,23.76,23.78,23.08,74248,174310000,0.31,1.32,2.99,6.00
2016-04-25,23.95,23.83,23.97,23.40,68431,162480000,0.07,0.29,2.40,5.53
2016-04-26,23.75,23.85,23.96,23.45,62316,147990000,0.02,0.08,2.14,5.04
2016-04-27,24.19,23.96,24.45,23.89,85989,207170000,0.11,0.46,2.35,6.95
2016-04-28,23.68,23.49,23.95,22.88,82968,193860000,-0.47,-1.96,4.47,6.71
2016-04-29,23.01,23.16,23.48,23.01,47238,109820000,-0.33,-1.40,2.00,3.82
2016-05-03,23.50,23.86,23.90,23.15,74891,177390000,0.70,3.02,3.24,6.06
2016-05-04,23.80,23.75,24.02,23.62,78853,188090000,-0.11,-0.46,1.68,6.38
2016-05-05,23.96,23.76,23.96,23.50,54292,128630000,0.01,0.04,1.94,4.39
2016-05-06,23.82,23.93,24.99,23.76,187497,457150000,0.17,0.72,5.18,15.16
2016-05-09,23.10,22.07,23.43,21.80,112706,253050000,-1.86,-7.77,6.81,9.12
2016-05-10,21.99,22.10,22.44,21.85,47808,105970000,0.03,0.14,2.67,3.87
2016-05-11,22.16,21.39,22.35,21.30,67074,145300000,-0.71,-3.21,4.75,5.42
2016-05-12,21.42,20.81,21.42,20.33,64580,133930000,-0.58,-2.71,5.10,5.22
2016-05-13,20.80,20.89,21.25,20.62,47462,99360000,0.08,0.38,3.03,3.84
2016-05-16,20.85,21.11,21.13,20.62,42371,88730000,0.22,1.05,2.44,3.43
2016-05-17,21.40,21.15,21.61,20.77,70454,149350000,0.04,0.19,3.98,5.70
2016-05-18,20.81,19.85,20.95,19.50,79120,160210000,-1.30,-6.15,6.86,6.40
2016-05-19,19.90,20.03,20.40,19.85,63485,127600000,0.18,0.91,2.77,5.13
2016-05-20,19.50,20.02,20.02,19.38,63885,125930000,-0.01,-0.05,3.20,5.17
2016-05-23,20.09,20.30,20.38,19.90,74697,150400000,0.28,1.40,2.40,6.04
2016-05-24,21.40,20.69,21.50,20.66,142857,301560000,0.39,1.92,4.14,11.55
2016-05-25,20.52,20.25,20.95,20.23,81541,167440000,-0.44,-2.13,3.48,6.59
2016-05-26,20.26,20.20,20.44,19.62,64307,128410000,-0.05,-0.25,4.05,5.20
2016-05-27,20.10,20.36,20.80,20.10,70952,145460000,0.16,0.79,3.47,5.74
2016-05-30,20.15,20.43,20.70,19.85,70581,143690000,0.07,0.34,4.17,5.71
2016-05-31,20.20,21.27,21.40,20.15,136817,286530000,0.84,4.11,6.12,11.06
2016-06-01,21.30,21.07,21.36,20.93,113377,239600000,-0.20,-0.94,2.02,9.17
2016-06-02,20.85,21.29,21.30,20.80,97640,205990000,0.22,1.04,2.37,7.90
2016-06-03,21.20,21.14,21.38,20.94,95225,201450000,-0.15,-0.70,2.07,7.70
2016-06-06,21.13,20.90,21.20,20.77,65069,136470000,-0.24,-1.14,2.03,5.26
2016-06-07,20.82,20.63,20.97,20.52,61150,126410000,-0.27,-1.29,2.15,4.95
2016-06-08,20.75,20.40,20.76,20.10,56662,115730000,-0.23,-1.11,3.20,4.58
2016-06-13,20.07,19.15,20.20,19.11,72428,143490000,-1.25,-6.13,5.34,5.86
2016-06-14,19.10,19.16,19.36,19.01,44960,86030000,0.01,0.05,1.83,3.64
2016-06-15,18.98,19.83,20.08,18.83,69234,135920000,0.67,3.50,6.52,5.60
2016-06-16,19.65,19.36,19.90,19.27,61354,119470000,-0.47,-2.37,3.18,4.96
2016-06-17,19.38,19.45,19.85,19.32,55637,109000000,0.11,0.57,2.74,4.50
2016-06-20,19.25,19.13,19.38,18.90,50923,97130000,-0.32,-1.65,2.47,4.12
2016-06-21,19.29,18.97,19.38,18.88,46792,89550000,-0.16,-0.84,2.61,3.78
2016-06-22,18.88,19.10,19.12,18.81,48906,92720000,0.13,0.69,1.63,3.96
2016-06-23,19.25,19.65,19.78,19.10,97038,190040000,0.55,2.88,3.56,7.85
2016-06-24,19.50,19.07,19.65,18.30,81975,156800000,-0.58,-2.95,6.87,3.40
2016-06-27,18.81,19.41,19.45,18.80,61578,118790000,0.34,1.78,3.41,2.55
2016-06-28,19.38,20.12,20.20,19.30,120494,239720000,0.71,3.66,4.64,5.00
2016-06-29,20.11,20.27,21.22,20.11,138896,287070000,0.15,0.75,5.52,5.76
2016-06-30,20.35,19.99,20.46,19.90,77046,154580000,-0.28,-1.38,2.76,3.19
2016-07-01,20.08,19.82,20.11,19.80,53753,107120000,-0.17,-0.85,1.55,2.23
2016-07-04,19.62,20.40,20.49,19.60,93899,188690000,0.58,2.93,4.49,3.89
2016-07-05,20.39,20.60,21.15,20.09,123489,253930000,0.20,0.98,5.20,5.12
2016-07-06,20.43,20.22,20.43,20.05,63908,129130000,-0.38,-1.84,1.84,2.65
2016-07-07,20.28,20.08,20.36,19.85,71048,142300000,-0.14,-0.69,2.52,2.95
2016-07-08,20.10,20.08,20.23,19.90,44912,90160000,0.00,0.00,1.64,1.86
2016-07-11,20.20,19.85,20.20,19.85,48636,97210000,-0.23,-1.15,1.74,2.02
2016-07-12,19.89,20.00,20.03,19.48,53450,105890000,0.15,0.76,2.77,2.22
2016-07-13,20.16,20.30,20.42,19.92,78927,159440000,0.30,1.50,2.50,3.27
2016-07-14,20.40,20.19,20.72,20.04,85455,174510000,-0.11,-0.54,3.35,3.54
2016-07-15,20.08,19.98,20.24,19.92,45467,91000000,-0.21,-1.04,1.58,1.89
2016-07-18,19.98,20.25,20.33,19.81,55830,112570000,0.27,1.35,2.60,2.32
2016-07-19,20.28,20.35,20.40,19.96,53915,108810000,0.10,0.49,2.17,2.24
2016-07-20,20.42,20.20,20.45,20.10,50335,102150000,-0.15,-0.74,1.72,2.09
2016-07-21,20.29,20.30,20.55,20.00,64377,130480000,0.10,0.50,2.72,2.67
2016-07-22,20.25,20.11,20.38,20.07,52789,106630000,-0.19,-0.94,1.53,2.19
2016-07-25,20.13,19.95,20.18,19.90,41076,82150000,-0.16,-0.80,1.39,1.70
2016-07-26,19.89,20.05,20.12,19.89,33958,67940000,0.10,0.50,1.15,1.41
2016-07-27,20.03,18.75,20.30,18.52,91372,177900000,-1.30,-6.48,8.88,3.79
2016-07-28,18.73,18.39,19.01,18.00,59322,109300000,-0.36,-1.92,5.39,2.46
2016-07-29,18.35,18.06,18.45,18.01,39235,71330000,-0.33,-1.79,2.39,1.63
2016-08-01,18.06,17.73,18.25,17.50,43231,76530000,-0.33,-1.83,4.15,1.79
2016-08-02,17.73,17.90,17.92,17.61,23198,41260000,0.17,0.96,1.75,0.96
2016-08-03,17.88,17.92,18.00,17.66,26836,47900000,0.02,0.11,1.90,1.11
2016-08-04,17.87,18.12,18.22,17.81,31824,57430000,0.20,1.12,2.29,1.32
2016-08-05,18.11,17.76,18.29,17.75,31209,56110000,-0.36,-1.99,2.98,1.29
2016-08-08,17.77,17.84,17.88,17.22,35012,61410000,0.08,0.45,3.72,1.45
2016-08-09,17.84,18.05,18.09,17.80,38971,69810000,0.21,1.18,1.63,1.62
2016-08-10,18.15,17.89,18.15,17.80,37208,66880000,-0.16,-0.89,1.94,1.54
2016-08-11,17.89,17.64,17.90,17.58,27430,48640000,-0.25,-1.40,1.79,1.14
2016-08-12,17.62,17.71,17.72,17.55,24854,43880000,0.07,0.40,0.96,1.03
2016-08-15,17.90,18.10,18.28,17.53,82866,149100000,0.39,2.20,4.23,3.44
2016-08-16,18.16,18.48,18.60,18.11,80213,147320000,0.38,2.10,2.71,3.33
2016-08-17,18.48,18.28,18.48,18.19,49963,91400000,-0.20,-1.08,1.57,2.07
2016-08-18,18.27,18.33,18.44,18.16,45134,82450000,0.05,0.27,1.53,1.87
2016-08-19,18.35,18.69,18.78,18.18,73943,137030000,0.36,1.96,3.27,3.07
2016-08-22,18.68,18.07,18.69,18.05,50082,91700000,-0.62,-3.32,3.42,2.08
2016-08-23,18.07,17.95,18.17,17.85,32435,58420000,-0.12,-0.66,1.77,1.34
2016-08-24,18.01,18.16,18.26,18.00,28317,51340000,0.21,1.17,1.45,1.17
2016-08-25,18.15,17.82,18.15,17.68,37888,67580000,-0.34,-1.87,2.59,1.57
2016-08-26,17.99,17.92,18.08,17.89,24931,44800000,0.10,0.56,1.07,1.03
2016-08-29,17.91,18.02,18.08,17.82,22662,40760000,0.10,0.56,1.45,0.94
2016-08-30,18.10,18.00,18.10,17.89,18823,33840000,-0.02,-0.11,1.17,0.78
2016-08-31,18.01,18.00,18.07,17.81,18980,34010000,0.00,0.00,1.44,0.79
2016-09-01,18.05,18.22,18.38,17.93,47303,85960000,0.22,1.22,2.50,1.96
2016-09-02,18.04,17.91,18.19,17.88,30540,55020000,-0.31,-1.70,1.70,1.27
2016-09-05,17.99,17.92,18.28,17.87,36618,66100000,0.01,0.06,2.29,1.52
2016-09-06,17.79,18.03,18.06,17.60,49820,88800000,0.11,0.61,2.57,2.07
2016-09-07,17.95,19.83,19.83,17.91,238820,466820000,1.80,9.98,10.65,9.90
2016-09-08,19.53,19.19,19.65,19.03,185397,357550000,-0.64,-3.23,3.13,7.69
2016-09-09,19.03,18.83,19.35,18.70,145908,276620000,-0.36,-1.88,3.39,6.05
2016-09-12,18.33,18.45,18.65,18.18,77518,142910000,-0.38,-2.02,2.50,3.21
2016-09-13,18.66,18.50,18.95,18.41,81778,152230000,0.05,0.27,2.93,3.39
2016-09-14,18.30,18.71,18.84,18.21,83915,155700000,0.21,1.14,3.41,3.48
2016-09-19,18.70,18.76,19.02,18.52,75897,142240000,0.05,0.27,2.67,3.15
2016-09-20,18.74,18.40,18.76,18.30,52345,97020000,-0.36,-1.92,2.45,2.17
2016-09-21,18.39,18.33,18.59,18.29,43048,79360000,-0.07,-0.38,1.63,1.79
2016-09-22,18.52,18.56,18.78,18.42,69569,129340000,0.23,1.25,1.96,2.88
2016-09-23,18.48,18.00,18.66,18.00,63057,115530000,-0.56,-3.02,3.56,2.61
2016-09-26,17.92,17.44,18.00,17.44,60467,107100000,-0.56,-3.11,3.11,2.51
2016-09-27,17.42,17.57,17.57,17.21,42555,73940000,0.13,0.75,2.06,1.76
2016-09-28,17.50,17.34,17.63,17.31,25287,43980000,-0.23,-1.31,1.82,1.05
2016-09-29,17.35,17.36,17.50,17.35,23669,41210000,0.02,0.12,0.87,0.98
2016-09-30,17.38,17.43,17.60,17.35,23583,41210000,0.07,0.40,1.44,0.98
2016-10-10,17.50,17.82,17.92,17.48,35657,63220000,0.39,2.24,2.52,1.48
2016-10-11,17.79,17.81,17.93,17.71,35286,62840000,-0.01,-0.06,1.23,1.46
2016-10-12,17.75,17.90,17.92,17.70,32286,57610000,0.09,0.51,1.24,1.34
2016-10-13,17.99,17.93,18.00,17.76,34201,61200000,0.03,0.17,1.34,1.42
2016-10-14,17.87,17.76,17.94,17.65,29607,52530000,-0.17,-0.95,1.62,1.23
2016-10-17,17.84,17.72,17.93,17.61,35661,63460000,-0.04,-0.23,1.80,1.48
2016-10-18,17.78,17.96,17.98,17.62,40608,72410000,0.24,1.35,2.03,1.68
2016-10-19,17.98,18.07,18.19,17.85,46057,83000000,0.11,0.61,1.89,1.91
2016-10-20,18.15,17.99,18.17,17.86,37348,67090000,-0.08,-0.44,1.72,1.55
2016-10-21,18.00,17.81,18.03,17.65,33240,59260000,-0.18,-1.00,2.11,1.38
2016-10-24,17.81,17.99,18.12,17.70,38870,69890000,0.18,1.01,2.36,1.61
2016-10-25,18.07,18.50,19.25,17.94,90694,167800000,0.51,2.83,7.28,3.76
2016-10-26,18.40,18.86,19.20,18.20,114479,214390000,0.36,1.95,5.41,4.75
2016-10-27,18.60,18.44,18.72,18.41,67071,124330000,-0.42,-2.23,1.64,2.78
2016-10-28,18.51,18.00,18.70,18.00,59325,108220000,-0.44,-2.39,3.80,2.46
2016-10-31,17.90,18.17,18.39,17.79,33084,59830000,0.17,0.94,3.33,1.37
2016-11-01,18.04,18.28,18.34,18.04,51514,93750000,0.11,0.61,1.65,2.14
2016-11-02,18.21,18.13,18.49,18.07,65878,120200000,-0.15,-0.82,2.30,2.73
2016-11-03,17.90,18.01,18.27,17.87,62996,113600000,-0.12,-0.66,2.21,2.61
2016-11-04,18.11,18.50,18.60,18.01,92828,170210000,0.49,2.72,3.28,3.85
2016-11-07,18.55,18.15,18.55,18.09,61757,112700000,-0.35,-1.89,2.49,2.56
2016-11-08,18.28,18.17,18.31,18.13,39916,72680000,0.02,0.11,0.99,1.66
2016-11-09,18.23,17.76,18.23,17.51,52427,93920000,-0.41,-2.26,3.96,2.17
2016-11-10,17.95,17.98,18.09,17.86,37181,66830000,0.22,1.24,1.30,1.54
2016-11-11,18.05,18.13,18.18,17.96,39195,70850000,0.15,0.83,1.22,1.63
2016-11-14,18.15,18.27,18.39,18.09,51790,94450000,0.14,0.77,1.65,2.15
2016-11-15,18.27,18.47,18.55,18.15,63375,116380000,0.20,1.09,2.19,2.63
2016-11-16,18.51,18.57,18.70,18.41,73463,136460000,0.10,0.54,1.57,3.05
2016-11-17,18.47,18.23,18.47,18.21,46025,84210000,-0.34,-1.83,1.40,1.91
2016-11-18,18.24,18.27,18.45,18.18,35648,65150000,0.04,0.22,1.48,1.48
2016-11-21,18.26,18.44,18.51,18.18,43238,79360000,0.17,0.93,1.81,1.79
2016-11-22,18.47,19.02,19.19,18.30,99395,185650000,0.58,3.15,4.83,4.12
2016-11-23,18.86,18.50,19.03,18.41,103442,194570000,-0.52,-2.73,3.26,4.29
2016-11-24,18.52,18.63,18.79,18.40,57652,107260000,0.13,0.70,2.11,2.39
2016-11-25,18.72,18.70,18.79,18.17,56848,105330000,0.07,0.38,3.33,2.36
2016-11-28,18.80,19.13,19.58,18.62,121538,233260000,0.43,2.30,5.13,5.04
2016-11-29,18.95,18.66,18.98,18.65,70591,132760000,-0.47,-2.46,1.73,2.93
2016-11-30,18.62,18.83,19.28,18.38,78570,148230000,0.17,0.91,4.82,3.26
2016-12-01,18.83,19.07,19.18,18.70,75627,143240000,0.24,1.27,2.55,3.14
2016-12-02,19.03,18.30,19.15,18.28,78234,145730000,-0.77,-4.04,4.56,3.24
2016-12-05,18.00,17.90,18.39,17.85,43013,77730000,-0.40,-2.19,2.95,1.78
2016-12-06,18.07,17.78,18.10,17.68,35010,62630000,-0.12,-0.67,2.35,1.45
2016-12-07,17.85,17.94,17.94,17.70,33620,59910000,0.16,0.90,1.35,1.39
2016-12-08,17.90,17.55,17.94,17.52,44978,79650000,-0.39,-2.17,2.34,1.87
2016-12-09,17.56,17.65,17.70,17.51,27297,48020000,0.10,0.57,1.08,1.13
2016-12-12,17.65,15.91,17.65,15.89,71414,119150000,-1.74,-9.86,9.97,2.96
2016-12-13,15.90,15.78,16.05,15.45,37119,58560000,-0.13,-0.82,3.77,1.54
2016-12-14,15.78,15.48,15.82,15.35,32095,49980000,-0.30,-1.90,2.98,1.33
2016-12-15,15.45,15.89,15.95,15.45,34645,54660000,0.41,2.65,3.23,1.44
2016-12-16,16.00,16.38,17.00,15.89,59971,99240000,0.49,3.08,6.99,2.49
2016-12-19,16.28,16.24,16.45,16.07,25183,40920000,-0.14,-0.85,2.32,1.04
2016-12-20,16.24,16.32,16.39,16.16,18859,30700000,0.08,0.49,1.42,0.78
2016-12-21,16.32,16.34,16.64,16.26,18408,30230000,0.02,0.12,2.33,0.76
2016-12-22,16.34,16.13,16.41,16.02,19706,31830000,-0.21,-1.29,2.39,0.82
2016-12-23,16.22,15.95,16.32,15.90,18877,30300000,-0.18,-1.12,2.60,0.78
2016-12-26,15.95,16.24,16.26,15.51,19538,31170000,0.29,1.82,4.70,0.81
2016-12-27,16.24,16.21,16.36,16.16,16839,27380000,-0.03,-0.18,1.23,0.70
2016-12-28,16.21,15.96,16.35,15.93,16700,26960000,-0.25,-1.54,2.59,0.69
2016-12-29,15.92,15.98,16.19,15.90,15257,24520000,0.02,0.13,1.82,0.63
2016-12-30,16.10,16.10,16.20,15.92,14748,23740000,0.12,0.75,1.75,0.61
2017-01-03,16.10,16.62,16.85,16.10,40289,66430000,0.52,3.23,4.66,1.67
2017-01-04,16.58,16.58,16.62,16.41,25664,42430000,-0.04,-0.24,1.26,1.06
2017-01-05,16.48,16.47,16.69,16.44,18129,29970000,-0.11,-0.66,1.51,0.75
2017-01-06,16.47,16.36,16.65,16.27,23392,38400000,-0.11,-0.67,2.31,0.97
2017-01-09,16.29,16.38,16.38,16.10,21608,35080000,0.02,0.12,1.71,0.90
2017-01-10,16.35,16.27,16.52,16.23,17644,28880000,-0.11,-0.67,1.77,0.73
2017-01-11,16.29,16.21,16.37,16.21,16390,26690000,-0.06,-0.37,0.98,0.68
2017-01-12,16.11,15.87,16.30,15.87,17385,27960000,-0.34,-2.10,2.65,0.69
2017-01-13,15.87,15.74,16.16,15.70,19570,31240000,-0.13,-0.82,2.90,0.78
2017-01-16,15.70,14.42,15.74,14.17,50864,74820000,-1.32,-8.39,9.97,2.02
2017-01-17,14.40,14.58,14.85,13.80,40730,58200000,0.16,1.11,7.28,1.62
2017-01-18,14.48,14.26,14.48,14.23,22796,32650000,-0.32,-2.19,1.71,0.91
2017-01-19,14.34,14.05,14.34,14.01,25987,36730000,-0.21,-1.47,2.31,1.03
2017-01-20,13.98,14.43,15.00,13.98,45502,66120000,0.38,2.70,7.26,1.81
2017-01-23,14.47,14.56,14.85,14.47,31284,45790000,0.13,0.90,2.63,1.25
2017-01-24,14.55,14.59,14.65,14.40,20179,29390000,0.03,0.21,1.72,0.80
2017-01-25,14.51,14.67,14.76,14.51,19601,28640000,0.08,0.55,1.71,0.78
2017-01-26,14.80,14.81,14.95,14.68,16310,24170000,0.14,0.95,1.84,0.65
2017-02-03,15.09,14.85,15.09,14.72,19001,28280000,0.04,0.27,2.50,0.76
2017-02-06,14.85,14.94,15.09,14.75,17257,25700000,0.09,0.61,2.29,0.69
2017-02-07,14.85,14.73,14.94,14.61,21493,31696500,-0.21,-1.41,2.209,0.86
2017-02-08,14.75,14.77,14.78,14.52,28729,42114500,0.04,0.27,1.765,1.15
2017-02-09,14.70,14.92,15.06,14.70,37789,56389100,0.15,1.02,2.437,1.51
2017-02-10,15.01,14.85,15.01,14.78,25350,37755000,-0.07,-0.47,1.542,1.01
2017-02-13,15.02,15.14,15.23,14.81,42283,63574700,0.29,1.95,2.828,1.69
2017-02-14,15.05,14.90,15.14,14.84,29885,44731800,-0.24,-1.59,1.982,1.19
2017-02-15,14.92,14.69,15.06,14.56,28292,42128100,-0.21,-1.41,3.356,1.13
2017-02-16,14.73,14.72,14.80,14.60,23000,33791600,0.03,0.20,1.361,0.92
2017-02-17,14.63,14.51,14.81,14.50,22285,32656800,-0.21,-1.43,2.106,0.89
2017-02-20,14.40,14.56,14.59,14.35,27003,39045200,0.05,0.34,1.654,1.08
2017-02-21,14.63,14.82,14.95,14.51,34425,50793900,0.26,1.79,3.02,1.37
2017-02-22,14.77,14.92,14.93,14.73,27921,41447100,0.10,0.67,1.35,1.11
2017-02-23,14.93,14.97,14.97,14.70,37750,56037200,0.05,0.34,1.81,1.50
2017-02-24,14.88,15.19,15.20,14.83,47309,71131100,0.22,1.47,2.47,1.89
2017-02-27,15.25,14.90,15.26,14.81,38853,58347300,-0.29,-1.91,2.96,1.55
2017-02-28,14.80,15.16,15.44,14.80,57129,86593500,0.26,1.74,4.29,2.28
2017-03-01,15.16,14.97,15.21,14.90,40715,61230200,-0.19,-1.25,2.04,1.62
2017-03-02,14.97,14.80,15.08,14.80,28149,41918100,-0.17,-1.14,1.87,1.12
2017-03-03,14.76,15.13,15.35,14.54,61153,92357700,0.33,2.23,5.47,2.44
2017-03-06,15.00,15.28,15.35,15.00,55600,84659300,0.15,0.99,2.31,2.22
2017-03-07,15.30,15.52,15.61,15.25,63679,98569200,0.24,1.57,2.36,2.54
2017-03-08,15.41,15.28,15.67,15.27,41871,64546600,-0.24,-1.55,2.58,1.67
2017-03-09,15.27,15.30,15.42,15.11,34149,52183500,0.02,0.13,2.03,1.36
2017-03-10,15.29,15.10,15.35,15.07,24296,36871000,-0.20,-1.31,1.83,0.97
2017-03-13,15.13,15.52,15.59,15.09,46675,71632700,0.42,2.78,3.31,1.86
2017-03-14,15.41,15.29,15.52,15.26,35756,54996400,-0.23,-1.48,1.68,1.43
2017-03-15,15.35,15.19,15.35,15.12,21536,32740300,-0.10,-0.65,1.50,0.86
2017-03-16,15.27,15.29,15.37,15.18,30191,46089929,0.10,0.66,1.25,1.20
2017-03-17,15.33,15.18,15.53,15.18,41568,63803931,-0.11,-0.72,2.29,1.66
2017-03-20,15.10,15.19,15.20,15.00,27845,42011074,0.01,0.07,1.32,1.11
2017-03-21,15.19,15.09,15.20,15.05,21675,32718243,-0.10,-0.66,0.99,0.86
2017-03-22,15.09,14.68,15.09,14.65,45071,66770761,-0.41,-2.72,2.92,1.80
2017-03-23,14.69,14.59,14.81,14.40,32331,47221069,-0.09,-0.61,2.79,1.29
2017-03-24,14.63,14.49,14.63,14.36,30676,44421217,-0.10,-0.69,1.85,1.22
2017-03-27,14.51,14.50,14.63,14.38,28614,41457179,0.01,0.07,1.73,1.14
2017-03-28,14.50,14.56,14.62,14.43,22986,33374044,0.06,0.41,1.31,0.92
2017-03-29,14.56,14.34,14.59,14.22,25734,37107946,-0.22,-1.51,2.54,1.03
2017-03-30,14.33,13.90,14.35,13.83,45257,63291413,-0.44,-3.07,3.63,1.80
2017-03-31,13.99,13.98,14.15,13.88,22630,31662003,0.08,0.58,1.94,0.90
2017-04-05,14.00,14.23,14.23,13.90,28104,39602173,0.25,1.79,2.36,1.12
2017-04-06,14.19,14.23,14.31,14.12,21289,30270940,0.00,0.00,1.34,0.85
2017-04-07,14.23,14.10,14.23,14.08,17152,24229686,-0.13,-0.91,1.05,0.68
2017-04-10,14.12,13.74,14.12,13.73,30672,42693895,-0.36,-2.55,2.77,1.22
2017-04-11,13.75,13.88,13.89,13.60,25236,34730800,0.14,1.02,2.11,1.01
2017-04-12,13.88,13.57,13.95,13.55,33510,45751617,-0.31,-2.23,2.88,1.34
2017-04-13,13.59,13.58,13.75,13.52,20262,27638811,0.01,0.07,1.69,0.81
2017-04-14,13.50,13.26,13.58,13.18,35816,47794773,-0.32,-2.36,2.95,1.43
2017-04-17,13.20,13.03,13.28,12.91,24064,31456972,-0.23,-1.73,2.79,0.96
2017-04-18,13.07,12.67,13.11,12.62,23436,30150902,-0.36,-2.76,3.76,0.93
2017-04-19,12.67,12.42,12.67,12.23,38725,47844068,-0.25,-1.97,3.47,1.54
2017-04-20,12.41,12.43,12.60,12.19,37794,46721244,0.01,0.08,3.30,1.51
2017-04-21,12.43,12.46,12.61,12.34,18556,23119668,0.03,0.24,2.17,0.74
2017-04-24,12.46,11.90,12.46,11.88,24861,30088265,-0.56,-4.49,4.65,0.99
2017-04-25,11.88,11.87,12.09,11.70,22533,26901650,-0.03,-0.25,3.28,0.90
2017-04-26,11.98,11.89,11.98,11.83,17780,21139485,0.02,0.17,1.26,0.71
2017-04-27,11.81,12.06,12.16,11.17,52113,60895573,0.17,1.43,8.33,2.08
2017-04-28,11.91,12.08,12.25,11.85,25373,30691419,0.02,0.17,3.32,1.01
2017-05-02,12.04,12.13,12.24,12.04,18850,22888668,0.05,0.41,1.66,0.75
2017-05-03,12.12,12.15,12.20,12.07,16574,20116493,0.02,0.16,1.07,0.66
2017-05-04,12.14,12.14,12.32,12.12,23813,29099134,-0.01,-0.08,1.65,0.95
2017-05-05,12.16,11.76,12.18,11.72,22161,26447041,-0.38,-3.13,3.79,0.88
2017-05-08,11.77,11.75,11.94,11.52,20830,24491494,-0.01,-0.09,3.57,0.83
2017-05-09,11.70,11.84,11.92,11.51,23218,27260932,0.09,0.77,3.49,0.93
2017-05-10,11.81,11.40,11.96,11.36,25457,29773361,-0.44,-3.72,5.07,1.01
2017-05-11,11.23,11.19,11.34,10.82,29678,33005542,-0.21,-1.84,4.56,1.18
2017-05-12,11.20,11.08,11.23,10.90,21029,23195085,-0.11,-0.98,2.95,0.84
2017-05-15,11.19,11.08,11.19,11.05,14600,16217392,0.00,0.00,1.26,0.58
2017-05-16,11.09,11.55,11.58,10.84,36789,41305040,0.47,4.24,6.68,1.47
2017-05-17,11.50,11.60,11.78,11.38,38872,45004335,0.05,0.43,3.46,1.55
2017-05-18,11.47,11.66,11.68,11.40,27630,31975922,0.06,0.52,2.41,1.10
2017-05-19,11.62,11.58,11.69,11.47,17706,20450573,-0.08,-0.69,1.89,0.71
2017-05-22,11.55,11.06,11.58,11.02,21438,24180755,-0.52,-4.49,4.84,0.85
2017-05-23,11.08,10.58,11.12,10.54,29649,32132496,-0.48,-4.34,5.24,1.18
2017-05-24,10.55,10.70,10.76,10.31,25179,26608928,0.12,1.13,4.25,1.00
2017-05-25,10.70,10.76,10.89,10.44,23749,25339015,0.06,0.56,4.21,0.95
2017-05-26,10.75,10.74,10.85,10.68,16268,17491475,0.00,0.00,1.58,0.65
2017-05-31,10.89,10.79,10.98,10.78,23993,26153908,0.05,0.47,1.86,0.96
2017-06-01,10.75,10.21,10.75,10.19,22947,24115327,-0.58,-5.38,5.19,0.92
2017-06-02,10.21,10.40,10.41,10.00,34683,35310749,0.19,1.86,4.02,1.38
2017-06-05,10.39,10.45,10.58,10.32,22797,23851182,0.05,0.48,2.50,0.91
2017-06-06,10.52,11.19,11.50,10.38,134892,152107788,0.74,7.08,10.72,5.38
2017-06-07,11.03,11.29,11.37,10.96,93146,104328155,0.10,0.89,3.66,3.71
2017-06-08,11.12,11.42,11.75,11.12,88238,100810119,0.13,1.15,5.58,3.52
2017-06-09,11.26,12.21,12.51,11.24,136111,160392599,0.79,6.92,11.12,5.42
