日期,开盘,收盘,最高,最低,交易量(手),交易金额(元),涨跌额,涨跌幅(%),振幅(%),换手率(%)
2011-02-22,27.57,24.68,28.30,24.60,93570,240600000,4.68,23.40,18.50,69.83
2011-02-23,25.70,25.66,26.20,25.14,53642,137750000,0.98,3.97,4.30,40.03
2011-02-24,24.61,25.16,25.35,24.51,34025,84620000,-0.50,-1.95,3.27,25.39
2011-02-25,24.80,24.98,25.10,24.32,21598,53380000,-0.18,-0.72,3.10,16.12
2011-02-28,24.64,24.99,25.13,24.64,16232,40460000,0.01,0.04,1.96,12.11
2011-03-01,24.98,24.85,25.10,24.77,14963,37300000,-0.14,-0.56,1.32,11.17
2011-03-02,24.83,24.67,24.98,24.38,15158,37370000,-0.18,-0.72,2.41,11.31
2011-03-03,24.60,24.67,24.99,24.60,12211,30250000,0.00,0.00,1.58,9.11
2011-03-04,24.65,25.12,25.50,24.65,19401,48710000,0.45,1.82,3.45,14.48
2011-03-07,25.18,25.16,25.23,24.86,13042,32670000,0.04,0.16,1.47,9.73
2011-03-08,25.16,25.97,26.15,25.12,31129,79900000,0.81,3.22,4.09,23.23
2011-03-09,25.71,25.88,25.94,25.57,16943,43610000,-0.09,-0.35,1.42,12.64
2011-03-10,25.99,25.90,26.04,25.60,13561,34980000,0.02,0.08,1.70,10.12
2011-03-11,25.83,25.95,26.48,25.80,19329,50470000,0.05,0.19,2.63,14.42
2011-03-14,26.02,26.46,26.76,26.02,19562,51790000,0.51,1.97,2.85,14.60
2011-03-15,26.40,26.34,26.77,25.63,17967,46960000,-0.12,-0.45,4.31,13.41
2011-03-16,26.37,26.65,26.72,26.30,18892,50130000,0.31,1.18,1.59,14.10
2011-03-17,26.47,26.66,26.66,26.17,17401,45930000,0.01,0.04,1.84,12.99
2011-03-18,26.61,26.55,26.70,26.21,10480,27700000,-0.11,-0.41,1.84,7.82
2011-03-21,26.50,26.98,27.49,26.50,14538,39290000,0.43,1.62,3.73,10.85
2011-03-22,27.05,26.90,27.05,26.44,9081,24300000,-0.08,-0.30,2.26,6.78
2011-03-23,26.87,27.00,27.15,26.80,7967,21440000,0.10,0.37,1.30,5.95
2011-03-24,26.98,26.71,27.25,26.71,8223,22110000,-0.29,-1.07,2.00,6.14
2011-03-25,26.59,26.22,26.70,26.10,14386,37810000,-0.49,-1.83,2.25,10.74
2011-03-28,26.22,26.23,26.49,26.21,7597,19990000,0.01,0.04,1.07,5.67
2011-03-29,26.10,25.88,26.38,25.80,12016,31380000,-0.35,-1.33,2.21,8.97
2011-03-30,25.60,25.50,25.95,25.50,7220,18520000,-0.38,-1.47,1.74,5.39
2011-03-31,25.75,25.52,25.78,25.45,4754,12160000,0.02,0.08,1.29,3.55
2011-04-01,25.65,25.89,25.90,25.46,3391,8700000,0.37,1.45,1.72,2.53
2011-04-06,25.65,25.44,25.83,25.32,3418,8720000,-0.45,-1.74,1.97,2.55
2011-04-07,25.44,25.75,25.96,25.41,3597,9270000,0.31,1.22,2.16,2.68
2011-04-08,25.67,25.75,25.78,25.45,4152,10650000,0.00,0.00,1.28,3.10
2011-04-11,25.98,25.08,25.99,25.02,4959,12650000,-0.67,-2.60,3.77,3.70
2011-04-12,24.80,24.77,25.07,24.62,5026,12480000,-0.31,-1.24,1.79,3.75
2011-04-13,24.54,24.93,25.08,24.54,3054,7610000,0.16,0.65,2.18,2.28
2011-04-14,24.99,24.71,25.04,24.71,2524,6280000,-0.22,-0.88,1.32,1.88
2011-04-15,24.69,24.44,24.83,24.32,4360,10680000,-0.27,-1.09,2.06,3.25
2011-04-18,24.33,24.40,24.50,24.30,3296,8040000,-0.04,-0.16,0.82,2.46
2011-04-19,24.35,24.15,24.35,24.08,4339,10480000,-0.25,-1.02,1.11,3.24
2011-04-20,24.26,24.27,24.40,24.16,3304,8020000,0.12,0.50,0.99,2.47
2011-04-21,24.31,24.48,24.69,24.27,4151,10190000,0.21,0.87,1.73,3.10
2011-04-22,24.36,23.83,24.36,23.80,6110,14640000,-0.65,-2.66,2.29,4.56
2011-04-25,23.86,22.89,23.86,21.51,4186,9570000,-0.94,-3.94,9.86,3.12
2011-04-26,22.81,22.43,22.85,22.40,2336,5260000,-0.46,-2.01,1.97,1.74
2011-04-27,22.52,22.05,22.76,21.99,1738,3880000,-0.38,-1.69,3.43,1.30
2011-04-29,21.41,21.61,21.75,21.23,2225,4770000,-0.44,-2.00,2.36,1.66
2011-05-03,21.61,21.78,21.95,21.61,1425,3090000,0.17,0.79,1.57,1.06
2011-05-04,21.78,20.99,21.80,20.94,2392,5090000,-0.79,-3.63,3.95,1.78
2011-05-05,20.96,20.95,21.12,20.63,1820,3800000,-0.04,-0.19,2.33,1.36
2011-05-06,20.78,20.89,21.12,20.62,2063,4320000,-0.06,-0.29,2.39,1.54
2011-05-09,20.88,20.95,21.07,20.70,2160,4530000,0.06,0.29,1.77,1.61
2011-05-10,21.19,21.03,21.19,20.82,1142,2390000,0.08,0.38,1.77,0.85
2011-05-11,20.95,21.22,21.29,20.70,2374,5000000,0.19,0.90,2.81,1.77
2011-05-12,21.06,20.88,21.20,20.86,1622,3410000,-0.34,-1.60,1.60,1.21
2011-05-13,21.00,21.12,21.19,20.73,1417,2960000,0.24,1.15,2.20,1.06
2011-05-16,21.12,21.53,21.74,20.93,4117,8850000,0.41,1.94,3.84,3.07
2011-05-17,21.49,21.46,21.71,21.34,1589,3420000,-0.07,-0.33,1.72,1.19
2011-05-18,21.66,21.60,21.66,21.35,2165,4650000,0.14,0.65,1.44,1.62
2011-05-19,21.65,21.37,21.65,21.18,2296,4900000,-0.23,-1.06,2.18,1.71
2011-05-20,21.36,20.98,21.48,20.80,1379,2900000,-0.39,-1.83,3.18,1.03
2011-05-23,20.81,19.38,20.81,19.37,3595,7140000,-1.60,-7.63,6.86,2.15
2011-05-24,19.21,19.57,19.78,18.80,5475,10560000,0.19,0.98,5.06,3.28
2011-05-25,19.41,18.84,19.42,18.83,3722,7090000,-0.73,-3.73,3.01,2.23
2011-05-26,18.96,18.39,19.03,18.33,3420,6390000,-0.45,-2.39,3.72,2.05
2011-05-27,18.25,17.90,18.30,17.88,4034,7290000,-0.49,-2.66,2.28,2.42
2011-05-30,17.87,17.86,18.12,17.73,3507,6290000,-0.04,-0.22,2.18,2.10
2011-05-31,17.86,18.14,18.15,17.70,2803,5030000,0.28,1.57,2.52,1.68
2011-06-01,18.15,18.28,18.28,17.91,3895,7040000,0.14,0.77,2.04,2.33
2011-06-02,18.18,17.94,18.18,17.45,4273,7600000,-0.34,-1.86,3.99,2.56
2011-06-03,18.00,18.06,18.23,17.90,3802,6880000,0.12,0.67,1.84,2.28
2011-06-07,18.02,18.20,18.32,18.02,2879,5240000,0.14,0.78,1.66,1.72
2011-06-08,18.11,18.06,18.22,17.71,2523,4530000,-0.14,-0.77,2.80,1.51
2011-06-09,18.10,17.52,18.15,17.51,1758,3130000,-0.54,-2.99,3.54,1.05
2011-06-10,17.36,17.22,17.58,17.18,2373,4110000,-0.30,-1.71,2.28,1.42
2011-06-13,17.21,17.32,17.39,16.90,1493,2570000,0.10,0.58,2.85,0.89
2011-06-14,17.38,17.45,17.59,17.21,2185,3810000,0.13,0.75,2.19,1.31
2011-06-15,17.45,17.30,17.51,17.22,1391,2420000,-0.15,-0.86,1.66,0.83
2011-06-16,17.31,17.07,17.47,17.06,1305,2240000,-0.23,-1.33,2.37,0.78
2011-06-17,17.14,16.91,17.14,16.91,843,1430000,-0.16,-0.94,1.35,0.50
2011-06-20,16.90,16.81,16.90,16.75,1292,2170000,-0.10,-0.59,0.89,0.77
2011-06-21,16.95,16.99,17.06,16.73,1450,2450000,0.18,1.07,1.96,0.87
2011-06-22,16.96,16.89,17.05,16.69,1703,2870000,-0.10,-0.59,2.12,1.02
2011-06-23,16.72,17.35,17.48,16.71,2703,4670000,0.46,2.72,4.56,1.62
2011-06-24,17.21,17.72,17.80,17.21,3412,6000000,0.37,2.13,3.40,2.04
2011-06-27,17.72,17.92,18.18,17.72,3884,6980000,0.20,1.13,2.60,2.33
2011-06-28,18.05,17.90,18.05,17.77,1870,3340000,-0.02,-0.11,1.56,1.12
2011-06-29,17.83,17.60,17.96,17.60,1626,2890000,-0.30,-1.68,2.01,0.97
2011-06-30,17.80,17.86,17.96,17.59,2934,5210000,0.26,1.48,2.10,1.76
2011-07-01,17.96,17.92,18.06,17.82,2186,3930000,0.06,0.34,1.34,1.31
2011-07-04,17.94,18.24,18.28,17.94,3274,5950000,0.32,1.79,1.90,1.96
2011-07-05,18.30,18.24,18.39,18.10,2556,4660000,0.00,0.00,1.59,1.53
2011-07-06,18.16,18.65,18.66,18.10,4141,7630000,0.41,2.25,3.07,2.48
2011-07-07,18.55,18.82,19.38,18.48,9614,18210000,0.17,0.91,4.83,5.76
2011-07-08,18.83,18.84,19.08,18.63,3755,7060000,0.02,0.11,2.39,2.25
2011-07-11,18.88,19.23,19.29,18.70,4321,8230000,0.39,2.07,3.13,2.59
2011-07-12,19.03,18.96,19.11,18.90,5422,10310000,-0.27,-1.40,1.09,3.25
2011-07-13,18.99,19.22,19.25,18.78,4159,7920000,0.26,1.37,2.48,2.49
2011-07-14,19.27,19.58,19.58,19.15,4935,9540000,0.36,1.87,2.24,2.96
2011-07-15,19.58,20.08,20.45,19.50,8355,16710000,0.50,2.55,4.85,5.00
2011-07-18,20.10,19.78,20.20,19.75,4734,9430000,-0.30,-1.49,2.24,2.83
2011-07-19,19.74,19.16,19.74,19.15,4624,8920000,-0.62,-3.13,2.98,2.77
2011-07-20,19.19,19.27,19.41,19.06,2292,4410000,0.11,0.57,1.83,1.37
2011-07-21,19.20,18.90,19.28,18.90,1723,3290000,-0.37,-1.92,1.97,1.03
2011-07-22,18.99,19.13,19.30,18.91,1344,2570000,0.23,1.22,2.06,0.80
2011-07-25,19.02,18.17,19.10,18.01,3224,6010000,-0.96,-5.02,5.70,1.93
2011-07-26,18.19,18.22,18.38,18.10,2113,3850000,0.05,0.28,1.54,1.27
2011-07-27,18.28,18.78,18.98,18.12,4041,7520000,0.56,3.07,4.72,2.42
2011-07-28,18.60,19.58,19.58,18.50,6149,11720000,0.80,4.26,5.75,3.68
2011-07-29,19.60,19.11,19.68,19.05,5597,10790000,-0.47,-2.40,3.22,3.35
2011-08-01,19.11,20.03,20.08,19.07,7490,14750000,0.92,4.81,5.29,4.48
2011-08-02,20.07,21.09,21.97,20.07,27775,59000000,1.06,5.29,9.49,16.63
2011-08-03,20.80,20.90,21.35,20.65,14121,29590000,-0.19,-0.90,3.32,8.46
2011-08-04,20.86,20.36,20.90,20.21,8912,18290000,-0.54,-2.58,3.30,5.34
2011-08-05,19.75,19.83,20.10,19.51,5323,10580000,-0.53,-2.60,2.90,3.19
2011-08-08,19.43,18.65,19.83,18.20,8052,15350000,-1.18,-5.95,8.22,4.82
2011-08-09,18.50,18.67,18.90,17.90,5092,9410000,0.02,0.11,5.36,3.05
2011-08-10,19.11,19.41,19.57,18.82,5584,10740000,0.74,3.96,4.02,3.34
2011-08-11,19.22,19.82,20.15,18.84,8491,16800000,0.41,2.11,6.75,5.08
2011-08-12,20.19,19.85,20.24,19.70,6883,13760000,0.03,0.15,2.72,4.12
2011-08-15,20.13,20.51,20.69,19.80,6269,12710000,0.66,3.32,4.48,3.75
2011-08-16,20.33,20.03,20.64,19.98,5834,11810000,-0.48,-2.34,3.22,3.49
2011-08-18,19.98,19.41,20.08,19.40,11584,22730000,-0.62,-3.10,3.39,6.94
2011-08-19,18.71,19.05,19.10,18.70,4557,8630000,-0.36,-1.85,2.06,2.73
2011-08-22,19.20,19.38,19.58,18.82,4360,8430000,0.33,1.73,3.99,2.61
2011-08-23,19.40,20.30,20.31,19.26,8433,16810000,0.92,4.75,5.42,5.05
2011-08-24,20.36,20.30,21.12,20.19,10592,21880000,0.00,0.00,4.58,6.34
2011-08-25,20.40,20.51,20.60,19.93,5764,11650000,0.21,1.03,3.30,3.45
2011-08-26,20.50,20.95,21.18,20.32,8914,18610000,0.44,2.15,4.19,5.34
2011-08-29,20.85,21.19,21.52,20.85,9151,19470000,0.24,1.15,3.20,5.48
2011-08-30,21.14,20.21,21.30,20.21,8719,18040000,-0.98,-4.62,5.14,5.22
2011-09-01,20.20,20.22,20.65,20.08,4557,9270000,0.01,0.05,2.82,2.73
2011-09-02,20.22,19.71,20.30,19.45,4326,8550000,-0.51,-2.52,4.20,2.59
2011-09-05,19.65,19.20,19.65,19.14,2886,5590000,-0.51,-2.59,2.59,1.73
2011-09-06,19.10,18.95,19.27,18.80,3103,5910000,-0.25,-1.30,2.45,1.86
2011-09-07,19.09,19.50,19.55,19.04,4163,8050000,0.55,2.90,2.69,2.49
2011-09-08,19.62,19.05,19.67,19.05,4522,8760000,-0.45,-2.31,3.18,2.71
2011-09-09,19.04,18.70,19.18,18.60,4256,8020000,-0.35,-1.84,3.04,2.55
2011-09-13,18.50,18.30,18.50,18.10,1940,3550000,-0.40,-2.14,2.14,1.16
2011-09-14,18.40,18.74,18.77,18.18,2247,4140000,0.44,2.40,3.22,1.35
2011-09-15,18.64,18.70,18.92,18.64,1769,3320000,-0.04,-0.21,1.49,1.06
2011-09-16,18.88,18.58,18.92,18.57,2380,4450000,-0.12,-0.64,1.87,1.43
2011-09-19,18.30,18.31,18.47,18.20,1650,3020000,-0.27,-1.45,1.45,0.99
2011-09-20,18.34,18.50,18.64,18.29,1341,2480000,0.19,1.04,1.91,0.80
2011-09-21,18.68,19.01,19.10,18.46,2182,4120000,0.51,2.76,3.46,1.31
2011-09-22,18.94,18.40,18.94,18.31,2195,4090000,-0.61,-3.21,3.31,1.31
2011-09-23,18.30,18.45,18.51,18.12,1897,3470000,0.05,0.27,2.12,1.14
2011-09-26,18.40,18.24,18.50,18.23,1161,2130000,-0.21,-1.14,1.46,0.70
2011-09-27,18.38,18.33,18.48,18.18,967,1770000,0.09,0.49,1.64,0.58
2011-09-28,18.49,17.85,18.49,17.82,2013,3650000,-0.48,-2.62,3.66,1.21
2011-09-29,17.77,17.18,17.95,17.18,1404,2450000,-0.67,-3.75,4.31,0.84
2011-09-30,17.35,17.00,17.35,16.84,1109,1890000,-0.18,-1.05,2.97,0.66
2011-10-10,17.04,16.99,17.25,16.90,1348,2310000,-0.01,-0.06,2.06,0.81
2011-10-11,17.47,17.00,17.49,16.86,1147,1970000,0.01,0.06,3.71,0.69
2011-10-12,16.85,17.64,17.65,16.83,2372,4140000,0.64,3.76,4.82,1.42
2011-10-13,17.51,18.30,18.47,17.42,5432,9790000,0.66,3.74,5.95,3.25
2011-10-14,18.13,18.30,18.43,17.85,3249,5910000,0.00,0.00,3.17,1.95
2011-10-17,18.33,18.40,18.65,18.17,2537,4660000,0.10,0.55,2.62,1.52
2011-10-18,18.30,17.79,18.30,17.79,2344,4230000,-0.61,-3.32,2.77,1.40
2011-10-19,18.00,17.60,18.00,17.51,1685,2970000,-0.19,-1.07,2.75,1.01
2011-10-20,17.52,17.08,17.52,17.00,1520,2610000,-0.52,-2.95,2.95,0.91
2011-10-21,17.04,16.72,17.10,16.66,2026,3420000,-0.36,-2.11,2.58,1.21
2011-10-24,16.34,16.98,17.01,16.32,2575,4270000,0.26,1.56,4.13,1.54
2011-10-25,16.98,17.36,17.46,16.73,2378,4080000,0.38,2.24,4.30,1.42
2011-10-26,17.26,17.53,17.88,17.22,2619,4600000,0.17,0.98,3.80,1.57
2011-10-27,17.53,17.46,17.80,17.30,1172,2060000,-0.07,-0.40,2.85,0.70
2011-10-28,17.61,17.89,17.89,17.46,3101,5480000,0.43,2.46,2.46,1.86
2011-10-31,17.98,18.14,18.48,17.98,5504,10050000,0.25,1.40,2.79,3.30
2011-11-01,18.05,18.05,18.28,17.81,2924,5280000,-0.09,-0.50,2.59,1.75
2011-11-02,17.80,18.80,18.88,17.52,6471,11920000,0.75,4.16,7.53,3.87
2011-11-03,19.05,18.72,19.41,18.70,7097,13560000,-0.08,-0.43,3.78,4.25
2011-11-04,18.98,18.87,19.15,18.56,2649,5000000,0.15,0.80,3.15,1.59
2011-11-07,18.88,19.20,19.20,18.79,3558,6740000,0.33,1.75,2.17,2.13
2011-11-08,19.07,18.80,19.18,18.80,2912,5530000,-0.40,-2.08,1.98,1.74
2011-11-09,18.84,19.70,19.75,18.76,6511,12540000,0.90,4.79,5.27,3.90
2011-11-10,19.30,19.55,20.15,19.30,12123,24040000,-0.15,-0.76,4.31,7.26
2011-11-11,19.61,19.25,19.72,19.20,5378,10490000,-0.30,-1.53,2.66,3.22
2011-11-14,19.50,19.75,19.89,19.46,3839,7580000,0.50,2.60,2.23,2.30
2011-11-15,19.60,19.68,19.88,19.60,2379,4690000,-0.07,-0.35,1.42,1.42
2011-11-16,19.77,18.90,19.77,18.80,4103,7890000,-0.78,-3.96,4.93,2.46
2011-11-17,19.10,19.59,20.35,18.90,5794,11330000,0.69,3.65,7.67,3.47
2011-11-18,19.50,19.15,19.57,19.10,4470,8610000,-0.44,-2.25,2.40,2.68
2011-11-21,18.95,19.15,19.16,18.80,2042,3870000,0.00,0.00,1.88,1.22
2011-11-22,19.20,19.18,19.30,18.88,2015,3840000,0.03,0.16,2.19,1.21
2011-11-23,19.50,20.70,21.10,19.50,25546,52840000,1.52,7.92,8.34,15.30
2011-11-24,20.51,20.39,20.51,19.82,13341,26890000,-0.31,-1.50,3.33,7.99
2011-11-25,20.10,19.99,20.39,19.83,5390,10850000,-0.40,-1.96,2.75,3.23
2011-11-28,19.90,19.50,20.00,19.41,6548,12830000,-0.49,-2.45,2.95,3.92
2011-11-29,19.80,19.70,19.80,19.27,5035,9820000,0.20,1.03,2.72,3.02
2011-11-30,19.72,18.37,19.72,18.11,6603,12490000,-1.33,-6.75,8.17,3.95
2011-12-01,18.80,18.66,19.18,18.63,3568,6750000,0.29,1.58,2.99,2.14
2011-12-02,18.45,18.01,18.67,17.90,2671,4860000,-0.65,-3.48,4.13,1.60
2011-12-05,18.01,17.26,18.09,17.26,2870,5050000,-0.75,-4.16,4.61,1.72
2011-12-06,17.48,17.36,17.50,17.05,1704,2940000,0.10,0.58,2.61,1.02
2011-12-07,17.36,17.50,17.60,17.18,1213,2120000,0.14,0.81,2.42,0.73
2011-12-08,17.31,17.61,17.87,17.13,1850,3250000,0.11,0.63,4.23,1.11
2011-12-09,17.50,17.52,17.72,17.50,1000,1760000,-0.09,-0.51,1.25,0.60
2011-12-12,17.52,17.30,17.60,17.18,1930,3350000,-0.22,-1.26,2.40,1.16
2011-12-13,17.30,16.76,17.30,16.70,3474,5890000,-0.54,-3.12,3.47,2.08
2011-12-14,16.78,16.61,16.90,16.42,2221,3700000,-0.15,-0.90,2.86,1.33
2011-12-15,16.51,16.19,16.63,16.12,3886,6360000,-0.42,-2.53,3.07,2.33
2011-12-16,16.30,16.75,16.76,16.15,2443,4000000,0.56,3.46,3.77,1.46
2011-12-19,16.60,16.90,16.93,16.26,3320,5490000,0.15,0.90,4.00,1.99
2011-12-20,16.75,16.75,17.15,16.75,2329,3960000,-0.15,-0.89,2.37,1.39
2011-12-21,16.95,16.34,17.00,16.32,2123,3550000,-0.41,-2.45,4.06,1.27
2011-12-22,16.19,15.99,16.23,15.58,2980,4740000,-0.35,-2.14,3.98,1.78
2011-12-23,15.83,16.07,16.38,15.83,2044,3300000,0.08,0.50,3.44,1.22
2011-12-26,16.09,16.17,16.32,16.01,957,1550000,0.10,0.62,1.93,0.57
2011-12-27,16.02,15.60,16.02,15.56,1377,2160000,-0.57,-3.53,2.84,0.82
2011-12-28,15.40,15.41,15.60,15.10,2468,3790000,-0.19,-1.22,3.21,1.48
2011-12-29,15.26,15.31,15.56,15.26,687,1060000,-0.10,-0.65,1.95,0.41
2011-12-30,15.50,15.56,15.60,15.38,1381,2150000,0.25,1.63,1.44,0.83
2012-01-04,15.79,14.90,15.79,14.90,1928,2950000,-0.66,-4.24,5.72,1.15
2012-01-05,14.66,13.69,14.90,13.68,5382,7570000,-1.21,-8.12,8.19,3.22
2012-01-06,13.70,13.71,13.80,13.31,1598,2180000,0.02,0.15,3.58,0.96
2012-01-09,13.71,14.22,14.23,13.50,2108,2960000,0.51,3.72,5.32,1.26
2012-01-10,14.15,14.62,14.75,14.15,2602,3780000,0.40,2.81,4.22,1.56
2012-01-11,14.56,14.82,15.08,14.55,5449,8040000,0.20,1.37,3.63,3.26
2012-01-12,14.78,14.62,14.94,14.40,4177,6120000,-0.20,-1.35,3.64,2.50
2012-01-13,14.66,13.76,14.66,13.69,4472,6290000,-0.86,-5.88,6.63,2.68
2012-01-16,13.41,13.17,13.58,13.15,1414,1890000,-0.59,-4.29,3.13,0.85
2012-01-17,13.28,13.83,13.87,13.01,3144,4260000,0.66,5.01,6.53,1.88
2012-01-18,13.85,13.50,13.90,13.17,3078,4170000,-0.33,-2.39,5.28,1.84
2012-01-19,13.31,13.64,13.74,13.30,2337,3170000,0.14,1.04,3.26,1.40
2012-01-20,13.50,13.77,13.86,13.35,4254,5790000,0.13,0.95,3.74,2.55
2012-01-30,13.82,13.79,13.96,13.60,2321,3200000,0.02,0.15,2.61,1.39
2012-01-31,13.81,13.83,14.20,13.51,2020,2780000,0.04,0.29,5.00,1.21
2012-02-01,13.84,13.78,14.07,13.68,3485,4850000,-0.05,-0.36,2.82,2.09
2012-02-02,14.13,13.93,14.13,13.64,1634,2260000,0.15,1.09,3.56,0.98
2012-02-03,14.00,14.30,14.35,13.00,5496,7750000,0.37,2.66,9.69,3.29
2012-02-06,14.30,14.35,14.55,14.22,4924,7050000,0.05,0.35,2.31,2.95
2012-02-07,14.25,13.88,14.26,13.85,2516,3520000,-0.47,-3.28,2.86,1.51
2012-02-08,13.89,14.21,14.25,13.70,3605,5050000,0.33,2.38,3.96,2.16
2012-02-09,14.35,14.38,14.57,14.16,6517,9400000,0.17,1.20,2.89,3.90
2012-02-10,14.40,14.41,14.46,14.23,3257,4680000,0.03,0.21,1.60,1.95
2012-02-13,14.18,14.59,14.68,14.11,5402,7830000,0.18,1.25,3.96,3.23
2012-02-14,14.50,14.59,14.65,14.42,4364,6340000,0.00,0.00,1.58,2.61
2012-02-15,14.66,14.91,15.15,14.60,7317,10900000,0.32,2.19,3.77,4.38
2012-02-16,14.90,14.98,15.22,14.76,4999,7490000,0.07,0.47,3.09,2.99
2012-02-17,15.02,14.69,15.08,14.56,4096,6060000,-0.29,-1.94,3.47,2.45
2012-02-20,14.78,14.68,15.00,14.59,6170,9130000,-0.01,-0.07,2.79,3.69
2012-02-21,14.67,15.00,15.05,14.61,7687,11430000,0.32,2.18,3.00,4.60
2012-02-22,14.97,15.49,15.53,14.97,10134,15560000,0.49,3.27,3.73,2.23
2012-02-23,15.50,15.55,15.73,15.31,10130,15740000,0.06,0.39,2.71,2.23
2012-02-24,15.57,15.63,15.66,15.47,6478,10090000,0.08,0.51,1.22,1.42
2012-02-27,15.77,15.45,15.89,15.43,8423,13130000,-0.18,-1.15,2.94,1.85
2012-02-28,15.35,15.16,15.54,14.97,5335,8120000,-0.29,-1.88,3.69,1.17
2012-02-29,15.08,14.98,15.20,14.98,3306,4990000,-0.18,-1.19,1.45,0.73
2012-03-01,14.83,15.07,15.23,14.81,3451,5210000,0.09,0.60,2.80,0.76
2012-03-02,15.17,15.27,15.32,15.10,4653,7090000,0.20,1.33,1.46,1.02
2012-03-05,15.27,15.22,15.35,15.14,4615,7030000,-0.05,-0.33,1.38,1.01
2012-03-06,15.24,14.85,15.24,14.78,4686,6990000,-0.37,-2.43,3.02,1.03
2012-03-07,14.81,14.90,15.12,14.70,5032,7500000,0.05,0.34,2.83,1.11
2012-03-08,14.90,15.10,15.16,14.90,5830,8790000,0.20,1.34,1.75,1.28
2012-03-09,15.11,15.57,15.57,15.06,8412,12940000,0.47,3.11,3.38,1.85
2012-03-12,15.60,15.63,15.63,15.35,8055,12480000,0.06,0.39,1.80,1.77
2012-03-13,15.60,15.70,15.73,15.48,7501,11720000,0.07,0.45,1.60,1.65
2012-03-14,15.78,15.00,15.99,14.96,11302,17640000,-0.70,-4.46,6.56,2.48
2012-03-15,15.12,14.61,15.13,14.51,5248,7770000,-0.39,-2.60,4.13,1.15
2012-03-16,14.66,15.01,15.06,14.58,4849,7190000,0.40,2.74,3.29,1.07
2012-03-19,15.10,15.39,15.39,14.88,5253,7920000,0.38,2.53,3.40,1.15
2012-03-20,15.17,14.86,15.33,14.80,3851,5780000,-0.53,-3.44,3.44,0.85
2012-03-21,14.90,14.79,15.01,14.48,4202,6190000,-0.07,-0.47,3.57,0.92
2012-03-22,14.78,14.78,14.93,14.67,2430,3590000,-0.01,-0.07,1.76,0.53
2012-03-23,14.78,14.38,14.80,14.30,2943,4260000,-0.40,-2.71,3.38,0.65
2012-03-26,14.38,14.23,14.38,14.00,4021,5710000,-0.15,-1.04,2.64,0.88
2012-03-27,14.25,14.15,14.31,14.13,2277,3250000,-0.08,-0.56,1.26,0.50
2012-03-28,14.02,13.39,14.12,13.31,4253,5830000,-0.76,-5.37,5.72,0.93
2012-03-29,13.50,13.19,13.50,13.08,2767,3670000,-0.20,-1.49,3.14,0.61
2012-03-30,13.21,13.00,13.27,12.91,2131,2790000,-0.19,-1.44,2.73,0.47
2012-04-05,13.00,13.34,13.35,12.86,5458,7160000,0.34,2.62,3.77,1.20
2012-04-06,13.23,13.59,13.65,13.10,6840,9130000,0.25,1.87,4.12,1.50
2012-04-09,13.41,13.23,13.55,13.10,3940,5240000,-0.36,-2.65,3.31,0.87
2012-04-10,13.11,13.32,13.38,12.87,4465,5860000,0.09,0.68,3.85,0.98
2012-04-11,13.17,13.29,13.38,13.10,2549,3380000,-0.03,-0.23,2.10,0.56
2012-04-12,13.31,13.50,13.54,13.01,6847,9090000,0.21,1.58,3.99,1.50
2012-04-13,13.51,13.63,13.72,13.50,4695,6380000,0.13,0.96,1.63,1.03
2012-04-16,13.50,13.51,13.64,13.33,2765,3730000,-0.12,-0.88,2.27,0.61
2012-04-17,13.59,13.50,13.59,13.30,3098,4170000,-0.01,-0.07,2.15,0.68
2012-04-18,13.50,13.70,13.74,13.42,3874,5280000,0.20,1.48,2.37,0.85
2012-04-19,13.70,13.77,13.85,13.50,4293,5850000,0.07,0.51,2.55,0.94
2012-04-20,13.70,13.88,13.88,13.61,4738,6530000,0.11,0.80,1.96,1.04
2012-04-23,14.01,13.29,14.14,13.26,6692,9120000,-0.59,-4.25,6.34,1.47
2012-04-24,13.05,13.12,13.33,12.85,4404,5740000,-0.17,-1.28,3.61,0.97
2012-04-25,13.05,13.20,13.22,12.92,3159,4140000,0.08,0.61,2.29,0.69
2012-04-26,13.23,13.25,13.35,13.17,2744,3640000,0.05,0.38,1.36,0.60
2012-04-27,13.31,13.24,13.36,13.13,3804,5040000,-0.01,-0.08,1.74,0.84
2012-05-02,13.30,13.29,13.35,13.20,5361,7110000,0.05,0.38,1.13,1.18
2012-05-03,13.28,13.24,13.29,13.10,2743,3620000,-0.05,-0.38,1.43,0.60
2012-05-04,13.24,13.44,13.47,13.24,3600,4800000,0.20,1.51,1.74,0.79
2012-05-07,13.44,13.74,13.74,13.37,5017,6810000,0.30,2.23,2.75,1.10
2012-05-08,13.68,14.00,14.00,13.65,5625,7800000,0.26,1.89,2.55,1.24
2012-05-09,13.98,13.69,13.98,13.69,3521,4870000,-0.31,-2.21,2.07,0.77
2012-05-10,13.70,13.97,14.15,13.70,4110,5750000,0.28,2.05,3.29,0.90
2012-05-11,13.97,13.90,14.09,13.78,2944,4100000,-0.07,-0.50,2.22,0.65
2012-05-14,13.96,13.55,13.98,13.52,3380,4650000,-0.35,-2.52,3.31,0.74
2012-05-15,13.54,13.64,13.64,13.40,1936,2610000,0.09,0.66,1.77,0.43
2012-05-16,13.58,13.60,13.75,13.57,1556,2130000,-0.04,-0.29,1.32,0.34
2012-05-17,13.85,13.87,13.89,13.54,3102,4260000,0.27,1.99,2.57,0.68
2012-05-18,13.80,13.84,13.85,13.68,3306,4550000,-0.03,-0.22,1.23,0.73
2012-05-21,13.80,13.95,13.95,13.65,3656,5070000,0.11,0.79,2.17,0.80
2012-05-22,14.05,14.00,14.05,13.88,3765,5260000,0.05,0.36,1.22,0.83
2012-05-23,14.10,13.86,14.10,13.79,5122,7110000,-0.14,-1.00,2.21,1.13
2012-05-24,8.92,8.78,9.00,8.70,4502,3990000,-0.26,-2.88,3.32,0.66
2012-05-25,8.78,8.49,8.84,8.48,3697,3180000,-0.29,-3.30,4.10,0.54
2012-05-28,8.41,8.40,8.45,8.15,3905,3250000,-0.09,-1.06,3.53,0.57
2012-05-29,8.44,8.53,8.53,8.40,3877,3290000,0.13,1.55,1.55,0.57
2012-05-30,8.46,8.55,8.63,8.46,2654,2280000,0.02,0.23,1.99,0.39
2012-05-31,8.46,8.68,8.83,8.46,3094,2690000,0.13,1.52,4.33,0.45
2012-06-01,8.65,8.70,8.99,8.65,3878,3420000,0.02,0.23,3.92,0.57
2012-06-04,8.60,8.30,8.60,8.30,2833,2390000,-0.40,-4.60,3.45,0.41
2012-06-05,8.30,8.32,8.40,8.25,2235,1860000,0.02,0.24,1.81,0.33
2012-06-06,8.33,8.35,8.47,8.32,1217,1020000,0.03,0.36,1.80,0.18
2012-06-07,8.55,8.36,8.65,8.34,2178,1850000,0.01,0.12,3.71,0.32
2012-06-08,8.48,8.39,8.54,8.34,2129,1790000,0.03,0.36,2.39,0.31
2012-06-11,8.32,8.65,8.68,8.32,3778,3230000,0.26,3.10,4.29,0.55
2012-06-12,8.59,8.59,8.66,8.51,2828,2430000,-0.06,-0.69,1.73,0.41
2012-06-13,8.62,8.99,9.08,8.53,12205,10720000,0.40,4.66,6.40,1.79
2012-06-14,8.93,8.66,8.98,8.63,11846,10390000,-0.33,-3.67,3.89,1.73
2012-06-15,8.80,8.57,8.80,8.45,8361,7190000,-0.09,-1.04,4.04,1.22
2012-06-18,8.62,8.68,8.73,8.52,10518,9110000,0.11,1.28,2.45,1.54
2012-06-19,8.63,9.10,9.16,8.61,33814,30090000,0.42,4.84,6.34,4.95
2012-06-20,9.11,9.33,9.85,9.01,54403,51280000,0.23,2.53,9.23,7.97
2012-06-21,9.16,8.90,9.16,8.80,30380,27250000,-0.43,-4.61,3.86,4.45
2012-06-25,8.75,8.22,8.85,8.22,23835,20340000,-0.68,-7.64,7.08,3.49
2012-06-26,8.21,8.17,8.22,7.90,14902,12020000,-0.05,-0.61,3.89,2.18
2012-06-27,8.12,7.96,8.23,7.95,19198,15550000,-0.21,-2.57,3.43,2.81
2012-06-28,7.95,7.96,8.17,7.93,11583,9310000,0.00,0.00,3.02,1.70
2012-06-29,7.86,7.98,8.04,7.70,10428,8190000,0.02,0.25,4.27,1.53
2012-07-02,8.01,8.09,8.09,7.96,8477,6810000,0.11,1.38,1.63,1.24
2012-07-03,8.03,8.09,8.20,8.03,9388,7630000,0.00,0.00,2.10,1.37
2012-07-04,8.16,8.04,8.16,8.02,8048,6500000,-0.05,-0.62,1.73,1.18
2012-07-05,8.00,7.80,8.01,7.74,8835,6920000,-0.24,-2.99,3.36,1.29
2012-07-06,7.79,7.91,7.92,7.63,7221,5620000,0.11,1.41,3.72,1.06
2012-07-09,7.83,7.77,7.92,7.73,5928,4640000,-0.14,-1.77,2.40,0.87
2012-07-10,7.77,7.75,7.82,7.65,3359,2590000,-0.02,-0.26,2.19,0.49
2012-07-11,7.71,7.72,7.75,7.65,2645,2040000,-0.03,-0.39,1.29,0.39
2012-07-12,7.72,7.77,7.79,7.60,3916,3020000,0.05,0.65,2.46,0.57
2012-07-13,7.70,7.52,7.76,7.52,5460,4170000,-0.25,-3.22,3.09,0.80
2012-07-16,7.45,7.05,7.52,7.04,7262,5260000,-0.47,-6.25,6.38,1.06
2012-07-17,7.10,7.15,7.17,7.03,2550,1810000,0.10,1.42,1.99,0.37
2012-07-18,7.15,7.16,7.20,6.95,5044,3580000,0.01,0.14,3.50,0.74
2012-07-19,7.14,7.20,7.29,7.10,7336,5280000,0.04,0.56,2.65,1.07
2012-07-20,7.15,7.22,7.33,7.12,4591,3330000,0.02,0.28,2.92,0.67
2012-07-23,7.12,7.07,7.20,7.00,4310,3040000,-0.15,-2.08,2.77,0.63
2012-07-24,7.07,7.22,7.25,7.01,3970,2840000,0.15,2.12,3.39,0.58
2012-07-25,7.21,7.15,7.26,7.14,4226,3040000,-0.07,-0.97,1.66,0.62
2012-07-26,7.15,7.15,7.25,7.12,2279,1640000,0.00,0.00,1.82,0.33
2012-07-27,7.20,7.24,7.25,7.14,2961,2130000,0.09,1.26,1.54,0.43
2012-07-30,7.22,6.99,7.24,6.90,4354,3060000,-0.25,-3.45,4.70,0.64
2012-07-31,6.99,6.79,6.99,6.75,1823,1250000,-0.20,-2.86,3.43,0.27
2012-08-01,6.86,6.84,6.95,6.81,2899,1990000,0.05,0.74,2.06,0.42
2012-08-02,6.82,6.78,6.90,6.75,2460,1670000,-0.06,-0.88,2.19,0.36
2012-08-03,6.73,6.92,6.92,6.68,3053,2080000,0.14,2.06,3.54,0.45
2012-08-06,6.88,7.07,7.08,6.85,4122,2870000,0.15,2.17,3.32,0.60
2012-08-07,7.06,7.17,7.17,7.04,5836,4160000,0.10,1.41,1.84,0.85
2012-08-08,7.11,7.17,7.20,7.08,3895,2780000,0.00,0.00,1.67,0.57
2012-08-09,7.17,7.24,7.26,7.11,4768,3430000,0.07,0.98,2.09,0.70
2012-08-10,7.28,7.21,7.28,7.19,3048,2210000,-0.03,-0.41,1.24,0.45
2012-08-13,7.13,7.06,7.20,7.05,4463,3180000,-0.15,-2.08,2.08,0.65
2012-08-14,7.09,7.14,7.14,6.98,3167,2240000,0.08,1.13,2.27,0.46
2012-08-15,7.10,7.20,7.28,7.06,7158,5130000,0.06,0.84,3.08,1.05
2012-08-16,7.13,7.17,7.27,7.09,4614,3310000,-0.03,-0.42,2.50,0.68
2012-08-17,7.14,7.31,7.31,7.11,6838,4940000,0.14,1.95,2.79,1.00
2012-08-20,7.27,7.30,7.33,7.13,6862,4970000,-0.01,-0.14,2.74,1.00
2012-08-21,7.32,7.50,7.64,7.25,18026,13510000,0.20,2.74,5.34,2.64
2012-08-22,7.52,7.38,7.54,7.35,7877,5850000,-0.12,-1.60,2.53,1.15
2012-08-23,7.40,7.58,7.64,7.30,8800,6570000,0.20,2.71,4.61,1.29
2012-08-24,7.57,7.31,7.58,7.31,9272,6910000,-0.27,-3.56,3.56,1.36
2012-08-27,7.28,7.02,7.28,7.01,5235,3720000,-0.29,-3.97,3.69,0.77
2012-08-28,7.09,7.18,7.26,7.00,5872,4210000,0.16,2.28,3.70,0.86
2012-08-29,7.11,7.23,7.35,7.11,6382,4630000,0.05,0.70,3.34,0.93
2012-08-30,7.25,7.03,7.30,6.96,7081,5030000,-0.20,-2.77,4.70,1.04
2012-08-31,7.02,7.04,7.09,6.98,5711,4010000,0.01,0.14,1.56,0.84
2012-09-03,7.05,7.21,7.24,7.01,4735,3380000,0.17,2.41,3.27,0.69
2012-09-04,7.20,7.30,7.45,7.15,15197,11060000,0.09,1.25,4.16,2.23
2012-09-05,7.24,7.58,8.01,7.24,34794,26780000,0.28,3.84,10.55,5.10
2012-09-06,7.57,7.79,7.80,7.47,33886,25960000,0.21,2.77,4.35,4.96
2012-09-07,7.85,7.91,8.06,7.78,34686,27460000,0.12,1.54,3.59,5.08
2012-09-10,7.92,8.08,8.15,7.81,24491,19540000,0.17,2.15,4.30,3.59
2012-09-11,8.05,7.93,8.15,7.88,18836,15070000,-0.15,-1.86,3.34,2.76
2012-09-12,7.98,7.95,8.03,7.80,15385,12160000,0.02,0.25,2.90,2.25
2012-09-13,7.91,7.73,8.03,7.73,13750,10870000,-0.22,-2.77,3.77,2.01
2012-09-14,7.78,7.86,7.94,7.72,12457,9760000,0.13,1.68,2.85,1.82
2012-09-17,7.83,7.52,7.89,7.52,7923,6090000,-0.34,-4.33,4.71,1.16
2012-09-18,7.50,7.55,7.67,7.44,5670,4290000,0.03,0.40,3.06,0.83
2012-09-19,7.50,7.70,7.72,7.50,6065,4650000,0.15,1.99,2.91,0.89
2012-09-20,7.66,7.42,7.74,7.42,12365,9390000,-0.28,-3.64,4.16,1.81
2012-09-21,7.40,7.22,7.48,7.21,8935,6530000,-0.20,-2.70,3.64,1.31
2012-09-24,7.13,7.12,7.20,7.05,10018,7120000,-0.10,-1.39,2.08,1.47
2012-09-25,7.12,7.00,7.15,7.00,6179,4370000,-0.12,-1.69,2.11,0.90
2012-09-26,7.01,6.86,7.06,6.85,4955,3430000,-0.14,-2.00,3.00,0.73
2012-09-27,6.92,7.03,7.07,6.85,5045,3520000,0.17,2.48,3.21,0.74
2012-09-28,7.03,7.20,7.21,7.03,7371,5260000,0.17,2.42,2.56,1.08
2012-10-08,7.21,7.11,7.22,7.04,5251,3740000,-0.09,-1.25,2.50,0.77
2012-10-09,7.14,7.32,7.35,7.13,5906,4290000,0.21,2.95,3.09,0.86
2012-10-10,7.30,7.42,7.47,7.30,7295,5400000,0.10,1.37,2.32,1.07
2012-10-11,7.42,7.18,7.42,7.17,8397,6090000,-0.24,-3.23,3.37,1.23
2012-10-12,7.19,7.26,7.32,7.15,7287,5280000,0.08,1.11,2.37,1.07
2012-10-15,7.22,7.06,7.22,7.00,8232,5830000,-0.20,-2.75,3.03,1.21
2012-10-16,7.04,7.08,7.16,7.01,5163,3660000,0.02,0.28,2.12,0.76
2012-10-17,7.13,7.14,7.15,7.07,7014,4980000,0.06,0.85,1.13,1.03
2012-10-18,7.15,7.28,7.31,7.15,7471,5410000,0.14,1.96,2.24,1.09
2012-10-19,7.30,7.32,7.38,7.25,6885,5040000,0.04,0.55,1.79,1.01
2012-10-22,7.32,7.33,7.35,7.23,6686,4870000,0.01,0.14,1.64,0.98
2012-10-23,7.33,7.26,7.37,7.23,4234,3090000,-0.07,-0.96,1.91,0.62
2012-10-24,7.28,7.23,7.31,7.20,3775,2740000,-0.03,-0.41,1.52,0.55
2012-10-25,7.22,7.26,7.30,7.17,7187,5200000,0.03,0.41,1.80,1.05
2012-10-26,7.26,7.09,7.30,6.98,8328,5900000,-0.17,-2.34,4.41,1.22
2012-10-29,7.03,7.13,7.26,7.01,9271,6600000,0.04,0.56,3.53,1.36
2012-10-30,7.10,7.12,7.17,7.07,2404,1710000,-0.01,-0.14,1.40,0.35
2012-10-31,7.09,7.14,7.16,7.09,1931,1380000,0.02,0.28,0.98,0.28
2012-11-01,7.16,7.28,7.35,7.14,4174,3030000,0.14,1.96,2.94,0.61
2012-11-02,7.28,7.27,7.34,7.18,5200,3760000,-0.01,-0.14,2.20,0.76
2012-11-05,7.25,7.24,7.30,7.22,2806,2030000,-0.03,-0.41,1.10,0.41
2012-11-06,7.22,7.15,7.25,7.08,3469,2480000,-0.09,-1.24,2.35,0.51
2012-11-07,7.15,7.16,7.20,7.08,6185,4420000,0.01,0.14,1.68,0.91
2012-11-08,7.14,6.99,7.14,6.96,6926,4860000,-0.17,-2.37,2.51,1.01
2012-11-09,6.96,6.94,6.99,6.89,3792,2630000,-0.05,-0.72,1.43,0.56
2012-11-12,6.94,7.01,7.05,6.91,3530,2470000,0.07,1.01,2.02,0.52
2012-11-13,6.95,6.91,7.02,6.85,2469,1710000,-0.10,-1.43,2.43,0.36
2012-11-14,6.86,6.87,6.90,6.80,3298,2250000,-0.04,-0.58,1.45,0.48
2012-11-15,6.87,6.76,6.87,6.76,2946,2000000,-0.11,-1.60,1.60,0.43
2012-11-16,6.76,6.75,6.78,6.72,1909,1290000,-0.01,-0.15,0.89,0.28
2012-11-19,6.76,6.83,6.86,6.73,1597,1080000,0.08,1.19,1.93,0.23
2012-11-20,6.83,6.87,6.93,6.81,2358,1620000,0.04,0.59,1.76,0.35
2012-11-21,6.83,6.95,6.96,6.83,3737,2580000,0.08,1.16,1.89,0.55
2012-11-22,6.97,6.91,6.97,6.90,2321,1610000,-0.04,-0.58,1.01,0.34
2012-11-23,6.92,6.84,6.94,6.81,2467,1700000,-0.07,-1.01,1.88,0.36
2012-11-26,6.82,6.79,6.87,6.76,1245,850000,-0.05,-0.73,1.61,0.18
2012-11-27,6.76,6.53,6.82,6.48,5488,3620000,-0.26,-3.83,5.01,0.80
2012-11-28,6.50,6.37,6.50,6.30,3311,2110000,-0.16,-2.45,3.06,0.48
2012-11-29,6.32,6.27,6.43,6.25,2431,1540000,-0.10,-1.57,2.83,0.36
2012-11-30,6.20,6.30,6.32,6.16,1510,950000,0.03,0.48,2.55,0.22
2012-12-03,6.30,6.12,6.32,6.12,2335,1460000,-0.18,-2.86,3.17,0.34
2012-12-04,6.12,6.24,6.27,6.03,4907,3010000,0.12,1.96,3.92,0.72
2012-12-05,6.23,6.43,6.49,6.21,5485,3520000,0.19,3.04,4.49,0.80
2012-12-06,6.40,6.38,6.46,6.33,2908,1860000,-0.05,-0.78,2.02,0.43
2012-12-07,6.38,6.52,6.58,6.37,11433,7410000,0.14,2.19,3.29,1.67
2012-12-10,6.52,6.62,6.64,6.51,12305,8080000,0.10,1.53,1.99,1.80
2012-12-11,6.58,6.55,6.62,6.54,5876,3860000,-0.07,-1.06,1.21,0.86
2012-12-12,6.50,6.57,6.58,6.48,5537,3610000,0.02,0.31,1.53,0.81
2012-12-13,6.52,6.57,6.58,6.45,8730,5690000,0.00,0.00,1.98,1.28
2012-12-14,6.57,6.77,6.79,6.47,10868,7280000,0.20,3.04,4.87,1.59
2012-12-17,6.77,6.76,6.80,6.70,5209,3510000,-0.01,-0.15,1.48,0.76
2012-12-18,6.76,6.76,6.84,6.68,6816,4610000,0.00,0.00,2.37,1.00
2012-12-19,6.78,6.78,6.80,6.71,5529,3740000,0.02,0.30,1.33,0.81
2012-12-20,6.75,6.81,6.83,6.70,6105,4130000,0.03,0.44,1.92,0.89
2012-12-21,6.81,6.83,6.87,6.67,12865,8720000,0.02,0.29,2.94,1.88
2012-12-24,6.81,6.83,6.88,6.78,7527,5140000,0.00,0.00,1.46,1.10
2012-12-25,6.84,6.99,7.00,6.82,11553,8010000,0.16,2.34,2.64,1.69
2012-12-26,6.99,7.20,7.30,6.97,21604,15440000,0.21,3.00,4.72,3.16
2012-12-27,7.23,7.03,7.24,7.01,14375,10220000,-0.17,-2.36,3.19,2.11
2012-12-28,7.00,7.09,7.10,6.99,8004,5650000,0.06,0.85,1.56,1.17
2012-12-31,7.11,7.10,7.13,7.03,7686,5450000,0.01,0.14,1.41,1.13
2013-01-04,7.14,7.08,7.15,7.02,6270,4440000,-0.02,-0.28,1.83,0.92
2013-01-07,7.10,7.17,7.17,7.05,8887,6330000,0.09,1.27,1.69,1.30
2013-01-08,7.14,7.28,7.40,7.14,16022,11670000,0.11,1.53,3.63,2.35
2013-01-09,7.30,7.35,7.48,7.22,17318,12750000,0.07,0.96,3.57,2.54
2013-01-10,7.40,7.38,7.45,7.32,10169,7500000,0.03,0.41,1.77,1.49
2013-01-11,7.40,7.18,7.40,7.18,10142,7390000,-0.20,-2.71,2.98,1.49
2013-01-14,7.15,7.41,7.42,7.13,13778,10060000,0.23,3.20,4.04,2.02
2013-01-15,7.42,7.58,7.70,7.37,26081,19750000,0.17,2.29,4.45,3.82
2013-01-16,7.55,7.51,7.62,7.33,12020,9000000,-0.07,-0.92,3.83,1.76
2013-01-17,7.52,7.43,7.52,7.37,8484,6320000,-0.08,-1.07,2.00,1.24
2013-01-18,7.45,7.57,7.99,7.45,13449,10230000,0.14,1.88,7.27,1.97
2013-01-21,7.62,7.62,7.64,7.52,8390,6360000,0.05,0.66,1.59,1.23
2013-01-22,7.58,7.37,7.62,7.37,9031,6780000,-0.25,-3.28,3.28,1.32
2013-01-23,7.39,7.32,7.42,7.24,8167,5980000,-0.05,-0.68,2.44,1.20
2013-01-24,7.31,7.10,7.45,7.03,8513,6180000,-0.22,-3.01,5.74,1.25
2013-01-25,7.12,7.05,7.15,7.00,8652,6120000,-0.05,-0.70,2.11,1.27
2013-01-28,7.09,7.22,7.22,7.02,9117,6520000,0.17,2.41,2.84,1.34
2013-01-29,7.19,7.29,7.33,7.19,7754,5640000,0.07,0.97,1.94,1.14
2013-01-30,7.30,7.28,7.33,7.19,6655,4820000,-0.01,-0.14,1.92,0.97
2013-01-31,7.30,7.22,7.32,7.20,4518,3270000,-0.06,-0.82,1.65,0.66
2013-02-01,7.22,7.31,7.32,7.20,4823,3510000,0.09,1.25,1.66,0.71
2013-02-04,7.33,7.21,7.34,7.20,4327,3140000,-0.10,-1.37,1.92,0.63
2013-02-05,7.21,7.30,7.32,7.20,4689,3410000,0.09,1.25,1.66,0.69
2013-02-06,7.31,7.36,7.38,7.31,5854,4300000,0.06,0.82,0.96,0.86
2013-02-07,7.38,7.36,7.40,7.30,4425,3250000,0.00,0.00,1.36,0.65
2013-02-08,7.39,7.48,7.48,7.36,8033,5980000,0.12,1.63,1.63,1.18
2013-02-18,7.58,7.54,7.62,7.47,10851,8180000,0.06,0.80,2.01,1.59
2013-02-19,7.51,7.41,7.55,7.36,8205,6100000,-0.13,-1.72,2.52,1.20
2013-02-20,7.40,7.54,7.55,7.40,7555,5670000,0.13,1.75,2.02,1.11
2013-02-21,7.48,7.52,7.76,7.44,38437,28950000,-0.02,-0.27,4.24,5.63
2013-02-22,7.42,7.44,7.50,7.31,18987,14100000,-0.08,-1.06,2.53,2.78
2013-02-25,7.44,7.53,7.59,7.44,15290,11490000,0.09,1.21,2.02,2.24
2013-02-26,7.57,7.49,7.68,7.48,21980,16710000,-0.04,-0.53,2.66,3.22
2013-02-27,7.49,7.36,7.73,7.31,21119,15690000,-0.13,-1.74,5.61,3.09
2013-02-28,7.38,7.51,7.51,7.34,11857,8830000,0.15,2.04,2.31,1.74
2013-03-01,7.50,7.64,7.64,7.47,33241,25080000,0.13,1.73,2.26,4.87
2013-03-04,7.58,7.35,7.67,7.27,25240,18920000,-0.29,-3.80,5.24,3.70
2013-03-05,7.36,7.55,7.55,7.33,14017,10480000,0.20,2.72,2.99,2.05
2013-03-06,7.54,7.74,7.75,7.52,26414,20270000,0.19,2.52,3.05,3.87
2013-03-07,7.75,7.59,7.77,7.46,32110,24490000,-0.15,-1.94,4.01,4.70
2013-03-08,7.60,7.58,7.72,7.56,18346,14020000,-0.01,-0.13,2.11,2.69
2013-03-11,7.61,7.74,7.74,7.58,21397,16430000,0.16,2.11,2.11,3.13
2013-03-12,7.77,7.38,7.77,7.29,30837,23090000,-0.36,-4.65,6.20,4.52
2013-03-13,7.40,7.33,7.40,7.20,11156,8150000,-0.05,-0.68,2.71,1.63
2013-03-14,7.33,7.31,7.42,7.28,8088,5940000,-0.02,-0.27,1.91,1.18
2013-03-15,7.32,7.36,7.46,7.28,11399,8420000,0.05,0.68,2.46,1.67
2013-03-18,7.35,7.18,7.39,7.16,6696,4860000,-0.18,-2.45,3.13,0.98
2013-03-19,7.21,7.15,7.22,7.05,9378,6690000,-0.03,-0.42,2.37,1.37
2013-03-20,7.17,7.38,7.39,7.15,10164,7410000,0.23,3.22,3.36,1.49
2013-03-21,7.35,7.42,7.47,7.35,11345,8410000,0.04,0.54,1.63,1.66
2013-03-22,7.55,7.57,7.68,7.55,30101,22840000,0.15,2.02,1.75,4.41
2013-03-25,7.53,7.56,7.59,7.46,12233,9210000,-0.01,-0.13,1.72,1.79
2013-03-26,7.50,7.46,7.55,7.34,14455,10740000,-0.10,-1.32,2.78,2.12
2013-03-27,7.46,7.56,7.61,7.46,18889,14270000,0.10,1.34,2.01,2.77
2013-03-28,7.52,7.31,7.52,7.26,16791,12360000,-0.25,-3.31,3.44,2.46
2013-03-29,7.35,7.32,7.39,7.26,8109,5940000,0.01,0.14,1.78,1.19
2013-04-01,7.32,7.49,7.52,7.28,11969,8910000,0.17,2.32,3.28,1.75
2013-04-02,7.45,7.35,7.55,7.30,12122,8990000,-0.14,-1.87,3.34,1.78
2013-04-03,7.35,7.25,7.35,7.18,8088,5870000,-0.10,-1.36,2.31,1.18
2013-04-08,7.20,7.26,7.26,7.06,7001,5010000,0.01,0.14,2.76,1.03
2013-04-09,7.22,7.35,7.38,7.22,7841,5730000,0.09,1.24,2.20,1.15
2013-04-10,7.31,7.24,7.36,7.20,5803,4220000,-0.11,-1.50,2.18,0.85
2013-04-11,7.25,7.24,7.32,7.22,4437,3220000,0.00,0.00,1.38,0.65
2013-04-12,7.24,7.28,7.31,7.18,5396,3910000,0.04,0.55,1.80,0.79
2013-04-15,7.22,7.16,7.25,7.13,4073,2920000,-0.12,-1.65,1.65,0.60
2013-04-16,7.12,7.26,7.28,7.08,4551,3270000,0.10,1.40,2.79,0.67
2013-04-17,7.25,7.39,7.40,7.21,10687,7820000,0.13,1.79,2.62,1.57
2013-04-18,7.38,7.41,7.47,7.33,10850,8050000,0.02,0.27,1.89,1.59
2013-04-19,7.45,7.49,7.53,7.40,17033,12750000,0.08,1.08,1.75,2.49
2013-04-22,7.42,7.56,7.57,7.42,15896,11920000,0.07,0.93,2.00,2.33
2013-04-23,7.56,7.28,7.56,7.25,14658,10800000,-0.28,-3.70,4.10,2.15
2013-04-24,7.31,7.59,7.60,7.24,22684,16910000,0.31,4.26,4.95,3.32
2013-04-25,7.55,7.54,7.75,7.49,41135,31360000,-0.05,-0.66,3.43,6.02
2013-04-26,7.30,7.28,7.48,7.25,24618,18110000,-0.26,-3.45,3.05,3.61
2013-05-02,7.26,7.28,7.32,7.21,11046,8040000,0.00,0.00,1.51,1.62
2013-05-03,7.37,7.61,7.67,7.31,29834,22490000,0.33,4.53,4.95,4.37
2013-05-06,7.72,7.83,7.86,7.62,46482,36140000,0.22,2.89,3.15,6.81
2013-05-07,7.78,7.80,7.82,7.66,25200,19520000,-0.03,-0.38,2.04,3.69
2013-05-08,7.77,8.17,8.35,7.76,95936,77660000,0.37,4.74,7.56,14.05
2013-05-09,7.93,7.91,7.97,7.67,55841,43780000,0.04,0.51,3.81,8.18
2013-05-10,7.86,7.84,7.93,7.73,32960,25770000,-0.07,-0.89,2.53,4.83
2013-05-13,7.86,8.11,8.23,7.83,46140,37260000,0.27,3.44,5.10,6.76
2013-05-14,8.11,7.80,8.11,7.75,33988,26850000,-0.31,-3.82,4.44,4.98
2013-05-15,7.80,8.02,8.02,7.76,25843,20460000,0.22,2.82,3.33,3.78
2013-05-16,8.01,7.83,8.16,7.69,48238,38380000,-0.19,-2.37,5.86,7.06
2013-05-17,7.80,8.00,8.07,7.72,33434,26500000,0.17,2.17,4.47,4.90
2013-05-20,8.04,8.28,8.33,8.00,44902,36770000,0.28,3.50,4.13,6.58
2013-05-21,8.24,8.50,8.54,8.15,44889,37680000,0.22,2.66,4.71,6.57
2013-05-22,8.40,8.18,8.40,8.11,55015,45380000,-0.32,-3.76,3.41,8.06
2013-05-23,8.12,8.17,8.40,8.08,37018,30440000,-0.01,-0.12,3.91,5.42
2013-05-24,8.17,8.57,8.77,8.17,68602,58580000,0.40,4.90,7.34,10.05
2013-05-27,8.58,8.66,8.78,8.52,49080,42480000,0.09,1.05,3.03,7.19
2013-05-28,8.65,8.40,8.69,8.33,35159,29690000,-0.26,-3.00,4.16,5.15
2013-05-29,8.36,8.48,8.55,8.35,27385,23140000,0.08,0.95,2.38,4.01
2013-05-30,8.43,8.39,8.51,8.28,29329,24600000,-0.09,-1.06,2.71,4.30
2013-05-31,8.38,8.67,9.02,8.31,65681,56920000,0.28,3.34,8.46,9.62
2013-06-03,8.62,8.45,8.86,8.43,49087,42330000,-0.22,-2.54,4.96,7.19
2013-06-04,8.38,8.06,8.44,7.90,45746,37280000,-0.39,-4.62,6.39,6.70
2013-06-05,8.02,8.10,8.15,8.00,17890,14450000,0.04,0.50,1.86,2.62
2013-06-06,8.05,7.79,8.05,7.79,20202,15980000,-0.31,-3.83,3.21,2.96
2013-06-07,7.84,7.70,7.89,7.65,18142,14070000,-0.09,-1.16,3.08,2.66
2013-06-13,7.60,7.50,7.63,7.31,19876,14820000,-0.20,-2.60,4.16,2.91
2013-06-14,7.52,7.75,7.77,7.46,18530,14200000,0.25,3.33,4.13,2.71
2013-06-17,7.77,7.77,7.92,7.72,18336,14350000,0.02,0.26,2.58,2.69
2013-06-18,7.80,7.74,7.83,7.55,19379,14900000,-0.03,-0.39,3.60,2.84
2013-06-19,7.74,7.78,7.78,7.60,15438,11870000,0.04,0.52,2.33,2.26
2013-06-20,7.73,7.60,7.93,7.58,21100,16440000,-0.18,-2.31,4.50,3.09
2013-06-21,7.50,7.50,7.54,7.25,21196,15700000,-0.10,-1.32,3.82,3.10
2013-06-24,7.52,7.03,7.52,7.01,20343,14720000,-0.47,-6.27,6.80,2.98
2013-06-25,6.94,7.03,7.08,6.50,20826,14310000,0.00,0.00,8.25,3.05
2013-06-26,7.04,7.24,7.27,6.96,16615,11860000,0.21,2.99,4.41,2.43
2013-06-27,7.25,7.24,7.46,7.11,21217,15490000,0.00,0.00,4.83,3.11
2013-06-28,7.14,7.14,7.35,7.05,10783,7740000,-0.10,-1.38,4.14,1.58
2013-07-01,7.09,7.35,7.36,7.05,13207,9570000,0.21,2.94,4.34,1.93
2013-07-02,7.29,7.81,7.85,7.29,44099,33660000,0.46,6.26,7.62,6.46
2013-07-03,7.68,7.90,7.96,7.61,29131,22660000,0.09,1.15,4.48,4.27
2013-07-04,7.76,7.86,7.92,7.66,28152,21980000,-0.04,-0.51,3.29,4.12
2013-07-05,7.77,7.74,8.08,7.74,21337,16920000,-0.12,-1.53,4.33,3.12
2013-07-08,7.53,7.30,7.60,7.26,16346,12160000,-0.44,-5.68,4.39,2.39
2013-07-09,7.30,7.57,7.57,7.30,13044,9710000,0.27,3.70,3.70,1.91
2013-07-10,7.55,7.78,7.87,7.48,15544,12010000,0.21,2.77,5.15,2.28
2013-07-11,7.78,7.93,8.00,7.70,20375,16070000,0.15,1.93,3.86,2.98
2013-07-12,7.87,8.20,8.72,7.87,55582,46820000,0.27,3.40,10.72,8.14
2013-07-15,8.30,8.54,8.73,8.25,61953,52460000,0.34,4.15,5.85,9.07
2013-07-16,8.45,8.56,8.62,8.37,37803,32180000,0.02,0.23,2.93,5.54
2013-07-17,8.51,9.42,9.42,8.47,80651,73670000,0.86,10.05,11.10,11.81
2013-10-18,10.36,10.36,10.36,10.36,558,580000,0.94,9.98,0.00,0.08
2013-10-21,11.40,11.40,11.40,11.40,390,450000,1.04,10.04,0.00,0.06
2013-10-22,12.54,12.54,12.54,12.54,1396,1750000,1.14,10.00,0.00,0.20
2013-10-23,13.79,13.55,13.79,12.91,184618,248590000,1.01,8.05,7.02,27.04
2013-10-24,13.18,13.08,13.39,12.73,81454,106110000,-0.47,-3.47,4.87,11.93
2013-10-25,12.84,11.77,13.18,11.77,80301,99140000,-1.31,-10.02,10.78,11.76
2013-10-28,11.46,11.95,12.20,11.41,58064,68880000,0.18,1.53,6.71,8.50
2013-10-29,11.81,11.02,12.08,10.76,83392,93630000,-0.93,-7.78,11.05,12.21
2013-10-30,11.02,11.43,11.50,10.72,51895,57660000,0.41,3.72,7.08,7.60
2013-10-31,11.24,10.87,11.30,10.72,35102,38540000,-0.56,-4.90,5.07,5.14
2013-11-01,10.81,10.90,11.15,10.44,36281,39350000,0.03,0.28,6.53,5.31
2013-11-04,10.89,11.18,11.32,10.67,42877,47460000,0.28,2.57,5.96,6.28
2013-11-05,11.06,11.52,11.61,10.82,42427,47970000,0.34,3.04,7.07,6.21
2013-11-06,11.49,11.35,11.84,11.30,47086,54190000,-0.17,-1.48,4.69,6.90
2013-11-07,11.30,11.15,11.30,10.92,28270,31440000,-0.20,-1.76,3.35,4.14
2013-11-08,11.03,10.78,11.09,10.70,24233,26320000,-0.37,-3.32,3.50,3.55
2013-11-11,10.71,11.22,11.42,10.49,28043,31040000,0.44,4.08,8.63,4.11
2013-11-12,11.20,11.08,11.33,10.93,18873,20940000,-0.14,-1.25,3.57,2.76
2013-11-13,11.07,10.96,11.38,10.84,15017,16640000,-0.12,-1.08,4.87,2.20
2013-11-14,10.85,11.27,11.47,10.85,25385,28570000,0.31,2.83,5.66,3.72
2013-11-15,11.28,11.78,12.10,11.24,41821,49080000,0.51,4.53,7.63,6.12
2013-11-18,11.84,11.88,11.99,11.65,35465,41800000,0.10,0.85,2.89,5.19
2013-11-19,11.90,11.70,12.05,11.57,27862,32730000,-0.18,-1.52,4.04,4.08
2013-11-20,11.80,11.87,11.94,11.62,20650,24410000,0.17,1.45,2.74,3.02
2013-11-21,11.90,11.92,12.24,11.77,28701,34420000,0.05,0.42,3.96,4.20
2013-11-22,11.89,11.48,11.89,11.47,27637,32190000,-0.44,-3.69,3.52,4.05
2013-11-25,11.48,11.28,11.54,11.20,23144,26290000,-0.20,-1.74,2.96,3.39
2013-11-26,11.30,11.84,11.85,11.27,27125,31470000,0.56,4.96,5.14,3.97
2013-11-27,11.71,12.09,12.19,11.71,36957,44290000,0.25,2.11,4.05,5.41
2013-11-28,12.05,12.04,12.23,11.91,25975,31260000,-0.05,-0.41,2.65,3.80
2013-11-29,12.07,13.24,13.24,12.00,64553,82540000,1.20,9.97,10.30,9.45
2013-12-02,12.10,11.92,12.60,11.92,57733,70250000,-1.32,-9.97,5.14,8.45
2013-12-03,11.31,12.21,12.30,10.82,55412,64200000,0.29,2.43,12.42,8.11
2013-12-04,11.95,11.92,12.88,11.92,46002,56720000,-0.29,-2.38,7.86,6.74
2013-12-05,11.84,11.55,12.08,11.35,26492,30880000,-0.37,-3.10,6.12,3.88
2013-12-06,11.55,11.58,11.69,11.38,12433,14350000,0.03,0.26,2.68,1.82
2013-12-09,11.70,11.79,11.82,11.57,11953,14010000,0.21,1.81,2.16,1.75
2013-12-10,11.80,11.24,11.82,11.15,23421,26650000,-0.55,-4.67,5.68,3.43
2013-12-11,11.27,11.21,11.41,11.07,10671,11990000,-0.03,-0.27,3.02,1.56
2013-12-12,11.10,11.38,11.43,11.10,11499,13020000,0.17,1.52,2.94,1.68
2013-12-13,11.36,11.47,11.55,11.31,10103,11600000,0.09,0.79,2.11,1.48
2013-12-16,11.59,11.40,11.59,11.22,7553,8650000,-0.07,-0.61,3.23,1.11
2013-12-17,11.46,11.48,11.48,11.16,6689,7570000,0.08,0.70,2.81,0.98
2013-12-18,11.36,11.54,11.62,11.36,8906,10240000,0.06,0.52,2.26,1.30
2013-12-19,11.54,11.82,12.08,11.44,19172,22680000,0.28,2.43,5.55,2.81
2013-12-20,11.80,11.63,11.81,11.44,10327,12020000,-0.19,-1.61,3.13,1.51
2013-12-23,11.60,11.19,11.60,10.98,9595,10750000,-0.44,-3.78,5.33,1.41
2013-12-24,11.16,11.51,11.55,11.13,11137,12710000,0.32,2.86,3.75,1.63
2013-12-25,11.63,12.05,12.05,11.55,23643,28140000,0.54,4.69,4.34,3.46
2013-12-26,12.05,11.99,12.31,11.88,21798,26170000,-0.06,-0.50,3.57,3.19
2013-12-27,11.98,12.70,13.19,11.90,44785,56680000,0.71,5.92,10.76,6.56
2013-12-30,12.86,13.22,13.22,12.55,38470,49700000,0.52,4.09,5.28,5.63
2013-12-31,13.15,12.71,13.19,12.70,26049,33510000,-0.51,-3.86,3.71,3.81
2014-01-02,12.73,13.15,13.44,12.67,26583,34880000,0.44,3.46,6.06,3.89
2014-01-03,13.10,13.29,13.51,12.86,30036,39470000,0.14,1.06,4.94,4.40
2014-01-06,13.20,12.76,13.26,12.55,19027,24440000,-0.53,-3.99,5.34,2.79
2014-01-07,12.60,13.00,13.09,12.40,26922,34630000,0.24,1.88,5.41,3.94
2014-01-08,13.18,13.37,13.46,12.93,22061,29280000,0.37,2.85,4.08,3.23
2014-01-09,13.26,12.72,13.46,12.45,27046,35600000,-0.65,-4.86,7.55,3.96
2014-01-10,12.74,12.31,12.88,12.31,15457,19460000,-0.41,-3.22,4.48,2.26
2014-01-13,12.62,12.18,12.88,12.18,11106,13890000,-0.13,-1.06,5.69,1.63
2014-01-14,12.65,13.40,13.40,12.65,68510,91100000,1.22,10.02,6.16,10.03
2014-01-15,13.43,14.69,14.73,13.30,104910,146640000,1.29,9.63,10.67,15.36
2014-01-16,14.13,14.26,14.63,14.00,59797,85150000,-0.43,-2.93,4.29,8.76
2014-01-17,14.30,14.59,15.00,14.06,56235,82410000,0.33,2.31,6.59,8.24
2014-01-20,14.54,14.15,14.54,13.70,35262,49630000,-0.44,-3.02,5.76,5.16
2014-01-21,13.95,14.49,14.50,13.82,32128,45700000,0.34,2.40,4.81,4.71
2014-01-22,14.60,14.70,15.30,14.27,41113,60620000,0.21,1.45,7.11,6.02
2014-01-23,14.51,14.73,15.18,14.51,32737,48890000,0.03,0.20,4.56,4.79
2014-01-24,14.71,15.40,15.90,14.70,45750,70910000,0.67,4.55,8.15,6.70
2014-01-27,15.30,15.30,15.80,15.15,31557,48610000,-0.10,-0.65,4.22,4.62
2014-01-28,15.22,14.74,15.39,14.20,32144,47220000,-0.56,-3.66,7.78,4.71
2014-01-29,14.50,14.59,14.78,14.18,27275,39300000,-0.15,-1.02,4.07,3.99
2014-01-30,14.40,14.37,14.72,14.30,12393,17980000,-0.22,-1.51,2.88,1.81
2014-02-07,14.26,14.93,14.98,14.25,19559,28790000,0.56,3.90,5.08,2.86
2014-02-10,15.00,15.23,15.42,15.00,23157,35190000,0.30,2.01,2.81,3.39
2014-02-11,15.18,14.48,15.30,14.45,37153,54740000,-0.75,-4.92,5.58,5.44
2014-02-12,14.49,14.95,14.98,14.39,25543,37470000,0.47,3.25,4.07,3.74
2014-02-13,14.87,14.19,14.88,14.16,24306,35290000,-0.76,-5.08,4.82,3.56
2014-02-14,14.28,14.25,14.33,14.01,33415,47310000,0.06,0.42,2.26,4.89
2014-02-17,14.25,15.15,15.16,14.25,38887,57620000,0.90,6.32,6.39,5.69
2014-02-18,15.40,14.91,15.40,14.85,26177,39250000,-0.24,-1.58,3.63,3.83
2014-02-19,14.91,15.70,15.77,14.80,48722,74420000,0.79,5.30,6.51,7.14
2014-02-20,15.50,16.17,16.48,15.33,58740,93580000,0.47,2.99,7.32,8.60
2014-02-21,15.80,15.79,16.10,15.35,28012,44080000,-0.38,-2.35,4.64,4.10
2014-02-24,15.95,16.75,16.88,15.70,32756,53650000,0.96,6.08,7.47,3.27
2014-02-25,17.00,15.09,17.49,15.08,54479,88540000,-1.66,-9.91,14.39,5.45
2014-02-26,14.64,15.00,15.00,14.26,30188,44150000,-0.09,-0.60,4.90,3.02
2014-02-27,14.77,13.92,15.17,13.80,33112,48080000,-1.08,-7.20,9.13,3.31
2014-02-28,13.95,14.80,14.87,13.51,22065,31180000,0.88,6.32,9.77,2.21
2014-03-03,14.59,15.00,15.11,14.52,15633,23220000,0.20,1.35,3.99,1.56
2014-03-04,14.96,14.72,14.96,14.39,11414,16750000,-0.28,-1.87,3.80,1.14
2014-03-05,14.72,15.03,15.05,14.57,15320,22760000,0.31,2.11,3.26,1.53
2014-03-06,15.31,15.90,16.52,15.29,44744,71290000,0.87,5.79,8.18,4.47
2014-03-07,15.70,16.31,16.40,15.40,31302,49830000,0.41,2.58,6.29,3.13
2014-03-10,16.61,15.25,16.70,15.18,19336,30680000,-1.06,-6.50,9.32,1.93
2014-03-11,15.00,14.73,15.20,14.28,16158,23850000,-0.52,-3.41,6.03,1.62
2014-03-12,14.57,14.14,14.85,13.87,24334,34460000,-0.59,-4.01,6.65,2.43
2014-03-13,15.55,15.55,15.55,15.55,7659,11910000,1.41,9.97,0.00,0.77
2014-03-14,16.54,17.11,17.11,16.20,132360,224620000,1.56,10.03,5.85,13.23
2014-03-17,16.43,17.55,17.58,16.28,81352,137570000,0.44,2.57,7.60,8.13
2014-03-18,17.75,17.01,17.86,16.88,69097,119010000,-0.54,-3.08,5.58,6.91
2014-03-19,17.00,16.50,17.00,16.34,47749,79260000,-0.51,-3.00,3.88,4.77
2014-03-20,16.51,16.13,16.88,16.10,48181,79880000,-0.37,-2.24,4.73,4.82
2014-03-21,15.80,15.86,16.09,14.80,37632,58560000,-0.27,-1.67,8.00,3.76
2014-03-24,15.72,15.55,16.21,15.46,25165,39970000,-0.31,-1.95,4.73,2.52
2014-03-25,15.31,17.11,17.11,15.00,67763,113060000,1.56,10.03,13.57,6.77
2014-03-26,17.35,17.18,18.00,16.84,61973,107840000,0.07,0.41,6.78,6.19
2014-03-27,17.75,18.90,18.90,17.70,128179,238550000,1.72,10.01,6.98,12.81
2014-03-28,18.90,18.37,19.30,17.80,81225,151580000,-0.53,-2.80,7.94,8.12
2014-03-31,18.02,17.45,18.35,16.53,58688,100550000,-0.92,-5.01,9.91,5.87
2014-04-01,17.33,18.91,19.19,17.02,66612,122180000,1.46,8.37,12.44,6.66
2014-04-02,18.53,19.15,19.25,17.68,53525,99360000,0.24,1.27,8.30,5.35
2014-04-03,18.91,20.56,21.07,18.70,108335,222210000,1.41,7.36,12.38,10.83
2014-04-04,20.19,20.83,20.96,19.92,67577,138280000,0.27,1.31,5.06,6.75
2014-04-08,20.75,22.91,22.91,20.31,77516,166970000,2.08,9.99,12.48,7.75
2014-04-09,23.17,24.60,24.95,22.79,102364,244050000,1.69,7.38,9.43,10.23
2014-04-10,24.58,23.03,24.58,22.88,91691,217970000,-1.57,-6.38,6.91,9.16
2014-04-11,22.89,22.07,22.89,21.78,87257,194390000,-0.96,-4.17,4.82,8.72
2014-04-14,14.90,14.86,15.45,14.40,118455,177300000,0.15,1.02,7.14,7.89
2014-04-15,14.40,14.70,14.79,13.83,110079,157380000,-0.16,-1.08,6.46,7.34
2014-04-16,14.33,14.34,14.54,14.01,65996,94250000,-0.36,-2.45,3.61,4.40
2014-04-17,14.50,14.87,15.76,14.22,144436,218370000,0.53,3.70,10.74,9.62
2014-04-18,14.40,14.17,14.59,13.90,99454,141580000,-0.70,-4.71,4.64,6.63
2014-04-21,13.92,13.76,14.45,13.72,63359,88810000,-0.41,-2.89,5.15,4.22
2014-04-22,13.61,12.59,13.65,12.38,125511,161260000,-1.17,-8.50,9.23,8.36
2014-04-23,12.48,12.35,12.79,12.23,50981,63810000,-0.24,-1.91,4.45,3.40
2014-04-24,12.35,12.77,13.16,11.96,80313,100660000,0.42,3.40,9.72,5.35
2014-04-25,12.50,12.70,13.10,12.31,56360,71460000,-0.07,-0.55,6.19,3.76
2014-04-28,12.26,11.44,12.48,11.43,65511,77170000,-1.26,-9.92,8.27,4.37
2014-04-29,11.58,11.74,11.80,11.37,43103,50110000,0.30,2.62,3.76,2.87
2014-04-30,11.81,11.90,12.13,11.67,39354,46990000,0.16,1.36,3.92,2.62
2014-05-05,11.84,12.49,12.53,11.58,45542,55060000,0.59,4.96,7.98,3.03
2014-05-06,12.50,13.00,13.45,12.36,73397,95050000,0.51,4.08,8.73,4.89
2014-05-07,12.86,12.25,12.93,12.23,50760,63790000,-0.75,-5.77,5.38,3.38
2014-05-08,12.01,12.13,12.56,12.01,32229,39700000,-0.12,-0.98,4.49,2.15
2014-05-09,12.02,11.82,12.19,11.52,52429,61600000,-0.31,-2.56,5.52,3.49
2014-05-12,11.84,12.26,12.31,11.52,42600,50690000,0.44,3.72,6.68,2.84
2014-05-13,12.25,12.10,12.41,12.04,26566,32380000,-0.16,-1.31,3.02,1.77
2014-05-14,12.05,12.12,12.24,11.81,22972,27610000,0.02,0.17,3.55,1.53
2014-05-15,12.03,11.45,12.18,11.45,28603,33740000,-0.67,-5.53,6.02,1.91
2014-05-16,11.44,11.10,11.54,10.95,26220,29260000,-0.35,-3.06,5.15,1.75
2014-05-19,11.00,11.17,11.23,10.91,21142,23390000,0.07,0.63,2.88,1.41
2014-05-20,11.38,11.32,11.76,11.32,34994,40350000,0.15,1.34,3.94,2.33
2014-05-21,11.30,11.44,11.45,11.12,23413,26420000,0.12,1.06,2.92,1.56
2014-05-22,11.44,11.46,11.75,11.31,29668,34380000,0.02,0.17,3.85,1.98
2014-05-23,11.42,11.84,11.84,11.28,33824,39140000,0.38,3.32,4.89,2.25
2014-05-26,11.93,12.29,12.38,11.84,50941,62100000,0.45,3.80,4.56,3.39
2014-05-27,12.20,12.24,12.45,12.01,27905,34130000,-0.05,-0.41,3.58,1.86
2014-05-28,12.24,12.76,12.91,12.11,59258,74760000,0.52,4.25,6.54,3.95
2014-05-29,12.73,12.44,12.80,12.10,46592,58020000,-0.32,-2.51,5.49,3.10
2014-05-30,12.40,12.38,12.50,12.10,24410,30060000,-0.06,-0.48,3.22,1.63
2014-06-03,12.38,12.27,12.43,12.20,16519,20350000,-0.11,-0.89,1.86,1.10
2014-06-04,12.27,12.46,12.60,12.17,26768,33210000,0.19,1.55,3.50,1.78
2014-06-05,12.40,12.70,12.78,12.30,33625,42500000,0.24,1.93,3.85,2.24
2014-06-06,12.80,12.91,13.10,12.63,44210,57190000,0.21,1.65,3.70,2.95
2014-06-09,12.81,12.40,12.85,12.33,30554,38500000,-0.51,-3.95,4.03,2.04
2014-06-10,12.35,12.75,12.78,12.27,24946,31440000,0.35,2.82,4.11,1.66
2014-06-11,12.72,12.78,12.90,12.60,28632,36520000,0.03,0.24,2.35,1.91
2014-06-12,12.79,12.67,12.85,12.60,20809,26420000,-0.11,-0.86,1.96,1.39
2014-06-13,12.62,13.26,13.36,12.62,59533,78170000,0.59,4.66,5.84,3.97
2014-06-16,13.44,13.92,14.37,13.38,83795,116410000,0.66,4.98,7.47,5.58
2014-06-17,13.90,14.24,14.48,13.55,79749,112300000,0.32,2.30,6.68,5.31
2014-06-26,14.64,14.27,14.64,13.82,66996,95520000,0.03,0.21,5.76,4.46
2014-06-27,14.15,14.04,14.15,13.77,48769,68010000,-0.23,-1.61,2.66,3.25
2014-06-30,13.93,14.01,14.16,13.71,36936,51430000,-0.03,-0.21,3.21,2.46
2014-07-01,14.30,13.80,14.45,13.70,48926,68600000,-0.21,-1.50,5.35,3.26
2014-07-02,13.71,13.83,13.85,13.41,36533,49880000,0.03,0.22,3.19,2.43
2014-07-03,13.98,14.42,14.89,13.88,85789,123580000,0.59,4.27,7.30,5.72
2014-07-04,14.27,14.25,14.45,13.92,44078,62470000,-0.17,-1.18,3.68,2.94
2014-07-07,14.35,13.93,14.37,13.80,37438,52490000,-0.32,-2.25,4.00,2.49
2014-07-08,13.81,13.96,14.05,13.56,34807,48080000,0.03,0.22,3.52,2.32
2014-07-09,13.85,13.53,14.00,13.52,30053,41300000,-0.43,-3.08,3.44,2.00
2014-07-10,13.54,12.97,13.57,12.95,42794,56580000,-0.56,-4.14,4.58,2.85
2014-07-11,12.89,13.24,13.28,12.85,20933,27470000,0.27,2.08,3.32,1.39
2014-07-14,13.18,13.54,13.70,13.13,32664,43930000,0.30,2.27,4.31,2.18
2014-07-15,13.54,13.40,13.73,13.34,20823,28070000,-0.14,-1.03,2.88,1.39
2014-07-16,13.41,13.28,13.69,12.93,25083,33130000,-0.12,-0.90,5.67,1.67
2014-07-17,13.10,13.08,13.20,12.89,15962,20790000,-0.20,-1.51,2.33,1.06
2014-07-18,12.98,13.00,13.20,12.87,15461,20160000,-0.08,-0.61,2.52,1.03
2014-07-21,12.95,12.65,12.96,12.41,18427,23270000,-0.35,-2.69,4.23,1.23
2014-07-22,12.65,13.00,13.00,12.50,12924,16590000,0.35,2.77,3.95,0.86
2014-07-23,13.03,12.46,13.04,12.44,17158,21720000,-0.54,-4.15,4.62,1.14
2014-07-24,12.48,12.80,12.88,12.00,21686,26960000,0.34,2.73,7.06,1.45
2014-07-25,12.77,12.98,13.06,12.68,17069,22050000,0.18,1.41,2.97,1.14
2014-07-28,13.00,13.03,13.11,12.85,14284,18580000,0.05,0.39,2.00,0.95
2014-07-29,13.03,13.43,13.50,13.00,34783,46440000,0.40,3.07,3.84,2.32
2014-07-30,13.40,13.30,13.48,13.10,19740,26310000,-0.13,-0.97,2.83,1.32
2014-07-31,13.26,13.30,13.42,13.18,15703,20860000,0.00,0.00,1.80,1.05
2014-08-01,13.30,13.39,13.53,13.21,21287,28400000,0.09,0.68,2.41,1.42
2014-08-04,13.40,13.33,13.44,13.30,11213,14970000,-0.06,-0.45,1.05,0.75
2014-08-05,13.37,13.58,13.59,13.15,23104,30980000,0.25,1.88,3.30,1.54
2014-08-06,13.60,13.50,13.74,13.48,18191,24750000,-0.08,-0.59,1.91,1.21
2014-08-07,13.50,13.35,13.66,13.35,14585,19720000,-0.15,-1.11,2.30,0.97
2014-08-08,13.35,13.70,13.98,13.35,65426,90070000,0.35,2.62,4.72,4.36
2014-08-11,13.75,13.81,14.05,13.73,39095,54090000,0.11,0.80,2.34,2.61
2014-08-12,13.90,14.68,14.79,13.68,86427,123360000,0.87,6.30,8.04,5.76
2014-08-13,14.50,15.49,15.69,14.39,123304,187680000,0.81,5.52,8.86,8.22
2014-08-14,15.56,15.78,16.58,15.28,104434,167260000,0.29,1.87,8.39,6.96
2014-08-15,15.75,15.41,16.40,15.31,79862,125200000,-0.37,-2.34,6.91,5.32
2014-08-18,15.39,15.73,15.75,14.83,77598,118270000,0.32,2.08,5.97,5.17
2014-08-19,15.58,15.66,16.26,15.50,70634,111930000,-0.07,-0.45,4.83,4.71
2014-08-20,15.50,15.30,15.56,15.16,48072,73670000,-0.36,-2.30,2.55,3.20
2014-08-21,15.52,15.29,15.52,14.91,31593,47940000,-0.01,-0.07,3.99,2.11
2014-08-22,15.10,15.73,15.94,15.10,49831,77680000,0.44,2.88,5.49,3.32
2014-08-25,15.59,15.14,15.88,15.10,45461,69760000,-0.59,-3.75,4.96,3.03
2014-08-26,15.14,14.68,15.35,14.59,42437,63630000,-0.46,-3.04,5.02,2.83
2014-08-27,14.71,14.83,14.98,14.65,21460,31800000,0.15,1.02,2.25,1.43
2014-08-28,14.81,14.89,14.95,14.63,16285,24080000,0.06,0.40,2.16,1.09
2014-08-29,14.92,15.50,15.52,14.74,31184,47490000,0.61,4.10,5.24,2.08
2014-09-01,15.40,15.74,15.87,15.32,36101,56350000,0.24,1.55,3.55,2.41
2014-09-02,15.64,15.70,15.75,15.42,49679,77620000,-0.04,-0.25,2.10,3.31
2014-09-03,15.68,15.50,15.81,15.21,75959,118330000,-0.20,-1.27,3.82,5.06
2014-09-04,15.28,16.30,16.30,15.25,91223,144140000,0.80,5.16,6.77,6.08
2014-09-05,16.10,16.03,16.30,15.88,54737,87990000,-0.27,-1.66,2.58,3.65
2014-09-09,16.10,16.55,16.83,15.92,62249,102380000,0.52,3.24,5.68,4.15
2014-09-10,16.51,17.03,17.08,16.30,54644,91220000,0.48,2.90,4.71,3.64
2014-09-11,17.00,16.66,17.38,16.51,49117,83030000,-0.37,-2.17,5.11,3.27
2014-09-12,16.69,16.84,16.87,16.29,38019,62980000,0.18,1.08,3.48,2.53
2014-09-15,16.78,16.59,16.86,16.44,36524,60650000,-0.25,-1.48,2.49,2.43
2014-09-16,16.50,15.53,16.63,15.50,52667,84720000,-1.06,-6.39,6.81,3.51
2014-09-17,15.60,15.79,15.82,15.40,36660,57400000,0.26,1.67,2.70,2.44
2014-09-18,15.56,15.63,15.81,15.48,22642,35460000,-0.16,-1.01,2.09,1.51
2014-09-19,15.60,15.85,15.85,15.50,30459,47800000,0.22,1.41,2.24,2.03
2014-09-22,15.82,15.34,15.82,15.20,28408,43870000,-0.51,-3.22,3.91,1.89
2014-09-23,15.26,15.60,15.62,15.22,19838,30690000,0.26,1.69,2.61,1.32
2014-09-24,15.55,15.95,16.00,15.41,39277,61910000,0.35,2.24,3.78,2.62
2014-09-25,15.93,15.90,16.29,15.86,41653,66790000,-0.05,-0.31,2.70,2.78
2014-09-26,15.88,15.72,15.90,15.60,41225,64790000,-0.18,-1.13,1.89,2.75
2014-09-29,15.70,16.30,16.30,15.70,51487,82460000,0.58,3.69,3.82,3.43
2014-09-30,16.20,16.70,16.82,16.20,53991,89640000,0.40,2.45,3.80,3.60
2014-10-08,16.60,16.88,16.98,16.60,37783,63620000,0.18,1.08,2.28,2.52
2014-10-09,16.90,16.85,16.97,16.49,60766,101620000,-0.03,-0.18,2.84,4.05
2014-10-10,16.72,16.77,17.24,16.68,50165,84910000,-0.08,-0.47,3.32,3.34
2014-10-13,16.75,16.79,17.00,16.10,37725,62410000,0.02,0.12,5.37,2.51
2014-10-14,16.05,16.28,16.78,16.05,52107,85060000,-0.51,-3.04,4.35,3.47
2014-10-15,16.25,16.42,16.56,16.11,32515,53220000,0.14,0.86,2.76,2.17
2014-10-16,16.30,16.06,16.52,15.90,43301,70580000,-0.36,-2.19,3.78,2.89
2014-10-17,16.15,15.70,16.25,15.51,37398,59170000,-0.36,-2.24,4.61,2.49
2014-10-20,15.78,15.90,15.99,15.70,15643,24830000,0.20,1.27,1.85,1.04
2014-10-21,15.99,15.53,16.02,15.50,23879,37410000,-0.37,-2.33,3.27,1.59
2014-10-22,15.46,15.61,15.77,15.38,28917,44970000,0.08,0.52,2.51,1.93
2014-10-23,15.60,14.70,15.60,14.60,41118,62010000,-0.91,-5.83,6.41,2.74
2014-10-24,14.81,14.58,14.95,14.53,23245,34240000,-0.12,-0.82,2.86,1.55
2014-10-27,14.57,14.83,14.88,14.11,20383,29820000,0.25,1.71,5.28,1.36
2014-10-28,14.85,15.18,15.27,14.79,41000,61630000,0.35,2.36,3.24,2.73
2014-10-29,15.17,15.32,15.40,15.17,31709,48540000,0.14,0.92,1.52,2.11
2014-10-30,15.32,15.29,15.58,15.25,26306,40560000,-0.03,-0.20,2.15,1.75
2014-10-31,15.28,15.03,15.43,14.75,40064,60020000,-0.26,-1.70,4.45,2.67
2014-11-05,15.59,15.31,15.60,15.08,31874,48740000,0.28,1.86,3.46,2.12
2014-11-06,15.03,15.19,15.31,14.92,23487,35350000,-0.12,-0.78,2.55,1.57
2014-11-07,15.19,14.87,15.50,14.80,24712,37370000,-0.32,-2.11,4.61,1.65
2014-11-10,14.92,14.73,15.07,14.68,17394,25740000,-0.14,-0.94,2.62,1.16
2014-11-11,14.69,14.10,14.85,13.93,32971,46990000,-0.63,-4.28,6.25,2.20
2014-11-12,14.15,14.31,14.33,14.02,16278,23060000,0.21,1.49,2.20,1.08
2014-11-13,14.22,13.68,14.25,13.60,23963,33090000,-0.63,-4.40,4.54,1.60
2014-11-14,13.73,13.43,13.73,13.28,17254,23190000,-0.25,-1.83,3.29,1.15
2014-11-17,13.43,13.86,13.95,13.43,20175,27840000,0.43,3.20,3.87,1.34
2014-11-18,13.86,13.99,14.20,13.76,13834,19400000,0.13,0.94,3.17,0.92
2014-11-19,14.05,14.18,14.28,13.80,22155,31190000,0.19,1.36,3.43,1.48
2014-11-20,14.15,13.95,14.15,13.87,16664,23240000,-0.23,-1.62,1.97,1.11
2014-11-21,13.91,14.24,14.47,13.88,25105,35790000,0.29,2.08,4.23,1.67
2014-11-24,14.33,14.17,14.36,14.10,20000,28410000,-0.07,-0.49,1.83,1.33
2014-11-25,14.20,14.37,14.45,14.17,24668,35440000,0.20,1.41,1.98,1.64
2014-11-26,14.38,14.48,14.68,14.35,23286,33780000,0.11,0.77,2.30,1.55
2014-11-27,14.50,14.34,14.55,14.26,33793,48580000,-0.14,-0.97,2.00,2.25
2014-11-28,14.32,14.75,14.97,14.26,61408,90040000,0.41,2.86,4.95,4.09
2014-12-01,14.60,14.48,14.75,14.30,28841,41700000,-0.27,-1.83,3.05,1.92
2014-12-02,14.50,14.53,14.73,14.40,20882,30500000,0.05,0.35,2.28,1.39
2014-12-03,14.54,14.43,14.62,14.08,33213,47420000,-0.10,-0.69,3.72,2.21
2014-12-04,14.43,14.85,15.12,14.36,52085,77020000,0.42,2.91,5.27,3.47
2014-12-05,14.78,14.05,14.78,13.56,42565,60540000,-0.80,-5.39,8.22,2.84
2014-12-08,13.90,13.63,13.97,13.53,35481,48570000,-0.42,-2.99,3.13,2.36
2014-12-09,13.66,12.60,13.68,12.48,50669,65820000,-1.03,-7.56,8.80,3.38
2014-12-10,12.58,12.82,13.12,12.51,27608,35590000,0.22,1.75,4.84,1.84
2014-12-11,12.82,12.98,12.99,12.71,21940,28190000,0.16,1.25,2.18,1.46
2014-12-12,12.99,13.28,13.30,12.82,29606,38680000,0.30,2.31,3.70,1.97
2014-12-15,13.20,13.46,13.53,13.09,24300,32500000,0.18,1.36,3.31,1.62
2014-12-16,13.48,13.32,13.55,13.18,21296,28370000,-0.14,-1.04,2.75,1.42
2014-12-17,13.32,13.16,13.37,13.02,23884,31330000,-0.16,-1.20,2.63,1.59
2014-12-18,13.02,13.17,13.37,13.02,15003,19840000,0.01,0.08,2.66,1.00
2014-12-19,13.07,12.76,13.16,12.62,17911,22870000,-0.41,-3.11,4.10,1.19
2014-12-22,12.75,11.64,12.75,11.59,24535,29220000,-1.12,-8.78,9.09,1.63
2014-12-23,11.68,11.62,11.88,11.54,12888,15070000,-0.02,-0.17,2.92,0.86
2014-12-24,11.77,11.95,12.01,11.77,15324,18240000,0.33,2.84,2.07,1.02
2014-12-25,11.97,12.23,12.39,11.83,39390,47930000,0.28,2.34,4.69,2.62
2014-12-26,12.07,12.08,12.20,12.01,12961,15670000,-0.15,-1.23,1.55,0.86
2014-12-29,12.06,11.92,12.06,11.60,17616,20800000,-0.16,-1.32,3.81,1.17
2014-12-30,11.88,11.70,11.88,11.54,15358,17930000,-0.22,-1.85,2.85,1.02
2014-12-31,11.82,11.82,11.92,11.64,14973,17580000,0.12,1.03,2.39,1.00
2015-01-05,11.82,11.83,11.87,11.40,17414,20320000,0.01,0.08,3.98,1.16
2015-01-06,11.70,12.60,13.01,11.65,100312,125770000,0.77,6.51,11.50,6.68
2015-01-07,12.59,12.30,12.59,12.18,20735,25590000,-0.30,-2.38,3.25,1.38
2015-01-08,12.29,12.56,12.67,12.29,24112,30140000,0.26,2.11,3.09,1.61
2015-01-09,12.63,12.57,12.94,12.50,36502,46510000,0.01,0.08,3.50,2.43
2015-01-12,12.58,12.49,12.80,12.40,20271,25600000,-0.08,-0.64,3.18,1.35
2015-01-13,12.49,12.73,12.86,12.40,42678,54090000,0.24,1.92,3.68,2.84
2015-01-14,12.73,12.55,12.86,12.54,19174,24240000,-0.18,-1.41,2.51,1.28
2015-01-15,12.56,12.71,12.85,12.51,25543,32520000,0.16,1.27,2.71,1.70
2015-01-16,12.88,13.11,13.15,12.72,36303,47060000,0.40,3.15,3.38,2.42
2015-01-19,12.64,12.82,13.40,12.64,29834,38920000,-0.29,-2.21,5.80,1.99
2015-01-20,12.88,13.24,13.27,12.87,26127,34320000,0.42,3.28,3.12,1.74
2015-01-21,13.26,13.36,13.67,13.24,38779,52000000,0.12,0.91,3.25,2.58
2015-01-22,13.36,13.69,13.78,13.21,38587,52320000,0.33,2.47,4.27,2.57
2015-01-23,13.61,13.43,13.79,13.37,35738,48480000,-0.26,-1.90,3.07,2.38
2015-03-27,14.77,14.77,14.77,14.77,349,520000,1.34,9.98,0.00,0.02
2015-03-30,16.25,16.25,16.25,16.25,646,1050000,1.48,10.02,0.00,0.04
2015-03-31,17.88,17.88,17.88,17.88,4299,7690000,1.63,10.03,0.00,0.29
2015-04-01,19.67,19.67,19.67,19.67,9259,18210000,1.79,10.01,0.00,0.62
2015-04-02,21.64,21.64,21.64,21.64,4219,9130000,1.97,10.02,0.00,0.28
2015-04-03,23.80,23.80,23.80,23.80,9202,21900000,2.16,9.98,0.00,0.61
2015-04-07,26.18,26.18,26.18,26.18,9352,24480000,2.38,10.00,0.00,0.62
2015-04-08,28.69,27.75,28.80,27.33,418747,1186390000,1.57,6.00,5.62,27.90
2015-04-09,28.51,28.40,28.80,26.50,249202,703680000,0.65,2.34,8.29,16.61
2015-04-10,28.28,31.24,31.24,28.02,185780,555450000,2.84,10.00,11.34,12.38
2015-04-13,32.44,30.90,33.08,30.84,184108,590210000,-0.34,-1.09,7.17,12.27
2015-04-14,30.60,29.17,30.78,29.14,147289,439550000,-1.73,-5.60,5.31,9.81
2015-04-15,29.20,27.00,29.24,26.94,123083,343850000,-2.17,-7.44,7.88,8.20
2015-04-16,26.80,28.54,29.70,26.60,169225,485960000,1.54,5.70,11.48,11.28
2015-04-17,27.74,27.77,28.41,26.98,109057,301650000,-0.77,-2.70,5.01,7.27
2015-04-20,28.16,29.20,29.82,27.66,142811,409130000,1.43,5.15,7.78,9.52
2015-04-21,28.80,32.12,32.12,28.65,180926,561240000,2.92,10.00,11.88,12.06
2015-04-22,16.45,16.42,16.59,15.33,437864,697860000,0.36,2.24,7.85,14.59
2015-04-23,16.00,15.13,17.08,15.10,407587,647520000,-1.29,-7.86,12.06,13.58
2015-04-24,14.82,15.25,15.57,14.52,253378,382880000,0.12,0.79,6.94,8.44
2015-04-27,15.25,14.80,15.40,14.61,211868,317030000,-0.45,-2.95,5.18,7.06
2015-04-28,14.71,13.79,14.85,13.42,217008,305360000,-1.01,-6.82,9.66,7.23
2015-04-29,13.85,14.28,14.40,13.62,119633,169320000,0.49,3.55,5.66,3.99
2015-04-30,14.40,14.40,14.92,14.11,150856,219500000,0.12,0.84,5.67,5.03
2015-05-04,14.46,14.62,14.92,14.23,125362,183480000,0.22,1.53,4.79,4.18
2015-05-05,14.60,13.87,14.66,13.71,123933,175490000,-0.75,-5.13,6.50,4.13
2015-05-06,14.00,13.63,14.33,13.51,104089,146330000,-0.24,-1.73,5.91,3.47
2015-05-07,13.60,13.76,13.88,13.30,106195,144710000,0.13,0.95,4.26,3.54
2015-05-08,13.99,15.14,15.14,13.99,188166,277660000,1.38,10.03,8.36,6.27
2015-05-11,16.20,16.41,16.55,15.67,408389,663120000,1.27,8.39,5.81,13.61
2015-05-12,16.18,17.92,18.00,16.10,373342,639040000,1.51,9.20,11.58,12.44
2015-05-13,17.12,18.48,19.71,17.00,473739,883350000,0.56,3.13,15.12,15.78
2015-05-14,18.30,17.97,19.28,17.86,267097,493000000,-0.51,-2.76,7.68,8.90
2015-05-15,17.68,18.13,18.58,17.19,212771,380440000,0.16,0.89,7.74,7.09
2015-05-18,18.13,19.94,19.94,18.05,241885,470260000,1.81,9.98,10.42,8.06
2015-05-19,20.98,21.93,21.93,20.10,307513,652820000,1.99,9.98,9.18,10.25
2015-05-20,22.50,24.12,24.12,22.50,136167,321950000,2.19,9.99,7.39,4.54
2015-05-29,26.53,26.53,26.53,22.50,360764,934790000,2.41,9.99,16.71,12.02
2015-06-01,28.68,26.60,28.68,25.53,299019,801190000,0.07,0.26,11.87,9.96
2015-06-02,26.30,25.85,26.58,25.13,231469,595480000,-0.75,-2.82,5.45,7.71
2015-06-03,25.57,28.44,28.44,24.81,257501,684480000,2.59,10.02,14.04,8.58
2015-06-04,29.30,27.58,30.44,25.70,260664,736610000,-0.86,-3.02,16.67,8.68
2015-06-05,28.00,25.94,28.32,25.50,253897,671560000,-1.64,-5.95,10.22,8.46
2015-09-30,23.35,23.35,23.35,23.35,551,1290000,-2.59,-9.98,0.00,0.02
2015-10-08,21.02,21.02,21.02,21.02,1536,3230000,-2.33,-9.98,0.00,0.05
2015-10-09,18.92,18.92,18.92,18.92,1961,3710000,-2.10,-9.99,0.00,0.06
2015-10-12,17.03,17.54,17.96,17.03,620180,1079070000,-1.38,-7.29,4.92,19.12
2015-10-13,16.95,17.29,17.44,16.78,356208,606430000,-0.25,-1.43,3.76,10.98
2015-10-14,17.43,17.73,18.20,17.43,324624,579770000,0.44,2.54,4.45,10.01
2015-10-15,17.40,17.89,17.94,17.17,282226,497830000,0.16,0.90,4.34,8.70
2015-10-16,17.90,17.55,18.09,17.30,245133,432430000,-0.34,-1.90,4.42,7.56
2015-10-19,17.85,19.31,19.31,17.50,356333,650800000,1.76,10.03,10.31,10.99
2015-10-20,19.30,19.95,20.68,18.95,405906,801370000,0.64,3.31,8.96,12.51
2015-10-21,19.55,17.96,19.79,17.96,293816,551750000,-1.99,-9.97,9.17,9.06
2015-10-22,17.32,18.15,18.30,16.88,276052,488470000,0.19,1.06,7.91,8.51
2015-10-23,18.01,18.03,18.28,17.50,225043,402920000,-0.12,-0.66,4.30,6.94
2015-10-26,18.15,18.67,19.46,18.15,251000,470980000,0.64,3.55,7.27,7.74
2015-10-27,18.42,17.92,18.57,17.00,229359,405930000,-0.75,-4.02,8.41,7.07
2015-10-28,17.81,17.25,18.50,17.20,164216,293440000,-0.67,-3.74,7.25,5.06
2015-10-29,17.76,17.28,17.76,17.03,113557,196870000,0.03,0.17,4.23,3.50
2015-11-09,19.01,19.01,19.01,19.01,32128,61080000,1.73,10.01,0.00,0.99
2015-11-10,19.80,18.95,20.25,18.43,355004,684320000,-0.06,-0.32,9.57,10.94
2015-11-11,18.90,19.18,19.37,18.41,251253,472920000,0.23,1.21,5.07,7.75
2015-11-12,19.19,18.92,19.38,18.70,190368,360640000,-0.26,-1.36,3.55,5.87
2015-11-13,18.66,19.68,20.51,18.50,370731,728440000,0.76,4.02,10.62,11.43
2015-11-16,19.67,20.10,20.18,18.90,243220,473240000,0.42,2.13,6.50,7.50
2015-11-17,20.24,19.20,20.46,19.12,224640,443890000,-0.90,-4.48,6.67,6.93
2015-11-18,19.19,18.41,19.37,18.35,134120,254410000,-0.79,-4.11,5.31,4.13
2015-11-19,18.41,18.79,18.94,18.36,126613,235990000,0.38,2.06,3.15,3.90
2015-11-20,18.79,19.53,19.84,18.62,224296,433640000,0.74,3.94,6.49,6.91
2015-11-23,19.40,21.48,21.48,19.10,520169,1092680000,1.95,9.98,12.19,16.04
2015-11-24,21.52,21.40,21.75,20.40,368135,770250000,-0.08,-0.37,6.28,11.35
2015-11-25,21.11,22.25,22.50,21.11,405346,886690000,0.85,3.97,6.50,12.50
2015-11-26,22.20,21.30,22.22,21.30,256320,555590000,-0.95,-4.27,4.13,7.90
2015-11-27,21.20,19.17,21.20,19.17,234109,470150000,-2.13,-10.00,9.53,7.22
2015-11-30,18.88,18.72,19.28,17.32,175993,324520000,-0.45,-2.35,10.22,5.43
2015-12-01,18.71,18.64,19.04,18.31,113146,211750000,-0.08,-0.43,3.90,3.49
2015-12-02,18.57,17.85,18.82,17.00,111342,199760000,-0.79,-4.24,9.76,3.43
2015-12-03,17.89,18.49,18.65,17.89,84749,155410000,0.64,3.59,4.26,2.61
2015-12-04,18.58,18.53,18.80,18.42,106515,198110000,0.04,0.22,2.06,3.28
2015-12-07,19.08,19.09,19.65,18.91,117009,224650000,0.56,3.02,3.99,3.61
2015-12-08,19.10,20.05,20.36,18.73,203221,396630000,0.96,5.03,8.54,6.26
2015-12-09,19.84,19.37,20.12,19.30,138047,271210000,-0.68,-3.39,4.09,4.26
2015-12-10,19.34,18.50,19.36,18.50,120429,226930000,-0.87,-4.49,4.44,3.71
2015-12-11,18.49,17.86,18.49,17.82,88071,158620000,-0.64,-3.46,3.62,2.72
2015-12-14,17.60,18.37,18.45,17.39,58727,106070000,0.51,2.86,5.94,1.81
2015-12-15,18.30,18.58,18.78,18.30,62446,115800000,0.21,1.14,2.61,1.93
2015-12-16,18.59,18.53,18.75,18.43,71164,132390000,-0.05,-0.27,1.72,2.19
2015-12-17,18.69,19.11,19.30,18.65,109481,208270000,0.58,3.13,3.51,3.38
2015-12-18,19.35,18.85,19.75,18.70,111148,212640000,-0.26,-1.36,5.49,3.43
2015-12-21,18.50,18.69,18.76,18.43,72137,134110000,-0.16,-0.85,1.75,2.22
2015-12-22,18.71,18.95,18.95,18.63,72077,135570000,0.26,1.39,1.71,2.22
2015-12-23,18.97,18.45,19.06,18.44,80631,150620000,-0.50,-2.64,3.27,2.49
2015-12-24,18.43,18.04,18.55,17.73,68290,123010000,-0.41,-2.22,4.44,2.11
2015-12-25,18.09,18.29,18.50,18.05,56846,103840000,0.25,1.39,2.49,1.75
2015-12-28,18.29,17.68,18.49,17.68,73516,133210000,-0.61,-3.34,4.43,2.27
2015-12-29,17.68,17.87,17.88,17.45,54940,96880000,0.19,1.07,2.43,1.69
2015-12-30,17.81,18.53,18.74,17.81,94402,173890000,0.66,3.69,5.20,2.91
2015-12-31,18.58,17.68,18.62,17.68,70616,127710000,-0.85,-4.59,5.07,2.18
2016-01-04,17.60,15.91,17.80,15.91,60408,101960000,-1.77,-10.01,10.69,1.86
2016-01-05,14.50,14.76,15.90,14.32,104932,156190000,-1.15,-7.23,9.93,3.23
2016-01-06,15.00,15.34,15.50,14.91,71294,108600000,0.58,3.93,4.00,2.20
2016-01-07,15.16,13.82,15.16,13.81,15934,22610000,-1.52,-9.91,8.80,0.49
2016-01-08,14.14,13.74,14.40,12.88,66606,91960000,-0.08,-0.58,11.00,2.05
2016-01-11,13.74,12.37,13.74,12.37,67217,86400000,-1.37,-9.97,9.97,2.07
2016-01-12,12.37,12.46,12.68,11.92,58627,72380000,0.09,0.73,6.14,1.81
2016-01-13,12.65,11.38,12.66,11.32,84211,101550000,-1.08,-8.67,10.75,2.60
2016-01-14,10.90,11.92,12.12,10.59,91338,103900000,0.54,4.75,13.44,2.82
2016-01-15,11.73,11.23,11.93,11.00,80283,92440000,-0.69,-5.79,7.80,2.47
2016-01-18,11.02,11.80,12.06,11.00,110115,127540000,0.57,5.08,9.44,3.39
2016-01-19,11.96,12.98,12.98,11.80,149522,184310000,1.18,10.00,10.00,4.61
2016-01-20,12.76,12.65,13.10,12.50,128919,164500000,-0.33,-2.54,4.62,3.97
2016-01-21,12.28,11.77,12.87,11.70,96443,119420000,-0.88,-6.96,9.25,2.97
2016-01-22,12.00,12.34,12.44,11.48,84346,101590000,0.57,4.84,8.16,2.60
2016-01-25,12.57,12.44,12.79,12.24,72832,91090000,0.10,0.81,4.46,2.25
2016-01-26,12.19,11.20,12.29,11.20,83887,98110000,-1.24,-9.97,8.76,2.59
2016-01-27,11.08,10.97,11.27,10.20,80031,85500000,-0.23,-2.05,9.55,2.47
2016-01-28,10.80,10.06,10.88,10.00,59707,62800000,-0.91,-8.30,8.02,1.84
2016-01-29,10.07,10.68,10.90,10.07,71804,75580000,0.62,6.16,8.25,2.21
2016-02-01,10.70,10.56,10.80,10.30,62199,65530000,-0.12,-1.12,4.68,1.92
2016-02-02,10.61,11.22,11.43,10.57,91039,101170000,0.66,6.25,8.14,2.81
2016-02-03,11.00,11.23,11.34,10.75,73883,81490000,0.01,0.09,5.26,2.28
2016-02-04,11.16,11.57,11.70,11.16,92947,107100000,0.34,3.03,4.81,2.87
2016-02-05,11.64,11.30,11.85,11.25,66046,75780000,-0.27,-2.33,5.19,2.04
2016-02-15,10.71,11.25,11.52,10.65,52867,58360000,-0.05,-0.44,7.70,1.63
2016-02-16,11.28,12.00,12.30,11.28,96832,114630000,0.75,6.67,9.07,2.99
2016-02-17,11.90,12.26,12.26,11.69,114052,136660000,0.26,2.17,4.75,3.52
2016-02-18,12.40,11.98,12.40,11.97,94278,114430000,-0.28,-2.28,3.51,2.91
2016-02-19,11.89,12.66,12.99,11.89,177503,222440000,0.68,5.68,9.18,5.47
2016-02-22,12.78,13.20,13.29,12.50,185950,237800000,0.54,4.27,6.24,5.73
2016-02-23,13.00,12.73,13.10,12.52,134899,172310000,-0.47,-3.56,4.39,4.16
2016-02-24,12.60,12.67,12.84,12.21,101310,127330000,-0.06,-0.47,4.95,3.12
2016-02-25,12.60,11.40,12.60,11.40,110927,131750000,-1.27,-10.02,9.47,3.42
2016-02-26,11.50,11.18,11.65,10.88,80243,90460000,-0.22,-1.93,6.75,2.47
2016-02-29,11.12,10.08,11.12,10.06,79998,82320000,-1.10,-9.84,9.48,2.47
2016-03-01,10.15,10.45,10.56,9.96,68524,70520000,0.37,3.67,5.95,2.11
2016-03-02,10.43,11.01,11.03,10.29,86428,92320000,0.56,5.36,7.08,2.66
2016-03-03,11.02,11.03,11.34,10.90,78008,86880000,0.02,0.18,4.00,2.40
2016-09-12,12.13,12.13,12.13,12.13,1540,1870000,1.10,9.97,0.00,0.05
2016-09-13,13.34,13.34,13.34,13.34,3643,4860000,1.21,9.98,0.00,0.11
2016-09-14,14.67,14.67,14.67,14.67,10694,15690000,1.33,9.97,0.00,0.33
2016-09-19,16.14,16.14,16.14,15.83,150129,242220000,1.47,10.02,2.11,4.60
2016-09-20,16.60,17.09,17.60,16.03,521478,871660000,0.95,5.89,9.73,15.99
2016-09-21,16.70,18.20,18.80,16.35,546705,956560000,1.11,6.50,14.34,16.76
2016-09-28,17.13,17.50,18.60,17.05,370137,657860000,-0.70,-3.85,8.52,11.35
2016-09-29,17.58,16.84,17.58,16.64,263708,448120000,-0.66,-3.77,5.37,8.09
2016-09-30,16.88,16.40,17.16,16.32,186226,309760000,-0.44,-2.61,4.99,5.71
2016-10-10,16.58,18.04,18.04,16.48,250809,434690000,1.64,10.00,9.51,7.69
2016-10-11,18.61,19.82,19.84,18.50,572064,1111440000,1.78,9.87,7.43,17.54
2016-10-12,19.35,18.89,19.53,18.81,336915,644870000,-0.93,-4.69,3.63,10.33
2016-10-13,18.81,19.17,19.27,18.60,243145,460580000,0.28,1.48,3.55,7.46
2016-10-14,19.00,18.20,19.08,18.08,239548,439960000,-0.97,-5.06,5.22,7.35
2016-10-17,18.30,18.10,18.44,17.71,189865,343160000,-0.10,-0.55,4.01,5.82
2016-10-18,17.87,18.29,18.35,17.85,155556,281900000,0.19,1.05,2.76,4.77
2016-10-19,18.28,18.18,18.89,18.10,183214,339260000,-0.11,-0.60,4.32,5.62
2016-10-20,17.97,17.57,17.97,17.42,181046,319050000,-0.61,-3.36,3.03,5.55
2016-10-21,17.75,17.83,17.96,17.47,146388,259380000,0.26,1.48,2.79,4.46
2016-10-24,17.60,18.26,18.40,17.53,169056,303600000,0.43,2.41,4.88,5.15
2016-10-25,18.05,17.81,18.42,17.68,144571,259150000,-0.45,-2.46,4.05,4.14
2016-10-26,17.69,17.07,17.70,16.90,155029,267510000,-0.74,-4.16,4.49,4.44
2016-10-27,17.13,17.40,17.68,16.85,106624,184930000,0.33,1.93,4.86,3.06
2016-10-28,17.38,16.93,17.57,16.90,79003,135740000,-0.47,-2.70,3.85,2.26
2016-10-31,16.62,17.28,17.30,16.50,76291,129860000,0.35,2.07,4.73,2.19
2016-11-01,17.16,17.38,17.56,17.06,91409,158210000,0.10,0.58,2.89,2.62
2016-11-02,17.25,17.83,18.30,16.98,225471,401130000,0.45,2.59,7.59,6.46
2016-11-03,17.65,18.38,18.88,17.40,258362,474310000,0.55,3.08,8.30,7.41
2016-11-04,18.18,17.90,18.65,17.85,160657,292110000,-0.48,-2.61,4.35,4.61
2016-11-07,17.69,17.01,17.69,16.98,130967,225090000,-0.89,-4.97,3.97,3.75
2016-11-08,17.01,17.06,17.20,16.80,92002,156140000,0.05,0.29,2.35,2.64
2016-11-09,17.05,16.59,17.05,16.33,143335,238480000,-0.47,-2.76,4.22,4.11
2016-11-10,16.77,16.81,16.96,16.58,83470,139780000,0.22,1.33,2.29,2.39
2016-11-11,16.79,16.84,16.94,16.64,65171,109280000,0.03,0.18,1.78,1.87
2016-11-14,16.80,17.25,17.50,16.74,107012,184230000,0.41,2.43,4.51,3.07
2016-11-15,17.01,16.71,17.15,16.54,110335,184400000,-0.54,-3.13,3.54,3.16
2016-11-16,16.75,16.93,17.14,16.56,96363,162240000,0.22,1.32,3.47,2.67
2016-11-17,16.86,16.59,16.86,16.50,62967,104440000,-0.34,-2.01,2.13,1.75
2016-11-18,16.68,16.63,16.98,16.53,65481,109630000,0.04,0.24,2.71,1.82
2016-11-21,16.42,16.49,16.66,16.40,47024,77530000,-0.14,-0.84,1.56,1.30
2016-11-22,16.60,16.82,16.85,16.37,68178,113640000,0.33,2.00,2.91,1.89
2016-11-23,16.77,16.54,16.87,16.50,56546,94170000,-0.28,-1.66,2.20,1.57
2016-11-24,16.50,16.57,16.73,16.48,43530,72150000,0.03,0.18,1.51,1.21
2016-11-25,16.50,16.35,16.68,15.91,66147,107360000,-0.22,-1.33,4.65,1.83
2016-11-28,16.36,16.11,16.40,16.10,39134,63370000,-0.24,-1.47,1.83,1.08
2016-11-29,16.13,15.74,16.20,15.74,53290,85120000,-0.37,-2.30,2.86,1.48
2016-11-30,15.72,15.09,15.72,14.94,88304,134570000,-0.65,-4.13,4.96,2.45
2016-12-01,15.05,15.12,15.30,15.02,35267,53440000,0.03,0.20,1.86,0.98
2016-12-02,15.12,14.73,15.25,14.72,43895,65550000,-0.39,-2.58,3.51,1.22
2016-12-05,14.70,15.33,15.49,14.70,71534,108880000,0.60,4.07,5.36,1.98
2016-12-06,15.34,15.32,15.60,15.18,73498,112960000,-0.01,-0.07,2.74,2.04
2016-12-07,15.29,15.45,15.49,15.22,29499,45280000,0.13,0.85,1.76,0.82
2016-12-08,15.45,15.15,15.47,15.06,36369,55280000,-0.30,-1.94,2.65,1.01
2016-12-09,15.14,15.04,15.22,14.99,25258,38070000,-0.11,-0.73,1.52,0.70
2016-12-12,15.05,13.70,15.10,13.54,72155,103160000,-1.34,-8.91,10.37,2.00
2016-12-13,13.58,14.00,14.13,13.50,45576,63150000,0.30,2.19,4.60,1.26
2016-12-14,13.95,13.63,14.05,13.62,42073,58200000,-0.37,-2.64,3.07,1.17
2016-12-15,13.55,13.84,14.07,13.55,32194,44840000,0.21,1.54,3.82,0.89
2016-12-16,13.87,14.06,14.21,13.79,32216,45260000,0.22,1.59,3.03,0.89
2016-12-19,14.08,14.19,14.34,13.92,35446,50120000,0.13,0.92,2.99,0.98
2016-12-20,14.27,14.26,14.34,14.08,26185,37230000,0.07,0.49,1.83,0.73
2016-12-21,14.34,14.38,14.63,14.29,39950,57650000,0.12,0.84,2.38,1.11
2016-12-22,14.38,14.29,14.47,14.22,30276,43420000,-0.09,-0.63,1.74,0.84
2016-12-23,14.23,14.00,14.45,13.81,32019,45570000,-0.29,-2.03,4.48,0.89
2016-12-26,14.02,14.50,14.55,14.00,59834,85710000,0.50,3.57,3.93,1.66
2016-12-27,14.40,14.42,14.60,14.26,44817,64900000,-0.08,-0.55,2.34,1.24
2017-01-05,15.22,15.86,15.86,15.22,89584,139280000,1.44,9.99,4.44,2.48
2017-01-06,15.91,15.73,17.17,15.59,259777,425390000,-0.13,-0.82,9.96,7.20
2017-01-09,15.03,15.27,15.30,14.51,124579,186590000,-0.46,-2.92,5.02,3.45
2017-01-10,15.19,14.81,15.26,14.80,78905,117890000,-0.46,-3.01,3.01,2.19
2017-01-11,14.89,16.29,16.29,14.89,76877,122650000,1.48,9.99,9.45,2.13
2017-01-12,16.60,16.44,16.87,15.83,263176,431650000,0.15,0.92,6.38,7.29
2017-01-13,16.29,15.50,16.40,15.50,135658,217090000,-0.94,-5.72,5.47,3.76
2017-01-16,15.53,15.04,16.50,14.00,151233,234230000,-0.46,-2.97,16.13,4.19
2017-01-17,15.00,16.54,16.54,14.88,111623,181010000,1.50,9.97,11.04,3.09
2017-01-18,17.48,16.98,17.48,16.59,380977,648970000,0.44,2.66,5.38,10.56
2017-01-19,17.00,16.15,17.30,16.05,256953,428340000,-0.83,-4.89,7.36,7.12
2017-01-20,15.85,16.68,17.15,15.52,253854,417810000,0.53,3.28,10.09,7.04
2017-01-23,16.41,16.47,16.84,16.20,151825,250250000,-0.21,-1.26,3.84,4.21
2017-01-24,16.32,15.87,16.32,15.68,128269,205070000,-0.60,-3.64,3.89,3.56
2017-01-25,15.82,16.39,17.46,15.71,219372,367980000,0.52,3.28,11.03,6.08
2017-01-26,16.22,16.14,16.40,15.89,122769,197820000,-0.25,-1.53,3.11,3.40
2017-02-03,16.10,16.30,16.48,16.01,103909,169140000,0.16,0.99,2.91,2.88
2017-02-06,16.20,16.58,16.66,15.88,148549,242250000,0.28,1.72,4.79,4.12
2017-02-07,16.48,16.38,16.57,16.11,113627,185397400,-0.20,-1.21,2.774,4.01
2017-02-08,16.35,16.58,16.67,16.06,136545,224159600,0.20,1.22,3.724,4.82
2017-02-09,16.50,16.25,16.55,16.24,112097,183615100,-0.33,-1.99,1.87,3.96
2017-02-10,16.24,15.75,16.30,15.62,141364,224542400,-0.50,-3.08,4.185,4.99
2017-02-13,15.65,15.85,15.94,15.52,58528,92397900,0.10,0.63,2.667,2.07
2017-02-14,15.86,15.72,16.05,15.70,60211,95567000,-0.13,-0.82,2.208,2.12
2017-02-15,15.70,15.20,15.70,15.18,110908,170400300,-0.52,-3.31,3.308,3.91
2017-02-16,15.12,15.21,15.34,15.03,53335,80926400,0.01,0.07,2.039,1.88
2017-02-17,15.26,14.60,15.26,14.51,97002,143496400,-0.61,-4.01,4.931,3.42
2017-02-20,14.70,14.71,14.93,14.59,46820,68969600,0.11,0.75,2.329,1.63
2017-02-21,14.60,14.85,14.93,14.60,47672,70622800,0.14,0.95,2.24,1.66
2017-02-22,14.88,14.75,14.89,14.56,44892,66018300,-0.10,-0.67,2.22,1.56
2017-02-23,14.69,14.89,14.92,14.60,52778,78054000,0.14,0.95,2.17,1.84
2017-02-24,14.85,14.99,15.00,14.73,43333,64526800,0.10,0.67,1.81,1.51
2017-02-27,15.02,14.73,15.09,14.71,44640,66526100,-0.26,-1.73,2.54,1.56
2017-02-28,14.66,14.64,14.80,14.50,45238,66064500,-0.09,-0.61,2.04,1.58
2017-03-01,14.74,14.90,14.95,14.58,53646,79382600,0.26,1.78,2.53,1.87
2017-03-02,14.88,14.66,14.93,14.63,39038,57533900,-0.24,-1.61,2.01,1.36
2017-03-03,14.58,14.62,14.73,14.44,31375,45776700,-0.04,-0.27,1.98,1.09
2017-03-06,14.79,14.93,15.15,14.79,57414,86029300,0.31,2.12,2.46,1.99
2017-03-07,14.93,15.05,15.10,14.92,57327,86132700,0.12,0.80,1.21,1.99
2017-03-08,15.07,15.03,15.23,14.92,44402,66949300,-0.02,-0.13,2.06,1.54
2017-03-09,14.96,15.09,15.16,14.95,48935,73650000,0.06,0.40,1.40,1.70
2017-03-10,15.15,14.91,15.15,14.91,34684,51999600,-0.18,-1.19,1.59,1.21
2017-03-13,14.78,14.79,14.83,14.57,45996,67605100,-0.12,-0.80,1.74,1.60
2017-03-14,14.85,15.03,15.08,14.75,48096,71758000,0.24,1.62,2.23,1.67
2017-03-15,14.94,14.86,15.00,14.84,28304,42182600,-0.17,-1.13,1.06,0.98
2017-03-16,14.90,15.01,15.09,14.86,45649,68408015,0.15,1.01,1.55,1.57
2017-03-17,15.06,14.80,15.12,14.80,43912,65782474,-0.21,-1.40,2.13,1.51
2017-03-20,14.75,14.99,15.00,14.75,32205,48038171,0.19,1.28,1.69,1.11
2017-03-21,15.00,14.89,15.09,14.83,27299,40845075,-0.10,-0.67,1.73,0.94
2017-03-22,14.78,14.49,14.86,14.49,48299,70656300,-0.40,-2.69,2.48,1.66
2017-03-23,14.45,14.51,14.62,14.33,35347,51346616,0.02,0.14,2.00,1.21
2017-03-24,14.51,14.38,14.60,14.21,40339,57877479,-0.13,-0.90,2.69,1.39
2017-03-27,14.38,14.27,14.42,14.23,21520,30778026,-0.11,-0.76,1.32,0.74
2017-03-28,14.27,14.16,14.35,14.14,27405,38948546,-0.11,-0.77,1.47,0.94
2017-03-29,14.19,13.95,14.26,13.95,30656,43040082,-0.21,-1.48,2.19,1.05
2017-03-30,13.96,13.55,14.02,13.48,44170,60241552,-0.40,-2.87,3.87,1.52
2017-03-31,13.57,13.58,13.70,13.51,22875,31133213,0.03,0.22,1.40,0.79
2017-04-05,13.52,13.90,13.93,13.52,25492,35145041,0.32,2.36,3.02,0.88
2017-04-06,14.00,13.97,14.00,13.87,18965,26436378,0.07,0.50,0.94,0.65
2017-04-07,13.96,14.03,14.10,13.80,26711,37207422,0.06,0.43,2.15,0.92
2017-04-10,14.50,14.61,15.09,14.42,122711,181461138,0.58,4.13,4.78,4.21
2017-04-11,14.79,14.81,15.07,14.46,80115,118469982,0.20,1.37,4.18,2.75
2017-04-12,14.61,14.52,14.86,14.50,39345,57650088,-0.29,-1.96,2.43,1.35
2017-04-13,14.40,14.34,14.50,14.28,29887,42915481,-0.18,-1.24,1.52,1.03
2017-04-14,14.30,14.01,14.38,14.00,35955,50815478,-0.33,-2.30,2.65,1.23
2017-04-17,13.89,13.79,14.14,13.68,28706,39893628,-0.22,-1.57,3.28,0.98
2017-04-18,13.70,13.70,13.85,13.49,39317,53622577,-0.09,-0.65,2.61,1.35
2017-04-19,13.75,13.87,13.92,13.53,29692,40809324,0.17,1.24,2.85,1.02
2017-04-20,13.82,13.55,13.89,13.50,30661,41887146,-0.32,-2.31,2.81,1.05
2017-04-21,13.61,13.67,13.76,13.55,22741,31115704,0.12,0.89,1.55,0.78
2017-04-24,13.69,13.12,13.69,12.71,29636,38992759,-0.55,-4.02,7.17,1.02
2017-04-25,13.02,13.43,13.53,13.02,30870,41373695,0.31,2.36,3.89,1.06
2017-04-26,13.48,13.58,13.70,13.40,20268,27431900,0.15,1.12,2.23,0.70
2017-04-27,13.45,13.59,13.73,13.24,28285,38207839,0.01,0.07,3.61,0.97
2017-04-28,13.64,13.69,13.72,13.55,21894,29949606,0.10,0.74,1.25,0.75
2017-05-02,13.69,14.00,14.05,13.69,40736,56729050,0.31,2.26,2.63,1.40
2017-05-03,13.91,14.03,14.09,13.82,26493,36965161,0.03,0.21,1.93,0.91
2017-05-04,13.96,13.80,14.09,13.80,25134,35073611,-0.23,-1.64,2.07,0.86
2017-05-05,13.76,13.20,13.80,13.19,36240,48843743,-0.60,-4.35,4.42,1.24
2017-05-08,13.10,13.01,13.25,13.01,23956,31500490,-0.19,-1.44,1.82,0.82
2017-05-09,12.99,13.21,13.27,12.91,16053,21055898,0.20,1.54,2.77,0.55
2017-05-10,13.21,13.11,13.25,12.97,19950,26186761,-0.10,-0.76,2.12,0.69
2017-05-11,13.01,12.33,13.13,11.85,59864,73845164,-0.78,-5.95,9.76,2.06
2017-05-12,12.30,12.05,12.32,11.96,30327,36633885,-0.28,-2.27,2.92,1.04
2017-05-15,12.10,12.17,12.29,12.08,16751,20423264,0.12,1.00,1.74,0.57
2017-05-16,12.13,12.43,12.45,11.85,30968,37726482,0.26,2.14,4.93,1.06
2017-05-17,12.38,12.44,12.73,12.34,45230,56692454,0.01,0.08,3.14,1.55
2017-05-18,12.30,12.40,12.60,12.25,24651,30731410,-0.04,-0.32,2.81,0.85
2017-05-19,12.37,12.34,12.48,12.30,14793,18321586,-0.06,-0.48,1.45,0.51
2017-05-22,12.25,11.90,12.34,11.85,29690,35780518,-0.44,-3.57,3.97,1.02
2017-05-23,11.90,11.09,11.96,11.04,36921,42498375,-0.81,-6.81,7.73,1.27
2017-05-24,11.06,11.26,11.30,10.91,23036,25661062,0.17,1.53,3.52,0.79
2017-05-25,11.25,11.36,11.48,10.96,21809,24475325,0.10,0.89,4.62,0.75
2017-05-26,11.36,11.23,11.43,11.22,16134,18246321,-0.13,-1.14,1.85,0.55
2017-05-31,11.40,11.29,11.68,11.29,28747,32922408,0.06,0.53,3.47,0.97
2017-06-01,11.29,11.01,11.38,11.01,22876,25610367,-0.28,-2.48,3.28,0.78
2017-06-02,11.10,11.19,11.23,10.82,30292,33448388,0.18,1.63,3.72,1.03
2017-06-05,11.28,11.32,11.47,11.15,28043,31805851,0.13,1.16,2.86,0.95
2017-06-06,11.35,11.51,11.58,11.24,33541,38407826,0.19,1.68,3.00,1.14
2017-06-07,11.53,11.70,11.76,11.40,34663,40358777,0.19,1.65,3.13,1.18
2017-06-08,11.68,11.55,11.82,11.54,37060,43140127,-0.15,-1.28,2.39,1.26
2017-06-09,11.54,11.50,11.60,11.38,27736,31778026,-0.05,-0.43,1.90,0.94
