日期,开盘,收盘,最高,最低,交易量(手),交易金额(元),涨跌额,涨跌幅(%),振幅(%),换手率(%)
2011-05-31,39.99,41.21,41.30,38.80,60960,244760000,-2.59,-5.91,5.71,38.10
2011-06-01,41.70,43.50,44.53,41.66,57310,247140000,2.29,5.56,6.96,35.82
2011-06-02,42.00,43.86,44.53,41.88,35352,152900000,0.36,0.83,6.09,22.10
2011-06-03,44.69,43.38,44.70,43.02,25323,111240000,-0.48,-1.09,3.83,15.83
2011-06-07,43.11,41.71,43.70,41.66,24586,104390000,-1.67,-3.85,4.70,15.37
2011-06-08,41.75,42.27,42.69,41.21,16784,70490000,0.56,1.34,3.55,10.49
2011-06-09,42.00,39.09,42.00,38.90,26213,105330000,-3.18,-7.52,7.33,16.38
2011-06-10,38.83,39.47,39.70,38.16,16220,62820000,0.38,0.97,3.94,10.14
2011-06-13,38.97,38.91,39.35,38.22,6198,24130000,-0.56,-1.42,2.86,3.87
2011-06-14,38.60,39.70,39.85,38.57,11322,44750000,0.79,2.03,3.29,7.08
2011-06-15,39.55,39.66,40.00,39.25,7235,28670000,-0.04,-0.10,1.89,4.52
2011-06-16,39.18,39.40,39.66,39.01,4735,18630000,-0.26,-0.66,1.64,2.96
2011-06-17,39.15,38.50,39.80,38.32,6299,24610000,-0.90,-2.28,3.76,3.94
2011-06-20,38.40,37.55,38.56,37.36,6302,23820000,-0.95,-2.47,3.12,3.94
2011-06-21,37.51,38.10,38.29,37.51,4592,17410000,0.55,1.46,2.08,2.87
2011-06-22,38.09,37.46,38.27,37.38,4847,18320000,-0.64,-1.68,2.34,3.03
2011-06-23,37.40,39.28,39.37,36.02,9758,37140000,1.82,4.86,8.94,6.10
2011-06-24,38.85,39.54,39.84,38.85,7692,30340000,0.26,0.66,2.52,4.81
2011-06-27,40.00,39.96,40.98,39.80,9706,39250000,0.42,1.06,2.98,6.07
2011-06-28,39.69,40.29,40.87,39.69,4540,18320000,0.33,0.83,2.95,2.84
2011-06-29,40.29,40.40,40.75,40.00,5801,23360000,0.11,0.27,1.86,3.63
2011-06-30,40.39,40.86,41.15,40.20,4837,19770000,0.46,1.14,2.35,3.02
2011-07-01,40.00,40.75,41.50,40.00,10015,41120000,-0.11,-0.27,3.67,6.26
2011-07-04,41.10,41.78,42.15,40.76,7684,31950000,1.03,2.53,3.41,4.80
2011-07-05,41.80,42.10,42.26,41.20,6760,28230000,0.32,0.77,2.54,4.22
2011-07-06,41.80,42.50,42.58,41.30,7168,30080000,0.40,0.95,3.04,4.48
2011-07-07,42.61,43.48,44.85,42.20,16972,74580000,0.98,2.31,6.24,10.61
2011-07-08,43.25,43.23,44.33,42.76,8683,37850000,-0.25,-0.58,3.61,5.43
2011-07-11,42.90,43.68,43.89,42.90,6966,30300000,0.45,1.04,2.29,4.35
2011-07-12,43.31,42.00,43.31,41.91,6624,28130000,-1.68,-3.85,3.21,4.14
2011-07-13,41.98,43.85,44.11,41.98,10209,44100000,1.85,4.40,5.07,6.38
2011-07-14,43.68,44.08,44.46,43.14,7317,32080000,0.23,0.52,3.01,4.57
2011-07-15,44.05,43.01,46.15,42.80,28447,126440000,-1.07,-2.43,7.60,17.78
2011-07-18,42.85,43.18,43.43,41.72,17444,74090000,0.17,0.40,3.98,10.90
2011-07-19,42.56,42.70,43.38,42.30,7015,29920000,-0.48,-1.11,2.50,4.38
2011-07-20,42.95,42.45,43.26,41.00,6255,26520000,-0.25,-0.59,5.29,3.91
2011-07-21,42.10,42.23,42.69,41.79,3744,15800000,-0.22,-0.52,2.12,2.34
2011-07-22,42.25,43.20,44.32,42.25,10162,44210000,0.97,2.30,4.90,6.35
2011-07-25,43.66,42.74,43.66,42.29,7776,33190000,-0.46,-1.06,3.17,4.86
2011-07-26,42.51,45.30,45.36,42.50,13655,60490000,2.56,5.99,6.69,8.53
2011-07-27,45.09,46.37,47.46,44.70,15692,72550000,1.07,2.36,6.09,9.81
2011-07-28,46.08,48.08,48.57,45.80,15763,75170000,1.71,3.69,5.97,9.85
2011-07-29,47.96,47.36,48.38,46.50,11679,55370000,-0.72,-1.50,3.91,7.30
2011-08-01,47.15,47.40,48.27,46.90,8595,40850000,0.04,0.08,2.89,5.37
2011-08-02,46.80,46.62,46.85,45.00,9822,44930000,-0.78,-1.65,3.90,6.14
2011-08-03,45.66,45.89,47.47,45.62,9649,45000000,-0.73,-1.57,3.97,6.03
2011-08-04,46.48,45.14,46.48,45.02,4996,22730000,-0.75,-1.63,3.18,3.12
2011-08-05,43.45,45.18,45.66,42.80,9312,41330000,0.04,0.09,6.34,5.82
2011-08-08,44.01,43.60,44.66,40.70,9979,42710000,-1.58,-3.50,8.76,6.24
2011-08-09,42.30,44.15,44.39,42.00,4644,20120000,0.55,1.26,5.48,2.90
2011-08-10,44.83,44.69,45.95,44.39,6273,28310000,0.54,1.22,3.53,3.92
2011-08-11,44.00,45.00,45.42,43.69,5008,22400000,0.31,0.69,3.87,3.13
2011-08-12,45.14,46.00,46.60,45.01,5743,26310000,1.00,2.22,3.53,3.59
2011-08-15,46.00,46.28,46.78,45.82,4654,21540000,0.28,0.61,2.09,2.91
2011-08-16,46.13,45.40,46.39,44.89,6455,29390000,-0.88,-1.90,3.24,4.03
2011-08-17,45.20,46.78,46.98,45.01,5404,24970000,1.38,3.04,4.34,3.38
2011-08-18,46.78,46.16,46.96,45.51,3267,15060000,-0.62,-1.33,3.10,2.04
2011-08-19,44.70,47.90,48.30,44.64,7605,35440000,1.74,3.77,7.93,4.75
2011-08-22,47.90,47.46,49.30,47.14,7155,34570000,-0.44,-0.92,4.51,4.47
2011-08-23,47.50,49.70,49.87,47.50,9043,44290000,2.24,4.72,4.99,5.65
2011-08-24,49.73,49.37,51.30,49.18,6603,33050000,-0.33,-0.66,4.27,4.13
2011-08-25,50.12,48.27,50.40,47.49,12346,59560000,-1.10,-2.23,5.89,7.72
2011-08-26,48.00,49.33,49.44,47.70,6775,33100000,1.06,2.20,3.60,4.23
2011-08-29,49.08,49.58,50.30,48.50,7912,39290000,0.25,0.51,3.65,4.95
2011-08-30,49.80,47.75,49.85,47.58,7944,38430000,-1.83,-3.69,4.58,4.97
2011-08-31,47.50,47.30,47.80,46.68,8369,39430000,-0.45,-0.94,2.35,4.18
2011-09-01,47.10,47.50,48.80,46.90,7398,35490000,0.20,0.42,4.02,3.70
2011-09-02,47.00,47.20,47.58,46.12,4869,22800000,-0.30,-0.63,3.07,2.43
2011-09-05,46.51,45.10,46.51,45.10,5111,23290000,-2.10,-4.45,2.99,2.56
2011-09-06,44.51,44.30,44.90,43.50,4641,20470000,-0.80,-1.77,3.10,2.32
2011-09-07,43.89,45.11,45.18,43.86,3419,15230000,0.81,1.83,2.98,1.71
2011-09-08,45.30,44.37,45.49,44.30,4630,20890000,-0.74,-1.64,2.64,2.31
2011-09-09,44.45,43.80,44.72,42.80,3682,16020000,-0.57,-1.28,4.33,1.84
2011-09-13,43.31,42.98,43.31,42.61,2053,8790000,-0.82,-1.87,1.60,1.03
2011-09-14,43.49,42.89,43.49,41.40,4842,20450000,-0.09,-0.21,4.86,2.42
2011-09-15,43.00,42.89,43.20,42.27,2261,9690000,0.00,0.00,2.17,1.13
2011-09-16,42.92,42.86,43.16,42.50,2833,12120000,-0.03,-0.07,1.54,1.42
2011-09-19,42.86,40.50,43.69,40.34,4648,19160000,-2.36,-5.51,7.82,2.32
2011-09-20,40.28,41.21,41.40,40.10,3847,15720000,0.71,1.75,3.21,1.92
2011-09-21,41.01,42.60,43.00,40.63,5699,23970000,1.39,3.37,5.75,2.85
2011-09-22,42.11,40.18,42.20,39.70,6728,27480000,-2.42,-5.68,5.87,3.36
2011-09-23,39.56,39.34,39.96,38.89,4037,15900000,-0.84,-2.09,2.66,2.02
2011-09-26,39.29,38.70,39.72,38.55,2520,9830000,-0.64,-1.63,2.97,1.26
2011-09-27,38.92,38.60,39.37,38.20,3747,14520000,-0.10,-0.26,3.02,1.87
2011-09-28,39.35,38.80,39.42,38.40,5299,20640000,0.20,0.52,2.64,2.65
2011-09-29,38.21,37.23,38.66,36.88,4601,17240000,-1.57,-4.05,4.59,2.30
2011-09-30,37.50,36.81,37.57,36.18,3143,11500000,-0.42,-1.13,3.73,1.57
2011-10-10,37.06,37.18,37.69,36.60,2990,11080000,0.37,1.01,2.96,1.50
2011-10-11,38.25,36.43,38.45,36.00,3216,11990000,-0.75,-2.02,6.59,1.61
2011-10-12,36.24,37.81,38.37,36.00,4359,16290000,1.38,3.79,6.51,2.18
2011-10-13,37.85,39.48,39.91,37.58,6494,25420000,1.67,4.42,6.16,3.25
2011-10-14,39.40,39.83,40.00,38.60,4414,17470000,0.35,0.89,3.55,2.21
2011-10-18,39.70,38.05,39.70,38.05,4494,17420000,-1.78,-4.47,4.14,2.25
2011-10-19,38.20,38.05,38.57,37.70,1658,6340000,0.00,0.00,2.29,0.83
2011-10-20,37.19,36.45,37.48,36.30,3448,12660000,-1.60,-4.21,3.10,1.72
2011-10-21,36.18,34.70,36.53,33.90,5761,20220000,-1.75,-4.80,7.22,2.88
2011-10-24,33.25,33.99,34.70,32.69,10221,34260000,-0.71,-2.05,5.79,5.11
2011-10-25,33.79,35.20,35.38,33.60,8887,30730000,1.21,3.56,5.24,4.44
2011-10-26,34.76,35.53,36.14,34.68,9154,32650000,0.33,0.94,4.15,4.58
2011-10-27,35.40,35.56,36.89,35.30,8067,29020000,0.03,0.08,4.48,4.03
2011-10-28,36.00,36.46,36.49,35.70,7420,26810000,0.90,2.53,2.22,3.71
2011-10-31,36.40,37.91,38.34,36.21,7396,27930000,1.45,3.98,5.84,3.70
2011-11-01,37.58,38.06,38.28,37.32,6282,23760000,0.15,0.40,2.53,3.14
2011-11-02,37.38,39.25,39.26,37.00,9417,36150000,1.19,3.13,5.94,4.71
2011-11-03,39.48,38.92,40.55,38.91,11633,46100000,-0.33,-0.84,4.18,5.82
2011-11-04,39.28,38.85,39.50,38.47,5907,23010000,-0.07,-0.18,2.65,2.95
2011-11-07,38.50,38.80,39.77,38.50,4246,16570000,-0.05,-0.13,3.27,2.12
2011-11-08,38.68,38.10,39.17,37.80,4075,15670000,-0.70,-1.80,3.53,2.04
2011-11-09,38.10,38.85,38.85,37.72,4812,18470000,0.75,1.97,2.97,2.41
2011-11-10,38.60,39.45,40.49,38.31,13324,52810000,0.60,1.54,5.61,6.66
2011-11-11,39.58,39.45,39.86,38.88,8977,35350000,0.00,0.00,2.48,4.49
2011-11-14,39.68,40.75,41.42,39.68,11027,45020000,1.30,3.30,4.41,5.51
2011-11-15,40.90,41.10,41.28,40.51,6598,27040000,0.35,0.86,1.89,3.30
2011-11-16,41.36,39.78,41.40,39.66,7296,29580000,-1.32,-3.21,4.23,3.65
2011-11-17,39.88,42.00,42.90,39.88,12099,50410000,2.22,5.58,7.59,6.05
2011-11-18,41.50,40.99,42.32,40.61,11834,49170000,-1.01,-2.40,4.07,5.92
2011-11-21,40.01,39.22,40.95,38.70,9806,38430000,-1.77,-4.32,5.49,4.90
2011-11-22,38.99,38.90,39.49,38.26,7871,30550000,-0.32,-0.82,3.14,3.94
2011-11-23,39.28,40.00,40.25,38.88,10109,40100000,1.10,2.83,3.52,5.05
2011-11-24,39.60,40.20,40.53,38.86,6415,25560000,0.20,0.50,4.18,3.21
2011-11-25,40.23,40.00,40.88,39.62,6350,25480000,-0.20,-0.50,3.13,3.17
2011-11-28,39.75,39.65,40.30,39.20,5351,21300000,-0.35,-0.88,2.75,2.68
2011-11-29,40.00,40.80,40.87,39.76,9608,38760000,1.15,2.90,2.80,4.80
2011-11-30,40.54,38.15,40.90,36.78,11075,43360000,-2.65,-6.50,10.10,5.54
2011-12-01,39.39,39.75,40.95,38.91,12764,51140000,1.60,4.19,5.35,6.38
2011-12-02,39.50,38.39,39.93,38.00,7339,28260000,-1.36,-3.42,4.86,3.67
2011-12-05,38.00,35.31,38.13,35.30,8716,31500000,-3.08,-8.02,7.37,4.36
2011-12-06,35.80,36.25,36.49,35.54,5710,20650000,0.94,2.66,2.69,2.86
2011-12-07,35.99,37.18,37.38,35.62,6010,22130000,0.93,2.57,4.86,3.01
2011-12-08,37.01,38.15,39.08,36.22,6545,24730000,0.97,2.61,7.69,3.27
2011-12-09,38.20,37.89,38.67,37.43,3628,13770000,-0.26,-0.68,3.25,1.81
2011-12-12,37.81,37.56,38.10,37.27,2746,10340000,-0.33,-0.87,2.19,1.37
2011-12-13,37.48,35.98,37.53,35.90,4744,17200000,-1.58,-4.21,4.34,2.37
2011-12-14,35.53,35.88,36.30,35.36,2679,9580000,-0.10,-0.28,2.61,1.34
2011-12-15,34.35,35.86,36.20,34.35,2102,7480000,-0.02,-0.06,5.16,1.05
2011-12-16,35.89,36.76,36.77,34.86,3977,14310000,0.90,2.51,5.33,1.99
2011-12-19,36.40,37.29,37.30,35.80,3387,12330000,0.53,1.44,4.08,1.69
2011-12-20,37.08,36.99,37.58,36.68,3305,12280000,-0.30,-0.80,2.41,1.65
2011-12-21,37.29,35.64,37.35,35.60,2944,10740000,-1.35,-3.65,4.73,1.47
2011-12-22,35.21,34.79,35.67,33.21,7084,24250000,-0.85,-2.39,6.90,3.54
2011-12-23,34.32,34.80,35.28,34.11,3402,11860000,0.01,0.03,3.36,1.70
2011-12-26,34.80,34.81,35.33,34.50,3074,10760000,0.01,0.03,2.39,1.54
2011-12-27,34.51,33.24,34.96,32.83,3925,13140000,-1.57,-4.51,6.12,1.96
2011-12-28,32.73,31.79,33.11,30.51,6726,21260000,-1.45,-4.36,7.82,3.36
2011-12-29,31.20,32.00,32.28,31.20,2203,7030000,0.21,0.66,3.40,1.10
2011-12-30,32.60,32.37,33.14,32.18,3470,11360000,0.37,1.16,3.00,1.74
2012-01-04,32.41,30.61,32.82,30.58,4278,13530000,-1.76,-5.44,6.92,2.14
2012-01-05,30.40,28.61,30.40,28.16,4512,13190000,-2.00,-6.53,7.32,2.26
2012-01-06,28.61,29.17,29.30,28.10,3518,10070000,0.56,1.96,4.19,1.76
2012-01-09,29.16,30.30,30.40,28.36,5036,14930000,1.13,3.87,6.99,2.52
2012-01-10,30.04,31.44,31.50,29.88,6378,19670000,1.14,3.76,5.35,3.19
2012-01-11,31.11,31.36,31.82,31.00,3624,11380000,-0.08,-0.25,2.61,1.81
2012-01-12,31.11,30.70,31.63,30.35,4104,12670000,-0.66,-2.10,4.08,2.05
2012-01-13,30.60,28.21,30.83,27.63,7166,20490000,-2.49,-8.11,10.42,3.58
2012-01-16,27.78,26.57,27.79,26.39,5049,13640000,-1.64,-5.81,4.96,2.52
2012-01-17,26.49,27.88,28.08,26.36,6186,16830000,1.31,4.93,6.47,3.09
2012-01-18,27.20,25.09,27.50,25.09,22023,56330000,-2.79,-10.01,8.64,11.01
2012-01-19,24.26,24.53,24.83,23.58,11061,26910000,-0.56,-2.23,4.98,5.53
2012-01-20,24.73,25.02,25.30,24.30,9352,23390000,0.49,2.00,4.08,4.68
2012-01-30,25.11,24.81,25.27,24.47,6750,16830000,-0.21,-0.84,3.20,3.38
2012-01-31,24.78,24.43,24.81,24.02,6028,14700000,-0.38,-1.53,3.18,3.01
2012-02-01,24.39,24.49,24.97,24.35,5775,14270000,0.06,0.25,2.54,2.89
2012-02-02,24.59,25.08,25.12,24.48,5966,14780000,0.59,2.41,2.61,2.98
2012-02-03,24.98,26.69,27.07,24.97,14901,38830000,1.61,6.42,8.37,7.45
2012-02-06,26.68,27.48,27.70,26.32,16440,44730000,0.79,2.96,5.17,8.22
2012-02-07,27.40,26.80,27.44,26.51,10171,27320000,-0.68,-2.47,3.38,5.09
2012-02-08,26.72,27.30,27.45,26.63,5334,14460000,0.50,1.87,3.06,2.67
2012-02-09,27.30,27.18,27.87,26.95,9715,26730000,-0.12,-0.44,3.37,4.86
2012-02-10,27.06,27.03,27.40,26.85,6034,16320000,-0.15,-0.55,2.02,3.02
2012-02-13,27.03,28.88,29.30,26.90,18431,52620000,1.85,6.84,8.88,9.22
2012-02-14,28.90,28.60,29.10,28.28,8903,25480000,-0.28,-0.97,2.84,4.45
2012-02-15,28.51,28.78,29.25,28.29,10069,29000000,0.18,0.63,3.36,5.03
2012-02-16,28.86,28.85,29.29,28.60,6897,19970000,0.07,0.24,2.40,3.45
2012-02-17,29.10,28.60,29.18,28.24,7628,21830000,-0.25,-0.87,3.26,3.81
2012-02-20,28.60,28.23,29.89,28.00,17209,49950000,-0.37,-1.29,6.61,8.60
2012-02-21,28.10,28.76,28.78,27.40,11726,32840000,0.53,1.88,4.89,5.86
2012-02-22,28.96,30.09,30.45,28.80,18592,55270000,1.33,4.62,5.74,9.30
2012-02-23,30.00,29.75,30.17,29.50,17251,51370000,-0.34,-1.13,2.23,8.63
2012-02-24,29.65,29.80,29.99,29.48,15792,46890000,0.05,0.17,1.71,7.90
2012-02-27,30.37,29.82,30.50,29.80,25068,75490000,0.02,0.07,2.35,12.53
2012-02-28,29.69,28.99,29.69,28.66,17631,51110000,-0.83,-2.78,3.45,8.82
2012-02-29,28.88,28.30,28.88,28.27,12246,34860000,-0.69,-2.38,2.10,6.12
2012-03-01,28.28,28.60,28.94,28.06,8002,22860000,0.30,1.06,3.11,4.00
2012-03-02,28.61,28.98,29.04,28.60,7980,23030000,0.38,1.33,1.54,3.99
2012-03-05,28.98,28.65,29.18,28.58,11425,32970000,-0.33,-1.14,2.07,5.71
2012-03-06,28.52,27.89,28.72,27.78,9720,27290000,-0.76,-2.65,3.28,4.86
2012-03-07,27.40,27.88,28.25,27.32,8237,22910000,-0.01,-0.04,3.33,4.12
2012-03-08,28.00,28.15,28.45,27.80,7077,19910000,0.27,0.97,2.33,3.54
2012-03-09,28.50,29.83,29.88,28.26,24427,71390000,1.68,5.97,5.75,12.21
2012-03-12,29.75,29.97,30.46,29.56,17236,51760000,0.14,0.47,3.02,8.62
2012-03-13,30.14,30.10,30.15,29.49,12221,36410000,0.13,0.43,2.20,6.11
2012-03-14,30.21,29.00,31.30,28.61,24554,74260000,-1.10,-3.65,8.94,12.28
2012-03-15,28.88,29.08,29.48,28.65,14402,41810000,0.08,0.28,2.86,7.20
2012-03-16,29.50,30.68,30.78,29.25,17237,51940000,1.60,5.50,5.26,8.62
2012-03-19,30.68,31.08,31.25,30.36,15345,47490000,0.40,1.30,2.90,7.67
2012-03-20,30.86,29.80,30.90,29.61,16156,48620000,-1.28,-4.12,4.15,8.08
2012-03-21,29.92,29.00,30.19,28.61,10936,32060000,-0.80,-2.68,5.30,5.47
2012-03-22,28.90,29.04,29.28,28.36,7934,22860000,0.04,0.14,3.17,3.97
2012-03-23,28.50,27.58,28.85,27.33,11001,30940000,-1.46,-5.03,5.23,5.50
2012-03-26,27.51,27.20,27.63,27.00,7946,21680000,-0.38,-1.38,2.28,3.97
2012-03-27,27.49,27.17,27.70,27.06,5253,14390000,-0.03,-0.11,2.35,2.63
2012-03-28,27.01,25.01,27.10,25.01,13576,35250000,-2.16,-7.95,7.69,6.79
2012-03-29,25.03,24.97,25.32,24.63,8152,20380000,-0.04,-0.16,2.76,4.08
2012-03-30,25.18,24.13,25.35,24.00,8500,20850000,-0.84,-3.36,5.41,4.25
2012-04-05,23.70,24.64,24.76,23.34,8737,21100000,0.51,2.11,5.88,4.37
2012-04-06,24.65,25.41,25.60,24.35,9535,23990000,0.77,3.13,5.07,4.77
2012-04-09,25.09,23.74,25.09,23.70,12100,29410000,-1.67,-6.57,5.47,6.05
2012-04-10,23.76,23.98,23.98,23.10,6631,15590000,0.24,1.01,3.71,3.32
2012-04-11,23.62,23.75,23.90,23.29,5098,12040000,-0.23,-0.96,2.54,2.55
2012-04-12,23.80,24.45,24.48,23.60,7477,18010000,0.70,2.95,3.71,3.74
2012-04-13,24.50,24.63,24.75,24.30,6100,14970000,0.18,0.74,1.84,3.05
2012-04-16,24.63,24.12,24.63,24.02,7034,17010000,-0.51,-2.07,2.48,3.52
2012-04-17,23.96,23.64,24.26,23.58,5440,12940000,-0.48,-1.99,2.82,2.72
2012-04-18,23.75,24.33,24.39,23.70,7548,18200000,0.69,2.92,2.92,3.77
2012-04-19,24.45,24.52,24.56,24.26,7192,17570000,0.19,0.78,1.23,3.60
2012-04-20,24.49,24.64,24.73,24.30,6986,17160000,0.12,0.49,1.75,3.49
2012-04-23,24.62,23.30,24.62,23.15,11650,27470000,-1.34,-5.44,5.97,5.83
2012-04-24,23.00,21.87,23.00,21.18,12848,28300000,-1.43,-6.14,7.81,6.42
2012-04-25,21.75,22.06,22.14,21.58,5723,12490000,0.19,0.87,2.56,2.86
2012-04-26,22.10,21.68,22.13,21.52,5722,12410000,-0.38,-1.72,2.77,2.86
2012-05-02,22.27,22.00,22.28,21.70,6975,15270000,0.32,1.48,2.68,3.49
2012-05-03,21.90,22.10,22.10,21.70,5046,11050000,0.10,0.45,1.82,2.52
2012-05-04,22.44,22.59,22.93,22.30,9226,20930000,0.49,2.22,2.85,4.61
2012-05-07,22.68,24.30,24.36,22.68,20807,48950000,1.71,7.57,7.44,10.40
2012-05-08,24.55,24.08,24.61,23.98,14037,34070000,-0.22,-0.91,2.59,7.02
2012-05-09,24.06,23.92,24.07,23.39,8571,20290000,-0.16,-0.66,2.82,4.29
2012-05-10,23.96,24.20,24.39,23.20,9955,24060000,0.28,1.17,4.97,4.98
2012-05-11,18.01,17.40,18.01,17.38,8879,15680000,-0.75,-4.13,3.47,3.41
2012-05-14,17.50,16.80,17.50,16.73,9645,16360000,-0.60,-3.45,4.43,3.71
2012-05-15,16.51,16.51,16.56,16.29,7221,11870000,-0.29,-1.73,1.61,2.78
2012-05-16,16.52,16.68,16.88,16.33,6680,11090000,0.17,1.03,3.33,2.57
2012-05-17,16.59,16.84,16.93,16.59,4846,8110000,0.16,0.96,2.04,1.86
2012-05-18,16.72,16.49,16.84,16.38,5265,8740000,-0.35,-2.08,2.73,2.03
2012-05-21,16.40,16.41,16.51,16.23,3631,5940000,-0.08,-0.49,1.70,1.40
2012-05-22,16.45,16.65,16.71,16.40,4181,6930000,0.24,1.46,1.89,1.61
2012-05-23,16.61,16.22,16.62,16.18,4524,7400000,-0.43,-2.58,2.64,1.74
2012-05-24,16.20,16.21,16.35,15.97,6597,10630000,-0.01,-0.06,2.34,2.54
2012-05-25,16.22,15.93,16.25,15.92,3543,5700000,-0.28,-1.73,2.04,1.36
2012-05-28,15.80,15.80,15.82,15.54,5769,9040000,-0.13,-0.82,1.76,2.22
2012-05-29,15.72,16.12,16.12,15.70,7627,12180000,0.32,2.03,2.66,2.93
2012-05-30,16.09,15.99,16.29,15.92,5466,8820000,-0.13,-0.81,2.30,2.10
2012-05-31,15.86,16.36,16.58,15.86,7721,12650000,0.37,2.31,4.50,1.31
2012-06-01,16.36,16.27,16.49,16.18,4661,7610000,-0.09,-0.55,1.89,0.79
2012-06-04,16.09,15.62,16.09,15.60,6120,9640000,-0.65,-4.00,3.01,1.04
2012-06-05,15.62,15.58,15.79,15.50,4190,6550000,-0.04,-0.26,1.86,0.71
2012-06-06,15.82,15.64,15.87,15.58,3026,4750000,0.06,0.39,1.86,0.51
2012-06-07,15.95,15.65,15.95,15.61,3449,5440000,0.01,0.06,2.17,0.58
2012-06-08,15.90,15.66,15.90,15.61,3577,5630000,0.01,0.06,1.85,0.60
2012-06-11,15.54,16.09,16.12,15.54,6411,10240000,0.43,2.75,3.70,1.08
2012-06-12,16.00,16.03,16.18,15.81,4821,7720000,-0.06,-0.37,2.30,0.82
2012-06-13,16.04,16.53,16.53,16.04,9246,15170000,0.50,3.12,3.06,1.56
2012-06-14,16.43,16.12,16.53,16.03,7623,12470000,-0.41,-2.48,3.02,1.29
2012-06-15,16.33,16.24,16.38,15.95,4361,7040000,0.12,0.74,2.67,0.74
2012-06-18,16.29,16.47,16.61,16.22,6701,11010000,0.23,1.42,2.40,1.13
2012-06-19,16.48,16.39,16.76,16.36,8380,13860000,-0.08,-0.49,2.43,1.42
2012-06-20,16.40,16.90,17.39,16.40,13500,22910000,0.51,3.11,6.04,2.28
2012-06-21,16.90,16.76,17.18,16.58,11155,18830000,-0.14,-0.83,3.55,1.89
2012-06-25,16.60,15.89,16.71,15.88,11190,18160000,-0.87,-5.19,4.95,1.89
2012-06-26,15.80,15.91,15.94,15.54,4703,7400000,0.02,0.13,2.52,0.80
2012-06-27,15.92,15.98,16.25,15.91,4957,7970000,0.07,0.44,2.14,0.84
2012-06-28,16.00,15.54,16.08,15.54,4140,6550000,-0.44,-2.75,3.38,0.70
2012-06-29,15.53,15.77,15.85,15.36,3879,6050000,0.23,1.48,3.15,0.66
2012-07-02,15.90,16.10,16.16,15.84,4255,6820000,0.33,2.09,2.03,0.72
2012-07-03,16.02,16.69,16.95,16.01,11341,18830000,0.59,3.66,5.84,1.92
2012-07-04,16.79,16.51,16.79,16.24,6767,11150000,-0.18,-1.08,3.30,1.14
2012-07-05,16.51,16.09,16.51,16.00,4455,7190000,-0.42,-2.54,3.09,0.75
2012-07-06,16.09,16.08,16.23,15.68,8258,13120000,-0.01,-0.06,3.42,1.40
2012-07-09,15.50,15.13,15.65,15.13,13127,20200000,-0.95,-5.91,3.23,2.22
2012-07-10,15.10,15.11,15.19,14.98,2507,3780000,-0.02,-0.13,1.39,0.42
2012-07-11,14.99,15.09,15.28,14.95,1939,2930000,-0.02,-0.13,2.18,0.33
2012-07-12,15.15,15.17,15.22,14.93,4428,6690000,0.08,0.53,1.92,0.75
2012-07-13,15.01,15.46,15.64,14.94,12280,18840000,0.29,1.91,4.61,2.08
2012-07-16,15.36,14.63,15.37,14.55,7341,10940000,-0.83,-5.37,5.30,1.24
2012-07-17,14.55,14.36,14.70,14.09,4099,5910000,-0.27,-1.85,4.17,0.69
2012-07-18,14.36,14.45,14.50,14.04,4472,6400000,0.09,0.63,3.20,0.76
2012-07-19,14.40,14.68,14.96,14.08,8816,13010000,0.23,1.59,6.09,1.49
2012-07-20,14.50,14.67,14.82,14.49,3859,5650000,-0.01,-0.07,2.25,0.65
2012-07-23,14.67,14.33,14.67,14.20,2392,3440000,-0.34,-2.32,3.20,0.40
2012-07-24,14.30,14.63,14.73,14.30,7534,11020000,0.30,2.09,3.00,1.27
2012-07-25,14.55,14.69,14.79,14.45,4068,5950000,0.06,0.41,2.32,0.69
2012-07-26,14.43,14.57,14.73,14.42,1702,2480000,-0.12,-0.82,2.11,0.29
2012-07-27,14.57,14.46,14.73,14.31,2175,3160000,-0.11,-0.76,2.88,0.37
2012-07-30,14.47,14.15,14.51,14.10,2401,3430000,-0.31,-2.14,2.84,0.41
2012-07-31,14.16,14.20,14.38,13.85,6882,9730000,0.05,0.35,3.75,1.16
2012-08-01,14.19,14.30,14.39,14.15,1758,2510000,0.10,0.70,1.69,0.30
2012-08-02,14.28,14.13,14.42,14.11,1805,2570000,-0.17,-1.19,2.17,0.31
2012-08-03,14.12,14.78,14.96,14.05,8734,12720000,0.65,4.60,6.44,1.48
2012-08-06,14.63,14.96,15.09,14.46,7780,11550000,0.18,1.22,4.26,1.32
2012-08-07,14.90,15.08,15.23,14.83,5913,8870000,0.12,0.80,2.67,1.00
2012-08-08,15.12,14.89,15.14,14.75,3830,5710000,-0.19,-1.26,2.59,0.65
2012-08-09,14.86,14.95,15.02,14.75,4685,6970000,0.06,0.40,1.81,0.79
2012-08-10,15.10,14.90,15.10,14.84,3273,4890000,-0.05,-0.33,1.74,0.55
2012-08-13,14.86,14.61,14.96,14.61,2428,3600000,-0.29,-1.95,2.35,0.41
2012-08-14,14.56,14.75,14.80,14.29,3304,4810000,0.14,0.96,3.49,0.56
2012-08-15,14.79,14.67,14.79,14.53,2655,3890000,-0.08,-0.54,1.76,0.45
2012-08-16,14.67,14.81,14.98,14.60,3876,5740000,0.14,0.95,2.59,0.66
2012-08-17,14.82,15.24,15.36,14.73,6125,9230000,0.43,2.90,4.25,1.04
2012-08-20,15.12,15.03,15.23,14.81,3570,5350000,-0.21,-1.38,2.76,0.60
2012-08-21,15.03,15.68,15.78,15.01,10526,16320000,0.65,4.32,5.12,1.78
2012-08-22,15.55,15.40,15.79,15.31,5689,8830000,-0.28,-1.79,3.06,0.96
2012-08-23,15.50,15.71,15.80,15.40,4778,7470000,0.31,2.01,2.60,0.81
2012-08-24,15.55,15.04,15.69,15.02,4685,7160000,-0.67,-4.26,4.26,0.79
2012-08-27,14.95,14.46,15.21,14.46,3236,4730000,-0.58,-3.86,4.99,0.55
2012-08-28,14.58,14.60,14.69,14.38,1553,2260000,0.14,0.97,2.14,0.26
2012-08-29,14.51,14.59,14.85,14.45,2340,3440000,-0.01,-0.07,2.74,0.40
2012-08-30,14.60,14.24,14.77,13.98,4176,5990000,-0.35,-2.40,5.41,0.71
2012-08-31,14.24,14.27,14.38,14.08,2625,3730000,0.03,0.21,2.11,0.44
2012-09-03,14.28,14.51,14.64,14.18,1973,2850000,0.24,1.68,3.22,0.33
2012-09-04,14.51,15.96,15.96,14.51,40545,64220000,1.45,9.99,9.99,6.86
2012-09-05,15.76,16.70,17.39,15.66,63403,104450000,0.74,4.64,10.84,10.72
2012-09-06,16.51,16.60,16.65,16.15,32655,53560000,-0.10,-0.60,2.99,5.52
2012-09-07,16.60,17.00,17.08,16.45,36047,60450000,0.40,2.41,3.80,6.10
2012-09-10,16.90,16.97,17.48,16.81,24909,42440000,-0.03,-0.18,3.94,4.21
2012-09-11,16.90,16.80,16.90,16.51,16064,26830000,-0.17,-1.00,2.30,2.72
2012-09-12,16.80,16.91,17.00,16.61,12933,21750000,0.11,0.65,2.32,2.19
2012-09-13,16.91,16.44,17.27,16.40,18999,32200000,-0.47,-2.78,5.14,3.21
2012-09-14,16.61,16.19,16.74,16.01,12042,19620000,-0.25,-1.52,4.44,2.04
2012-09-17,16.18,15.84,16.18,15.80,9015,14420000,-0.35,-2.16,2.35,1.52
2012-09-18,15.75,15.81,16.12,15.68,5276,8380000,-0.03,-0.19,2.78,0.89
2012-09-19,15.97,17.10,17.22,15.97,31381,52550000,1.29,8.16,7.91,5.31
2012-09-20,16.80,16.45,17.06,16.33,16804,28030000,-0.65,-3.80,4.27,2.84
2012-09-21,16.23,14.85,16.45,14.81,21699,33510000,-1.60,-9.73,9.97,3.67
2012-09-24,14.58,14.68,14.78,14.13,8890,12880000,-0.17,-1.14,4.38,1.50
2012-09-25,14.58,14.38,14.85,14.37,5068,7360000,-0.30,-2.04,3.27,0.86
2012-09-26,14.38,14.31,14.65,14.17,5259,7580000,-0.07,-0.49,3.34,0.89
2012-09-27,14.25,14.65,14.80,14.25,6135,8960000,0.34,2.38,3.84,1.04
2012-09-28,14.61,14.93,15.00,14.52,5395,8030000,0.28,1.91,3.28,0.91
2012-10-08,14.79,14.70,14.98,14.60,5613,8260000,-0.23,-1.54,2.55,0.95
2012-10-09,14.72,15.37,15.58,14.72,9834,14970000,0.67,4.56,5.85,1.66
2012-10-10,15.35,15.35,15.55,15.04,9367,14260000,-0.02,-0.13,3.32,1.58
2012-10-11,15.35,14.86,15.40,14.85,8778,13210000,-0.49,-3.19,3.58,1.48
2012-10-12,15.00,14.78,15.16,14.62,6163,9170000,-0.08,-0.54,3.63,1.04
2012-10-15,14.63,14.26,14.74,14.10,7322,10470000,-0.52,-3.52,4.33,1.24
2012-10-16,14.25,14.42,14.63,14.13,5103,7360000,0.16,1.12,3.51,0.86
2012-10-17,14.45,14.64,14.85,14.30,5334,7770000,0.22,1.53,3.81,0.90
2012-10-18,14.69,14.82,14.97,14.69,4982,7390000,0.18,1.23,1.91,0.84
2012-10-19,14.72,14.80,14.88,14.72,3303,4890000,-0.02,-0.14,1.08,0.56
2012-10-22,14.79,14.98,15.03,14.52,5599,8270000,0.18,1.22,3.45,0.95
2012-10-23,14.95,14.63,14.96,14.60,3952,5840000,-0.35,-2.34,2.40,0.67
2012-10-24,14.47,14.44,14.62,14.28,4796,6930000,-0.19,-1.30,2.32,0.81
2012-10-25,14.44,14.44,14.68,14.44,2921,4240000,0.00,0.00,1.66,0.49
2012-10-26,14.44,14.24,14.68,14.16,4847,6990000,-0.20,-1.39,3.60,0.82
2012-10-29,14.29,14.22,14.34,14.07,2341,3340000,-0.02,-0.14,1.90,0.40
2012-10-30,14.34,14.26,14.34,14.11,2031,2890000,0.04,0.28,1.62,0.34
2012-10-31,14.28,14.36,14.47,14.20,2567,3670000,0.10,0.70,1.89,0.43
2012-11-01,14.46,14.62,14.69,14.25,4349,6330000,0.26,1.81,3.06,0.74
2012-11-02,14.60,14.64,14.85,14.51,3693,5410000,0.02,0.14,2.33,0.62
2012-11-05,14.60,14.47,14.70,14.32,3404,4920000,-0.17,-1.16,2.60,0.58
2012-11-06,14.47,14.26,14.47,14.15,4175,5960000,-0.21,-1.45,2.21,0.71
2012-11-07,14.33,14.36,14.45,14.15,2451,3510000,0.10,0.70,2.10,0.41
2012-11-08,14.28,13.79,14.28,13.76,5463,7650000,-0.57,-3.97,3.62,0.92
2012-11-09,13.77,13.45,13.79,13.42,5464,7390000,-0.34,-2.47,2.68,0.92
2012-11-12,13.49,13.38,13.49,13.12,3521,4680000,-0.07,-0.52,2.75,0.60
2012-11-13,13.38,13.03,13.38,13.00,4882,6410000,-0.35,-2.62,2.84,0.83
2012-11-14,13.09,13.14,13.18,12.88,2254,2950000,0.11,0.84,2.30,0.38
2012-11-15,13.10,13.00,13.23,12.94,1838,2400000,-0.14,-1.07,2.21,0.31
2012-11-16,13.00,12.85,13.05,12.74,1673,2150000,-0.15,-1.15,2.38,0.28
2012-11-19,12.85,12.95,12.97,12.76,1653,2130000,0.10,0.78,1.63,0.28
2012-11-20,12.99,13.10,13.11,12.93,2540,3310000,0.15,1.16,1.39,0.43
2012-11-21,13.09,13.14,13.14,12.78,2983,3880000,0.04,0.31,2.75,0.50
2012-11-22,13.00,13.01,13.09,12.96,2600,3380000,-0.13,-0.99,0.99,0.44
2012-11-23,12.89,12.67,13.07,12.66,6898,8840000,-0.34,-2.61,3.15,1.17
2012-11-26,12.64,12.37,12.66,12.32,4291,5330000,-0.30,-2.37,2.68,0.73
2012-11-27,12.30,11.77,12.32,11.70,4079,4900000,-0.60,-4.85,5.01,0.69
2012-11-28,11.75,11.57,11.76,11.48,2822,3270000,-0.20,-1.70,2.38,0.48
2012-11-29,11.57,11.36,11.69,11.31,2091,2400000,-0.21,-1.82,3.28,0.35
2012-11-30,11.41,11.46,11.48,11.28,3637,4140000,0.10,0.88,1.76,0.62
2012-12-03,11.30,11.00,11.42,10.88,2660,2980000,-0.46,-4.01,4.71,0.45
2012-12-04,10.90,11.15,11.25,10.90,2757,3050000,0.15,1.36,3.18,0.47
2012-12-05,11.19,11.68,11.76,11.18,6993,8070000,0.53,4.75,5.20,1.18
2012-12-06,11.61,11.66,11.74,11.56,2819,3280000,-0.02,-0.17,1.54,0.48
2012-12-07,11.66,11.88,11.97,11.60,4594,5420000,0.22,1.89,3.17,0.78
2012-12-10,11.83,12.15,12.18,11.75,7542,9070000,0.27,2.27,3.62,1.28
2012-12-11,12.00,11.90,12.13,11.90,4187,5020000,-0.25,-2.06,1.89,0.71
2012-12-12,11.92,11.85,12.00,11.75,2780,3300000,-0.05,-0.42,2.10,0.47
2012-12-13,11.84,12.22,12.40,11.75,8089,9790000,0.37,3.12,5.49,1.37
2012-12-14,12.25,12.64,12.68,11.91,41347,50940000,0.42,3.44,6.30,6.99
2012-12-17,12.46,12.25,12.49,12.14,29462,36220000,-0.39,-3.09,2.77,4.98
2012-12-18,12.25,12.13,12.29,12.07,21140,25720000,-0.12,-0.98,1.80,3.58
2012-12-19,12.13,12.15,12.25,12.07,13426,16320000,0.02,0.16,1.48,2.27
2012-12-20,12.06,12.14,12.24,12.04,14731,17880000,-0.01,-0.08,1.65,2.49
2012-12-21,12.14,12.37,12.40,12.08,22014,26930000,0.23,1.89,2.64,3.72
2012-12-24,12.33,12.48,12.56,12.33,21323,26520000,0.11,0.89,1.86,3.61
2012-12-25,12.45,12.84,12.98,12.38,24384,30970000,0.36,2.88,4.81,4.12
2012-12-26,12.92,13.41,13.50,12.80,28559,37710000,0.57,4.44,5.45,4.83
2012-12-27,13.31,13.03,13.49,13.00,25129,33210000,-0.38,-2.83,3.65,4.25
2012-12-28,13.00,13.10,13.16,12.76,15117,19630000,0.07,0.54,3.07,2.56
2012-12-31,13.04,12.95,13.12,12.80,11972,15490000,-0.15,-1.15,2.44,2.02
2013-01-04,13.01,12.92,13.08,12.79,8008,10340000,-0.03,-0.23,2.24,1.31
2013-01-07,12.93,13.14,13.17,12.85,15762,20450000,0.22,1.70,2.48,2.58
2013-01-08,13.14,13.40,13.78,13.10,19717,26400000,0.26,1.98,5.18,3.23
2013-01-09,13.33,13.21,13.45,13.03,16721,22210000,-0.19,-1.42,3.13,2.74
2013-01-10,13.21,13.32,13.37,13.17,15845,21040000,0.11,0.83,1.51,2.59
2013-01-11,13.32,13.37,13.89,13.30,32788,44500000,0.05,0.38,4.43,5.37
2013-01-14,13.55,14.06,14.19,13.52,33480,46400000,0.69,5.16,5.01,5.48
2013-01-15,14.09,14.70,14.70,14.07,36574,52930000,0.64,4.55,4.48,5.99
2013-01-16,14.80,14.34,15.00,14.06,22552,32470000,-0.36,-2.45,6.39,3.69
2013-01-17,14.24,14.09,14.30,14.05,11897,16840000,-0.25,-1.74,1.74,1.95
2013-01-18,14.10,14.38,14.45,14.05,15933,22720000,0.29,2.06,2.84,2.61
2013-01-21,14.36,14.34,14.44,14.22,10475,14990000,-0.04,-0.28,1.53,1.71
2013-01-22,14.34,13.86,14.38,13.86,11240,15860000,-0.48,-3.35,3.63,1.84
2013-01-23,13.88,13.69,13.88,13.44,16956,23140000,-0.17,-1.23,3.17,2.78
2013-01-24,13.75,13.30,13.98,13.15,14829,20170000,-0.39,-2.85,6.06,2.43
2013-01-25,13.20,13.64,13.72,13.20,10286,13890000,0.34,2.56,3.91,1.68
2013-01-28,14.05,14.25,14.70,14.05,27368,39260000,0.61,4.47,4.77,4.48
2013-01-29,14.32,14.28,14.44,14.17,11816,16870000,0.03,0.21,1.89,1.93
2013-01-30,14.28,14.16,14.33,13.90,10561,14880000,-0.12,-0.84,3.01,1.73
2013-01-31,14.15,13.86,14.17,13.73,10583,14660000,-0.30,-2.12,3.11,1.73
2013-02-01,13.90,13.93,14.05,13.82,9273,12920000,0.07,0.51,1.66,1.52
2013-02-04,13.93,13.91,13.96,13.73,7120,9880000,-0.02,-0.14,1.65,1.17
2013-02-05,13.80,14.23,14.23,13.80,8609,12110000,0.32,2.30,3.09,1.41
2013-02-06,14.24,14.16,14.26,14.11,6761,9590000,-0.07,-0.49,1.05,1.11
2013-02-07,14.22,14.24,14.24,14.05,7577,10730000,0.08,0.57,1.34,1.24
2013-02-08,14.21,14.37,14.39,14.20,9915,14200000,0.13,0.91,1.33,1.62
2013-02-18,14.47,14.48,14.51,14.30,10894,15700000,0.11,0.77,1.46,1.78
2013-02-19,14.40,14.04,14.51,13.98,10199,14430000,-0.44,-3.04,3.66,1.67
2013-02-20,13.98,14.35,14.36,13.94,10151,14390000,0.31,2.21,2.99,1.66
2013-02-21,14.30,14.13,14.44,14.00,11988,17070000,-0.22,-1.53,3.07,1.96
2013-02-22,14.02,14.75,14.75,14.02,22528,32520000,0.62,4.39,5.17,3.69
2013-02-25,14.90,15.17,15.44,14.66,35851,53920000,0.42,2.85,5.29,5.87
2013-02-26,14.90,14.80,15.22,14.69,22807,34150000,-0.37,-2.44,3.49,3.73
2013-02-27,14.80,14.50,15.00,14.35,13045,19100000,-0.30,-2.03,4.39,2.13
2013-02-28,14.54,14.73,14.77,14.30,11511,16800000,0.23,1.59,3.24,1.88
2013-03-01,14.70,14.98,15.05,14.68,13990,20860000,0.25,1.70,2.51,2.29
2013-03-04,15.00,14.50,15.11,14.47,15399,22830000,-0.48,-3.20,4.27,2.52
2013-03-05,14.72,14.91,14.95,14.44,10031,14830000,0.41,2.83,3.52,1.64
2013-03-06,14.91,15.24,15.40,14.91,17085,25960000,0.33,2.21,3.29,2.80
2013-03-07,15.55,15.23,15.95,15.00,25642,39660000,-0.01,-0.07,6.23,4.20
2013-03-08,15.10,14.96,15.36,14.85,12037,18180000,-0.27,-1.77,3.35,1.97
2013-03-11,14.96,14.98,15.00,14.71,5292,7870000,0.02,0.13,1.94,0.87
2013-03-12,15.00,14.22,15.14,14.08,12374,18010000,-0.76,-5.07,7.08,2.03
2013-03-13,14.20,14.10,14.24,13.91,5539,7790000,-0.12,-0.84,2.32,0.91
2013-03-14,14.11,14.03,14.30,13.93,6744,9480000,-0.07,-0.50,2.62,1.10
2013-03-15,14.00,14.12,14.38,13.86,9471,13410000,0.09,0.64,3.71,1.55
2013-03-18,14.14,13.96,14.24,13.94,6810,9590000,-0.16,-1.13,2.12,1.11
2013-03-19,14.05,14.50,14.60,13.77,11203,15890000,0.54,3.87,5.95,1.83
2013-03-20,14.31,14.90,14.92,14.31,15224,22340000,0.40,2.76,4.21,2.49
2013-03-21,14.80,15.64,15.70,14.73,29893,45680000,0.74,4.97,6.51,4.89
2013-03-22,15.77,15.38,16.14,15.26,32228,50410000,-0.26,-1.66,5.63,5.27
2013-03-25,14.84,14.53,14.90,14.51,29688,43620000,-0.85,-5.53,2.54,4.86
2013-03-26,14.50,14.26,14.50,14.18,15862,22670000,-0.27,-1.86,2.20,2.60
2013-03-27,14.29,14.34,14.44,14.19,10750,15370000,0.08,0.56,1.75,1.76
2013-03-28,14.28,13.68,14.28,13.63,10935,15170000,-0.66,-4.60,4.53,1.79
2013-03-29,13.71,13.46,13.79,13.45,5446,7430000,-0.22,-1.61,2.49,0.89
2013-04-01,13.57,13.77,13.78,13.33,6020,8200000,0.31,2.30,3.34,0.99
2013-04-02,13.77,13.44,13.90,13.41,6795,9260000,-0.33,-2.40,3.56,1.11
2013-04-03,13.44,13.08,13.52,13.07,7614,10060000,-0.36,-2.68,3.35,1.25
2013-05-13,14.06,14.06,14.06,14.06,5996,8430000,1.28,10.02,0.00,0.98
2013-05-14,14.43,14.32,15.01,14.14,49162,71840000,0.26,1.85,6.19,8.05
2013-05-15,13.82,14.10,14.16,13.62,25613,35650000,-0.22,-1.54,3.77,4.19
2013-05-16,14.06,13.95,14.23,13.84,21292,29850000,-0.15,-1.06,2.77,3.48
2013-05-17,13.91,14.37,14.47,13.87,28291,40000000,0.42,3.01,4.30,4.63
2013-05-20,14.44,14.91,15.14,14.38,34349,50900000,0.54,3.76,5.29,5.62
2013-05-21,14.85,15.81,16.05,14.70,40388,62240000,0.90,6.04,9.05,6.61
2013-05-22,16.05,15.40,16.52,15.26,48001,75950000,-0.41,-2.59,7.97,7.86
2013-05-23,15.21,15.81,16.16,15.21,38505,60930000,0.41,2.66,6.17,6.30
2013-05-24,15.71,16.67,16.93,15.71,45444,74430000,0.86,5.44,7.72,7.44
2013-05-27,16.72,16.62,16.77,16.20,29576,48710000,-0.05,-0.30,3.42,4.84
2013-05-28,16.59,15.68,16.60,15.59,30053,47720000,-0.94,-5.66,6.08,4.92
2013-05-29,15.80,17.25,17.25,15.60,47812,79400000,1.57,10.01,10.52,7.83
2013-05-30,17.60,18.98,18.98,17.41,66732,122680000,1.73,10.03,9.10,10.92
2013-06-03,18.98,18.17,19.48,17.91,77504,142200000,-0.81,-4.27,8.27,12.68
2013-06-04,18.30,16.81,18.32,16.60,49677,85880000,-1.36,-7.48,9.47,8.13
2013-06-05,16.82,17.09,17.43,16.67,35299,60070000,0.28,1.67,4.52,5.78
2013-06-06,16.82,15.98,17.00,15.91,31710,52030000,-1.11,-6.50,6.38,5.19
2013-06-07,16.01,16.35,16.56,16.01,26621,43210000,0.37,2.32,3.44,4.36
2013-06-13,15.94,16.14,16.27,15.10,22876,35940000,-0.21,-1.28,7.16,3.74
2013-06-14,16.14,16.73,17.15,16.10,34388,57380000,0.59,3.66,6.51,5.63
2013-06-17,16.80,16.99,17.75,16.56,46625,80260000,0.26,1.55,7.11,7.63
2013-06-18,17.39,17.70,17.75,16.85,43500,75550000,0.71,4.18,5.30,7.12
2013-06-19,17.66,17.35,17.67,17.10,33184,57600000,-0.35,-1.98,3.22,5.43
2013-06-20,17.05,15.90,17.24,15.88,30747,50900000,-1.45,-8.36,7.84,5.03
2013-06-21,15.30,15.34,15.65,14.58,25424,38590000,-0.56,-3.52,6.73,4.16
2013-06-24,15.40,14.35,15.67,14.19,19499,29250000,-0.99,-6.45,9.65,3.19
2013-06-25,14.19,14.58,14.90,13.21,20901,29520000,0.23,1.60,11.78,3.42
2013-06-26,14.57,15.55,15.64,14.41,27876,42030000,0.97,6.65,8.44,4.56
2013-06-27,15.75,16.03,17.11,15.55,52651,86540000,0.48,3.09,10.03,8.62
2013-06-28,15.45,15.40,16.25,15.18,29133,45570000,-0.63,-3.93,6.68,4.77
2013-07-01,15.35,16.34,16.39,15.29,27486,44160000,0.94,6.10,7.14,4.50
2013-07-02,16.45,16.66,16.95,16.34,29271,48530000,0.32,1.96,3.73,4.79
2013-07-03,16.51,17.64,17.96,16.47,52717,91290000,0.98,5.88,8.94,8.63
2013-07-04,17.30,16.97,17.55,16.83,34769,59660000,-0.67,-3.80,4.08,5.69
2013-07-05,16.92,17.03,17.42,16.76,26474,45250000,0.06,0.35,3.89,4.33
2013-07-08,17.00,17.76,18.73,16.53,86944,156410000,0.73,4.29,12.92,14.23
2013-07-09,17.24,18.00,18.01,17.05,47234,82790000,0.24,1.35,5.41,7.73
2013-07-10,17.85,18.24,18.70,17.63,43408,78730000,0.24,1.33,5.94,7.10
2013-07-11,17.40,18.07,18.40,17.40,43699,77950000,-0.17,-0.93,5.48,7.15
2013-07-12,18.00,18.22,18.97,17.84,42054,77730000,0.15,0.83,6.25,6.88
2013-07-15,18.05,18.76,19.13,18.05,34140,63840000,0.54,2.96,5.93,5.59
2013-07-16,18.75,18.74,18.91,18.30,33142,61480000,-0.02,-0.11,3.25,5.42
2013-07-17,18.84,19.96,20.61,18.81,75247,151150000,1.22,6.51,9.61,12.32
2013-07-18,20.20,21.96,21.96,20.20,107349,230580000,2.00,10.02,8.82,17.57
2013-07-19,21.80,21.58,22.68,21.30,88897,195390000,-0.38,-1.73,6.28,14.55
2013-07-22,21.11,22.94,23.35,21.00,58523,131980000,1.36,6.30,10.89,9.58
2013-07-23,22.67,23.00,23.06,22.22,38326,86960000,0.06,0.26,3.66,6.27
2013-07-24,22.98,23.20,24.40,22.55,51086,120040000,0.20,0.87,8.04,8.36
2013-07-25,22.95,21.56,22.95,20.90,54817,120180000,-1.64,-7.07,8.84,8.97
2013-07-26,21.12,21.80,22.20,20.73,33819,72870000,0.24,1.11,6.82,5.54
2013-07-29,21.52,20.46,22.38,20.03,32770,69830000,-1.34,-6.15,10.78,5.36
2013-07-30,20.77,20.05,21.38,19.30,34080,68890000,-0.41,-2.00,10.17,5.58
2013-07-31,19.76,20.16,20.53,19.40,31438,63030000,0.11,0.55,5.64,5.15
2013-08-01,20.04,21.10,21.19,19.92,38635,79820000,0.94,4.66,6.30,6.32
2013-08-02,21.13,20.70,21.98,20.66,36605,78100000,-0.40,-1.90,6.26,5.99
2013-08-05,20.80,21.47,21.48,20.70,25938,54930000,0.77,3.72,3.77,4.25
2013-08-06,21.63,21.71,22.40,21.43,37936,82720000,0.24,1.12,4.52,6.21
2013-08-07,21.71,20.90,22.16,20.58,34851,73690000,-0.81,-3.73,7.28,5.70
2013-08-08,20.70,20.50,21.10,20.01,21949,45280000,-0.40,-1.91,5.22,3.59
2013-08-09,20.73,19.77,20.76,19.06,39652,78840000,-0.73,-3.56,8.29,6.49
2013-08-12,19.85,19.70,19.85,18.80,28564,55350000,-0.07,-0.35,5.31,4.68
2013-08-13,19.65,19.98,20.05,19.35,25134,49760000,0.28,1.42,3.55,4.11
2013-08-14,20.13,20.29,20.42,19.37,27070,54110000,0.31,1.55,5.26,4.43
2013-08-15,20.10,20.78,20.97,20.02,35380,72550000,0.49,2.42,4.68,5.79
2013-08-16,21.08,21.13,22.86,20.90,83879,184530000,0.35,1.68,9.43,13.73
2013-08-19,20.50,21.59,21.97,20.32,43776,93470000,0.46,2.18,7.81,7.16
2013-08-20,21.60,22.80,22.80,21.49,59970,133310000,1.21,5.60,6.07,9.82
2013-08-21,22.70,22.47,23.53,22.22,47340,107960000,-0.33,-1.45,5.75,7.75
2013-08-22,22.28,22.36,23.12,22.20,31309,70580000,-0.11,-0.49,4.09,5.12
2013-08-23,22.37,21.30,22.37,20.80,47139,101250000,-1.06,-4.74,7.02,7.72
2013-08-26,21.30,21.95,22.12,21.06,33605,72250000,0.65,3.05,4.98,5.50
2013-08-27,21.88,21.76,21.98,21.21,28051,60520000,-0.19,-0.87,3.51,4.59
2013-08-28,21.44,22.47,23.46,21.31,59811,135880000,0.71,3.26,9.88,9.79
2013-08-29,22.55,24.31,24.35,22.24,72527,169920000,1.84,8.19,9.39,11.87
2013-08-30,24.31,23.64,25.98,23.51,78439,193470000,-0.67,-2.76,10.16,12.84
2013-09-02,23.00,26.00,26.00,22.70,55949,142050000,2.36,9.98,13.96,9.16
2013-09-03,25.80,27.30,27.63,24.82,101633,264710000,1.30,5.00,10.81,16.63
2013-09-04,27.50,28.45,29.80,27.50,93803,266260000,1.15,4.21,8.42,15.35
2013-09-05,28.80,27.94,29.32,27.80,69112,196730000,-0.51,-1.79,5.34,11.31
2013-09-06,27.71,27.71,28.75,27.36,51543,144190000,-0.23,-0.82,4.97,8.44
2013-09-09,27.71,28.10,28.16,26.05,60105,161870000,0.39,1.41,7.61,9.84
2013-09-10,27.50,27.18,28.50,26.80,45245,124380000,-0.92,-3.27,6.05,7.41
2013-09-11,26.92,24.46,27.17,24.46,53692,133950000,-2.72,-10.01,9.97,8.79
2013-09-12,24.00,24.08,24.86,23.80,42327,102720000,-0.38,-1.55,4.33,6.93
2013-09-13,24.08,25.45,25.59,23.58,52576,130220000,1.37,5.69,8.35,8.60
2013-09-16,25.21,25.06,26.14,24.80,36773,93490000,-0.39,-1.53,5.27,6.02
2013-09-17,24.92,25.20,25.97,24.73,31464,79800000,0.14,0.56,4.95,5.15
2013-09-18,25.27,25.50,25.65,24.00,28331,70810000,0.30,1.19,6.55,4.64
2013-09-23,25.60,26.99,27.69,25.60,39525,105840000,1.49,5.84,8.20,6.47
2013-09-24,26.60,25.90,26.88,25.76,40764,107090000,-1.09,-4.04,4.15,6.67
2013-09-25,25.75,24.98,26.22,24.65,42945,108760000,-0.92,-3.55,6.06,7.03
2013-09-26,24.91,24.52,25.45,24.50,23411,58500000,-0.46,-1.84,3.80,3.83
2013-09-27,24.61,24.80,25.29,24.24,18387,45630000,0.28,1.14,4.28,3.01
2013-09-30,25.09,25.73,25.95,25.05,27573,70440000,0.93,3.75,3.63,4.51
2013-10-08,26.00,26.54,27.41,25.75,37280,99480000,0.81,3.15,6.45,6.10
2013-10-09,26.15,27.15,28.00,26.15,49041,133780000,0.61,2.30,6.97,8.03
2013-10-10,27.06,25.50,27.10,25.36,49173,128700000,-1.65,-6.08,6.41,8.05
2013-10-11,25.70,25.71,26.35,25.58,29222,75500000,0.21,0.82,3.02,4.78
2013-10-14,25.60,24.73,25.60,24.36,40673,100230000,-0.98,-3.81,4.82,6.66
2013-10-15,24.69,24.13,24.69,23.61,37648,90370000,-0.60,-2.43,4.37,6.16
2013-10-16,24.15,22.67,24.40,22.31,29296,68390000,-1.46,-6.05,8.66,4.79
2013-10-17,22.80,21.87,23.33,21.80,35989,81710000,-0.80,-3.53,6.75,5.89
2013-10-18,21.88,22.35,22.39,21.41,19435,42910000,0.48,2.19,4.48,3.18
2013-10-21,22.45,23.38,23.40,22.34,24773,57180000,1.03,4.61,4.74,4.05
2013-10-22,23.16,22.05,23.65,22.01,30664,70330000,-1.33,-5.69,7.01,5.02
2013-10-23,22.39,21.77,23.03,21.61,28595,63690000,-0.28,-1.27,6.44,4.68
2013-10-24,21.63,21.17,22.00,20.90,19675,41850000,-0.60,-2.76,5.05,3.22
2013-10-25,21.20,20.63,21.30,20.32,16501,34100000,-0.54,-2.55,4.63,2.70
2013-10-28,20.60,20.95,20.98,20.26,14331,29820000,0.32,1.55,3.49,2.35
2013-10-29,21.25,19.18,21.31,18.86,30322,59210000,-1.77,-8.45,11.69,4.96
2013-10-30,19.20,19.77,19.86,19.03,23601,45920000,0.59,3.08,4.33,3.86
2013-10-31,19.61,18.75,19.62,18.68,18485,35240000,-1.02,-5.16,4.75,3.03
2013-11-01,18.68,19.07,19.12,18.20,16489,30820000,0.32,1.71,4.91,2.70
2013-11-04,19.00,19.08,19.29,18.85,11288,21570000,0.01,0.05,2.31,1.85
2013-11-05,19.12,20.07,20.13,18.85,25038,49660000,0.99,5.19,6.71,4.10
2013-11-06,20.03,19.77,20.29,19.71,22929,45880000,-0.30,-1.49,2.89,3.75
2013-11-07,19.72,19.22,19.85,19.17,11008,21490000,-0.55,-2.78,3.44,1.80
2013-11-08,19.00,18.41,19.25,18.23,16490,30620000,-0.81,-4.21,5.31,2.70
2013-11-11,18.45,20.25,20.25,18.20,33012,64940000,1.84,9.99,11.14,5.40
2013-11-12,20.30,21.00,21.25,20.20,47149,97470000,0.75,3.70,5.19,7.72
2013-11-13,20.90,20.34,21.21,20.27,36019,74260000,-0.66,-3.14,4.48,5.90
2013-11-14,20.06,22.37,22.37,20.06,57988,126510000,2.03,9.98,11.36,9.49
2013-11-15,22.30,23.85,24.61,22.30,88961,212950000,1.48,6.62,10.33,14.56
2013-11-18,23.50,24.80,24.98,23.40,63557,156430000,0.95,3.98,6.62,10.40
2013-11-19,24.50,24.95,24.95,24.16,36405,89280000,0.15,0.60,3.19,5.96
2013-11-20,24.85,26.75,27.38,24.30,55390,142990000,1.80,7.21,12.34,9.07
2013-11-21,26.22,25.90,27.29,25.80,36538,96690000,-0.85,-3.18,5.57,5.98
2013-11-22,26.00,25.32,26.50,25.20,27648,71670000,-0.58,-2.24,5.02,4.53
2013-11-25,25.10,26.40,27.00,24.68,38622,101200000,1.08,4.27,9.16,6.32
2013-11-26,26.88,28.15,29.04,26.44,76640,217750000,1.75,6.63,9.85,12.54
2013-11-27,27.80,28.29,28.80,27.65,54640,153710000,0.14,0.50,4.09,8.94
2013-11-28,28.38,30.33,30.67,27.66,56237,163020000,2.04,7.21,10.64,9.20
2013-11-29,29.88,32.48,33.05,29.56,80936,252770000,2.15,7.09,11.51,13.25
2013-12-02,29.23,29.23,32.17,29.23,75298,224760000,-3.25,-10.01,9.05,12.32
2013-12-03,27.20,28.07,28.23,26.31,71051,191590000,-1.16,-3.97,6.57,11.63
2013-12-04,26.98,26.48,29.60,25.91,70906,197900000,-1.59,-5.66,13.15,11.60
2013-12-05,25.52,24.86,26.50,24.85,44928,114640000,-1.62,-6.12,6.23,7.35
2013-12-06,24.81,25.21,25.70,24.80,36672,92630000,0.35,1.41,3.62,6.00
2013-12-09,25.55,27.08,27.29,25.46,47917,126670000,1.87,7.42,7.26,7.84
2013-12-10,27.02,29.63,29.79,25.60,93480,264930000,2.55,9.42,15.47,15.30
2013-12-11,28.58,29.59,31.18,27.94,75811,224530000,-0.04,-0.14,10.93,12.41
2013-12-12,29.40,32.55,32.55,29.40,57532,183590000,2.96,10.00,10.65,9.42
2013-12-13,34.18,35.81,35.81,33.15,86464,303130000,3.26,10.02,8.17,14.15
2013-12-16,35.98,35.60,37.60,34.21,103204,371470000,-0.21,-0.59,9.47,16.89
2013-12-17,35.12,33.47,36.66,32.30,91502,310660000,-2.13,-5.98,12.25,14.98
2013-12-18,33.15,33.56,34.20,32.30,65035,216660000,0.09,0.27,5.68,10.64
2013-12-19,33.83,36.92,36.92,32.70,96651,339300000,3.36,10.01,12.57,15.82
2013-12-20,37.05,36.08,39.94,36.03,110953,420350000,-0.84,-2.28,10.59,18.16
2013-12-23,35.50,37.40,38.10,34.50,82513,302330000,1.32,3.66,9.98,13.50
2013-12-24,37.30,41.14,41.14,36.90,56086,222290000,3.74,10.00,11.34,9.18
2013-12-25,44.12,44.25,45.25,42.36,137448,608920000,3.11,7.56,7.02,22.50
2013-12-26,43.81,42.12,46.77,41.15,126717,561670000,-2.13,-4.81,12.70,20.74
2013-12-27,41.50,44.73,44.88,40.17,104916,447980000,2.61,6.20,11.18,17.17
2013-12-30,43.90,40.26,44.48,40.26,92347,388830000,-4.47,-9.99,9.43,15.11
2013-12-31,40.51,38.91,41.80,37.80,102773,405290000,-1.35,-3.35,9.94,16.82
2014-01-02,38.60,41.39,41.80,38.00,90354,361180000,2.48,6.37,9.77,14.68
2014-01-03,40.66,40.34,41.78,39.50,53935,217830000,-1.05,-2.54,5.51,8.76
2014-01-06,40.26,36.31,40.29,36.31,70687,266980000,-4.03,-9.99,9.87,11.48
2014-01-07,36.20,36.70,37.21,35.71,60550,221140000,0.39,1.07,4.13,9.84
2014-01-08,37.00,37.78,38.59,36.58,71711,270940000,1.08,2.94,5.48,11.65
2014-01-09,36.71,40.31,41.20,35.90,100207,388250000,2.53,6.70,14.03,16.28
2014-01-10,39.02,37.50,41.33,37.00,79538,312620000,-2.81,-6.97,10.74,12.92
2014-01-13,37.11,36.32,37.72,35.50,64661,234870000,-1.18,-3.15,5.92,10.50
2014-01-14,36.58,38.70,38.82,36.50,69648,263470000,2.38,6.55,6.39,11.31
2014-01-15,38.74,38.39,39.37,37.81,59994,231090000,-0.31,-0.80,4.03,9.75
2014-01-16,38.02,37.14,38.95,36.95,54225,204690000,-1.25,-3.26,5.21,8.81
2014-01-17,37.30,39.72,40.79,36.67,83594,326070000,2.58,6.95,11.09,13.58
2014-01-20,39.38,38.42,40.00,37.55,47237,182700000,-1.30,-3.27,6.17,7.67
2014-01-21,38.50,39.58,40.20,37.80,50381,197320000,1.16,3.02,6.25,8.18
2014-01-22,39.55,38.05,39.55,36.00,81588,309580000,-1.53,-3.87,8.97,13.25
2014-01-23,37.80,37.85,38.56,37.31,51519,195990000,-0.20,-0.53,3.29,8.37
2014-01-24,37.75,38.60,39.55,37.12,64922,251230000,0.75,1.98,6.42,10.55
2014-01-27,37.80,39.70,39.80,37.60,79319,309150000,1.10,2.85,5.70,12.89
2014-01-28,39.15,37.21,39.46,36.50,67840,255390000,-2.49,-6.27,7.46,11.02
2014-01-29,37.01,37.00,37.56,36.56,33120,122430000,-0.21,-0.56,2.69,5.38
2014-01-30,37.00,36.01,37.50,35.60,29490,107620000,-0.99,-2.68,5.14,4.79
2014-02-07,35.30,36.64,36.87,35.10,22732,83050000,0.63,1.75,4.92,3.69
2014-02-10,37.00,37.45,37.88,36.70,44668,166660000,0.81,2.21,3.22,7.26
2014-02-11,37.51,36.78,38.00,36.62,37775,140620000,-0.67,-1.79,3.68,6.14
2014-02-12,37.20,40.46,40.46,36.80,75291,297650000,3.68,10.01,9.95,12.23
2014-02-13,42.00,39.00,42.00,38.97,85632,346760000,-1.46,-3.61,7.49,13.91
2014-02-14,38.36,40.10,40.95,38.36,58501,233610000,1.10,2.82,6.64,9.50
2014-02-17,40.62,40.70,40.94,39.61,44944,180720000,0.60,1.50,3.32,7.30
2014-02-18,40.46,41.82,42.79,40.02,72897,305670000,1.12,2.75,6.81,11.84
2014-02-19,41.40,39.92,41.51,39.50,46525,186950000,-1.90,-4.54,4.81,7.56
2014-02-20,40.10,40.42,42.00,39.61,50528,206600000,0.50,1.25,5.99,8.21
2014-02-21,40.00,38.40,40.38,38.16,44831,175100000,-2.02,-5.00,5.49,7.28
2014-02-24,38.67,39.12,39.80,37.80,37573,146080000,0.72,1.88,5.21,6.10
2014-02-25,39.38,35.21,39.50,35.21,60431,225870000,-3.91,-9.99,10.97,9.82
2014-02-26,34.30,33.21,34.30,31.70,60603,198610000,-2.00,-5.68,7.38,9.85
2014-02-27,33.29,30.64,33.63,30.35,57700,184050000,-2.57,-7.74,9.88,9.37
2014-02-28,30.82,30.99,31.26,30.00,36167,111260000,0.35,1.14,4.11,5.88
2014-03-03,30.81,31.61,31.87,30.65,29796,93120000,0.62,2.00,3.94,4.84
2014-03-04,31.50,31.50,31.68,30.75,26724,83380000,-0.11,-0.35,2.94,4.34
2014-03-05,31.90,32.17,33.17,31.63,37249,120400000,0.67,2.13,4.89,6.05
2014-03-06,31.52,31.86,32.16,30.46,33608,105150000,-0.31,-0.96,5.28,5.46
2014-03-07,31.55,31.30,32.80,31.19,31393,100500000,-0.56,-1.76,5.05,5.10
2014-03-10,30.20,28.17,30.50,28.17,41832,121020000,-3.13,-10.00,7.44,6.80
2014-03-11,28.01,28.32,28.70,27.70,24205,68310000,0.15,0.53,3.55,3.93
2014-03-12,28.32,28.55,28.80,27.70,26472,75140000,0.23,0.81,3.88,4.30
2014-03-13,28.65,28.94,29.03,28.25,24250,69630000,0.39,1.37,2.73,3.94
2014-03-14,28.76,30.15,30.99,28.40,38999,116060000,1.21,4.18,8.95,6.34
2014-03-17,29.85,30.86,30.87,29.68,30624,92950000,0.71,2.35,3.95,4.97
2014-03-18,31.03,30.85,31.97,30.70,39747,124220000,-0.01,-0.03,4.12,6.46
2014-03-19,30.70,31.42,32.21,30.54,40291,127280000,0.57,1.85,5.41,6.55
2014-03-20,31.42,29.17,31.89,29.10,33810,102930000,-2.25,-7.16,8.88,5.49
2014-03-21,28.61,29.33,29.50,28.10,23781,68520000,0.16,0.55,4.80,3.86
2014-03-24,29.45,28.02,29.45,27.90,25690,73170000,-1.31,-4.47,5.28,4.17
2014-03-25,27.81,28.41,28.88,27.81,18021,51050000,0.39,1.39,3.82,2.93
2014-03-26,28.54,31.25,31.25,28.40,33300,100850000,2.84,10.00,10.03,5.41
2014-03-27,31.38,31.00,31.93,30.60,59953,187540000,-0.25,-0.80,4.26,9.74
2014-03-28,31.00,28.60,31.00,28.00,45301,131630000,-2.40,-7.74,9.68,7.36
2014-03-31,25.74,25.75,26.85,25.74,48420,126390000,-2.85,-9.97,3.88,7.87
2014-04-01,25.68,26.39,26.56,25.41,25526,66950000,0.64,2.49,4.47,4.15
2014-04-02,26.53,25.84,26.55,25.02,31019,79380000,-0.55,-2.08,5.80,5.04
2014-04-03,25.80,26.35,27.25,25.69,31774,84050000,0.51,1.97,6.04,5.16
2014-04-04,26.30,26.85,26.97,25.81,22833,60470000,0.50,1.90,4.40,3.71
2014-04-08,26.45,27.19,27.77,26.02,29556,79860000,0.34,1.27,6.52,4.80
2014-04-09,27.30,28.66,29.80,27.30,41642,118670000,1.47,5.41,9.19,6.76
2014-04-10,28.68,28.20,28.83,28.01,27871,79110000,-0.46,-1.61,2.86,4.53
2014-04-11,27.81,27.93,28.26,27.01,24388,67330000,-0.27,-0.96,4.43,3.96
2014-04-14,28.34,29.36,29.90,28.34,35569,103650000,1.43,5.12,5.59,5.78
2014-04-15,29.00,28.61,29.59,28.50,21421,61840000,-0.75,-2.55,3.71,3.48
2014-04-16,28.31,28.67,29.20,28.21,24223,69910000,0.06,0.21,3.46,3.94
2014-04-17,28.65,30.05,30.49,28.31,50240,148990000,1.38,4.81,7.60,8.16
2014-04-18,29.80,29.70,29.98,29.30,27358,80910000,-0.35,-1.16,2.26,4.44
2014-04-21,29.19,29.26,29.92,28.60,21755,63920000,-0.44,-1.48,4.44,3.53
2014-04-22,29.26,27.22,29.40,26.80,34613,95980000,-2.04,-6.97,8.89,5.62
2014-04-23,27.20,27.06,27.70,26.70,16036,43660000,-0.16,-0.59,3.67,2.61
2014-04-24,27.06,27.70,28.08,26.81,22832,62830000,0.64,2.37,4.69,3.71
2014-04-25,27.32,25.89,27.40,25.77,24022,63820000,-1.81,-6.53,5.88,3.90
2014-04-28,25.42,23.46,25.42,23.41,27509,66370000,-2.43,-9.39,7.76,4.47
2014-04-29,23.39,24.23,24.23,23.39,14876,35590000,0.77,3.28,3.58,2.42
2014-04-30,24.40,24.49,24.77,24.02,13378,32660000,0.26,1.07,3.10,2.17
2014-05-05,24.07,25.38,25.38,24.07,15995,39680000,0.89,3.63,5.35,2.60
2014-05-06,25.20,25.80,26.59,25.07,24143,62490000,0.42,1.65,5.99,3.92
2014-05-07,25.60,25.11,26.50,25.10,21117,54560000,-0.69,-2.67,5.43,3.43
2014-05-08,24.36,24.67,25.50,24.04,17016,42150000,-0.34,-1.36,5.84,2.76
2014-05-09,24.40,24.80,25.48,24.37,17273,43320000,0.13,0.53,4.50,2.81
2014-05-12,25.15,25.56,25.59,24.50,19075,47900000,0.76,3.06,4.40,3.10
2014-05-13,25.70,25.80,26.99,25.56,24915,65450000,0.24,0.94,5.59,4.05
2014-05-14,25.70,25.85,26.35,25.33,12972,33410000,0.05,0.19,3.95,2.11
2014-05-15,25.79,24.71,25.89,24.68,14858,37370000,-1.14,-4.41,4.68,2.41
2014-05-16,24.38,24.48,24.82,24.03,11468,27930000,-0.23,-0.93,3.20,1.86
2014-05-19,24.21,24.83,25.00,24.21,9755,24060000,0.35,1.43,3.23,1.58
2014-05-20,25.10,25.35,26.18,25.04,19547,49900000,0.52,2.09,4.59,3.18
2014-05-21,25.30,26.05,26.05,24.83,17933,45740000,0.70,2.76,4.81,2.91
2014-05-22,26.15,26.42,27.41,26.15,37293,99850000,0.37,1.42,4.84,6.06
2014-05-23,26.28,27.23,27.23,26.10,25990,69580000,0.81,3.07,4.28,4.22
2014-05-26,27.38,27.72,28.18,27.32,28884,80080000,0.49,1.80,3.16,4.69
2014-05-27,27.70,27.13,27.72,26.92,18751,51150000,-0.59,-2.13,2.89,3.05
2014-05-28,27.05,29.70,29.79,27.02,59533,171460000,2.57,9.47,10.21,9.67
2014-05-29,29.00,29.60,29.75,28.91,46901,137330000,-0.10,-0.34,2.83,7.62
2014-05-30,29.60,29.05,30.30,28.75,29404,86390000,-0.55,-1.86,5.24,4.78
2014-06-03,28.74,28.27,28.89,28.23,19306,55070000,-0.78,-2.69,2.27,1.88
2014-06-04,28.21,28.99,29.47,28.21,30638,88810000,0.72,2.55,4.46,2.99
2014-06-05,28.90,29.55,29.69,28.75,26469,77420000,0.56,1.93,3.24,2.58
2014-06-06,29.55,29.05,30.35,28.82,28087,83550000,-0.50,-1.69,5.18,2.74
2014-06-09,28.61,27.54,29.05,27.51,26275,73980000,-1.51,-5.20,5.30,2.56
2014-06-10,27.45,28.54,28.65,27.45,20026,56460000,1.00,3.63,4.36,1.95
2014-06-11,28.55,29.10,29.72,28.19,22502,65450000,0.56,1.96,5.36,2.19
2014-06-12,28.80,28.60,29.25,28.31,18925,54260000,-0.50,-1.72,3.23,1.84
2014-06-13,28.48,30.16,30.48,28.30,42315,126300000,1.56,5.45,7.62,4.12
2014-06-16,30.02,30.21,30.41,29.67,28763,86460000,0.05,0.17,2.45,2.80
2014-06-17,30.55,29.65,31.40,29.50,37014,112680000,-0.56,-1.85,6.29,3.61
2014-06-18,29.60,29.92,30.46,29.32,22424,67340000,0.27,0.91,3.84,2.19
2014-06-19,29.66,27.42,29.98,26.99,30447,86420000,-2.50,-8.36,9.99,2.97
2014-06-20,27.20,28.14,28.19,27.13,14827,41220000,0.72,2.63,3.87,1.44
2014-06-23,28.99,30.95,30.95,28.99,37776,115340000,2.81,9.99,6.97,3.68
2014-06-24,31.39,30.44,31.39,30.12,47746,145870000,-0.51,-1.65,4.10,4.65
2014-06-25,31.46,30.96,31.88,30.22,49534,153590000,0.52,1.71,5.45,4.83
2014-06-26,30.95,32.30,32.80,30.70,72284,231520000,1.34,4.33,6.78,7.04
2014-06-27,31.95,32.75,34.29,31.88,64736,214970000,0.45,1.39,7.46,6.31
2014-06-30,32.91,32.83,33.87,32.10,43045,141980000,0.08,0.24,5.40,4.19
2014-07-01,32.99,32.33,33.14,31.92,32557,105720000,-0.50,-1.52,3.72,3.17
2014-07-02,32.61,33.17,33.19,32.02,33319,108900000,0.84,2.60,3.62,3.25
2014-07-03,32.85,32.66,33.35,32.18,28775,94090000,-0.51,-1.54,3.53,2.80
2014-07-04,32.65,32.81,33.27,32.51,29626,97430000,0.15,0.46,2.33,2.89
2014-07-07,32.76,31.30,32.76,31.13,39042,123520000,-1.51,-4.60,4.97,3.80
2014-07-08,31.02,32.29,32.29,30.83,33061,104470000,0.99,3.16,4.66,3.22
2014-07-09,31.33,29.91,31.33,29.42,57573,175590000,-2.38,-7.37,5.92,5.61
2014-07-10,29.80,29.85,30.19,29.61,20727,61990000,-0.06,-0.20,1.94,2.02
2014-07-11,29.84,29.56,30.06,29.31,17412,51710000,-0.29,-0.97,2.51,1.70
2014-07-14,29.59,29.98,30.05,28.80,18248,53690000,0.42,1.42,4.23,1.78
2014-07-15,29.99,30.19,30.37,29.15,24640,73630000,0.21,0.70,4.07,2.40
2014-07-16,30.19,29.25,30.19,29.19,13432,39750000,-0.94,-3.11,3.31,1.31
2014-07-17,29.30,29.53,29.88,29.01,10984,32450000,0.28,0.96,2.97,1.07
2014-07-18,29.50,29.53,30.49,29.21,13778,41280000,0.00,0.00,4.33,1.34
2014-07-21,29.12,29.11,29.48,28.48,11989,34800000,-0.42,-1.42,3.39,1.17
2014-07-22,29.25,29.57,29.76,29.11,10475,30930000,0.46,1.58,2.23,1.02
2014-07-23,30.67,29.02,30.67,28.71,18133,53930000,-0.55,-1.86,6.63,1.77
2014-07-24,28.97,27.63,28.98,27.13,18832,52650000,-1.39,-4.79,6.37,1.84
2014-07-25,27.80,27.79,28.45,27.40,12012,33470000,0.16,0.58,3.80,1.17
2014-07-28,28.00,28.40,28.56,27.73,12024,33870000,0.61,2.20,2.99,1.17
2014-07-29,28.40,28.69,29.00,28.40,15329,44040000,0.29,1.02,2.11,1.49
2014-07-30,28.55,28.58,28.79,28.05,15334,43660000,-0.11,-0.38,2.58,1.49
2014-07-31,28.60,29.10,29.34,28.60,16649,48310000,0.52,1.82,2.59,1.62
2014-08-01,29.18,28.25,29.18,28.10,16151,46070000,-0.85,-2.92,3.71,1.57
2014-08-04,28.21,28.18,28.44,27.97,12032,33920000,-0.07,-0.25,1.66,1.17
2014-08-05,28.11,28.85,28.88,27.88,22066,62870000,0.67,2.38,3.55,2.15
2014-08-06,28.78,29.18,29.26,28.57,19087,55350000,0.33,1.14,2.39,1.86
2014-08-07,29.10,28.90,29.42,28.81,19999,58220000,-0.28,-0.96,2.09,1.95
2014-08-08,28.87,29.21,29.45,28.87,15737,46010000,0.31,1.07,2.01,1.53
2014-08-11,29.25,30.34,30.52,29.10,37329,112530000,1.13,3.87,4.86,3.64
2014-08-12,30.22,30.21,30.50,29.92,22171,66880000,-0.13,-0.43,1.91,2.16
2014-08-13,30.03,29.92,30.28,29.10,26604,78830000,-0.29,-0.96,3.91,2.59
2014-08-14,30.17,30.34,31.30,30.17,47850,146830000,0.42,1.40,3.78,4.66
2014-08-15,30.33,30.50,30.57,29.72,24395,73810000,0.16,0.53,2.80,2.38
2014-08-18,30.48,30.99,31.18,30.18,29952,91990000,0.49,1.61,3.28,2.92
2014-08-19,31.19,30.73,31.87,30.36,33977,105920000,-0.26,-0.84,4.87,3.31
2014-08-20,30.71,30.40,30.97,30.20,22751,69340000,-0.33,-1.07,2.51,2.22
2014-08-21,30.49,30.52,30.63,29.78,19755,59670000,0.12,0.39,2.80,1.92
2014-08-22,30.69,31.05,31.30,30.21,29153,89940000,0.53,1.74,3.57,2.84
2014-08-25,31.24,30.26,31.24,29.80,22356,68200000,-0.79,-2.54,4.64,2.18
2014-08-26,30.40,30.11,30.90,29.93,19579,59320000,-0.15,-0.50,3.21,1.91
2014-08-27,30.20,30.50,30.55,29.96,13429,40760000,0.39,1.30,1.96,1.31
2014-08-28,30.60,30.87,31.17,30.08,30557,94050000,0.37,1.21,3.57,2.98
2014-08-29,30.81,32.27,32.78,30.63,56907,181660000,1.40,4.54,6.96,5.55
2014-09-01,32.00,32.35,32.42,31.63,28926,92570000,0.08,0.25,2.45,2.82
2014-09-02,32.37,32.43,32.70,31.89,35726,115350000,0.08,0.25,2.50,3.48
2014-09-03,32.50,32.25,33.28,32.03,30566,99200000,-0.18,-0.56,3.85,2.98
2014-09-04,32.03,32.25,32.41,31.80,21741,69900000,0.00,0.00,1.89,2.12
2014-09-05,32.39,32.16,32.75,32.00,19956,64560000,-0.09,-0.28,2.33,1.94
2014-09-09,32.25,31.82,32.25,31.62,24253,77130000,-0.34,-1.06,1.96,2.36
2014-09-10,31.69,31.98,32.15,31.53,24031,76430000,0.16,0.50,1.95,2.34
2014-09-11,32.02,31.52,32.56,31.33,28095,90000000,-0.46,-1.44,3.85,2.74
2014-09-12,31.77,32.18,32.31,31.51,21803,69800000,0.66,2.09,2.54,2.12
2014-09-15,32.28,32.01,32.50,31.70,26804,85850000,-0.17,-0.53,2.49,2.61
2014-09-16,32.28,32.23,34.20,32.07,77465,256400000,0.22,0.69,6.65,7.55
2014-09-17,32.51,31.23,32.76,30.60,39581,124620000,-1.00,-3.10,6.70,3.86
2014-09-18,30.99,31.09,31.54,30.80,21142,65770000,-0.14,-0.45,2.37,2.06
2014-09-19,31.11,31.33,31.42,30.91,13783,43040000,0.24,0.77,1.64,1.34
2014-09-22,31.11,30.42,31.20,30.03,23269,70780000,-0.91,-2.90,3.73,2.27
2014-09-23,30.40,30.71,30.87,30.17,16042,48970000,0.29,0.95,2.30,1.56
2014-09-24,30.59,31.54,31.66,30.56,21629,67710000,0.83,2.70,3.58,2.11
2014-09-25,31.54,31.31,31.98,31.20,19921,62960000,-0.23,-0.73,2.47,1.94
2014-09-26,31.15,31.10,31.53,30.50,16685,51830000,-0.21,-0.67,3.29,1.63
2014-09-29,31.22,31.86,31.94,31.10,21674,68410000,0.76,2.44,2.70,2.11
2014-09-30,31.82,32.62,33.37,31.80,36898,120450000,0.76,2.39,4.93,3.60
2014-10-08,32.61,32.87,33.39,32.20,34535,113520000,0.25,0.77,3.65,3.37
2014-10-09,32.87,32.70,33.18,32.10,21441,70080000,-0.17,-0.52,3.29,2.09
2014-10-10,32.80,32.30,32.98,32.25,19582,63810000,-0.40,-1.22,2.23,1.91
2014-10-13,31.65,31.30,31.65,30.75,24493,76460000,-1.00,-3.10,2.79,2.39
2014-10-14,31.35,31.34,31.88,31.11,16015,50440000,0.04,0.13,2.46,1.56
2014-10-15,31.50,31.51,31.68,31.11,10781,33880000,0.17,0.54,1.82,1.05
2014-10-16,31.24,31.48,32.20,31.24,17619,55930000,-0.03,-0.10,3.05,1.72
2014-10-17,31.43,30.70,31.70,30.02,17391,53830000,-0.78,-2.48,5.34,1.69
2014-10-20,30.70,31.00,31.07,30.09,16942,51840000,0.30,0.98,3.19,1.65
2014-10-21,31.05,30.70,31.46,30.70,14997,46580000,-0.30,-0.97,2.45,1.46
2014-10-22,31.06,30.90,31.35,30.51,13071,40490000,0.20,0.65,2.74,1.27
2014-10-23,30.90,30.37,31.25,30.31,13622,41930000,-0.53,-1.72,3.04,1.33
2014-10-24,30.58,29.10,30.78,28.90,21919,64860000,-1.27,-4.18,6.19,2.14
2014-10-27,28.98,29.27,29.42,28.01,13432,38860000,0.17,0.58,4.85,1.31
2014-10-28,29.28,30.08,30.10,29.27,12351,36860000,0.81,2.77,2.84,1.20
2014-10-29,30.08,30.31,30.64,30.00,14166,43000000,0.23,0.76,2.13,1.38
2014-10-30,30.44,30.88,31.03,30.28,13878,42620000,0.57,1.88,2.47,1.35
2014-10-31,31.42,31.39,32.12,31.12,24910,78660000,0.51,1.65,3.24,2.43
2014-11-03,31.12,31.62,31.87,31.12,13533,42790000,0.23,0.73,2.39,1.32
2014-11-04,31.57,31.70,31.85,31.33,14005,44230000,0.08,0.25,1.64,1.36
2014-11-05,31.70,31.71,32.23,31.39,16303,51870000,0.01,0.03,2.65,1.59
2014-11-06,31.85,33.93,34.20,31.72,44429,146510000,2.22,7.00,7.82,4.33
2014-11-07,33.54,32.78,34.16,32.53,33764,113030000,-1.15,-3.39,4.80,3.29
2014-11-10,32.76,34.49,34.95,32.57,50059,171070000,1.71,5.22,7.26,4.88
2014-11-11,34.28,33.24,34.46,32.60,30537,102490000,-1.25,-3.62,5.39,2.98
2014-11-12,33.22,33.26,33.78,32.96,15509,51700000,0.02,0.06,2.47,1.51
2014-11-13,33.20,31.90,33.20,31.80,22217,71490000,-1.36,-4.09,4.21,2.16
2014-11-14,31.80,31.59,32.14,31.22,9200,29020000,-0.31,-0.97,2.88,0.90
2014-11-17,31.50,32.49,32.75,31.07,14504,46810000,0.90,2.85,5.32,1.41
2014-11-18,32.50,32.49,32.85,32.22,7167,23290000,0.00,0.00,1.94,0.70
2014-11-19,32.49,34.55,34.73,32.23,30766,103990000,2.06,6.34,7.69,3.00
2014-11-20,34.02,38.01,38.01,33.90,67751,244740000,3.46,10.01,11.90,6.60
2014-11-21,38.01,39.25,41.50,37.35,84334,331500000,1.24,3.26,10.92,8.22
2014-11-24,40.02,40.90,41.38,38.91,52036,208910000,1.65,4.20,6.29,5.07
2014-11-25,40.83,39.91,40.90,39.38,29658,118970000,-0.99,-2.42,3.72,2.89
2014-11-26,39.03,39.68,40.38,38.75,35552,140230000,-0.23,-0.58,4.08,3.46
2014-11-27,39.68,39.66,40.86,39.03,25042,99690000,-0.02,-0.05,4.61,2.44
2014-11-28,39.75,41.70,42.80,39.00,40528,165880000,2.04,5.14,9.58,3.95
2014-12-01,41.00,41.03,41.28,39.60,26490,106850000,-0.67,-1.61,4.03,2.58
2014-12-02,40.51,45.13,45.13,40.51,36294,159340000,4.10,9.99,11.26,3.54
2014-12-03,45.61,42.91,45.72,41.50,66941,287470000,-2.22,-4.92,9.35,6.52
2014-12-04,42.91,42.01,44.20,41.70,38442,164790000,-0.90,-2.10,5.83,3.75
2014-12-05,41.00,38.66,41.20,38.00,34437,135880000,-3.35,-7.97,7.62,3.36
2014-12-08,38.48,39.50,40.39,37.68,24515,96410000,0.84,2.17,7.01,2.39
2014-12-09,39.16,36.51,40.36,36.50,20585,78940000,-2.99,-7.57,9.77,2.01
2014-12-10,35.01,37.14,37.97,35.01,17665,65040000,0.63,1.73,8.11,1.72
2014-12-11,37.09,39.60,40.54,37.00,23304,91050000,2.46,6.62,9.53,2.27
2014-12-12,39.72,39.88,41.44,39.72,18079,73260000,0.28,0.71,4.34,1.76
2014-12-15,40.00,40.45,41.88,39.44,18656,76380000,0.57,1.43,6.12,1.82
2014-12-16,40.10,40.30,41.05,39.78,12208,49300000,-0.15,-0.37,3.14,1.19
2014-12-17,40.32,43.68,43.68,40.32,35412,151320000,3.38,8.39,8.34,3.45
2014-12-18,43.02,42.31,44.50,42.00,21593,92690000,-1.37,-3.14,5.72,2.10
2014-12-19,41.94,41.75,42.97,40.53,22860,94680000,-0.56,-1.32,5.77,2.23
2014-12-22,41.00,37.58,41.00,37.58,20280,77140000,-4.17,-9.99,8.19,1.98
2014-12-23,37.20,36.03,38.50,35.27,17680,65010000,-1.55,-4.12,8.60,1.72
2014-12-24,36.47,38.50,39.32,36.18,23842,91240000,2.47,6.86,8.72,2.32
2014-12-25,38.70,37.67,39.39,37.03,17578,66490000,-0.83,-2.16,6.13,1.71
2014-12-26,37.41,36.77,37.95,36.40,13024,47930000,-0.90,-2.39,4.11,1.27
2014-12-29,36.50,34.35,36.74,33.10,29377,100270000,-2.42,-6.58,9.90,2.86
2014-12-30,34.01,32.00,34.34,31.63,24673,80370000,-2.35,-6.84,7.89,2.40
2014-12-31,32.05,32.50,33.20,31.55,19186,61630000,0.50,1.56,5.16,1.87
2015-01-05,32.38,29.88,32.38,29.25,44184,131870000,-2.62,-8.06,9.63,4.31
2015-01-06,29.52,31.25,31.59,29.50,29784,91140000,1.37,4.59,6.99,2.90
2015-01-07,31.04,30.90,31.57,30.40,17992,55670000,-0.35,-1.12,3.74,1.75
2015-01-08,30.92,31.21,32.00,30.09,24312,76220000,0.31,1.00,6.18,2.37
2015-01-09,30.47,30.32,31.85,30.04,27817,86020000,-0.89,-2.85,5.80,2.67
2015-01-12,30.51,32.85,32.87,30.11,35611,112890000,2.53,8.34,9.10,3.42
2015-01-13,32.88,33.90,34.23,32.05,32158,107630000,1.05,3.20,6.64,3.09
2015-01-14,33.92,32.70,33.92,32.33,19010,62380000,-1.20,-3.54,4.69,1.83
2015-01-15,32.67,32.09,33.28,32.08,15101,48880000,-0.61,-1.87,3.67,1.45
2015-01-16,32.10,33.00,33.63,31.84,18886,61840000,0.91,2.84,5.58,1.82
2015-01-19,32.00,32.94,34.20,31.60,30657,102420000,-0.06,-0.18,7.88,2.95
2015-01-20,33.01,34.85,35.30,33.01,30852,105440000,1.91,5.80,6.95,2.97
2015-01-21,34.58,34.82,35.35,34.20,27181,94190000,-0.03,-0.09,3.30,2.61
2015-01-22,34.77,35.95,36.24,34.56,28912,102650000,1.13,3.25,4.82,2.78
2015-01-23,35.50,34.17,35.80,34.00,25198,87210000,-1.78,-4.95,5.01,2.42
2015-01-26,34.38,34.58,35.15,34.03,14907,51400000,0.41,1.20,3.28,1.43
2015-01-27,34.69,35.90,36.88,34.21,44666,160940000,1.32,3.82,7.72,4.29
2015-01-28,35.69,35.00,35.84,34.50,20877,73590000,-0.90,-2.51,3.73,2.01
2015-01-29,34.70,36.00,36.98,34.58,29090,105030000,1.00,2.86,6.86,2.80
2015-01-30,36.00,36.27,37.75,35.88,33185,122980000,0.27,0.75,5.19,3.19
2015-02-02,35.71,34.83,36.10,34.40,22523,79170000,-1.44,-3.97,4.69,2.17
2015-02-03,35.00,36.71,38.31,34.88,44953,167520000,1.88,5.40,9.85,4.32
2015-02-04,36.66,36.87,37.30,35.70,29656,107840000,0.16,0.44,4.36,2.85
2015-02-05,36.68,37.19,37.90,35.85,37116,138600000,0.32,0.87,5.56,3.57
2015-02-06,37.01,35.44,37.44,35.36,22921,82640000,-1.75,-4.71,5.59,2.20
2015-02-09,35.02,34.03,36.27,33.68,23018,80650000,-1.41,-3.98,7.31,2.21
2015-02-10,33.92,35.50,35.98,33.80,14869,51830000,1.47,4.32,6.41,1.43
2015-02-11,35.60,35.58,36.80,35.32,16567,59590000,0.08,0.23,4.17,1.59
2015-02-12,35.96,36.35,36.63,35.58,21596,78050000,0.77,2.16,2.95,2.08
2015-02-13,36.18,36.98,37.60,36.18,29527,108900000,0.63,1.73,3.91,2.84
2015-02-16,37.81,38.56,39.00,37.01,37494,142670000,1.58,4.27,5.38,3.61
2015-02-17,38.83,38.90,39.40,37.65,28484,109940000,0.34,0.88,4.54,2.74
2015-02-25,39.20,37.25,40.04,36.61,39340,151870000,-1.65,-4.24,8.82,3.78
2015-02-26,37.09,37.45,38.38,36.70,20046,74990000,0.20,0.54,4.51,1.93
2015-02-27,37.61,38.14,38.24,36.85,24609,92560000,0.69,1.84,3.71,2.37
2015-03-02,38.15,38.91,39.28,37.26,36231,137600000,0.77,2.02,5.30,3.48
2015-03-03,38.50,36.80,38.81,36.72,42722,161320000,-2.11,-5.42,5.37,4.11
2015-03-04,36.75,37.59,37.73,36.58,34025,126680000,0.79,2.15,3.13,3.27
2015-03-05,37.59,39.37,40.30,37.32,64439,251760000,1.78,4.74,7.93,6.20
2015-03-06,39.39,38.55,39.60,37.30,37772,144510000,-0.82,-2.08,5.84,3.63
2015-03-09,38.30,37.86,38.30,35.00,22176,83550000,-0.69,-1.79,8.56,2.13
2015-03-10,37.97,38.19,39.38,37.61,31815,122730000,0.33,0.87,4.68,3.06
2015-03-11,38.03,37.10,38.19,36.95,29493,109710000,-1.09,-2.85,3.25,2.84
2015-03-12,37.05,36.20,37.30,35.80,26388,96330000,-0.90,-2.43,4.04,2.54
2015-03-13,36.02,37.00,37.57,35.95,18731,68880000,0.80,2.21,4.48,1.80
2015-03-16,37.21,38.01,38.50,37.10,32974,124690000,1.01,2.73,3.78,3.17
2015-03-17,38.12,38.75,39.35,37.30,53171,203300000,0.74,1.95,5.39,5.11
2015-03-18,38.53,40.68,42.38,38.38,74995,302660000,1.93,4.98,10.32,7.21
2015-03-19,40.35,40.22,40.97,39.77,39843,160320000,-0.46,-1.13,2.95,3.83
2015-03-20,40.25,40.81,40.95,39.81,45027,181920000,0.59,1.47,2.83,4.33
2015-03-23,40.75,41.88,42.38,40.50,48696,201720000,1.07,2.62,4.61,4.68
2015-03-24,42.20,41.10,42.29,39.81,47226,193520000,-0.78,-1.86,5.92,4.54
2015-03-25,40.60,42.58,43.65,40.60,65381,277410000,1.48,3.60,7.42,6.29
2015-03-26,41.58,40.32,42.00,38.88,46849,190480000,-2.26,-5.31,7.33,4.50
2015-03-27,40.10,40.86,41.20,40.10,29791,120820000,0.54,1.34,2.73,2.86
2015-03-30,41.00,40.58,41.02,39.15,35522,141940000,-0.28,-0.69,4.58,3.42
2015-03-31,40.24,41.27,42.49,40.20,41906,173560000,0.69,1.70,5.64,4.03
2015-04-01,41.03,42.06,42.75,41.03,41496,174410000,0.79,1.91,4.17,3.99
2015-04-02,42.27,43.11,44.55,42.00,49475,213860000,1.05,2.50,6.06,4.76
2015-04-03,42.70,47.42,47.42,42.62,65661,297050000,4.31,10.00,11.13,6.31
2015-04-07,48.06,47.02,49.49,46.55,69492,330640000,-0.40,-0.84,6.20,6.68
2015-04-08,47.97,45.14,48.99,43.76,60905,281500000,-1.88,-4.00,11.12,5.86
2015-04-09,45.05,49.65,49.65,42.70,60674,281300000,4.51,9.99,15.40,5.83
2015-04-10,52.30,54.62,54.62,51.73,79984,429470000,4.97,10.01,5.82,7.69
2015-04-13,55.88,53.30,55.99,52.01,75832,411580000,-1.32,-2.42,7.29,7.29
2015-04-14,53.03,53.87,58.00,52.58,67711,372890000,0.57,1.07,10.17,6.51
2015-04-15,52.99,49.38,53.80,48.88,53126,269900000,-4.49,-8.33,9.13,5.11
2015-04-16,49.40,48.01,51.30,47.80,37306,185520000,-1.37,-2.77,7.09,3.59
2015-04-17,47.99,48.47,50.00,47.35,38660,186790000,0.46,0.96,5.52,3.72
2015-04-20,48.10,47.35,49.70,46.92,33324,160280000,-1.12,-2.31,5.74,3.20
2015-04-21,47.35,49.15,49.77,47.10,39418,192500000,1.80,3.80,5.64,3.79
2015-04-22,48.80,50.03,52.45,48.80,50217,253270000,0.88,1.79,7.43,4.83
2015-04-23,50.00,50.76,51.80,49.76,46189,234790000,0.73,1.46,4.08,4.44
2015-04-24,49.80,55.84,55.84,48.88,85333,457030000,5.08,10.01,13.71,8.21
2015-04-27,55.77,53.39,57.88,53.00,55217,302660000,-2.45,-4.39,8.74,5.31
2015-04-28,53.03,49.51,53.80,48.10,40390,203550000,-3.88,-7.27,10.68,3.88
2015-04-29,49.51,54.46,54.46,49.46,44497,234670000,4.95,10.00,10.10,4.28
2015-04-30,58.88,59.91,59.91,58.87,21014,125060000,5.45,10.01,1.91,2.02
2015-05-04,62.99,60.50,62.99,57.30,71162,420710000,0.59,0.98,9.50,6.84
2015-05-05,37.10,35.00,40.00,34.30,72196,255160000,-2.81,-7.43,15.08,4.34
2015-05-06,35.18,33.40,35.99,33.20,76096,265820000,-1.60,-4.57,7.97,4.57
2015-05-07,33.18,36.74,36.74,32.85,109794,388640000,3.34,10.00,11.65,6.60
2015-05-08,37.33,39.80,40.40,36.09,105375,404780000,3.06,8.33,11.73,6.33
2015-05-11,39.00,43.02,43.60,38.46,96118,399340000,3.22,8.09,12.91,5.78
2015-05-12,42.00,41.86,43.90,40.56,93968,395750000,-1.16,-2.70,7.76,5.65
2015-05-13,40.89,44.04,45.65,39.90,95668,414870000,2.18,5.21,13.74,5.75
2015-05-14,45.50,43.13,46.70,42.91,65791,293630000,-0.91,-2.07,8.61,3.95
2015-05-15,42.00,42.07,43.18,41.00,51121,214140000,-1.06,-2.46,5.05,3.07
2015-05-18,42.47,43.99,44.43,42.02,55930,244340000,1.92,4.56,5.73,3.36
2015-05-19,43.30,46.00,46.59,43.30,53859,243620000,2.01,4.57,7.48,3.24
2015-05-20,46.00,45.95,48.00,45.00,52649,245940000,-0.05,-0.11,6.52,3.16
2015-05-21,46.00,46.50,47.60,45.00,54654,253260000,0.55,1.20,5.66,3.28
2015-05-22,47.90,49.50,51.15,46.48,99781,490900000,3.00,6.45,10.04,6.00
2015-05-25,47.02,51.80,53.21,45.58,84417,411910000,2.30,4.65,15.41,5.07
2015-05-26,53.58,56.98,56.98,50.55,89292,486100000,5.18,10.00,12.41,5.37
2015-05-27,57.17,58.43,61.87,55.02,75837,443760000,1.45,2.54,12.02,4.56
2015-05-28,57.46,52.59,60.88,52.59,73477,412120000,-5.84,-9.99,14.19,4.42
2015-05-29,51.50,54.21,55.10,50.20,62155,330550000,1.62,3.08,9.32,3.74
2015-06-01,54.00,54.20,57.77,53.51,52229,289150000,-0.01,-0.02,7.86,3.14
2015-06-02,54.30,56.40,57.89,53.40,65364,364400000,2.20,4.06,8.28,3.93
2015-06-03,56.66,53.78,57.00,51.51,51591,280100000,-2.62,-4.65,9.73,3.10
2015-06-04,53.70,50.06,54.23,48.40,66731,333350000,-3.72,-6.92,10.84,4.01
2015-06-05,50.86,48.94,51.71,48.31,57375,286560000,-1.12,-2.24,6.79,3.45
2015-06-08,49.30,45.53,49.70,45.01,66134,308770000,-3.41,-6.97,9.58,3.97
2015-06-09,46.59,47.26,48.00,45.53,49605,231570000,1.73,3.80,5.43,2.98
2015-06-10,47.02,48.13,48.96,46.08,47096,225620000,0.87,1.84,6.09,2.83
2015-06-11,48.18,49.82,50.21,48.16,53114,262600000,1.69,3.51,4.26,3.19
2015-06-12,49.82,50.57,52.68,49.52,56168,287700000,0.75,1.51,6.34,3.38
2015-06-15,50.80,46.20,50.87,45.76,52553,252080000,-4.37,-8.64,10.10,3.16
2015-06-16,45.90,42.90,45.90,41.73,53594,231220000,-3.30,-7.14,9.03,3.22
2015-06-17,42.90,45.32,45.60,42.70,45030,198810000,2.42,5.64,6.76,2.71
2015-06-18,45.36,41.50,45.36,41.25,32166,141120000,-3.82,-8.43,9.07,1.93
2015-06-19,40.55,39.61,43.01,39.00,40139,165360000,-1.89,-4.55,9.66,2.41
2015-06-23,40.55,43.54,43.56,39.59,47074,195290000,3.93,9.92,10.02,2.83
2015-06-24,44.02,44.64,45.95,42.72,53529,237740000,1.10,2.53,7.42,3.22
2015-06-25,45.65,41.07,45.65,40.18,42355,181480000,-3.57,-8.00,12.25,2.55
2015-06-26,39.58,36.96,43.43,36.96,65920,265550000,-4.11,-10.01,15.75,3.96
2015-06-29,38.16,33.26,38.17,33.26,63719,223780000,-3.70,-10.01,13.28,3.83
2015-06-30,33.00,35.60,36.38,29.93,67080,221040000,2.34,7.04,19.39,4.03
2015-07-01,34.88,32.52,36.82,32.05,58644,206730000,-3.08,-8.65,13.40,3.52
2015-07-02,31.19,29.27,33.35,29.27,52524,161150000,-3.25,-9.99,12.55,3.16
2015-07-03,26.89,26.34,29.89,26.34,53026,143150000,-2.93,-10.01,12.13,3.19
2015-07-06,28.97,23.71,28.97,23.71,63539,161240000,-2.63,-9.98,19.97,3.82
2015-07-07,21.71,21.34,21.71,21.34,13015,27840000,-2.37,-10.00,1.56,0.78
2015-07-08,19.21,19.65,20.50,19.21,199962,387000000,-1.69,-7.92,6.05,12.02
2015-07-09,19.30,21.62,21.62,19.30,37249,78040000,1.97,10.03,11.81,2.24
2015-07-10,23.48,23.78,23.78,22.51,40854,96520000,2.16,9.99,5.87,2.46
2015-07-13,26.16,26.16,26.16,25.20,89194,233040000,2.38,10.01,4.04,5.36
2015-07-14,27.60,28.78,28.78,26.52,123954,350240000,2.62,10.02,8.64,7.45
2015-07-15,27.48,25.90,27.65,25.90,86041,225910000,-2.88,-10.01,6.08,5.17
2015-07-16,23.31,25.73,26.99,23.31,85175,213590000,-0.17,-0.66,14.21,5.12
2015-07-17,26.03,27.95,28.20,25.40,72048,194940000,2.22,8.63,10.88,4.33
2015-07-20,27.50,28.77,29.79,27.02,82215,235310000,0.82,2.93,9.91,4.94
2015-07-21,27.62,29.29,29.39,27.62,73459,209790000,0.52,1.81,6.15,4.41
2015-07-22,28.70,30.20,30.79,28.60,79326,235520000,0.91,3.11,7.48,4.77
2015-07-23,30.20,30.87,31.55,29.31,83212,252790000,0.67,2.22,7.42,5.00
2015-07-24,31.00,30.03,32.67,29.40,87158,273140000,-0.84,-2.72,10.59,5.24
2015-07-27,29.00,27.03,29.98,27.03,65050,185750000,-3.00,-9.99,9.82,3.91
2015-07-28,24.35,24.33,26.15,24.33,83650,206530000,-2.70,-9.99,6.73,5.03
2015-07-29,24.87,25.63,26.01,22.50,78218,188600000,1.30,5.34,14.43,4.70
2015-07-30,25.46,23.40,25.90,23.20,64759,162560000,-2.23,-8.70,10.53,3.89
2015-07-31,22.70,23.35,24.50,22.60,45173,106770000,-0.05,-0.21,8.12,2.71
2015-08-03,22.61,21.02,23.00,21.02,47156,102180000,-2.33,-9.98,8.48,2.83
2015-08-04,21.15,23.12,23.12,21.15,48125,106430000,2.10,9.99,9.37,2.89
2015-08-05,24.00,23.83,24.84,23.31,60835,146930000,0.71,3.07,6.62,3.66
2015-08-06,22.82,24.35,24.98,22.81,57972,139860000,0.52,2.18,9.11,3.48
2015-08-07,24.65,25.65,25.85,24.35,74592,188280000,1.30,5.34,6.16,4.48
2015-08-10,25.90,27.65,27.88,25.46,68770,182250000,2.00,7.80,9.43,4.13
2015-08-11,27.50,27.06,27.75,26.70,68939,188200000,-0.59,-2.13,3.80,4.14
2015-08-12,26.52,25.48,27.10,25.30,52852,139730000,-1.58,-5.84,6.65,3.18
2015-08-13,25.15,26.80,26.80,25.15,79585,206240000,1.32,5.18,6.48,4.78
2015-08-14,27.38,27.22,27.97,26.84,75758,206630000,0.42,1.57,4.22,4.55
2015-08-17,26.70,27.65,27.77,26.20,60075,162810000,0.43,1.58,5.77,3.61
2015-08-18,27.66,24.89,29.28,24.89,107782,295940000,-2.76,-9.98,15.88,6.48
2015-08-19,23.51,25.52,25.96,22.70,73737,177310000,0.63,2.53,13.10,4.43
2015-08-20,25.03,24.34,25.58,24.00,50559,125760000,-1.18,-4.62,6.19,3.04
2015-08-21,23.66,22.11,23.90,22.00,46185,106070000,-2.23,-9.16,7.81,2.78
2015-08-24,20.50,19.90,20.90,19.90,33752,67720000,-2.21,-10.00,4.52,2.03
2015-08-25,17.93,17.91,18.76,17.91,35723,64460000,-1.99,-10.00,4.27,2.15
2015-08-26,17.88,16.30,18.55,16.20,49560,86430000,-1.61,-8.99,13.12,2.98
2015-08-27,17.01,17.40,17.70,15.68,44199,74320000,1.10,6.75,12.39,2.66
2015-08-28,17.90,19.10,19.10,17.51,49913,90290000,1.70,9.77,9.14,3.00
2015-08-31,18.90,17.66,18.90,17.60,41916,76310000,-1.44,-7.54,6.81,2.52
2015-09-01,17.66,15.89,17.66,15.89,39589,64730000,-1.77,-10.02,10.02,2.38
2015-09-02,14.80,15.01,17.00,14.71,42498,66630000,-0.88,-5.54,14.41,2.55
2015-09-07,15.40,15.91,16.40,15.40,42350,67300000,0.90,6.00,6.66,2.55
2015-09-08,15.60,17.44,17.50,15.40,49350,80650000,1.53,9.62,13.20,2.97
2015-09-09,17.51,18.37,18.58,17.44,65216,118200000,0.93,5.33,6.54,3.92
2015-09-10,18.00,18.05,18.92,17.76,41841,76350000,-0.32,-1.74,6.31,2.51
2015-09-11,18.00,18.18,18.78,17.61,40004,72850000,0.13,0.72,6.48,2.40
2015-09-14,18.22,16.36,18.47,16.36,41111,71190000,-1.82,-10.01,11.61,2.47
2015-09-15,15.79,14.73,16.17,14.72,42938,65700000,-1.63,-9.96,8.86,2.58
2015-09-16,14.90,16.20,16.20,14.76,53693,82950000,1.47,9.98,9.78,3.23
2015-09-17,16.30,16.60,17.60,16.20,70101,118040000,0.40,2.47,8.64,4.21
2015-09-18,16.71,18.26,18.26,16.25,84433,148770000,1.66,10.00,12.11,5.07
2015-09-21,18.50,19.75,20.08,18.21,119578,228340000,1.49,8.16,10.24,7.19
2015-09-22,19.10,19.44,19.85,18.92,95816,185250000,-0.31,-1.57,4.71,5.76
2015-09-23,19.00,21.38,21.38,18.75,110674,222990000,1.94,9.98,13.53,6.65
2015-09-24,22.00,20.90,22.30,20.50,94396,199820000,-0.48,-2.25,8.42,5.67
2015-09-25,20.51,19.50,21.60,18.81,94137,189270000,-1.40,-6.70,13.35,5.66
2015-09-28,20.25,21.45,21.45,19.98,98423,207330000,1.95,10.00,7.54,5.91
2015-09-29,21.01,23.60,23.60,20.88,146370,325890000,2.15,10.02,12.68,8.80
2015-09-30,24.00,22.61,25.64,22.42,133872,319130000,-0.99,-4.19,13.64,8.05
2015-10-08,23.38,24.87,24.87,23.03,95380,227920000,2.26,10.00,8.14,5.73
2015-10-09,24.50,27.36,27.36,24.30,95091,245940000,2.49,10.01,12.30,5.71
2015-10-12,28.20,26.99,29.17,26.70,210719,585950000,-0.37,-1.35,9.03,12.66
2015-10-13,26.25,27.69,28.89,26.21,155152,430780000,0.70,2.59,9.93,9.32
2015-10-14,27.10,26.58,27.80,26.27,107530,289190000,-1.11,-4.01,5.53,6.46
2015-10-15,26.20,28.13,28.99,25.80,136119,373890000,1.55,5.83,12.00,8.18
2015-10-16,28.30,27.82,28.38,26.80,119538,329620000,-0.31,-1.10,5.62,7.18
2015-10-19,27.57,28.50,30.29,27.50,136462,393420000,0.68,2.44,10.03,8.20
2015-10-20,28.68,29.84,31.35,28.68,134032,403390000,1.34,4.70,9.37,8.05
2015-10-21,29.35,26.86,29.77,26.86,132468,372220000,-2.98,-9.99,9.75,7.96
2015-10-22,26.71,27.83,28.23,25.60,122232,331330000,0.97,3.61,9.79,7.35
2015-10-23,27.51,28.79,29.20,27.00,135949,380840000,0.96,3.45,7.91,8.17
2015-10-26,28.80,28.09,28.88,27.20,103681,291230000,-0.70,-2.43,5.84,6.23
2015-10-27,27.85,30.90,30.90,27.81,163276,486080000,2.81,10.00,11.00,9.81
2015-10-28,31.66,30.31,33.99,30.06,189268,610150000,-0.59,-1.91,12.72,11.37
2015-10-29,30.31,30.38,31.49,29.19,107295,324830000,0.07,0.23,7.59,6.45
2015-10-30,29.80,29.37,30.47,28.90,78779,233890000,-1.01,-3.32,5.17,4.73
2015-11-02,28.21,30.35,32.31,27.76,115097,348120000,0.98,3.34,15.49,6.92
2015-11-03,30.30,31.88,32.98,30.00,104642,332700000,1.53,5.04,9.82,6.29
2015-11-04,31.60,33.90,34.66,31.25,121302,401200000,2.02,6.34,10.70,7.29
2015-11-05,33.47,34.85,35.62,33.02,128375,442070000,0.95,2.80,7.67,7.71
2015-11-06,38.23,38.34,38.34,38.07,39749,152320000,3.49,10.01,0.77,2.39
2015-11-09,38.50,39.10,41.80,37.51,143942,563850000,0.76,1.98,11.19,8.65
2015-11-10,38.19,38.37,39.60,37.48,94348,363050000,-0.73,-1.87,5.42,5.67
2015-11-11,37.76,39.18,40.80,37.76,96947,382130000,0.81,2.11,7.92,5.83
2015-11-12,39.97,37.71,40.01,36.88,108794,412630000,-1.47,-3.75,7.99,6.54
2015-11-13,37.00,36.58,38.50,36.48,70815,263760000,-1.13,-3.00,5.36,4.26
2015-11-16,36.00,38.35,38.49,35.31,66496,249490000,1.77,4.84,8.69,4.00
2015-11-17,38.48,36.10,39.40,35.91,97327,364790000,-2.25,-5.87,9.10,5.85
2015-11-18,36.25,36.43,38.32,36.00,74599,277270000,0.33,0.91,6.43,4.48
2015-11-19,36.60,40.07,40.07,36.60,144541,560550000,3.64,9.99,9.53,8.69
2015-11-20,40.23,39.40,40.43,38.30,119373,469230000,-0.67,-1.67,5.32,7.17
2015-11-23,38.88,37.61,39.10,37.08,78174,296430000,-1.79,-4.54,5.13,4.70
2015-11-24,37.90,39.00,39.07,36.81,76788,292790000,1.39,3.70,6.01,4.61
2015-11-25,38.70,40.26,42.47,38.69,115038,468830000,1.26,3.23,9.69,6.91
2015-11-26,39.94,38.91,40.88,38.50,73448,290240000,-1.35,-3.35,5.91,4.41
2015-11-27,38.73,37.00,40.00,35.02,97640,371780000,-1.91,-4.91,12.80,5.87
2015-11-30,36.90,36.17,37.80,33.51,80814,288970000,-0.83,-2.24,11.59,4.86
2015-12-01,36.10,35.10,36.85,34.58,50173,179380000,-1.07,-2.96,6.28,3.02
2015-12-02,35.29,34.40,35.80,32.19,48524,164990000,-0.70,-1.99,10.28,2.92
2015-12-03,34.50,35.95,35.95,34.25,46534,164240000,1.55,4.51,4.94,2.80
2015-12-04,35.89,36.23,37.10,35.33,58796,213500000,0.28,0.78,4.92,3.53
2015-12-07,36.25,36.10,36.40,35.18,43936,157280000,-0.13,-0.36,3.37,2.64
2015-12-08,36.00,34.48,36.00,34.40,40865,143080000,-1.62,-4.49,4.43,2.46
2015-12-09,34.30,35.03,36.07,34.00,44184,155820000,0.55,1.60,6.00,2.66
2015-12-10,34.57,34.63,35.28,34.38,34806,121180000,-0.40,-1.14,2.57,2.09
2015-12-11,34.10,33.73,34.75,33.55,28030,95770000,-0.90,-2.60,3.47,1.68
2015-12-14,32.90,33.80,33.80,31.88,50224,164240000,0.07,0.21,5.69,3.02
2015-12-15,34.03,34.30,34.88,33.90,37062,127730000,0.50,1.48,2.90,2.23
2015-12-16,34.80,35.48,36.40,34.41,57095,204080000,1.18,3.44,5.80,3.43
2015-12-17,36.09,36.27,36.40,35.60,55087,198700000,0.79,2.23,2.25,3.31
2015-12-18,36.47,36.41,37.38,36.20,52672,193370000,0.14,0.39,3.25,3.17
2015-12-21,36.43,36.47,36.96,35.13,38688,139480000,0.06,0.16,5.03,2.33
2015-12-22,36.22,37.90,38.35,36.22,68458,256950000,1.43,3.92,5.84,4.11
2015-12-23,37.60,36.20,37.79,36.04,56290,207120000,-1.70,-4.49,4.62,3.38
2015-12-24,36.00,37.52,37.88,35.61,45762,168320000,1.32,3.65,6.27,2.75
2015-12-25,37.69,37.81,39.30,37.45,61947,238250000,0.29,0.77,4.93,3.72
2015-12-28,37.77,36.55,39.11,36.50,60097,227680000,-1.26,-3.33,6.90,3.61
2015-12-29,36.10,36.30,36.77,35.40,45458,163490000,-0.25,-0.68,3.75,2.73
2015-12-30,36.51,38.55,38.67,36.37,62341,234410000,2.25,6.20,6.34,3.75
2015-12-31,38.56,36.91,38.80,36.71,51391,192920000,-1.64,-4.25,5.42,3.09
2016-01-04,37.00,33.22,37.00,33.22,42057,144910000,-3.69,-10.00,10.24,2.53
2016-01-05,30.23,30.70,32.88,29.90,59752,186060000,-2.52,-7.59,8.97,3.59
2016-01-06,30.98,31.40,31.58,30.00,40091,124490000,0.70,2.28,5.15,2.41
2016-01-07,30.48,28.26,30.48,28.26,10269,29900000,-3.14,-10.00,7.07,0.62
2016-01-08,28.77,27.25,29.24,25.44,48314,133370000,-1.01,-3.57,13.45,2.90
2016-01-11,25.88,24.53,26.50,24.53,43203,108920000,-2.72,-9.98,7.23,2.60
2016-01-12,24.53,24.84,25.35,23.30,45525,112090000,0.31,1.26,8.36,2.74
2016-01-13,25.12,22.36,25.30,22.36,49091,118220000,-2.48,-9.98,11.84,2.95
2016-01-14,21.00,23.96,24.14,21.00,60984,138080000,1.60,7.16,14.04,3.66
2016-01-15,23.33,22.60,24.24,22.38,47942,111860000,-1.36,-5.68,7.76,2.88
2016-01-18,22.00,23.88,24.79,21.83,55684,131690000,1.28,5.66,13.10,3.35
2016-01-19,23.89,25.75,25.99,23.71,63810,158200000,1.87,7.83,9.55,3.83
2016-01-20,25.16,25.32,25.79,24.70,53889,136260000,-0.43,-1.67,4.23,3.24
2016-01-21,24.80,24.58,26.50,24.58,56905,144540000,-0.74,-2.92,7.58,3.42
2016-01-22,25.19,25.81,26.19,24.10,49258,124210000,1.23,5.00,8.50,2.96
2016-01-25,26.10,25.79,26.49,25.26,43957,114270000,-0.02,-0.08,4.77,2.64
2016-01-26,25.03,23.21,25.31,23.21,43935,106370000,-2.58,-10.00,8.14,2.64
2016-01-27,23.21,23.65,23.90,21.36,46887,105750000,0.44,1.90,10.94,2.82
2016-01-28,23.06,21.98,23.44,21.60,37643,85430000,-1.67,-7.06,7.78,2.26
2016-01-29,21.46,23.50,24.08,21.46,41260,95020000,1.52,6.92,11.92,2.48
2016-02-01,23.65,22.69,23.65,21.33,33356,76160000,-0.81,-3.45,9.87,2.00
2016-02-02,22.67,24.28,24.30,22.52,41930,99790000,1.59,7.01,7.84,2.52
2016-02-03,23.80,24.50,24.76,23.40,42798,102130000,0.22,0.91,5.60,2.57
2016-02-04,24.60,25.31,25.63,24.40,48886,123030000,0.81,3.31,5.02,2.94
2016-02-05,25.51,24.72,25.51,24.60,32617,81190000,-0.59,-2.33,3.60,1.96
2016-02-15,23.79,24.99,25.22,23.01,37344,90190000,0.27,1.09,8.94,2.24
2016-02-16,25.10,26.23,26.43,25.00,49829,129450000,1.24,4.96,5.72,2.99
2016-02-17,26.03,26.70,26.99,25.60,48977,128540000,0.47,1.79,5.30,2.94
2016-02-18,26.68,25.91,26.90,25.90,45646,120250000,-0.79,-2.96,3.75,2.74
2016-02-19,25.85,26.30,26.69,25.63,42672,111960000,0.39,1.51,4.09,2.56
2016-02-22,27.38,27.27,28.15,26.60,63103,172470000,0.97,3.69,5.89,3.79
2016-02-23,27.48,28.28,28.50,26.93,76305,211510000,1.01,3.70,5.76,4.59
2016-02-24,27.40,27.34,27.89,26.33,58696,159760000,-0.94,-3.32,5.52,3.53
2016-02-25,26.98,24.61,27.19,24.61,58060,148650000,-2.73,-9.99,9.44,3.49
2016-02-26,24.90,24.64,25.70,24.30,43397,108720000,0.03,0.12,5.69,2.61
2016-02-29,24.49,22.18,24.49,22.18,38928,88020000,-2.46,-9.98,9.38,2.34
2016-03-01,22.20,22.53,23.18,20.51,42878,94700000,0.35,1.58,12.04,2.58
2016-03-02,22.44,23.55,23.66,22.15,41735,95970000,1.02,4.53,6.70,2.51
2016-03-03,23.35,23.30,24.28,23.29,40907,97060000,-0.25,-1.06,4.20,2.46
2016-03-04,23.10,21.50,23.16,21.30,43688,96970000,-1.80,-7.73,7.98,2.63
2016-03-07,21.80,21.98,22.80,21.80,29308,65150000,0.48,2.23,4.65,1.76
2016-03-08,21.80,22.49,22.50,20.00,41413,89220000,0.51,2.32,11.37,2.49
2016-03-09,22.00,21.88,22.79,21.49,27349,60570000,-0.61,-2.71,5.78,1.64
2016-03-10,21.86,21.50,22.35,21.41,22002,48100000,-0.38,-1.74,4.30,1.32
2016-03-11,21.00,21.69,21.70,20.71,25928,55120000,0.19,0.88,4.60,1.56
2016-03-14,22.10,23.38,23.78,22.10,48354,111730000,1.69,7.79,7.75,2.91
2016-03-15,23.25,22.90,23.51,22.75,34099,78750000,-0.48,-2.05,3.25,2.05
2016-03-16,23.58,22.57,23.88,22.45,29708,68270000,-0.33,-1.44,6.24,1.79
2016-03-17,22.75,24.01,24.10,22.50,50084,117840000,1.44,6.38,7.09,3.01
2016-03-18,24.03,25.13,25.38,24.03,55787,138530000,1.12,4.66,5.62,3.35
2016-03-21,25.45,25.86,26.46,25.13,54107,139130000,0.73,2.90,5.29,3.25
2016-03-22,25.42,26.01,26.88,25.38,51797,136060000,0.15,0.58,5.80,3.11
2016-03-23,25.84,26.98,27.27,25.51,57326,150740000,0.97,3.73,6.77,3.45
2016-03-24,26.60,26.12,27.60,26.10,61608,165290000,-0.86,-3.19,5.56,3.70
2016-03-25,25.75,25.90,26.24,25.30,41382,106550000,-0.22,-0.84,3.60,2.49
2016-03-28,26.10,25.78,26.52,25.58,35821,93710000,-0.12,-0.46,3.63,2.15
2016-03-29,25.10,24.30,25.60,23.85,59095,144420000,-1.48,-5.74,6.79,3.55
2016-03-30,24.50,25.76,25.87,24.50,51589,129190000,1.46,6.01,5.64,3.10
2016-03-31,25.60,25.85,26.58,25.60,59261,154310000,0.09,0.35,3.80,3.56
2016-04-01,25.67,25.38,25.67,24.66,45635,114390000,-0.47,-1.82,3.91,2.74
2016-04-05,25.31,26.36,26.42,25.05,50174,130270000,0.98,3.86,5.40,3.02
2016-04-06,26.36,26.75,27.00,26.05,50000,133350000,0.39,1.48,3.60,3.00
2016-04-07,26.76,25.77,26.90,25.56,45329,118410000,-0.98,-3.66,5.01,2.72
2016-04-08,25.51,26.86,26.88,25.26,53718,140550000,1.09,4.23,6.29,3.23
2016-04-11,27.00,27.50,27.58,26.86,75161,204860000,0.64,2.38,2.68,4.52
2016-04-12,27.01,26.49,27.08,26.13,49249,130740000,-1.01,-3.67,3.45,2.96
2016-04-13,26.85,26.92,27.65,26.83,55490,151210000,0.43,1.62,3.10,3.33
2016-04-14,27.05,28.58,29.50,27.05,84920,240480000,1.66,6.17,9.10,5.10
2016-04-15,28.40,31.10,31.28,27.80,96385,278690000,2.52,8.82,12.18,5.79
2016-04-18,30.06,31.40,32.60,30.00,130245,412030000,0.30,0.96,8.36,7.83
2016-04-19,31.36,32.20,33.18,31.26,82810,267950000,0.80,2.55,6.11,4.98
2016-04-20,32.11,31.20,32.50,29.38,102175,313460000,-1.00,-3.11,9.69,6.14
2016-04-21,30.85,30.70,31.71,29.88,68282,210500000,-0.50,-1.60,5.87,4.10
2016-04-22,30.54,30.80,31.50,30.01,41246,126520000,0.10,0.33,4.85,2.48
2016-04-25,30.77,29.30,30.77,29.08,42208,125140000,-1.50,-4.87,5.49,2.54
2016-04-26,29.20,29.82,30.30,28.91,41211,121780000,0.52,1.77,4.74,2.48
2016-04-27,29.98,29.33,29.98,28.98,35062,103150000,-0.49,-1.64,3.35,2.11
2016-04-28,29.27,29.22,29.47,27.71,48360,137720000,-0.11,-0.38,6.00,2.91
2016-04-29,28.88,28.51,29.13,28.51,27390,78910000,-0.71,-2.43,2.12,1.65
2016-05-03,28.94,31.36,31.36,28.53,60907,185930000,2.85,10.00,9.93,3.66
2016-05-04,31.20,31.80,32.85,31.11,79330,253710000,0.44,1.40,5.55,4.77
2016-05-05,32.00,31.59,32.29,30.87,53298,167370000,-0.21,-0.66,4.47,3.20
2016-05-06,31.83,29.60,31.99,29.18,69979,213330000,-1.99,-6.30,8.90,4.21
2016-05-09,29.00,27.53,29.00,27.29,53291,150000000,-2.07,-6.99,5.78,3.20
2016-05-10,27.53,29.00,30.08,27.49,55378,160910000,1.47,5.34,9.41,3.33
2016-05-11,29.19,28.47,29.27,28.00,35256,100920000,-0.53,-1.83,4.38,2.12
2016-05-12,27.33,29.06,29.59,27.28,33218,95110000,0.59,2.07,8.11,2.00
2016-05-13,29.05,29.41,30.44,28.51,46048,136990000,0.35,1.20,6.64,2.77
2016-05-16,28.90,31.15,31.40,28.90,48136,147440000,1.74,5.92,8.50,2.89
2016-05-17,31.20,30.60,31.98,30.53,59686,185830000,-0.55,-1.77,4.65,3.59
2016-05-18,30.13,28.65,30.13,28.21,45586,133250000,-1.95,-6.37,6.27,2.74
2016-05-19,28.65,29.27,30.87,28.65,56899,170120000,0.62,2.16,7.75,3.42
2016-05-20,28.91,30.43,30.53,28.00,51767,151830000,1.16,3.96,8.64,3.11
2016-05-23,30.20,32.74,33.29,30.20,99694,319160000,2.31,7.59,10.15,5.99
2016-05-24,32.24,32.30,33.35,31.62,70492,228420000,-0.44,-1.34,5.28,4.24
2016-05-25,32.60,32.79,33.55,32.32,74049,243950000,0.49,1.52,3.81,4.45
2016-05-26,32.50,33.09,33.50,31.00,66604,215640000,0.30,0.91,7.62,4.00
2016-05-27,33.52,34.80,36.00,33.50,112704,394880000,1.74,5.26,7.56,6.77
2016-05-30,33.98,36.65,37.48,33.08,104334,377710000,1.85,5.32,12.64,6.27
2016-05-31,36.36,39.20,39.86,35.88,110097,410730000,2.55,6.96,10.86,6.62
2016-06-01,39.10,43.12,43.12,38.51,145385,595910000,3.92,10.00,11.76,8.74
2016-06-02,42.98,44.00,46.45,42.98,96522,428900000,0.88,2.04,8.05,5.80
2016-12-16,48.40,48.40,48.40,48.40,2444,11830000,4.40,10.00,0.00,0.15
2017-04-06,43.56,43.56,43.56,43.56,2088,9095328,-4.84,-10.00,0.00,0.21
2017-04-07,39.20,39.20,39.20,39.20,1126,4413920,-4.36,-10.01,0.00,0.12
2017-04-10,35.28,35.28,35.28,35.28,3742,13201776,-3.92,-10.00,0.00,0.38
2017-04-11,31.75,32.09,34.44,31.75,262477,848640748,-3.19,-9.04,7.62,26.69
2017-04-12,30.11,29.63,30.99,29.15,186770,563883404,-2.46,-7.67,5.73,18.99
2017-04-13,29.53,29.65,30.50,29.30,99145,296088394,0.02,0.07,4.05,10.08
2017-04-14,29.61,27.30,29.61,27.20,108004,305055551,-2.35,-7.93,8.13,10.98
2017-04-17,27.08,27.88,28.30,26.08,92308,250260481,0.58,2.12,8.13,9.39
2017-04-18,27.63,26.21,28.10,26.00,80744,218502319,-1.67,-5.99,7.53,8.19
2017-04-19,26.14,26.50,26.98,25.68,53930,142174746,0.29,1.11,4.96,5.47
2017-04-20,26.39,27.19,27.37,26.20,65187,175275571,0.69,2.60,4.42,6.61
2017-04-21,27.43,25.14,27.49,24.70,78306,205766827,-2.05,-7.54,10.26,7.94
2017-04-24,24.78,24.02,25.13,23.56,57067,138785672,-1.12,-4.46,6.25,5.79
2017-04-25,24.30,24.21,24.88,23.99,51430,125734663,0.19,0.79,3.71,5.22
2017-04-26,24.06,24.96,25.48,24.06,57292,142483538,0.75,3.10,5.87,5.81
2017-04-27,24.71,25.64,25.96,24.38,64916,163693832,0.68,2.72,6.33,6.59
2017-04-28,25.30,25.38,25.88,25.30,39911,101719466,-0.26,-1.01,2.26,4.05
2017-05-02,25.30,26.20,26.37,25.30,52681,136227409,0.82,3.23,4.22,5.34
2017-05-03,26.01,25.84,26.15,25.60,45069,116291211,-0.36,-1.37,2.10,4.57
2017-05-04,25.60,26.27,26.93,25.58,62467,163914965,0.43,1.66,5.22,6.34
2017-05-05,26.21,25.40,26.80,25.33,51919,136381122,-0.87,-3.31,5.60,5.27
2017-05-08,24.88,23.94,25.33,23.94,45421,111940000,-1.46,-5.75,5.47,4.61
2017-05-09,24.10,26.33,26.33,24.10,57109,144302818,2.39,9.98,9.31,5.79
2017-05-10,26.85,26.63,27.58,26.35,122326,328907388,0.30,1.14,4.67,12.41
2017-05-11,26.05,26.95,27.19,26.05,79542,212133144,0.32,1.20,4.28,8.07
2017-05-12,26.55,26.70,26.94,26.16,58406,154983895,-0.25,-0.93,2.89,5.92
2017-05-15,26.80,27.18,27.46,26.52,63621,172291409,0.48,1.80,3.52,6.45
2017-05-16,27.00,28.35,28.45,26.20,87428,239960668,1.17,4.30,8.28,8.87
2017-05-17,28.13,27.73,28.58,27.68,73838,207461344,-0.62,-2.19,3.17,7.49
2017-05-18,27.32,26.80,27.87,26.80,52500,143117573,-0.93,-3.35,3.86,5.33
2017-05-19,26.80,26.97,27.95,26.80,46772,127962212,0.17,0.63,4.29,4.75
2017-05-22,26.71,26.20,27.50,26.14,43318,115567220,-0.77,-2.86,5.04,4.39
2017-05-23,25.88,23.58,26.20,23.58,75035,183828295,-2.62,-10.00,10.00,7.61
2017-05-24,23.10,22.94,23.20,21.75,51737,117094194,-0.64,-2.71,6.15,5.25
2017-05-25,22.90,23.26,23.53,22.38,38030,87489005,0.32,1.39,5.01,3.86
2017-05-26,23.29,22.99,23.42,22.83,25486,58782596,-0.27,-1.16,2.54,2.59
2017-05-31,23.32,22.48,23.69,22.36,31041,72263788,-0.51,-2.22,5.79,3.15
2017-06-01,22.20,20.41,22.48,20.31,53364,113866855,-2.07,-9.21,9.65,5.41
2017-06-02,20.30,21.11,21.30,20.00,36555,75273465,0.70,3.43,6.37,3.71
2017-06-05,21.19,21.75,22.15,21.18,34801,75514782,0.64,3.03,4.59,3.53
2017-06-06,21.81,21.97,22.27,21.62,29687,65150409,0.22,1.01,2.99,3.01
2017-06-07,22.00,23.16,23.61,21.97,47094,107453330,1.19,5.42,7.46,4.78
2017-06-08,23.04,22.77,23.44,22.64,34777,79543556,-0.39,-1.68,3.45,3.53
2017-06-09,22.90,23.80,23.84,22.70,49786,116461845,1.03,4.52,5.01,5.05
2017-06-12,23.46,23.21,23.90,23.06,39054,91729404,-0.59,-2.48,3.53,3.96
2017-06-13,22.91,23.14,23.85,22.88,29171,68374136,-0.07,-0.30,4.18,2.96
2017-06-14,23.30,23.41,23.77,23.17,30404,71118472,0.27,1.17,2.59,3.08
2017-06-15,23.64,24.03,24.55,23.31,41690,100634830,0.62,2.65,5.30,4.23
