日期,开盘,收盘,最高,最低,交易量(手),交易金额(元),涨跌额,涨跌幅(%),振幅(%),换手率(%)
2014-09-10,28.86,34.63,34.63,28.86,351,1210000,10.58,43.99,23.99,0.12
2014-09-11,38.09,38.09,38.09,38.09,95,360000,3.46,9.99,0.00,0.03
2014-09-12,41.90,41.90,41.90,41.90,111,470000,3.81,10.00,0.00,0.04
2014-09-15,46.09,46.09,46.09,46.09,267,1230000,4.19,10.00,0.00,0.09
2014-09-16,50.70,50.70,50.70,50.70,1149,5820000,4.61,10.00,0.00,0.38
2014-09-17,55.77,55.77,55.77,55.77,1038,5790000,5.07,10.00,0.00,0.35
2014-09-18,61.35,61.35,61.35,61.35,1429,8770000,5.58,10.01,0.00,0.48
2014-09-19,67.49,67.49,67.49,67.49,2190,14780000,6.14,10.01,0.00,0.73
2014-09-22,74.24,74.24,74.24,74.24,2742,20360000,6.75,10.00,0.00,0.91
2014-09-23,81.66,81.66,81.66,81.66,4350,35520000,7.42,9.99,0.00,1.45
2014-09-24,89.83,89.83,89.83,89.83,3105,27900000,8.17,10.00,0.00,1.04
2014-09-25,98.81,98.81,98.81,98.81,3726,36820000,8.98,10.00,0.00,1.24
2014-09-26,108.69,108.69,108.69,108.69,13536,147120000,9.88,10.00,0.00,4.51
2014-09-29,119.56,110.21,119.56,108.90,215381,2510770000,1.52,1.40,9.81,71.79
2014-09-30,108.80,105.11,111.80,103.33,86390,921550000,-5.10,-4.63,7.69,28.80
2014-10-08,104.97,106.32,108.29,103.02,64897,688280000,1.21,1.15,5.01,21.63
2014-10-09,105.12,102.65,105.74,101.80,59326,613650000,-3.67,-3.45,3.71,19.78
2014-10-10,101.18,101.68,102.55,100.36,33045,335710000,-0.97,-0.95,2.13,11.01
2014-10-13,100.50,99.40,101.44,98.34,36954,367500000,-2.28,-2.24,3.05,12.32
2014-10-14,99.00,99.85,101.88,98.51,26856,269480000,0.45,0.45,3.39,8.95
2014-10-15,99.88,102.65,104.74,98.50,54300,552550000,2.80,2.80,6.25,18.10
2014-10-16,101.01,99.02,101.50,99.00,35126,352200000,-3.63,-3.54,2.44,11.71
2014-10-17,99.00,100.45,102.29,97.80,32948,328950000,1.43,1.44,4.53,10.98
2014-10-20,100.38,100.52,101.47,99.30,17749,178060000,0.07,0.07,2.16,5.92
2014-10-21,100.78,103.46,104.90,100.40,44102,454230000,2.94,2.92,4.48,14.70
2014-10-22,102.84,101.11,104.34,101.11,32310,331800000,-2.35,-2.27,3.12,10.77
2014-10-23,100.80,102.27,105.30,100.02,34350,354440000,1.16,1.15,5.22,11.45
2014-10-24,101.66,95.77,104.20,95.77,38315,385270000,-6.50,-6.36,8.24,12.77
2014-10-27,94.01,87.90,94.43,87.80,48691,438020000,-7.87,-8.22,6.92,16.23
2014-10-28,88.80,90.05,90.40,88.38,28178,252330000,2.15,2.45,2.30,9.39
2014-10-29,90.40,93.47,93.47,90.10,32955,302620000,3.42,3.80,3.74,10.99
2014-10-30,93.00,92.74,95.90,92.59,29776,280560000,-0.73,-0.78,3.54,9.93
2014-10-31,92.50,93.20,94.29,92.00,20205,187930000,0.46,0.50,2.47,6.74
2014-11-03,93.30,93.50,94.17,92.63,16835,157330000,0.30,0.32,1.65,5.61
2014-11-04,93.90,93.10,95.78,92.66,24331,229130000,-0.40,-0.43,3.34,8.11
2014-11-05,92.40,90.65,92.40,90.30,20009,182260000,-2.45,-2.63,2.26,6.67
2014-11-06,90.61,96.35,99.00,90.51,41290,390840000,5.70,6.29,9.37,13.76
2014-11-07,96.39,94.50,98.87,93.90,34489,332860000,-1.85,-1.92,5.16,11.50
2014-11-10,94.40,98.66,99.10,93.71,37256,362880000,4.16,4.40,5.70,12.42
2014-11-11,98.00,92.91,98.60,91.88,38966,369820000,-5.75,-5.83,6.81,12.99
2014-11-12,92.96,102.20,102.20,92.50,67225,667040000,9.29,10.00,10.44,22.41
2014-11-13,100.00,98.84,101.98,98.50,50833,508180000,-3.36,-3.29,3.41,16.94
2014-11-14,97.53,89.72,98.49,89.30,54155,502490000,-9.12,-9.23,9.30,18.05
2014-11-17,88.56,89.30,91.81,88.05,22272,200910000,-0.42,-0.47,4.19,7.42
2014-11-18,89.60,90.30,90.88,89.00,12820,115190000,1.00,1.12,2.11,4.27
2014-11-19,90.60,89.96,90.80,88.61,15567,139550000,-0.34,-0.38,2.43,5.19
2014-11-20,89.36,90.14,90.49,88.70,12847,115410000,0.18,0.20,1.99,4.28
2014-11-21,89.96,90.00,91.60,89.62,17504,158370000,-0.14,-0.16,2.20,5.83
2014-11-24,90.55,89.47,90.86,89.01,19055,171350000,-0.53,-0.59,2.06,6.35
2014-11-25,89.53,88.34,90.39,86.38,28066,247550000,-1.13,-1.26,4.48,9.36
2014-11-26,88.00,90.20,91.02,87.93,20647,185440000,1.86,2.11,3.50,6.88
2014-11-27,90.90,91.39,92.88,90.60,21909,200770000,1.19,1.32,2.53,7.30
2014-11-28,91.76,89.97,91.76,89.21,20959,188800000,-1.42,-1.55,2.79,6.99
2014-12-01,89.80,91.20,92.99,87.87,21139,187550000,1.23,1.37,5.69,7.05
2014-12-02,90.30,93.95,95.50,90.13,34354,321950000,2.75,3.02,5.89,11.45
2014-12-03,94.00,93.11,94.00,90.45,26502,244120000,-0.84,-0.89,3.78,8.83
2014-12-04,93.00,92.31,93.97,92.28,18915,175490000,-0.80,-0.86,1.82,6.31
2014-12-05,93.30,101.54,101.54,91.50,78396,775710000,9.23,10.00,10.88,26.13
2014-12-08,104.99,102.10,107.56,99.70,102683,1069610000,0.56,0.55,7.74,34.23
2014-12-09,99.00,91.89,99.80,91.89,83162,791770000,-10.21,-10.00,7.75,27.72
2014-12-10,90.39,91.87,93.30,89.51,33620,307710000,-0.02,-0.02,4.12,11.21
2014-12-11,91.02,92.73,93.71,90.01,21781,200540000,0.86,0.94,4.03,7.26
2014-12-12,92.01,91.78,93.50,91.37,15533,143010000,-0.95,-1.02,2.30,5.18
2014-12-15,89.80,93.60,94.20,88.01,22769,210400000,1.82,1.98,6.74,7.59
2014-12-16,93.10,91.82,94.11,91.80,16255,150400000,-1.78,-1.90,2.47,5.42
2014-12-17,91.56,92.41,93.95,90.62,18042,167410000,0.59,0.64,3.63,6.01
2014-12-18,91.61,92.03,94.11,91.06,16785,155380000,-0.38,-0.41,3.30,5.60
2014-12-19,91.02,88.47,91.60,87.76,24733,221110000,-3.56,-3.87,4.17,8.24
2014-12-22,88.00,79.62,88.00,79.62,24008,193380000,-8.85,-10.00,9.47,8.00
2014-12-23,79.02,79.83,81.60,78.02,14011,112400000,0.21,0.26,4.50,4.67
2014-12-24,80.12,83.82,84.90,80.12,16765,138830000,3.99,5.00,5.99,5.59
2014-12-25,84.00,83.77,84.58,82.00,7501,62470000,-0.05,-0.06,3.08,2.50
2014-12-26,83.60,83.84,84.45,83.03,6188,51880000,0.07,0.08,1.70,2.06
2014-12-29,83.88,79.99,83.88,79.86,10122,81770000,-3.85,-4.59,4.79,3.37
2014-12-30,80.30,80.65,81.66,79.30,6539,52470000,0.66,0.83,2.95,2.18
2014-12-31,80.51,82.06,82.60,80.13,6522,53360000,1.41,1.75,3.06,2.17
2015-01-05,82.00,80.00,82.06,78.88,7445,59390000,-2.06,-2.51,3.88,2.48
2015-01-06,79.40,81.72,82.64,78.90,16257,131120000,1.72,2.15,4.68,5.42
2015-01-07,81.71,79.93,81.71,79.88,10734,86040000,-1.79,-2.19,2.24,3.58
2015-01-08,79.95,79.30,80.40,79.00,11032,87970000,-0.63,-0.79,1.75,3.68
2015-01-09,79.40,79.25,80.50,79.08,9606,76640000,-0.05,-0.06,1.79,3.20
2015-01-12,79.38,75.90,79.38,75.44,15931,122490000,-3.35,-4.23,4.97,5.31
2015-01-13,75.65,78.11,78.47,75.60,8640,66860000,2.21,2.91,3.78,2.88
2015-01-14,77.79,79.18,79.56,77.50,11502,90660000,1.07,1.37,2.64,3.83
2015-01-15,78.80,82.60,83.40,78.50,17250,141000000,3.42,4.32,6.19,5.75
2015-01-16,82.00,84.15,85.50,81.88,12982,108860000,1.55,1.88,4.38,4.33
2015-01-19,83.10,87.88,89.50,81.66,32251,282880000,3.73,4.43,9.32,10.75
2015-01-20,88.00,90.32,90.49,87.90,17386,155270000,2.44,2.78,2.95,5.80
2015-01-21,89.95,90.19,90.90,89.15,9949,89520000,-0.13,-0.14,1.94,3.32
2015-01-22,90.01,96.00,98.58,89.98,21573,203930000,5.81,6.44,9.54,7.19
2015-01-23,96.21,94.79,96.50,93.25,13626,128970000,-1.21,-1.26,3.39,4.54
2015-01-26,95.29,97.26,97.98,95.28,11753,114140000,2.47,2.61,2.85,3.92
2015-01-27,96.50,98.10,98.50,94.88,10073,97620000,0.84,0.86,3.72,3.36
2015-01-28,95.10,97.24,101.00,94.03,24860,242420000,-0.86,-0.88,7.11,8.29
2015-01-29,96.21,98.30,100.28,95.32,13399,131940000,1.06,1.09,5.10,4.47
2015-01-30,98.38,98.99,102.44,98.30,12130,121660000,0.69,0.70,4.21,4.04
2015-02-02,97.70,98.80,100.00,97.01,9358,91940000,-0.19,-0.19,3.02,3.12
2015-02-03,98.90,99.68,101.92,96.78,13177,130100000,0.88,0.89,5.20,4.39
2015-02-04,99.91,99.02,99.95,98.50,4682,46390000,-0.66,-0.66,1.45,1.56
2015-02-05,98.50,96.52,99.63,95.35,12485,120640000,-2.50,-2.52,4.32,4.16
2015-02-06,96.00,95.10,96.99,95.01,5946,56850000,-1.42,-1.47,2.05,1.98
2015-02-09,95.00,94.70,97.20,94.70,4611,44070000,-0.40,-0.42,2.63,1.54
2015-02-10,95.70,95.50,95.70,94.50,3617,34390000,0.80,0.84,1.27,1.21
2015-02-11,95.50,95.95,96.87,95.00,3692,35320000,0.45,0.47,1.96,1.23
2015-02-12,96.00,95.62,96.38,95.01,2659,25380000,-0.33,-0.34,1.43,0.89
2015-02-13,95.62,95.89,97.00,95.55,6722,64490000,0.27,0.28,1.52,2.24
2015-02-16,96.49,97.90,98.48,95.50,7139,69680000,2.01,2.10,3.11,2.38
2015-02-17,97.90,98.15,98.76,97.01,4523,44150000,0.25,0.26,1.79,1.51
2015-02-25,98.11,98.40,99.40,97.50,6439,63560000,0.25,0.25,1.94,2.15
2015-02-26,98.40,98.15,100.39,97.03,6399,63150000,-0.25,-0.25,3.41,2.13
2015-02-27,98.50,97.66,99.60,96.46,7695,75210000,-0.49,-0.50,3.20,2.57
2015-03-02,97.28,96.20,97.28,94.00,10543,100760000,-1.46,-1.50,3.36,3.51
2015-03-03,95.50,95.50,96.35,95.47,6442,61700000,-0.70,-0.73,0.91,2.15
2015-03-04,95.47,92.89,95.60,92.60,13863,129400000,-2.61,-2.73,3.14,4.62
2015-03-05,92.81,91.10,92.81,90.50,14908,136090000,-1.79,-1.93,2.49,4.97
2015-03-06,91.15,88.90,91.73,88.00,13878,124480000,-2.20,-2.41,4.09,4.63
2015-03-09,88.50,88.88,89.09,87.26,14035,123570000,-0.02,-0.02,2.06,4.68
2015-03-10,89.09,87.91,89.99,87.65,17277,152310000,-0.97,-1.09,2.63,5.76
2015-03-11,87.35,85.49,87.95,85.08,19342,167080000,-2.42,-2.75,3.26,6.45
2015-03-12,85.49,86.75,86.90,84.77,27547,236580000,1.26,1.47,2.49,9.18
2015-03-13,86.85,87.80,88.47,86.68,19135,167570000,1.05,1.21,2.06,6.38
2015-03-16,89.40,89.10,89.99,88.71,23365,208710000,1.30,1.48,1.46,7.79
2015-03-17,89.00,90.06,91.00,88.51,20690,185520000,0.96,1.08,2.79,6.90
2015-03-18,89.99,91.29,91.45,89.30,18084,164280000,1.23,1.37,2.39,6.03
2015-03-19,92.06,90.55,93.49,89.90,18771,172160000,-0.74,-0.81,3.93,6.26
2015-03-20,91.00,90.88,92.00,89.80,19477,176540000,0.33,0.36,2.43,6.49
2015-03-23,90.88,97.00,98.90,90.50,41072,388570000,6.12,6.73,9.24,13.69
2015-03-24,96.30,95.40,96.66,92.08,34665,328060000,-1.60,-1.65,4.72,11.56
2015-03-25,94.90,95.64,96.47,93.50,22739,215960000,0.24,0.25,3.11,7.58
2015-03-26,94.50,93.10,95.99,92.00,19195,180300000,-2.54,-2.66,4.17,6.40
2015-03-27,93.00,92.89,95.49,92.70,14048,131660000,-0.21,-0.23,3.00,4.68
2015-03-30,92.96,89.26,93.48,88.50,26938,242800000,-3.63,-3.91,5.36,8.98
2015-03-31,89.40,90.27,91.29,88.50,15053,135200000,1.01,1.13,3.13,5.02
2015-04-01,89.19,91.00,91.50,89.19,13735,124340000,0.73,0.81,2.56,4.58
2015-04-02,91.25,92.98,93.52,90.80,18086,166790000,1.98,2.18,2.99,6.03
2015-04-03,92.60,94.90,95.00,91.70,25935,242100000,1.92,2.07,3.55,8.65
2015-04-07,95.00,96.99,98.37,94.37,31385,302090000,2.09,2.20,4.22,10.46
2015-04-08,97.50,96.53,97.70,92.67,29095,277250000,-0.46,-0.47,5.19,9.70
2015-04-09,97.05,102.27,105.10,95.63,47024,472970000,5.74,5.95,9.81,15.67
2015-04-10,100.76,102.00,103.00,99.00,25027,253740000,-0.27,-0.26,3.91,8.34
2015-04-13,102.05,102.30,104.50,99.32,26587,270650000,0.30,0.29,5.08,8.86
2015-04-14,102.75,105.50,112.10,101.97,38125,409940000,3.20,3.13,9.90,12.71
2015-04-15,104.00,95.50,104.83,94.99,36055,357170000,-10.00,-9.48,9.33,12.02
2015-04-16,94.80,92.26,96.82,90.00,26283,246230000,-3.24,-3.39,7.14,8.76
2015-04-17,92.97,93.30,95.19,92.12,18491,172940000,1.04,1.13,3.33,6.16
2015-04-20,93.50,93.00,95.60,91.50,19546,182100000,-0.30,-0.32,4.39,6.52
2015-04-21,92.71,97.40,97.40,92.40,24650,236140000,4.40,4.73,5.38,8.22
2015-04-22,96.97,101.16,102.30,96.83,22458,222790000,3.76,3.86,5.62,7.49
2015-04-23,101.25,107.90,109.00,100.00,35394,372720000,6.74,6.66,8.90,11.80
2015-04-24,106.01,115.00,115.50,105.60,45393,501090000,7.10,6.58,9.18,15.13
2015-04-27,113.60,110.38,116.00,108.91,53567,598550000,-4.62,-4.02,6.17,17.86
2015-04-28,110.43,121.42,121.42,110.43,30885,370860000,11.04,10.00,9.96,10.30
2015-06-01,133.56,133.56,133.56,133.56,211,2810000,12.14,10.00,0.00,0.07
2015-06-02,146.92,146.92,146.92,146.92,605,8890000,13.36,10.00,0.00,0.20
2015-06-03,161.61,161.61,161.61,161.61,232,3750000,14.69,10.00,0.00,0.08
2015-06-04,177.77,177.77,177.77,163.00,31855,557020000,16.16,10.00,9.14,10.62
2015-06-05,189.00,166.88,189.00,165.02,55799,979670000,-10.89,-6.13,13.49,18.60
2015-06-08,160.50,161.37,164.96,159.01,23010,370340000,-5.51,-3.30,3.57,7.67
2015-06-09,161.00,169.00,175.50,159.00,19313,326070000,7.63,4.73,10.22,6.44
2015-06-10,165.20,163.98,166.88,160.00,13604,222230000,-5.02,-2.97,4.07,4.53
2015-06-11,163.98,180.38,180.38,163.03,27904,485930000,16.40,10.00,10.58,9.30
2015-06-12,184.00,197.60,198.42,180.00,35156,676370000,17.22,9.55,10.21,11.72
2015-06-15,198.01,184.99,203.00,184.00,31293,610190000,-12.61,-6.38,9.62,10.43
2015-06-16,179.90,185.00,201.00,175.60,25004,471480000,0.01,0.01,13.73,8.33
2015-06-17,186.55,199.08,200.00,180.98,27103,522270000,14.08,7.61,10.28,9.03
2015-06-18,195.12,214.96,218.99,192.80,34471,708360000,15.88,7.98,13.16,11.49
2015-06-19,209.28,218.01,228.27,207.00,28656,629160000,3.05,1.42,9.89,9.55
2015-06-23,215.99,225.00,227.85,198.00,21310,453220000,6.99,3.21,13.69,7.10
2015-06-24,233.98,223.00,240.00,220.00,17895,409880000,-2.00,-0.89,8.89,5.96
2015-06-25,222.00,228.00,233.00,211.00,14402,323650000,5.00,2.24,9.87,4.80
2015-06-26,216.99,207.99,223.03,205.20,28269,590340000,-20.01,-8.78,7.82,9.42
2015-06-29,211.98,200.00,211.98,187.19,31700,609190000,-7.99,-3.84,11.92,10.57
2015-06-30,193.05,181.00,199.97,180.00,35436,647520000,-19.00,-9.50,9.99,11.81
2015-07-01,170.98,163.30,182.93,162.90,22500,388280000,-17.70,-9.78,11.07,7.50
2015-07-02,160.00,146.97,160.00,146.97,14291,215680000,-16.33,-10.00,7.98,4.76
2015-07-03,132.27,132.27,132.27,132.27,5644,74650000,-14.70,-10.00,0.00,1.88
2015-07-06,138.00,118.93,142.00,118.93,14622,185240000,-13.21,-10.00,17.46,4.87
2015-07-07,107.04,107.04,107.04,107.04,2300,24620000,-11.89,-10.00,0.00,0.77
2015-07-17,117.00,117.74,117.74,106.00,29465,335410000,10.70,10.00,10.97,9.82
2015-07-20,125.00,129.51,129.51,121.00,34282,435890000,11.77,10.00,7.23,11.43
2015-07-21,133.98,135.20,142.01,129.50,33676,458970000,5.69,4.39,9.66,11.23
2015-07-22,132.02,143.50,144.90,132.02,29936,419550000,8.30,6.14,9.53,9.98
2015-07-23,141.00,149.32,151.88,139.99,21958,319420000,5.82,4.06,8.29,7.32
2015-07-24,147.44,144.49,157.57,142.00,27294,409090000,-4.83,-3.23,10.43,9.10
2015-07-27,140.00,130.04,145.20,130.04,25135,339650000,-14.45,-10.00,10.49,8.38
2015-07-28,117.30,117.04,127.43,117.04,28839,341500000,-13.00,-10.00,7.99,9.61
2015-07-29,119.12,125.90,128.00,105.50,28427,325410000,8.86,7.57,19.22,9.48
2015-07-30,122.96,127.63,138.49,120.00,37375,493460000,1.73,1.37,14.69,12.46
2015-07-31,125.28,114.87,128.00,114.87,22592,271880000,-12.76,-10.00,10.29,7.53
2015-08-03,104.01,103.38,108.00,103.38,22347,231560000,-11.49,-10.00,4.02,7.45
2015-08-04,103.50,109.78,110.00,99.03,27750,293670000,6.40,6.19,10.61,9.25
2015-08-05,109.89,105.20,111.48,101.65,29920,319710000,-4.58,-4.17,8.95,9.97
2015-08-06,100.10,103.65,107.48,100.00,13318,138690000,-1.55,-1.47,7.11,4.44
2015-08-07,105.72,109.53,109.87,104.68,27299,292640000,5.88,5.67,5.01,9.10
2015-08-10,109.53,120.48,120.48,108.26,37994,430370000,10.95,10.00,11.16,12.66
2015-08-11,120.09,122.82,126.44,119.00,31017,383050000,2.34,1.94,6.18,10.34
2015-08-12,120.00,119.05,126.90,117.10,27823,340370000,-3.77,-3.07,7.98,9.27
2015-08-13,117.10,120.83,122.00,116.30,16194,192950000,1.78,1.50,4.79,5.40
2015-08-14,121.00,117.50,122.00,116.27,20932,249150000,-3.33,-2.76,4.74,6.98
2015-08-17,117.51,117.74,119.39,113.41,18027,210720000,0.24,0.20,5.09,6.01
2015-08-18,117.00,105.97,118.00,105.97,19657,218400000,-11.77,-10.00,10.22,6.55
2015-08-19,99.99,103.91,104.25,95.45,29634,295670000,-2.06,-1.94,8.30,9.88
2015-08-20,101.50,95.58,102.00,95.58,16241,161630000,-8.33,-8.02,6.18,5.41
2015-08-21,92.00,93.68,95.58,88.89,17452,161010000,-1.90,-1.99,7.00,5.82
2015-08-24,87.00,84.31,88.99,84.31,9049,77210000,-9.37,-10.00,5.00,3.02
2015-08-25,75.89,75.88,78.88,75.88,9740,74040000,-8.43,-10.00,3.56,3.25
2015-08-26,76.05,68.29,77.30,68.29,26549,190220000,-7.59,-10.00,11.87,8.85
2015-08-27,70.00,72.75,75.00,64.50,23705,163400000,4.46,6.53,15.38,7.90
2015-08-28,72.02,80.03,80.03,72.01,37238,282730000,7.28,10.01,11.02,12.41
2015-08-31,80.00,72.30,80.00,72.30,23041,174180000,-7.73,-9.66,9.62,7.68
2015-09-01,70.14,65.07,70.14,65.07,17591,116150000,-7.23,-10.00,7.01,5.86
2015-09-02,58.56,58.56,67.50,58.56,27422,167790000,-6.51,-10.00,13.74,9.14
2015-09-07,59.21,57.94,62.71,56.00,22857,137880000,-0.62,-1.06,11.46,7.62
2015-09-08,57.13,62.30,62.46,57.13,17425,104290000,4.36,7.53,9.20,5.81
2015-09-09,63.00,65.50,67.80,62.99,30010,195970000,3.20,5.14,7.72,10.00
2015-09-10,64.50,66.79,69.76,64.01,25054,168970000,1.29,1.97,8.78,4.86
2015-09-11,65.80,69.30,70.67,65.61,28621,195260000,2.51,3.76,7.58,5.55
2015-09-14,68.01,62.37,69.49,62.37,16265,106270000,-6.93,-10.00,10.27,3.15
2015-09-15,57.72,56.13,60.00,56.13,18653,107370000,-6.24,-10.00,6.20,3.61
2015-09-16,56.18,61.46,61.74,54.40,24591,142930000,5.33,9.50,13.08,4.77
2015-09-17,60.58,60.01,64.00,57.88,22967,142510000,-1.45,-2.36,9.96,4.45
2015-09-18,60.06,60.03,61.50,57.88,18065,107180000,0.02,0.03,6.03,3.50
2015-09-21,59.05,66.03,66.03,58.88,26342,168230000,6.00,10.00,11.91,5.11
2015-09-22,68.00,68.00,70.03,67.01,30876,211310000,1.97,2.98,4.57,5.98
2015-09-23,66.07,70.80,72.79,66.00,32428,224560000,2.80,4.12,9.99,6.28
2015-09-24,70.79,69.58,71.90,68.30,26766,187820000,-1.22,-1.72,5.08,5.19
2015-09-25,69.00,63.76,69.30,62.62,25032,164360000,-5.82,-8.36,9.60,4.85
2015-09-28,63.60,69.20,70.00,63.59,20854,139530000,5.44,8.53,10.05,4.04
2015-09-29,67.99,66.17,68.19,65.10,17046,113790000,-3.03,-4.38,4.47,3.30
2015-09-30,66.36,67.20,68.81,65.20,18534,124520000,1.03,1.56,5.46,3.59
2015-10-08,70.50,70.22,72.42,69.00,23914,169040000,3.02,4.49,5.09,4.63
2015-10-09,70.24,71.35,71.70,69.54,22655,160440000,1.13,1.61,3.08,4.39
2015-10-12,71.80,76.31,78.49,71.80,37668,286940000,4.96,6.95,9.38,7.30
2015-10-13,75.53,78.00,78.99,75.00,28340,217140000,1.69,2.21,5.23,5.49
2015-10-14,75.99,74.33,77.00,73.88,41841,314350000,-3.67,-4.71,4.00,8.11
2015-10-15,73.00,77.68,77.97,72.11,38815,291010000,3.35,4.51,7.88,7.52
2015-10-16,78.01,78.00,80.00,76.26,39920,311920000,0.32,0.41,4.81,7.74
2015-10-19,78.82,75.19,78.97,73.60,40939,309920000,-2.81,-3.60,6.88,7.93
2015-10-20,75.15,77.92,78.50,74.40,47064,360280000,2.73,3.63,5.45,9.12
2015-10-21,79.00,70.80,83.49,70.20,66759,521070000,-7.12,-9.14,17.06,12.94
2015-10-22,70.91,73.55,73.91,70.00,45909,330530000,2.75,3.88,5.52,8.90
2015-10-23,73.80,75.83,76.03,72.11,52365,388960000,2.28,3.10,5.33,10.15
2015-10-26,76.00,77.32,79.00,74.00,60606,463560000,1.49,1.96,6.59,11.75
2015-10-27,76.70,81.50,82.94,71.01,88922,678490000,4.18,5.41,15.43,17.23
2015-10-28,84.15,89.30,89.65,84.15,162932,1437770000,7.80,9.57,6.75,31.58
2015-10-29,86.20,86.90,88.88,83.50,100160,864980000,-2.40,-2.69,6.02,19.41
2015-10-30,84.90,83.01,86.00,81.56,57643,481510000,-3.89,-4.48,5.11,11.17
2015-11-02,79.50,79.29,85.79,78.51,51301,418560000,-3.72,-4.48,8.77,9.94
2015-11-03,79.80,79.31,80.99,77.25,42237,334240000,0.02,0.03,4.72,8.19
2015-11-04,81.00,87.10,87.24,80.00,74485,627440000,7.79,9.82,9.13,14.44
2015-11-05,87.79,84.81,87.79,83.45,53949,461020000,-2.29,-2.63,4.98,10.46
2015-11-06,84.80,88.29,89.38,84.50,49376,430700000,3.48,4.10,5.75,9.57
2015-11-09,87.25,92.66,95.00,82.66,76884,678270000,4.37,4.95,13.98,14.90
2015-11-10,90.90,92.50,94.50,90.00,59959,553530000,-0.16,-0.17,4.86,11.62
2015-11-11,92.33,96.23,99.99,91.50,65368,625510000,3.73,4.03,9.18,12.67
2015-11-12,98.00,103.29,105.80,97.18,69037,698990000,7.06,7.34,8.96,13.38
2015-11-13,101.01,92.96,102.99,92.96,58557,567830000,-10.33,-10.00,9.71,11.35
2015-11-16,90.00,93.60,93.95,88.90,44057,402960000,0.64,0.69,5.43,8.54
2015-11-17,94.30,89.80,95.56,89.40,54095,503950000,-3.80,-4.06,6.58,10.48
2015-11-18,89.40,87.15,90.99,87.00,29790,265210000,-2.65,-2.95,4.44,5.77
2015-11-19,88.41,91.34,91.80,88.05,30550,275220000,4.19,4.81,4.30,5.92
2015-11-20,91.30,95.90,99.86,91.30,55313,527710000,4.56,4.99,9.37,10.72
2015-11-23,96.00,92.12,96.71,91.85,33219,314140000,-3.78,-3.94,5.07,6.44
2015-11-24,92.02,98.10,98.80,91.60,50642,479600000,5.98,6.49,7.82,9.81
2015-11-25,102.00,107.91,107.91,101.00,48694,514680000,9.81,10.00,7.04,9.44
2015-11-26,111.00,103.09,112.99,102.00,77352,831330000,-4.82,-4.47,10.18,14.99
2015-11-27,105.98,105.31,113.40,102.99,118184,1294450000,2.22,2.15,10.10,22.90
2015-11-30,103.88,112.29,113.35,98.70,104472,1106980000,6.98,6.63,13.91,20.25
2015-12-01,110.20,102.51,111.26,101.18,70265,750450000,-9.78,-8.71,8.98,13.62
2015-12-02,98.50,92.40,99.15,92.26,64516,609930000,-10.11,-9.86,6.72,12.50
2015-12-03,92.18,95.51,96.00,92.18,36719,347180000,3.11,3.37,4.13,7.12
2015-12-04,95.50,93.21,97.62,91.00,46988,445110000,-2.30,-2.41,6.93,9.11
2015-12-07,92.81,94.15,94.70,92.51,32709,306140000,0.94,1.01,2.35,6.34
2015-12-08,92.87,89.82,93.37,89.70,43548,395620000,-4.33,-4.60,3.90,8.44
2015-12-09,89.82,87.75,89.90,86.51,33044,290750000,-2.07,-2.30,3.77,6.40
2015-12-10,88.00,88.13,89.00,87.57,24810,219210000,0.38,0.43,1.63,4.81
2015-12-11,87.19,89.59,90.89,87.19,30462,272040000,1.46,1.66,4.20,5.90
2015-12-14,87.58,89.90,90.00,86.00,26543,233950000,0.31,0.35,4.46,5.14
2015-12-15,89.95,90.98,92.58,89.95,23137,211220000,1.08,1.20,2.93,4.48
2015-12-16,91.32,91.60,92.69,91.28,25299,232740000,0.62,0.68,1.55,4.90
2015-12-17,93.41,94.64,94.70,92.12,36340,341230000,3.04,3.32,2.82,7.04
2015-12-18,94.30,91.19,94.39,90.90,33679,310530000,-3.45,-3.65,3.69,6.53
2015-12-21,90.40,89.49,91.19,88.01,35224,314710000,-1.70,-1.86,3.49,6.83
2015-12-22,89.98,90.58,90.89,89.21,22324,201140000,1.09,1.22,1.88,4.33
2015-12-23,91.10,88.51,91.80,88.27,24565,221580000,-2.07,-2.29,3.90,4.76
2015-12-24,87.90,87.48,88.25,85.29,26166,227070000,-1.03,-1.16,3.34,5.07
2015-12-25,87.48,87.93,88.47,87.03,19177,168730000,0.45,0.51,1.65,3.72
2015-12-28,87.78,83.70,88.65,83.70,31542,272220000,-4.23,-4.81,5.63,6.11
2015-12-29,84.15,84.39,84.50,83.05,22425,188160000,0.69,0.82,1.73,4.35
2015-12-30,84.31,85.13,85.49,83.90,19664,166830000,0.74,0.88,1.88,3.81
2015-12-31,85.10,81.10,85.30,81.10,24689,204640000,-4.03,-4.73,4.93,4.78
2016-01-04,83.00,73.08,84.35,73.01,29381,238520000,-8.02,-9.89,13.98,5.69
2016-01-05,68.78,72.08,75.50,68.50,35740,257310000,-1.00,-1.37,9.58,6.93
2016-01-06,73.73,74.40,74.85,71.20,26604,195400000,2.32,3.22,5.06,5.16
2016-01-07,72.50,66.96,72.50,66.96,9287,64140000,-7.44,-10.00,7.45,1.80
2016-01-08,69.00,66.01,69.45,62.80,26354,176750000,-0.95,-1.42,9.93,5.11
2016-01-11,64.00,59.41,64.13,59.41,36111,222270000,-6.60,-10.00,7.15,7.00
2016-01-12,60.00,60.39,61.50,57.73,24335,145570000,0.98,1.65,6.35,4.72
2016-01-13,60.57,56.70,61.36,56.69,21123,125760000,-3.69,-6.11,7.73,4.09
2016-01-14,52.01,59.53,60.00,52.01,32708,184590000,2.83,4.99,14.09,6.34
2016-01-15,59.00,56.51,60.55,56.00,28228,164800000,-3.02,-5.07,7.64,5.47
2016-01-18,54.41,59.05,59.57,54.41,24371,141330000,2.54,4.49,9.13,4.72
2016-01-19,58.70,61.23,61.60,58.01,26634,159040000,2.18,3.69,6.08,5.16
2016-01-20,60.71,60.18,61.38,59.70,26807,162440000,-1.05,-1.71,2.74,5.20
2016-01-21,58.80,56.90,61.18,56.90,22903,136560000,-3.28,-5.45,7.11,4.44
2016-01-22,57.98,58.70,59.89,56.08,18218,105520000,1.80,3.16,6.70,3.53
2016-01-25,59.93,59.26,59.99,58.37,14587,86650000,0.56,0.95,2.76,2.83
2016-01-26,58.50,53.33,58.80,53.33,20107,112950000,-5.93,-10.01,9.23,3.90
2016-01-27,53.10,52.20,54.40,49.15,23383,120250000,-1.13,-2.12,9.84,4.53
2016-01-28,50.06,48.38,52.00,48.20,15646,78770000,-3.82,-7.32,7.28,3.03
2016-01-29,49.00,50.91,51.50,48.38,20123,101290000,2.53,5.23,6.45,3.90
2016-02-01,50.50,51.30,52.40,49.80,19024,97730000,0.39,0.77,5.11,3.69
2016-02-02,51.98,53.40,54.00,51.06,18802,99970000,2.10,4.09,5.73,3.64
2016-02-03,52.60,54.00,54.31,51.80,16118,85000000,0.60,1.12,4.70,3.12
2016-02-04,53.80,55.11,55.50,53.80,19048,104540000,1.11,2.06,3.15,3.69
2016-02-05,55.00,54.00,55.06,53.90,14707,79910000,-1.11,-2.01,2.10,2.85
2016-02-15,51.25,53.20,53.60,51.23,13969,73460000,-0.80,-1.48,4.39,2.71
2016-02-16,53.19,56.65,56.98,53.15,23777,131920000,3.45,6.49,7.20,4.61
2016-02-17,56.48,58.74,59.80,56.08,33761,197560000,2.09,3.69,6.57,6.54
2016-02-18,58.80,57.55,59.50,57.33,26794,155240000,-1.19,-2.03,3.69,5.19
2016-02-19,57.05,58.01,58.89,57.05,22835,132790000,0.46,0.80,3.20,4.43
2016-02-22,58.92,59.38,59.60,58.20,25948,153300000,1.37,2.36,2.41,5.03
2016-02-23,59.38,59.26,60.80,58.20,25559,152360000,-0.12,-0.20,4.38,4.95
2016-02-24,58.83,58.40,59.20,57.02,22382,129910000,-0.86,-1.45,3.68,4.34
2016-02-25,57.58,52.56,58.30,52.56,31127,170700000,-5.84,-10.00,9.83,6.03
2016-02-26,52.20,50.49,52.99,49.13,24372,124560000,-2.07,-3.94,7.34,4.72
2016-02-29,49.51,45.44,50.40,45.44,23867,111150000,-5.05,-10.00,9.82,4.63
2016-03-01,45.50,47.28,47.52,44.14,21154,97900000,1.84,4.05,7.44,4.10
2016-03-02,47.52,49.68,50.00,46.77,23067,111510000,2.40,5.08,6.83,4.47
2016-03-03,49.60,49.80,51.48,49.08,23647,119410000,0.12,0.24,4.83,4.58
2016-03-04,49.80,48.20,52.77,46.78,28067,140440000,-1.60,-3.21,12.03,5.44
2016-03-07,48.24,49.23,50.34,48.24,19661,97460000,1.03,2.14,4.36,3.81
2016-03-08,48.73,49.70,49.98,46.80,21060,101580000,0.47,0.95,6.46,4.08
2016-03-09,48.77,50.16,51.35,47.51,24209,121360000,0.46,0.93,7.73,4.69
2016-03-10,50.12,48.53,50.66,48.53,14277,70640000,-1.63,-3.25,4.25,2.77
2016-03-11,47.60,48.40,48.84,47.07,14618,70270000,-0.13,-0.27,3.65,2.83
2016-03-14,48.79,50.71,51.50,48.79,24238,122380000,2.31,4.77,5.60,4.70
2016-03-15,50.66,50.46,51.38,50.00,18278,92680000,-0.25,-0.49,2.72,3.54
2016-03-16,51.01,49.80,51.67,49.52,15724,79270000,-0.66,-1.31,4.26,3.05
2016-03-17,49.88,52.20,52.52,49.88,25376,130440000,2.40,4.82,5.30,4.92
2016-03-18,52.18,56.80,56.80,52.02,38038,208300000,4.60,8.81,9.16,7.37
2016-03-21,57.60,59.31,60.17,57.60,41822,245910000,2.51,4.42,4.52,8.11
2016-03-22,58.75,58.91,60.40,57.78,27866,164550000,-0.40,-0.67,4.42,5.40
2016-03-23,58.12,59.13,59.90,58.12,22272,131180000,0.22,0.37,3.02,4.32
2016-03-24,57.32,56.28,58.19,56.28,40628,231940000,-2.85,-4.82,3.23,7.87
2016-03-25,55.28,56.38,56.87,55.08,19904,111820000,0.10,0.18,3.18,3.86
2016-03-28,57.00,56.38,58.58,56.11,25731,147930000,0.00,0.00,4.38,4.99
2016-03-29,55.78,54.10,56.31,53.65,19645,107430000,-2.28,-4.04,4.72,3.81
2016-03-30,54.72,56.26,56.54,54.70,18138,100690000,2.16,3.99,3.40,3.52
2016-03-31,56.89,56.63,57.96,56.56,23675,135700000,0.37,0.66,2.49,4.59
2016-04-01,56.00,55.43,56.25,54.70,17818,98380000,-1.20,-2.12,2.74,3.45
2016-04-05,55.55,57.53,57.87,55.11,22624,129160000,2.10,3.79,4.98,4.38
2016-04-06,57.39,59.08,59.11,57.07,25036,145620000,1.55,2.69,3.55,4.85
2016-04-07,58.94,57.00,59.38,57.00,25225,145440000,-2.08,-3.52,4.03,4.89
2016-04-08,56.03,56.59,56.89,55.60,17697,99500000,-0.41,-0.72,2.26,3.43
2016-04-11,56.80,58.08,58.47,56.60,22185,128170000,1.49,2.63,3.30,4.30
2016-04-12,58.04,56.67,58.04,56.05,18530,105200000,-1.41,-2.43,3.43,3.59
2016-04-13,57.16,57.92,58.95,57.15,29587,172500000,1.25,2.21,3.18,5.73
2016-04-14,58.35,59.38,60.33,58.10,30409,180580000,1.46,2.52,3.85,5.89
2016-04-15,59.10,58.74,59.97,58.48,19457,114650000,-0.64,-1.08,2.51,3.77
2016-04-18,58.19,57.29,58.20,56.80,15980,91570000,-1.45,-2.47,2.38,3.10
2016-04-19,57.60,57.67,58.34,57.11,11811,68000000,0.38,0.66,2.15,2.29
2016-04-20,57.79,52.78,58.19,51.99,34231,186740000,-4.89,-8.48,10.75,6.63
2016-04-21,52.60,52.12,53.37,52.05,19241,101580000,-0.66,-1.25,2.50,3.73
2016-04-22,52.00,53.00,53.35,51.81,13960,73750000,0.88,1.69,2.95,2.71
2016-04-25,53.12,53.26,53.77,52.60,14270,76010000,0.26,0.49,2.21,2.77
2016-04-26,53.28,53.65,53.73,52.75,13589,72480000,0.39,0.73,1.84,2.63
2016-04-27,53.55,53.15,53.78,53.11,12399,66400000,-0.50,-0.93,1.25,2.40
2016-04-28,52.97,52.91,53.15,51.70,12811,67240000,-0.24,-0.45,2.73,2.48
2016-04-29,52.50,53.06,54.19,52.49,14509,77350000,0.15,0.28,3.21,2.81
2016-05-03,52.72,55.10,55.12,52.70,21213,115130000,2.04,3.84,4.56,4.11
2016-05-04,54.98,54.64,55.12,54.55,18054,99000000,-0.46,-0.83,1.03,3.50
2016-05-05,54.60,56.29,56.45,54.43,23080,128050000,1.65,3.02,3.70,4.47
2016-05-06,56.29,53.00,56.75,53.00,29196,160360000,-3.29,-5.84,6.66,5.66
2016-05-09,51.99,50.89,52.50,50.50,18894,97030000,-2.11,-3.98,3.77,3.66
2016-05-10,50.70,50.80,51.49,50.55,10784,54960000,-0.09,-0.18,1.85,2.09
2016-05-11,51.28,49.00,51.52,48.80,16084,80700000,-1.80,-3.54,5.35,3.12
2016-05-12,48.20,48.81,48.90,47.50,12437,59830000,-0.19,-0.39,2.86,2.41
2016-05-13,48.83,48.83,49.75,48.51,10137,49850000,0.02,0.04,2.54,1.96
2016-05-16,48.83,50.14,50.14,48.34,10700,52830000,1.31,2.68,3.69,2.07
2016-05-17,50.02,50.99,51.66,49.61,17192,87200000,0.85,1.70,4.09,3.33
2016-05-18,50.31,48.75,50.51,48.51,14956,73770000,-2.24,-4.39,3.92,2.90
2016-05-19,48.77,49.90,51.19,48.77,19837,99470000,1.15,2.36,4.96,3.84
2016-05-20,49.11,51.09,51.20,48.01,17948,90740000,1.19,2.38,6.39,3.48
2016-05-23,51.26,51.70,51.92,50.71,17054,87730000,0.61,1.19,2.37,3.31
2016-05-24,51.11,51.16,51.68,50.50,11058,56390000,-0.54,-1.04,2.28,2.14
2016-05-25,51.50,51.11,51.99,51.01,13436,69240000,-0.05,-0.10,1.92,2.60
2016-05-26,50.60,51.37,51.40,49.31,17512,88150000,0.26,0.51,4.09,3.39
2016-05-27,51.39,51.75,52.31,50.81,18226,94360000,0.38,0.74,2.92,3.53
2016-05-30,51.40,54.40,55.47,51.05,35893,192910000,2.65,5.12,8.54,6.96
2016-05-31,54.00,56.97,57.00,53.95,39863,222770000,2.57,4.72,5.61,7.73
2016-06-01,56.69,57.28,58.98,56.69,41110,238550000,0.31,0.54,4.02,7.97
2016-06-02,57.80,63.01,63.01,57.29,71596,434830000,5.73,10.00,9.99,13.88
2016-06-03,63.06,62.05,65.25,61.84,79480,502340000,-0.96,-1.52,5.41,15.40
2016-06-06,62.46,62.80,63.46,61.22,41528,258890000,0.75,1.21,3.61,8.05
2016-06-07,63.46,62.61,63.46,61.62,33219,207070000,-0.19,-0.30,2.93,6.44
2016-06-08,62.61,62.50,63.19,61.30,32699,203300000,-0.11,-0.18,3.02,6.34
2016-06-13,61.70,56.25,62.28,56.25,39963,237750000,-6.25,-10.00,9.65,7.74
2016-06-14,56.31,57.65,57.75,56.12,30042,171520000,1.40,2.49,2.90,5.82
2016-06-15,56.84,61.82,62.88,56.83,38988,236270000,4.17,7.23,10.49,7.56
2016-06-16,30.97,31.99,33.89,30.00,117412,377780000,1.08,3.49,12.58,11.38
2016-06-17,32.40,32.88,33.98,31.12,107056,350300000,0.89,2.78,8.94,10.37
2016-06-20,32.99,32.52,32.99,31.66,75245,243370000,-0.36,-1.09,4.05,7.29
2016-06-21,32.67,31.60,33.95,31.27,88743,290240000,-0.92,-2.83,8.24,8.60
2016-06-22,31.11,32.48,32.50,31.00,56720,179850000,0.88,2.78,4.75,5.50
2016-06-23,32.60,31.79,32.77,31.16,51968,165410000,-0.69,-2.12,4.96,5.04
2016-06-24,31.67,30.83,31.92,29.63,65539,202550000,-0.96,-3.02,7.20,6.35
2016-06-27,30.75,32.67,32.67,30.39,70716,226770000,1.84,5.97,7.40,6.85
2016-06-28,32.38,33.16,33.80,32.30,86999,288490000,0.49,1.50,4.59,8.43
2016-06-29,34.00,34.87,36.00,33.52,106587,371310000,1.71,5.16,7.48,10.33
2016-06-30,34.45,34.00,34.79,33.62,63676,216900000,-0.87,-2.50,3.36,6.17
2016-07-01,33.78,34.15,34.99,33.78,61551,211650000,0.15,0.44,3.56,5.96
2016-07-04,34.16,37.57,37.57,34.15,117580,421780000,3.42,10.01,10.01,11.39
2016-07-05,38.30,38.80,40.40,37.60,187895,731260000,1.23,3.27,7.45,18.21
2016-07-06,38.75,38.00,39.38,37.80,105535,406290000,-0.80,-2.06,4.07,10.23
2016-07-07,37.83,37.09,38.33,36.56,90262,336370000,-0.91,-2.39,4.66,8.75
2016-07-08,37.20,38.25,38.97,36.88,108436,411040000,1.16,3.13,5.63,10.51
2016-07-11,39.00,39.46,42.00,38.41,138955,557710000,1.21,3.16,9.39,13.46
2016-07-12,38.60,38.88,38.96,37.56,84932,325440000,-0.58,-1.47,3.55,8.23
2016-07-13,39.00,38.43,40.80,37.88,97657,382350000,-0.45,-1.16,7.51,9.46
2016-07-14,38.01,37.80,38.35,37.08,56317,212740000,-0.63,-1.64,3.30,5.46
2016-07-15,37.01,36.43,37.38,36.24,72096,264240000,-1.37,-3.62,3.02,6.99
2016-07-18,36.42,36.73,37.15,35.63,56080,204110000,0.30,0.82,4.17,5.43
2016-07-19,36.65,37.32,37.33,36.25,43181,159700000,0.59,1.61,2.94,4.18
2016-07-20,37.60,36.50,37.60,36.42,39375,145420000,-0.82,-2.20,3.16,3.82
2016-07-21,36.57,36.42,36.93,36.33,27953,102340000,-0.08,-0.22,1.64,2.71
2016-07-22,36.84,36.75,37.57,36.51,47139,175010000,0.33,0.91,2.91,4.57
2016-07-25,36.10,35.36,36.46,35.10,48782,173670000,-1.39,-3.78,3.70,4.73
2016-07-26,35.39,35.70,36.08,35.32,31916,113600000,0.34,0.96,2.15,3.09
2016-07-27,35.83,32.47,35.92,32.25,68082,229370000,-3.23,-9.05,10.28,6.60
2016-07-28,32.51,32.99,33.38,31.80,45857,149830000,0.52,1.60,4.87,4.44
2016-07-29,32.80,32.08,33.10,31.85,28081,90530000,-0.91,-2.76,3.79,2.72
2016-08-01,31.80,31.20,31.99,30.30,32519,100720000,-0.88,-2.74,5.27,3.15
2016-08-02,31.51,31.33,31.57,30.91,17594,55040000,0.13,0.42,2.12,1.70
2016-08-03,31.29,31.29,31.55,31.19,20594,64530000,-0.04,-0.13,1.15,2.00
2016-08-04,31.25,31.79,31.95,31.02,26301,82900000,0.50,1.60,2.97,2.55
2016-08-05,31.80,30.89,31.80,30.84,28105,88040000,-0.90,-2.83,3.02,2.72
2016-08-08,30.70,32.04,32.20,30.16,34483,107790000,1.15,3.72,6.60,3.34
2016-08-09,31.91,32.09,32.18,31.62,31698,101030000,0.05,0.16,1.75,3.07
2016-08-10,31.95,31.96,32.49,31.83,22385,71780000,-0.13,-0.41,2.06,2.17
2016-08-11,31.90,31.00,31.92,31.00,21261,66850000,-0.96,-3.00,2.88,2.06
2016-08-12,30.94,31.57,31.70,30.70,21491,67290000,0.57,1.84,3.23,2.08
2016-08-15,31.58,32.55,32.82,31.28,42002,135350000,0.98,3.10,4.88,4.07
2016-08-16,32.55,32.47,32.79,32.17,30338,98610000,-0.08,-0.25,1.90,2.94
2016-08-17,32.47,32.77,33.20,32.20,37750,123980000,0.30,0.92,3.08,3.66
2016-08-18,32.78,32.30,32.89,32.03,28372,92020000,-0.47,-1.43,2.62,2.75
2016-08-19,32.10,32.19,32.45,32.03,18447,59390000,-0.11,-0.34,1.30,1.79
2016-08-22,32.20,31.18,32.51,31.18,25880,81860000,-1.01,-3.14,4.13,2.51
2016-08-23,31.18,31.49,31.85,31.18,17528,55300000,0.31,0.99,2.15,1.70
2016-08-24,31.60,31.55,31.88,31.38,16422,51970000,0.06,0.19,1.59,1.59
2016-08-25,31.57,30.94,31.58,30.19,21840,67180000,-0.61,-1.93,4.41,2.12
2016-08-26,30.81,31.08,31.50,30.80,20035,62560000,0.14,0.45,2.26,1.94
2016-08-29,31.22,31.88,32.18,31.16,29217,93050000,0.80,2.57,3.28,2.83
2016-08-30,31.88,31.84,32.39,31.80,19711,63290000,-0.04,-0.13,1.85,1.91
2016-08-31,31.64,31.62,31.99,31.02,20443,64250000,-0.22,-0.69,3.05,1.98
2016-09-01,31.62,31.23,31.91,31.11,17685,55710000,-0.39,-1.23,2.53,1.71
2016-09-02,30.19,30.31,30.66,29.99,37478,113720000,-0.92,-2.95,2.15,3.63
2016-09-05,30.20,30.20,30.55,30.16,19820,60030000,-0.11,-0.36,1.29,1.92
2016-09-06,30.36,30.67,30.79,29.95,26351,79960000,0.47,1.56,2.78,2.55
2016-09-07,30.80,30.55,31.09,30.38,19819,61150000,-0.12,-0.39,2.32,1.92
2016-09-08,30.66,30.77,30.95,30.56,12564,38640000,0.22,0.72,1.28,1.22
2016-09-09,30.91,30.74,31.05,30.57,14837,45760000,-0.03,-0.10,1.56,1.44
2016-09-12,29.93,29.93,30.59,29.93,23909,72080000,-0.81,-2.64,2.15,2.32
2016-09-13,30.01,29.46,30.26,29.38,25149,74480000,-0.47,-1.57,2.94,2.44
2016-09-14,29.38,28.92,29.38,28.75,20278,58810000,-0.54,-1.83,2.14,1.96
2016-09-19,28.90,29.26,29.45,28.89,13597,39760000,0.34,1.18,1.94,1.32
2016-09-20,29.35,29.11,29.45,29.01,11205,32670000,-0.15,-0.51,1.50,1.09
2016-09-21,29.17,29.14,29.28,29.00,11113,32380000,0.03,0.10,0.96,1.08
2016-09-22,29.31,29.15,29.39,29.11,14184,41500000,0.01,0.03,0.96,1.37
2016-09-23,29.18,29.35,29.48,29.03,13250,38730000,0.20,0.69,1.54,1.28
2016-09-26,29.36,28.77,29.38,28.74,14788,42960000,-0.58,-1.98,2.18,1.43
2016-09-27,28.88,29.28,29.28,28.55,19232,55610000,0.51,1.77,2.54,1.86
2016-09-28,29.29,29.07,29.39,29.02,14087,40990000,-0.21,-0.72,1.26,1.37
2016-09-29,29.03,29.07,29.30,28.81,16734,48650000,0.00,0.00,1.69,1.62
2016-09-30,29.50,30.78,31.50,29.18,60072,184790000,1.71,5.88,7.98,5.82
2016-10-10,30.93,31.51,31.95,30.90,47279,149010000,0.73,2.37,3.41,4.58
2016-10-11,31.11,31.50,31.67,31.11,30449,95690000,-0.01,-0.03,1.78,2.95
2016-10-12,31.35,31.15,31.35,31.01,21326,66420000,-0.35,-1.11,1.08,2.07
2016-10-13,31.55,32.54,33.64,31.55,61283,201060000,1.39,4.46,6.71,5.94
2016-10-14,32.13,32.21,32.48,31.73,31610,101310000,-0.33,-1.01,2.30,3.06
2016-10-17,31.90,31.00,32.00,30.91,38400,120630000,-1.21,-3.76,3.38,3.72
2016-10-18,30.92,31.40,31.40,30.81,23942,74600000,0.40,1.29,1.90,2.32
2016-10-19,31.21,31.07,31.53,31.03,19803,61880000,-0.33,-1.05,1.59,1.92
2016-10-20,31.37,31.24,31.49,31.03,18432,57610000,0.17,0.55,1.48,1.79
2016-10-21,31.11,30.94,31.20,30.55,23876,73770000,-0.30,-0.96,2.08,2.31
2016-10-24,30.87,31.21,31.45,30.80,23399,72920000,0.27,0.87,2.10,2.27
2016-10-25,31.10,31.17,31.53,31.10,21545,67430000,-0.04,-0.13,1.38,2.09
2016-10-26,31.17,31.38,31.39,31.00,21761,67970000,0.21,0.67,1.25,2.11
2016-10-27,31.45,31.93,31.95,31.30,36227,114860000,0.55,1.75,2.07,3.51
2016-10-28,31.95,31.42,32.36,31.20,37411,119140000,-0.51,-1.60,3.63,3.63
2016-10-31,30.90,30.25,30.90,30.19,29971,91420000,-1.17,-3.72,2.26,2.90
2016-11-01,30.17,30.50,30.65,30.17,15819,48200000,0.25,0.83,1.59,1.53
2016-11-02,30.30,29.78,30.40,29.70,29311,88110000,-0.72,-2.36,2.30,2.84
2016-11-03,29.78,30.12,30.19,29.70,23104,69250000,0.34,1.14,1.65,2.24
2016-11-04,30.00,29.84,30.20,29.82,18818,56410000,-0.28,-0.93,1.26,1.82
2016-11-07,30.00,30.08,30.38,29.90,17723,53420000,0.24,0.80,1.61,1.72
2016-11-08,30.03,30.22,30.25,30.03,18142,54740000,0.14,0.47,0.73,1.76
2016-11-09,30.20,29.65,30.26,29.30,24374,72490000,-0.57,-1.89,3.18,2.36
2016-11-10,30.05,29.97,30.10,29.86,19358,58010000,0.32,1.08,0.81,1.88
2016-11-11,30.05,30.97,31.18,30.05,40961,126090000,1.00,3.34,3.77,3.97
2016-11-14,30.78,30.76,31.38,30.63,32085,99390000,-0.21,-0.68,2.42,3.11
2016-11-15,30.65,30.82,30.83,30.13,38053,115880000,0.06,0.20,2.28,3.69
2016-11-16,30.85,30.95,31.11,30.81,34173,105800000,0.13,0.42,0.97,3.31
2016-11-17,30.76,30.52,30.86,30.35,20038,61220000,-0.43,-1.39,1.65,1.94
2016-11-18,30.52,30.51,30.77,30.38,14951,45660000,-0.01,-0.03,1.28,1.45
2016-11-21,30.51,30.63,30.79,30.30,16615,50810000,0.12,0.39,1.61,1.61
2016-11-22,30.64,31.02,31.02,30.44,26928,82790000,0.39,1.27,1.89,2.61
2016-11-23,31.50,30.78,31.60,30.75,35377,110260000,-0.24,-0.77,2.74,3.43
2016-11-24,30.50,29.96,30.70,29.90,31765,96320000,-0.82,-2.66,2.60,3.08
2016-11-25,29.76,30.30,30.30,29.69,20474,61450000,0.34,1.13,2.04,1.98
2016-11-28,30.29,30.04,30.35,29.96,16798,50530000,-0.26,-0.86,1.29,1.63
2016-11-29,30.05,29.80,30.19,29.70,16323,48960000,-0.24,-0.80,1.63,1.58
2016-11-30,29.66,29.63,30.10,29.53,18007,53760000,-0.17,-0.57,1.91,1.74
2016-12-01,29.50,29.65,29.73,29.39,20628,60980000,0.02,0.07,1.15,2.00
2016-12-02,29.59,29.00,29.70,29.00,18917,55420000,-0.65,-2.19,2.36,1.83
2016-12-05,28.81,29.17,29.65,28.71,16087,47140000,0.17,0.59,3.24,1.56
2016-12-06,29.20,29.10,29.48,29.01,10377,30300000,-0.07,-0.24,1.61,1.01
2016-12-07,29.12,29.35,29.40,28.81,15171,44140000,0.25,0.86,2.03,1.47
2016-12-08,29.47,29.04,29.50,28.93,11634,33880000,-0.31,-1.06,1.94,1.13
2016-12-09,29.10,28.98,29.16,28.77,11083,32040000,-0.06,-0.21,1.34,1.07
2016-12-12,28.89,26.10,28.97,26.08,37594,102570000,-2.88,-9.94,9.97,3.64
2016-12-13,25.98,26.13,26.29,25.70,20995,54690000,0.03,0.11,2.26,2.03
2016-12-14,26.08,25.10,26.09,24.85,38848,98280000,-1.03,-3.94,4.75,3.76
2016-12-15,24.92,27.08,27.61,24.85,74524,200360000,1.98,7.89,11.00,7.22
2016-12-16,26.73,26.56,27.08,26.51,36143,96570000,-0.52,-1.92,2.10,3.50
2016-12-19,26.98,26.00,26.98,26.00,27259,71660000,-0.56,-2.11,3.69,2.64
2016-12-20,26.00,26.30,26.57,25.89,23208,60970000,0.30,1.15,2.62,2.25
2016-12-21,26.45,26.40,26.70,26.16,25778,67960000,0.10,0.38,2.05,2.50
2016-12-22,26.40,26.01,26.40,25.93,19265,50240000,-0.39,-1.48,1.78,1.87
2016-12-23,26.14,26.45,27.09,25.82,40365,107200000,0.44,1.69,4.88,3.91
2016-12-26,26.01,26.28,26.28,25.41,31011,79970000,-0.17,-0.64,3.29,3.00
2016-12-27,26.24,26.27,26.40,26.06,15623,41020000,-0.01,-0.04,1.29,1.51
2016-12-28,26.17,26.05,26.50,26.01,15516,40730000,-0.22,-0.84,1.87,1.50
2016-12-29,25.80,25.95,26.28,25.80,12344,32120000,-0.10,-0.38,1.84,1.20
2016-12-30,26.00,25.78,26.09,25.60,14640,37780000,-0.17,-0.66,1.89,1.42
2017-01-03,25.95,26.13,26.30,25.61,16930,44260000,0.35,1.36,2.68,1.64
2017-01-04,26.11,26.31,26.38,26.00,23867,62630000,0.18,0.69,1.45,2.31
2017-01-05,26.32,26.45,26.97,26.18,37570,99610000,0.14,0.53,3.00,3.64
2017-01-06,26.49,26.49,27.05,26.30,35919,95660000,0.04,0.15,2.84,3.48
2017-01-09,26.40,26.94,27.30,25.67,45979,122230000,0.45,1.70,6.15,4.46
2017-01-10,26.90,26.39,26.90,26.26,27620,73500000,-0.55,-2.04,2.38,2.68
2017-01-11,26.39,26.41,26.74,26.21,19847,52540000,0.02,0.08,2.01,1.92
2017-01-12,26.37,25.78,26.74,25.60,23734,62440000,-0.63,-2.39,4.32,2.30
2017-01-13,25.71,25.14,25.74,25.01,27998,70940000,-0.64,-2.48,2.83,2.71
2017-01-16,25.12,23.60,25.12,22.65,31656,76210000,-1.54,-6.13,9.83,3.07
2017-01-17,23.71,24.20,24.59,23.40,25027,59860000,0.60,2.54,5.04,2.43
2017-01-18,23.84,23.69,24.02,23.60,18011,42890000,-0.51,-2.11,1.74,1.75
2017-01-19,23.71,23.59,23.82,23.45,10605,25050000,-0.10,-0.42,1.56,1.03
2017-01-20,23.58,24.08,24.30,23.53,17495,42090000,0.49,2.08,3.26,1.70
2017-01-23,26.00,26.49,26.49,25.40,56157,148150000,2.41,10.01,4.53,5.44
2017-01-24,27.00,26.24,27.24,26.12,102884,275180000,-0.25,-0.94,4.23,9.97
2017-01-25,25.13,25.27,25.83,25.12,53156,134500000,-0.97,-3.70,2.71,5.15
2017-01-26,25.06,25.22,25.63,24.89,30175,76590000,-0.05,-0.20,2.93,2.92
2017-02-03,25.40,25.32,25.70,25.00,22419,57010000,0.10,0.40,2.78,2.17
2017-02-06,25.20,26.16,26.48,25.06,43789,112510000,0.84,3.32,5.61,4.24
2017-02-07,25.98,25.65,25.99,25.51,30661,78899000,-0.51,-1.95,1.835,2.97
2017-02-08,25.60,26.01,26.11,25.30,35051,90418700,0.36,1.40,3.158,3.40
2017-02-09,25.98,26.02,26.30,25.83,29732,77460500,0.01,0.04,1.807,2.88
2017-02-10,26.02,25.70,26.30,25.70,25515,66171400,-0.32,-1.23,2.306,2.47
2017-02-13,25.90,25.83,26.02,25.51,18604,47976600,0.13,0.51,1.984,1.80
2017-02-14,25.83,25.68,26.03,25.64,16014,41315100,-0.15,-0.58,1.51,1.55
2017-02-15,25.68,25.04,25.70,25.00,31367,79496000,-0.64,-2.49,2.726,3.04
2017-02-16,24.95,25.17,25.46,24.91,23510,59085100,0.13,0.52,2.196,2.28
2017-02-17,25.17,25.95,26.60,24.93,67763,175803800,0.78,3.10,6.635,6.57
2017-02-20,25.81,26.02,26.13,25.70,35266,91415100,0.07,0.27,1.657,3.42
2017-02-21,25.94,26.26,26.29,25.90,34651,90402700,0.24,0.92,1.50,3.36
2017-02-22,26.15,26.10,26.40,25.85,25425,66339900,-0.16,-0.61,2.09,2.46
2017-02-23,26.09,25.97,26.18,25.77,21150,54873300,-0.13,-0.50,1.57,2.05
2017-02-24,26.02,26.62,26.77,25.91,46627,123104800,0.65,2.50,3.31,4.52
2017-02-27,26.50,26.27,26.70,26.18,30342,80255500,-0.35,-1.31,1.95,2.94
2017-02-28,26.28,26.37,26.51,26.16,17812,46899700,0.10,0.38,1.33,1.73
2017-03-01,26.30,26.44,27.17,26.30,39326,105253200,0.07,0.27,3.30,3.81
2017-03-02,26.50,26.05,26.70,25.97,24672,64578900,-0.39,-1.48,2.76,2.39
2017-03-03,26.00,26.02,26.26,25.71,20783,54036100,-0.03,-0.12,2.11,2.01
2017-03-06,26.03,26.43,26.72,26.02,29685,78484300,0.41,1.58,2.69,2.88
2017-03-07,26.50,26.63,26.63,26.25,29434,77791900,0.20,0.76,1.44,2.85
2017-03-08,26.71,28.56,29.29,26.60,182406,525214100,1.93,7.25,10.10,17.68
2017-03-09,28.00,29.29,29.29,27.65,138193,392501700,0.73,2.56,5.74,13.39
2017-03-10,29.15,28.70,30.47,28.60,168501,496578000,-0.59,-2.01,6.38,16.33
2017-03-13,28.50,28.62,28.95,28.30,91217,260767700,-0.08,-0.28,2.27,8.84
2017-03-14,28.62,28.01,28.62,27.83,80660,227024300,-0.61,-2.13,2.76,7.82
2017-03-15,27.89,27.80,28.37,27.71,45293,126826200,-0.21,-0.75,2.36,4.39
2017-03-16,28.00,28.26,28.44,27.98,55394,156088328,0.46,1.65,1.65,5.37
2017-03-17,28.14,27.56,28.60,27.51,60291,169700704,-0.70,-2.48,3.86,5.84
2017-03-20,27.49,27.71,27.78,27.26,39884,109754812,0.15,0.54,1.89,3.87
2017-03-21,27.68,27.59,27.79,27.34,27944,76936866,-0.12,-0.43,1.62,2.71
2017-03-22,27.31,27.41,27.52,26.83,35694,97154484,-0.18,-0.65,2.50,3.46
2017-03-23,27.60,27.87,27.95,27.02,51620,142524569,0.46,1.68,3.39,5.00
2017-03-24,27.82,27.60,27.82,27.33,35560,97886793,-0.27,-0.97,1.76,3.45
2017-03-27,27.66,28.32,28.47,27.50,62617,175762871,0.72,2.61,3.51,6.07
2017-03-28,28.11,27.92,28.59,27.90,48123,135625654,-0.40,-1.41,2.44,4.66
2017-03-29,27.96,28.30,28.56,27.76,62661,176955550,0.38,1.36,2.87,6.07
2017-03-30,28.30,26.30,28.48,26.30,73691,199089767,-2.00,-7.07,7.70,7.14
2017-03-31,26.31,26.41,26.98,26.15,43639,116051104,0.11,0.42,3.16,4.23
2017-04-05,26.14,26.48,26.80,25.73,39150,103077517,0.07,0.27,4.05,3.79
2017-04-06,26.30,26.54,26.87,26.23,29177,77551130,0.06,0.23,2.42,2.83
2017-04-07,26.82,29.19,29.19,26.82,149185,429922421,2.65,9.98,8.93,14.46
2017-04-10,29.70,30.50,31.99,29.40,273804,832460737,1.31,4.49,8.87,26.53
2017-04-11,30.50,33.55,33.55,29.75,259257,828334811,3.05,10.00,12.46,25.12
2017-04-12,34.22,34.15,36.40,32.71,364080,1259539473,0.60,1.79,11.00,35.28
2017-04-13,33.50,33.27,34.40,32.73,180382,602446391,-0.88,-2.58,4.89,17.48
2017-04-14,33.50,33.91,35.50,33.50,198215,683314880,0.64,1.92,6.01,19.21
2017-04-17,32.16,30.52,32.16,30.52,152182,468441580,-3.39,-10.00,4.84,14.75
2017-04-18,30.20,30.95,31.20,29.65,120001,364663138,0.43,1.41,5.08,11.63
2017-04-19,30.36,29.99,30.80,29.68,90331,272025064,-0.96,-3.10,3.62,8.75
2017-04-20,30.13,30.00,30.80,29.22,92963,279552309,0.01,0.03,5.27,9.01
2017-04-21,29.60,27.90,29.79,27.70,105695,302779407,-2.10,-7.00,6.97,10.24
2017-04-24,27.50,25.11,27.53,25.11,99718,260235386,-2.79,-10.00,8.67,9.66
2017-04-25,25.11,25.88,26.24,25.00,92559,236273637,0.77,3.07,4.94,8.97
2017-04-26,25.51,25.71,26.24,25.14,83538,213985940,-0.17,-0.66,4.25,8.10
2017-04-27,25.38,26.41,26.86,24.11,102292,261256871,0.70,2.72,10.70,9.91
2017-04-28,26.24,27.42,28.06,26.21,97437,265569646,1.01,3.82,7.00,9.44
2017-05-02,27.00,27.13,27.32,26.59,53706,144964573,-0.29,-1.06,2.66,5.20
2017-05-03,26.89,27.18,27.90,26.80,70356,192866462,0.05,0.18,4.05,6.82
2017-05-04,26.91,26.27,27.00,26.02,62052,164635327,-0.91,-3.35,3.61,6.01
2017-05-05,26.06,25.39,26.73,25.30,47475,124670400,-0.88,-3.35,5.44,4.60
2017-05-08,25.10,25.30,26.32,25.01,49971,128337068,-0.09,-0.35,5.16,4.84
2017-05-09,25.11,25.95,26.00,25.11,41787,107287446,0.65,2.57,3.52,4.05
2017-05-10,25.80,24.78,26.10,24.78,52523,133926249,-1.17,-4.51,5.09,5.09
2017-05-11,24.70,25.42,25.43,23.80,55956,138004408,0.64,2.58,6.58,5.42
2017-05-12,25.14,25.47,25.54,24.86,41936,106020854,0.05,0.20,2.68,4.06
2017-05-15,25.59,25.27,25.96,25.20,34160,87592243,-0.20,-0.79,2.98,3.31
2017-05-16,25.06,26.00,26.02,24.50,53306,134741420,0.73,2.89,6.02,5.17
2017-05-17,25.73,26.31,27.28,25.73,67895,180347407,0.31,1.19,5.96,6.58
2017-05-18,26.04,26.50,26.80,25.90,44723,118275474,0.19,0.72,3.42,4.33
2017-05-19,26.60,25.85,26.95,25.51,51401,133679758,-0.65,-2.45,5.43,4.98
2017-05-22,25.85,25.21,26.35,25.08,35664,91761423,-0.64,-2.48,4.91,3.46
2017-05-23,25.20,23.55,25.50,23.33,47564,115974356,-1.66,-6.58,8.61,4.61
2017-05-24,23.30,23.66,23.78,22.78,38805,90677340,0.11,0.47,4.25,3.76
2017-05-25,23.67,24.04,24.10,23.21,30858,73202078,0.38,1.61,3.76,2.99
2017-05-26,23.94,23.91,24.07,23.65,26439,63080160,-0.13,-0.54,1.75,2.56
2017-05-31,24.20,23.66,24.55,23.65,25964,62624017,-0.25,-1.05,3.76,2.52
2017-06-01,23.40,22.70,23.50,22.69,39755,91526874,-0.96,-4.06,3.42,3.85
2017-06-02,22.60,23.89,24.12,22.56,37455,87566683,1.19,5.24,6.87,3.63
2017-06-05,23.80,23.87,24.20,23.79,25168,60291827,-0.02,-0.08,1.72,2.44
2017-06-06,23.75,24.80,25.40,23.72,51982,127744977,0.93,3.90,7.04,5.04
2017-06-07,24.49,25.09,25.13,24.20,55812,138044267,0.29,1.17,3.75,5.41
2017-06-08,24.95,24.80,25.28,24.77,34419,85853344,-0.29,-1.16,2.03,3.34
2017-06-09,24.65,24.80,25.08,24.28,31206,77161137,0.00,0.00,3.23,3.02
