日期,开盘,收盘,最高,最低,交易量(手),交易金额(元),涨跌额,涨跌幅(%),振幅(%),换手率(%)
2011-04-26,32.00,30.24,32.20,30.20,33908,104810000,-4.04,-11.79,5.83,21.19
2011-04-27,29.78,28.97,29.80,28.85,16198,47230000,-1.27,-4.20,3.14,10.12
2011-04-28,29.06,28.30,29.25,28.20,8702,24880000,-0.67,-2.31,3.62,5.44
2011-04-29,28.30,28.48,28.70,28.20,3687,10500000,0.18,0.64,1.77,2.30
2011-05-03,28.67,28.60,28.68,28.24,2952,8410000,0.12,0.42,1.54,1.84
2011-05-04,28.59,28.11,28.59,27.98,5060,14250000,-0.49,-1.71,2.13,3.16
2011-05-05,28.12,28.10,28.34,28.10,3122,8800000,-0.01,-0.04,0.85,1.95
2011-05-06,28.09,27.88,28.09,27.70,3685,10250000,-0.22,-0.78,1.39,2.30
2011-05-09,27.88,27.98,28.38,27.88,3001,8430000,0.10,0.36,1.79,1.88
2011-05-10,28.03,28.08,28.18,27.96,2242,6290000,0.10,0.36,0.79,1.40
2011-05-11,28.20,28.13,28.30,27.96,3002,8440000,0.05,0.18,1.21,1.88
2011-05-12,28.05,27.91,28.25,27.90,2643,7420000,-0.22,-0.78,1.24,1.65
2011-05-13,27.91,28.39,28.39,27.81,2905,8170000,0.48,1.72,2.08,1.82
2011-05-16,28.32,28.57,28.89,28.12,4480,12850000,0.18,0.63,2.71,2.80
2011-05-17,28.52,28.60,28.72,28.22,2151,6130000,0.03,0.11,1.75,1.34
2011-05-18,28.75,28.27,28.75,28.23,2337,6630000,-0.33,-1.15,1.82,1.46
2011-05-19,28.28,28.00,28.44,28.00,2439,6880000,-0.27,-0.96,1.56,1.52
2011-05-20,27.93,27.98,28.12,27.90,1662,4650000,-0.02,-0.07,0.79,1.04
2011-05-23,27.78,26.85,28.04,26.85,3306,9060000,-1.13,-4.04,4.25,2.07
2011-05-24,27.04,27.14,27.40,26.61,2185,5900000,0.29,1.08,2.94,1.37
2011-05-25,27.08,26.54,27.16,26.50,1833,4910000,-0.60,-2.21,2.43,1.15
2011-05-26,26.69,26.25,26.96,26.20,1164,3080000,-0.29,-1.09,2.86,0.73
2011-05-27,26.16,25.77,26.47,25.63,1946,5060000,-0.48,-1.83,3.20,1.22
2011-05-30,25.70,25.79,26.29,25.52,1843,4780000,0.02,0.08,2.99,1.15
2011-05-31,25.85,26.11,26.17,25.82,1126,2930000,0.32,1.24,1.36,0.70
2011-06-01,26.13,26.10,26.20,26.06,1286,3360000,-0.01,-0.04,0.54,0.80
2011-06-02,25.80,25.43,25.93,25.32,1736,4440000,-0.67,-2.57,2.34,1.09
2011-06-03,25.37,25.83,25.90,25.37,921,2370000,0.40,1.57,2.08,0.58
2011-06-07,25.82,25.71,25.90,25.52,939,2420000,-0.12,-0.46,1.47,0.59
2011-06-09,25.72,25.56,26.10,25.47,1466,3780000,-0.15,-0.58,2.45,0.92
2011-06-10,25.43,25.18,25.46,25.01,1542,3890000,-0.38,-1.49,1.76,0.96
2011-06-13,25.18,25.03,25.18,24.71,1370,3420000,-0.15,-0.60,1.87,0.86
2011-06-14,24.91,25.22,25.27,24.87,979,2460000,0.19,0.76,1.60,0.61
2011-06-15,25.32,24.93,25.32,24.85,1451,3640000,-0.29,-1.15,1.86,0.91
2011-06-16,24.73,24.37,24.74,24.22,1311,3210000,-0.56,-2.25,2.09,0.82
2011-06-17,24.25,24.04,24.46,24.04,982,2380000,-0.33,-1.35,1.72,0.61
2011-06-20,24.02,23.92,24.15,23.86,1108,2660000,-0.12,-0.50,1.21,0.69
2011-06-21,23.95,24.14,24.20,23.80,790,1890000,0.22,0.92,1.67,0.49
2011-06-22,24.10,23.86,24.10,23.81,761,1820000,-0.28,-1.16,1.20,0.48
2011-06-23,23.86,24.53,24.75,23.62,2011,4900000,0.67,2.81,4.74,1.26
2011-06-24,24.43,25.05,25.12,24.33,2681,6670000,0.52,2.12,3.22,1.68
2011-06-27,25.06,25.08,25.63,24.97,2583,6540000,0.03,0.12,2.63,1.61
2011-06-28,25.08,25.22,25.29,24.95,1293,3250000,0.14,0.56,1.36,0.81
2011-06-29,25.26,25.32,26.07,25.26,3654,9380000,0.10,0.40,3.21,2.28
2011-06-30,25.02,25.90,25.90,25.02,2230,5730000,0.58,2.29,3.48,1.39
2011-07-01,25.90,25.87,26.25,25.71,2339,6090000,-0.03,-0.12,2.08,1.46
2011-07-04,25.90,26.45,26.54,25.81,3308,8680000,0.58,2.24,2.82,2.07
2011-07-05,26.55,26.39,26.55,26.27,2071,5470000,-0.06,-0.23,1.06,1.29
2011-07-06,26.30,26.65,26.72,26.03,2155,5700000,0.26,0.99,2.61,1.35
2011-07-07,26.71,27.41,27.80,26.53,7307,19990000,0.76,2.85,4.77,4.57
2011-07-08,27.35,27.82,27.88,27.01,3993,10970000,0.41,1.50,3.17,2.50
2011-07-11,27.53,28.03,28.10,27.50,3917,10920000,0.21,0.75,2.16,2.45
2011-07-12,27.88,27.05,27.88,27.01,4276,11780000,-0.98,-3.50,3.10,2.67
2011-07-13,27.43,28.34,28.36,27.09,5073,14180000,1.29,4.77,4.70,3.17
2011-07-14,28.34,28.80,28.80,28.10,3753,10670000,0.46,1.62,2.47,2.35
2011-07-15,29.00,28.78,29.00,28.51,5768,16620000,-0.02,-0.07,1.70,3.61
2011-07-18,28.78,28.33,28.98,28.20,3460,9890000,-0.45,-1.56,2.71,2.16
2011-07-19,28.33,28.18,28.49,28.02,2216,6240000,-0.15,-0.53,1.66,1.39
2011-07-20,28.24,27.69,28.46,27.51,2927,8160000,-0.49,-1.74,3.37,1.83
2011-07-21,27.88,27.82,27.98,27.52,2760,7670000,0.13,0.47,1.66,1.72
2011-07-22,27.82,27.95,28.21,27.70,1717,4810000,0.13,0.47,1.83,1.07
2011-07-25,27.91,27.31,28.39,27.01,3401,9420000,-0.64,-2.29,4.94,2.13
2011-07-26,27.30,27.29,27.55,27.00,3692,10040000,-0.02,-0.07,2.01,1.85
2011-07-27,27.24,28.49,28.59,27.05,9063,25500000,1.20,4.40,5.64,4.53
2011-07-28,28.12,28.89,29.36,28.10,10384,30020000,0.40,1.40,4.42,5.19
2011-07-29,28.89,28.87,29.50,28.59,4497,12980000,-0.02,-0.07,3.15,2.25
2011-08-01,28.88,29.20,29.36,28.48,5994,17470000,0.33,1.14,3.05,3.00
2011-08-02,29.30,29.08,29.30,28.30,8437,24200000,-0.12,-0.41,3.42,4.22
2011-08-03,28.55,28.54,29.47,28.45,6724,19410000,-0.54,-1.86,3.51,3.36
2011-08-04,28.58,27.80,28.83,27.57,8484,23810000,-0.74,-2.59,4.41,4.24
2011-08-05,27.00,27.31,27.55,26.50,9006,24450000,-0.49,-1.76,3.78,4.50
2011-08-08,27.00,26.69,27.30,25.55,6407,17000000,-0.62,-2.27,6.41,3.20
2011-08-09,26.20,26.60,26.88,25.70,2615,6900000,-0.09,-0.34,4.42,1.31
2011-08-10,27.16,27.12,27.56,27.00,3507,9570000,0.52,1.95,2.11,1.75
2011-08-11,26.54,27.37,27.56,26.54,3767,10230000,0.25,0.92,3.76,1.88
2011-08-12,27.69,27.39,27.80,27.37,3666,10110000,0.02,0.07,1.57,1.83
2011-08-15,27.50,28.40,28.60,27.31,8923,25040000,1.01,3.69,4.71,4.46
2011-08-16,28.40,28.30,28.75,28.25,7653,21820000,-0.10,-0.35,1.76,3.83
2011-08-17,28.10,28.50,28.95,28.03,6971,19980000,0.20,0.71,3.25,3.49
2011-08-18,28.49,27.69,28.70,27.64,4328,12180000,-0.81,-2.84,3.72,2.16
2011-08-19,27.28,27.35,27.35,26.92,3214,8720000,-0.34,-1.23,1.55,1.61
2011-08-22,27.36,27.71,27.88,27.36,2674,7400000,0.36,1.32,1.90,1.34
2011-08-23,27.95,28.70,28.85,27.95,11599,33100000,0.99,3.57,3.25,5.80
2011-08-24,29.25,29.42,29.74,28.74,17989,52670000,0.72,2.51,3.48,8.99
2011-08-25,29.12,29.05,29.59,28.48,9998,28970000,-0.37,-1.26,3.77,5.00
2011-08-26,28.86,30.00,30.16,28.81,12890,38270000,0.95,3.27,4.65,6.44
2011-08-29,30.00,30.21,30.72,29.70,10958,33160000,0.21,0.70,3.40,5.48
2011-08-30,30.29,28.88,30.50,28.83,11273,33360000,-1.33,-4.40,5.53,5.64
2011-08-31,28.75,28.58,28.97,28.15,7424,21140000,-0.30,-1.04,2.84,3.71
2011-09-01,28.32,28.38,29.00,28.21,6910,19750000,-0.20,-0.70,2.76,3.46
2011-09-02,28.53,28.10,28.53,27.66,4185,11700000,-0.28,-0.99,3.07,2.09
2011-09-05,27.81,27.46,27.81,27.21,3648,10030000,-0.64,-2.28,2.14,1.82
2011-09-06,27.25,27.25,28.23,26.80,5687,15480000,-0.21,-0.76,5.21,2.84
2011-09-07,27.27,27.74,27.80,27.26,4764,13130000,0.49,1.80,1.98,2.38
2011-09-08,27.88,27.00,27.88,27.00,4474,12300000,-0.74,-2.67,3.17,2.24
2011-09-09,27.09,27.44,28.30,27.08,4508,12370000,0.44,1.63,4.52,2.25
2011-09-13,27.10,27.26,27.58,27.01,1694,4590000,-0.18,-0.66,2.08,0.85
2011-09-14,27.26,27.45,27.47,26.87,2292,6240000,0.19,0.70,2.20,1.15
2011-09-15,27.47,27.30,27.67,27.22,3034,8340000,-0.15,-0.55,1.64,1.52
2011-09-16,27.30,27.26,27.65,27.16,1759,4810000,-0.04,-0.15,1.79,0.88
2011-09-19,27.17,26.19,27.17,26.15,3287,8680000,-1.07,-3.93,3.74,1.64
2011-09-20,26.45,26.82,28.50,26.10,2642,7050000,0.63,2.41,9.16,1.32
2011-09-21,26.90,27.38,27.45,26.62,4794,13030000,0.56,2.09,3.09,2.40
2011-09-22,27.30,26.45,27.30,26.45,1735,4660000,-0.93,-3.40,3.10,0.87
2011-09-23,26.05,26.62,26.85,26.01,1456,3840000,0.17,0.64,3.18,0.73
2011-09-26,26.32,26.35,26.72,26.20,1047,2770000,-0.27,-1.01,1.95,0.52
2011-09-27,26.42,26.30,26.80,26.06,1510,3990000,-0.05,-0.19,2.81,0.76
2011-09-28,26.60,25.31,26.60,24.80,4026,10360000,-0.99,-3.76,6.84,2.01
2011-09-29,25.20,24.50,25.20,24.50,2326,5760000,-0.81,-3.20,2.77,1.16
2011-09-30,24.73,24.23,24.75,24.15,2057,5010000,-0.27,-1.10,2.45,1.03
2011-10-10,24.28,24.30,24.63,24.24,621,1510000,0.07,0.29,1.61,0.31
2011-10-11,24.80,24.36,24.94,24.08,792,1940000,0.06,0.25,3.54,0.40
2011-10-12,24.36,25.32,25.35,24.18,2694,6720000,0.96,3.94,4.80,1.35
2011-10-13,25.46,25.78,25.93,25.10,2339,6000000,0.46,1.82,3.28,1.17
2011-10-14,25.53,25.33,25.78,24.90,2733,6900000,-0.45,-1.75,3.41,1.37
2011-10-17,25.33,25.82,25.90,25.15,4057,10400000,0.49,1.93,2.96,2.03
2011-10-18,25.80,25.17,25.81,25.03,3039,7770000,-0.65,-2.52,3.02,1.52
2011-10-19,25.29,25.00,25.97,24.96,4859,12250000,-0.17,-0.68,4.01,2.43
2011-10-20,24.91,24.11,24.91,23.92,4049,9800000,-0.89,-3.56,3.96,2.02
2011-10-21,23.98,23.07,24.10,23.07,4126,9680000,-1.04,-4.31,4.27,2.06
2011-10-24,23.07,23.08,23.45,22.32,3371,7730000,0.01,0.04,4.90,1.69
2011-10-25,23.01,23.88,23.97,22.88,4782,11230000,0.80,3.47,4.72,2.39
2011-10-26,23.81,23.72,24.24,23.54,6377,15230000,-0.16,-0.67,2.93,3.19
2011-10-27,23.75,23.97,24.42,23.71,3584,8600000,0.25,1.05,2.99,1.79
2011-10-28,24.10,24.40,24.48,24.04,5217,12620000,0.43,1.79,1.84,2.61
2011-10-31,24.50,24.55,24.80,24.32,4570,11230000,0.15,0.61,1.97,2.28
2011-11-01,24.33,24.48,24.73,24.06,6829,16660000,-0.07,-0.29,2.73,3.41
2011-11-02,24.10,25.64,25.70,24.00,11085,27710000,1.16,4.74,6.94,5.54
2011-11-03,26.00,25.53,26.60,25.41,12237,31940000,-0.11,-0.43,4.64,6.12
2011-11-04,25.78,26.10,26.36,25.54,8124,21150000,0.57,2.23,3.21,4.06
2011-11-07,25.95,25.67,26.25,25.46,4063,10520000,-0.43,-1.65,3.03,2.03
2011-11-08,25.72,25.21,26.09,25.21,2999,7700000,-0.46,-1.79,3.43,1.50
2011-11-09,25.34,25.99,26.18,25.25,7759,19930000,0.78,3.09,3.69,3.88
2011-11-10,25.80,25.85,26.33,25.80,10118,26380000,-0.14,-0.54,2.04,5.06
2011-11-11,26.00,25.77,26.09,25.55,4719,12200000,-0.08,-0.31,2.09,2.36
2011-11-14,25.95,26.71,26.71,25.95,8209,21650000,0.94,3.65,2.95,4.10
2011-11-15,26.61,26.71,26.76,26.44,4592,12210000,0.00,0.00,1.20,2.30
2011-11-16,26.73,26.28,27.35,26.16,12044,32280000,-0.43,-1.61,4.46,6.02
2011-11-17,26.48,26.85,27.27,26.28,10958,29370000,0.57,2.17,3.77,5.48
2011-11-18,26.80,26.50,27.65,26.25,16004,43450000,-0.35,-1.30,5.21,8.00
2011-11-21,26.70,25.96,26.74,25.46,7248,18680000,-0.54,-2.04,4.83,3.62
2011-11-22,25.90,25.97,26.24,25.50,4536,11750000,0.01,0.04,2.85,2.27
2011-11-23,26.15,26.19,26.50,25.86,5456,14320000,0.22,0.85,2.46,2.73
2011-11-24,25.99,26.57,26.66,25.72,6189,16310000,0.38,1.45,3.59,3.09
2011-11-25,26.42,26.68,27.17,26.42,7111,19090000,0.11,0.41,2.82,3.56
2011-11-28,26.85,26.58,26.98,26.38,3202,8500000,-0.10,-0.37,2.25,1.60
2011-11-29,26.79,26.49,26.90,26.29,4276,11310000,-0.09,-0.34,2.30,2.14
2011-11-30,26.33,24.60,26.53,24.38,5893,14840000,-1.89,-7.13,8.12,2.95
2011-12-01,25.28,24.78,26.68,24.76,10604,26890000,0.18,0.73,7.80,5.30
2011-12-02,24.70,24.16,25.10,23.98,5072,12350000,-0.62,-2.50,4.52,2.54
2011-12-05,24.15,22.82,24.43,22.50,6075,14230000,-1.34,-5.55,7.99,3.04
2011-12-06,22.82,23.05,23.20,22.53,3640,8360000,0.23,1.01,2.94,1.82
2011-12-07,23.16,23.02,23.39,22.78,2185,5040000,-0.03,-0.13,2.65,1.09
2011-12-08,23.20,23.22,23.77,22.68,4232,9840000,0.20,0.87,4.74,2.12
2011-12-09,23.00,23.23,23.39,22.95,1919,4450000,0.01,0.04,1.89,0.96
2011-12-12,23.61,23.40,23.89,23.22,3053,7190000,0.17,0.73,2.88,1.53
2011-12-13,23.13,22.81,23.23,22.79,2895,6650000,-0.59,-2.52,1.88,1.45
2011-12-14,22.77,22.70,23.09,22.53,1663,3790000,-0.11,-0.48,2.46,0.83
2011-12-15,22.59,22.57,22.94,22.41,2572,5830000,-0.13,-0.57,2.33,1.29
2011-12-16,22.41,23.30,23.40,22.41,2363,5420000,0.73,3.23,4.39,1.18
2011-12-19,23.30,23.54,23.60,22.70,4112,9520000,0.24,1.03,3.86,2.06
2011-12-20,23.35,23.19,23.76,23.05,2811,6610000,-0.35,-1.49,3.02,1.41
2011-12-21,23.45,22.58,23.50,22.58,2462,5660000,-0.61,-2.63,3.97,1.23
2011-12-22,22.41,21.90,22.44,21.50,4395,9620000,-0.68,-3.01,4.16,2.20
2011-12-23,21.90,21.96,22.26,21.81,1649,3630000,0.06,0.27,2.05,0.82
2011-12-26,22.16,21.76,22.28,21.71,2018,4450000,-0.20,-0.91,2.60,1.01
2011-12-27,21.75,20.71,21.79,20.71,2963,6250000,-1.05,-4.83,4.96,1.48
2011-12-28,20.70,20.80,21.26,20.33,3006,6200000,0.09,0.43,4.49,1.50
2011-12-29,20.70,20.72,20.99,20.60,1831,3810000,-0.08,-0.38,1.88,0.92
2011-12-30,20.73,21.05,21.15,20.73,2272,4750000,0.33,1.59,2.03,1.14
2012-01-04,21.40,20.88,21.41,20.61,4106,8650000,-0.17,-0.81,3.80,2.05
2012-01-05,20.56,20.58,21.07,20.11,5146,10650000,-0.30,-1.44,4.60,2.57
2012-01-06,20.50,21.17,21.37,20.42,3435,7120000,0.59,2.87,4.62,1.72
2012-01-09,21.17,22.11,22.57,20.70,5408,11640000,0.94,4.44,8.83,2.70
2012-01-10,22.19,22.40,22.68,21.90,5737,12790000,0.29,1.31,3.53,2.87
2012-01-11,22.30,22.45,22.79,22.22,4150,9360000,0.05,0.22,2.54,2.08
2012-01-12,22.38,22.24,22.63,22.16,2475,5530000,-0.21,-0.94,2.09,1.24
2012-01-13,22.70,21.66,22.87,21.40,4720,10390000,-0.58,-2.61,6.61,2.36
2012-01-16,21.16,20.62,21.40,20.62,1912,4010000,-1.04,-4.80,3.60,0.96
2012-01-17,20.62,21.42,21.48,19.88,4407,9090000,0.80,3.88,7.76,2.20
2012-01-18,21.20,20.00,21.38,19.93,3818,7870000,-1.42,-6.63,6.77,1.91
2012-01-19,19.97,20.50,20.62,19.97,2461,5020000,0.50,2.50,3.25,1.23
2012-01-20,20.51,20.70,20.82,20.49,1644,3390000,0.20,0.98,1.61,0.82
2012-01-30,20.78,20.89,21.21,20.70,1608,3370000,0.19,0.92,2.46,0.80
2012-01-31,20.61,20.88,20.89,20.61,757,1570000,-0.01,-0.05,1.34,0.38
2012-02-01,20.88,21.01,21.30,20.88,1412,2990000,0.13,0.62,2.01,0.71
2012-02-03,21.27,21.66,21.71,21.20,3391,7310000,0.65,3.09,2.43,1.70
2012-02-06,21.60,21.70,21.91,21.51,5010,10890000,0.04,0.18,1.85,2.50
2012-02-07,21.59,21.10,21.69,21.06,2839,6040000,-0.60,-2.77,2.90,1.42
2012-02-08,21.15,21.63,21.69,21.04,2992,6400000,0.53,2.51,3.08,1.50
2012-02-09,21.64,21.89,22.18,21.55,4202,9210000,0.26,1.20,2.91,2.10
2012-02-10,22.00,22.13,22.14,21.90,3048,6720000,0.24,1.10,1.10,1.52
2012-02-13,21.93,22.68,22.85,21.93,5666,12820000,0.55,2.49,4.16,2.83
2012-02-14,22.66,23.25,23.67,22.50,9054,20970000,0.57,2.51,5.16,4.53
2012-02-15,23.30,23.34,23.39,22.93,5713,13270000,0.09,0.39,1.98,2.86
2012-02-16,23.21,23.32,23.54,23.12,4797,11220000,-0.02,-0.09,1.80,2.40
2012-02-17,23.77,23.86,23.95,23.28,7978,18890000,0.54,2.32,2.87,3.99
2012-02-20,24.03,24.21,24.42,23.92,8153,19730000,0.35,1.47,2.10,4.08
2012-02-21,26.10,25.41,26.10,24.71,25822,65420000,1.20,4.96,5.74,12.91
2012-02-22,25.11,26.45,27.30,25.01,23671,61670000,1.04,4.09,9.01,11.84
2012-02-23,26.27,25.97,26.52,25.71,13916,36360000,-0.48,-1.81,3.06,6.96
2012-02-24,26.30,26.29,26.77,25.98,12869,33840000,0.32,1.23,3.04,6.43
2012-02-27,26.31,26.85,27.67,26.26,20572,55540000,0.56,2.13,5.36,10.29
2012-02-28,26.78,25.75,26.99,25.71,15777,41400000,-1.10,-4.10,4.77,7.89
2012-02-29,25.30,24.00,25.30,23.93,22855,55840000,-1.75,-6.80,5.32,11.43
2012-03-01,23.80,24.03,24.32,23.65,8624,20740000,0.03,0.13,2.79,4.31
2012-03-02,24.00,24.40,24.56,24.00,8008,19470000,0.37,1.54,2.33,4.00
2012-03-05,24.41,24.37,24.84,24.21,10540,25790000,-0.03,-0.12,2.58,5.27
2012-03-06,24.40,24.02,24.48,23.66,7261,17410000,-0.35,-1.44,3.36,3.63
2012-03-07,24.00,24.41,24.69,23.82,8460,20620000,0.39,1.62,3.62,4.23
2012-03-08,24.55,24.62,24.68,24.30,7745,19000000,0.21,0.86,1.56,3.87
2012-03-09,24.74,25.05,25.20,24.50,10235,25510000,0.43,1.75,2.84,5.12
2012-03-12,24.86,24.98,25.29,24.75,5443,13610000,-0.07,-0.28,2.16,2.72
2012-03-13,25.17,25.42,25.42,24.90,7217,18180000,0.44,1.76,2.08,3.61
2012-03-14,25.50,24.20,25.71,24.01,11132,27910000,-1.22,-4.80,6.69,5.57
2012-03-15,24.20,24.01,24.39,23.81,5672,13680000,-0.19,-0.79,2.40,2.84
2012-03-16,24.25,24.43,24.57,23.90,3724,9070000,0.42,1.75,2.79,1.86
2012-03-19,24.63,24.83,24.94,24.05,4893,12000000,0.40,1.64,3.64,2.45
2012-03-20,24.63,24.10,25.13,24.08,3714,9070000,-0.73,-2.94,4.23,1.86
2012-03-21,24.21,23.83,24.36,23.51,4096,9790000,-0.27,-1.12,3.53,2.05
2012-03-23,23.83,24.18,24.68,23.75,6343,15380000,0.35,1.47,3.90,3.17
2012-03-26,24.02,23.78,24.22,23.20,6050,14190000,-0.40,-1.65,4.22,3.03
2012-03-27,23.80,23.51,23.80,23.39,2661,6280000,-0.27,-1.14,1.72,1.33
2012-03-28,23.55,22.11,23.55,22.08,3718,8450000,-1.40,-5.95,6.25,1.86
2012-03-29,22.20,21.60,22.20,21.50,2491,5430000,-0.51,-2.31,3.17,1.25
2012-03-30,21.83,21.58,21.83,21.41,1411,3040000,-0.02,-0.09,1.94,0.71
2012-04-05,21.80,22.24,22.36,21.40,3169,6960000,0.66,3.06,4.45,1.58
2012-04-06,21.96,22.38,22.45,21.95,1679,3740000,0.14,0.63,2.25,0.84
2012-04-09,22.20,22.46,22.58,22.02,2835,6320000,0.08,0.36,2.50,1.42
2012-04-10,22.10,22.05,22.38,21.44,3949,8630000,-0.41,-1.83,4.19,1.97
2012-04-11,10.97,10.90,11.00,10.60,4069,4420000,-0.08,-0.73,3.64,1.02
2012-04-12,10.80,11.00,11.01,10.62,4907,5330000,0.10,0.92,3.58,1.23
2012-04-13,11.00,10.90,11.05,10.88,4295,4710000,-0.10,-0.91,1.55,1.07
2012-04-16,10.85,11.00,11.07,10.83,3013,3300000,0.10,0.92,2.20,0.75
2012-04-17,10.83,10.30,10.83,10.30,10980,11560000,-0.70,-6.36,4.82,2.75
2012-04-18,10.30,10.50,10.54,10.27,6163,6410000,0.20,1.94,2.62,1.54
2012-04-19,10.50,10.51,10.63,10.41,4415,4650000,0.01,0.10,2.10,1.10
2012-04-20,10.50,10.50,10.54,10.39,6669,6980000,-0.01,-0.10,1.43,1.67
2012-04-23,10.50,9.89,10.50,9.82,9891,9980000,-0.61,-5.81,6.48,2.47
2012-04-24,9.75,9.55,9.81,9.33,9436,9040000,-0.34,-3.44,4.85,2.36
2012-04-25,9.50,9.56,9.58,9.40,4188,3970000,0.01,0.10,1.88,1.05
2012-04-26,9.57,9.60,9.79,9.51,4502,4330000,0.04,0.42,2.93,1.13
2012-04-27,9.62,9.69,9.77,9.51,3418,3300000,0.09,0.94,2.71,0.85
2012-05-02,9.78,9.81,9.89,9.71,5614,5510000,0.12,1.24,1.86,1.40
2012-05-03,9.81,10.17,10.45,9.81,8732,8860000,0.36,3.67,6.52,2.18
2012-05-04,10.20,10.15,10.27,10.10,5711,5820000,-0.02,-0.20,1.67,1.43
2012-05-07,10.01,10.33,10.34,10.01,7109,7270000,0.18,1.77,3.25,1.78
2012-05-08,10.21,10.17,10.33,10.15,5628,5760000,-0.16,-1.55,1.74,1.41
2012-05-09,10.12,10.17,10.18,9.90,6510,6520000,0.00,0.00,2.75,1.63
2012-05-10,10.17,10.11,10.25,9.97,4676,4730000,-0.06,-0.59,2.75,1.17
2012-05-11,10.00,10.08,10.12,9.77,8822,8790000,-0.03,-0.30,3.46,2.21
2012-05-14,10.10,10.29,10.33,10.00,11138,11410000,0.21,2.08,3.27,2.78
2012-05-15,10.14,10.08,10.27,9.94,3345,3370000,-0.21,-2.04,3.21,0.84
2012-05-16,10.02,9.95,10.12,9.89,2337,2330000,-0.13,-1.29,2.28,0.58
2012-05-17,9.84,9.96,10.02,9.84,2895,2890000,0.01,0.10,1.81,0.72
2012-05-18,9.90,9.83,10.00,9.83,1667,1650000,-0.13,-1.31,1.71,0.42
2012-05-21,9.82,9.46,9.85,9.40,3945,3800000,-0.37,-3.76,4.58,0.99
2012-05-22,9.57,9.40,9.62,9.31,9231,8680000,-0.06,-0.63,3.28,2.31
2012-05-23,9.42,9.31,9.48,9.28,4126,3860000,-0.09,-0.96,2.13,1.03
2012-05-24,9.32,9.38,9.40,9.30,2905,2720000,0.07,0.75,1.07,0.73
2012-05-25,9.39,9.23,9.41,9.23,2433,2260000,-0.15,-1.60,1.92,0.61
2012-05-28,9.23,9.12,9.23,8.96,5480,4960000,-0.11,-1.19,2.93,1.37
2012-05-29,9.12,9.33,9.38,9.12,4794,4440000,0.21,2.30,2.85,1.20
2012-05-30,9.36,9.38,9.43,9.31,3066,2870000,0.05,0.54,1.29,0.77
2012-05-31,9.33,9.43,9.52,9.25,4787,4510000,0.05,0.53,2.88,1.20
2012-06-01,9.63,10.37,10.37,9.63,17765,18330000,0.94,9.97,7.85,4.44
2012-06-04,10.39,10.83,10.96,10.25,57273,61150000,0.46,4.44,6.85,14.32
2012-06-05,10.69,10.37,10.69,10.22,24955,25910000,-0.46,-4.25,4.34,6.24
2012-06-06,10.25,10.10,10.40,9.93,18342,18630000,-0.27,-2.60,4.53,4.59
2012-06-07,10.25,11.11,11.11,10.10,51197,55310000,1.01,10.00,10.00,12.80
2012-06-08,11.35,12.22,12.22,11.35,113447,134890000,1.11,9.99,7.83,28.36
2012-06-11,12.35,13.44,13.44,11.98,114131,148800000,1.22,9.98,11.95,28.53
2012-06-12,13.54,13.22,13.78,12.88,105139,138520000,-0.22,-1.64,6.70,26.28
2012-06-13,13.07,13.08,13.29,12.91,92311,120680000,-0.14,-1.06,2.87,23.08
2012-06-14,13.00,12.52,13.30,12.42,97662,124570000,-0.56,-4.28,6.73,24.42
2012-06-15,12.53,12.40,12.62,12.11,62838,77390000,-0.12,-0.96,4.07,15.71
2012-06-18,12.38,12.75,13.16,12.25,105639,134050000,0.35,2.82,7.34,26.41
2012-06-19,12.50,14.03,14.03,12.06,125464,163040000,1.28,10.04,15.45,31.37
2012-06-20,13.73,14.92,15.43,13.68,176022,260620000,0.89,6.34,12.47,44.01
2012-06-21,14.30,13.89,14.60,13.61,85893,120750000,-1.03,-6.90,6.64,21.47
2012-06-25,13.50,12.50,13.59,12.50,82418,106910000,-1.39,-10.01,7.85,20.60
2012-06-26,12.25,12.72,12.84,12.13,62771,78700000,0.22,1.76,5.68,15.69
2012-06-27,12.72,12.31,12.96,12.24,51078,64440000,-0.41,-3.22,5.66,12.77
2012-06-28,12.20,12.29,12.79,11.93,61408,75640000,-0.02,-0.16,6.99,15.35
2012-06-29,12.00,11.75,12.35,11.39,59456,69870000,-0.54,-4.39,7.81,14.86
2012-07-02,11.76,12.31,12.31,11.60,53862,64980000,0.56,4.77,6.04,13.47
2012-07-03,12.12,12.57,12.63,11.94,56797,69550000,0.26,2.11,5.61,14.20
2012-07-04,12.45,12.00,12.55,11.98,38872,47340000,-0.57,-4.53,4.53,9.72
2012-07-05,11.76,11.23,11.77,11.15,41785,47410000,-0.77,-6.42,5.17,10.45
2012-07-06,11.29,11.60,11.66,11.07,33749,38580000,0.37,3.29,5.25,8.44
2012-07-09,11.50,10.87,11.55,10.87,30552,34240000,-0.73,-6.29,5.86,7.64
2012-07-10,10.62,10.40,10.77,10.36,30240,32010000,-0.47,-4.32,3.77,7.56
2012-07-11,10.30,10.62,10.85,10.30,21120,22420000,0.22,2.12,5.29,5.28
2012-07-12,10.40,10.55,10.67,10.03,36981,38160000,-0.07,-0.66,6.03,9.25
2012-07-13,10.38,10.53,10.65,10.18,32358,33810000,-0.02,-0.19,4.46,8.09
2012-07-16,10.45,9.48,10.45,9.48,44803,43740000,-1.05,-9.97,9.21,11.20
2012-07-17,9.35,9.60,9.71,9.35,20508,19590000,0.12,1.27,3.80,5.13
2012-07-18,9.58,10.07,10.16,9.49,56321,55930000,0.47,4.90,6.98,14.08
2012-07-19,9.98,10.05,10.38,9.68,48931,49190000,-0.02,-0.20,6.95,12.23
2012-07-20,9.95,10.43,10.85,9.88,61091,64270000,0.38,3.78,9.65,15.27
2012-07-23,10.02,9.98,10.23,9.83,34046,34190000,-0.45,-4.31,3.84,8.51
2012-07-24,9.80,10.08,10.23,9.75,25221,25420000,0.10,1.00,4.81,6.31
2012-07-25,9.98,10.18,10.52,9.89,28530,29390000,0.10,0.99,6.25,7.13
2012-07-26,10.09,9.69,10.19,9.69,19893,19750000,-0.49,-4.81,4.91,4.97
2012-07-27,9.74,10.66,10.66,9.63,37521,38420000,0.97,10.01,10.63,9.38
2012-07-30,10.90,10.32,11.11,10.27,45757,48830000,-0.34,-3.19,7.88,11.44
2012-07-31,10.22,9.83,10.44,9.30,28928,28380000,-0.49,-4.75,11.05,7.23
2012-08-01,9.84,10.81,10.81,9.73,69587,73720000,0.98,9.97,10.99,17.40
2012-08-02,10.67,10.98,11.30,10.57,80727,87960000,0.17,1.57,6.75,20.18
2012-08-03,10.85,11.28,11.48,10.70,60142,66870000,0.30,2.73,7.10,15.04
2012-08-06,11.09,11.80,11.98,10.91,62541,71810000,0.52,4.61,9.49,15.64
2012-08-07,11.65,11.77,11.85,11.32,53951,62600000,-0.03,-0.25,4.49,13.49
2012-08-08,11.62,11.40,11.72,11.17,33384,38180000,-0.37,-3.14,4.67,8.35
2012-08-09,11.25,11.42,11.61,11.25,33842,38640000,0.02,0.18,3.16,8.46
2012-08-10,11.33,11.41,11.74,11.33,36768,42490000,-0.01,-0.09,3.59,9.19
2012-08-13,11.26,10.91,11.29,10.81,32470,35850000,-0.50,-4.38,4.21,8.12
2012-08-14,10.90,11.23,11.24,10.71,26825,29580000,0.32,2.93,4.86,6.71
2012-08-15,11.21,10.80,11.21,10.80,22881,25120000,-0.43,-3.83,3.65,5.72
2012-08-16,10.67,10.18,10.81,10.06,29964,31140000,-0.62,-5.74,6.94,7.49
2012-08-17,10.06,10.27,10.49,10.05,13595,13970000,0.09,0.88,4.32,3.40
2012-08-20,10.51,11.30,11.30,10.45,33204,37150000,1.03,10.03,8.28,8.30
2012-08-21,11.64,12.43,12.43,11.64,86183,104770000,1.13,10.00,6.99,21.55
2012-08-22,13.67,13.18,13.67,12.66,151031,198510000,0.75,6.03,8.13,37.76
2012-08-23,12.91,13.20,13.84,12.61,124963,163890000,0.02,0.15,9.33,31.24
2012-08-24,12.67,11.91,12.80,11.88,96833,119060000,-1.29,-9.77,6.97,24.21
2012-08-27,11.90,12.06,12.48,11.78,52550,63660000,0.15,1.26,5.88,13.14
2012-08-28,11.85,12.25,12.40,11.40,68438,82140000,0.19,1.58,8.29,17.11
2012-08-29,12.00,11.94,12.55,11.89,62060,75710000,-0.31,-2.53,5.39,15.52
2012-08-30,11.68,11.09,11.68,10.75,65689,73380000,-0.85,-7.12,7.79,16.42
2012-08-31,10.89,11.14,11.28,10.83,34793,38570000,0.05,0.45,4.06,8.70
2012-09-03,11.19,11.93,12.25,11.02,70328,83200000,0.79,7.09,11.04,17.58
2012-09-04,11.69,12.11,12.59,11.65,70093,85400000,0.18,1.51,7.88,17.52
2012-09-05,11.74,12.19,12.47,11.74,44823,54720000,0.08,0.66,6.03,11.21
2012-09-06,12.23,12.79,12.98,12.12,68610,86440000,0.60,4.92,7.06,17.15
2012-09-07,12.65,12.79,13.38,12.45,81317,104550000,0.00,0.00,7.27,20.33
2012-09-10,12.55,13.26,14.00,12.50,80546,107780000,0.47,3.67,11.73,20.14
2012-09-11,13.25,13.20,13.71,13.02,47231,62930000,-0.06,-0.45,5.20,11.81
2012-09-12,13.16,13.20,13.42,12.84,38118,49790000,0.00,0.00,4.39,9.53
2012-09-13,13.20,12.70,13.20,12.60,24496,31420000,-0.50,-3.79,4.55,6.12
2012-09-14,12.81,12.57,12.90,12.30,16278,20490000,-0.13,-1.02,4.72,4.07
2012-09-17,12.70,12.30,13.20,12.05,25718,32800000,-0.27,-2.15,9.15,6.43
2012-09-18,12.31,12.32,12.59,12.07,13056,16100000,0.02,0.16,4.23,3.26
2012-09-19,12.32,12.98,13.20,12.32,41907,54130000,0.66,5.36,7.14,10.48
2012-09-20,12.75,12.47,12.90,12.08,29906,37140000,-0.51,-3.93,6.32,7.48
2012-09-21,12.27,11.88,12.58,11.71,16384,19920000,-0.59,-4.73,6.98,4.10
2012-09-24,11.91,11.82,12.13,11.53,16823,19930000,-0.06,-0.51,5.05,4.21
2012-09-25,11.83,11.71,11.94,11.47,12903,15040000,-0.11,-0.93,3.98,3.23
2012-09-26,11.54,11.44,11.87,11.21,19231,22270000,-0.27,-2.31,5.64,4.81
2012-09-27,11.30,11.52,11.90,11.20,17409,20110000,0.08,0.70,6.12,4.35
2012-09-28,11.50,11.57,11.67,11.25,19232,22010000,0.05,0.43,3.65,4.81
2012-10-08,11.57,11.80,11.95,11.40,19697,23040000,0.23,1.99,4.75,4.92
2012-10-09,11.87,12.09,12.19,11.72,25267,30280000,0.29,2.46,3.98,6.32
2012-10-10,12.00,12.59,12.67,11.91,40237,49510000,0.50,4.14,6.29,10.06
2012-10-11,12.42,11.63,12.42,11.40,34990,42100000,-0.96,-7.63,8.10,8.75
2012-10-12,11.62,11.49,11.88,11.30,15281,17630000,-0.14,-1.20,4.99,3.82
2012-10-15,11.32,10.81,11.32,10.61,19749,21430000,-0.68,-5.92,6.18,4.94
2012-10-16,10.80,10.69,10.94,10.66,12813,13830000,-0.12,-1.11,2.59,3.20
2012-10-17,10.69,10.87,10.91,10.62,9694,10440000,0.18,1.68,2.71,2.42
2012-10-18,10.78,11.14,11.22,10.78,13510,14890000,0.27,2.48,4.05,3.38
2012-10-19,11.14,11.21,11.58,11.14,16561,18900000,0.07,0.63,3.95,4.14
2012-10-22,11.00,11.00,11.06,10.82,14167,15470000,-0.21,-1.87,2.14,3.54
2012-10-23,11.00,10.80,11.23,10.78,11949,13110000,-0.20,-1.82,4.09,2.99
2012-10-24,10.58,10.51,10.75,10.50,9710,10300000,-0.29,-2.69,2.31,2.43
2012-10-25,10.55,10.40,10.66,10.37,7385,7750000,-0.11,-1.05,2.76,1.85
2012-10-26,10.44,10.01,10.49,9.91,8783,8860000,-0.39,-3.75,5.58,2.20
2012-10-29,10.05,10.00,10.08,9.81,4502,4480000,-0.01,-0.10,2.70,1.13
2012-10-30,10.18,10.04,10.18,9.98,3506,3530000,0.04,0.40,2.00,0.88
2012-10-31,10.03,10.14,10.15,9.92,4427,4450000,0.10,1.00,2.29,1.11
2012-11-01,10.16,10.26,10.38,10.16,9362,9650000,0.12,1.18,2.17,2.34
2012-11-02,10.29,10.27,10.30,10.17,7092,7250000,0.01,0.10,1.27,1.77
2012-11-05,10.31,10.09,10.31,10.00,6332,6390000,-0.18,-1.75,3.02,1.58
2012-11-06,10.03,9.85,10.15,9.68,9040,8910000,-0.24,-2.38,4.66,2.26
2012-11-07,9.88,10.02,10.03,9.71,7090,7020000,0.17,1.73,3.25,1.77
2012-11-08,9.90,9.58,9.90,9.58,5767,5620000,-0.44,-4.39,3.19,1.44
2012-11-09,9.58,9.59,9.65,9.51,3678,3530000,0.01,0.10,1.46,0.92
2012-11-12,9.69,9.97,10.27,9.65,13112,13080000,0.38,3.96,6.47,3.28
2012-11-13,9.99,9.86,10.07,9.73,9431,9290000,-0.11,-1.10,3.41,2.36
2012-11-14,9.87,9.69,9.95,9.55,7017,6790000,-0.17,-1.72,4.06,1.75
2012-11-15,9.68,9.50,9.68,9.31,7796,7410000,-0.19,-1.96,3.82,1.95
2012-11-16,9.50,9.52,9.59,9.27,5170,4860000,0.02,0.21,3.37,1.29
2012-11-19,9.59,9.49,9.59,9.31,3580,3380000,-0.03,-0.32,2.94,0.90
2012-11-20,9.50,9.64,9.89,9.50,7663,7400000,0.15,1.58,4.11,1.92
2012-11-21,9.59,9.73,9.76,9.28,6707,6430000,0.09,0.93,4.98,1.68
2012-11-22,9.70,9.49,9.70,9.43,3062,2920000,-0.24,-2.47,2.77,0.77
2012-11-23,9.49,9.85,10.40,9.47,20928,20830000,0.36,3.79,9.80,5.23
2012-11-26,9.63,9.72,9.85,9.60,9718,9420000,-0.13,-1.32,2.54,2.43
2012-11-27,9.70,9.40,9.70,9.35,8587,8120000,-0.32,-3.29,3.60,2.15
2012-11-28,9.22,9.00,9.37,8.87,7099,6450000,-0.40,-4.26,5.32,1.77
2012-11-29,8.96,8.45,9.10,8.45,6903,6070000,-0.55,-6.11,7.22,1.73
2012-11-30,8.35,8.54,8.68,8.35,5698,4840000,0.09,1.07,3.91,1.42
2012-12-03,8.55,7.91,8.59,7.90,6785,5590000,-0.63,-7.38,8.08,1.70
2012-12-04,7.91,8.15,8.15,7.63,8075,6340000,0.24,3.03,6.57,2.02
2012-12-05,8.10,8.53,8.56,8.02,10146,8510000,0.38,4.66,6.63,2.54
2012-12-06,8.58,8.44,8.79,8.36,6318,5370000,-0.09,-1.06,5.04,1.58
2012-12-07,8.43,8.65,8.72,8.27,10411,8890000,0.21,2.49,5.33,2.60
2012-12-10,8.77,8.92,9.08,8.62,11987,10680000,0.27,3.12,5.32,3.00
2012-12-11,8.97,8.78,8.98,8.70,7313,6430000,-0.14,-1.57,3.14,1.83
2012-12-12,8.72,8.65,8.84,8.54,6739,5850000,-0.13,-1.48,3.42,1.68
2012-12-13,8.59,8.52,8.85,8.46,7126,6210000,-0.13,-1.50,4.51,1.78
2012-12-14,8.62,8.95,9.00,8.47,13215,11640000,0.43,5.05,6.22,3.30
2012-12-17,8.91,9.13,9.27,8.75,16467,14880000,0.18,2.01,5.81,4.12
2012-12-18,9.04,8.96,9.23,8.90,11354,10250000,-0.17,-1.86,3.61,2.84
2012-12-19,8.92,9.29,9.55,8.90,20962,19440000,0.33,3.68,7.25,5.24
2012-12-20,9.28,9.21,9.29,9.04,10755,9850000,-0.08,-0.86,2.69,2.69
2012-12-21,9.26,9.44,9.67,9.02,20225,18830000,0.23,2.50,7.06,5.06
2012-12-24,10.38,10.38,10.38,10.15,35388,36700000,0.94,9.96,2.44,8.85
2012-12-25,10.58,10.36,10.58,10.15,59938,62090000,-0.02,-0.19,4.14,14.98
2012-12-26,10.25,10.54,11.18,10.20,51602,54880000,0.18,1.74,9.46,12.90
2012-12-27,10.52,10.06,10.62,10.03,28220,29110000,-0.48,-4.55,5.60,7.05
2012-12-28,9.90,10.08,10.21,9.90,22158,22360000,0.02,0.20,3.08,5.54
2012-12-31,10.08,10.09,10.32,10.02,17438,17700000,0.01,0.10,2.98,4.36
2013-01-04,9.85,9.98,9.98,9.66,27507,27010000,-0.11,-1.09,3.17,6.88
2013-01-07,9.98,10.98,10.98,9.98,25885,28070000,1.00,10.02,10.02,6.47
2013-01-08,11.45,10.97,11.46,10.81,65709,73150000,-0.01,-0.09,5.92,16.43
2013-01-09,10.70,10.72,10.96,10.55,30583,32830000,-0.25,-2.28,3.74,7.65
2013-01-10,10.67,10.69,10.82,10.58,16934,18150000,-0.03,-0.28,2.24,4.23
2013-01-11,10.75,10.58,11.08,10.57,30197,32840000,-0.11,-1.03,4.77,7.55
2013-01-14,10.58,10.88,10.95,10.31,27871,29710000,0.30,2.84,6.05,6.97
2013-01-15,10.95,11.16,11.49,10.90,40892,45490000,0.28,2.57,5.42,10.22
2013-01-16,11.04,10.84,11.18,10.61,26521,28850000,-0.32,-2.87,5.11,6.63
2013-01-17,10.77,11.07,11.49,10.70,38420,42670000,0.23,2.12,7.29,9.61
2013-01-18,11.10,11.07,11.26,10.75,19164,21050000,0.00,0.00,4.61,4.79
2013-01-21,11.02,10.87,11.09,10.76,16138,17540000,-0.20,-1.81,2.98,4.03
2013-01-22,10.87,10.36,10.95,10.34,14416,15320000,-0.51,-4.69,5.61,3.60
2013-01-23,10.38,10.21,10.43,9.95,18084,18390000,-0.15,-1.45,4.63,4.52
2013-01-24,10.34,9.78,10.48,9.69,18634,18730000,-0.43,-4.21,7.74,4.66
2013-01-25,9.84,9.89,10.00,9.80,7960,7870000,0.11,1.12,2.05,1.99
2013-01-28,10.00,10.26,10.30,9.90,15476,15740000,0.37,3.74,4.04,3.87
2013-01-29,10.26,10.37,10.51,10.17,18070,18780000,0.11,1.07,3.31,4.52
2013-01-30,10.35,10.24,10.40,10.05,9150,9320000,-0.13,-1.25,3.38,2.29
2013-01-31,9.99,9.98,10.23,9.92,9342,9320000,-0.26,-2.54,3.03,2.34
2013-02-01,9.95,10.07,10.12,9.91,5349,5370000,0.09,0.90,2.10,1.34
2013-02-04,10.16,9.91,10.16,9.89,6540,6510000,-0.16,-1.59,2.68,1.64
2013-02-05,9.85,9.97,9.98,9.72,7257,7160000,0.06,0.61,2.62,1.81
2013-02-06,9.97,10.10,10.26,9.91,7286,7370000,0.13,1.30,3.51,1.82
2013-02-07,10.06,10.09,10.17,9.97,5815,5860000,-0.01,-0.10,1.98,1.45
2013-02-08,10.09,10.26,10.46,10.03,12997,13370000,0.17,1.68,4.26,3.25
2013-02-18,10.27,10.47,10.54,10.20,15402,15980000,0.21,2.05,3.31,3.85
2013-02-19,10.42,10.18,10.52,10.12,11134,11500000,-0.29,-2.77,3.82,2.78
2013-02-20,10.15,10.46,10.50,10.08,14671,15260000,0.28,2.75,4.13,3.67
2013-02-21,10.43,10.55,10.99,10.37,33741,35880000,0.09,0.86,5.93,8.44
2013-02-22,10.42,10.22,10.46,10.16,18330,18880000,-0.33,-3.13,2.84,4.58
2013-02-25,10.22,10.23,10.38,10.16,12202,12490000,0.01,0.10,2.15,3.05
2013-02-26,10.22,10.21,10.45,10.17,13046,13460000,-0.02,-0.20,2.74,3.26
2013-02-27,10.20,9.82,10.32,9.80,16771,16660000,-0.39,-3.82,5.09,4.19
2013-02-28,9.83,10.01,10.14,9.82,11540,11480000,0.19,1.93,3.26,2.89
2013-03-01,10.00,10.23,10.23,10.00,11912,12050000,0.22,2.20,2.30,2.98
2013-03-04,10.15,9.55,10.15,9.50,16502,16150000,-0.68,-6.65,6.35,4.13
2013-03-05,9.54,10.38,10.51,9.50,49896,50730000,0.83,8.69,10.58,12.47
2013-03-06,10.18,10.41,10.47,10.02,40052,41010000,0.03,0.29,4.34,10.01
2013-03-07,10.30,10.16,10.44,10.02,23788,24330000,-0.25,-2.40,4.03,5.95
2013-03-08,10.11,10.00,10.28,10.00,13082,13230000,-0.16,-1.57,2.76,3.27
2013-03-11,10.00,9.88,10.02,9.80,10701,10580000,-0.12,-1.20,2.20,2.68
2013-03-12,9.87,9.49,9.97,9.40,15774,15240000,-0.39,-3.95,5.77,3.94
2013-03-13,9.45,9.19,9.49,8.89,20105,18330000,-0.30,-3.16,6.32,5.03
2013-03-14,9.15,9.20,9.25,9.04,6095,5590000,0.01,0.11,2.29,1.52
2013-03-15,9.19,9.18,9.33,9.02,9365,8620000,-0.02,-0.22,3.37,2.34
2013-03-18,9.10,8.94,9.18,8.92,8833,7970000,-0.24,-2.61,2.83,2.21
2013-03-19,8.94,8.86,9.00,8.77,10040,8880000,-0.08,-0.89,2.57,2.51
2013-03-20,8.86,9.13,9.23,8.85,13574,12250000,0.27,3.05,4.29,3.39
2013-03-21,9.23,9.25,9.33,9.16,12029,11100000,0.12,1.31,1.86,3.01
2013-03-22,9.24,9.40,9.48,9.10,16965,15760000,0.15,1.62,4.11,4.24
2013-03-25,9.41,9.28,9.45,9.23,9659,8980000,-0.12,-1.28,2.34,2.41
2013-03-26,9.23,9.09,9.25,8.98,9987,9050000,-0.19,-2.05,2.91,2.50
2013-03-27,9.11,9.14,9.37,9.00,14140,12950000,0.05,0.55,4.07,3.53
2013-03-28,9.06,8.75,9.06,8.70,12224,10760000,-0.39,-4.27,3.94,3.06
2013-03-29,8.79,8.78,8.91,8.75,7058,6220000,0.03,0.34,1.83,1.76
2013-04-01,8.65,8.85,9.00,8.59,6184,5460000,0.07,0.80,4.67,1.55
2013-04-02,8.85,8.62,8.93,8.56,7207,6300000,-0.23,-2.60,4.18,1.80
2013-04-03,8.60,8.79,8.87,8.40,11883,10310000,0.17,1.97,5.45,2.97
2013-04-08,8.60,8.60,8.64,8.30,11135,9400000,-0.19,-2.16,3.87,2.78
2013-04-09,8.57,8.75,8.95,8.45,20728,18090000,0.15,1.74,5.81,5.18
2013-04-10,8.95,8.61,8.95,8.52,10013,8700000,-0.14,-1.60,4.91,2.50
2013-04-11,8.66,8.75,8.86,8.62,13253,11600000,0.14,1.63,2.79,3.31
2013-04-12,8.76,8.66,8.83,8.61,8740,7640000,-0.09,-1.03,2.51,2.19
2013-04-15,8.63,8.51,8.73,8.44,7233,6170000,-0.15,-1.73,3.35,1.81
2013-04-16,8.44,8.58,8.60,8.38,4676,3970000,0.07,0.82,2.59,1.17
2013-04-17,8.59,8.71,8.71,8.56,6021,5210000,0.13,1.52,1.75,1.51
2013-04-18,8.66,8.81,8.84,8.61,8220,7200000,0.10,1.15,2.64,2.05
2013-04-19,8.81,8.87,8.96,8.80,9643,8580000,0.06,0.68,1.82,2.41
2013-04-22,8.87,9.09,9.19,8.82,15668,14110000,0.22,2.48,4.17,3.92
2013-04-23,9.00,8.66,9.14,8.62,11297,10020000,-0.43,-4.73,5.72,2.82
2013-04-24,8.72,8.96,8.96,8.66,12320,10910000,0.30,3.46,3.46,3.08
2013-04-25,8.92,8.74,8.98,8.72,9179,8130000,-0.22,-2.46,2.90,2.29
2013-04-26,8.77,8.37,8.79,8.30,8115,6940000,-0.37,-4.23,5.61,2.03
2013-05-02,8.37,8.43,8.48,8.25,5277,4420000,0.06,0.72,2.75,1.32
2013-05-03,8.46,8.77,8.77,8.44,11567,10030000,0.34,4.03,3.91,2.89
2013-05-06,8.95,9.04,9.18,8.80,27446,24760000,0.27,3.08,4.33,6.86
2013-05-07,9.04,8.91,9.04,8.80,13495,12010000,-0.13,-1.44,2.65,3.37
2013-05-08,8.98,9.80,9.80,8.88,40032,38410000,0.89,9.99,10.33,10.01
2013-05-09,9.85,10.17,10.39,9.80,87192,87800000,0.37,3.78,6.02,21.80
2013-05-10,9.95,9.90,10.02,9.71,37953,37460000,-0.27,-2.65,3.05,9.49
2013-05-13,9.90,9.99,10.05,9.71,30003,29660000,0.09,0.91,3.43,7.50
2013-05-14,9.90,9.58,9.92,9.56,22695,22030000,-0.41,-4.10,3.60,5.67
2013-05-15,9.60,10.00,10.11,9.58,35187,35020000,0.43,4.49,5.54,8.80
2013-05-16,9.91,9.76,10.30,9.74,32837,32810000,-0.24,-2.40,5.60,8.21
2013-05-17,9.74,10.04,10.15,9.71,33911,33800000,0.28,2.87,4.51,8.48
2013-05-20,10.37,10.47,10.97,10.20,50703,53180000,0.43,4.28,7.67,12.68
2013-05-21,10.38,10.78,10.99,10.30,53175,56960000,0.31,2.96,6.59,13.29
2013-05-22,10.64,10.44,10.79,10.40,32591,34330000,-0.34,-3.15,3.62,8.15
2013-05-23,10.44,10.97,11.24,10.41,60016,65520000,0.53,5.08,7.95,15.00
2013-05-24,10.90,11.16,11.38,10.85,46725,52170000,0.19,1.73,4.83,11.68
2013-05-27,11.16,11.10,11.38,10.85,34312,38170000,-0.06,-0.54,4.75,8.58
2013-05-28,11.25,10.76,11.44,10.75,34414,37920000,-0.34,-3.06,6.22,8.60
2013-05-29,10.68,10.81,10.96,10.64,20030,21600000,0.05,0.46,2.97,5.01
2013-05-30,10.89,11.03,11.12,10.62,25816,28300000,0.22,2.04,4.63,6.45
2013-05-31,11.05,11.57,11.85,10.75,56165,63820000,0.54,4.90,9.97,14.04
2013-06-03,11.41,12.17,12.19,11.36,60512,72020000,0.60,5.19,7.17,15.13
2013-06-04,12.23,11.66,12.23,11.38,38154,45020000,-0.51,-4.19,6.98,9.54
2013-06-05,11.60,11.55,11.84,11.31,17910,20720000,-0.11,-0.94,4.55,4.48
2013-06-06,11.48,11.53,11.53,11.22,18179,20670000,-0.02,-0.17,2.68,4.54
2013-06-07,11.60,10.39,11.69,10.38,29428,32050000,-1.14,-9.89,11.36,7.36
2013-06-13,10.39,10.69,10.75,9.96,22407,23310000,0.30,2.89,7.60,5.60
2013-06-14,10.68,11.11,11.26,10.45,19296,21070000,0.42,3.93,7.58,4.82
2013-06-17,11.25,10.87,11.40,10.86,23164,25730000,-0.24,-2.16,4.86,5.79
2013-06-18,10.94,10.84,11.00,10.41,15472,16590000,-0.03,-0.28,5.43,3.87
2013-06-19,10.69,11.50,11.50,10.43,24927,27630000,0.66,6.09,9.87,6.23
2013-06-20,11.52,11.85,12.49,11.42,56186,67490000,0.35,3.04,9.30,14.05
2013-06-21,11.20,12.70,12.98,10.82,57698,69620000,0.85,7.17,18.23,14.42
2013-06-24,12.30,12.05,13.07,11.51,55300,68950000,-0.65,-5.12,12.28,13.83
2013-06-25,11.65,12.55,12.64,10.85,55300,65050000,0.50,4.15,14.85,13.82
2013-06-26,12.45,13.18,13.27,12.25,66985,85800000,0.63,5.02,8.13,16.75
2013-06-27,12.98,12.15,13.19,12.02,53056,67090000,-1.03,-7.81,8.88,13.26
2013-06-28,11.94,11.64,12.38,11.57,31237,37060000,-0.51,-4.20,6.67,7.81
2013-07-01,11.59,12.54,12.57,11.44,31111,37660000,0.90,7.73,9.71,7.78
2013-07-02,12.53,12.75,12.99,12.27,36295,45840000,0.21,1.67,5.74,9.07
2013-07-03,12.59,12.44,12.84,12.10,28118,34940000,-0.31,-2.43,5.80,7.03
2013-07-04,12.39,12.34,13.00,12.21,39759,50310000,-0.10,-0.80,6.35,9.94
2013-07-05,12.22,12.00,12.72,11.85,29116,35870000,-0.34,-2.76,7.05,7.28
2013-07-08,11.72,10.93,11.72,10.88,29839,33620000,-1.07,-8.92,7.00,7.46
2013-07-09,10.91,11.29,11.37,10.91,13127,14650000,0.36,3.29,4.21,3.28
2013-07-10,11.49,11.62,11.88,11.49,16907,19770000,0.33,2.92,3.45,4.23
2013-07-11,11.71,11.99,12.29,11.40,24421,28790000,0.37,3.18,7.66,6.11
2013-07-12,11.86,12.15,12.47,11.86,27260,33400000,0.16,1.33,5.09,6.81
2013-07-15,12.00,12.62,12.66,11.89,43170,53280000,0.47,3.87,6.34,10.79
2013-07-16,12.49,12.44,12.59,12.21,27289,33840000,-0.18,-1.43,3.01,6.82
2013-07-17,12.35,12.69,13.15,12.34,47537,60890000,0.25,2.01,6.51,11.88
2013-07-18,12.67,12.74,13.04,12.21,40114,50830000,0.05,0.39,6.54,10.03
2013-07-19,12.69,12.30,13.29,12.28,38797,49920000,-0.44,-3.45,7.93,9.70
2013-07-22,12.10,12.95,12.98,11.90,29044,36580000,0.65,5.28,8.78,7.26
2013-07-23,12.86,13.40,13.47,12.70,41270,54050000,0.45,3.47,5.95,10.32
2013-07-24,13.23,13.29,13.60,13.00,32916,43720000,-0.11,-0.82,4.48,8.23
2013-07-25,13.46,12.22,13.46,12.18,36118,45440000,-1.07,-8.05,9.63,9.03
2013-07-26,12.00,12.42,12.47,11.80,17952,21860000,0.20,1.64,5.48,4.49
2013-07-29,12.30,11.79,12.30,11.66,14360,17160000,-0.63,-5.07,5.15,3.59
2013-07-30,11.79,11.42,11.95,11.00,14611,16690000,-0.37,-3.14,8.06,3.65
2013-07-31,11.41,11.72,11.78,11.33,10313,12010000,0.30,2.63,3.94,2.58
2013-08-01,11.74,12.23,12.29,11.74,12544,15200000,0.51,4.35,4.69,3.14
2013-08-02,12.28,12.37,12.75,12.27,24099,30110000,0.14,1.14,3.92,6.02
2013-08-05,12.37,12.66,12.79,12.23,22871,28710000,0.29,2.34,4.53,5.72
2013-08-06,12.71,12.58,12.83,12.47,20212,25560000,-0.08,-0.63,2.84,5.05
2013-08-07,12.50,12.00,12.64,11.82,21293,25720000,-0.58,-4.61,6.52,5.32
2013-08-08,11.88,12.04,12.34,11.88,12099,14630000,0.04,0.33,3.83,3.02
2013-08-09,12.02,11.89,12.30,11.63,13968,16710000,-0.15,-1.25,5.56,3.49
2013-08-12,11.72,11.65,11.94,11.40,18942,21950000,-0.24,-2.02,4.54,4.74
2013-08-13,11.80,12.00,12.06,11.65,14804,17610000,0.35,3.00,3.52,3.70
2013-08-14,12.00,11.98,12.15,11.77,12938,15450000,-0.02,-0.17,3.17,3.23
2013-08-15,11.97,11.84,12.27,11.83,16090,19330000,-0.14,-1.17,3.67,4.02
2013-08-16,11.60,11.33,11.95,11.22,16897,19640000,-0.51,-4.31,6.17,4.22
2013-08-19,11.41,11.86,11.86,11.41,14687,17260000,0.53,4.68,3.97,3.67
2013-08-20,11.89,11.97,12.12,11.76,11845,14190000,0.11,0.93,3.04,2.96
2013-08-21,12.09,12.57,12.65,11.82,34513,42630000,0.60,5.01,6.93,8.63
2013-08-22,12.45,12.61,12.75,12.27,36240,45590000,0.04,0.32,3.82,9.06
2013-08-23,12.70,12.22,12.73,11.99,29756,36890000,-0.39,-3.09,5.87,7.44
2013-08-26,12.90,12.85,13.42,12.59,45438,58570000,0.63,5.16,6.79,11.36
2013-08-27,12.65,13.20,13.33,12.35,36807,47440000,0.35,2.72,7.63,9.20
2013-08-28,12.98,12.72,13.18,12.69,25837,33270000,-0.48,-3.64,3.71,6.46
2013-08-29,12.79,12.58,12.90,12.29,20564,25960000,-0.14,-1.10,4.80,5.14
2013-08-30,12.40,12.17,12.69,11.99,24264,29550000,-0.41,-3.26,5.56,6.07
2013-09-02,11.90,12.23,12.25,11.30,13653,16560000,0.06,0.49,7.81,3.41
2013-09-03,12.20,12.25,12.30,12.12,8931,10910000,0.02,0.16,1.47,2.23
2013-09-04,12.25,12.00,12.30,11.86,5579,6700000,-0.25,-2.04,3.59,1.39
2013-12-09,13.20,13.20,13.20,13.00,41925,55320000,1.20,10.00,1.67,10.48
2013-12-10,13.21,13.68,14.40,13.20,71047,97550000,0.48,3.64,9.09,17.76
2013-12-11,13.44,13.31,13.78,13.11,40328,53850000,-0.37,-2.70,4.90,10.08
2013-12-12,13.20,12.90,13.21,12.70,40209,52060000,-0.41,-3.08,3.83,10.05
2013-12-13,12.85,12.73,12.90,12.50,17924,22770000,-0.17,-1.32,3.10,4.48
2013-12-16,12.76,12.66,12.91,12.51,15010,19060000,-0.07,-0.55,3.14,3.75
2013-12-17,12.66,12.56,12.79,12.28,15136,18840000,-0.10,-0.79,4.03,3.78
2013-12-18,12.55,12.41,12.55,12.12,9348,11520000,-0.15,-1.19,3.42,2.34
2013-12-19,12.38,12.45,12.73,12.21,15113,18810000,0.04,0.32,4.19,3.78
2013-12-20,12.44,12.43,12.48,12.27,7825,9680000,-0.02,-0.16,1.69,1.96
2013-12-23,12.33,12.45,12.65,12.21,13700,17060000,0.02,0.16,3.54,3.43
2013-12-24,12.53,12.88,12.90,12.43,19491,24810000,0.43,3.45,3.78,4.87
2013-12-25,12.90,13.08,13.24,12.80,27902,36430000,0.20,1.55,3.42,6.98
2013-12-26,13.02,12.79,13.08,12.71,10905,14090000,-0.29,-2.22,2.83,2.73
2013-12-27,12.71,13.26,13.32,12.71,25368,33180000,0.47,3.67,4.77,6.34
2013-12-30,13.34,13.50,13.72,13.10,38368,51520000,0.24,1.81,4.68,9.59
2013-12-31,13.43,12.94,13.43,12.78,33589,43600000,-0.56,-4.15,4.81,8.40
2014-01-02,12.97,14.23,14.23,12.79,60765,83700000,1.29,9.97,11.13,15.19
2014-01-03,14.95,15.65,15.65,14.68,110855,169030000,1.42,9.98,6.82,27.71
2014-01-06,15.77,14.94,15.77,14.33,95011,142440000,-0.71,-4.54,9.20,23.75
2014-01-07,14.80,14.62,14.99,13.81,62849,90730000,-0.32,-2.14,7.90,15.71
2014-01-08,14.64,15.47,15.48,14.48,94462,141730000,0.85,5.81,6.84,23.62
2014-01-09,15.30,14.88,16.35,14.84,103249,160880000,-0.59,-3.81,9.76,25.81
2014-01-10,14.42,14.33,14.79,13.90,50293,72390000,-0.55,-3.70,5.98,12.57
2014-01-13,14.33,14.15,14.66,13.95,31405,44940000,-0.18,-1.26,4.95,7.85
2014-01-14,14.02,15.57,15.57,14.02,62857,94370000,1.42,10.04,10.95,15.71
2014-01-15,16.08,15.68,16.30,15.32,98193,155130000,0.11,0.71,6.29,24.55
2014-01-16,15.87,16.38,16.48,15.41,86573,138260000,0.70,4.46,6.82,21.64
2014-01-17,16.00,15.61,16.17,15.61,53479,84860000,-0.77,-4.70,3.42,13.37
2014-01-20,15.62,16.16,17.05,15.33,92313,151790000,0.55,3.52,11.02,23.08
2014-01-21,15.79,17.11,17.28,15.76,97294,159900000,0.95,5.88,9.41,24.32
2014-01-22,16.98,16.81,17.07,16.43,75906,127120000,-0.30,-1.75,3.74,18.98
2014-01-23,16.68,16.81,17.07,16.60,53996,90950000,0.00,0.00,2.80,13.50
2014-01-24,16.72,16.79,17.68,16.29,80519,136580000,-0.02,-0.12,8.27,20.13
2014-01-27,16.40,16.15,17.27,16.11,59032,98360000,-0.64,-3.81,6.91,14.76
2014-01-28,16.20,17.77,17.77,15.59,103188,171560000,1.62,10.03,13.50,25.80
2014-01-29,18.15,18.01,18.68,17.38,129782,233400000,0.24,1.35,7.32,32.45
2014-01-30,17.99,17.29,18.01,17.21,61359,107520000,-0.72,-4.00,4.44,15.34
2014-02-07,17.19,18.24,18.57,17.00,73266,132210000,0.95,5.49,9.08,18.32
2014-02-10,18.02,18.52,18.92,17.84,93057,171340000,0.28,1.54,5.92,23.26
2014-02-11,18.88,19.69,20.30,18.19,108827,208630000,1.17,6.32,11.39,27.21
2014-02-12,19.08,19.05,19.28,18.58,72012,136270000,-0.64,-3.25,3.56,18.00
2014-02-13,18.80,18.17,19.36,18.17,52474,98590000,-0.88,-4.62,6.25,13.12
2014-02-14,18.10,18.39,18.54,17.60,43146,78140000,0.22,1.21,5.17,10.79
2014-02-17,18.33,19.50,19.56,18.18,57404,109040000,1.11,6.04,7.50,14.35
2014-02-18,19.35,18.86,19.65,18.80,47585,90980000,-0.64,-3.28,4.36,11.90
2014-02-19,18.65,18.24,19.02,18.04,35990,66400000,-0.62,-3.29,5.20,9.00
2014-02-20,18.25,17.75,18.44,17.52,35034,62450000,-0.49,-2.69,5.04,8.76
2014-02-21,17.88,18.15,18.27,17.70,26634,47910000,0.40,2.25,3.21,6.66
2014-02-24,18.12,18.44,18.55,17.70,31327,56770000,0.29,1.60,4.68,7.83
2014-02-25,18.39,16.60,18.88,16.60,53232,94910000,-1.84,-9.98,12.36,13.31
2014-02-26,16.02,16.20,16.54,15.50,25665,41190000,-0.40,-2.41,6.27,6.42
2014-02-27,16.30,15.50,16.77,15.40,24855,39880000,-0.70,-4.32,8.46,6.21
2014-02-28,15.58,15.80,15.86,15.25,18869,29380000,0.30,1.94,3.94,4.72
2014-03-03,16.00,16.17,16.19,15.86,20195,32430000,0.37,2.34,2.09,5.05
2014-03-04,16.50,16.93,17.50,16.50,37598,63700000,0.76,4.70,6.18,9.40
2014-03-05,17.00,16.76,17.00,16.51,24344,40570000,-0.17,-1.00,2.89,6.09
2014-03-06,16.58,16.35,16.71,16.00,19915,32350000,-0.41,-2.45,4.24,4.98
2014-03-07,16.25,16.15,16.42,15.95,15007,24290000,-0.20,-1.22,2.87,3.75
2014-03-10,15.95,14.93,15.95,14.83,19721,29950000,-1.22,-7.55,6.94,4.93
2014-03-11,14.80,14.87,15.13,14.51,11841,17600000,-0.06,-0.40,4.15,2.96
2014-03-12,14.87,14.69,15.03,14.33,11712,17160000,-0.18,-1.21,4.71,2.93
2014-03-13,14.75,15.09,15.09,14.71,10949,16370000,0.40,2.72,2.59,2.74
2014-03-14,14.97,15.18,15.34,14.81,13345,20110000,0.09,0.60,3.51,3.34
2014-03-17,15.20,15.63,15.67,15.10,14423,22290000,0.45,2.96,3.75,3.61
2014-03-18,15.69,15.99,16.26,15.63,20982,33550000,0.36,2.30,4.03,5.25
2014-03-19,15.95,15.78,15.95,15.52,11034,17310000,-0.21,-1.31,2.69,2.76
2014-03-20,15.73,15.42,16.21,15.41,16606,26380000,-0.36,-2.28,5.07,4.15
2014-03-21,15.14,16.36,16.60,15.10,26409,42050000,0.94,6.10,9.73,6.60
2014-03-24,16.37,16.71,17.66,16.27,33796,57540000,0.35,2.14,8.50,8.45
2014-03-25,16.45,17.77,17.80,16.42,42916,74240000,1.06,6.34,8.26,10.73
2014-03-26,17.77,17.97,17.99,17.30,27482,48390000,0.20,1.13,3.88,6.87
2014-03-27,17.82,17.02,17.83,17.02,17404,30250000,-0.95,-5.29,4.51,4.35
2014-03-28,17.01,15.32,17.01,15.32,24048,38340000,-1.70,-9.99,9.93,6.01
2014-03-31,14.90,14.30,14.91,13.79,42452,60380000,-1.02,-6.66,7.31,10.61
2014-04-01,14.09,14.98,15.15,13.52,31428,45550000,0.68,4.76,11.40,7.86
2014-04-02,14.85,14.36,14.85,14.08,21363,30690000,-0.62,-4.14,5.14,5.34
2014-04-03,14.39,14.60,15.00,14.19,15799,23060000,0.24,1.67,5.64,3.95
2014-04-04,14.59,14.72,14.87,14.25,15103,22070000,0.12,0.82,4.25,3.78
2014-04-08,14.57,14.95,15.00,14.03,20249,29410000,0.23,1.56,6.59,5.06
2014-04-09,14.88,15.00,15.29,14.72,22060,33140000,0.05,0.33,3.81,5.51
2014-04-10,15.33,15.50,16.30,15.32,33979,53590000,0.50,3.33,6.53,8.49
2014-04-11,15.01,15.58,15.89,15.01,23070,35780000,0.08,0.52,5.68,5.77
2014-04-14,15.48,15.24,15.69,15.00,17748,27200000,-0.34,-2.18,4.43,4.44
2014-04-15,15.20,15.23,15.39,15.05,11818,17980000,-0.01,-0.07,2.23,2.95
2014-04-16,15.08,14.89,15.32,14.80,12194,18280000,-0.34,-2.23,3.41,3.05
2014-04-17,14.94,14.98,15.23,14.92,7865,11870000,0.09,0.60,2.08,1.97
2014-04-18,14.90,15.23,15.27,14.83,8851,13380000,0.25,1.67,2.94,2.21
2014-04-21,15.03,15.06,15.24,14.88,9905,14890000,-0.17,-1.12,2.36,2.48
2014-04-22,15.09,14.84,15.37,14.30,11014,16420000,-0.22,-1.46,7.10,2.75
2014-04-23,14.66,14.21,14.94,14.10,12705,18430000,-0.63,-4.25,5.66,3.18
2014-04-24,14.20,13.51,14.29,13.45,19490,26580000,-0.70,-4.93,5.91,4.87
2014-04-25,13.51,13.52,13.87,13.30,11132,15200000,0.01,0.07,4.22,2.78
2014-04-28,13.54,12.91,13.54,12.80,8472,11080000,-0.61,-4.51,5.47,0.53
2014-04-29,12.83,13.16,13.16,12.83,6768,8830000,0.25,1.94,2.56,0.42
2014-04-30,13.22,13.44,13.50,13.09,8634,11430000,0.28,2.13,3.12,0.54
2014-05-05,13.35,13.67,14.09,13.23,7861,10620000,0.23,1.71,6.40,0.49
2014-05-06,13.61,14.02,14.20,13.57,12546,17560000,0.35,2.56,4.61,0.78
2014-05-07,13.92,13.41,13.94,13.41,9337,12770000,-0.61,-4.35,3.78,0.58
2014-05-08,13.35,13.67,13.85,13.35,7583,10370000,0.26,1.94,3.73,0.47
2014-05-09,13.55,13.95,14.03,13.35,10207,14090000,0.28,2.05,4.97,0.64
2014-05-12,14.02,14.17,14.19,13.85,11964,16800000,0.22,1.58,2.44,0.75
2014-05-13,14.20,14.27,14.28,13.83,11606,16330000,0.10,0.71,3.18,0.73
2014-05-14,14.21,14.31,14.38,14.08,7560,10740000,0.04,0.28,2.10,0.47
2014-05-15,14.31,14.14,14.44,13.91,8422,11920000,-0.17,-1.19,3.70,0.53
2014-05-16,14.48,14.10,14.70,13.72,18768,26900000,-0.04,-0.28,6.93,1.17
2014-05-19,13.55,13.70,13.88,13.42,6957,9480000,-0.38,-2.70,3.27,0.43
2014-05-20,13.84,13.78,14.20,13.75,6539,9120000,0.08,0.58,3.28,0.41
2014-05-21,13.78,14.14,14.14,13.70,7444,10380000,0.36,2.61,3.19,0.47
2014-05-22,14.14,14.14,14.49,14.12,9629,13760000,0.00,0.00,2.62,0.60
2014-05-23,14.21,14.60,14.68,14.16,16162,23360000,0.46,3.25,3.68,1.01
2014-05-26,14.77,14.67,14.77,14.10,19159,27780000,0.07,0.48,4.59,1.20
2014-05-27,14.60,15.17,15.20,14.46,25018,37430000,0.50,3.41,5.04,1.56
2014-05-28,15.13,15.51,15.66,14.97,30310,46590000,0.34,2.24,4.55,1.89
2014-05-29,15.98,16.25,16.97,15.71,50557,82120000,0.74,4.77,8.12,3.16
2014-05-30,15.90,15.81,16.14,15.61,24605,38980000,-0.44,-2.71,3.26,1.54
2014-06-03,15.75,15.52,15.95,15.51,17037,26640000,-0.29,-1.83,2.78,1.06
2014-06-04,15.53,15.86,16.05,15.38,18674,29390000,0.34,2.19,4.32,1.17
2014-06-05,15.94,15.85,15.98,15.52,12889,20340000,-0.01,-0.06,2.90,0.81
2014-06-06,15.88,15.65,16.10,15.55,12464,19670000,-0.20,-1.26,3.47,0.78
2014-06-09,15.61,15.26,15.62,15.03,16817,25630000,-0.39,-2.49,3.77,1.05
2014-06-10,15.30,16.10,16.22,15.09,20703,32390000,0.84,5.50,7.41,1.29
2014-06-11,16.00,15.92,16.10,15.36,15204,24150000,-0.18,-1.12,4.60,0.95
2014-06-12,15.88,15.69,15.88,15.58,13067,20510000,-0.23,-1.44,1.88,0.82
2014-06-13,15.58,16.49,16.49,15.56,28615,46210000,0.80,5.10,5.93,1.79
2014-06-16,16.39,16.96,17.70,16.39,46487,79050000,0.47,2.85,7.94,2.91
2014-06-17,17.02,16.56,17.02,16.43,21952,36520000,-0.40,-2.36,3.48,1.37
2014-06-18,16.46,16.49,16.66,16.18,14041,23020000,-0.07,-0.42,2.90,0.88
2014-06-19,16.60,15.99,16.76,15.12,28833,46160000,-0.50,-3.03,9.95,1.80
2014-06-20,15.96,16.34,16.40,15.61,20750,33540000,0.35,2.19,4.94,1.30
2014-06-23,16.31,16.37,16.65,16.21,16272,26750000,0.03,0.18,2.69,1.02
2014-06-24,16.37,16.41,16.54,16.25,12246,20080000,0.04,0.24,1.77,0.77
2014-06-25,16.49,16.35,16.49,16.00,12845,20790000,-0.06,-0.37,2.99,0.80
2014-06-26,16.48,16.95,17.09,16.30,29032,48790000,0.60,3.67,4.83,1.81
2014-06-27,16.89,16.85,17.05,16.65,19600,33020000,-0.10,-0.59,2.36,1.23
2014-06-30,16.85,17.05,17.16,16.65,15039,25500000,0.20,1.19,3.03,0.94
2014-07-01,17.21,17.35,17.35,17.00,15866,27290000,0.30,1.76,2.05,0.99
2014-07-02,17.35,17.76,17.95,17.24,35356,62480000,0.41,2.36,4.09,2.21
2014-07-03,17.59,17.65,17.81,17.58,15354,27160000,-0.11,-0.62,1.30,0.96
2014-07-04,17.66,17.80,17.85,17.35,14660,25860000,0.15,0.85,2.83,0.92
2014-07-07,17.80,18.03,18.04,17.27,19043,33790000,0.23,1.29,4.33,1.19
2014-07-08,18.43,19.05,19.47,18.38,64927,122890000,1.02,5.66,6.05,4.06
2014-07-09,18.71,18.25,18.77,18.24,28751,53090000,-0.80,-4.20,2.78,1.80
2014-07-10,18.18,18.20,18.49,17.81,17678,32090000,-0.05,-0.27,3.73,1.10
2014-07-11,18.30,18.08,18.35,17.98,9925,18010000,-0.12,-0.66,2.03,0.62
2014-07-14,18.04,18.08,18.27,17.60,13269,23750000,0.00,0.00,3.71,0.83
2014-07-15,18.20,18.09,18.69,17.91,21451,39090000,0.01,0.06,4.31,1.34
2014-07-16,18.00,18.42,18.44,17.69,18441,33510000,0.33,1.82,4.15,1.15
2014-07-17,18.27,18.06,18.60,17.90,9930,18160000,-0.36,-1.95,3.80,0.62
2014-07-18,18.20,18.17,18.20,17.64,20201,36050000,0.11,0.61,3.10,1.26
2014-07-21,18.17,16.72,18.17,16.56,42156,73060000,-1.45,-7.98,8.86,2.63
2014-07-22,16.53,17.39,17.55,16.23,18390,31540000,0.67,4.01,7.89,1.15
2014-07-23,17.28,16.89,17.45,16.80,8193,14010000,-0.50,-2.88,3.74,0.51
2014-07-24,17.15,16.96,17.26,16.56,6070,10270000,0.07,0.41,4.14,0.38
2014-07-25,16.93,17.31,17.46,16.80,9373,16150000,0.35,2.06,3.89,0.59
2014-07-28,17.32,17.35,17.43,17.00,13476,23200000,0.04,0.23,2.48,0.84
2014-07-29,17.20,17.36,17.43,17.16,11901,20620000,0.01,0.06,1.56,0.74
2014-07-30,17.28,17.09,17.28,16.50,11050,18830000,-0.27,-1.56,4.49,0.69
2014-07-31,17.00,17.11,17.27,16.92,6227,10640000,0.02,0.12,2.05,0.39
2014-08-01,17.00,16.82,17.15,16.65,9218,15510000,-0.29,-1.69,2.92,0.58
2014-08-04,16.97,16.98,17.08,16.68,7936,13420000,0.16,0.95,2.38,0.50
2014-08-05,17.07,17.30,17.47,16.95,12052,20850000,0.32,1.88,3.06,0.75
2014-08-06,17.10,17.37,17.42,17.10,7418,12850000,0.07,0.40,1.85,0.46
2014-08-07,17.47,17.37,17.54,17.23,8826,15310000,0.00,0.00,1.78,0.55
2014-08-08,17.30,17.50,17.50,17.30,9093,15820000,0.13,0.75,1.15,0.57
2014-08-11,17.53,17.80,17.92,17.53,15816,28100000,0.30,1.71,2.23,0.99
2014-08-12,17.89,18.03,18.18,17.70,12654,22720000,0.23,1.29,2.70,0.79
2014-08-13,18.11,18.02,18.48,17.80,8749,15780000,-0.01,-0.06,3.77,0.55
2014-08-14,18.00,18.10,18.28,17.91,12132,21970000,0.08,0.44,2.05,0.76
2014-08-15,18.01,18.22,18.24,17.91,12069,21860000,0.12,0.66,1.82,0.75
2014-08-18,18.30,18.80,18.85,18.28,18468,34420000,0.58,3.18,3.13,1.15
2014-08-19,18.70,18.73,18.88,18.42,14776,27570000,-0.07,-0.37,2.45,0.92
2014-08-20,18.75,18.54,18.95,18.48,11960,22380000,-0.19,-1.01,2.51,0.75
2014-08-21,18.53,18.39,18.55,18.00,14336,26190000,-0.15,-0.81,2.97,0.90
2014-08-22,18.42,18.65,18.76,18.31,13149,24450000,0.26,1.41,2.45,0.82
2014-08-25,18.96,18.38,18.96,18.20,13237,24590000,-0.27,-1.45,4.08,0.83
2014-08-26,18.44,18.15,18.44,17.79,13684,24680000,-0.23,-1.25,3.54,0.86
2014-08-27,18.00,18.03,18.20,17.90,7653,13830000,-0.12,-0.66,1.65,0.48
2014-08-28,18.03,18.20,18.69,18.03,20020,36880000,0.17,0.94,3.66,1.25
2014-08-29,17.99,18.19,18.30,17.98,6875,12500000,-0.01,-0.05,1.76,0.43
2014-09-01,18.21,18.75,18.75,18.21,16551,30700000,0.56,3.08,2.97,1.03
2014-09-02,18.71,18.83,19.03,18.65,26083,49150000,0.08,0.43,2.03,1.63
2014-09-03,19.05,19.36,19.58,18.90,34127,65570000,0.53,2.81,3.61,2.13
2014-09-04,19.30,19.35,20.08,19.19,34660,67790000,-0.01,-0.05,4.60,2.17
2014-09-05,19.50,19.20,19.60,18.90,17160,32810000,-0.15,-0.78,3.62,1.07
2014-09-09,19.08,19.26,19.35,19.00,15470,29690000,0.06,0.31,1.82,0.97
2014-09-10,19.11,19.64,19.69,18.92,23622,45700000,0.38,1.97,4.00,1.48
2014-09-11,19.60,19.70,19.86,19.23,17632,34610000,0.06,0.31,3.21,1.10
2014-09-12,19.68,19.45,20.30,19.28,48720,96100000,-0.25,-1.27,5.18,3.05
2014-09-15,19.18,19.49,19.55,18.88,36668,70300000,0.04,0.21,3.44,2.29
2014-09-16,19.51,18.91,19.58,18.50,28494,54210000,-0.58,-2.98,5.54,1.78
2014-09-17,18.94,18.75,18.94,18.21,12665,23540000,-0.16,-0.85,3.86,0.79
2014-09-18,18.80,19.38,19.78,18.71,24807,48000000,0.63,3.36,5.71,1.55
2014-09-19,19.30,19.85,19.90,19.06,29701,58310000,0.47,2.43,4.33,1.86
2014-09-22,19.70,19.30,19.83,19.12,23082,44810000,-0.55,-2.77,3.58,1.44
2014-09-23,19.34,19.96,20.00,19.11,26116,51400000,0.66,3.42,4.61,1.63
2014-09-24,20.01,19.91,20.16,19.55,34874,69060000,-0.05,-0.25,3.06,2.18
2014-09-25,20.15,19.95,20.28,19.68,26348,52620000,0.04,0.20,3.01,1.65
2014-09-26,19.81,19.66,19.94,19.45,22028,43210000,-0.29,-1.45,2.46,1.38
2014-09-30,18.50,18.84,18.91,18.06,71141,131270000,-0.82,-4.17,4.32,4.45
2014-10-08,18.61,19.10,19.16,18.52,36335,68580000,0.26,1.38,3.40,2.27
2014-10-09,19.01,18.99,19.10,18.82,21169,40170000,-0.11,-0.58,1.47,1.32
2014-10-10,18.82,19.56,19.58,18.71,32292,61980000,0.57,3.00,4.58,2.02
2014-10-13,19.36,19.08,19.40,18.91,26441,50560000,-0.48,-2.45,2.51,1.65
2014-10-14,19.02,19.12,19.29,18.88,13797,26360000,0.04,0.21,2.15,0.86
2014-10-15,19.01,19.12,19.20,18.80,14154,26920000,0.00,0.00,2.09,0.88
2014-10-16,18.90,18.50,19.08,18.50,12719,24000000,-0.62,-3.24,3.03,0.79
2014-10-17,18.54,17.90,18.65,17.30,18048,32280000,-0.60,-3.24,7.30,1.13
2014-10-20,17.96,17.71,17.99,17.62,14878,26430000,-0.19,-1.06,2.07,0.93
2014-10-21,17.90,17.73,17.97,17.58,11028,19530000,0.02,0.11,2.20,0.69
2014-10-22,17.79,17.50,17.80,17.50,8847,15640000,-0.23,-1.30,1.69,0.55
2014-10-23,17.55,17.58,17.70,17.20,13204,23030000,0.08,0.46,2.86,0.83
2014-10-24,17.58,17.63,17.72,17.52,7127,12570000,0.05,0.28,1.14,0.45
2014-10-27,17.63,18.10,18.17,17.53,12627,22620000,0.47,2.67,3.63,0.79
2014-10-28,18.10,18.45,18.69,18.10,16474,30430000,0.35,1.93,3.26,1.03
2014-10-29,18.70,18.53,18.84,18.47,15909,29590000,0.08,0.43,2.01,0.99
2014-10-30,18.65,18.14,18.75,18.14,13679,25090000,-0.39,-2.10,3.29,0.85
2014-10-31,18.26,18.22,18.46,18.11,7407,13520000,0.08,0.44,1.93,0.46
2014-11-03,18.43,18.40,18.46,18.27,9156,16840000,0.18,0.99,1.04,0.57
2014-11-04,18.48,18.00,18.48,17.71,9998,18180000,-0.40,-2.17,4.18,0.62
2014-11-05,18.00,17.84,18.08,17.73,10363,18480000,-0.16,-0.89,1.94,0.65
2014-11-06,17.84,18.12,18.16,17.70,8838,15830000,0.28,1.57,2.58,0.55
2014-11-07,18.12,18.06,18.29,17.92,8684,15730000,-0.06,-0.33,2.04,0.54
2014-11-10,18.17,17.91,18.17,17.59,10936,19490000,-0.15,-0.83,3.21,0.68
2014-11-11,17.99,17.55,17.99,16.79,16685,28740000,-0.36,-2.01,6.70,1.04
2014-11-12,17.85,17.56,17.85,17.34,8905,15700000,0.01,0.06,2.91,0.56
2014-11-13,17.40,16.89,17.56,16.80,9925,16850000,-0.67,-3.82,4.33,0.62
2014-11-14,16.80,17.05,17.20,16.77,8398,14320000,0.16,0.95,2.55,0.52
2014-11-17,17.08,17.40,17.52,16.85,6843,11790000,0.35,2.05,3.93,0.43
2014-11-18,17.40,17.94,18.12,17.40,15963,28550000,0.54,3.10,4.14,1.00
2014-11-19,17.96,17.91,18.25,17.64,9350,16770000,-0.03,-0.17,3.40,0.58
2014-11-20,17.88,18.09,18.17,17.66,12191,21930000,0.18,1.01,2.85,0.76
2014-11-21,18.01,18.11,18.35,18.00,10994,20010000,0.02,0.11,1.93,0.69
2014-11-24,18.23,18.10,18.38,17.92,9242,16840000,-0.01,-0.06,2.54,0.58
2014-11-25,18.25,18.60,18.61,18.00,13746,25390000,0.50,2.76,3.37,0.86
2014-11-26,18.65,19.90,20.46,18.41,41629,81410000,1.30,6.99,11.02,2.60
2014-11-27,19.71,21.89,21.89,19.61,45939,96550000,1.99,10.00,11.46,2.87
2014-11-28,22.46,23.03,23.57,22.00,37656,86030000,1.14,5.21,7.17,2.35
2014-12-01,23.63,22.60,23.98,22.46,46335,106900000,-0.43,-1.87,6.60,2.90
2014-12-02,22.20,23.05,23.28,22.06,26212,59970000,0.45,1.99,5.40,1.64
2014-12-03,23.00,23.62,24.25,22.00,37983,88000000,0.57,2.47,9.76,2.37
2014-12-04,23.41,23.98,24.58,23.41,29429,70190000,0.36,1.52,4.95,1.84
2014-12-05,23.50,24.66,24.77,22.51,47067,111370000,0.68,2.84,9.42,2.94
2014-12-08,24.00,24.27,24.60,23.50,48207,115510000,-0.39,-1.58,4.46,3.01
2014-12-09,23.86,21.84,23.86,21.84,26498,59750000,-2.43,-10.01,8.32,1.66
2014-12-10,21.80,22.00,22.98,19.66,38097,81100000,0.16,0.73,15.20,2.38
2014-12-11,21.08,20.96,21.73,20.63,27233,57370000,-1.04,-4.73,5.00,1.70
2014-12-12,21.01,22.38,22.38,20.80,22115,48120000,1.42,6.77,7.54,1.38
2014-12-15,22.87,23.69,24.40,22.39,28459,66930000,1.31,5.85,8.98,1.78
2014-12-16,23.66,23.25,23.95,22.62,17122,39460000,-0.44,-1.86,5.61,1.07
2014-12-17,23.09,23.76,23.93,22.31,20623,47930000,0.51,2.19,6.97,1.29
2014-12-18,23.52,23.18,23.77,23.15,13402,31370000,-0.58,-2.44,2.61,0.84
2014-12-19,23.06,23.09,23.20,21.40,22300,49520000,-0.09,-0.39,7.77,1.39
2014-12-22,22.99,20.95,22.99,20.78,21197,44460000,-2.14,-9.27,9.57,1.32
2014-12-23,20.96,18.99,21.27,18.86,30337,59660000,-1.96,-9.36,11.50,1.90
2014-12-24,19.09,19.15,20.00,18.62,29862,57560000,0.16,0.84,7.27,1.87
2014-12-25,19.23,19.27,19.44,19.00,12089,23190000,0.12,0.63,2.30,0.76
2014-12-26,19.27,19.21,19.35,18.71,11670,22230000,-0.06,-0.31,3.32,0.73
2014-12-29,19.65,18.46,19.65,18.00,28794,53090000,-0.75,-3.90,8.59,1.80
2014-12-30,18.39,17.69,18.39,17.00,37458,65480000,-0.77,-4.17,7.53,2.34
2014-12-31,17.39,17.60,17.70,16.77,31490,53980000,-0.09,-0.51,5.26,1.97
2015-01-05,17.48,16.70,17.48,15.84,90363,145170000,-0.90,-5.11,9.32,5.65
2015-01-06,16.17,17.10,17.13,15.68,76919,125760000,0.40,2.40,8.68,4.81
2015-01-07,16.80,16.69,16.97,16.33,45550,75660000,-0.41,-2.40,3.74,2.85
2015-01-08,17.00,16.97,17.26,16.55,46487,78860000,0.28,1.68,4.25,2.91
2015-01-09,16.89,16.92,17.60,16.82,40026,68770000,-0.05,-0.29,4.60,2.50
2015-01-12,16.67,17.15,17.50,16.27,20277,34290000,0.23,1.36,7.27,1.27
2015-01-13,17.80,17.70,17.80,16.95,55624,96770000,0.55,3.21,4.96,3.48
2015-01-14,17.64,17.08,18.00,16.89,36357,62620000,-0.62,-3.50,6.27,2.27
2015-01-15,16.97,16.70,17.08,16.60,34623,58010000,-0.38,-2.22,2.81,2.16
2015-01-16,16.70,17.23,17.59,16.68,35068,59940000,0.53,3.17,5.45,2.19
2015-01-19,17.00,17.18,18.00,16.23,49348,85940000,-0.05,-0.29,10.27,3.08
2015-01-20,17.18,17.93,17.98,16.71,50373,89240000,0.75,4.37,7.39,3.15
2015-01-21,17.98,18.29,18.88,17.98,63415,117190000,0.36,2.01,5.02,3.96
2015-01-22,18.39,18.72,18.75,18.16,28947,53420000,0.43,2.35,3.23,1.81
2015-01-23,18.72,18.08,18.72,18.00,32095,58620000,-0.64,-3.42,3.85,2.01
2015-01-26,18.00,18.51,18.55,17.96,22078,40590000,0.43,2.38,3.26,1.38
2015-01-27,18.52,19.70,19.70,18.51,50583,96570000,1.19,6.43,6.43,3.16
2015-01-28,19.75,20.44,21.27,19.61,59451,122260000,0.74,3.76,8.43,3.72
2015-01-29,19.80,19.98,20.41,19.50,28857,57600000,-0.46,-2.25,4.45,1.80
2015-01-30,20.12,19.13,20.24,19.08,22190,43240000,-0.85,-4.25,5.81,1.39
2015-02-02,18.78,19.30,19.55,18.50,20919,40140000,0.17,0.89,5.49,1.31
2015-02-03,19.53,20.17,20.87,19.04,29008,58120000,0.87,4.51,9.48,1.81
2015-02-04,19.98,20.06,20.45,19.88,23552,47360000,-0.11,-0.55,2.83,1.47
2015-02-12,21.80,20.67,21.80,20.50,50720,106750000,0.61,3.04,6.48,3.17
2015-02-13,20.99,20.88,21.34,20.60,34801,72710000,0.21,1.02,3.58,2.18
2015-02-16,21.99,21.64,22.97,21.52,42375,92580000,0.76,3.64,6.94,2.65
2015-02-17,21.35,21.06,21.35,20.78,31731,66870000,-0.58,-2.68,2.63,1.98
2015-02-25,21.00,20.70,21.30,20.64,24461,51380000,-0.36,-1.71,3.13,1.53
2015-02-26,20.52,20.77,20.96,20.10,18139,37330000,0.07,0.34,4.15,1.13
2015-02-27,20.80,21.28,21.38,20.61,26480,55830000,0.51,2.46,3.71,1.66
2015-03-02,21.20,21.77,22.07,21.11,34010,73550000,0.49,2.30,4.51,2.13
2015-03-03,21.71,21.20,22.16,21.19,32097,69540000,-0.57,-2.62,4.46,2.01
2015-03-04,21.20,21.65,21.80,21.05,21147,45570000,0.45,2.12,3.54,1.32
2015-03-05,21.65,21.42,21.88,20.88,29925,63470000,-0.23,-1.06,4.62,1.87
2015-03-06,21.99,21.78,23.25,21.65,47437,106030000,0.36,1.68,7.47,2.96
2015-03-09,21.09,22.14,22.14,20.76,25800,55550000,0.36,1.65,6.34,1.61
2015-03-10,22.19,22.71,23.09,22.00,31075,70000000,0.57,2.57,4.92,1.94
2015-03-11,22.71,22.00,22.71,21.68,24835,55040000,-0.71,-3.13,4.54,1.55
2015-03-12,22.00,22.70,22.80,21.53,29988,66560000,0.70,3.18,5.77,1.87
2015-03-13,23.50,23.22,24.00,22.65,30098,69720000,0.52,2.29,5.95,1.88
2015-03-16,23.73,24.15,24.77,23.15,44378,106760000,0.93,4.01,6.98,2.77
2015-03-17,23.96,24.06,24.50,23.60,42165,101130000,-0.09,-0.37,3.73,2.64
2015-03-18,24.23,26.47,26.47,24.23,70185,178210000,2.41,10.02,9.31,4.39
2015-03-19,26.50,26.98,27.20,25.90,51255,135610000,0.51,1.93,4.91,3.20
2015-03-20,26.88,29.68,29.68,26.45,70756,203280000,2.70,10.01,11.97,4.42
2015-03-23,30.52,31.89,32.08,30.10,68558,212500000,2.21,7.45,6.67,4.28
2015-03-24,32.52,33.68,34.33,31.25,92711,304420000,1.79,5.61,9.66,5.79
2015-03-25,32.99,33.75,34.28,32.00,58946,195840000,0.07,0.21,6.77,3.68
2015-03-26,32.50,30.38,32.50,30.38,45766,142450000,-3.37,-9.99,6.28,2.86
2015-03-27,30.05,31.10,31.50,29.77,29167,89460000,0.72,2.37,5.69,1.82
2015-03-30,30.87,33.70,33.89,29.62,48413,152120000,2.60,8.36,13.73,3.03
2015-03-31,33.00,33.90,35.20,32.20,41531,141710000,0.20,0.59,8.90,2.60
2015-04-01,33.80,35.67,37.00,33.80,35875,126490000,1.77,5.22,9.44,2.24
2015-04-02,35.67,39.24,39.24,35.67,55556,212530000,3.57,10.01,10.01,3.47
2015-04-03,39.25,39.57,40.42,37.50,49108,192970000,0.33,0.84,7.44,3.07
2015-04-07,40.00,41.70,42.20,39.56,61267,251650000,2.13,5.38,6.67,3.83
2015-04-08,41.18,45.46,45.67,39.87,67149,283360000,3.76,9.02,13.91,4.20
2015-04-09,45.69,49.20,49.99,42.50,40197,190750000,3.74,8.23,16.48,2.51
2015-04-10,48.00,54.12,54.12,47.30,34841,180130000,4.92,10.00,13.86,2.18
2015-04-13,54.79,58.50,59.53,54.70,54668,318380000,4.38,8.09,8.92,3.42
2015-04-14,56.87,52.65,57.47,52.65,73509,398370000,-5.85,-10.00,8.24,4.59
2015-04-15,50.00,47.39,53.47,47.39,62476,312410000,-5.26,-9.99,11.55,3.90
2015-04-16,47.20,50.17,52.13,45.58,64053,322870000,2.78,5.87,13.82,4.00
2015-04-17,49.94,51.21,54.27,49.06,42402,218900000,1.04,2.07,10.38,2.65
2015-04-20,50.51,53.40,54.60,46.64,50061,258470000,2.19,4.28,15.54,3.13
2015-04-21,53.45,54.45,55.99,51.50,49346,266710000,1.05,1.97,8.41,3.08
2015-04-22,53.10,54.40,55.98,51.58,57667,307310000,-0.05,-0.09,8.08,3.60
2015-04-23,54.50,56.83,59.40,52.00,47101,265650000,2.43,4.47,13.60,2.94
2015-04-24,55.00,56.79,58.88,54.60,32684,185630000,-0.04,-0.07,7.53,2.04
2015-04-27,56.49,53.00,56.75,51.11,34507,186510000,-3.79,-6.67,9.93,2.16
2015-04-28,53.15,49.72,53.17,47.70,31312,155530000,-3.28,-6.19,10.32,1.96
2015-04-29,49.50,50.82,51.54,48.20,19571,98850000,1.10,2.21,6.72,1.22
2015-04-30,50.82,50.11,51.07,48.58,39674,197790000,-0.71,-1.40,4.90,2.48
2015-05-04,50.48,50.10,52.40,49.30,22999,117530000,-0.01,-0.02,6.19,1.44
2015-05-05,49.90,49.75,52.16,48.50,20309,100770000,-0.35,-0.70,7.31,1.27
2015-05-06,50.50,49.00,51.40,49.00,22335,112460000,-0.75,-1.51,4.82,1.40
2015-05-07,48.80,49.27,51.50,46.70,27561,133680000,0.27,0.55,9.80,1.72
2015-05-08,50.01,54.20,54.20,50.01,45174,237030000,4.93,10.01,8.50,2.82
2015-05-11,56.90,59.62,59.62,55.56,37176,216410000,5.42,10.00,7.49,2.32
2015-05-12,62.00,65.58,65.58,62.00,62072,403220000,5.96,10.00,6.00,3.88
2015-05-13,62.01,72.00,72.14,60.68,53823,361160000,6.42,9.79,17.47,3.36
2015-05-14,48.45,47.55,51.76,45.66,67188,330720000,-0.92,-1.90,12.59,2.83
2015-05-15,44.90,48.00,48.70,43.04,51496,233900000,0.45,0.95,11.90,2.17
2015-05-18,47.18,43.79,49.49,43.20,143740,658760000,-4.21,-8.77,13.10,6.05
2015-05-19,42.29,41.57,42.60,39.41,214853,870390000,-2.22,-5.07,7.28,9.04
2015-05-20,40.20,43.26,44.35,40.20,202933,855480000,1.69,4.07,9.98,8.54
2015-05-21,42.90,42.77,43.88,41.80,140538,602530000,-0.49,-1.13,4.81,5.91
2015-05-22,43.40,42.21,44.00,41.67,99787,425210000,-0.56,-1.31,5.45,4.20
2015-05-25,41.20,41.14,42.55,40.00,100201,413100000,-1.07,-2.53,6.04,4.22
2015-05-26,40.40,43.38,43.60,40.01,162952,685940000,2.24,5.44,8.73,6.86
2015-05-27,43.50,42.10,43.99,41.70,110262,466670000,-1.28,-2.95,5.28,4.64
2015-05-28,41.60,37.89,41.78,37.89,101437,409250000,-4.21,-10.00,9.24,4.27
2015-05-29,37.36,37.43,38.72,34.21,84468,313670000,-0.46,-1.21,11.90,3.55
2015-06-01,37.43,39.73,39.78,37.00,76364,297560000,2.30,6.14,7.43,3.21
2015-06-02,39.99,42.32,42.35,39.50,110637,456420000,2.59,6.52,7.17,4.66
2015-06-03,42.22,40.41,42.32,38.61,82305,336570000,-1.91,-4.51,8.77,3.46
2015-06-04,40.24,38.49,40.24,36.38,74742,286020000,-1.92,-4.75,9.55,3.15
2015-06-05,38.56,39.75,40.60,38.56,73532,292770000,1.26,3.27,5.30,3.09
2015-06-08,39.88,38.13,40.18,36.96,59978,229380000,-1.62,-4.08,8.10,2.52
2015-06-09,38.15,38.55,39.49,37.61,45248,174210000,0.42,1.10,4.93,1.90
2015-06-10,38.66,38.00,39.82,37.96,88093,342440000,-0.55,-1.43,4.82,3.71
2015-06-11,38.00,36.41,38.39,35.98,154503,571520000,-1.59,-4.18,6.34,6.50
2015-06-12,36.56,37.21,37.50,36.36,90622,335910000,0.80,2.20,3.13,3.81
2015-06-15,37.00,36.05,37.55,36.00,62411,228650000,-1.16,-3.12,4.17,2.63
2015-06-16,35.50,32.84,35.50,32.66,73052,244740000,-3.21,-8.90,7.88,3.07
2015-06-17,32.20,34.36,34.73,32.20,64114,214300000,1.52,4.63,7.70,2.70
2015-06-18,34.65,31.85,34.65,31.50,56931,189100000,-2.51,-7.31,9.17,2.40
2015-06-19,30.08,28.67,31.90,28.67,46428,139580000,-3.18,-9.98,10.14,1.95
2015-06-23,28.77,29.66,29.84,26.38,73174,207840000,0.99,3.45,12.07,3.08
2015-06-24,30.35,29.53,30.38,28.60,60352,178370000,-0.13,-0.44,6.00,2.54
2015-06-25,29.59,27.65,29.78,27.00,56780,162690000,-1.88,-6.37,9.41,2.39
2015-06-26,26.70,24.89,26.87,24.89,53784,138830000,-2.76,-9.98,7.16,2.26
2015-06-29,26.88,22.40,26.88,22.40,78074,186400000,-2.49,-10.00,18.00,3.29
2015-06-30,21.80,23.55,24.00,20.16,94589,208170000,1.15,5.13,17.14,3.98
2015-07-01,23.04,21.20,24.64,21.20,94628,222010000,-2.35,-9.98,14.61,3.98
2015-07-02,21.20,19.08,21.98,19.08,71898,144680000,-2.12,-10.00,13.68,3.03
2015-07-03,17.60,17.56,20.07,17.21,95680,174970000,-1.52,-7.97,14.99,4.03
2015-07-06,19.32,16.11,19.32,15.80,98455,172170000,-1.45,-8.26,20.05,4.14
2015-07-07,15.30,14.50,15.50,14.50,38908,57100000,-1.61,-9.99,6.21,1.64
2015-07-15,15.95,15.95,15.95,15.95,2687,4290000,1.45,10.00,0.00,0.11
2015-07-16,16.50,17.55,17.55,15.80,119309,199960000,1.60,10.03,10.97,5.02
2015-07-17,18.52,19.31,19.31,18.27,80144,152820000,1.76,10.03,5.93,3.37
2015-07-20,20.70,21.24,21.24,20.00,187154,394750000,1.93,9.99,6.42,7.88
2015-07-21,21.30,23.36,23.36,21.24,203944,455620000,2.12,9.98,9.98,8.58
2015-07-22,24.00,23.14,24.77,22.01,216290,507080000,-0.22,-0.94,11.82,9.10
2015-07-23,22.85,25.45,25.45,22.85,182457,441430000,2.31,9.98,11.24,7.68
2015-07-24,25.77,25.58,27.44,25.00,187591,494810000,0.13,0.51,9.59,7.90
2015-07-27,24.51,23.02,25.50,23.02,132350,320220000,-2.56,-10.01,9.70,5.57
2015-07-28,20.78,20.72,23.60,20.72,123287,260730000,-2.30,-9.99,12.51,5.19
2015-07-29,21.30,22.20,22.20,18.80,113969,237280000,1.48,7.14,16.41,4.80
2015-07-30,21.70,20.36,22.83,20.20,109016,238430000,-1.84,-8.29,11.85,4.59
2015-07-31,19.36,19.50,20.80,18.95,70851,141030000,-0.86,-4.22,9.09,2.98
2015-08-03,19.45,17.55,19.48,17.55,59736,107820000,-1.95,-10.00,9.90,2.51
2015-08-04,18.10,19.31,19.31,17.70,56437,104520000,1.76,10.03,9.17,2.38
2015-08-05,20.83,21.24,21.24,20.11,160270,336630000,1.93,9.99,5.85,6.75
2015-08-06,20.12,20.44,20.97,19.88,111000,226610000,-0.80,-3.77,5.13,4.67
2015-08-07,20.95,22.48,22.48,20.77,102942,226140000,2.04,9.98,8.37,4.33
2015-08-10,23.60,24.14,24.73,23.00,157130,372310000,1.66,7.38,7.70,6.61
2015-08-11,23.70,26.25,26.50,23.42,180316,448600000,2.11,8.74,12.76,7.59
2015-08-12,25.46,26.22,27.90,25.15,149871,395530000,-0.03,-0.11,10.48,6.31
2015-08-13,25.63,27.09,27.40,25.25,126797,336790000,0.87,3.32,8.20,5.34
2015-08-14,27.50,26.35,27.57,26.15,101284,270480000,-0.74,-2.73,5.24,4.26
2015-08-17,25.96,26.06,26.28,24.88,98333,251170000,-0.29,-1.10,5.31,4.14
2015-08-18,25.95,23.45,27.10,23.45,114280,293400000,-2.61,-10.02,14.01,4.81
2015-12-31,25.80,25.80,25.80,25.80,3536,9120000,2.35,10.02,0.00,0.15
2016-01-04,28.38,28.38,28.38,28.38,7558,21450000,2.58,10.00,0.00,0.32
2016-01-05,28.97,31.22,31.22,26.18,281140,826640000,2.84,10.01,17.76,11.83
2016-01-06,30.31,30.35,30.98,28.10,260988,773300000,-0.87,-2.79,9.22,10.98
2016-01-07,29.00,27.32,29.15,27.32,43841,122540000,-3.03,-9.98,6.03,1.85
2016-01-08,27.00,24.76,27.09,24.59,170846,435900000,-2.56,-9.37,9.15,7.19
2016-01-11,23.40,22.28,23.40,22.28,69560,155760000,-2.48,-10.02,4.52,2.93
2016-01-12,20.11,20.05,21.54,20.05,123171,250530000,-2.23,-10.01,6.69,5.18
2016-01-13,20.35,18.26,20.57,18.18,112394,217690000,-1.79,-8.93,11.92,4.73
2016-01-14,17.21,19.79,20.07,17.14,118830,222480000,1.53,8.38,16.05,5.00
2016-01-15,19.27,18.00,19.55,17.81,101037,190300000,-1.79,-9.05,8.79,4.25
2016-01-18,17.30,18.89,19.44,17.20,93017,172810000,0.89,4.94,12.44,3.91
2016-01-19,18.78,20.78,20.78,18.68,109212,217400000,1.89,10.01,11.12,4.60
2016-01-20,21.52,21.54,21.95,20.78,175458,376050000,0.76,3.66,5.63,7.38
2016-01-21,20.90,20.20,22.25,20.20,138822,296350000,-1.34,-6.22,9.52,5.84
2016-01-22,20.55,22.22,22.22,20.30,124022,264140000,2.02,10.00,9.51,5.22
2016-01-25,23.03,22.74,23.25,21.71,147542,331120000,0.52,2.34,6.93,6.21
2016-01-26,22.44,20.47,22.44,20.47,109288,231720000,-2.27,-9.98,8.66,4.60
2016-01-27,20.06,21.10,21.20,18.42,136077,266870000,0.63,3.08,13.58,5.73
2016-01-28,20.49,18.99,20.75,18.99,105246,207760000,-2.11,-10.00,8.34,4.43
2016-01-29,18.30,19.87,20.47,18.30,92035,180520000,0.88,4.63,11.43,3.87
2016-02-01,19.06,18.44,19.70,17.92,85073,160510000,-1.43,-7.20,8.96,3.58
2016-02-02,18.90,20.28,20.28,18.46,84288,166030000,1.84,9.98,9.87,3.55
2016-02-03,20.00,21.03,21.40,19.51,110830,225700000,0.75,3.70,9.32,4.66
2016-02-04,20.83,21.35,21.85,20.76,123066,261210000,0.32,1.52,5.18,5.18
2016-02-05,21.29,20.28,21.78,20.20,74769,155440000,-1.07,-5.01,7.40,3.15
2016-02-15,19.10,20.75,21.25,18.85,66509,134100000,0.47,2.32,11.83,2.80
2016-02-16,20.98,22.00,22.47,20.74,111297,241420000,1.25,6.02,8.34,4.68
2016-02-17,22.06,23.80,24.19,21.50,159082,359930000,1.80,8.18,12.23,6.70
2016-02-18,23.40,22.88,23.65,22.80,113257,263060000,-0.92,-3.87,3.57,4.77
2016-02-19,23.00,25.17,25.17,22.92,111743,270280000,2.29,10.01,9.83,4.70
2016-02-22,26.19,25.42,26.48,25.00,151990,388980000,0.25,0.99,5.88,6.40
2016-02-23,25.40,25.74,26.66,25.01,140660,363040000,0.32,1.26,6.49,5.92
2016-02-24,25.32,24.80,25.33,23.64,135366,332530000,-0.94,-3.65,6.57,5.70
2016-02-25,24.78,22.33,25.48,22.32,147702,354700000,-2.47,-9.96,12.74,6.22
2016-02-26,22.83,23.22,23.75,22.08,116676,267880000,0.89,3.99,7.48,4.91
2016-02-29,22.41,20.90,22.64,20.90,70503,149490000,-2.32,-9.99,7.49,2.97
2016-03-01,20.06,21.23,21.85,19.00,101185,204890000,0.33,1.58,13.64,4.26
2016-03-02,20.97,22.20,22.50,20.62,108203,233490000,0.97,4.57,8.86,4.55
2016-03-03,22.01,22.46,24.42,21.88,134321,311250000,0.26,1.17,11.44,5.65
2016-03-04,22.00,21.25,23.77,20.50,123917,276250000,-1.21,-5.39,14.56,5.22
2016-03-07,21.33,23.38,23.38,21.33,142256,323720000,2.13,10.02,9.65,5.99
2016-03-08,23.43,24.84,25.53,21.40,208142,489330000,1.46,6.24,17.66,8.76
2016-03-09,23.69,24.60,25.73,23.52,201909,500880000,-0.24,-0.97,8.90,8.50
2016-03-10,24.90,23.30,25.32,23.03,136593,328960000,-1.30,-5.28,9.31,5.75
2016-03-11,22.72,22.90,23.47,21.55,115609,261060000,-0.40,-1.72,8.24,4.87
2016-03-14,23.39,25.19,25.19,23.20,142445,351390000,2.29,10.00,8.69,6.00
2016-03-15,25.44,25.20,25.92,24.77,213011,541130000,0.01,0.04,4.57,8.96
2016-03-16,25.65,24.80,25.82,24.27,149807,374850000,-0.40,-1.59,6.15,6.30
2016-03-17,25.19,27.28,27.28,24.95,230093,608130000,2.48,10.00,9.40,9.68
2016-03-18,27.50,29.50,30.01,27.23,301411,867180000,2.22,8.14,10.19,12.69
2016-03-21,29.70,30.35,30.95,28.93,258803,768760000,0.85,2.88,6.85,10.89
2016-03-22,29.56,29.08,29.80,28.80,183074,535650000,-1.27,-4.18,3.29,7.70
2016-03-23,27.49,28.82,29.66,27.09,239843,674480000,-0.26,-0.89,8.84,10.09
2016-03-24,27.80,29.72,31.60,27.50,271558,804090000,0.90,3.12,14.23,11.43
2016-03-25,29.00,29.40,30.55,28.85,173482,514400000,-0.32,-1.08,5.72,7.30
2016-03-28,29.40,28.02,30.15,27.65,140390,407880000,-1.38,-4.69,8.50,5.91
2016-03-29,27.45,28.15,28.50,26.98,113392,315350000,0.13,0.46,5.42,4.77
2016-03-30,28.69,29.79,29.88,28.41,138362,405730000,1.64,5.83,5.22,5.82
2016-03-31,30.00,29.02,30.88,29.01,139217,414380000,-0.77,-2.58,6.28,5.86
2016-04-01,28.58,28.25,28.79,27.71,92999,262170000,-0.77,-2.65,3.72,3.91
2016-04-05,28.31,29.60,30.33,28.13,113166,330500000,1.35,4.78,7.79,4.76
2016-04-06,29.56,29.72,30.48,29.23,127728,382400000,0.12,0.41,4.22,5.38
2016-04-14,30.60,30.12,32.69,29.72,171816,532960000,0.40,1.35,9.99,7.23
2016-04-15,29.73,29.08,29.99,28.80,105241,307790000,-1.04,-3.45,3.95,4.43
2016-04-18,28.38,29.08,29.88,27.50,112182,319320000,0.00,0.00,8.18,4.72
2016-04-19,28.83,28.47,29.29,28.26,61893,177310000,-0.61,-2.10,3.54,2.60
2016-04-20,28.68,25.62,28.88,25.62,105822,281940000,-2.85,-10.01,11.45,4.45
2016-04-21,25.40,23.98,25.42,23.85,81330,201730000,-1.64,-6.40,6.13,3.42
2016-04-22,23.80,24.81,24.85,23.80,72065,174970000,0.83,3.46,4.38,3.03
2016-04-25,24.79,24.33,24.97,23.86,50659,123170000,-0.48,-1.93,4.47,2.13
2016-04-26,24.15,24.80,24.84,24.06,57021,139780000,0.47,1.93,3.21,2.40
2016-04-27,24.95,25.04,25.85,24.75,84376,213570000,0.24,0.97,4.44,3.55
2016-04-28,25.05,24.90,25.19,24.00,58861,144740000,-0.14,-0.56,4.75,2.48
2016-04-29,24.70,24.43,24.99,24.29,41549,102240000,-0.47,-1.89,2.81,1.75
2016-05-03,24.50,25.78,25.90,24.08,67115,169000000,1.35,5.53,7.45,2.82
2016-05-04,25.60,25.47,25.99,25.35,62436,160250000,-0.31,-1.20,2.48,2.63
2016-05-05,25.22,25.70,25.80,25.16,51032,130080000,0.23,0.90,2.51,2.15
2016-05-06,25.75,23.28,25.95,23.20,89155,219190000,-2.42,-9.42,10.70,3.75
2016-05-09,22.58,21.59,22.70,21.36,68944,151590000,-1.69,-7.26,5.76,2.90
2016-05-10,21.78,21.63,21.99,21.44,37006,80350000,0.04,0.19,2.55,1.56
2016-05-11,22.00,21.45,22.00,21.18,35249,76070000,-0.18,-0.83,3.79,1.48
2016-05-12,20.89,21.50,21.79,20.02,47648,100190000,0.05,0.23,8.25,2.01
2016-05-13,21.30,21.10,21.86,21.00,39885,85680000,-0.40,-1.86,4.00,1.68
2016-05-16,21.09,21.75,21.75,20.82,40292,86250000,0.65,3.08,4.41,1.70
2016-05-17,21.79,21.97,22.49,21.17,63242,138250000,0.22,1.01,6.07,2.66
2016-05-18,21.52,21.44,21.98,20.53,58002,123380000,-0.53,-2.41,6.60,2.44
2016-05-19,21.49,21.98,22.80,21.32,78172,173730000,0.54,2.52,6.90,3.29
2016-05-20,21.51,22.44,22.60,21.51,56153,124830000,0.46,2.09,4.96,2.36
2016-05-23,22.54,23.47,23.98,22.44,85478,199540000,1.03,4.59,6.86,3.60
2016-05-24,23.29,22.81,23.71,22.54,55915,128650000,-0.66,-2.81,4.99,2.35
2016-05-25,22.95,22.76,23.58,22.75,55362,128210000,-0.05,-0.22,3.64,2.33
2016-05-26,22.42,23.36,23.50,22.02,61622,140320000,0.60,2.64,6.50,2.59
2016-05-27,23.29,23.02,23.38,23.00,38239,88700000,-0.34,-1.46,1.63,1.61
2016-05-30,22.74,22.39,22.95,22.16,34522,77740000,-0.63,-2.74,3.43,1.45
2016-05-31,22.39,23.94,24.01,22.39,73083,171710000,1.55,6.92,7.24,3.08
2016-06-01,23.99,23.83,24.36,23.70,65963,158200000,-0.11,-0.46,2.76,2.78
2016-06-02,23.80,24.61,24.80,23.69,79823,194570000,0.78,3.27,4.66,3.36
2016-06-03,24.48,24.31,24.89,24.08,68890,168160000,-0.30,-1.22,3.29,2.90
2016-06-06,24.20,24.07,24.55,23.83,49244,118560000,-0.24,-0.99,2.96,2.07
2016-06-07,23.95,24.39,24.50,23.95,53283,129560000,0.32,1.33,2.29,2.24
2016-06-08,24.32,24.41,24.55,23.96,51383,124950000,0.02,0.08,2.42,2.16
2016-06-13,23.90,21.97,23.90,21.97,59585,137650000,-2.44,-10.00,7.91,2.51
2016-06-14,21.38,21.49,21.99,21.20,37394,80650000,-0.48,-2.18,3.60,1.57
2016-06-15,21.20,22.38,22.59,21.15,45876,101550000,0.89,4.14,6.70,1.93
2016-06-16,22.28,22.86,23.38,22.05,57456,130760000,0.50,2.24,5.95,2.42
2016-06-17,22.75,22.42,23.38,22.31,53870,123420000,-0.44,-1.92,4.68,2.27
2016-06-20,22.33,22.67,22.98,22.21,45942,103920000,0.25,1.12,3.43,1.93
2016-06-21,22.81,22.70,23.20,22.48,55080,125830000,0.03,0.13,3.18,2.32
2016-06-22,22.96,24.43,24.90,22.53,138687,328280000,1.73,7.62,10.44,5.84
2016-06-23,24.38,24.47,25.35,24.08,114739,283510000,0.04,0.16,5.20,4.83
2016-06-24,24.65,23.49,24.65,22.90,104183,247820000,-0.98,-4.00,7.15,4.38
2016-06-27,23.50,24.60,24.82,23.24,85499,206210000,1.11,4.73,6.73,3.60
2016-06-28,24.38,24.99,25.17,24.31,99229,245820000,0.39,1.59,3.50,4.18
2016-06-29,25.08,24.51,25.16,24.20,80101,196890000,-0.48,-1.92,3.84,3.37
2016-06-30,24.57,25.25,25.48,24.52,109998,275280000,0.74,3.02,3.92,4.63
2016-07-01,25.25,24.82,25.61,24.70,76199,191190000,-0.43,-1.70,3.60,3.21
2016-07-04,24.40,25.10,25.25,24.31,74461,185870000,0.28,1.13,3.79,3.13
2016-07-05,25.28,24.95,25.40,24.70,62546,155950000,-0.15,-0.60,2.79,2.63
2016-07-06,24.91,24.61,24.91,24.50,52222,128910000,-0.34,-1.36,1.64,2.20
2016-07-07,24.76,24.70,24.78,23.97,55052,134420000,0.09,0.37,3.29,2.32
2016-07-08,24.67,24.83,25.08,24.33,49395,122320000,0.13,0.53,3.04,2.08
2016-07-11,24.98,25.77,26.32,24.85,132289,338820000,0.94,3.79,5.92,5.57
2016-07-12,25.60,26.50,26.50,25.42,133059,347240000,0.73,2.83,4.19,5.60
2016-07-13,26.46,26.57,26.97,26.25,99342,264040000,0.07,0.26,2.72,4.18
2016-07-14,26.38,27.00,27.10,26.05,95071,254320000,0.43,1.62,3.95,4.00
2016-07-15,27.00,27.64,28.27,26.73,128962,354050000,0.64,2.37,5.70,5.43
2016-07-18,27.51,27.07,27.51,26.80,68144,184730000,-0.57,-2.06,2.57,2.87
2016-07-19,26.70,28.43,28.91,26.70,124360,347290000,1.36,5.02,8.16,5.23
2016-07-20,28.24,27.42,28.37,27.28,101413,281750000,-1.01,-3.55,3.83,4.27
2016-07-21,27.00,27.58,27.80,26.60,85589,232870000,0.16,0.58,4.38,3.60
2016-07-22,27.21,26.21,27.52,26.10,78074,209020000,-1.37,-4.97,5.15,3.29
2016-07-25,26.26,26.35,26.69,26.11,40680,107390000,0.14,0.53,2.21,1.71
2016-07-26,26.41,26.65,26.72,26.21,36324,96310000,0.30,1.14,1.94,1.53
2016-07-27,26.69,24.10,26.70,23.99,94459,236940000,-2.55,-9.57,10.17,3.98
2016-07-28,23.79,24.65,24.80,23.28,56415,135730000,0.55,2.28,6.31,2.37
2016-07-29,27.12,26.01,27.12,25.28,141803,373840000,1.36,5.52,7.46,5.97
2016-08-01,25.00,23.94,25.20,23.41,99572,243630000,-2.07,-7.96,6.88,4.19
2016-08-02,23.51,25.38,26.21,23.51,97053,245270000,1.44,6.02,11.28,4.08
2016-08-03,25.00,25.71,25.97,24.42,83399,209320000,0.33,1.30,6.11,3.51
2016-08-04,25.65,25.66,26.06,25.40,62989,161740000,-0.05,-0.19,2.57,2.65
2016-08-05,25.50,25.79,26.09,25.40,65290,168350000,0.13,0.51,2.69,2.75
2016-08-08,25.58,26.74,26.78,24.45,86428,223990000,0.95,3.68,9.03,3.64
2016-08-09,26.74,27.15,27.20,26.52,65916,177070000,0.41,1.53,2.54,2.77
2016-08-10,26.95,26.60,27.46,26.51,52212,140870000,-0.55,-2.03,3.50,2.20
2016-08-11,26.52,26.98,27.80,26.52,104026,284670000,0.38,1.43,4.81,4.38
2016-08-12,27.07,27.78,27.95,26.55,84554,232490000,0.80,2.97,5.19,3.56
2016-08-15,27.88,27.99,28.58,27.27,103223,288220000,0.21,0.76,4.72,4.34
2016-08-16,27.75,27.49,27.93,27.40,54736,150900000,-0.50,-1.79,1.89,2.30
2016-08-17,27.61,27.19,27.67,26.51,61019,164500000,-0.30,-1.09,4.22,2.57
2016-08-18,27.00,27.18,27.48,26.80,36586,99270000,-0.01,-0.04,2.50,1.54
2016-08-19,27.14,26.55,27.19,26.46,39591,106140000,-0.63,-2.32,2.69,1.67
2016-08-22,26.50,26.50,26.82,26.18,43277,114760000,-0.05,-0.19,2.41,1.82
2016-08-23,26.48,26.24,26.72,26.00,27193,71910000,-0.26,-0.98,2.72,1.14
2016-08-24,26.40,27.24,27.45,26.26,59075,160060000,1.00,3.81,4.54,2.49
2016-08-25,27.00,26.78,27.10,25.86,53126,140960000,-0.46,-1.69,4.55,2.24
2016-08-26,26.47,26.78,27.65,26.47,58279,158080000,0.00,0.00,4.41,2.45
2016-08-29,26.60,27.65,27.65,26.01,77496,210430000,0.87,3.25,6.12,3.26
2016-08-30,27.52,27.86,27.97,27.30,63530,175780000,0.21,0.76,2.42,2.67
2016-08-31,28.00,27.98,28.37,27.45,55596,155110000,0.12,0.43,3.30,2.34
2016-09-01,28.00,27.86,28.56,27.50,77155,217170000,-0.12,-0.43,3.79,3.25
2016-09-02,27.61,29.19,29.26,27.50,104866,299300000,1.33,4.77,6.32,4.41
2016-09-05,29.00,29.38,29.48,28.47,132315,383710000,0.19,0.65,3.46,5.57
2016-09-06,28.99,28.29,28.99,28.00,126971,360190000,-1.09,-3.71,3.37,5.34
2016-09-07,28.17,27.69,28.17,27.60,77322,215220000,-0.60,-2.12,2.01,3.25
2016-09-08,27.59,27.46,27.88,27.03,68017,186840000,-0.23,-0.83,3.07,2.86
2016-09-09,27.46,27.82,28.09,27.25,80940,224640000,0.36,1.31,3.06,3.41
2016-09-12,27.20,25.55,27.20,25.50,70623,186240000,-2.27,-8.16,6.11,2.97
2016-09-13,25.65,25.35,25.90,25.32,42945,110130000,-0.20,-0.78,2.27,1.81
2016-09-14,25.29,25.24,25.67,25.13,30361,77190000,-0.11,-0.43,2.13,1.28
2016-09-19,25.24,25.51,25.77,25.24,23305,59500000,0.27,1.07,2.10,0.98
2016-09-20,25.52,25.00,25.69,24.84,36651,92270000,-0.51,-2.00,3.33,1.54
2016-09-21,24.97,25.25,25.32,24.97,26710,67310000,0.25,1.00,1.40,1.12
2016-09-22,25.50,25.29,25.51,25.25,22464,56970000,0.04,0.16,1.03,0.95
2016-09-23,25.42,25.47,25.60,25.17,26550,67530000,0.18,0.71,1.70,1.12
2016-09-26,25.41,24.40,25.57,24.30,30673,76570000,-1.07,-4.20,4.99,1.29
2016-09-27,24.30,24.66,24.79,23.81,22293,54130000,0.26,1.07,4.02,0.94
2016-09-28,24.56,24.39,24.70,24.31,11942,29240000,-0.27,-1.09,1.58,0.50
2016-09-29,24.70,24.59,24.82,24.45,15967,39370000,0.20,0.82,1.52,0.67
2016-09-30,24.51,24.62,24.75,24.48,10004,24650000,0.03,0.12,1.10,0.42
2016-10-10,24.85,25.70,25.97,24.85,35932,91650000,1.08,4.39,4.55,1.51
2016-10-11,25.69,25.72,25.99,25.53,27335,70370000,0.02,0.08,1.79,1.15
2016-10-12,25.71,25.59,25.93,25.50,22283,57310000,-0.13,-0.51,1.67,0.94
2016-10-13,25.52,25.39,25.75,25.31,21336,54330000,-0.20,-0.78,1.72,0.90
2016-10-14,25.39,25.75,26.00,25.16,42958,110460000,0.36,1.42,3.31,1.81
2016-10-17,25.88,25.40,26.48,25.20,51674,134310000,-0.35,-1.36,4.97,2.17
2016-10-18,25.26,25.73,25.76,25.20,29846,76270000,0.33,1.30,2.20,1.26
2016-10-19,26.01,25.59,26.03,25.48,24951,63980000,-0.14,-0.54,2.14,1.05
2016-10-20,25.98,26.45,26.45,25.50,47542,123440000,0.86,3.36,3.71,2.00
2016-10-21,26.45,26.94,26.95,26.10,89047,236190000,0.49,1.85,3.21,3.75
2016-10-24,26.67,26.75,26.98,26.48,34738,92780000,-0.19,-0.71,1.86,1.46
2016-10-25,26.80,26.37,26.85,26.30,27651,73240000,-0.38,-1.42,2.06,1.16
2016-10-26,26.48,26.29,26.48,25.60,34678,90170000,-0.08,-0.30,3.34,1.46
2016-10-27,25.79,26.21,26.48,25.78,39849,104060000,-0.08,-0.30,2.66,1.68
2016-10-28,26.78,26.78,27.29,26.22,97651,261660000,0.57,2.17,4.08,4.11
2016-10-31,26.70,27.09,27.85,26.40,66734,181150000,0.31,1.16,5.41,2.81
2016-11-01,27.00,27.30,27.55,26.90,59819,162820000,0.21,0.78,2.40,2.52
2016-11-02,27.38,27.42,27.99,27.31,83952,232840000,0.12,0.44,2.49,3.53
2016-11-03,27.17,27.69,28.15,27.01,68999,191200000,0.27,0.98,4.16,2.90
2016-11-04,27.71,27.86,28.10,27.58,49044,136430000,0.17,0.61,1.88,2.06
2016-11-07,27.90,27.99,27.99,27.31,44740,123460000,0.13,0.47,2.44,1.88
2016-11-08,28.03,27.99,28.15,27.76,37381,104610000,0.00,0.00,1.39,1.57
2016-11-09,28.19,27.69,28.45,27.01,48012,133400000,-0.30,-1.07,5.14,2.02
2016-11-10,28.05,27.84,28.22,27.69,35110,97930000,0.15,0.54,1.91,1.48
2016-11-11,27.80,28.69,28.79,27.80,55232,157230000,0.85,3.05,3.56,2.32
2016-11-14,28.96,28.98,29.98,28.69,97686,287450000,0.29,1.01,4.50,4.11
2016-11-15,28.75,29.99,30.15,28.70,71991,212920000,1.01,3.49,5.00,3.03
2016-11-16,30.03,29.44,30.30,28.76,62898,186220000,-0.55,-1.83,5.14,2.65
2016-11-17,29.34,29.48,30.27,29.16,57995,172560000,0.04,0.14,3.77,2.44
2016-11-18,31.00,31.71,31.97,30.75,184496,576550000,2.23,7.56,4.14,7.76
2016-11-21,31.97,34.88,34.88,31.40,145362,484880000,3.17,10.00,10.97,6.12
2016-11-22,34.90,34.06,34.90,33.00,128099,433830000,-0.82,-2.35,5.45,5.39
2016-11-23,33.60,35.71,36.65,33.02,143250,496600000,1.65,4.84,10.66,6.03
2016-11-24,35.00,34.80,36.17,34.40,85728,301600000,-0.91,-2.55,4.96,3.61
2016-11-25,34.18,33.98,34.64,32.38,72653,244670000,-0.82,-2.36,6.49,3.06
2016-11-28,33.60,33.05,34.10,32.80,62556,208450000,-0.93,-2.74,3.83,2.63
2016-11-29,33.31,31.98,33.95,31.50,99121,321910000,-1.07,-3.24,7.41,4.17
2016-11-30,31.65,32.41,32.68,30.80,80779,256240000,0.43,1.34,5.88,3.40
2016-12-01,32.01,31.70,32.35,31.59,64013,204020000,-0.71,-2.19,2.35,2.69
2016-12-02,31.80,30.29,32.09,29.91,79624,245440000,-1.41,-4.45,6.88,3.35
2016-12-05,29.57,30.35,30.58,29.48,52867,158850000,0.06,0.20,3.63,2.23
2016-12-06,30.48,29.92,30.78,29.81,44166,133730000,-0.43,-1.42,3.20,1.86
2016-12-07,29.68,30.50,30.56,29.68,42741,129270000,0.58,1.94,2.94,1.80
2016-12-08,30.50,29.72,30.59,29.49,43985,131920000,-0.78,-2.56,3.61,1.85
2016-12-09,29.85,30.80,30.80,29.50,71761,216910000,1.08,3.63,4.37,3.02
2016-12-12,30.60,29.20,30.69,29.03,70077,209720000,-1.60,-5.19,5.39,2.95
2016-12-13,28.64,28.91,29.20,28.21,44598,128150000,-0.29,-0.99,3.39,1.88
2016-12-14,28.70,27.25,29.08,26.82,67398,188660000,-1.66,-5.74,7.82,2.84
2016-12-15,27.26,27.62,28.05,27.00,58678,161820000,0.37,1.36,3.85,2.47
2016-12-16,27.62,28.00,28.19,27.30,44118,122830000,0.38,1.38,3.22,1.86
2016-12-19,27.66,27.40,27.79,27.11,42109,115760000,-0.60,-2.14,2.43,1.77
2016-12-20,27.40,28.66,28.69,27.25,49803,139370000,1.26,4.60,5.26,2.10
2016-12-21,28.42,28.50,28.74,28.08,45166,128270000,-0.16,-0.56,2.30,1.90
2016-12-22,28.50,27.93,28.50,27.73,33446,93870000,-0.57,-2.00,2.70,1.41
2016-12-23,27.80,27.64,28.28,27.52,32278,89850000,-0.29,-1.04,2.72,1.36
2016-12-26,27.45,27.65,27.96,26.00,35320,95550000,0.01,0.04,7.09,1.49
2016-12-27,27.50,27.73,27.92,27.26,38156,104950000,0.08,0.29,2.39,1.61
2016-12-28,27.57,28.06,28.28,27.50,39506,110750000,0.33,1.19,2.81,1.66
2016-12-29,27.84,27.64,28.49,27.51,43179,121470000,-0.42,-1.50,3.49,1.82
2016-12-30,27.40,24.88,27.42,24.88,143848,371290000,-2.76,-9.99,9.19,6.05
2017-01-03,24.04,25.00,25.13,23.64,93942,227990000,0.12,0.48,5.99,3.95
2017-01-04,24.66,24.85,25.30,24.38,63773,158610000,-0.15,-0.60,3.68,2.68
2017-01-05,24.71,24.52,25.07,24.51,43574,107830000,-0.33,-1.33,2.25,1.83
2017-01-06,24.63,23.97,24.83,23.80,50738,122630000,-0.55,-2.24,4.20,2.14
2017-01-09,24.09,24.13,24.25,23.81,38242,91860000,0.16,0.67,1.84,1.61
2017-01-10,24.35,23.92,24.35,23.86,36525,87770000,-0.21,-0.87,2.03,1.54
2017-01-11,23.91,22.89,24.04,22.80,50218,117900000,-1.03,-4.31,5.18,2.11
2017-01-12,23.05,23.15,23.27,22.86,42214,97300000,0.26,1.14,1.79,1.78
2017-01-13,23.30,22.63,23.38,22.58,41358,94970000,-0.52,-2.25,3.46,1.74
2017-01-16,22.30,20.59,22.59,20.37,68323,144820000,-2.04,-9.01,9.81,2.88
2017-01-17,20.44,21.40,21.89,19.70,70098,145110000,0.81,3.93,10.64,2.95
2017-01-18,21.15,20.68,21.28,20.52,56248,117050000,-0.72,-3.36,3.55,2.37
2017-01-19,20.56,20.60,20.94,20.42,36419,75390000,-0.08,-0.39,2.51,1.53
2017-01-20,20.60,21.11,21.58,20.60,64720,137140000,0.51,2.48,4.76,2.72
2017-01-23,21.88,23.22,23.22,21.83,127530,288350000,2.11,10.00,6.58,5.37
2017-01-24,23.70,25.54,25.54,23.61,192746,472850000,2.32,9.99,8.31,8.11
2017-01-25,26.20,24.52,26.54,23.93,184257,459500000,-1.02,-3.99,10.22,7.75
2017-01-26,24.37,24.56,24.99,23.84,120201,293780000,0.04,0.16,4.69,5.06
2017-02-03,24.60,23.85,24.63,23.68,75022,180400000,-0.71,-2.89,3.87,3.16
2017-02-06,23.90,24.35,24.47,23.89,73059,176930000,0.50,2.10,2.43,3.07
2017-02-07,24.33,24.36,24.36,23.87,65714,158524800,0.01,0.04,2.012,3.12
2017-02-08,24.30,25.29,26.54,24.01,146482,370057300,0.93,3.82,10.386,6.95
2017-02-09,25.15,27.82,27.82,25.02,177672,474061600,2.53,10.00,11.072,8.43
