日期,开盘,收盘,最高,最低,交易量(手),交易金额(元),涨跌额,涨跌幅(%),振幅(%),换手率(%)
2012-06-28,25.30,25.22,25.98,24.36,149677,377670000,2.22,9.65,7.04,53.46
2012-06-29,25.10,26.71,26.98,25.00,105227,274410000,1.49,5.91,7.85,37.58
2012-07-02,26.50,27.90,28.38,26.32,89323,243360000,1.19,4.46,7.71,31.90
2012-07-03,27.50,27.92,28.85,27.32,85605,237720000,0.02,0.07,5.48,30.57
2012-07-04,27.63,27.11,28.59,27.00,73722,205920000,-0.81,-2.90,5.69,26.33
2012-07-05,26.73,26.57,27.68,26.31,64406,173280000,-0.54,-1.99,5.05,23.00
2012-07-06,26.80,26.12,26.95,25.13,53817,139490000,-0.45,-1.69,6.85,19.22
2012-07-09,25.78,25.79,26.54,25.40,34826,90470000,-0.33,-1.26,4.36,12.44
2012-07-10,25.58,23.98,26.45,23.73,43500,110890000,-1.81,-7.02,10.55,15.54
2012-07-11,23.39,22.97,23.56,22.61,38070,87700000,-1.01,-4.21,3.96,13.60
2012-07-12,23.00,23.55,23.88,22.81,33255,77860000,0.58,2.53,4.66,11.88
2012-07-13,23.40,23.60,24.48,23.23,35825,85870000,0.05,0.21,5.31,12.79
2012-07-16,23.30,21.90,23.40,21.70,31878,71030000,-1.70,-7.20,7.20,11.39
2012-07-17,21.65,22.21,22.36,21.60,15482,34130000,0.31,1.42,3.47,5.53
2012-07-18,22.08,22.51,22.57,21.78,18596,41130000,0.30,1.35,3.56,6.64
2012-07-19,22.39,22.76,23.32,22.32,24384,55710000,0.25,1.11,4.44,8.71
2012-07-20,22.51,22.81,22.88,22.41,17968,40640000,0.05,0.22,2.07,6.42
2012-07-23,22.61,23.19,23.32,22.16,21678,49520000,0.38,1.67,5.09,7.74
2012-07-24,22.88,23.32,23.69,22.88,19559,45670000,0.13,0.56,3.49,6.99
2012-07-25,23.32,23.70,24.80,23.23,33936,81740000,0.38,1.63,6.73,12.12
2012-07-26,23.60,23.91,24.09,23.28,24630,58420000,0.21,0.89,3.42,8.80
2012-07-27,24.00,23.29,24.11,23.06,26035,61060000,-0.62,-2.59,4.39,9.30
2012-07-30,23.21,22.04,23.38,21.90,25805,58000000,-1.25,-5.37,6.35,9.22
2012-07-31,21.99,21.61,22.20,21.51,15395,33630000,-0.43,-1.95,3.13,5.50
2012-08-01,21.61,22.16,22.29,21.61,16594,36580000,0.55,2.55,3.15,5.93
2012-08-02,21.94,22.11,22.19,21.75,13490,29680000,-0.05,-0.23,1.99,4.82
2012-08-03,22.18,23.10,23.13,22.04,23404,52960000,0.99,4.48,4.93,8.36
2012-08-06,22.95,23.78,24.06,22.68,28106,66180000,0.68,2.94,5.97,10.04
2012-08-07,23.60,23.68,23.96,23.40,21478,50890000,-0.10,-0.42,2.35,7.67
2012-08-08,23.66,23.86,24.48,23.48,21727,52010000,0.18,0.76,4.22,7.76
2012-08-09,23.71,24.05,24.30,23.65,26821,64330000,0.19,0.80,2.72,9.58
2012-08-10,24.07,23.65,24.08,23.52,18318,43490000,-0.40,-1.66,2.33,6.54
2012-08-13,23.68,23.95,24.78,23.65,34024,82640000,0.30,1.27,4.78,12.15
2012-08-14,23.75,24.87,24.97,23.63,32405,79070000,0.92,3.84,5.60,11.57
2012-08-15,24.70,24.50,25.08,24.30,27730,68650000,-0.37,-1.49,3.14,9.90
2012-08-16,24.65,23.90,24.97,23.90,22813,55250000,-0.60,-2.45,4.37,8.15
2012-08-17,23.90,24.91,24.99,23.68,24676,60240000,1.01,4.23,5.48,8.81
2012-08-20,24.75,25.16,25.28,24.65,28393,71090000,0.25,1.00,2.53,10.14
2012-08-21,25.17,25.80,26.16,24.90,43904,112150000,0.64,2.54,5.01,15.68
2012-08-22,25.77,25.48,25.97,25.17,31484,80660000,-0.32,-1.24,3.10,11.24
2012-08-23,25.48,26.31,26.45,25.38,31657,82170000,0.83,3.26,4.20,11.31
2012-08-24,26.02,25.40,26.20,25.30,27040,69370000,-0.91,-3.46,3.42,9.66
2012-08-27,25.15,24.58,25.15,24.33,20285,50190000,-0.82,-3.23,3.23,7.24
2012-08-28,24.60,25.77,26.28,24.60,26348,67120000,1.19,4.84,6.83,9.41
2012-08-29,25.59,26.28,26.83,25.59,36394,95950000,0.51,1.98,4.81,13.00
2012-08-30,25.99,24.69,26.29,23.65,45781,114720000,-1.59,-6.05,10.05,16.35
2012-08-31,24.52,25.90,25.98,24.40,31208,78850000,1.21,4.90,6.40,11.15
2012-09-03,25.71,26.25,26.39,25.63,31813,83210000,0.35,1.35,2.93,11.36
2012-09-04,26.25,26.03,27.33,26.01,44657,118680000,-0.22,-0.84,5.03,15.95
2012-09-05,25.90,26.31,26.87,25.88,31722,83960000,0.28,1.08,3.80,11.33
2012-09-06,26.30,26.70,26.86,26.11,25941,68690000,0.39,1.48,2.85,9.26
2012-09-07,26.95,26.77,27.17,26.51,35009,93950000,0.07,0.26,2.47,12.50
2012-09-10,26.70,27.19,27.19,26.31,32180,86240000,0.42,1.57,3.29,11.49
2012-09-11,26.92,27.35,27.99,26.90,31545,86670000,0.16,0.59,4.01,11.27
2012-09-12,27.36,27.07,27.50,26.60,24504,66150000,-0.28,-1.02,3.29,8.75
2012-09-13,27.07,26.47,27.17,26.47,14471,38780000,-0.60,-2.22,2.59,5.17
2012-09-14,26.80,26.21,26.80,26.15,18944,50120000,-0.26,-0.98,2.46,6.77
2012-09-17,26.10,25.04,26.19,24.98,22982,58660000,-1.17,-4.46,4.62,8.21
2012-09-18,24.92,25.10,25.50,24.85,15432,38880000,0.06,0.24,2.60,5.51
2012-09-19,25.23,25.20,25.45,25.01,12599,31800000,0.10,0.40,1.75,4.50
2012-09-20,25.26,23.66,25.28,23.66,27492,66430000,-1.54,-6.11,6.43,9.82
2012-09-21,23.65,23.71,24.06,23.23,15267,36180000,0.05,0.21,3.51,5.45
2012-09-24,23.58,23.99,24.04,23.31,13856,32960000,0.28,1.18,3.08,4.95
2012-09-25,22.91,21.99,23.12,21.98,20593,46060000,-1.25,-5.38,4.91,7.35
2012-09-26,21.90,21.49,22.10,21.40,14760,32020000,-0.50,-2.27,3.18,5.27
2012-09-27,21.58,22.33,22.56,21.58,19015,42110000,0.84,3.91,4.56,6.79
2012-09-28,22.25,22.70,22.80,21.90,14990,33610000,0.37,1.66,4.03,5.35
2012-10-08,22.72,22.66,22.78,22.19,12556,28140000,-0.04,-0.18,2.60,4.48
2012-10-09,22.56,23.32,23.37,22.56,18222,42040000,0.66,2.91,3.57,6.51
2012-10-10,23.21,23.53,23.74,23.08,14976,35120000,0.21,0.90,2.83,5.35
2012-10-11,23.46,22.50,23.46,22.44,17063,39110000,-1.03,-4.38,4.33,6.09
2012-10-12,22.65,22.35,22.88,21.93,14680,32820000,-0.15,-0.67,4.22,5.24
2012-10-15,21.60,20.12,21.70,20.12,16674,33880000,-2.23,-9.98,7.07,5.96
2012-10-16,19.50,19.82,19.96,19.47,41962,82500000,-0.30,-1.49,2.44,14.99
2012-10-17,19.85,19.40,19.93,19.15,30508,59320000,-0.42,-2.12,3.94,10.90
2012-10-18,19.38,19.80,19.89,19.38,24701,48600000,0.40,2.06,2.63,8.82
2012-10-19,19.78,20.12,20.36,19.72,30587,61620000,0.32,1.62,3.23,10.92
2012-10-22,19.99,20.52,20.60,19.99,18330,37290000,0.40,1.99,3.03,6.55
2012-10-23,20.50,19.85,20.54,19.81,20816,41910000,-0.67,-3.27,3.56,7.43
2012-10-24,19.70,19.61,19.87,19.48,11788,23180000,-0.24,-1.21,1.96,4.21
2012-10-25,19.56,19.23,19.74,19.15,16800,32630000,-0.38,-1.94,3.01,6.00
2012-10-26,19.23,18.42,19.30,18.21,21732,40350000,-0.81,-4.21,5.67,7.76
2012-10-29,18.40,18.58,18.58,18.12,10716,19730000,0.16,0.87,2.50,3.83
2012-10-30,18.66,18.43,18.66,18.36,8539,15820000,-0.15,-0.81,1.61,3.05
2012-10-31,18.36,18.23,18.49,18.05,12396,22600000,-0.20,-1.09,2.39,4.43
2012-11-01,18.26,18.74,18.75,18.26,16043,29810000,0.51,2.80,2.69,5.73
2012-11-02,18.73,18.70,18.85,18.50,11925,22220000,-0.04,-0.21,1.87,4.26
2012-11-05,18.75,18.76,18.85,18.66,11011,20650000,0.06,0.32,1.02,3.93
2012-11-06,18.83,17.77,18.83,17.40,24132,43070000,-0.99,-5.28,7.62,8.62
2012-11-07,17.77,17.70,17.91,17.60,9120,16190000,-0.07,-0.39,1.74,3.26
2012-11-08,17.44,17.08,17.67,17.01,12436,21510000,-0.62,-3.50,3.73,4.44
2012-11-09,17.15,16.93,17.18,16.81,10034,17030000,-0.15,-0.88,2.17,3.58
2012-11-12,16.88,17.23,17.23,16.88,8073,13770000,0.30,1.77,2.07,2.88
2012-11-13,17.23,17.53,17.75,16.92,17398,30270000,0.30,1.74,4.82,6.21
2012-11-14,17.41,17.57,17.66,17.11,10222,17800000,0.04,0.23,3.14,3.65
2012-11-15,17.53,17.00,17.53,16.97,7884,13570000,-0.57,-3.24,3.19,2.82
2012-11-16,17.04,17.24,17.27,16.75,9295,15840000,0.24,1.41,3.06,3.32
2012-11-19,17.24,17.24,17.32,16.89,6458,11030000,0.00,0.00,2.49,2.31
2012-11-20,17.37,17.41,17.66,17.30,12457,21750000,0.17,0.99,2.09,4.45
2012-11-21,17.40,17.48,17.51,16.95,11326,19520000,0.07,0.40,3.22,4.04
2012-11-22,17.39,17.22,17.45,17.09,7076,12230000,-0.26,-1.49,2.06,2.53
2012-11-23,17.18,17.13,17.38,17.06,6760,11650000,-0.09,-0.52,1.86,2.41
2012-11-26,17.09,16.01,17.18,16.01,17083,28160000,-1.12,-6.54,6.83,6.10
2012-11-27,15.96,15.19,15.96,15.18,15901,24560000,-0.82,-5.12,4.87,5.68
2012-11-28,15.18,15.13,15.38,15.08,7965,12110000,-0.06,-0.40,1.98,2.84
2012-11-29,15.14,14.72,15.26,14.70,7890,11820000,-0.41,-2.71,3.70,2.82
2012-11-30,14.73,14.79,14.94,14.55,7770,11490000,0.07,0.48,2.65,2.77
2012-12-03,14.90,13.84,14.90,13.78,13511,19180000,-0.95,-6.42,7.57,4.83
2012-12-04,13.75,14.05,14.30,13.50,14577,20290000,0.21,1.52,5.78,5.21
2012-12-05,13.96,14.68,14.92,13.96,20282,29530000,0.63,4.48,6.83,7.24
2012-12-06,14.67,14.53,14.89,14.37,13858,20210000,-0.15,-1.02,3.54,4.95
2012-12-07,14.50,15.06,15.06,14.39,19940,29570000,0.53,3.65,4.61,7.12
2012-12-10,15.09,15.35,15.48,15.00,20293,30910000,0.29,1.93,3.19,7.25
2012-12-11,15.28,14.98,15.28,14.97,14895,22550000,-0.37,-2.41,2.02,5.32
2012-12-12,14.98,15.60,15.67,14.70,31403,47740000,0.62,4.14,6.48,11.22
2012-12-13,15.40,15.01,15.45,14.95,19430,29590000,-0.59,-3.78,3.21,6.94
2012-12-14,14.80,15.66,15.82,14.78,26304,40750000,0.65,4.33,6.93,9.39
2012-12-17,15.76,15.75,15.85,15.49,20894,32760000,0.09,0.57,2.30,7.46
2012-12-18,15.85,16.27,16.81,15.70,37701,61560000,0.52,3.30,7.05,13.46
2012-12-19,16.25,16.30,16.38,16.10,15129,24560000,0.03,0.18,1.72,5.40
2012-12-20,16.28,16.92,17.28,16.08,37863,63790000,0.62,3.80,7.36,13.52
2012-12-21,16.90,18.11,18.58,16.90,56432,100060000,1.19,7.03,9.93,20.15
2012-12-24,18.18,18.87,18.98,17.75,51058,93390000,0.76,4.20,6.79,18.24
2012-12-25,18.80,19.60,19.80,18.66,54437,104560000,0.73,3.87,6.04,19.44
2012-12-26,19.51,21.04,21.19,19.43,51640,105800000,1.44,7.35,8.98,18.44
2012-12-27,21.18,19.86,21.68,19.80,60386,123180000,-1.18,-5.61,8.94,21.57
2012-12-28,19.51,19.70,20.44,18.90,57173,111960000,-0.16,-0.81,7.75,20.42
2012-12-31,19.75,19.02,19.78,18.88,38635,73980000,-0.68,-3.45,4.57,13.80
2013-01-04,19.20,19.53,19.76,18.91,37780,73030000,0.51,2.68,4.47,13.49
2013-01-07,19.37,19.92,19.92,19.20,29571,57700000,0.39,2.00,3.69,10.56
2013-01-08,19.94,20.03,20.49,19.75,39302,79110000,0.11,0.55,3.71,14.04
2013-01-09,19.90,19.13,19.91,18.88,36862,71560000,-0.90,-4.49,5.14,13.17
2013-01-10,19.00,18.81,19.44,18.55,31112,59000000,-0.32,-1.67,4.65,11.11
2013-01-11,19.20,19.68,20.30,19.10,62581,123560000,0.87,4.63,6.38,22.35
2013-01-14,19.75,21.00,21.25,19.70,55879,114440000,1.32,6.71,7.88,19.96
2013-01-15,21.00,21.02,21.48,20.64,43182,90540000,0.02,0.10,4.00,15.42
2013-01-16,21.05,20.49,21.15,19.98,33680,68760000,-0.53,-2.52,5.57,12.03
2013-01-17,20.44,19.96,20.53,19.92,18824,38010000,-0.53,-2.59,2.98,6.72
2013-01-18,19.88,20.06,20.29,19.60,22023,43990000,0.10,0.50,3.46,7.87
2013-01-21,20.28,20.35,20.45,19.96,20082,40610000,0.29,1.45,2.44,7.17
2013-01-22,20.40,18.90,20.40,18.56,32198,62610000,-1.45,-7.13,9.04,11.50
2013-01-23,18.73,18.85,18.95,18.43,17852,33370000,-0.05,-0.26,2.75,6.38
2013-01-24,18.83,17.94,19.22,17.71,21945,40400000,-0.91,-4.83,8.01,7.84
2013-01-25,17.83,17.87,18.09,17.61,16516,29460000,-0.07,-0.39,2.68,5.90
2013-01-28,17.99,18.31,18.33,17.87,15973,28920000,0.44,2.46,2.57,5.70
2013-01-29,18.32,18.55,18.72,18.25,15429,28580000,0.24,1.31,2.57,5.51
2013-01-30,18.52,18.18,18.62,18.08,14236,26010000,-0.37,-1.99,2.91,5.08
2013-01-31,18.00,18.10,18.28,17.80,10713,19260000,-0.08,-0.44,2.64,3.83
2013-02-01,17.96,18.28,18.44,17.70,13217,24150000,0.18,0.99,4.09,4.72
2013-02-04,18.29,17.95,18.45,17.88,9954,17970000,-0.33,-1.81,3.12,3.55
2013-02-05,18.00,18.55,18.56,17.85,12313,22590000,0.60,3.34,3.96,4.40
2013-02-06,18.60,18.58,18.74,18.41,11481,21320000,0.03,0.16,1.78,4.10
2013-02-07,18.55,18.92,18.92,18.42,12745,23810000,0.34,1.83,2.69,4.55
2013-02-08,18.92,19.15,19.27,18.87,13555,25920000,0.23,1.22,2.11,4.84
2013-02-18,19.15,19.37,19.45,18.92,15260,29360000,0.22,1.15,2.77,5.45
2013-02-19,19.37,18.70,19.48,18.58,14205,26900000,-0.67,-3.46,4.65,5.07
2013-02-20,18.85,19.20,19.26,18.62,15256,28960000,0.50,2.67,3.42,5.45
2013-02-21,19.05,18.55,19.10,18.37,17920,33660000,-0.65,-3.39,3.80,6.40
2013-02-22,18.41,18.41,18.71,18.37,11511,21310000,-0.14,-0.75,1.83,4.11
2013-02-25,18.41,18.57,18.65,18.38,9811,18170000,0.16,0.87,1.47,3.50
2013-02-26,18.45,18.41,18.78,18.38,10728,19950000,-0.16,-0.86,2.15,3.83
2013-02-27,18.41,18.12,18.73,17.96,11616,21200000,-0.29,-1.58,4.18,4.15
2013-02-28,18.14,18.44,18.45,18.01,11037,20200000,0.32,1.77,2.43,3.94
2013-03-01,18.50,18.97,18.98,18.45,22333,41910000,0.53,2.87,2.87,7.98
2013-03-04,18.81,18.50,19.19,18.28,22095,41580000,-0.47,-2.48,4.80,7.89
2013-03-05,18.35,19.31,19.33,18.35,20251,38500000,0.81,4.38,5.30,7.23
2013-03-06,19.49,19.90,20.18,19.49,35761,71170000,0.59,3.06,3.57,12.77
2013-03-07,19.90,19.40,20.09,19.18,22072,43150000,-0.50,-2.51,4.57,7.88
2013-03-08,19.55,19.02,19.55,18.87,13897,26550000,-0.38,-1.96,3.51,4.96
2013-03-11,18.96,18.71,19.00,18.65,8508,16010000,-0.31,-1.63,1.84,3.04
2013-03-12,18.71,17.50,19.08,17.22,22744,40870000,-1.21,-6.47,9.94,8.12
2013-03-13,17.41,17.29,17.41,16.82,12505,21360000,-0.21,-1.20,3.37,4.47
2013-03-14,17.07,17.16,17.39,17.07,6898,11900000,-0.13,-0.75,1.85,2.46
2013-03-15,17.18,17.29,17.58,16.91,10376,18000000,0.13,0.76,3.90,3.71
2013-03-18,17.26,16.87,17.26,16.85,7125,12120000,-0.42,-2.43,2.37,2.54
2013-03-19,16.90,17.00,17.10,16.66,5129,8670000,0.13,0.77,2.61,1.83
2013-03-20,17.23,17.70,17.70,16.89,10456,18220000,0.70,4.12,4.76,3.73
2013-03-21,17.70,17.69,17.95,17.51,11882,21090000,-0.01,-0.06,2.49,4.24
2013-03-22,17.60,17.82,17.90,17.60,8707,15470000,0.13,0.73,1.70,3.11
2013-03-25,17.71,17.79,17.96,17.71,7328,13050000,-0.03,-0.17,1.40,2.62
2013-03-26,17.75,17.25,17.75,17.05,11703,20180000,-0.54,-3.04,3.93,4.18
2013-03-27,17.25,17.31,17.48,17.19,5920,10270000,0.06,0.35,1.68,2.11
2013-03-28,17.18,16.42,17.18,16.42,10463,17480000,-0.89,-5.14,4.39,3.74
2013-03-29,16.42,16.38,16.58,16.34,4026,6620000,-0.04,-0.24,1.46,1.44
2013-04-01,16.48,16.60,16.75,16.42,4216,7010000,0.22,1.34,2.01,1.51
2013-04-02,16.60,16.77,16.93,16.60,8621,14500000,0.17,1.02,1.99,3.08
2013-04-03,16.88,17.10,17.15,16.00,10551,17800000,0.33,1.97,6.86,3.77
2013-04-08,16.04,15.60,16.04,15.39,18607,28990000,-1.50,-8.77,3.80,6.65
2013-04-09,15.46,16.17,16.36,15.46,11644,18490000,0.57,3.65,5.77,4.16
2013-04-10,16.13,16.08,16.46,15.94,7819,12620000,-0.09,-0.56,3.22,2.79
2013-04-11,16.21,16.08,16.44,15.95,5481,8830000,0.00,0.00,3.05,1.96
2013-04-12,16.08,16.11,16.25,15.99,4135,6660000,0.03,0.19,1.62,1.48
2013-04-15,16.06,15.98,16.19,15.80,4194,6700000,-0.13,-0.81,2.42,1.50
2013-04-16,15.84,16.31,16.41,15.83,9475,15340000,0.33,2.07,3.63,3.38
2013-04-17,16.30,16.35,16.58,16.27,17329,28440000,0.04,0.25,1.90,6.19
2013-04-18,16.27,15.52,16.43,15.47,19970,31810000,-0.83,-5.08,5.87,7.13
2013-04-19,15.77,16.05,16.46,15.58,21798,34980000,0.53,3.41,5.67,7.78
2013-04-22,16.15,16.35,16.46,16.01,22949,37320000,0.30,1.87,2.80,8.20
2013-04-23,16.43,15.20,16.44,15.05,19858,31050000,-1.15,-7.03,8.50,7.09
2013-04-24,15.20,15.39,15.59,15.13,10224,15700000,0.19,1.25,3.03,3.65
2013-04-25,15.22,14.79,15.38,14.78,14295,21540000,-0.60,-3.90,3.90,5.11
2013-04-26,14.80,14.07,14.85,14.02,15302,21940000,-0.72,-4.87,5.61,5.47
2013-05-02,14.01,14.09,14.20,13.86,5722,8030000,0.02,0.14,2.42,2.04
2013-05-03,14.12,14.38,14.42,14.09,9868,14130000,0.29,2.06,2.34,3.52
2013-05-06,14.38,14.72,14.80,14.38,10659,15660000,0.34,2.36,2.92,3.81
2013-05-07,14.71,14.77,14.79,14.61,7541,11090000,0.05,0.34,1.22,2.69
2013-05-08,14.72,15.20,15.20,14.72,14401,21600000,0.43,2.91,3.25,5.14
2013-05-09,15.25,15.49,15.80,15.25,24549,38050000,0.29,1.91,3.62,8.77
2013-05-10,15.31,15.65,15.85,15.31,16954,26450000,0.16,1.03,3.49,6.06
2013-05-13,15.80,15.93,15.98,15.66,14874,23560000,0.28,1.79,2.04,5.31
2013-05-14,15.94,15.45,15.95,15.29,12910,20060000,-0.48,-3.01,4.14,4.61
2013-05-15,15.45,15.97,15.97,15.31,16534,25960000,0.52,3.37,4.27,5.90
2013-05-16,16.15,15.82,16.48,15.63,23418,37800000,-0.15,-0.94,5.32,8.36
2013-05-17,15.74,15.92,16.14,15.46,16856,26700000,0.10,0.63,4.30,6.02
2013-05-20,15.95,16.45,16.65,15.95,20683,34030000,0.53,3.33,4.40,7.39
2013-05-21,16.41,17.42,17.43,16.30,31890,54520000,0.97,5.90,6.87,11.39
2013-05-22,17.40,16.91,17.98,16.80,35345,61170000,-0.51,-2.93,6.77,12.62
2013-05-23,16.85,17.18,17.77,16.64,27967,48410000,0.27,1.60,6.68,9.99
2013-05-24,17.07,18.04,18.05,17.07,33949,60310000,0.86,5.01,5.70,12.12
2013-05-27,18.08,18.02,18.18,17.76,22198,39820000,-0.02,-0.11,2.33,7.93
2013-05-28,17.86,17.13,17.97,17.06,26273,45510000,-0.89,-4.94,5.05,9.38
2013-05-29,17.22,17.31,17.38,17.05,16457,28320000,0.18,1.05,1.93,5.88
2013-05-30,17.66,17.32,17.66,17.20,13128,22800000,0.01,0.06,2.66,4.69
2013-05-31,17.40,16.90,17.40,16.85,17882,30560000,-0.42,-2.42,3.18,6.39
2013-06-03,16.90,16.74,17.06,16.65,10128,17040000,-0.16,-0.95,2.43,3.62
2013-06-04,16.70,15.78,16.80,15.45,17541,28270000,-0.96,-5.73,8.06,6.26
2013-06-05,15.78,15.91,15.99,15.70,7203,11440000,0.13,0.82,1.84,2.57
2013-06-06,15.73,15.36,15.90,15.33,7967,12450000,-0.55,-3.46,3.58,2.85
2013-06-07,15.30,15.46,15.73,15.30,7261,11240000,0.10,0.65,2.80,2.59
2013-06-13,15.44,15.21,15.44,14.61,7529,11250000,-0.25,-1.62,5.37,2.69
2013-06-14,15.20,15.76,15.94,15.20,9981,15650000,0.55,3.62,4.87,3.56
2013-06-17,15.76,16.02,16.48,15.61,14752,23830000,0.26,1.65,5.52,5.27
2013-06-18,15.96,17.62,17.62,15.65,44093,74910000,1.60,9.99,12.30,15.75
2013-06-19,17.58,17.95,18.07,17.38,62031,110470000,0.33,1.87,3.92,22.15
2013-06-20,17.70,16.92,17.93,16.91,31577,54810000,-1.03,-5.74,5.68,11.28
2013-06-21,16.45,17.75,18.28,15.80,50806,88210000,0.83,4.91,14.66,18.14
2013-06-24,18.00,17.79,18.66,17.20,68641,123630000,0.04,0.23,8.23,24.51
2013-06-25,17.00,17.51,17.77,16.01,52055,86700000,-0.28,-1.57,9.89,18.59
2013-06-26,16.93,18.46,18.80,16.76,79034,142430000,0.95,5.43,11.65,28.23
2013-06-27,18.25,17.56,18.72,17.56,62900,114350000,-0.90,-4.88,6.28,22.46
2013-06-28,17.01,16.08,17.42,15.80,40731,67180000,-1.48,-8.43,9.23,6.05
2013-07-01,15.88,15.45,15.89,14.95,67848,104280000,-0.63,-3.92,5.85,10.08
2013-07-02,15.52,16.06,16.40,15.38,75046,119810000,0.61,3.95,6.60,11.15
2013-07-03,15.81,15.88,15.98,15.03,66781,103910000,-0.18,-1.12,5.92,9.92
2013-07-04,15.69,15.65,16.13,15.31,50799,79920000,-0.23,-1.45,5.16,7.55
2013-07-05,15.50,15.35,16.12,15.35,47361,74730000,-0.30,-1.92,4.92,7.04
2013-07-08,14.88,13.82,14.88,13.82,57478,81120000,-1.53,-9.97,6.91,8.54
2013-07-09,13.60,13.67,13.95,13.50,25685,35270000,-0.15,-1.09,3.26,3.82
2013-07-10,13.77,14.12,14.15,13.73,23629,33020000,0.45,3.29,3.07,3.51
2013-07-11,14.01,14.29,14.46,14.01,29699,42350000,0.17,1.20,3.19,4.41
2013-07-12,14.36,14.33,14.86,14.26,36433,53190000,0.04,0.28,4.20,5.41
2013-07-15,14.36,15.06,15.10,14.20,41577,61540000,0.73,5.09,6.28,6.18
2013-07-16,15.06,15.11,15.28,14.60,51938,77610000,0.05,0.33,4.52,7.72
2013-07-17,15.01,15.51,15.86,14.93,87883,135550000,0.40,2.65,6.15,13.06
2013-07-18,15.40,16.19,16.38,15.22,98488,155030000,0.68,4.38,7.48,14.63
2013-07-19,16.16,15.38,16.62,15.35,76457,122410000,-0.81,-5.00,7.84,11.36
2013-07-22,15.20,16.21,16.26,15.10,56372,89230000,0.83,5.40,7.54,8.37
2013-07-23,16.29,16.38,16.50,15.93,62550,101450000,0.17,1.05,3.52,9.29
2013-07-24,16.30,16.56,16.78,16.06,57384,94250000,0.18,1.10,4.40,8.52
2013-07-25,16.57,15.55,16.57,15.30,56069,89210000,-1.01,-6.10,7.67,8.33
2013-07-26,15.09,15.07,15.35,14.49,38762,58120000,0.02,0.13,5.71,5.76
2013-07-29,15.07,15.86,16.58,14.75,95548,153740000,0.79,5.24,12.14,14.19
2013-07-30,15.80,15.40,15.96,14.70,71931,110060000,-0.46,-2.90,7.94,10.69
2013-07-31,15.41,15.42,15.84,15.11,44387,68810000,0.02,0.13,4.74,6.59
2013-08-01,15.38,16.26,16.45,15.31,84821,136570000,0.84,5.45,7.39,12.60
2013-08-02,16.40,16.77,17.32,16.08,137620,229690000,0.51,3.14,7.63,20.44
2013-08-05,16.85,16.94,17.09,16.50,81344,136930000,0.17,1.01,3.52,12.08
2013-08-06,16.85,16.82,16.98,16.65,53870,90550000,-0.12,-0.71,1.95,8.00
2013-08-07,16.82,15.98,16.82,15.79,85397,138000000,-0.84,-4.99,6.12,12.69
2013-08-08,15.80,16.35,16.70,15.80,54555,89160000,0.37,2.32,5.63,8.10
2013-08-09,16.27,15.87,16.44,15.50,60376,96290000,-0.48,-2.94,5.75,8.97
2013-08-12,15.86,16.00,16.25,15.60,45919,73170000,0.13,0.82,4.10,6.82
2013-08-13,16.01,16.40,16.50,15.90,48167,78580000,0.40,2.50,3.75,7.16
2013-08-14,16.50,16.27,16.62,16.03,43444,70900000,-0.13,-0.79,3.60,6.45
2013-08-15,16.27,16.58,16.95,16.26,75759,126310000,0.31,1.91,4.24,11.25
2013-08-16,16.46,16.95,17.31,16.36,128335,217500000,0.37,2.23,5.73,19.07
2013-08-19,17.18,17.39,17.56,16.80,115355,198680000,0.44,2.60,4.48,17.14
2013-08-20,17.62,17.30,18.09,17.05,100527,176320000,-0.09,-0.52,5.98,14.93
2013-08-21,17.19,17.63,17.68,17.07,70709,123040000,0.33,1.91,3.53,10.50
2013-08-22,17.50,17.00,17.68,16.92,76222,131950000,-0.63,-3.57,4.31,11.32
2013-08-23,17.19,17.80,18.00,16.89,102329,178690000,0.80,4.71,6.53,15.20
2013-08-26,17.62,17.83,18.37,17.60,82626,148550000,0.03,0.17,4.33,12.27
2013-08-27,17.75,18.69,19.13,17.33,104217,190950000,0.86,4.82,10.10,15.48
2013-08-28,18.45,17.97,18.72,17.95,80369,147580000,-0.72,-3.85,4.12,11.94
2013-08-29,18.00,18.23,18.45,17.71,54149,97780000,0.26,1.45,4.12,8.04
2013-08-30,18.18,16.61,18.23,16.58,74570,129090000,-1.62,-8.89,9.05,11.08
2013-09-02,16.61,16.74,16.89,16.28,39052,65000000,0.13,0.78,3.67,5.80
2013-09-03,16.72,17.05,17.18,16.70,33842,57500000,0.31,1.85,2.87,5.03
2013-09-04,17.00,16.67,17.14,16.41,32626,54710000,-0.38,-2.23,4.28,4.85
2013-09-05,16.60,16.83,17.10,16.51,38685,65280000,0.16,0.96,3.54,5.75
2013-09-06,16.77,16.80,16.95,16.50,33076,55450000,-0.03,-0.18,2.67,4.91
2013-09-09,16.82,16.96,16.97,16.54,43898,73420000,0.16,0.95,2.56,6.52
2013-09-10,16.90,16.76,16.98,16.62,35157,58970000,-0.20,-1.18,2.12,5.22
2013-09-11,16.70,15.85,16.76,15.68,57172,91720000,-0.91,-5.43,6.44,8.49
2013-09-12,15.84,15.87,16.13,15.75,25692,40940000,0.02,0.13,2.40,3.82
2013-09-13,15.88,16.04,16.13,15.70,24804,39570000,0.17,1.07,2.71,3.68
2013-09-16,16.00,16.23,16.41,15.97,31418,51040000,0.19,1.18,2.74,4.67
2013-09-17,16.22,15.70,16.30,15.69,26860,42830000,-0.53,-3.27,3.76,3.99
2013-09-18,15.65,16.10,16.18,15.64,19992,31870000,0.40,2.55,3.44,2.97
2013-09-23,16.14,16.79,16.96,16.14,43100,71470000,0.69,4.29,5.09,6.40
2013-09-24,16.80,16.86,17.11,16.63,38576,65180000,0.07,0.42,2.86,5.73
2013-09-25,16.86,16.97,17.21,16.60,36878,62530000,0.11,0.65,3.62,5.48
2013-09-26,16.86,17.06,17.63,16.82,43136,74580000,0.09,0.53,4.77,6.41
2013-09-27,17.07,17.15,17.48,17.01,27281,46950000,0.09,0.53,2.76,4.05
2013-09-30,17.25,17.89,17.95,17.25,49502,88020000,0.74,4.31,4.08,7.35
2013-10-08,17.75,17.96,18.18,17.47,50350,89570000,0.07,0.39,3.97,7.48
2013-10-09,17.80,17.85,18.23,17.65,40162,71670000,-0.11,-0.61,3.23,5.97
2013-10-10,17.90,17.34,18.05,17.25,47718,83980000,-0.51,-2.86,4.48,7.09
2013-10-11,17.49,18.14,18.93,17.49,75652,138500000,0.80,4.61,8.30,11.24
2013-10-14,18.01,18.30,18.42,17.72,49247,89230000,0.16,0.88,3.86,7.32
2013-10-15,18.10,17.53,18.11,17.25,62954,111130000,-0.77,-4.21,4.70,9.35
2013-10-16,17.50,16.90,17.64,16.72,43766,74620000,-0.63,-3.59,5.25,6.50
2013-10-17,17.10,17.09,17.42,16.91,28445,48830000,0.19,1.12,3.02,4.23
2013-10-18,17.25,17.65,17.88,17.11,36449,63950000,0.56,3.28,4.51,5.41
2013-10-21,17.60,18.11,18.29,17.60,43261,78290000,0.46,2.61,3.91,6.43
2013-10-22,18.16,17.72,18.49,17.50,48421,87030000,-0.39,-2.15,5.47,7.19
2013-10-23,17.70,17.30,17.80,16.89,35257,60970000,-0.42,-2.37,5.14,5.24
2013-10-24,17.37,17.78,17.78,17.11,31501,55030000,0.48,2.77,3.87,4.68
2013-10-25,17.54,16.82,17.67,16.80,42444,72780000,-0.96,-5.40,4.89,6.31
2013-10-28,16.82,16.42,16.94,16.35,30338,50350000,-0.40,-2.38,3.51,4.51
2013-10-29,16.67,15.33,16.67,14.88,42862,66630000,-1.09,-6.64,10.90,6.37
2013-10-30,15.48,15.80,15.90,15.15,26917,41940000,0.47,3.07,4.89,4.00
2013-10-31,15.80,15.76,16.07,15.61,26478,42070000,-0.04,-0.25,2.91,3.93
2013-11-01,15.70,15.71,15.87,15.26,13396,20890000,-0.05,-0.32,3.87,1.99
2013-11-04,15.65,15.85,16.08,15.65,15066,24030000,0.14,0.89,2.74,2.24
2013-11-05,15.79,16.14,16.20,15.59,16027,25720000,0.29,1.83,3.85,2.38
2013-11-06,16.13,16.10,16.55,15.96,28025,45440000,-0.04,-0.25,3.66,4.16
2013-11-07,16.02,15.69,16.37,15.66,21890,35190000,-0.41,-2.55,4.41,3.25
2013-11-08,15.65,15.37,15.80,15.36,14734,22930000,-0.32,-2.04,2.80,2.19
2013-11-11,15.43,16.22,16.37,15.35,25979,41510000,0.85,5.53,6.64,3.86
2013-11-12,16.22,16.61,16.96,16.15,42047,70050000,0.39,2.40,4.99,6.25
2013-11-13,16.52,16.56,17.16,16.48,36865,61970000,-0.05,-0.30,4.09,5.48
2013-11-14,16.47,17.73,18.18,16.47,72906,127990000,1.17,7.07,10.33,10.83
2013-11-15,17.75,18.15,18.66,17.75,91203,165730000,0.42,2.37,5.13,13.55
2013-11-18,18.33,18.20,18.68,17.94,76352,139750000,0.05,0.28,4.08,11.34
2013-11-19,18.00,18.87,19.87,17.95,113857,216980000,0.67,3.68,10.55,16.91
2013-11-20,18.65,18.78,19.35,18.51,68165,128310000,-0.09,-0.48,4.45,10.13
2013-11-21,18.71,19.00,19.18,18.32,66017,124200000,0.22,1.17,4.58,9.81
2013-11-22,19.07,18.45,19.33,18.45,56590,106170000,-0.55,-2.89,4.63,8.41
2013-11-25,18.40,18.88,19.29,18.32,57893,109500000,0.43,2.33,5.26,8.60
2013-11-26,18.88,19.18,19.72,18.81,68972,133040000,0.30,1.59,4.82,10.25
2013-11-27,19.24,19.76,20.24,19.08,79020,156430000,0.58,3.02,6.05,11.74
2013-11-28,19.70,20.10,20.20,19.50,80233,159280000,0.34,1.72,3.54,11.92
2013-11-29,20.05,20.59,21.00,19.98,80508,165220000,0.49,2.44,5.07,11.96
2013-12-02,19.00,18.53,19.40,18.53,61121,114960000,-2.06,-10.00,4.23,9.08
2013-12-03,17.59,17.74,18.05,16.71,82399,143970000,-0.79,-4.26,7.23,12.24
2013-12-04,17.42,17.40,18.25,17.40,60471,107930000,-0.34,-1.92,4.79,8.98
2013-12-05,17.40,17.47,17.85,17.15,39840,69640000,0.07,0.40,4.02,5.92
2013-12-06,17.40,17.52,17.73,17.17,28461,49750000,0.05,0.29,3.21,4.23
2013-12-09,17.56,18.08,18.13,17.56,30365,54410000,0.56,3.20,3.25,4.51
2013-12-10,18.15,17.82,18.16,17.65,28446,50700000,-0.26,-1.44,2.82,4.23
2013-12-11,17.71,17.92,18.08,17.47,30437,54320000,0.10,0.56,3.42,4.52
2013-12-12,17.79,18.13,18.38,17.72,38108,69000000,0.21,1.17,3.68,5.66
2013-12-13,18.02,18.17,18.45,17.92,31707,57840000,0.04,0.22,2.92,4.71
2013-12-16,18.23,18.03,18.45,17.90,31505,57280000,-0.14,-0.77,3.03,4.68
2013-12-17,18.10,17.78,18.16,17.58,22862,40740000,-0.25,-1.39,3.22,3.40
2013-12-18,17.56,17.09,17.72,17.00,37130,64080000,-0.69,-3.88,4.05,5.52
2013-12-19,17.11,17.13,17.46,17.09,19275,33310000,0.04,0.23,2.17,2.86
2013-12-20,17.13,17.25,17.37,17.10,17395,29970000,0.12,0.70,1.58,2.58
2013-12-23,17.22,16.70,17.22,16.20,24550,40790000,-0.55,-3.19,5.91,3.65
2013-12-24,16.70,17.20,17.35,16.70,23259,39780000,0.50,2.99,3.89,3.46
2013-12-25,17.30,18.21,18.46,17.30,49199,88650000,1.01,5.87,6.74,6.50
2013-12-26,18.16,18.19,18.72,18.06,54455,100260000,-0.02,-0.11,3.62,7.19
2013-12-27,18.16,18.92,18.98,18.15,47350,88880000,0.73,4.01,4.56,6.25
2013-12-30,18.84,18.89,19.30,18.70,38286,72640000,-0.03,-0.16,3.17,5.06
2013-12-31,18.87,18.41,18.95,18.13,35521,65590000,-0.48,-2.54,4.34,4.69
2014-01-02,18.25,19.42,19.47,18.18,49733,94970000,1.01,5.49,7.01,6.57
2014-01-03,19.26,19.14,19.63,18.95,46448,89400000,-0.28,-1.44,3.50,6.13
2014-01-06,19.09,18.23,19.14,18.11,37650,69800000,-0.91,-4.75,5.38,4.97
2014-01-07,18.20,18.88,18.90,18.00,36619,67890000,0.65,3.57,4.94,4.84
2014-01-08,18.96,19.42,19.75,18.88,59515,115600000,0.54,2.86,4.61,7.86
2014-01-09,19.36,18.47,19.50,18.46,49386,93990000,-0.95,-4.89,5.36,6.52
2014-01-10,18.42,19.10,20.00,18.20,61854,119190000,0.63,3.41,9.75,8.17
2014-01-13,19.15,19.96,20.20,19.14,80764,160250000,0.86,4.50,5.55,10.67
2014-01-14,19.88,20.30,20.38,19.52,62013,123690000,0.34,1.70,4.31,8.19
2014-01-15,20.13,20.23,20.24,19.76,54137,108030000,-0.07,-0.34,2.36,7.15
2014-01-16,20.10,19.83,20.59,19.64,52692,105470000,-0.40,-1.98,4.70,6.96
2014-01-17,19.65,19.73,20.37,19.54,41178,82410000,-0.10,-0.50,4.19,5.44
2014-01-20,19.72,19.24,19.84,18.93,36846,71350000,-0.49,-2.48,4.61,4.87
2014-01-21,19.24,20.10,20.11,19.18,45363,89100000,0.86,4.47,4.83,5.99
2014-01-22,19.99,20.22,20.46,19.73,58003,116830000,0.12,0.60,3.63,7.66
2014-01-23,20.22,20.70,21.03,20.01,72611,150120000,0.48,2.37,5.04,9.59
2014-01-24,20.70,20.72,21.13,20.50,56381,117340000,0.02,0.10,3.04,7.45
2014-01-27,20.80,20.71,21.67,20.62,63283,134000000,-0.01,-0.05,5.07,8.36
2014-01-28,20.00,19.79,20.47,19.26,64325,127420000,-0.92,-4.44,5.84,8.50
2014-01-29,19.75,20.22,20.39,19.53,41606,83050000,0.43,2.17,4.35,5.50
2014-01-30,20.18,19.83,20.68,19.75,35780,72310000,-0.39,-1.93,4.60,4.73
2014-02-07,19.70,20.89,20.98,19.42,46168,94210000,1.06,5.35,7.87,6.10
2014-02-10,20.91,21.58,21.85,20.81,62543,133190000,0.69,3.30,4.98,8.26
2014-02-11,21.40,22.20,22.20,20.84,69078,148200000,0.62,2.87,6.30,9.12
2014-02-12,22.08,22.20,22.98,21.79,60850,136110000,0.00,0.00,5.36,8.04
2014-02-13,22.19,21.77,22.48,21.43,44697,97860000,-0.43,-1.94,4.73,5.90
2014-02-14,22.22,22.84,23.23,22.01,66947,152050000,1.07,4.92,5.60,8.84
2014-02-17,22.89,23.30,23.72,22.50,56399,130940000,0.46,2.01,5.34,7.45
2014-02-18,23.49,23.03,23.49,22.81,38565,88930000,-0.27,-1.16,2.92,5.09
2014-02-19,23.03,22.80,23.25,22.25,39334,89120000,-0.23,-1.00,4.34,5.20
2014-02-20,22.85,21.65,23.07,21.65,41495,91450000,-1.15,-5.04,6.23,5.48
2014-02-21,21.70,21.90,22.10,21.33,31448,68320000,0.25,1.15,3.56,4.15
2014-02-24,21.82,22.32,22.53,21.76,32773,72680000,0.42,1.92,3.52,4.33
2014-02-25,22.70,20.30,23.38,20.11,74000,162580000,-2.02,-9.05,14.65,9.77
2014-02-26,20.28,20.55,20.66,19.61,36782,74350000,0.25,1.23,5.17,4.86
2014-02-27,20.66,21.90,22.22,20.50,73518,157280000,1.35,6.57,8.37,9.71
2014-02-28,22.55,22.05,22.80,21.41,70984,156300000,0.15,0.68,6.35,9.38
2014-03-03,22.01,22.72,22.97,21.70,73832,165440000,0.67,3.04,5.76,9.75
2014-03-04,22.90,22.68,22.90,22.00,51104,114810000,-0.04,-0.18,3.96,6.75
2014-03-05,22.62,22.68,23.22,22.42,44483,101470000,0.00,0.00,3.53,5.88
2014-03-06,23.88,22.70,23.88,22.60,42663,98800000,0.02,0.09,5.64,5.63
2014-03-07,22.75,22.11,22.97,21.92,38934,86850000,-0.59,-2.60,4.63,5.14
2014-03-10,22.39,22.42,23.08,21.93,72418,163380000,0.31,1.40,5.20,9.56
2014-03-11,22.50,21.09,22.70,20.89,42042,90500000,-1.33,-5.93,8.07,5.55
2014-03-12,21.25,20.93,21.32,20.21,25854,53610000,-0.16,-0.76,5.26,3.41
2014-03-13,20.90,21.50,21.50,20.55,17723,37520000,0.57,2.72,4.54,2.34
2014-03-14,21.20,21.44,21.47,20.78,14093,29870000,-0.06,-0.28,3.21,1.86
2014-03-17,21.50,23.00,23.28,21.32,62742,141010000,1.56,7.28,9.14,8.29
2014-03-18,23.00,22.96,24.15,22.80,81502,189700000,-0.04,-0.17,5.87,10.76
2014-03-19,23.00,23.00,23.49,22.56,29350,67780000,0.04,0.17,4.05,3.88
2014-03-20,22.98,22.39,24.09,22.39,60451,140860000,-0.61,-2.65,7.39,7.98
2014-03-21,22.55,22.58,22.90,21.30,32107,70770000,0.19,0.85,7.15,4.24
2014-03-24,22.41,23.33,23.53,21.75,41323,93970000,0.75,3.32,7.88,5.46
2014-03-25,23.33,23.57,24.50,23.07,51397,122100000,0.24,1.03,6.13,6.79
2014-03-26,23.82,21.21,24.11,21.21,170077,371940000,-2.36,-10.01,12.30,22.46
2014-03-27,20.77,19.54,20.77,19.50,72794,146650000,-1.67,-7.87,5.99,9.61
2014-03-28,19.10,19.35,19.55,19.00,36293,69820000,-0.19,-0.97,2.81,4.79
2014-03-31,19.34,19.03,19.45,18.51,28001,53000000,-0.32,-1.65,4.86,3.70
2014-04-01,18.95,19.18,19.25,18.88,22299,42580000,0.15,0.79,1.94,2.95
2014-04-02,19.20,18.54,19.22,18.21,33894,62990000,-0.64,-3.34,5.27,4.48
2014-04-03,18.48,18.58,18.80,18.29,19086,35430000,0.04,0.22,2.75,2.52
2014-04-04,18.45,18.66,18.74,18.33,14858,27650000,0.08,0.43,2.21,1.96
2014-04-08,18.50,18.53,18.64,18.25,22274,41050000,-0.13,-0.70,2.09,2.94
2014-04-09,18.50,18.84,19.43,18.50,48297,91550000,0.31,1.67,5.02,6.38
2014-04-10,18.85,18.93,19.15,18.71,31136,59060000,0.09,0.48,2.34,4.11
2014-04-11,18.70,18.31,18.70,18.29,29434,54300000,-0.62,-3.28,2.17,3.89
2014-04-14,18.31,18.45,18.55,18.31,17038,31380000,0.14,0.76,1.31,2.25
2014-04-15,18.44,18.54,18.78,18.44,16366,30460000,0.09,0.49,1.84,2.16
2014-04-16,18.64,18.22,18.64,18.06,20852,38100000,-0.32,-1.73,3.13,2.75
2014-04-17,18.20,18.31,18.39,18.20,12347,22610000,0.09,0.49,1.04,1.63
2014-04-18,18.17,18.38,18.47,18.11,14547,26670000,0.07,0.38,1.97,1.92
2014-04-21,18.21,17.90,18.49,17.80,19310,35260000,-0.48,-2.61,3.75,2.55
2014-04-22,18.10,17.38,18.10,17.12,24005,42070000,-0.52,-2.91,5.47,3.17
2014-04-23,17.50,17.30,17.65,17.19,12547,21810000,-0.08,-0.46,2.65,1.66
2014-04-24,17.29,17.20,17.53,17.19,17728,30750000,-0.10,-0.58,1.97,2.34
2014-04-25,17.23,17.17,17.47,17.15,18398,31810000,-0.03,-0.17,1.86,2.43
2014-04-28,17.01,16.05,17.06,16.03,25887,42700000,-1.12,-6.52,6.00,3.42
2014-04-29,16.09,16.21,16.56,15.70,23639,38440000,0.16,1.00,5.36,3.12
2014-04-30,16.36,16.81,16.86,16.27,22153,36850000,0.60,3.70,3.64,2.93
2014-05-05,16.62,17.08,17.08,16.62,12201,20620000,0.27,1.61,2.74,1.61
2014-05-06,17.09,17.22,17.47,17.00,13102,22660000,0.14,0.82,2.75,1.73
2014-05-07,17.11,16.76,17.25,16.70,9723,16550000,-0.46,-2.67,3.19,1.28
2014-05-08,16.70,17.01,17.36,16.67,12939,22120000,0.25,1.49,4.12,1.71
2014-05-09,17.48,17.27,17.76,17.07,19566,34190000,0.26,1.53,4.06,2.58
2014-05-12,17.27,17.57,17.74,17.11,15097,26380000,0.30,1.74,3.65,1.99
2014-05-13,17.67,17.59,17.75,17.36,12447,21880000,0.02,0.11,2.22,1.64
2014-05-14,17.51,17.42,17.57,17.37,7595,13250000,-0.17,-0.97,1.14,1.00
2014-05-15,17.39,16.82,17.54,16.80,10714,18350000,-0.60,-3.44,4.25,1.42
2014-05-16,16.83,17.02,17.15,16.72,10294,17380000,0.20,1.19,2.56,1.36
2014-05-19,16.95,17.07,17.27,16.92,9461,16150000,0.05,0.29,2.06,1.25
2014-05-20,17.22,17.29,17.59,17.12,10628,18470000,0.22,1.29,2.75,1.40
2014-05-21,17.17,17.50,17.50,17.11,9888,17180000,0.21,1.21,2.26,1.31
2014-05-22,17.55,17.48,17.84,17.45,15270,27020000,-0.02,-0.11,2.23,2.02
2014-05-23,17.35,17.73,17.73,17.21,14697,25680000,0.45,2.60,3.01,1.94
2014-05-26,17.73,17.96,17.96,17.60,18445,32870000,0.23,1.30,2.03,2.44
2014-05-27,18.01,17.90,18.08,17.79,12756,22880000,-0.06,-0.33,1.61,1.68
2014-05-28,17.89,18.47,18.66,17.84,38729,71230000,0.57,3.18,4.58,5.12
2014-05-29,18.40,18.26,18.56,18.17,24933,45620000,-0.21,-1.14,2.11,3.29
2014-05-30,18.16,18.38,18.58,18.16,18521,34050000,0.12,0.66,2.30,2.45
2014-06-03,18.37,18.15,18.47,18.08,13275,24220000,-0.23,-1.25,2.12,1.75
2014-06-04,18.10,17.91,18.27,17.55,16193,28900000,-0.24,-1.32,3.97,2.14
2014-06-05,17.90,18.38,18.38,17.73,14118,25700000,0.47,2.62,3.63,1.86
2014-06-06,18.42,18.25,18.56,18.15,14134,25960000,-0.13,-0.71,2.23,1.87
2014-06-09,18.10,17.93,18.37,17.88,11520,20800000,-0.32,-1.75,2.68,1.52
2014-06-10,18.09,18.37,18.38,17.83,17098,31160000,0.44,2.45,3.07,2.26
2014-06-11,18.38,18.74,18.85,18.21,33236,61880000,0.37,2.01,3.48,4.39
2014-06-12,18.70,18.74,18.87,18.41,20808,38840000,0.00,0.00,2.45,2.75
2014-06-13,18.67,19.00,19.10,18.52,23407,44320000,0.26,1.39,3.10,3.09
2014-06-16,19.09,19.45,19.55,18.90,31451,60470000,0.45,2.37,3.42,4.15
2014-06-17,19.30,19.28,19.50,19.18,20618,39890000,-0.17,-0.87,1.65,2.72
2014-06-18,19.53,18.99,19.90,18.80,27738,53890000,-0.29,-1.50,5.71,3.66
2014-06-19,18.91,18.41,19.27,18.16,23953,44730000,-0.58,-3.05,5.85,3.16
2014-06-20,18.40,19.30,19.35,18.36,25859,49270000,0.89,4.83,5.38,3.42
2014-06-23,20.10,21.23,21.23,20.10,20945,44260000,1.93,10.00,5.85,2.77
2014-06-24,23.35,23.35,23.35,22.59,214546,498340000,2.12,9.99,3.58,28.34
2014-06-25,23.56,23.46,24.17,23.05,156788,369970000,0.11,0.47,4.80,19.33
2014-06-26,24.10,23.56,24.38,23.03,174358,412890000,0.10,0.43,5.75,21.50
2014-06-27,23.80,25.30,25.92,23.80,232113,589090000,1.74,7.39,9.00,28.62
2014-06-30,25.08,27.83,27.83,25.07,125682,333460000,2.53,10.00,10.91,15.50
2014-07-01,29.50,28.06,30.04,27.13,184637,524440000,0.23,0.83,10.46,22.76
2014-07-02,28.22,28.65,29.33,27.43,137151,389270000,0.59,2.10,6.77,16.91
2014-07-03,28.50,26.46,29.06,26.31,164976,453030000,-2.19,-7.64,9.60,20.34
2014-07-04,26.60,27.50,29.11,26.58,210776,589030000,1.04,3.93,9.56,25.99
2014-07-07,27.20,27.96,28.28,26.36,127635,349740000,0.46,1.67,6.98,15.74
2014-07-08,27.83,29.53,29.60,27.32,160014,458250000,1.57,5.62,8.15,19.73
2014-07-09,29.00,27.27,29.30,27.01,156453,441740000,-2.26,-7.65,7.75,19.29
2014-07-10,27.00,26.01,27.59,25.90,115726,307710000,-1.26,-4.62,6.20,14.27
2014-07-11,26.13,26.15,26.48,25.62,75616,197340000,0.14,0.54,3.31,9.32
2014-07-14,26.25,25.83,26.33,25.20,64059,164370000,-0.32,-1.22,4.32,7.90
2014-07-15,25.78,25.32,25.94,24.79,71097,179820000,-0.51,-1.97,4.45,8.77
2014-07-16,25.27,25.49,25.88,24.93,54522,138850000,0.17,0.67,3.75,6.72
2014-07-17,25.42,24.41,25.84,24.20,70645,175930000,-1.08,-4.24,6.43,8.71
2014-07-18,24.52,24.43,24.78,24.01,43997,107350000,0.02,0.08,3.15,5.42
2014-07-21,24.45,24.49,24.73,23.78,45724,110820000,0.06,0.25,3.89,5.64
2014-07-22,24.30,24.57,24.75,24.20,45841,112560000,0.08,0.33,2.25,5.65
2014-07-23,24.46,22.70,24.78,22.56,75759,178410000,-1.87,-7.61,9.04,9.34
2014-07-24,22.46,22.70,22.78,21.92,47834,107190000,0.00,0.00,3.79,5.90
2014-07-25,22.87,22.65,22.87,22.18,32755,73910000,-0.05,-0.22,3.04,4.04
2014-07-28,22.62,23.16,23.29,22.48,47249,108470000,0.51,2.25,3.58,5.83
2014-07-29,23.17,23.10,23.62,23.01,50825,118250000,-0.06,-0.26,2.63,6.27
2014-07-30,23.11,23.59,23.83,22.68,69644,162450000,0.49,2.12,4.98,8.59
2014-07-31,23.43,23.45,23.70,23.14,40453,94420000,-0.14,-0.59,2.37,4.99
2014-08-01,23.15,22.78,23.66,22.75,44905,104140000,-0.67,-2.86,3.88,5.54
2014-08-04,22.77,22.99,23.09,22.61,29130,66680000,0.21,0.92,2.11,3.59
2014-08-05,23.03,23.74,23.94,22.83,67536,159340000,0.75,3.26,4.83,8.33
2014-08-06,23.66,23.66,23.82,23.31,42432,99770000,-0.08,-0.34,2.15,5.23
2014-08-07,23.58,23.27,23.81,23.25,38441,90190000,-0.39,-1.65,2.37,4.74
2014-08-08,23.35,23.58,23.75,23.32,30258,71280000,0.31,1.33,1.85,3.73
2014-08-11,23.56,24.00,24.15,23.42,40000,95540000,0.42,1.78,3.10,4.93
2014-08-12,24.04,24.63,24.69,23.96,62810,153650000,0.63,2.63,3.04,7.74
2014-08-13,24.50,24.08,24.54,23.72,42177,101690000,-0.55,-2.23,3.33,5.20
2014-08-14,24.13,23.80,24.40,23.80,35296,85120000,-0.28,-1.16,2.49,4.35
2014-08-15,23.81,24.08,24.17,23.77,26655,63860000,0.28,1.18,1.68,3.29
2014-08-18,24.10,24.65,24.65,23.95,46242,112680000,0.57,2.37,2.91,5.70
2014-08-19,24.70,24.39,24.78,24.15,39759,97220000,-0.26,-1.05,2.56,4.90
2014-08-20,24.30,24.39,24.59,24.08,31925,77770000,0.00,0.00,2.09,3.94
2014-08-21,24.39,24.31,24.47,24.05,23681,57450000,-0.08,-0.33,1.72,2.92
2014-08-22,24.40,24.91,24.98,24.32,55491,137290000,0.60,2.47,2.71,6.84
2014-08-25,24.91,24.45,24.91,24.37,33437,82080000,-0.46,-1.85,2.17,4.12
2014-08-26,24.40,23.36,24.56,23.29,42847,101700000,-1.09,-4.46,5.19,5.28
2014-08-27,23.30,23.25,23.59,22.95,32400,75360000,-0.11,-0.47,2.74,3.99
2014-08-28,23.10,22.70,23.19,22.39,29516,67290000,-0.55,-2.37,3.44,3.64
2014-08-29,22.69,22.97,23.02,22.49,22284,50760000,0.27,1.19,2.33,2.75
2014-09-01,22.80,23.50,23.69,22.80,29829,69930000,0.53,2.31,3.87,3.68
2014-09-02,23.77,25.85,25.85,23.56,130667,328990000,2.35,10.00,9.74,16.11
2014-09-03,26.02,26.16,26.30,25.45,137489,356360000,0.31,1.20,3.29,16.95
2014-09-04,26.16,26.08,26.36,25.68,72213,187860000,-0.08,-0.31,2.60,8.90
2014-09-05,26.23,25.83,26.30,25.55,46553,120120000,-0.25,-0.96,2.88,5.74
2014-09-09,25.80,25.49,25.80,25.12,38114,96850000,-0.34,-1.32,2.63,4.70
2014-09-10,25.47,25.87,26.25,25.30,47569,123420000,0.38,1.49,3.73,5.86
2014-09-11,25.79,25.51,26.19,25.26,48450,124820000,-0.36,-1.39,3.59,5.97
2014-09-12,25.49,26.07,26.14,25.35,47278,122610000,0.56,2.20,3.10,5.83
2014-09-15,26.19,26.20,27.12,26.09,57639,152640000,0.13,0.50,3.95,7.11
2014-09-16,26.28,24.95,26.49,24.88,47572,121730000,-1.25,-4.77,6.15,5.87
2014-09-17,24.94,25.09,25.19,24.57,26139,64970000,0.14,0.56,2.49,3.22
2014-09-18,24.95,24.90,25.05,24.68,23284,57820000,-0.19,-0.76,1.47,2.87
2014-09-19,25.05,25.37,25.42,24.86,24148,60730000,0.47,1.89,2.25,2.98
2014-09-22,25.20,24.53,25.20,24.48,26348,65350000,-0.84,-3.31,2.84,3.25
2014-09-23,24.65,24.81,24.95,24.42,24830,61250000,0.28,1.14,2.16,3.06
2014-09-24,24.77,25.39,25.39,24.61,29238,73540000,0.58,2.34,3.14,3.60
2014-09-25,25.55,25.53,26.11,25.29,45283,116690000,0.14,0.55,3.23,5.58
2014-09-26,25.52,25.71,25.88,25.38,29325,75150000,0.18,0.71,1.96,3.62
2014-09-29,26.08,26.39,26.57,25.68,48676,127330000,0.68,2.64,3.46,6.00
2014-09-30,26.63,26.60,26.98,26.38,52761,140780000,0.21,0.80,2.27,6.50
2014-10-08,26.74,26.63,26.98,26.50,36290,96780000,0.03,0.11,1.80,4.47
2014-10-09,26.59,26.23,26.59,25.89,45942,120560000,-0.40,-1.50,2.63,5.66
2014-10-10,26.29,26.09,26.47,26.00,26685,70070000,-0.14,-0.53,1.79,3.29
2014-10-13,26.07,25.83,26.09,25.30,27826,71250000,-0.26,-1.00,3.03,3.43
2014-10-14,25.83,26.05,26.49,25.67,33763,88190000,0.22,0.85,3.17,4.16
2014-10-15,26.02,26.00,26.06,25.60,22187,57340000,-0.05,-0.19,1.77,2.74
2014-10-16,26.05,26.13,26.61,25.71,42998,113420000,0.13,0.50,3.46,5.30
2014-10-17,26.20,25.10,26.25,24.56,54333,136410000,-1.03,-3.94,6.47,6.70
2014-10-20,24.99,25.35,25.35,24.75,26489,66570000,0.25,1.00,2.39,3.27
2014-10-21,25.19,25.30,25.47,25.00,19740,49730000,-0.05,-0.20,1.85,2.43
2014-10-22,25.20,25.29,25.95,25.15,35863,91820000,-0.01,-0.04,3.16,4.42
2014-10-23,25.45,24.49,25.48,24.20,31601,77990000,-0.80,-3.16,5.06,3.90
2014-10-24,24.40,24.69,24.85,24.22,17306,42610000,0.20,0.82,2.57,2.13
2014-10-27,24.50,25.13,25.24,24.35,19606,49120000,0.44,1.78,3.60,2.42
2014-10-28,25.20,26.12,26.15,25.20,45551,117750000,0.99,3.94,3.78,5.62
2014-10-29,26.10,26.13,26.42,25.92,44454,116150000,0.01,0.04,1.91,5.48
2014-10-30,26.15,25.97,26.42,25.89,34490,90170000,-0.16,-0.61,2.03,4.25
2014-10-31,26.00,25.73,26.12,25.30,32496,83240000,-0.24,-0.92,3.16,4.01
2014-11-03,25.78,26.96,27.14,25.48,74446,196760000,1.23,4.78,6.45,9.18
2014-11-04,26.86,26.96,27.48,26.55,63827,172370000,0.00,0.00,3.45,7.87
2014-11-05,26.80,27.25,27.47,26.50,41929,113820000,0.29,1.08,3.60,5.17
2014-11-06,27.15,28.70,28.93,27.09,82833,234710000,1.45,5.32,6.75,10.21
2014-11-07,28.70,28.15,29.22,27.77,51712,147120000,-0.55,-1.92,5.05,6.38
2014-11-10,28.28,28.85,29.59,28.07,53204,154010000,0.70,2.49,5.40,6.56
2014-11-11,28.50,27.01,28.90,26.70,65792,181460000,-1.84,-6.38,7.63,8.11
2014-11-12,27.00,27.68,27.68,26.77,48441,131920000,0.67,2.48,3.37,5.97
2014-11-13,27.38,26.71,27.38,26.70,38732,104390000,-0.97,-3.50,2.46,4.78
2014-11-14,26.51,26.25,26.58,25.73,35421,92250000,-0.46,-1.72,3.18,4.37
2014-11-17,26.10,27.10,27.45,25.82,37610,100810000,0.85,3.24,6.21,4.64
2014-11-18,27.21,27.85,28.04,26.81,45161,124560000,0.75,2.77,4.54,5.57
2014-11-19,27.87,28.15,28.44,27.37,39886,111490000,0.30,1.08,3.84,4.92
2014-11-20,27.90,28.15,28.40,27.33,34584,96160000,0.00,0.00,3.80,4.26
2014-11-21,28.51,30.97,30.97,28.51,32146,98000000,2.82,10.02,8.74,3.96
2014-11-24,33.50,32.97,33.50,31.55,121446,395840000,2.00,6.46,6.30,14.97
2014-11-25,32.57,32.96,34.53,32.30,77890,260430000,-0.01,-0.03,6.76,9.60
2014-11-26,32.97,34.05,34.50,32.97,70132,237660000,1.09,3.31,4.64,8.65
2014-11-27,34.22,33.04,34.70,32.50,56536,189250000,-1.01,-2.97,6.46,6.97
2014-11-28,33.05,32.47,33.64,31.89,64505,210480000,-0.57,-1.73,5.30,7.95
2014-12-01,32.58,35.72,35.72,32.58,109246,377800000,3.25,10.01,9.67,13.47
2014-12-02,35.89,36.66,37.55,35.88,117291,430250000,0.94,2.63,4.68,14.46
2014-12-03,36.68,35.95,36.68,34.71,78933,281910000,-0.71,-1.94,5.37,9.73
2014-12-04,35.98,37.07,38.29,35.95,79023,293680000,1.12,3.12,6.51,9.74
2014-12-05,37.05,37.28,38.13,35.20,64512,235840000,0.21,0.57,7.90,7.95
2014-12-08,36.50,33.55,36.70,33.55,100174,347360000,-3.73,-10.01,8.45,12.35
2014-12-09,32.50,30.20,33.00,30.20,86455,268980000,-3.35,-9.99,8.35,10.66
2014-12-10,30.20,30.52,31.53,29.21,42921,131810000,0.32,1.06,7.68,5.29
2014-12-11,30.00,29.53,30.81,28.88,73877,217440000,-0.99,-3.24,6.32,9.11
2014-12-12,29.69,31.05,31.47,29.55,52282,159420000,1.52,5.15,6.50,6.45
2014-12-15,31.00,32.07,32.48,30.71,62147,198310000,1.02,3.29,5.70,7.66
2014-12-16,32.07,30.95,32.26,30.93,38801,121400000,-1.12,-3.49,4.15,4.78
2014-12-17,30.94,30.11,30.95,29.80,32676,98520000,-0.84,-2.71,3.72,4.03
2014-12-18,30.10,30.19,31.16,29.50,37582,114700000,0.08,0.27,5.51,4.63
2014-12-19,29.95,28.88,30.30,28.50,35811,104490000,-1.31,-4.34,5.96,4.42
2014-12-22,28.43,25.99,28.43,25.99,52607,138830000,-2.89,-10.01,8.45,6.49
2014-12-23,26.27,26.44,26.97,25.51,25923,68220000,0.45,1.73,5.62,3.20
2014-12-24,26.50,27.69,27.69,26.50,33289,90280000,1.25,4.73,4.50,4.10
2014-12-25,27.72,27.78,28.10,27.14,29982,82780000,0.09,0.33,3.47,3.70
2014-12-26,27.59,27.22,27.78,27.01,20741,56680000,-0.56,-2.02,2.77,2.56
2014-12-29,27.10,26.13,27.24,25.55,23611,61620000,-1.09,-4.00,6.21,2.91
2014-12-30,25.91,25.73,26.38,25.48,21911,56370000,-0.40,-1.53,3.44,2.70
2014-12-31,25.98,26.30,26.50,25.80,17298,45260000,0.57,2.22,2.72,2.13
2015-01-05,26.48,25.33,26.48,24.90,27554,69830000,-0.97,-3.69,6.01,3.40
2015-01-06,25.30,26.77,26.80,24.98,41830,108430000,1.44,5.69,7.19,5.16
2015-01-07,26.48,26.35,26.67,25.71,26592,69450000,-0.42,-1.57,3.59,3.28
2015-01-08,26.20,26.58,27.13,26.00,36082,96360000,0.23,0.87,4.29,4.45
2015-01-09,26.50,26.27,27.30,26.18,30306,80960000,-0.31,-1.17,4.21,3.74
2015-01-12,26.01,24.99,26.29,24.90,31123,78960000,-1.28,-4.87,5.29,3.84
2015-01-13,25.00,26.33,26.64,24.50,38002,97360000,1.34,5.36,8.56,4.69
2015-01-14,26.30,25.81,26.35,25.71,22246,57650000,-0.52,-1.97,2.43,2.74
2015-01-15,25.97,26.30,26.97,25.77,27553,72930000,0.49,1.90,4.65,3.40
2015-01-16,26.24,27.80,28.30,26.23,45068,123710000,1.50,5.70,7.87,5.56
2015-01-19,27.10,28.56,29.60,26.93,70354,201910000,0.76,2.73,9.60,8.67
2015-01-20,28.56,31.09,31.12,28.56,58692,175640000,2.53,8.86,8.96,7.24
2015-01-21,30.80,31.03,31.58,30.15,48900,151530000,-0.06,-0.19,4.60,6.03
2015-01-22,30.88,31.37,31.99,30.50,29763,93920000,0.34,1.10,4.80,3.67
2015-01-23,31.44,30.62,31.85,30.30,28987,89820000,-0.75,-2.39,4.94,3.57
2015-01-26,30.98,30.77,31.27,30.70,22755,70410000,0.15,0.49,1.86,2.81
2015-01-27,30.49,32.30,32.53,30.48,31412,99880000,1.53,4.97,6.66,3.87
2015-01-28,32.40,32.51,33.98,32.10,35130,115900000,0.21,0.65,5.82,4.33
2015-01-29,32.20,32.50,33.17,31.98,20326,66250000,-0.01,-0.03,3.66,2.51
2015-01-30,32.30,29.36,32.30,29.25,53397,161500000,-3.14,-9.66,9.38,6.58
2015-02-02,29.01,30.67,30.70,28.66,23616,71060000,1.31,4.46,6.95,2.91
2015-02-03,30.72,32.83,33.00,30.38,24561,79210000,2.16,7.04,8.54,3.03
2015-02-04,32.65,32.80,33.80,32.50,20849,69310000,-0.03,-0.09,3.96,2.57
2015-02-05,32.90,34.90,35.00,32.50,29882,102020000,2.10,6.40,7.62,3.68
2015-02-06,34.80,34.47,35.69,33.88,27677,95640000,-0.43,-1.23,5.19,3.41
2015-02-09,34.00,32.90,35.09,32.52,15624,53220000,-1.57,-4.55,7.46,1.93
2015-02-10,32.68,33.40,33.44,32.00,16603,54310000,0.50,1.52,4.38,2.05
2015-02-11,33.00,35.18,35.52,33.00,20364,70680000,1.78,5.33,7.54,2.51
2015-02-12,34.98,34.90,35.48,34.30,11391,39870000,-0.28,-0.80,3.35,1.40
2015-02-13,34.90,35.89,36.20,34.58,18482,65050000,0.99,2.84,4.64,2.28
2015-02-16,36.00,36.35,36.59,35.53,13441,48680000,0.46,1.28,2.95,1.66
2015-02-17,37.10,38.05,38.80,37.10,26079,99110000,1.70,4.68,4.68,3.22
2015-02-25,39.10,41.86,41.86,39.00,15497,64040000,3.81,10.01,7.52,1.91
2015-02-26,43.90,42.68,44.12,41.87,38434,163910000,0.82,1.96,5.38,4.74
2015-02-27,42.10,46.50,46.79,41.53,31888,141650000,3.82,8.95,12.32,3.93
2015-03-02,46.08,46.30,48.46,45.15,27658,129180000,-0.20,-0.43,7.12,3.41
2015-03-03,45.79,45.63,47.80,44.90,25907,119160000,-0.67,-1.45,6.26,3.19
2015-03-04,45.22,44.70,46.33,43.90,22322,100100000,-0.93,-2.04,5.33,2.75
2015-03-05,44.70,47.00,47.27,43.40,22510,102200000,2.30,5.15,8.66,2.78
2015-03-06,46.51,46.10,47.49,44.90,21560,99670000,-0.90,-1.91,5.51,2.66
2015-03-09,45.10,46.27,47.60,44.70,13515,62350000,0.17,0.37,6.29,1.67
2015-03-10,46.27,48.10,48.27,45.02,17211,81100000,1.83,3.96,7.02,2.12
2015-03-11,47.50,45.17,48.00,44.90,20049,93150000,-2.93,-6.09,6.44,2.47
2015-03-12,44.65,46.00,47.46,44.58,20909,96340000,0.83,1.84,6.38,2.58
2015-03-13,45.99,46.00,46.46,45.40,16693,76770000,0.00,0.00,2.30,2.06
2015-03-16,46.00,47.41,48.49,45.93,18850,89240000,1.41,3.07,5.57,2.32
2015-03-17,47.41,49.49,50.00,46.50,22514,109170000,2.08,4.39,7.38,2.78
2015-03-18,49.00,48.97,49.89,47.60,21340,103800000,-0.52,-1.05,4.63,2.63
2015-03-19,48.90,47.97,49.44,47.30,14230,68470000,-1.00,-2.04,4.37,1.75
2015-03-20,47.71,48.72,49.87,47.53,13021,63520000,0.75,1.56,4.88,1.61
2015-03-23,48.66,53.59,53.59,47.56,34186,172390000,4.87,10.00,12.38,4.21
2015-03-24,53.76,58.95,58.95,53.76,51874,300590000,5.36,10.00,9.68,6.40
2015-03-25,61.28,58.90,61.58,56.01,46248,270040000,-0.05,-0.08,9.45,5.70
2015-03-26,58.00,53.01,58.59,53.01,36152,198160000,-5.89,-10.00,9.47,4.46
2015-03-27,52.40,55.10,55.96,49.50,46283,239560000,2.09,3.94,12.19,5.71
2015-03-30,52.90,51.77,54.60,51.00,25442,134550000,-3.33,-6.04,6.53,3.14
2015-03-31,51.66,53.79,55.00,50.61,27740,149410000,2.02,3.90,8.48,3.42
2015-04-01,53.60,53.88,55.60,52.86,17251,92910000,0.09,0.17,5.09,2.13
2015-04-02,53.43,54.88,55.75,53.43,19911,108550000,1.00,1.86,4.31,2.45
2015-04-03,54.76,53.37,54.76,53.00,20625,110840000,-1.51,-2.75,3.21,2.54
2015-04-07,53.30,53.78,54.53,53.00,24309,130820000,0.41,0.77,2.87,3.00
2015-04-08,53.79,58.02,59.16,53.78,44551,255410000,4.24,7.88,10.00,5.49
2015-04-09,57.50,55.52,57.78,53.00,23169,127900000,-2.50,-4.31,8.24,2.86
2015-04-10,54.90,59.20,60.55,54.90,19312,113670000,3.68,6.63,10.18,2.38
2015-04-13,58.98,63.45,64.78,57.00,17669,108920000,4.25,7.18,13.14,2.18
2015-04-14,62.18,61.79,64.48,61.00,12945,80770000,-1.66,-2.62,5.48,1.60
2015-04-15,61.79,57.10,62.90,56.00,15731,91880000,-4.69,-7.59,11.17,1.94
2015-04-16,55.63,57.25,59.83,55.55,8796,51090000,0.15,0.26,7.50,1.08
2015-04-17,58.39,56.85,58.73,54.52,12754,72410000,-0.40,-0.70,7.35,1.57
2015-04-20,56.80,52.50,58.27,51.50,18889,102530000,-4.35,-7.65,11.91,2.33
2015-04-21,52.53,54.96,55.43,52.52,18108,97960000,2.46,4.69,5.54,2.23
2015-04-22,53.79,55.25,58.02,53.51,15998,89720000,0.29,0.53,8.21,1.97
2015-04-23,55.25,55.57,57.60,54.63,12776,71370000,0.32,0.58,5.38,1.58
2015-04-24,55.09,56.17,57.50,54.72,19709,110920000,0.60,1.08,5.00,2.43
2015-04-27,57.10,59.40,61.79,57.10,25096,150380000,3.23,5.75,8.35,3.09
2015-04-28,58.88,55.44,59.98,55.18,21039,120020000,-3.96,-6.67,8.08,2.59
2015-04-29,56.19,57.75,58.99,54.21,16784,95540000,2.31,4.17,8.62,2.07
2015-04-30,58.10,61.10,61.99,57.08,23067,138580000,3.35,5.80,8.50,2.84
2015-05-04,62.61,67.21,67.21,61.16,22806,150130000,6.11,10.00,9.90,2.81
2015-05-05,72.88,73.93,73.93,70.25,29239,215490000,6.72,10.00,5.48,3.60
2015-05-06,74.00,77.75,81.32,73.96,28648,222580000,3.82,5.17,9.96,3.53
2015-05-07,76.98,85.53,85.53,74.00,19922,163720000,7.78,10.01,14.83,2.46
2015-05-08,87.24,94.08,94.08,87.24,26525,246540000,8.55,10.00,8.00,3.27
2015-05-11,94.08,100.18,103.48,91.00,26126,253270000,6.10,6.48,13.27,3.22
2015-05-12,100.47,106.99,107.50,95.95,18996,191240000,6.81,6.80,11.53,2.34
2015-05-13,102.00,99.50,107.00,98.00,15607,159590000,-7.49,-7.00,8.41,1.92
2015-05-14,96.13,91.40,99.50,91.00,20266,190070000,-8.10,-8.14,8.54,2.50
2015-05-15,90.88,95.00,98.49,89.56,16511,155020000,3.60,3.94,9.77,2.04
2015-05-18,93.55,104.50,104.50,93.54,23237,235450000,9.50,10.00,11.54,2.86
2015-05-19,108.00,114.95,114.95,100.00,18723,201780000,10.45,10.00,14.31,2.31
2015-05-20,114.95,122.58,126.45,107.00,14832,179080000,7.63,6.64,16.92,1.83
2015-05-21,119.28,120.15,132.39,118.00,10901,133840000,-2.43,-1.98,11.74,1.34
2015-05-22,123.00,116.03,123.00,111.80,14247,164290000,-4.12,-3.43,9.32,1.76
2015-05-25,110.98,113.45,117.47,108.44,8899,101050000,-2.58,-2.22,7.78,1.10
2015-05-26,113.04,124.80,124.80,113.00,9029,108440000,11.35,10.00,10.40,1.11
2015-05-27,131.18,126.91,133.99,117.93,13276,170420000,2.11,1.69,12.87,1.64
2015-05-28,125.00,122.00,129.40,117.00,17761,215580000,-4.81,-3.79,9.78,2.19
2015-05-29,122.00,128.00,128.00,109.85,19398,236460000,6.00,4.92,14.88,2.39
2015-06-01,132.00,140.80,140.80,128.00,10763,148430000,12.80,10.00,10.00,1.33
2015-06-02,143.91,154.88,154.88,143.91,15183,231580000,14.08,10.00,7.79,1.87
2015-06-03,159.79,170.37,170.37,158.88,13379,225050000,15.49,10.00,7.42,1.65
2015-06-04,178.38,170.50,181.72,153.33,19651,323850000,0.13,0.08,16.66,2.42
2015-06-05,170.00,161.09,179.00,159.40,9635,160410000,-9.41,-5.52,11.50,1.19
2015-06-08,159.65,151.15,159.65,144.98,14812,222100000,-9.94,-6.17,9.11,1.83
2015-06-09,152.00,162.50,163.49,145.01,9048,139170000,11.35,7.51,12.23,1.12
2015-06-10,158.01,165.00,170.18,158.01,7991,132030000,2.50,1.54,7.49,0.99
2015-06-11,162.75,162.11,169.65,159.04,7447,120360000,-2.89,-1.75,6.43,0.92
2015-06-12,162.50,160.03,163.00,152.55,6737,106050000,-2.08,-1.28,6.45,0.83
2015-06-15,159.99,144.03,160.00,144.03,10574,155830000,-16.00,-10.00,9.98,1.30
2015-06-16,130.29,143.00,143.97,130.29,13771,186630000,-1.03,-0.72,9.50,1.70
2015-06-17,139.58,147.82,151.30,130.85,18271,257550000,4.82,3.37,14.30,2.25
2015-06-18,143.77,141.00,148.00,134.35,9550,135890000,-6.82,-4.61,9.23,1.18
2015-06-19,136.00,135.00,140.30,131.05,6085,82860000,-6.00,-4.26,6.56,0.75
2015-06-23,135.50,136.87,139.00,121.52,10808,142690000,1.87,1.39,12.95,1.33
2015-06-24,134.00,133.30,139.00,130.11,6956,93200000,-3.57,-2.61,6.50,0.86
2015-06-25,133.11,121.00,135.00,119.97,15005,183910000,-12.30,-9.23,11.28,1.85
2015-06-26,115.00,108.90,115.00,108.90,4380,47860000,-12.10,-10.00,5.04,0.54
2015-06-29,101.00,98.01,105.00,98.01,2820,28160000,-10.89,-10.00,6.42,0.35
2015-06-30,88.21,107.80,107.81,88.21,36597,353260000,9.79,9.99,20.00,4.51
2015-07-01,106.00,97.02,112.00,97.02,25192,260770000,-10.78,-10.00,13.90,3.11
2015-07-02,87.32,87.32,94.00,87.32,18372,160930000,-9.70,-10.00,6.89,2.27
2015-07-03,78.59,78.59,82.50,78.59,18996,150770000,-8.73,-10.00,4.48,1.70
2015-07-06,82.90,70.73,84.90,70.73,17345,132980000,-7.86,-10.00,18.03,1.55
2015-07-07,63.66,63.66,63.66,63.66,242,1540000,-7.07,-10.00,0.00,0.02
2015-07-08,57.29,57.29,67.14,57.29,130007,746210000,-6.37,-10.01,15.47,11.61
2015-07-09,51.56,63.02,63.02,51.56,24338,145690000,5.73,10.00,20.00,2.17
2015-07-10,66.11,69.32,69.32,65.00,6882,46900000,6.30,10.00,6.86,0.61
2015-07-13,76.25,76.25,76.25,73.00,13911,105890000,6.93,10.00,4.69,1.24
2015-07-14,83.80,83.88,83.88,79.00,17972,149620000,7.63,10.01,6.40,1.60
2015-07-15,83.20,75.49,87.00,75.49,14752,118530000,-8.39,-10.00,13.72,1.32
2015-07-16,67.94,83.04,83.04,67.94,77282,552810000,7.55,10.00,20.00,6.90
2015-07-17,86.00,91.34,91.34,83.33,74032,648570000,8.30,10.00,9.65,6.61
2015-07-20,90.00,89.40,94.60,86.51,76573,689970000,-1.94,-2.12,8.86,6.84
2015-07-21,88.22,92.18,95.80,83.50,64469,591820000,2.78,3.11,13.76,5.76
2015-07-22,91.50,89.85,93.93,85.32,48224,432680000,-2.33,-2.53,9.34,4.31
2015-07-23,89.70,94.95,96.88,88.00,48416,447700000,5.10,5.68,9.88,4.32
2015-07-24,94.50,94.65,101.77,91.66,57332,545880000,-0.30,-0.32,10.65,5.12
2015-07-27,92.55,85.19,98.90,85.19,51018,475900000,-9.46,-9.99,14.48,4.56
2015-07-28,76.98,76.67,84.84,76.67,56461,443870000,-8.52,-10.00,9.59,5.04
2015-07-29,78.60,79.66,80.39,69.00,60720,449050000,2.99,3.90,14.86,5.42
2015-07-30,78.99,71.69,78.99,71.69,48220,365680000,-7.97,-10.01,9.16,4.31
2015-07-31,67.99,65.00,70.78,64.52,42130,283380000,-6.69,-9.33,8.73,3.76
2015-08-03,62.03,58.50,62.92,58.50,36757,220140000,-6.50,-10.00,6.80,3.28
2015-08-04,59.10,64.35,64.35,58.81,50930,315680000,5.85,10.00,9.47,4.55
2015-08-05,66.39,63.40,67.00,60.00,56763,368310000,-0.95,-1.48,10.88,5.07
2015-08-06,60.00,60.90,62.95,58.95,29510,180510000,-2.50,-3.94,6.31,2.63
2015-08-07,62.00,66.99,66.99,61.85,29246,191360000,6.09,10.00,8.44,2.61
2015-08-10,70.98,73.69,73.69,70.82,35083,254030000,6.70,10.00,4.28,3.13
2015-08-11,77.00,77.41,80.96,76.00,71876,564090000,3.72,5.05,6.73,6.42
2015-08-12,75.80,75.22,78.60,74.70,48298,367290000,-2.19,-2.83,5.04,4.31
2015-08-13,74.43,82.74,82.74,74.40,62142,492520000,7.52,10.00,11.09,5.55
2015-08-14,87.00,83.44,90.00,83.02,66107,571360000,0.70,0.85,8.44,5.90
2015-08-17,81.00,80.09,81.60,77.10,44940,357180000,-3.35,-4.01,5.39,4.01
2015-08-18,78.51,72.08,86.00,72.08,49594,391220000,-8.01,-10.00,17.38,4.43
2015-08-19,67.33,79.29,79.29,67.33,47607,347070000,7.21,10.00,16.59,4.25
2015-08-20,78.50,75.90,82.27,75.50,47640,376710000,-3.39,-4.28,8.54,4.25
2015-08-21,73.08,70.11,75.87,69.50,38115,276730000,-5.79,-7.63,8.39,3.40
2015-08-24,66.80,63.10,66.80,63.10,23681,151280000,-7.01,-10.00,5.28,2.11
2015-08-25,56.79,56.79,61.00,56.79,28545,164460000,-6.31,-10.00,6.67,2.55
2015-08-26,56.80,51.61,59.90,51.33,46827,261610000,-5.18,-9.12,15.09,4.18
2015-08-27,54.50,56.77,56.77,52.20,54217,301520000,5.16,10.00,8.85,4.84
2015-08-28,57.99,62.45,62.45,55.10,57248,331200000,5.68,10.01,12.95,5.11
2015-08-31,60.00,56.21,61.78,56.21,43392,259450000,-6.24,-9.99,8.92,3.87
2015-09-01,54.25,50.69,55.87,50.69,35497,185780000,-5.52,-9.82,9.22,3.17
2015-09-02,47.00,51.66,55.48,46.85,41763,213050000,0.97,1.91,17.03,3.73
2015-09-07,52.50,55.77,56.83,52.00,43149,239310000,4.11,7.96,9.35,3.85
2015-09-08,55.90,60.26,60.88,52.18,42189,232640000,4.49,8.05,15.60,3.77
2015-09-09,60.00,65.51,65.80,58.70,51469,324090000,5.25,8.71,11.78,4.60
2015-09-10,63.35,63.44,64.30,61.30,50241,314720000,-2.07,-3.16,4.58,4.49
2015-09-11,63.45,63.01,64.94,62.15,40241,256390000,-0.43,-0.68,4.40,3.59
2015-09-14,20.74,19.50,21.40,18.90,154538,305970000,-1.50,-7.14,11.90,4.60
2015-09-15,19.30,20.09,21.43,19.17,230649,471480000,0.59,3.03,11.59,6.86
2015-09-16,20.00,22.10,22.10,18.35,292954,593800000,2.01,10.01,18.67,8.72
2015-09-17,21.49,22.09,23.80,21.18,301189,682610000,-0.01,-0.05,11.86,8.96
2015-09-18,22.49,22.06,22.61,20.41,195725,421560000,-0.03,-0.14,9.96,5.83
2015-09-21,21.40,22.82,22.99,20.87,214822,470810000,0.76,3.45,9.61,6.39
2015-09-22,22.99,22.22,23.56,22.00,167298,379710000,-0.60,-2.63,6.84,4.98
2015-09-23,21.44,21.90,22.62,21.28,140883,307250000,-0.32,-1.44,6.03,4.19
2015-09-24,22.11,21.83,22.85,21.50,118229,263170000,-0.07,-0.32,6.16,3.52
2015-09-25,21.51,19.65,21.69,19.65,148864,303100000,-2.18,-9.99,9.34,4.43
2015-09-28,19.20,20.37,20.60,19.20,105583,212330000,0.72,3.66,7.12,3.14
2015-09-29,19.75,19.91,20.05,19.00,88359,174040000,-0.46,-2.26,5.15,2.63
2015-09-30,19.93,21.53,21.90,19.46,207006,443010000,1.62,8.14,12.26,6.16
2015-10-08,21.68,22.72,23.20,21.60,180458,404900000,1.19,5.53,7.43,5.37
2015-10-09,22.50,22.84,23.02,22.15,127972,289020000,0.12,0.53,3.83,3.81
2015-10-12,22.75,24.17,24.48,22.66,177448,422980000,1.33,5.82,7.97,5.28
2015-10-13,24.12,25.27,25.39,23.98,197446,487150000,1.10,4.55,5.83,5.88
2015-10-14,24.88,24.50,25.00,24.02,150712,370120000,-0.77,-3.05,3.88,4.49
2015-10-15,24.27,26.95,26.95,24.20,181358,467580000,2.45,10.00,11.22,5.40
2015-10-16,27.90,28.01,28.75,27.11,240208,670870000,1.06,3.93,6.09,7.15
2015-10-19,28.02,26.81,28.02,25.90,204777,548430000,-1.20,-4.28,7.57,6.09
2015-10-20,26.25,27.42,28.17,26.02,177864,484230000,0.61,2.28,8.02,5.29
2015-10-21,27.46,26.90,28.58,26.05,317273,871200000,-0.52,-1.90,9.23,9.44
2015-10-22,26.16,28.06,29.00,25.98,268413,733030000,1.16,4.31,11.23,7.99
2015-10-23,28.30,28.98,30.10,27.56,339424,980020000,0.92,3.28,9.05,10.10
2015-10-26,29.10,27.70,29.20,27.13,241573,672960000,-1.28,-4.42,7.14,7.19
2015-10-27,27.43,27.28,27.88,25.00,179592,480750000,-0.42,-1.52,10.40,5.35
2015-10-28,27.27,25.71,27.68,25.50,132926,355840000,-1.57,-5.76,7.99,3.96
2015-10-29,26.51,25.60,26.54,25.11,145785,376220000,-0.11,-0.43,5.56,4.34
2015-10-30,25.51,25.85,26.78,24.75,186280,481250000,0.25,0.98,7.93,5.54
2015-11-02,24.80,24.52,26.14,24.35,120127,303170000,-1.33,-5.15,6.92,3.58
2015-11-03,24.58,24.80,25.40,24.48,90832,226260000,0.28,1.14,3.75,2.70
2015-11-04,24.84,26.60,27.00,24.84,155111,403220000,1.80,7.26,8.71,4.62
2015-11-05,26.71,25.87,27.33,25.60,162764,429250000,-0.73,-2.74,6.50,4.84
2015-11-06,26.04,26.70,26.88,26.04,148289,393620000,0.83,3.21,3.25,4.41
2015-11-09,26.09,27.30,27.49,25.60,192044,512690000,0.60,2.25,7.08,5.72
2015-11-10,26.97,27.61,28.47,26.82,204409,565280000,0.31,1.14,6.04,6.08
2015-11-11,27.50,28.55,28.56,27.20,250326,701470000,0.94,3.40,4.93,7.45
2015-11-12,28.88,27.81,29.50,27.28,266156,752820000,-0.74,-2.59,7.78,7.92
2015-11-13,27.00,26.33,27.50,26.00,157076,420120000,-1.48,-5.32,5.39,4.67
2015-11-16,25.49,27.39,27.58,25.00,165853,438190000,1.06,4.03,9.80,4.94
2015-11-17,27.89,26.10,28.05,26.00,255831,691510000,-1.29,-4.71,7.48,7.61
2015-11-18,26.39,25.43,26.82,25.41,126219,328330000,-0.67,-2.57,5.40,3.76
2015-11-19,25.55,27.97,27.97,25.55,348308,952480000,2.54,9.99,9.52,10.37
2015-11-20,28.95,30.77,30.77,28.71,422673,1243330000,2.80,10.01,7.37,12.58
2015-11-23,33.00,32.26,33.85,32.02,592482,1955440000,1.49,4.84,5.95,17.63
2015-11-24,31.59,32.57,32.65,30.30,300219,942550000,0.31,0.96,7.28,8.94
2015-11-25,32.22,33.16,35.69,32.02,363152,1233020000,0.59,1.81,11.27,10.81
2015-11-26,32.90,34.65,35.00,32.54,345487,1178530000,1.49,4.49,7.42,10.28
2015-11-27,34.00,31.19,34.60,31.19,266562,873200000,-3.46,-9.99,9.84,7.93
2015-11-30,31.15,31.47,31.96,28.22,235673,712260000,0.28,0.90,11.99,7.01
2015-12-01,31.30,29.95,31.30,29.56,171467,520590000,-1.52,-4.83,5.53,5.10
2015-12-02,29.46,28.25,30.29,27.25,131068,378120000,-1.70,-5.68,10.15,3.90
2015-12-03,29.99,31.08,31.08,29.30,48582,148800000,2.83,10.02,6.30,1.45
2015-12-04,34.19,34.19,34.19,34.19,29735,101660000,3.11,10.01,0.00,0.89
2015-12-07,37.00,37.61,37.61,34.23,544391,1976760000,3.42,10.00,9.89,16.20
2015-12-08,37.60,41.37,41.37,37.01,528389,2130100000,3.76,10.00,11.59,15.73
2015-12-09,41.00,41.20,42.96,39.00,476338,1950580000,-0.17,-0.41,9.57,14.18
2015-12-10,40.37,42.23,45.14,39.48,431860,1841490000,1.03,2.50,13.74,12.85
2015-12-11,40.82,40.79,44.08,40.33,286840,1201200000,-1.44,-3.41,8.88,8.54
2015-12-14,39.68,42.74,44.38,39.11,292129,1216160000,1.95,4.78,12.92,8.69
2015-12-15,42.10,47.01,47.01,42.10,213381,956930000,4.27,9.99,11.49,6.35
2015-12-16,49.50,48.90,51.71,48.40,338822,1693450000,1.89,4.02,7.04,10.08
2015-12-17,48.90,52.99,53.34,47.80,355642,1789800000,4.09,8.36,11.33,10.58
2015-12-18,51.65,49.55,52.61,48.96,286242,1450730000,-3.44,-6.49,6.89,8.52
2015-12-21,48.50,48.75,51.16,47.22,192121,941640000,-0.80,-1.61,7.95,5.72
2015-12-22,48.40,50.22,51.16,47.80,171169,850520000,1.47,3.02,6.89,5.09
2015-12-23,50.20,47.30,51.10,47.20,174835,849370000,-2.92,-5.81,7.77,5.20
2015-12-24,46.30,47.05,48.20,44.46,166897,765920000,-0.25,-0.53,7.91,4.97
2015-12-25,46.80,45.44,47.70,45.00,108653,501170000,-1.61,-3.42,5.74,3.23
2015-12-28,45.45,45.60,47.66,45.45,151094,701630000,0.16,0.35,4.86,4.50
2015-12-29,45.45,46.85,47.36,43.70,156560,717540000,1.25,2.74,8.03,4.66
2015-12-30,46.80,50.27,50.85,46.26,269066,1325600000,3.42,7.30,9.80,8.01
2015-12-31,50.09,48.00,51.62,47.60,184168,921130000,-2.27,-4.52,8.00,5.48
2016-01-04,47.16,43.20,47.95,43.20,113361,503940000,-4.80,-10.00,9.90,3.37
2016-01-05,38.90,38.88,41.88,38.88,174578,697050000,-4.32,-10.00,6.94,5.20
2016-01-06,39.99,40.50,41.88,37.90,161824,644680000,1.62,4.17,10.24,4.82
2016-01-07,38.90,36.45,39.00,36.45,31864,119190000,-4.05,-10.00,6.30,0.95
2016-01-08,36.98,37.15,38.27,33.00,144328,520890000,0.70,1.92,14.46,4.30
2016-01-11,35.30,33.44,35.72,33.44,108086,370960000,-3.71,-9.99,6.14,3.22
2016-01-12,30.10,30.10,31.05,30.10,200555,604460000,-3.34,-9.99,2.84,5.97
2016-01-13,29.70,27.10,30.20,27.09,207944,590610000,-3.00,-9.97,10.33,6.19
2016-01-14,25.00,28.04,28.81,24.60,242657,653430000,0.94,3.47,15.54,7.22
2016-01-15,27.20,26.20,27.46,25.24,249184,653990000,-1.84,-6.56,7.92,7.42
2016-01-18,25.21,27.13,28.00,24.80,269911,716730000,0.93,3.55,12.21,8.03
2016-01-19,27.13,28.99,29.75,26.16,294524,819710000,1.86,6.86,13.23,8.77
2016-01-20,28.41,28.71,29.99,28.02,252130,728700000,-0.28,-0.97,6.80,7.50
2016-01-21,28.12,27.13,29.98,26.50,252438,723350000,-1.58,-5.50,12.12,7.51
2016-01-22,27.80,26.99,27.98,25.99,204232,548300000,-0.14,-0.52,7.34,6.08
2016-01-25,27.07,27.25,27.92,26.38,184120,501130000,0.26,0.96,5.71,5.48
2016-01-26,26.59,24.53,26.77,24.53,161487,413650000,-2.72,-9.98,8.22,4.81
2016-01-27,23.90,24.47,24.47,22.08,238266,549600000,-0.06,-0.24,9.74,7.09
2016-01-28,23.48,23.10,24.00,22.30,165711,386190000,-1.37,-5.60,6.95,4.93
2016-01-29,23.18,24.50,25.20,22.53,201175,483290000,1.40,6.06,11.56,5.99
2016-02-01,24.00,23.10,24.20,22.25,192374,448270000,-1.40,-5.71,7.96,5.73
2016-02-02,23.12,25.41,25.41,23.11,235410,582140000,2.31,10.00,9.96,7.01
2016-02-03,25.10,25.50,25.85,24.41,241449,604830000,0.09,0.35,5.67,7.19
2016-02-04,25.50,25.94,26.37,25.37,236094,612640000,0.44,1.73,3.92,7.03
2016-02-05,26.00,25.07,26.10,25.01,141912,361490000,-0.87,-3.35,4.20,4.22
2016-02-15,23.41,24.66,24.95,23.41,130464,315700000,-0.41,-1.64,6.14,3.88
2016-02-16,24.92,27.13,27.13,24.92,134315,353460000,2.47,10.02,8.96,4.00
2016-02-17,28.10,27.76,28.48,27.05,319610,887630000,0.63,2.32,5.27,9.51
2016-02-18,27.80,27.64,28.62,27.12,310719,862330000,-0.12,-0.43,5.40,9.25
2016-02-19,27.40,28.80,29.99,27.10,370721,1059330000,1.16,4.20,10.46,11.03
2016-02-22,29.20,29.32,29.50,28.32,301661,872210000,0.52,1.81,4.10,8.98
2016-02-23,29.35,28.81,29.35,27.82,251583,717670000,-0.51,-1.74,5.22,7.49
2016-02-24,28.40,28.55,29.10,27.65,193664,549880000,-0.26,-0.90,5.03,5.76
2016-02-25,28.48,25.70,28.50,25.70,199944,540120000,-2.85,-9.98,9.81,5.95
2016-02-26,25.50,24.85,25.98,23.80,189870,472580000,-0.85,-3.31,8.48,5.65
2016-02-29,24.00,22.37,24.47,22.37,157846,358540000,-2.48,-9.98,8.45,4.70
2016-03-01,22.37,22.80,23.35,20.83,197197,439030000,0.43,1.92,11.27,5.87
2016-03-02,22.50,23.77,24.00,21.92,232550,535130000,0.97,4.25,9.12,6.92
2016-03-03,23.73,23.65,25.30,23.40,239017,580010000,-0.12,-0.50,7.99,7.11
2016-03-04,23.20,21.59,23.48,21.38,198425,443740000,-2.06,-8.71,8.88,5.91
2016-03-07,22.00,22.41,23.19,21.93,153226,346030000,0.82,3.80,5.84,4.56
2016-03-08,22.05,22.60,22.80,20.60,184515,403030000,0.19,0.85,9.82,5.49
2016-03-09,21.63,21.90,22.75,21.50,134181,297410000,-0.70,-3.10,5.53,3.99
2016-03-10,21.85,21.65,22.38,21.51,111907,245510000,-0.25,-1.14,3.97,3.33
2016-03-11,21.14,21.45,21.74,21.05,90999,194170000,-0.20,-0.92,3.19,2.71
2016-03-14,22.03,22.72,23.30,21.84,186003,421560000,1.27,5.92,6.81,5.54
2016-03-15,22.80,22.40,22.98,22.16,142677,321040000,-0.32,-1.41,3.61,4.25
2016-03-16,22.95,22.40,23.30,21.93,143312,322580000,0.00,0.00,6.12,4.27
2016-03-17,22.51,23.89,24.40,22.31,274464,643680000,1.49,6.65,9.33,8.17
2016-03-18,23.80,26.28,26.28,23.65,355400,891960000,2.39,10.00,11.01,10.58
2016-03-21,26.28,27.08,27.38,25.91,450119,1203820000,0.80,3.04,5.59,13.40
2016-03-22,26.51,26.28,26.94,26.10,235240,623870000,-0.80,-2.95,3.10,7.00
2016-03-23,26.20,27.15,27.26,26.02,273822,736090000,0.87,3.31,4.72,8.15
2016-03-24,26.80,25.95,26.99,25.91,262188,694530000,-1.20,-4.42,3.98,7.80
2016-03-25,25.64,26.85,28.16,25.52,221049,584570000,0.90,3.47,10.17,6.58
2016-03-28,27.02,25.89,27.50,25.65,228424,610000000,-0.96,-3.58,6.89,6.80
2016-03-29,25.90,25.06,26.30,24.20,179299,449360000,-0.83,-3.21,8.11,5.34
2016-03-30,25.48,26.42,26.56,25.20,184504,476130000,1.36,5.43,5.43,5.49
2016-03-31,26.90,27.03,27.90,26.51,287042,779800000,0.61,2.31,5.26,8.54
2016-04-01,26.60,26.13,26.97,25.48,213396,554890000,-0.90,-3.33,5.51,6.35
2016-04-05,26.25,27.55,27.76,25.90,236403,639640000,1.42,5.43,7.12,7.04
2016-04-06,27.45,28.60,30.25,27.18,344959,989740000,1.05,3.81,11.14,10.27
2016-04-07,28.76,27.07,28.96,27.05,299026,825580000,-1.53,-5.35,6.68,8.90
2016-04-08,26.59,26.38,26.66,25.70,232193,608020000,-0.69,-2.55,3.55,6.91
2016-04-11,26.65,26.87,27.38,26.65,189018,511450000,0.49,1.86,2.77,5.63
2016-04-12,26.61,26.45,26.87,25.86,156708,411380000,-0.42,-1.56,3.76,4.66
2016-04-13,26.80,26.88,27.68,26.70,227032,619070000,0.43,1.63,3.71,6.76
2016-04-14,27.30,27.33,27.43,26.60,167412,453270000,0.45,1.67,3.09,4.98
2016-04-15,27.60,27.15,27.69,26.88,159659,434010000,-0.18,-0.66,2.96,4.75
2016-04-18,26.70,26.13,26.70,26.00,153674,402480000,-1.02,-3.76,2.58,4.57
2016-04-19,26.42,26.21,26.58,26.01,126827,333030000,0.08,0.31,2.18,3.77
2016-04-20,26.58,24.00,26.67,23.65,237780,593640000,-2.21,-8.43,11.52,7.08
2016-04-21,23.75,23.36,24.20,23.03,142452,337010000,-0.64,-2.67,4.88,4.24
2016-04-22,23.00,23.71,23.79,22.80,102182,239890000,0.35,1.50,4.24,3.04
2016-04-25,23.22,23.29,23.45,22.80,88519,204550000,-0.42,-1.77,2.74,2.63
2016-04-26,23.30,23.76,23.80,23.11,90814,212930000,0.47,2.02,2.96,2.70
2016-04-27,23.98,23.30,23.98,23.12,93170,219510000,-0.46,-1.94,3.62,2.77
2016-04-28,23.32,24.12,24.55,22.67,154512,365030000,0.82,3.52,8.07,4.60
2016-04-29,23.88,23.55,24.08,23.42,92449,219330000,-0.57,-2.36,2.74,2.75
2016-05-03,23.38,24.85,24.89,23.31,147319,357760000,1.30,5.52,6.71,4.38
2016-05-04,24.79,24.92,25.98,24.60,170806,431870000,0.07,0.28,5.55,5.08
2016-05-05,24.84,25.06,25.35,24.62,93289,233190000,0.14,0.56,2.93,2.78
2016-05-06,25.06,23.03,25.33,23.00,183568,442600000,-2.03,-8.10,9.30,5.46
2016-05-09,22.66,22.22,22.68,22.00,121453,270770000,-0.81,-3.52,2.95,3.61
2016-05-10,22.32,22.43,22.58,22.18,62266,139400000,0.21,0.95,1.80,1.85
2016-05-11,22.60,22.20,22.75,22.15,72424,162120000,-0.23,-1.03,2.68,2.16
2016-05-12,21.94,22.09,22.20,21.24,70996,155070000,-0.11,-0.50,4.32,2.11
2016-05-13,22.30,21.82,22.60,21.60,73975,163570000,-0.27,-1.22,4.53,2.20
2016-05-16,21.94,22.31,22.33,21.50,69822,153870000,0.49,2.25,3.80,2.08
2016-05-17,22.39,22.49,22.97,21.95,126656,284370000,0.18,0.81,4.57,3.77
2016-05-18,22.10,21.41,22.18,21.19,98159,212680000,-1.08,-4.80,4.40,2.92
2016-05-19,21.59,21.73,22.48,21.55,123341,272200000,0.32,1.49,4.34,3.67
2016-05-20,21.38,22.16,22.29,21.28,84851,185850000,0.43,1.98,4.65,2.53
2016-05-23,22.35,22.36,22.63,22.12,93880,209820000,0.20,0.90,2.30,2.79
2016-05-24,22.35,21.85,22.35,21.71,66612,146320000,-0.51,-2.28,2.86,1.98
2016-05-25,22.12,21.94,22.56,21.88,90417,200950000,0.09,0.41,3.11,2.69
2016-05-26,21.80,22.25,22.25,21.28,94134,204360000,0.31,1.41,4.42,2.80
2016-05-27,22.10,21.98,22.27,21.97,62144,137240000,-0.27,-1.21,1.35,1.85
2016-05-30,21.88,21.72,22.08,21.51,52948,115430000,-0.22,-1.00,2.60,1.58
2016-05-31,21.52,23.32,23.44,21.52,169088,385360000,1.60,7.37,8.84,5.03
2016-06-01,23.43,23.26,23.50,23.05,142567,331870000,-0.06,-0.26,1.93,4.24
2016-06-02,23.18,23.49,23.57,23.01,123629,287810000,0.23,0.99,2.41,3.68
2016-06-03,23.38,23.43,23.88,23.12,153521,360460000,-0.06,-0.26,3.24,4.57
2016-06-06,23.58,23.23,23.78,23.01,108008,252220000,-0.20,-0.85,3.29,3.21
2016-06-07,23.30,23.38,23.70,23.11,100545,235560000,0.15,0.65,2.54,2.99
2016-06-08,23.33,23.39,23.65,23.02,92891,216420000,0.01,0.04,2.69,2.76
2016-06-13,22.99,21.05,23.00,21.05,118502,264140000,-2.34,-10.00,8.34,3.53
2016-06-14,21.11,21.18,21.43,20.92,80586,170390000,0.13,0.62,2.42,2.40
2016-06-15,20.99,21.89,22.25,20.60,93511,203480000,0.71,3.35,7.79,2.78
2016-06-16,21.97,21.39,22.06,21.30,84549,182910000,-0.50,-2.28,3.47,2.52
2016-06-17,21.48,21.82,22.39,21.48,85531,187770000,0.43,2.01,4.25,2.55
2016-06-20,21.97,21.86,22.06,21.51,59711,129970000,0.04,0.18,2.52,1.78
2016-06-21,22.22,21.68,22.35,21.46,83171,182380000,-0.18,-0.82,4.07,2.48
2016-06-22,21.55,23.06,23.85,21.51,142127,321210000,1.38,6.37,10.79,4.23
2016-06-23,22.87,22.72,23.29,22.51,108213,247400000,-0.34,-1.47,3.38,3.22
2016-06-24,22.65,22.17,23.16,21.01,122146,273780000,-0.55,-2.42,9.46,3.64
2016-06-27,21.90,23.10,23.34,21.81,132720,303750000,0.93,4.19,6.90,3.95
2016-06-28,23.10,24.06,24.45,22.95,214989,509870000,0.96,4.16,6.49,6.40
2016-06-29,24.18,23.64,24.18,23.48,130571,309480000,-0.42,-1.75,2.91,3.89
2016-06-30,23.73,23.80,24.20,23.50,118502,281920000,0.16,0.68,2.96,3.53
2016-07-01,23.84,23.32,24.11,23.15,112982,265740000,-0.48,-2.02,4.03,3.36
2016-07-04,23.10,23.88,24.20,23.01,131190,312070000,0.56,2.40,5.10,3.90
2016-07-05,23.85,23.86,24.24,23.50,96171,228730000,-0.02,-0.08,3.10,2.86
2016-07-06,23.90,24.00,24.09,23.55,94986,226260000,0.14,0.59,2.26,2.83
2016-07-07,23.90,23.45,24.07,23.31,125768,296580000,-0.55,-2.29,3.17,3.74
2016-07-08,23.60,24.19,25.00,23.40,214496,518860000,0.74,3.16,6.82,6.38
2016-07-11,24.10,23.62,24.50,23.55,151851,364460000,-0.57,-2.36,3.93,4.52
2016-07-12,23.53,24.35,24.35,23.12,172255,410100000,0.73,3.09,5.21,5.13
2016-07-13,24.40,24.49,24.84,24.03,166386,406920000,0.14,0.57,3.33,4.95
2016-07-14,24.47,25.08,25.45,24.01,193249,480590000,0.59,2.41,5.88,5.75
2016-07-15,24.70,24.24,24.78,24.19,146722,358630000,-0.84,-3.35,2.35,4.37
2016-07-18,24.00,24.18,24.36,23.71,84809,203990000,-0.06,-0.25,2.68,2.52
2016-07-19,24.05,24.60,24.60,23.97,90001,218920000,0.42,1.74,2.61,2.68
2016-07-20,24.51,24.20,24.77,24.16,86521,211710000,-0.40,-1.63,2.48,2.58
2016-07-21,24.20,24.05,24.49,23.95,85522,206980000,-0.15,-0.62,2.23,2.55
2016-07-22,23.98,23.73,24.07,23.50,91275,217210000,-0.32,-1.33,2.37,2.72
2016-07-25,23.72,23.62,23.96,23.41,62889,149060000,-0.11,-0.46,2.32,1.87
2016-07-26,23.72,23.94,24.06,23.60,65429,156370000,0.32,1.35,1.95,1.95
2016-07-27,24.08,21.91,24.08,21.80,145815,331460000,-2.03,-8.48,9.52,4.34
2016-07-28,21.89,21.28,22.18,20.81,111874,239370000,-0.63,-2.88,6.25,3.33
2016-07-29,21.40,20.94,21.40,20.86,62041,130690000,-0.34,-1.60,2.54,1.85
2016-08-01,20.94,20.81,21.08,20.13,76136,156380000,-0.13,-0.62,4.54,2.27
2016-08-02,20.82,20.94,21.06,20.76,40105,83760000,0.13,0.62,1.44,1.19
2016-08-03,20.82,20.79,21.10,20.53,51549,107180000,-0.15,-0.72,2.72,1.53
2016-08-04,20.80,21.01,21.15,20.65,56838,118940000,0.22,1.06,2.41,1.69
2016-08-05,20.99,20.67,21.10,20.60,49395,102720000,-0.34,-1.62,2.38,1.47
2016-08-08,20.61,20.89,20.97,20.46,43979,91230000,0.22,1.06,2.47,1.31
2016-08-09,20.88,21.68,21.76,20.83,95313,202390000,0.79,3.78,4.45,2.84
2016-08-10,21.60,21.37,21.96,21.34,64157,138830000,-0.31,-1.43,2.86,1.91
2016-08-11,21.41,20.77,21.48,20.71,54673,115020000,-0.60,-2.81,3.60,1.63
2016-08-12,20.69,21.05,21.08,20.58,44501,92690000,0.28,1.35,2.41,1.32
2016-08-15,21.16,21.72,21.87,20.66,91388,196580000,0.67,3.18,5.75,2.72
2016-08-16,21.79,21.64,21.89,21.58,67125,145630000,-0.08,-0.37,1.43,2.00
2016-08-17,21.67,21.77,22.25,21.48,75041,164070000,0.13,0.60,3.56,2.23
2016-08-18,21.77,21.77,22.10,21.58,62246,135560000,0.00,0.00,2.39,1.85
2016-08-19,21.84,21.76,21.90,21.61,41057,89350000,-0.01,-0.05,1.33,1.22
2016-08-22,21.76,21.10,21.92,21.10,56328,120650000,-0.66,-3.03,3.77,1.68
2016-08-23,21.06,21.16,21.35,20.90,41252,87270000,0.06,0.28,2.13,1.23
2016-08-24,21.17,21.37,21.64,21.17,50522,108170000,0.21,0.99,2.22,1.50
2016-08-25,21.18,21.14,21.28,20.63,49579,103840000,-0.23,-1.08,3.04,1.48
2016-08-26,21.23,21.16,21.55,21.08,44526,94950000,0.02,0.09,2.22,1.33
2016-08-29,21.17,21.16,21.37,21.02,33613,71160000,0.00,0.00,1.65,1.00
2016-08-30,21.15,21.21,21.38,21.15,32443,68880000,0.05,0.24,1.09,0.97
2016-08-31,21.27,21.19,21.30,20.90,38955,82020000,-0.02,-0.09,1.89,1.16
2016-09-01,21.21,20.67,21.25,20.63,74888,156600000,-0.52,-2.45,2.93,2.23
2016-09-02,20.72,20.49,20.75,20.32,64725,132960000,-0.18,-0.87,2.08,1.93
2016-09-05,20.61,20.41,20.69,20.35,40066,82230000,-0.08,-0.39,1.66,1.19
2016-09-06,20.47,20.90,20.99,20.12,71478,147460000,0.49,2.40,4.26,2.13
2016-09-07,20.95,20.84,21.18,20.80,61989,129880000,-0.06,-0.29,1.82,1.84
2016-09-08,20.91,21.00,21.31,20.79,62295,130970000,0.16,0.77,2.50,1.85
2016-09-09,21.10,20.82,21.11,20.77,43837,91650000,-0.18,-0.86,1.62,1.30
2016-09-12,20.38,19.89,20.61,19.89,72108,146300000,-0.93,-4.47,3.46,2.15
2016-09-13,19.99,20.13,20.60,19.81,75737,152570000,0.24,1.21,3.97,2.25
2016-09-14,19.89,20.10,20.32,19.80,45260,90970000,-0.03,-0.15,2.58,1.35
2016-09-19,20.11,20.22,20.42,20.11,32214,65150000,0.12,0.60,1.54,0.96
2016-09-20,20.25,20.13,20.33,20.10,26708,53890000,-0.09,-0.45,1.14,0.79
2016-09-21,20.12,20.22,20.42,20.03,57363,116270000,0.09,0.45,1.94,1.71
2016-09-22,20.39,20.12,20.50,20.02,57325,115820000,-0.10,-0.49,2.37,1.71
2016-09-23,20.00,19.20,20.00,19.01,145134,282350000,-0.92,-4.57,4.92,4.32
2016-09-26,19.08,18.60,19.11,18.59,86939,163370000,-0.60,-3.13,2.71,2.59
2016-09-27,18.53,18.90,18.92,18.50,54766,102520000,0.30,1.61,2.26,1.63
2016-09-28,18.83,18.78,18.89,18.67,41108,77070000,-0.12,-0.63,1.16,1.22
2016-09-29,18.85,18.71,18.88,18.70,34403,64610000,-0.07,-0.37,0.96,1.02
2016-09-30,18.64,18.77,18.83,18.63,28939,54260000,0.06,0.32,1.07,0.86
2016-10-10,18.90,19.44,19.51,18.86,83468,160450000,0.67,3.57,3.46,2.48
2016-10-11,19.38,19.26,19.44,19.08,60546,116450000,-0.18,-0.93,1.85,1.80
2016-10-12,19.15,19.29,19.43,19.08,52520,101390000,0.03,0.16,1.82,1.56
2016-10-13,19.32,19.30,19.45,19.16,46806,90230000,0.01,0.05,1.50,1.39
2016-10-14,19.23,19.24,19.37,19.05,36832,70610000,-0.06,-0.31,1.66,1.10
2016-10-17,19.23,18.91,19.29,18.90,47880,91650000,-0.33,-1.72,2.03,1.43
2016-10-18,18.96,19.30,19.35,18.90,57959,111070000,0.39,2.06,2.38,1.73
2016-10-19,19.30,19.24,19.39,19.14,44946,86590000,-0.06,-0.31,1.30,1.34
2016-10-20,19.29,19.40,19.53,19.20,57525,111300000,0.16,0.83,1.72,1.71
2016-10-21,19.43,19.60,19.89,19.28,93027,182570000,0.20,1.03,3.14,2.77
2016-10-24,19.60,19.55,19.73,19.30,60677,118460000,-0.05,-0.26,2.19,1.81
2016-10-25,19.55,19.98,20.49,19.38,129984,258320000,0.43,2.20,5.68,3.87
2016-10-26,19.79,19.40,19.84,18.60,95207,185330000,-0.58,-2.90,6.21,2.83
2016-10-27,19.31,19.44,19.65,19.27,48556,94370000,0.04,0.21,1.96,1.45
2016-10-28,19.33,19.20,19.54,19.19,42342,81840000,-0.24,-1.23,1.80,1.26
2016-10-31,19.10,18.95,19.16,18.86,45148,85590000,-0.25,-1.30,1.56,1.34
2016-11-01,18.95,19.13,19.20,18.92,40505,77090000,0.18,0.95,1.48,1.21
2016-11-02,19.00,18.86,19.10,18.80,46298,87600000,-0.27,-1.41,1.57,1.38
2016-11-03,18.76,18.93,19.16,18.71,59754,113370000,0.07,0.37,2.39,1.78
2016-11-04,18.88,18.97,19.08,18.85,41960,79630000,0.04,0.21,1.22,1.25
2016-11-07,18.91,19.07,19.28,18.88,58921,112590000,0.10,0.53,2.11,1.75
2016-11-08,19.28,19.18,19.35,19.03,57710,110620000,0.11,0.58,1.68,1.72
2016-11-09,19.27,18.79,19.28,18.56,73210,138300000,-0.39,-2.03,3.75,2.18
2016-11-10,18.90,19.06,19.11,18.85,52495,99760000,0.27,1.44,1.38,1.56
2016-11-11,19.02,19.53,19.68,18.95,93388,180210000,0.47,2.47,3.83,2.78
2016-11-14,19.69,20.19,21.10,19.56,197567,403240000,0.66,3.38,7.89,5.88
2016-11-15,20.00,20.38,20.38,19.82,112447,226890000,0.19,0.94,2.77,3.35
2016-11-16,20.42,20.08,20.59,20.03,96201,194840000,-0.30,-1.47,2.75,2.86
2016-11-17,19.98,19.80,19.98,19.63,65880,130300000,-0.28,-1.39,1.74,1.96
2016-11-18,19.81,19.71,19.95,19.65,43729,86520000,-0.09,-0.45,1.52,1.30
2016-11-21,19.69,19.66,19.86,19.52,50279,98790000,-0.05,-0.25,1.73,1.50
2016-11-22,19.65,20.03,20.09,19.64,69351,137770000,0.37,1.88,2.29,2.06
2016-11-23,20.10,19.90,20.53,19.85,130038,262840000,-0.13,-0.65,3.39,3.87
2016-11-24,19.75,19.54,19.93,19.47,78868,155070000,-0.36,-1.81,2.31,2.35
2016-11-25,19.54,19.98,20.06,19.22,79196,155600000,0.44,2.25,4.30,2.36
2016-11-28,20.09,19.89,20.09,19.79,55570,110850000,-0.09,-0.45,1.50,1.65
2016-11-29,19.79,19.70,19.96,19.61,52491,103780000,-0.19,-0.96,1.76,1.56
2016-11-30,19.78,20.17,20.27,19.63,109245,218900000,0.47,2.39,3.25,3.25
2016-12-01,20.15,20.05,20.25,19.92,72748,145670000,-0.12,-0.59,1.64,2.17
2016-12-02,20.00,19.18,20.06,19.14,84784,165890000,-0.87,-4.34,4.59,2.52
2016-12-05,19.01,19.11,19.30,18.89,40527,77480000,-0.07,-0.37,2.14,1.21
2016-12-06,19.15,18.95,19.26,18.90,34063,64860000,-0.16,-0.84,1.88,1.01
2016-12-07,18.90,19.19,19.24,18.90,28418,54180000,0.24,1.27,1.79,0.85
2016-12-08,19.23,18.90,19.23,18.88,38204,72560000,-0.29,-1.51,1.82,1.14
2016-12-09,18.91,18.96,19.18,18.77,47408,89950000,0.06,0.32,2.17,1.41
2016-12-12,18.96,17.10,18.97,17.06,85011,152550000,-1.86,-9.81,10.07,2.53
2016-12-13,17.00,17.45,17.60,16.64,72857,124140000,0.35,2.05,5.61,2.17
2016-12-14,17.27,17.03,17.35,17.00,34892,59850000,-0.42,-2.41,2.01,1.04
2016-12-15,16.95,17.31,17.68,16.93,52738,91510000,0.28,1.64,4.40,1.57
2016-12-16,17.30,17.53,17.69,17.27,42544,74560000,0.22,1.27,2.43,1.27
2016-12-19,17.32,17.16,17.52,17.06,32339,55670000,-0.37,-2.11,2.62,0.96
2016-12-20,17.16,17.21,17.35,17.09,33984,58510000,0.05,0.29,1.52,1.01
2016-12-21,18.90,17.81,18.93,17.68,106121,192130000,0.60,3.49,7.26,3.16
2016-12-22,17.80,17.60,18.08,17.36,55978,98640000,-0.21,-1.18,4.04,1.67
2016-12-23,17.63,17.17,17.63,17.15,46774,81020000,-0.43,-2.44,2.73,1.39
2016-12-26,17.10,17.42,17.49,16.65,58027,99040000,0.25,1.46,4.89,1.73
2016-12-27,17.39,17.42,17.50,17.22,29785,51620000,0.00,0.00,1.61,0.89
2016-12-28,17.40,17.21,17.49,17.16,21607,37430000,-0.21,-1.21,1.89,0.64
2016-12-29,17.19,17.14,17.44,17.09,36001,62050000,-0.07,-0.41,2.03,1.07
2016-12-30,17.16,16.97,17.25,16.88,36486,62040000,-0.17,-0.99,2.16,1.09
2017-01-03,17.01,17.04,17.15,16.90,37163,63250000,0.07,0.41,1.47,1.11
2017-01-04,17.08,17.33,17.35,16.95,53128,91430000,0.29,1.70,2.35,1.58
2017-01-05,17.33,17.21,17.33,17.15,37838,65110000,-0.12,-0.69,1.04,1.13
2017-01-06,17.21,16.82,17.21,16.82,45273,76780000,-0.39,-2.27,2.27,1.35
2017-01-09,16.75,16.98,16.98,16.74,25649,43290000,0.16,0.95,1.43,0.76
2017-01-10,16.97,16.82,17.07,16.80,25256,42690000,-0.16,-0.94,1.59,0.75
2017-01-11,16.75,16.71,16.89,16.52,37178,62240000,-0.11,-0.65,2.20,1.11
2017-01-12,16.72,16.76,16.89,16.68,28072,47070000,0.05,0.30,1.26,0.84
2017-01-13,16.71,16.16,16.84,15.95,51444,84250000,-0.60,-3.58,5.31,1.53
2017-01-16,16.10,14.80,16.14,14.54,84641,127900000,-1.36,-8.42,9.90,2.52
2017-01-17,14.75,15.45,15.56,14.01,119621,176880000,0.65,4.39,10.47,3.56
2017-01-18,15.21,15.19,15.30,14.88,57964,87230000,-0.26,-1.68,2.72,1.73
2017-01-19,15.10,15.01,15.17,14.82,42175,63310000,-0.18,-1.19,2.30,1.26
2017-01-20,14.96,16.51,16.51,14.96,77979,126720000,1.50,9.99,10.33,2.32
2017-01-23,16.59,16.44,16.95,16.22,127775,211050000,-0.07,-0.42,4.42,3.80
2017-01-24,16.26,15.90,16.26,15.75,78928,125980000,-0.54,-3.28,3.10,2.35
2017-01-25,15.91,15.60,16.09,15.48,63797,100200000,-0.30,-1.89,3.84,1.90
2017-01-26,15.60,15.67,15.86,15.50,38090,59690000,0.07,0.45,2.31,1.13
2017-02-03,15.79,15.65,15.79,15.41,28272,44090000,-0.02,-0.13,2.43,0.84
2017-02-06,15.60,15.88,15.99,15.51,40222,63430000,0.23,1.47,3.07,1.20
2017-02-07,15.80,15.46,15.86,15.22,73359,113876600,-0.42,-2.64,4.03,2.22
2017-02-08,15.38,15.71,15.76,15.33,57548,89737400,0.25,1.62,2.781,1.74
2017-02-09,15.66,16.07,16.28,15.58,90760,144742400,0.36,2.29,4.456,2.74
2017-02-10,15.99,15.77,16.05,15.76,57753,91768500,-0.30,-1.87,1.805,1.75
2017-02-13,15.77,15.98,16.85,15.51,84802,136549500,0.21,1.33,8.497,2.56
2017-02-14,15.90,15.90,16.22,15.85,56333,90064800,-0.08,-0.50,2.315,1.70
2017-02-15,15.75,15.16,15.77,15.15,90649,140667700,-0.74,-4.65,3.899,2.74
2017-02-16,15.07,15.30,15.40,15.07,43521,66452500,0.14,0.92,2.177,1.32
2017-02-17,15.28,15.03,15.43,14.97,53352,80814300,-0.27,-1.76,3.007,1.61
2017-02-20,15.13,15.25,15.26,14.91,38082,57541400,0.22,1.46,2.329,1.15
2017-02-21,15.27,15.50,15.73,15.14,67395,104472500,0.25,1.64,3.87,2.04
2017-02-22,15.49,15.32,15.59,15.09,103485,158060400,-0.18,-1.16,3.23,3.13
2017-02-23,15.25,15.54,15.54,15.05,86343,131922900,0.22,1.44,3.20,2.61
2017-02-24,15.44,15.71,15.80,15.36,94839,148248400,0.17,1.09,2.83,2.87
2017-02-27,15.72,15.52,15.88,15.42,65741,102991900,-0.19,-1.21,2.93,1.99
2017-02-28,15.55,15.67,15.75,15.42,48727,75851700,0.15,0.97,2.13,1.47
2017-03-01,15.63,15.60,15.80,15.48,47960,74949400,-0.07,-0.45,2.04,1.45
2017-03-02,15.57,15.47,15.70,15.40,43438,67364000,-0.13,-0.83,1.92,1.31
2017-03-03,15.42,15.57,15.65,15.21,49013,75831900,0.10,0.65,2.84,1.48
2017-03-06,15.55,15.88,16.09,15.55,85241,135420400,0.31,1.99,3.47,2.58
2017-03-07,15.87,15.95,15.98,15.75,54707,86778300,0.07,0.44,1.45,1.65
2017-03-08,15.93,15.74,15.98,15.68,43370,68510900,-0.21,-1.32,1.88,1.31
2017-03-09,15.69,15.64,15.79,15.51,31190,48715800,-0.10,-0.64,1.78,0.94
2017-03-10,15.68,15.58,15.75,15.52,29699,46463400,-0.06,-0.38,1.47,0.90
2017-03-13,15.54,15.53,15.54,15.20,44184,67915700,-0.05,-0.32,2.18,1.34
2017-03-14,15.55,15.37,15.56,15.35,43487,67067000,-0.16,-1.03,1.35,1.31
2017-03-15,15.32,15.44,15.56,15.25,39161,60400300,0.07,0.46,2.02,1.18
2017-03-16,15.53,15.64,15.71,15.40,49213,76428075,0.20,1.30,2.01,1.49
2017-03-17,15.60,15.37,15.93,15.36,84009,131344138,-0.27,-1.73,3.64,2.54
2017-03-20,15.34,15.50,15.52,15.18,52808,80963223,0.13,0.85,2.21,1.60
2017-03-21,15.40,15.42,15.54,15.34,32064,49547155,-0.08,-0.52,1.29,0.97
2017-03-22,15.30,15.15,15.40,15.08,47329,72009258,-0.27,-1.75,2.08,1.43
2017-03-23,15.19,15.50,15.50,15.10,76428,117116179,0.35,2.31,2.64,2.31
2017-03-24,15.51,15.60,15.82,15.50,120512,188253650,0.10,0.65,2.06,3.64
2017-03-27,15.48,15.30,15.60,15.30,52043,80012474,-0.30,-1.92,1.92,1.57
2017-03-28,15.27,15.20,15.33,15.15,35832,54570181,-0.10,-0.65,1.18,1.08
2017-03-29,15.18,15.00,15.26,15.00,40972,61848877,-0.20,-1.32,1.71,1.24
2017-03-30,14.85,14.28,14.95,14.21,66219,96691887,-0.72,-4.80,4.93,2.00
2017-03-31,14.30,14.45,14.60,14.16,47876,68650581,0.17,1.19,3.08,1.45
2017-04-05,14.38,14.61,14.66,14.36,38995,56712234,0.16,1.11,2.08,1.18
2017-04-06,14.59,14.73,15.13,14.48,54554,80600126,0.12,0.82,4.45,1.65
2017-04-07,14.61,14.57,14.73,14.53,32644,47672219,-0.16,-1.09,1.36,0.99
2017-04-10,14.57,14.14,14.57,14.00,63485,90046956,-0.43,-2.95,3.91,1.92
2017-04-11,14.14,14.15,14.18,13.82,55438,77758269,0.01,0.07,2.55,1.68
2017-04-12,14.16,13.93,14.18,13.90,32202,45023426,-0.22,-1.55,1.98,0.97
2017-04-13,13.85,13.95,14.05,13.85,28227,39438475,0.02,0.14,1.44,0.85
2017-04-14,13.86,14.08,14.19,13.86,46186,64773282,0.13,0.93,2.37,1.40
2017-04-17,14.10,13.85,14.10,13.67,40670,56222995,-0.23,-1.63,3.05,1.23
2017-04-18,13.72,13.21,13.83,13.05,66250,88927724,-0.64,-4.62,5.63,2.00
2017-04-19,13.17,13.11,13.17,12.43,88762,113109894,-0.10,-0.76,5.60,2.68
2017-04-20,12.95,13.04,13.07,12.60,53052,68346175,-0.07,-0.53,3.59,1.60
2017-04-21,13.10,12.96,13.10,12.81,30407,39338459,-0.08,-0.61,2.22,0.92
2017-04-24,12.91,12.90,12.94,12.47,44059,55955446,-0.06,-0.46,3.63,1.33
2017-04-25,12.83,13.00,13.19,12.77,48312,62721081,0.10,0.78,3.26,1.46
2017-04-26,12.92,12.95,13.00,12.71,30668,39462316,-0.05,-0.38,2.23,0.93
2017-04-27,12.90,13.18,13.27,12.54,76669,99715408,0.23,1.78,5.64,2.32
2017-04-28,13.12,13.15,13.22,13.06,35020,46005153,-0.03,-0.23,1.21,1.06
2017-05-02,13.26,13.11,13.26,12.95,29152,38189086,-0.04,-0.30,2.36,0.88
2017-05-03,13.02,13.05,13.14,12.90,27469,35756138,-0.06,-0.46,1.83,0.83
2017-05-04,13.04,13.03,13.15,12.86,34064,44360845,-0.02,-0.15,2.22,1.03
2017-05-05,12.87,12.93,13.01,12.81,30786,39731991,-0.10,-0.77,1.53,0.93
2017-05-08,12.88,13.01,13.28,12.77,61104,79840184,0.08,0.62,3.94,1.85
2017-05-09,12.90,13.15,13.16,12.86,39300,51334549,0.14,1.08,2.31,1.19
2017-05-10,13.10,12.87,13.18,12.48,60648,78010077,-0.28,-2.13,5.32,1.83
2017-05-11,12.61,12.87,12.95,12.02,51075,64108512,0.00,0.00,7.23,1.54
2017-05-12,12.71,12.87,12.90,12.62,36350,46375117,0.00,0.00,2.18,1.10
2017-05-15,13.50,13.30,13.86,13.28,148590,200422755,0.43,3.34,4.51,4.49
2017-05-16,13.05,13.22,13.28,12.60,114386,147851659,-0.08,-0.60,5.11,3.46
2017-05-17,13.20,13.22,13.50,13.10,81529,108351464,0.00,0.00,3.03,2.46
2017-05-18,13.01,12.95,13.24,12.95,45834,59900196,-0.27,-2.04,2.19,1.39
2017-05-19,12.91,12.89,12.99,12.60,66661,85217284,-0.06,-0.46,3.01,2.02
2017-05-22,12.80,12.87,12.95,12.47,55267,70352637,-0.02,-0.16,3.72,1.67
2017-05-23,12.80,12.50,12.80,11.99,53908,67115516,-0.37,-2.87,6.29,1.63
2017-05-24,12.30,12.35,12.47,12.13,41005,50418065,-0.15,-1.20,2.72,1.24
2017-05-25,12.37,12.38,12.55,12.07,44940,55308572,0.03,0.24,3.89,1.36
2017-05-26,12.38,12.35,12.45,12.29,24714,30575432,-0.03,-0.24,1.29,0.75
2017-05-31,12.50,12.35,12.59,12.34,36772,45792167,0.00,0.00,2.02,1.11
2017-06-01,12.28,11.90,12.29,11.80,47579,57162428,-0.45,-3.64,3.97,1.44
2017-06-02,11.82,11.98,12.11,11.61,58668,69532606,0.08,0.67,4.20,1.77
2017-06-05,11.97,11.93,12.09,11.80,43757,52200890,-0.01,-0.08,2.43,1.32
2017-06-06,11.89,12.14,12.39,11.80,62649,75908526,0.21,1.76,4.95,1.89
2017-06-07,12.06,12.40,12.44,12.04,77377,95169383,0.26,2.14,3.29,2.34
2017-06-08,12.36,12.25,12.42,12.20,55203,67874477,-0.15,-1.21,1.77,1.67
2017-06-09,12.24,12.34,12.42,12.12,51012,62577358,0.09,0.73,2.45,1.54
2017-06-12,12.24,11.93,12.31,11.80,50143,60469478,-0.41,-3.32,4.13,1.51
2017-06-13,11.81,12.14,12.23,11.81,40456,48876477,0.21,1.76,3.52,1.22
2017-06-14,12.13,12.22,12.30,11.99,57099,69505538,0.08,0.66,2.55,1.73
2017-06-15,12.22,12.55,12.66,12.20,113984,142323230,0.33,2.70,3.76,3.44
