日期,开盘,收盘,最高,最低,交易量(手),交易金额(元),涨跌额,涨跌幅(%),振幅(%),换手率(%)
2015-04-23,15.86,17.47,17.47,15.86,253,440000,5.34,44.02,13.27,0.07
2015-04-24,19.22,19.22,19.22,19.22,63,120000,1.75,10.02,0.00,0.02
2015-04-27,21.14,21.14,21.14,21.14,109,230000,1.92,9.99,0.00,0.03
2015-04-28,23.25,23.25,23.25,23.25,164,380000,2.11,9.98,0.00,0.05
2015-04-29,25.58,25.58,25.58,25.58,230,590000,2.33,10.02,0.00,0.07
2015-04-30,28.14,28.14,28.14,28.14,268,750000,2.56,10.01,0.00,0.08
2015-05-04,30.95,30.95,30.95,30.95,588,1820000,2.81,9.99,0.00,0.17
2015-05-05,34.05,34.05,34.05,34.05,2402,8180000,3.10,10.02,0.00,0.70
2015-05-06,35.00,37.46,37.46,33.56,70872,257580000,3.41,10.01,11.45,20.55
2015-05-07,33.71,33.71,35.40,33.71,107004,364560000,-3.75,-10.01,4.51,31.03
2015-05-08,32.80,37.08,37.08,32.20,159870,560550000,3.37,10.00,14.48,46.36
2015-05-11,40.79,40.79,40.79,40.79,11352,46310000,3.71,10.01,0.00,3.29
2015-05-12,44.30,44.87,44.87,42.00,140587,620470000,4.08,10.00,7.04,40.77
2015-05-13,44.00,49.36,49.36,42.87,108684,508490000,4.49,10.01,14.46,31.52
2015-05-14,51.50,54.30,54.30,51.00,65032,350220000,4.94,10.01,6.69,18.86
2015-05-15,56.00,59.73,59.73,55.88,59255,348850000,5.43,10.00,7.09,17.18
2015-05-18,65.60,65.70,65.70,65.00,10534,69110000,5.97,10.00,1.17,3.05
2015-05-19,72.27,72.27,72.27,63.14,127067,873550000,6.57,10.00,13.90,36.85
2015-05-20,69.00,79.18,79.50,67.90,104523,801240000,6.91,9.56,16.05,30.31
2015-05-21,78.80,87.10,87.10,76.20,94442,793010000,7.92,10.00,13.77,27.39
2015-05-22,92.99,95.81,95.81,92.03,103182,973470000,8.71,10.00,4.34,29.92
2015-05-25,99.93,105.39,105.39,93.00,76552,784480000,9.58,10.00,12.93,22.20
2015-05-26,114.00,115.93,115.93,114.00,9969,114900000,10.54,10.00,1.83,2.89
2015-05-27,127.52,127.52,127.52,122.30,20101,255710000,11.59,10.00,4.50,5.83
2015-05-28,140.27,114.77,140.27,114.77,16171,202950000,-12.75,-10.00,20.00,4.69
2015-05-29,103.29,104.00,125.00,103.29,165461,1776370000,-10.77,-9.38,18.92,47.98
2015-06-01,100.00,93.60,100.00,93.60,86170,814820000,-10.40,-10.00,6.15,24.99
2015-06-02,86.99,84.24,90.00,84.24,114617,986930000,-9.36,-10.00,6.15,33.24
2015-06-03,84.30,87.35,87.79,82.64,92986,800970000,3.11,3.69,6.11,26.96
2015-06-04,85.88,78.73,85.88,78.62,87311,704920000,-8.62,-9.87,8.31,25.32
2015-06-05,81.20,78.71,81.60,76.01,87063,691030000,-0.02,-0.03,7.10,25.25
2015-06-08,77.98,74.30,78.38,72.01,80996,606390000,-4.41,-5.60,8.09,23.49
2015-06-09,74.10,75.40,77.56,74.10,56672,429710000,1.10,1.48,4.66,16.43
2015-06-10,74.00,79.40,81.60,73.05,87833,691850000,4.00,5.31,11.34,25.47
2015-06-11,79.00,82.01,83.60,77.72,91856,741290000,2.61,3.29,7.41,26.64
2015-06-12,81.30,75.85,83.00,75.66,82768,648950000,-6.16,-7.51,8.95,24.00
2015-06-15,74.80,68.27,74.80,68.27,65979,463810000,-7.58,-9.99,8.61,19.13
2015-06-16,65.49,68.30,69.66,64.20,58165,390560000,0.03,0.04,8.00,16.87
2015-06-17,68.25,70.40,70.46,67.79,46968,325850000,2.10,3.07,3.91,13.62
2015-06-18,69.92,63.36,69.92,63.36,48410,319070000,-7.04,-10.00,9.32,14.04
2015-06-19,61.36,59.00,64.00,58.35,37321,228260000,-4.36,-6.88,8.92,10.82
2015-06-23,60.01,62.91,63.39,58.00,40081,243720000,3.91,6.63,9.14,11.62
2015-06-24,63.20,61.38,64.00,60.00,44950,277610000,-1.53,-2.43,6.36,13.03
2015-06-25,61.40,57.00,62.00,57.00,35088,209410000,-4.38,-7.14,8.15,10.17
2015-06-26,55.00,51.30,57.88,51.30,43136,234520000,-5.70,-10.00,11.54,12.51
2015-06-29,51.98,46.91,52.93,46.20,48184,239420000,-4.39,-8.56,13.12,13.97
2015-06-30,46.99,49.90,50.45,42.30,51818,242660000,2.99,6.37,17.37,15.03
2015-07-01,48.89,46.45,51.50,46.30,52865,261950000,-3.45,-6.91,10.42,15.33
2015-07-02,45.90,41.81,46.88,41.81,38439,169790000,-4.64,-9.99,10.92,11.15
2015-07-03,40.00,40.00,43.72,37.63,45874,183140000,-1.81,-4.33,14.57,13.30
2015-07-06,44.00,39.60,44.00,36.75,52648,215620000,-0.40,-1.00,18.13,15.27
2015-07-07,37.48,35.64,38.83,35.64,16304,59570000,-3.96,-10.00,8.06,4.73
2015-07-08,32.08,32.08,32.57,32.08,44937,144530000,-3.56,-9.99,1.37,13.03
2015-07-09,31.00,35.29,35.29,30.50,38778,132750000,3.21,10.01,14.93,11.24
2015-07-10,38.00,38.82,38.82,36.97,19031,72990000,3.53,10.00,5.24,5.52
2015-07-13,42.00,42.70,42.70,40.00,43509,184610000,3.88,9.99,6.96,12.62
2015-07-14,46.00,46.97,46.97,43.61,98073,452190000,4.27,10.00,7.87,28.44
2015-07-15,45.80,42.27,45.80,42.27,40185,173760000,-4.70,-10.01,7.52,11.65
2015-07-16,38.09,41.70,44.55,38.04,59979,244000000,-0.57,-1.35,15.40,17.39
2015-07-17,41.95,44.63,45.22,41.01,47445,205080000,2.93,7.03,10.10,13.76
2015-07-20,44.90,43.71,46.04,42.85,52860,234450000,-0.92,-2.06,7.15,15.33
2015-07-21,42.69,48.08,48.08,41.50,77068,355720000,4.37,10.00,15.05,22.35
2015-07-22,49.11,48.48,50.50,46.38,83689,406070000,0.40,0.83,8.57,24.27
2015-07-23,48.80,53.33,53.33,47.81,66508,337770000,4.85,10.00,11.39,19.29
2015-07-24,54.39,53.28,57.39,52.00,91552,505590000,-0.05,-0.09,10.11,26.55
2015-07-27,51.00,47.95,54.58,47.95,56008,286510000,-5.33,-10.00,12.44,16.24
2015-07-28,43.67,43.16,48.09,43.16,60019,265710000,-4.79,-9.99,10.28,17.40
2015-07-29,44.50,47.48,47.48,39.60,64504,278740000,4.32,10.01,18.26,18.70
2015-07-30,46.08,45.08,49.86,44.10,66589,316140000,-2.40,-5.05,12.13,19.31
2015-07-31,43.50,44.28,47.00,42.50,47994,213700000,-0.80,-1.77,9.98,13.92
2015-08-03,43.50,40.19,43.99,39.85,43547,180340000,-4.09,-9.24,9.35,12.63
2015-08-04,40.50,43.90,43.95,40.04,45880,193540000,3.71,9.23,9.73,13.30
2015-08-05,43.31,45.15,46.25,42.90,62621,282080000,1.25,2.85,7.63,18.16
2015-08-06,43.60,43.00,44.89,42.80,35267,153680000,-2.15,-4.76,4.63,10.23
2015-08-07,45.00,47.30,47.30,44.40,59569,277940000,4.30,10.00,6.74,17.27
2015-08-10,47.42,52.03,52.03,47.42,61126,306190000,4.73,10.00,9.75,17.72
2015-08-11,54.20,52.65,57.23,51.96,140283,782150000,0.62,1.19,10.13,40.68
2015-08-12,52.00,53.49,56.43,51.12,77100,418680000,0.84,1.60,10.09,22.36
2015-08-13,51.90,55.00,55.00,51.00,56156,295810000,1.51,2.82,7.48,16.28
2015-08-14,55.20,53.50,55.85,52.00,47788,259560000,-1.50,-2.73,7.00,13.86
2015-08-17,52.48,49.02,52.48,48.15,58034,289170000,-4.48,-8.37,8.09,16.83
2015-08-18,48.68,44.12,51.38,44.12,46797,222630000,-4.90,-10.00,14.81,13.57
2015-08-19,42.78,48.12,48.15,41.30,49062,218960000,4.00,9.07,15.53,14.23
2015-08-20,47.00,45.01,48.00,45.00,29304,136190000,-3.11,-6.46,6.23,8.50
2015-08-21,45.10,44.01,46.45,42.72,31147,139840000,-1.00,-2.22,8.29,9.03
2015-08-24,41.86,39.61,42.00,39.61,19626,78700000,-4.40,-10.00,5.43,5.69
2015-08-25,35.65,35.65,38.37,35.65,28909,105070000,-3.96,-10.00,6.87,8.38
2015-08-26,36.00,35.92,38.50,34.32,46309,169730000,0.27,0.76,11.73,13.43
2015-08-27,36.80,37.88,38.00,34.10,35338,129560000,1.96,5.46,10.86,10.25
2015-08-28,38.64,40.40,41.35,37.28,48730,187740000,2.52,6.65,10.74,14.13
2015-08-31,39.60,36.36,39.65,36.36,29242,111560000,-4.04,-10.00,8.14,8.48
2015-09-01,35.48,32.72,35.48,32.72,26211,87480000,-3.64,-10.01,7.59,7.60
2015-09-02,30.80,30.52,33.97,29.50,29019,91250000,-2.20,-6.72,13.66,8.41
2015-09-07,31.05,31.30,33.00,30.70,24851,79470000,0.78,2.56,7.54,7.21
2015-09-08,31.09,34.28,34.29,30.73,30272,98670000,2.98,9.52,11.37,8.78
2015-09-09,34.50,36.13,36.80,34.30,42292,150930000,1.85,5.40,7.29,12.26
2015-09-10,34.80,34.51,36.10,34.40,30644,107990000,-1.62,-4.48,4.71,8.89
2015-09-11,34.69,35.62,35.91,34.50,23290,82050000,1.11,3.22,4.09,6.75
2015-09-14,35.90,32.06,35.91,32.06,27438,92030000,-3.56,-9.99,10.81,7.96
2015-09-15,31.00,28.85,31.40,28.85,23900,71280000,-3.21,-10.01,7.95,6.93
2015-09-16,29.40,31.74,31.74,29.30,27359,83130000,2.89,10.02,8.46,7.93
2015-09-17,32.00,31.50,33.31,31.00,38142,123130000,-0.24,-0.76,7.28,11.06
2015-09-18,32.24,33.53,33.75,32.00,35364,116190000,2.03,6.44,5.56,10.25
2015-09-21,33.00,36.88,36.88,32.61,36469,128480000,3.35,9.99,12.73,10.58
2015-09-22,39.29,38.42,40.35,37.81,64164,250520000,1.54,4.18,6.89,18.61
2015-09-23,37.27,42.26,42.26,37.01,48469,195300000,3.84,9.99,13.66,14.05
2015-09-24,23.08,21.10,23.08,21.01,211382,471010000,0.12,0.57,9.87,30.65
2015-09-25,20.57,18.99,20.79,18.99,143708,282880000,-2.11,-10.00,8.53,20.84
2015-09-28,18.50,19.60,19.91,17.62,114210,216340000,0.61,3.21,12.06,16.56
2015-09-29,18.95,18.35,19.35,18.01,77029,144200000,-1.25,-6.38,6.84,11.17
2015-09-30,18.58,18.51,19.20,18.40,54641,102560000,0.16,0.87,4.36,7.92
2015-10-08,19.20,19.63,20.18,18.70,82278,160330000,1.12,6.05,8.00,11.93
2015-10-09,19.60,19.51,19.94,19.21,75472,147530000,-0.12,-0.61,3.72,10.94
2015-10-12,19.68,21.43,21.46,19.68,119488,245990000,1.92,9.84,9.12,17.32
2015-10-13,21.00,21.48,21.66,20.60,96117,204580000,0.05,0.23,4.95,13.94
2015-10-14,21.20,21.90,22.50,21.09,120368,263850000,0.42,1.96,6.56,17.45
2015-10-15,21.73,23.58,23.90,21.18,121453,278420000,1.68,7.67,12.42,17.61
2015-10-16,24.10,23.27,24.18,22.60,126011,293760000,-0.31,-1.31,6.70,18.27
2015-10-19,22.90,22.58,23.45,22.04,100457,229010000,-0.69,-2.97,6.06,14.56
2015-10-20,22.39,23.33,23.59,22.13,92491,213550000,0.75,3.32,6.47,13.41
2015-10-21,23.33,21.00,23.33,21.00,114506,251730000,-2.33,-9.99,9.99,16.60
2015-10-22,20.52,21.60,21.79,20.52,90584,192040000,0.60,2.86,6.05,13.13
2015-10-23,21.68,22.64,22.96,21.51,94014,209890000,1.04,4.81,6.71,13.63
2015-10-26,23.50,23.35,24.40,22.90,121160,285610000,0.71,3.14,6.63,17.57
2015-10-27,22.96,23.38,23.65,21.50,94899,214880000,0.03,0.13,9.21,13.76
2015-10-28,22.81,23.74,24.38,22.81,116957,278250000,0.36,1.54,6.72,16.96
2015-10-29,23.70,23.37,24.03,23.00,78704,184700000,-0.37,-1.56,4.34,11.41
2015-10-30,23.45,22.89,23.45,22.38,61055,140270000,-0.48,-2.05,4.58,8.85
2015-11-02,21.66,23.02,24.70,21.55,94126,219090000,0.13,0.57,13.76,13.65
2015-11-03,22.99,25.32,25.32,22.99,196993,484610000,2.30,9.99,10.12,28.56
2015-11-04,25.95,26.46,26.99,24.52,221628,567300000,1.14,4.50,9.76,32.13
2015-11-05,25.92,29.11,29.11,25.75,223770,614600000,2.65,10.02,12.70,32.44
2015-11-06,29.70,32.02,32.02,29.11,208734,646010000,2.91,10.00,10.00,30.26
2015-11-09,32.21,33.00,34.50,30.00,227554,742190000,0.98,3.06,14.05,32.99
2015-11-10,32.00,31.69,33.00,31.41,167590,536630000,-1.31,-3.97,4.82,24.30
2015-11-11,31.23,34.86,34.86,30.99,193375,640340000,3.17,10.00,12.21,28.04
2015-11-12,35.92,38.33,38.35,35.00,197755,724000000,3.47,9.95,9.61,28.67
2015-11-13,37.00,34.50,38.22,34.50,198586,709240000,-3.83,-9.99,9.71,28.79
2015-11-16,32.20,33.71,34.50,32.03,115753,386240000,-0.79,-2.29,7.16,16.78
2015-11-17,34.00,34.20,36.30,34.00,144789,508930000,0.49,1.45,6.82,20.99
2015-11-18,33.90,31.70,35.64,31.20,131904,444950000,-2.50,-7.31,12.98,19.12
2015-11-19,31.38,33.98,34.25,31.34,123161,400330000,2.28,7.19,9.18,17.86
2015-11-20,33.95,33.21,33.96,32.52,110244,367440000,-0.77,-2.27,4.24,15.98
2015-11-23,33.08,32.33,34.30,32.20,94757,313990000,-0.88,-2.65,6.32,13.74
2015-11-24,32.01,35.56,35.56,31.64,154811,524960000,3.23,9.99,12.13,22.45
2015-11-25,35.86,35.15,36.30,34.50,150314,530950000,-0.41,-1.15,5.06,21.79
2015-11-26,34.73,34.90,37.17,34.49,134412,481170000,-0.25,-0.71,7.62,19.49
2015-11-27,34.40,32.14,35.65,31.50,125341,422110000,-2.76,-7.91,11.89,18.17
2015-11-30,31.76,33.09,33.68,29.36,123878,395190000,0.95,2.96,13.44,17.96
2015-12-01,32.80,31.72,33.99,31.20,101517,332020000,-1.37,-4.14,8.43,14.72
2015-12-02,31.08,30.06,31.70,28.90,72772,220090000,-1.66,-5.23,8.83,10.55
2015-12-03,30.10,31.53,31.85,30.10,67929,211700000,1.47,4.89,5.82,9.85
2015-12-04,31.42,31.69,32.45,31.00,75293,239190000,0.16,0.51,4.60,10.92
2015-12-07,31.50,33.89,34.70,31.50,128141,428460000,2.20,6.94,10.10,18.58
2015-12-08,33.01,32.13,33.49,32.01,86681,282100000,-1.76,-5.19,4.37,12.57
2015-12-09,31.78,31.08,32.60,30.71,66908,211720000,-1.05,-3.27,5.88,9.70
2015-12-10,30.65,30.85,31.39,29.90,69222,212220000,-0.23,-0.74,4.79,10.04
2015-12-11,30.80,29.57,30.80,29.53,51745,155210000,-1.28,-4.15,4.12,7.50
2015-12-14,28.97,30.47,30.66,28.70,42846,127000000,0.90,3.04,6.63,6.21
2015-12-15,30.50,31.25,32.55,30.20,65223,206310000,0.78,2.56,7.71,9.46
2015-12-16,31.70,31.28,32.27,31.16,53922,170450000,0.03,0.10,3.55,7.82
2015-12-17,31.50,32.50,32.85,31.45,86399,279200000,1.22,3.90,4.48,12.53
2015-12-18,32.50,31.69,32.98,31.50,69186,222470000,-0.81,-2.49,4.55,10.03
2015-12-21,31.26,31.27,31.69,30.55,46906,146010000,-0.42,-1.33,3.60,6.80
2015-12-22,31.50,31.61,31.98,31.30,41303,130450000,0.34,1.09,2.17,5.99
2015-12-23,31.81,30.78,31.81,30.68,51199,159360000,-0.83,-2.63,3.57,7.42
2015-12-24,30.48,30.65,30.78,29.66,41956,126850000,-0.13,-0.42,3.64,6.08
2015-12-25,30.59,30.85,31.70,30.55,43803,136470000,0.20,0.65,3.75,6.35
2015-12-28,30.94,31.08,31.80,30.56,67129,210530000,0.23,0.75,4.02,9.73
2015-12-29,31.19,33.25,33.80,30.46,120429,389360000,2.17,6.98,10.75,17.46
2015-12-30,33.32,34.85,34.85,32.70,148127,502600000,1.60,4.81,6.47,21.48
2015-12-31,34.85,32.78,35.24,32.70,94454,319740000,-2.07,-5.94,7.29,13.69
2016-01-04,32.20,29.50,32.67,29.50,59722,182190000,-3.28,-10.01,9.67,8.66
2016-01-05,26.58,26.87,28.60,26.55,84913,232620000,-2.63,-8.92,6.95,12.31
2016-01-06,26.90,27.89,28.38,26.87,66092,182460000,1.02,3.80,5.62,9.58
2016-01-07,27.13,25.10,27.13,25.10,14210,36810000,-2.79,-10.00,7.28,2.06
2016-01-08,25.58,24.72,26.50,23.01,60816,151750000,-0.38,-1.51,13.90,8.82
2016-01-11,23.80,22.25,24.20,22.25,48438,111280000,-2.47,-9.99,7.89,7.02
2016-01-12,22.08,22.21,23.20,20.25,49753,109790000,-0.04,-0.18,13.26,7.21
2016-01-13,22.21,20.47,22.97,20.38,41947,92290000,-1.74,-7.83,11.66,6.08
2016-01-14,19.35,21.50,21.99,19.35,52399,108930000,1.03,5.03,12.90,7.60
2016-01-15,21.25,20.10,21.70,19.88,46944,98160000,-1.40,-6.51,8.47,6.81
2016-01-18,19.90,21.03,21.45,19.70,41928,87150000,0.93,4.63,8.71,6.08
2016-01-19,20.99,22.24,22.45,20.80,53770,116160000,1.21,5.75,7.85,7.80
2016-01-20,22.30,22.51,23.31,22.00,68106,154490000,0.27,1.21,5.89,9.87
2016-01-21,21.86,20.50,22.85,20.40,52126,114580000,-2.01,-8.93,10.88,7.56
2016-01-22,20.56,21.39,21.78,20.30,45862,96520000,0.89,4.34,7.22,6.65
2016-01-25,21.60,21.70,22.17,21.21,33684,73370000,0.31,1.45,4.49,4.88
2016-01-26,21.11,19.53,21.35,19.53,50415,102460000,-2.17,-10.00,8.39,7.31
2016-01-27,19.67,19.70,20.00,17.86,47733,91480000,0.17,0.87,10.96,6.92
2016-01-28,19.30,18.10,19.58,17.87,35386,66510000,-1.60,-8.12,8.68,5.13
2016-01-29,18.14,19.00,19.27,17.65,35189,66050000,0.90,4.97,8.95,5.10
2016-02-01,18.65,18.41,19.19,17.80,31386,58500000,-0.59,-3.11,7.32,4.55
2016-02-02,18.60,19.21,19.43,18.60,31211,59750000,0.80,4.35,4.51,4.53
2016-02-03,18.95,19.64,19.89,18.60,32676,62590000,0.43,2.24,6.72,4.74
2016-02-04,19.80,20.20,20.50,19.64,40347,81260000,0.56,2.85,4.38,5.85
2016-02-05,20.23,19.73,20.80,19.68,31254,62950000,-0.47,-2.33,5.54,4.53
2016-02-15,18.54,19.38,19.66,18.51,27561,52700000,-0.35,-1.77,5.83,4.00
2016-02-16,19.86,20.70,20.83,19.48,43353,88490000,1.32,6.81,6.97,6.29
2016-02-17,20.73,21.55,21.55,20.50,61473,128960000,0.85,4.11,5.07,8.91
2016-02-18,21.62,21.07,21.63,20.92,49959,106070000,-0.48,-2.23,3.29,7.24
2016-02-19,20.94,21.26,21.50,20.75,40327,85800000,0.19,0.90,3.56,5.85
2016-02-22,21.60,21.91,22.05,21.22,47343,102580000,0.65,3.06,3.90,6.86
2016-02-23,21.92,21.41,22.16,21.01,44619,96420000,-0.50,-2.28,5.25,6.47
2016-02-24,21.31,22.30,22.34,21.10,53764,116490000,0.89,4.16,5.79,7.79
2016-02-25,22.20,20.07,22.20,20.07,61862,129300000,-2.23,-10.00,9.55,8.97
2016-02-26,20.20,19.30,20.47,18.07,47060,92570000,-0.77,-3.84,11.96,6.82
2016-02-29,18.50,17.56,19.21,17.49,41703,74890000,-1.74,-9.02,8.91,6.05
2016-03-01,17.80,18.35,18.50,17.49,32727,58910000,0.79,4.50,5.75,4.74
2016-03-02,18.37,19.31,19.35,18.35,35503,67100000,0.96,5.23,5.45,5.15
2016-03-03,19.19,19.06,19.80,19.05,37367,72480000,-0.25,-1.29,3.88,5.42
2016-03-04,19.00,17.96,19.10,17.73,35389,65010000,-1.10,-5.77,7.19,5.13
2016-03-07,18.35,18.30,18.97,18.21,31956,59130000,0.34,1.89,4.23,4.63
2016-03-08,18.27,18.53,18.60,17.02,36273,65050000,0.23,1.26,8.63,5.26
2016-03-09,18.10,18.21,18.68,17.68,25102,45850000,-0.32,-1.73,5.40,3.64
2016-03-10,18.21,17.95,18.47,17.93,21172,38500000,-0.26,-1.43,2.97,3.07
2016-03-11,17.70,18.88,19.44,17.51,52070,96810000,0.93,5.18,10.75,7.55
2016-03-14,19.03,19.73,20.05,19.02,68069,133570000,0.85,4.50,5.46,9.87
2016-03-15,19.66,19.03,19.66,18.96,44032,84740000,-0.70,-3.55,3.55,6.38
2016-03-16,19.35,18.60,19.59,18.51,32100,60700000,-0.43,-2.26,5.68,4.65
2016-03-17,18.75,19.47,19.59,18.56,52390,100590000,0.87,4.68,5.54,7.60
2016-03-18,19.47,20.30,20.39,19.45,72930,146190000,0.83,4.26,4.83,10.57
2016-03-21,20.70,20.86,20.89,20.33,73888,152720000,0.56,2.76,2.76,10.71
2016-03-22,20.62,20.80,21.20,20.35,63542,131720000,-0.06,-0.29,4.07,9.21
2016-03-23,20.84,21.70,21.70,20.82,78865,167930000,0.90,4.33,4.23,11.43
2016-03-24,21.35,21.80,22.79,21.01,109719,240950000,0.10,0.46,8.20,15.91
2016-03-25,21.87,21.45,22.07,21.10,58062,124860000,-0.35,-1.61,4.45,8.42
2016-03-28,21.56,20.85,22.12,20.80,58306,125660000,-0.60,-2.80,6.15,8.45
2016-03-29,20.61,20.14,21.05,19.90,43694,88840000,-0.71,-3.41,5.52,6.34
2016-03-30,20.25,21.31,21.35,20.25,48158,100190000,1.17,5.81,5.46,6.98
2016-03-31,21.57,21.44,21.98,21.30,60437,130530000,0.13,0.61,3.19,8.76
2016-04-01,21.20,21.04,21.43,20.50,44191,92550000,-0.40,-1.87,4.34,6.41
2016-04-05,20.98,22.10,22.10,20.82,50480,108800000,1.06,5.04,6.08,7.32
2016-04-06,22.00,22.54,23.10,21.80,78804,177820000,0.44,1.99,5.88,11.43
2016-04-07,22.37,21.62,22.69,21.57,58092,127850000,-0.92,-4.08,4.97,8.42
2016-04-08,21.26,21.58,21.60,21.15,41347,88300000,-0.04,-0.19,2.08,5.99
2016-04-11,21.99,22.22,22.51,21.87,49537,110360000,0.64,2.97,2.97,7.18
2016-04-12,22.18,21.80,22.18,21.45,37463,81380000,-0.42,-1.89,3.29,5.43
2016-04-13,21.99,22.20,22.77,21.99,64405,143960000,0.40,1.83,3.58,9.34
2016-04-14,22.30,23.00,23.00,22.22,75126,170770000,0.80,3.60,3.51,10.89
2016-04-15,22.97,22.88,22.97,22.51,51658,117110000,-0.12,-0.52,2.00,7.49
2016-04-18,22.50,22.26,22.50,21.88,37467,83180000,-0.62,-2.71,2.71,5.43
2016-04-19,22.45,22.72,22.77,22.25,46106,103950000,0.46,2.07,2.34,6.68
2016-04-20,22.71,20.60,22.79,20.45,77329,165220000,-2.12,-9.33,10.30,11.21
2016-04-21,20.65,19.71,20.70,19.66,43857,89070000,-0.89,-4.32,5.05,6.36
2016-04-22,19.60,20.05,20.19,19.37,35036,69310000,0.34,1.73,4.16,5.08
2016-04-25,19.79,19.42,19.79,18.98,41797,80550000,-0.63,-3.14,4.04,4.30
2016-04-26,19.36,19.86,19.86,19.36,28106,55090000,0.44,2.27,2.57,2.89
2016-04-27,19.86,19.48,20.00,19.44,29855,58970000,-0.38,-1.91,2.82,3.07
2016-04-28,19.45,19.85,19.88,19.10,33317,65170000,0.37,1.90,4.00,3.43
2016-04-29,19.78,19.79,19.95,19.60,25182,49910000,-0.06,-0.30,1.76,2.59
2016-05-03,19.78,20.79,20.88,19.51,39214,79890000,1.00,5.05,6.92,4.03
2016-05-04,20.53,20.55,20.94,20.43,37860,78340000,-0.24,-1.15,2.45,3.89
2016-05-05,20.55,20.95,21.05,20.42,35157,73090000,0.40,1.95,3.07,3.62
2016-05-06,20.90,19.86,21.42,19.85,48987,101010000,-1.09,-5.20,7.49,5.04
2016-05-09,19.58,18.74,19.73,18.51,36374,69130000,-1.12,-5.64,6.14,3.74
2016-05-10,18.70,18.82,19.10,18.55,19657,37120000,0.08,0.43,2.93,2.02
2016-05-11,18.92,18.55,19.28,18.50,21405,40240000,-0.27,-1.43,4.14,2.20
2016-05-12,18.35,18.39,18.49,17.72,20974,38090000,-0.16,-0.86,4.15,2.16
2016-05-13,18.40,18.55,18.85,18.36,20612,38390000,0.16,0.87,2.66,2.12
2016-05-16,18.89,19.19,19.30,18.85,26037,49750000,0.64,3.45,2.43,2.68
2016-05-17,19.05,18.93,19.36,18.67,32179,61140000,-0.26,-1.35,3.60,3.31
2016-05-18,18.88,18.29,18.88,18.12,27012,49540000,-0.64,-3.38,4.01,2.78
2016-05-19,18.29,18.86,19.14,18.29,35711,67290000,0.57,3.12,4.65,3.67
2016-05-20,18.67,19.33,19.35,18.48,34328,65310000,0.47,2.49,4.61,3.53
2016-05-23,19.50,21.26,21.26,19.50,42495,88750000,1.93,9.98,9.11,4.37
2016-05-24,22.49,22.13,22.94,21.63,170542,379470000,0.87,4.09,6.16,17.54
2016-05-25,22.37,22.45,22.75,21.65,113299,251470000,0.32,1.45,4.97,11.65
2016-05-26,22.22,21.70,22.43,20.80,97446,209250000,-0.75,-3.34,7.26,10.02
2016-05-27,21.39,21.38,21.74,21.01,76168,162440000,-0.32,-1.47,3.36,7.83
2016-05-30,21.28,21.37,21.75,20.60,59891,127840000,-0.01,-0.05,5.38,6.16
2016-05-31,21.30,23.03,23.05,21.26,105396,234660000,1.66,7.77,8.38,10.84
2016-06-01,22.72,23.54,24.20,22.72,118701,279720000,0.51,2.21,6.43,12.21
2016-06-02,23.54,23.79,23.93,23.01,79636,186980000,0.25,1.06,3.91,8.19
2016-06-03,23.79,23.46,23.93,23.30,61249,144360000,-0.33,-1.39,2.65,6.30
2016-06-06,23.60,23.15,23.76,22.85,58728,136710000,-0.31,-1.32,3.88,6.04
2016-06-07,23.23,25.47,25.47,23.23,93524,231460000,2.32,10.02,9.68,9.62
2016-06-08,25.88,26.29,27.98,25.70,205785,544800000,0.82,3.22,8.95,21.16
2016-06-13,25.76,23.66,25.76,23.66,122797,306380000,-2.63,-10.00,7.99,12.63
2016-06-14,23.21,22.85,23.51,22.30,100577,229290000,-0.81,-3.42,5.11,10.34
2016-06-15,22.60,25.14,25.14,22.50,84762,205800000,2.29,10.02,11.55,8.72
2016-06-16,26.00,25.80,27.65,25.66,191273,504500000,0.66,2.63,7.92,19.67
2016-06-17,26.52,25.56,27.50,25.50,128894,339890000,-0.24,-0.93,7.75,13.25
2016-06-20,28.12,28.12,28.12,26.88,188777,524650000,2.56,10.02,4.85,19.41
2016-06-21,28.50,27.63,30.08,26.87,232895,664970000,-0.49,-1.74,11.42,23.95
2016-06-22,26.68,27.68,27.69,26.12,128767,344390000,0.05,0.18,5.68,13.24
2016-06-23,27.40,26.53,27.40,26.15,99214,264220000,-1.15,-4.15,4.52,10.20
2016-06-24,26.20,27.00,27.69,25.37,148056,399490000,0.47,1.77,8.74,15.22
2016-06-27,26.30,27.73,27.98,26.30,102448,277950000,0.73,2.70,6.22,10.53
2016-06-28,27.40,26.88,27.59,26.35,104932,283090000,-0.85,-3.07,4.47,10.79
2016-06-29,26.85,26.70,27.49,26.60,65787,176910000,-0.18,-0.67,3.31,6.76
2016-06-30,27.30,29.37,29.37,27.30,141607,409170000,2.67,10.00,7.75,14.56
2016-07-01,30.00,28.20,30.01,28.20,158505,455430000,-1.17,-3.98,6.16,16.30
2016-07-04,28.30,28.66,28.96,27.87,86367,246110000,0.46,1.63,3.87,8.88
2016-07-05,28.84,31.00,31.53,28.84,188741,571090000,2.34,8.16,9.39,19.41
2016-07-06,30.21,31.96,33.70,29.88,180410,573140000,1.11,3.60,12.38,18.55
2016-07-07,31.79,32.03,32.48,31.00,105312,332910000,0.07,0.22,4.63,10.83
2016-07-08,31.89,31.18,32.39,31.08,80910,256790000,-0.85,-2.65,4.09,8.32
2016-07-11,30.96,30.41,32.39,29.91,84562,261350000,-0.77,-2.47,7.95,8.70
2016-07-12,30.18,30.76,31.15,29.50,76152,230970000,0.35,1.15,5.43,7.83
2016-07-13,30.86,30.56,31.05,30.16,48599,148610000,-0.20,-0.65,2.89,5.00
2016-07-14,30.10,31.60,32.79,30.10,95015,300920000,1.04,3.40,8.80,9.77
2016-07-15,31.20,31.65,32.32,30.88,72109,228280000,0.05,0.16,4.56,7.41
2016-07-18,31.31,30.72,31.98,30.22,63918,198010000,-0.93,-2.94,5.56,6.57
2016-07-19,30.38,30.76,31.08,30.02,47097,143300000,0.04,0.13,3.45,4.84
2016-07-20,30.65,30.72,31.27,30.51,44864,138850000,-0.04,-0.13,2.47,4.61
2016-07-21,30.50,30.05,30.88,30.04,43428,131760000,-0.67,-2.18,2.73,4.47
2016-07-22,29.80,28.49,30.30,28.30,78951,229470000,-1.56,-5.19,6.66,8.12
2016-07-25,28.02,27.30,28.55,26.95,78968,216600000,-1.19,-4.18,5.62,8.12
2016-07-26,27.32,28.10,28.16,27.25,66542,184330000,0.80,2.93,3.33,6.84
2016-07-27,27.80,26.21,28.10,25.76,59029,158650000,-1.89,-6.73,8.33,6.07
2016-07-28,26.13,26.60,26.75,25.68,47626,125310000,0.39,1.49,4.08,4.90
2016-07-29,26.74,27.32,27.47,26.21,51350,138810000,0.72,2.71,4.74,5.28
2016-08-01,26.89,27.00,27.30,25.50,35220,93950000,-0.32,-1.17,6.59,3.62
2016-08-02,28.30,27.00,28.30,26.90,40143,109930000,0.00,0.00,5.19,4.13
2016-08-03,26.94,27.13,27.27,26.40,31629,85200000,0.13,0.48,3.22,3.25
2016-08-04,27.33,27.90,28.16,26.60,54628,150640000,0.77,2.84,5.75,5.62
2016-08-05,27.54,27.34,28.14,27.21,33917,93790000,-0.56,-2.01,3.33,3.49
2016-08-08,27.05,27.18,27.30,26.33,23752,63890000,-0.16,-0.59,3.55,2.44
2016-08-09,27.09,27.40,27.70,27.01,25800,70780000,0.22,0.81,2.54,2.65
2016-08-10,27.40,27.43,28.08,27.28,32905,91080000,0.03,0.11,2.92,3.38
2016-08-11,27.20,26.22,27.33,26.21,38352,102470000,-1.21,-4.41,4.08,3.94
2016-08-12,26.05,26.43,26.57,25.44,43515,113030000,0.21,0.80,4.31,4.47
2016-08-15,26.43,27.07,27.30,26.02,40430,108440000,0.64,2.42,4.84,4.16
2016-08-16,27.05,27.52,27.88,27.05,43348,119530000,0.45,1.66,3.07,4.46
2016-08-17,27.60,27.58,27.98,27.20,38769,107040000,0.06,0.22,2.83,3.99
2016-08-18,27.80,28.08,28.39,27.58,58413,164020000,0.50,1.81,2.94,6.01
2016-08-19,27.74,27.80,28.22,27.71,27456,76770000,-0.28,-1.00,1.82,2.82
2016-08-22,27.80,25.98,27.93,25.80,60840,162080000,-1.82,-6.55,7.66,6.26
2016-08-23,25.98,26.30,26.55,25.80,28208,73980000,0.32,1.23,2.89,2.90
2016-08-24,26.32,26.42,26.90,26.32,27764,74060000,0.12,0.46,2.21,2.85
2016-08-25,26.26,26.29,26.50,25.81,29514,76980000,-0.13,-0.49,2.61,3.03
2016-08-26,26.40,26.50,26.79,26.20,25251,66970000,0.21,0.80,2.24,2.60
2016-08-29,26.54,26.14,26.80,25.98,26809,70770000,-0.36,-1.36,3.09,2.76
2016-08-30,26.06,26.07,26.45,26.00,15930,41750000,-0.07,-0.27,1.72,1.64
2016-08-31,26.07,26.25,26.29,25.91,21870,57120000,0.18,0.69,1.46,2.25
2016-09-01,26.42,25.80,26.44,25.75,36209,93920000,-0.45,-1.71,2.63,3.72
2016-09-02,25.78,24.97,25.93,24.90,36888,93310000,-0.83,-3.22,3.99,3.79
2016-09-05,24.98,25.30,25.73,24.98,23445,59580000,0.33,1.32,3.00,2.41
2016-09-06,25.16,26.81,27.00,25.10,61328,161010000,1.51,5.97,7.51,6.31
2016-09-07,26.81,27.30,28.28,26.76,85359,237610000,0.49,1.83,5.67,8.78
2016-09-08,27.06,27.18,27.76,27.06,33964,92760000,-0.12,-0.44,2.56,3.49
2016-09-09,27.24,28.12,29.60,27.24,95301,271530000,0.94,3.46,8.68,9.80
2016-09-12,27.43,27.56,28.79,26.81,62539,173720000,-0.56,-1.99,7.04,6.43
2016-09-13,27.99,29.20,29.35,27.80,98074,282820000,1.64,5.95,5.62,10.08
2016-09-14,29.08,28.51,29.09,28.00,54191,153710000,-0.69,-2.36,3.73,5.57
2016-09-19,28.51,28.40,28.75,28.00,44099,124750000,-0.11,-0.39,2.63,4.53
2016-09-20,28.63,29.38,29.69,28.40,81129,237520000,0.98,3.45,4.54,8.34
2016-09-21,29.20,29.06,29.98,29.01,54341,160070000,-0.32,-1.09,3.30,5.59
2016-09-22,29.00,29.10,29.56,28.78,37220,108200000,0.04,0.14,2.68,3.83
2016-09-23,29.13,29.10,29.52,28.51,36522,105730000,0.00,0.00,3.47,3.76
2016-09-26,29.05,28.86,29.80,28.63,54209,159120000,-0.24,-0.82,4.02,5.57
2016-09-27,28.50,27.99,28.96,27.40,43802,122470000,-0.87,-3.01,5.41,4.50
2016-09-28,28.19,27.86,28.22,27.60,22079,61730000,-0.13,-0.46,2.22,2.27
2016-09-29,27.86,27.90,28.44,27.76,28570,80400000,0.04,0.14,2.44,2.94
2016-09-30,27.90,28.68,28.82,27.40,43698,123820000,0.78,2.80,5.09,4.49
2016-10-10,29.09,29.30,29.59,28.74,36282,105810000,0.62,2.16,2.96,3.73
2016-10-11,29.30,29.31,29.48,28.93,23529,68630000,0.01,0.03,1.88,2.42
2016-10-12,29.00,29.19,29.45,28.90,22280,64890000,-0.12,-0.41,1.88,2.29
2016-10-13,29.32,30.16,30.69,29.30,51305,154910000,0.97,3.32,4.76,5.28
2016-10-14,29.83,30.32,30.44,29.30,44875,134060000,0.16,0.53,3.78,4.61
2016-10-17,30.44,29.79,30.48,29.69,28449,85310000,-0.53,-1.75,2.61,2.93
2016-10-18,29.75,29.98,30.25,29.50,32814,98350000,0.19,0.64,2.52,3.37
2016-10-19,30.28,29.22,30.29,29.10,31252,92400000,-0.76,-2.54,3.97,3.21
2016-10-20,29.16,28.73,29.44,28.44,32707,94310000,-0.49,-1.68,3.42,3.36
2016-10-21,28.66,28.34,29.00,28.01,29215,83090000,-0.39,-1.36,3.45,3.00
2016-10-24,28.08,28.24,28.29,27.31,54948,152680000,-0.10,-0.35,3.46,5.65
2016-10-25,28.44,28.42,28.70,28.40,32033,91390000,0.18,0.64,1.06,3.29
2016-10-26,28.26,27.83,28.42,27.78,27575,77070000,-0.59,-2.08,2.25,2.84
2016-10-27,27.50,27.47,28.24,27.27,38028,105040000,-0.36,-1.29,3.49,3.91
2016-10-28,27.58,26.70,27.70,26.70,41906,113910000,-0.77,-2.80,3.64,4.31
2016-10-31,26.80,27.20,27.42,26.75,24280,65790000,0.50,1.87,2.51,2.50
2016-11-01,27.08,27.58,27.59,27.03,22369,61250000,0.38,1.40,2.06,2.30
2016-11-02,27.50,26.95,27.70,26.70,41784,113120000,-0.63,-2.28,3.63,4.30
2016-11-03,26.96,27.75,27.90,26.84,53457,147120000,0.80,2.97,3.93,5.50
2016-11-04,27.79,27.70,27.86,27.51,22244,61590000,-0.05,-0.18,1.26,2.29
2016-11-07,27.98,27.18,27.98,26.86,25598,69580000,-0.52,-1.88,4.04,2.63
2016-11-08,27.36,27.13,27.43,27.05,17342,47200000,-0.05,-0.18,1.40,1.78
2016-11-09,27.00,26.28,27.12,26.01,41192,109040000,-0.85,-3.13,4.09,4.24
2016-11-10,26.32,26.56,26.90,26.32,24920,66260000,0.28,1.07,2.21,2.50
2016-11-11,26.51,26.65,26.73,26.07,32372,85290000,0.09,0.34,2.48,3.25
2016-11-14,26.80,27.34,27.52,26.74,39397,107390000,0.69,2.59,2.93,3.96
2016-11-15,27.40,27.27,27.40,26.89,23749,64330000,-0.07,-0.26,1.87,2.39
2016-11-16,27.34,27.45,27.79,27.25,34296,94650000,0.18,0.66,1.98,3.45
2016-11-17,27.20,27.15,27.40,26.85,21886,59240000,-0.30,-1.09,2.00,2.20
2016-11-18,27.06,26.80,27.17,26.75,19299,52030000,-0.35,-1.29,1.55,1.94
2016-11-21,26.77,26.95,27.25,26.77,20187,54620000,0.15,0.56,1.79,2.03
2016-11-22,26.96,27.15,27.17,26.58,31830,85400000,0.20,0.74,2.19,3.20
2016-11-23,27.18,26.73,27.25,26.73,25727,69500000,-0.42,-1.55,1.92,2.59
2016-11-24,26.64,26.38,26.84,26.33,20027,53230000,-0.35,-1.31,1.91,2.01
2016-11-25,26.66,26.60,26.66,25.80,22464,59150000,0.22,0.83,3.26,2.26
2016-11-28,26.86,26.41,26.86,26.40,17324,46080000,-0.19,-0.71,1.73,1.74
2016-11-29,26.38,26.14,26.51,26.11,17388,45640000,-0.27,-1.02,1.51,1.75
2016-11-30,26.14,26.15,26.38,26.00,14904,39110000,0.01,0.04,1.45,1.50
2016-12-01,26.20,26.38,26.55,26.15,15407,40710000,0.23,0.88,1.53,1.55
2016-12-02,26.38,25.92,26.46,25.81,20601,53780000,-0.46,-1.74,2.46,2.07
2016-12-05,25.70,25.59,25.88,25.38,16571,42560000,-0.33,-1.27,1.93,1.67
2016-12-06,25.25,25.55,25.78,25.25,10388,26520000,-0.04,-0.16,2.07,1.04
2016-12-07,25.69,25.72,25.77,25.31,13190,33630000,0.17,0.67,1.80,1.33
2016-12-08,25.74,25.24,25.85,25.16,16523,42010000,-0.48,-1.87,2.68,1.66
2016-12-09,25.21,25.90,26.80,25.12,39026,101430000,0.66,2.61,6.66,3.92
2016-12-12,25.58,23.80,25.60,23.61,36524,90050000,-2.10,-8.11,7.68,3.67
2016-12-13,23.56,23.55,23.80,22.80,20027,46830000,-0.25,-1.05,4.20,2.01
2016-12-14,23.30,23.07,23.67,23.05,12385,28780000,-0.48,-2.04,2.63,1.24
2016-12-15,22.83,23.24,23.66,22.82,12586,29330000,0.17,0.74,3.64,1.27
2016-12-16,23.24,23.60,23.66,23.16,13533,31720000,0.36,1.55,2.15,1.36
2016-12-19,23.51,23.45,23.60,23.22,8792,20570000,-0.15,-0.64,1.61,0.88
2016-12-20,23.43,23.38,23.60,23.13,8908,20880000,-0.07,-0.30,2.00,0.90
2016-12-21,23.38,23.53,23.57,23.38,10136,23800000,0.15,0.64,0.81,1.02
2016-12-22,23.51,23.81,23.98,23.50,18866,44820000,0.28,1.19,2.04,1.90
2016-12-23,23.70,23.28,23.78,23.25,12221,28720000,-0.53,-2.23,2.23,1.23
2016-12-26,23.02,23.52,23.55,22.95,10375,24150000,0.24,1.03,2.58,1.04
2016-12-27,23.50,23.65,23.88,23.35,14024,33190000,0.13,0.55,2.25,1.41
2016-12-28,23.56,23.61,23.75,23.39,8689,20510000,-0.04,-0.17,1.52,0.87
2016-12-29,23.40,23.69,23.80,23.39,12755,30150000,0.08,0.34,1.74,1.28
2016-12-30,23.61,24.00,24.15,23.42,19944,47490000,0.31,1.31,3.08,2.00
2017-01-03,24.00,24.42,24.88,23.97,29251,71800000,0.42,1.75,3.79,2.94
2017-01-04,24.37,24.91,26.26,24.18,47228,118810000,0.49,2.01,8.52,4.75
2017-01-05,24.92,24.98,25.46,24.77,21467,53780000,0.07,0.28,2.77,2.16
2017-01-06,24.80,24.41,25.16,24.40,12335,30410000,-0.57,-2.28,3.04,1.24
2017-01-09,24.36,24.47,24.75,24.36,10337,25340000,0.06,0.25,1.60,1.04
2017-01-10,24.60,23.99,24.60,23.90,11165,27150000,-0.48,-1.96,2.86,1.12
2017-01-11,23.98,24.02,24.29,23.90,10295,24750000,0.03,0.13,1.63,1.03
2017-01-12,24.21,23.36,24.21,23.31,9983,23680000,-0.66,-2.75,3.75,1.00
2017-01-13,23.45,22.86,23.45,22.81,13155,30300000,-0.50,-2.14,2.74,1.32
2017-01-16,22.73,21.20,23.18,20.57,22879,49830000,-1.66,-7.26,11.42,2.30
2017-01-17,21.02,21.05,21.27,19.51,26226,54040000,-0.15,-0.71,8.30,2.64
2017-01-18,20.95,20.22,20.95,20.09,19171,39480000,-0.83,-3.94,4.09,1.93
2017-01-19,20.01,20.00,20.40,19.90,19560,39330000,-0.22,-1.09,2.47,1.97
2017-01-20,19.92,21.04,21.33,19.92,26001,54210000,1.04,5.20,7.05,2.61
2017-01-23,21.00,20.95,21.30,20.73,13401,28120000,-0.09,-0.43,2.71,1.35
2017-01-24,20.85,20.48,21.20,20.35,18612,38420000,-0.47,-2.24,4.06,1.87
2017-01-25,20.50,20.48,20.70,20.16,22975,46850000,0.00,0.00,2.64,2.31
2017-01-26,20.60,20.77,20.78,20.33,13808,28490000,0.29,1.42,2.20,1.39
2017-02-03,20.79,20.47,20.89,20.22,18562,37950000,-0.30,-1.44,3.23,1.87
2017-02-06,20.47,21.15,21.15,20.31,24309,50360000,0.68,3.32,4.10,2.44
2017-02-07,21.10,21.16,21.17,20.74,22935,47905500,0.01,0.05,2.033,2.31
2017-02-08,21.15,21.68,22.65,20.76,26558,57245200,0.52,2.46,8.932,2.67
2017-02-09,21.72,21.87,21.98,21.50,25210,54793300,0.19,0.88,2.214,2.53
2017-02-10,21.80,21.85,22.09,21.70,19413,42554400,-0.02,-0.09,1.783,1.95
2017-02-13,21.85,21.77,22.09,21.61,15044,32876600,-0.08,-0.37,2.197,1.51
2017-02-14,21.77,21.62,21.84,21.58,10372,22495000,-0.15,-0.69,1.194,1.04
2017-02-15,21.62,21.37,21.86,21.35,12808,27702500,-0.25,-1.16,2.359,1.29
2017-02-16,21.30,21.35,21.58,21.20,10603,22659300,-0.02,-0.09,1.778,1.07
2017-02-17,21.43,21.27,21.48,20.91,12955,27448900,-0.08,-0.37,2.67,1.30
2017-02-20,21.19,21.31,21.31,21.03,12125,25646400,0.04,0.19,1.316,1.22
2017-02-21,21.28,21.70,21.77,21.13,21610,46577200,0.39,1.83,3.00,2.17
2017-02-22,21.56,21.68,21.78,21.50,14965,32356100,-0.02,-0.09,1.29,1.50
2017-02-23,21.57,22.00,22.06,21.57,24002,52601900,0.32,1.48,2.26,2.41
2017-02-24,22.10,22.37,22.50,21.90,21139,46828200,0.37,1.68,2.73,2.12
2017-02-27,22.30,21.93,22.36,21.76,16227,35751800,-0.44,-1.97,2.68,1.63
2017-02-28,21.80,21.93,22.10,21.72,12986,28386700,0.00,0.00,1.73,1.31
2017-03-01,21.93,21.94,22.10,21.81,16176,35569700,0.01,0.05,1.32,1.63
2017-03-02,22.00,21.55,22.03,21.52,17817,38640000,-0.39,-1.78,2.33,1.79
2017-03-03,21.35,22.49,22.69,21.32,45835,101460300,0.94,4.36,6.36,4.61
2017-03-06,22.57,23.00,23.18,22.30,45255,103604600,0.51,2.27,3.91,4.55
2017-03-07,22.82,23.56,23.66,22.76,48817,113830400,0.56,2.43,3.91,4.91
2017-03-08,23.31,23.60,23.81,23.16,39302,92368700,0.04,0.17,2.76,3.95
2017-03-09,23.55,23.45,23.55,23.20,23392,54625300,-0.15,-0.64,1.48,2.35
2017-03-10,23.26,23.76,23.90,23.08,32927,77535200,0.31,1.32,3.50,3.31
2017-03-13,23.57,23.45,24.45,23.00,46662,111264100,-0.31,-1.30,6.10,4.69
2017-03-14,23.34,23.39,23.99,23.19,22794,53736800,-0.06,-0.26,3.41,2.29
2017-03-15,23.26,23.41,23.88,23.26,21757,51248000,0.02,0.09,2.65,2.19
2017-03-16,23.40,23.64,23.75,23.38,24064,56725016,0.23,0.98,1.58,2.42
2017-03-17,23.86,23.40,23.86,23.37,21125,49840686,-0.24,-1.02,2.07,2.12
2017-03-20,23.44,23.55,23.80,23.25,17625,41468867,0.15,0.64,2.35,1.77
2017-03-21,23.68,24.63,24.80,23.66,63643,155225734,1.08,4.59,4.84,6.40
2017-03-22,24.32,24.51,24.77,24.11,33982,83141809,-0.12,-0.49,2.68,3.42
2017-03-23,24.60,24.17,24.60,23.90,22426,54422450,-0.34,-1.39,2.86,2.25
2017-03-24,24.06,24.10,24.29,23.91,14128,33952344,-0.07,-0.29,1.57,1.42
2017-03-27,24.12,23.92,24.38,23.85,16112,38655616,-0.18,-0.75,2.20,1.62
2017-03-28,23.87,23.54,24.05,23.52,14484,34333106,-0.38,-1.59,2.22,1.46
2017-03-29,23.54,23.35,23.80,23.29,22992,54107166,-0.19,-0.81,2.17,2.31
2017-03-30,23.35,22.85,23.55,22.44,18137,41642752,-0.50,-2.14,4.75,1.82
2017-03-31,22.84,23.20,23.33,22.51,15606,35982054,0.35,1.53,3.59,1.57
2017-04-05,23.36,24.60,24.90,23.36,40728,99647530,1.40,6.03,6.64,4.09
2017-04-06,24.50,25.12,25.80,24.48,55386,140090020,0.52,2.11,5.37,5.57
2017-04-07,25.12,25.12,25.58,24.82,33819,85016833,0.00,0.00,3.03,3.40
2017-04-10,24.81,25.05,25.80,24.32,49524,124680446,-0.07,-0.28,5.89,4.98
2017-04-11,25.00,25.11,25.66,24.35,32552,81997360,0.06,0.24,5.23,3.27
2017-04-12,25.49,24.98,25.49,24.80,23653,59316677,-0.13,-0.52,2.75,2.38
2017-04-13,24.96,24.99,25.30,24.75,20698,51868656,0.01,0.04,2.20,2.08
2017-04-14,25.10,25.07,25.60,24.53,26101,65501595,0.08,0.32,4.28,2.62
2017-04-17,24.72,25.50,26.75,24.10,55961,143311552,0.43,1.72,10.57,5.63
2017-04-18,25.79,24.80,26.10,24.58,33063,83483674,-0.70,-2.75,5.96,3.32
2017-04-19,24.80,25.06,25.19,23.40,32406,78842915,0.26,1.05,7.22,3.26
2017-04-20,24.79,25.93,26.14,24.79,43649,112295078,0.87,3.47,5.39,4.39
2017-04-21,25.87,26.00,26.12,25.60,25712,66618901,0.07,0.27,2.01,2.58
2017-04-24,26.05,25.34,26.07,25.20,19906,50837793,-0.66,-2.54,3.35,2.00
2017-04-25,25.80,25.50,25.80,25.12,17423,44225245,0.16,0.63,2.68,1.75
2017-04-26,25.50,25.94,25.98,25.50,16355,42137780,0.44,1.73,1.88,1.64
2017-04-27,25.94,26.25,26.28,25.39,26083,67359096,0.31,1.20,3.43,2.62
2017-04-28,26.20,26.30,26.49,25.88,22882,59793369,0.05,0.19,2.32,2.30
2017-05-02,26.16,25.81,26.50,25.60,17241,44721029,-0.49,-1.86,3.42,1.90
2017-05-03,25.67,25.85,26.26,25.58,16215,42002569,0.04,0.15,2.63,1.78
2017-05-04,25.61,24.20,25.67,24.00,31977,79633809,-1.65,-6.38,6.46,3.52
2017-05-05,24.23,23.94,24.46,23.56,20428,49174726,-0.26,-1.07,3.72,2.25
2017-05-08,23.35,22.47,23.90,21.60,35474,80081506,-1.47,-6.14,9.61,3.90
2017-05-09,22.27,23.07,23.30,22.10,12132,27783654,0.60,2.67,5.34,1.33
2017-05-10,22.85,23.29,23.34,22.83,10864,25127321,0.22,0.95,2.21,1.19
2017-05-11,23.12,22.99,23.25,22.49,9046,20768395,-0.30,-1.29,3.26,1.00
2017-05-12,22.69,23.12,23.37,22.69,7144,16526944,0.13,0.57,2.96,0.79
2017-05-15,23.13,23.30,23.62,23.13,7097,16589953,0.18,0.78,2.12,0.78
2017-05-16,23.18,22.92,23.29,21.11,24733,55277646,-0.38,-1.63,9.36,2.72
2017-05-17,22.98,22.09,23.28,21.60,48562,107268775,-0.83,-3.62,7.33,5.34
2017-05-18,21.93,22.10,22.20,21.70,12022,26453580,0.01,0.05,2.26,1.32
2017-05-19,21.97,22.09,22.23,21.86,8511,18704831,0.09,0.41,1.68,0.94
2017-05-22,22.18,21.40,22.18,21.10,13825,29795155,-0.69,-3.12,4.89,1.52
2017-05-23,21.60,21.29,21.60,21.02,9323,19729298,-0.11,-0.51,2.71,1.02
2017-05-24,21.28,21.24,21.32,20.66,6917,14567315,-0.05,-0.23,3.10,0.76
2017-05-25,21.19,21.46,21.66,21.05,8217,17525698,0.22,1.04,2.87,0.90
2017-05-26,21.39,21.50,21.65,21.21,8275,17726096,0.04,0.19,2.05,0.91
2017-05-31,21.55,21.32,21.83,21.24,5512,11851050,-0.18,-0.84,2.74,0.61
2017-06-01,21.22,20.52,21.29,20.00,16991,35079462,-0.80,-3.75,6.05,1.87
2017-06-02,20.52,20.52,20.64,19.80,9283,18762046,0.00,0.00,4.09,1.02
2017-06-05,20.41,21.00,21.00,20.41,10734,22336336,0.48,2.34,2.88,1.18
2017-06-06,21.00,20.96,21.20,20.80,4742,9923098,-0.04,-0.19,1.90,0.52
2017-06-07,21.00,21.37,21.44,20.82,15018,31866179,0.41,1.96,2.96,1.65
2017-06-08,21.22,21.52,21.69,21.20,9934,21381659,0.15,0.70,2.29,1.09
2017-06-12,21.01,20.80,21.16,20.70,5028,10491616,-0.21,-1.00,2.19,0.55
2017-06-13,20.97,21.86,22.00,20.81,21226,45829444,1.06,5.10,5.72,2.33
2017-06-14,21.87,21.60,22.37,21.57,15435,34006103,-0.26,-1.19,3.66,1.70
2017-06-15,21.90,21.89,22.07,21.51,8230,18046157,0.29,1.34,2.59,0.91
