日期,开盘,收盘,最高,最低,交易量(手),交易金额(元),涨跌额,涨跌幅(%),振幅(%),换手率(%)
2011-05-25,18.50,17.76,19.08,17.72,119664,221480000,-0.24,-1.33,7.56,59.74
2011-05-26,17.20,16.20,17.75,16.18,69286,116000000,-1.56,-8.78,8.84,34.59
2011-05-27,16.07,16.20,16.60,15.73,41555,67080000,0.00,0.00,5.37,20.75
2011-05-30,16.02,15.95,16.57,15.79,23962,38860000,-0.25,-1.54,4.81,11.96
2011-05-31,15.85,16.19,16.25,15.80,22196,35620000,0.24,1.50,2.82,11.08
2011-06-01,16.20,16.41,16.56,16.05,24871,40650000,0.22,1.36,3.15,12.42
2011-06-02,16.08,16.04,16.26,15.88,22278,35750000,-0.37,-2.25,2.32,11.12
2011-06-03,16.10,16.31,16.38,16.00,20186,32780000,0.27,1.68,2.37,10.08
2011-06-07,16.40,16.28,16.42,16.06,14103,22940000,-0.03,-0.18,2.21,7.04
2011-06-08,16.27,15.97,16.27,15.80,17498,27940000,-0.31,-1.90,2.89,8.74
2011-06-09,15.96,15.45,16.05,15.43,16508,26000000,-0.52,-3.26,3.88,8.24
2011-06-10,15.51,15.51,15.55,15.28,9210,14200000,0.06,0.39,1.75,4.60
2011-06-13,15.10,15.52,15.59,15.10,6295,9690000,0.01,0.06,3.16,3.14
2011-06-14,15.63,15.65,15.72,15.52,7102,11110000,0.13,0.84,1.29,3.55
2011-06-15,15.66,15.57,15.76,15.43,9027,14090000,-0.08,-0.51,2.11,4.51
2011-06-16,15.44,15.40,15.59,15.32,6318,9730000,-0.17,-1.09,1.73,3.15
2011-06-17,15.45,15.04,15.48,15.03,5339,8160000,-0.36,-2.34,2.92,2.67
2011-06-20,15.20,15.00,15.20,14.88,5577,8370000,-0.04,-0.27,2.13,2.78
2011-06-21,15.02,15.18,15.25,14.98,7102,10750000,0.18,1.20,1.80,3.55
2011-06-22,15.18,14.99,15.26,14.96,5095,7680000,-0.19,-1.25,1.98,2.54
2011-06-23,14.95,15.46,15.57,14.91,16119,24770000,0.47,3.14,4.40,8.05
2011-06-24,15.40,15.88,15.99,15.40,17751,27970000,0.42,2.72,3.82,8.86
2011-06-27,15.88,15.95,16.46,15.86,22184,35810000,0.07,0.44,3.78,11.08
2011-06-28,15.91,16.00,16.08,15.76,11039,17570000,0.05,0.31,2.01,5.51
2011-06-29,16.00,15.75,16.13,15.75,8804,14040000,-0.25,-1.56,2.38,4.40
2011-06-30,15.72,15.92,16.10,15.72,7825,12490000,0.17,1.08,2.41,3.91
2011-07-01,15.95,16.08,16.33,15.92,12273,19840000,0.16,1.01,2.58,6.13
2011-07-04,16.15,16.39,16.43,16.15,12316,20150000,0.31,1.93,1.74,6.15
2011-07-05,16.40,16.33,16.44,16.20,10077,16450000,-0.06,-0.37,1.46,5.03
2011-07-06,16.25,16.76,16.97,16.22,22171,37000000,0.43,2.63,4.59,11.07
2011-07-07,16.80,17.53,18.25,16.80,44618,78570000,0.77,4.59,8.65,22.28
2011-07-08,17.43,17.67,17.97,17.25,22939,40330000,0.14,0.80,4.11,11.45
2011-07-11,17.60,17.82,17.99,17.48,14933,26620000,0.15,0.85,2.89,7.46
2011-07-12,17.61,17.37,17.78,17.32,16813,29440000,-0.45,-2.53,2.58,8.39
2011-07-13,17.43,18.32,18.49,17.43,29559,53320000,0.95,5.47,6.10,14.76
2011-07-14,18.30,18.50,18.66,17.98,25220,46280000,0.18,0.98,3.71,12.59
2011-07-15,18.45,18.49,19.08,18.31,27094,50740000,-0.01,-0.05,4.16,13.53
2011-07-18,18.55,18.30,18.76,18.22,19669,36150000,-0.19,-1.03,2.92,9.82
2011-07-19,18.22,18.29,18.42,17.91,18866,34220000,-0.01,-0.05,2.79,9.42
2011-07-21,18.15,17.90,18.26,17.73,14580,26210000,-0.39,-2.13,2.90,7.28
2011-07-22,17.91,18.25,18.47,17.91,13503,24660000,0.35,1.96,3.13,6.74
2011-07-25,18.20,17.68,18.57,17.52,15496,28000000,-0.57,-3.12,5.75,7.74
2011-07-26,17.51,17.79,17.88,17.40,7795,13770000,0.11,0.62,2.71,3.89
2011-07-27,17.71,18.59,18.78,17.70,25614,47230000,0.80,4.50,6.07,12.79
2011-07-28,18.38,19.20,19.29,18.30,33518,63450000,0.61,3.28,5.33,16.73
2011-07-29,19.28,18.39,19.29,18.30,22322,41790000,-0.81,-4.22,5.16,11.14
2011-08-01,18.46,18.89,18.99,18.31,21970,41090000,0.50,2.72,3.70,10.97
2011-08-02,18.66,18.45,18.68,18.00,27626,50570000,-0.44,-2.33,3.60,13.79
2011-08-03,18.19,18.50,18.87,18.08,20954,38820000,0.05,0.27,4.28,10.46
2011-08-04,18.49,18.10,18.62,18.07,16610,30340000,-0.40,-2.16,2.97,8.29
2011-08-05,17.51,17.48,17.77,17.28,18273,32000000,-0.62,-3.43,2.71,9.12
2011-08-08,17.21,16.59,17.40,16.20,12231,20580000,-0.89,-5.09,6.87,6.11
2011-08-09,16.05,16.70,16.97,16.05,12735,21090000,0.11,0.66,5.55,6.36
2011-08-10,16.96,17.05,17.33,16.91,11922,20400000,0.35,2.10,2.52,5.95
2011-08-11,16.62,17.46,17.50,16.62,8808,15120000,0.41,2.40,5.16,4.40
2011-08-12,17.66,17.87,17.97,17.54,11622,20640000,0.41,2.35,2.46,5.80
2011-08-15,17.87,18.15,18.35,17.82,9341,16880000,0.28,1.57,2.97,4.66
2011-08-16,18.14,18.00,18.20,17.87,8321,15000000,-0.15,-0.83,1.82,4.15
2011-08-17,18.00,18.03,18.19,17.80,6834,12310000,0.03,0.17,2.17,3.41
2011-08-18,17.98,18.02,18.32,17.80,13634,24720000,-0.01,-0.06,2.88,6.81
2011-08-19,17.72,18.22,18.25,17.65,9437,16960000,0.20,1.11,3.33,4.71
2011-08-22,18.21,18.47,18.69,18.21,12777,23550000,0.25,1.37,2.63,6.38
2011-08-23,18.55,19.40,19.40,18.34,24418,46330000,0.93,5.04,5.74,12.19
2011-08-24,19.52,19.28,19.89,19.04,22887,44490000,-0.12,-0.62,4.38,11.43
2011-08-25,19.24,19.18,19.44,18.70,22351,42430000,-0.10,-0.52,3.84,8.94
2011-08-26,19.04,19.69,19.80,19.00,24952,48870000,0.51,2.66,4.17,9.98
2011-08-29,19.68,19.80,20.25,19.58,22338,44580000,0.11,0.56,3.40,8.94
2011-08-30,19.81,19.00,20.00,18.88,19903,38710000,-0.80,-4.04,5.66,7.96
2011-08-31,18.93,19.00,19.22,18.50,17168,32320000,0.00,0.00,3.79,6.87
2011-09-01,19.04,18.70,19.20,18.42,21423,40390000,-0.30,-1.58,4.11,8.57
2011-09-02,18.56,18.58,18.83,18.30,9099,16880000,-0.12,-0.64,2.83,3.64
2011-09-05,18.33,18.11,18.34,17.85,9997,18090000,-0.47,-2.53,2.64,4.00
2011-09-06,17.99,17.56,18.14,17.38,10899,19260000,-0.55,-3.04,4.20,4.36
2011-09-08,18.05,17.62,18.21,17.62,13246,23850000,0.06,0.34,3.36,5.30
2011-09-09,17.50,17.35,17.83,17.26,9389,16430000,-0.27,-1.53,3.24,3.76
2011-09-13,17.08,17.38,17.44,17.01,7518,12950000,0.03,0.17,2.48,3.01
2011-09-14,17.40,17.70,17.79,17.28,13684,24160000,0.32,1.84,2.93,5.47
2011-09-15,17.80,17.54,18.06,17.52,12516,22350000,-0.16,-0.90,3.05,5.01
2011-09-16,17.54,17.57,17.85,17.52,7104,12560000,0.03,0.17,1.88,2.84
2011-09-19,17.31,17.28,17.45,17.18,9778,16930000,-0.29,-1.65,1.54,3.91
2011-09-20,17.31,17.30,17.49,17.03,5451,9400000,0.02,0.12,2.66,2.18
2011-09-21,17.30,17.77,17.91,17.18,12401,21960000,0.47,2.72,4.22,4.96
2011-09-22,17.61,16.75,17.71,16.67,13667,23530000,-1.02,-5.74,5.85,5.47
2011-09-23,16.30,16.75,16.75,16.18,9392,15490000,0.00,0.00,3.40,3.76
2011-09-26,16.52,16.73,16.93,16.51,6486,10860000,-0.02,-0.12,2.51,2.59
2011-09-27,16.83,16.66,17.05,16.55,4131,6920000,-0.07,-0.42,2.99,1.65
2011-09-28,16.82,16.36,16.90,16.02,13090,21740000,-0.30,-1.80,5.28,5.24
2011-09-29,16.34,16.08,16.48,16.00,6389,10350000,-0.28,-1.71,2.93,2.56
2011-09-30,15.92,15.72,16.18,15.60,5400,8520000,-0.36,-2.24,3.61,2.16
2011-10-10,15.73,15.76,15.92,15.72,3268,5160000,0.04,0.25,1.27,1.31
2011-10-11,16.10,15.69,16.20,15.57,5472,8720000,-0.07,-0.44,4.00,2.19
2011-10-12,15.69,16.20,16.29,15.41,11380,18210000,0.51,3.25,5.61,4.55
2011-10-13,16.17,16.37,16.59,16.10,13525,22180000,0.17,1.05,3.02,5.41
2011-10-14,16.31,16.25,16.43,16.04,8937,14470000,-0.12,-0.73,2.38,3.57
2011-10-17,16.27,16.58,16.68,16.20,13062,21470000,0.33,2.03,2.95,5.22
2011-10-18,16.47,16.10,16.50,16.07,12853,20990000,-0.48,-2.90,2.59,5.14
2011-10-19,16.15,16.05,16.29,15.95,4640,7480000,-0.05,-0.31,2.11,1.86
2011-10-20,16.00,15.36,16.00,15.15,8094,12560000,-0.69,-4.30,5.30,3.24
2011-10-21,15.48,14.98,15.48,14.89,4949,7470000,-0.38,-2.47,3.84,1.98
2011-10-24,14.98,15.28,15.29,14.82,5505,8300000,0.30,2.00,3.14,2.20
2011-10-25,15.25,15.89,15.95,15.22,10358,16180000,0.61,3.99,4.78,4.14
2011-10-26,15.58,15.94,16.08,15.58,12577,20030000,0.05,0.31,3.15,5.03
2011-10-27,16.02,15.85,16.05,15.82,6909,11020000,-0.09,-0.56,1.44,2.76
2011-10-28,16.01,16.20,16.25,15.87,9971,16030000,0.35,2.21,2.40,3.99
2011-10-31,16.16,16.32,16.34,16.03,10664,17310000,0.12,0.74,1.91,4.27
2011-11-01,16.15,16.11,16.25,15.85,9493,15280000,-0.21,-1.29,2.45,3.80
2011-11-02,15.80,16.62,16.70,15.69,19296,31340000,0.51,3.17,6.27,7.72
2011-11-03,16.66,16.48,16.98,16.41,22716,37960000,-0.14,-0.84,3.43,9.09
2011-11-04,16.57,16.57,16.65,16.40,11109,18360000,0.09,0.55,1.52,4.44
2011-11-07,16.56,16.62,16.75,16.44,8482,14090000,0.05,0.30,1.87,3.39
2011-11-08,16.58,16.33,16.66,16.30,9821,16220000,-0.29,-1.74,2.17,3.93
2011-11-10,16.46,16.62,16.95,16.44,23035,38550000,0.29,1.78,3.12,9.21
2011-11-11,16.62,16.57,16.90,16.47,13063,21770000,-0.05,-0.30,2.59,5.23
2011-11-14,16.69,17.11,17.23,16.69,18603,31690000,0.54,3.26,3.26,7.44
2011-11-15,17.06,17.15,17.25,16.95,10445,17840000,0.04,0.23,1.75,4.18
2011-11-16,17.18,16.67,17.24,16.60,13397,22560000,-0.48,-2.80,3.73,5.36
2011-11-17,16.73,17.01,17.29,16.62,17231,29300000,0.34,2.04,4.02,6.89
2011-11-18,16.80,16.30,16.89,16.27,13509,22290000,-0.71,-4.17,3.64,5.40
2011-11-21,16.26,16.28,16.38,16.03,5667,9180000,-0.02,-0.12,2.15,2.27
2011-11-22,16.12,16.10,16.22,15.76,6475,10370000,-0.18,-1.11,2.83,2.59
2011-11-23,16.08,16.36,16.48,16.08,8226,13470000,0.26,1.61,2.48,3.29
2011-11-24,16.20,16.20,16.36,15.92,5679,9170000,-0.16,-0.98,2.69,2.27
2011-11-25,16.20,16.01,16.34,15.93,3875,6260000,-0.19,-1.17,2.53,1.55
2011-11-28,16.00,16.09,16.14,15.90,2474,3970000,0.08,0.50,1.50,0.99
2011-11-29,16.19,16.35,16.36,16.10,7464,12110000,0.26,1.62,1.62,2.99
2011-11-30,16.32,15.49,16.43,15.24,9620,15230000,-0.86,-5.26,7.28,3.85
2011-12-01,15.93,15.73,16.12,15.70,9204,14670000,0.24,1.55,2.71,3.68
2011-12-02,15.70,15.34,15.73,15.26,5309,8170000,-0.39,-2.48,2.99,2.12
2011-12-05,15.22,14.85,15.27,14.80,5268,7890000,-0.49,-3.19,3.06,2.11
2011-12-06,14.80,15.00,15.06,14.60,2564,3820000,0.15,1.01,3.10,1.03
2011-12-07,14.95,15.00,15.09,14.90,3216,4820000,0.00,0.00,1.27,1.29
2011-12-08,14.91,15.15,15.30,14.76,3471,5230000,0.15,1.00,3.60,1.39
2011-12-09,14.90,15.05,15.15,14.90,2365,3550000,-0.10,-0.66,1.65,0.95
2011-12-12,15.05,15.01,15.12,14.94,1810,2720000,-0.04,-0.27,1.20,0.72
2011-12-13,14.86,14.46,14.98,14.44,3257,4750000,-0.55,-3.66,3.60,1.30
2011-12-14,14.42,14.38,14.59,14.26,1510,2190000,-0.08,-0.55,2.28,0.60
2011-12-15,14.29,13.96,14.29,13.95,4460,6300000,-0.42,-2.92,2.36,1.78
2011-12-16,14.00,14.31,14.35,13.84,5812,8160000,0.35,2.51,3.65,2.32
2011-12-19,14.13,14.38,14.45,13.96,4445,6300000,0.07,0.49,3.42,1.78
2011-12-20,14.31,14.37,14.64,14.27,5603,8120000,-0.01,-0.07,2.57,2.24
2011-12-21,14.42,14.01,14.65,14.01,4686,6750000,-0.36,-2.51,4.45,1.87
2011-12-22,13.99,13.74,13.99,13.17,4518,6190000,-0.27,-1.93,5.85,1.81
2011-12-23,13.73,13.75,13.97,13.56,3111,4280000,0.01,0.07,2.98,1.24
2011-12-26,13.75,13.70,13.92,13.68,1659,2290000,-0.05,-0.36,1.75,0.66
2011-12-27,13.70,13.18,13.70,13.13,3946,5250000,-0.52,-3.80,4.16,1.58
2011-12-28,13.19,12.80,13.19,12.59,5457,6980000,-0.38,-2.88,4.55,2.18
2011-12-29,12.70,12.71,12.84,12.60,5597,7110000,-0.09,-0.70,1.88,2.24
2011-12-30,12.84,12.91,13.05,12.70,6811,8770000,0.20,1.57,2.75,2.72
2012-01-04,13.03,12.52,13.14,12.44,4711,6010000,-0.39,-3.02,5.42,1.88
2012-01-05,12.39,11.89,12.39,11.81,4623,5600000,-0.63,-5.03,4.63,1.85
2012-01-06,11.71,12.02,12.12,11.71,2621,3120000,0.13,1.09,3.45,1.05
2012-01-09,11.90,12.48,12.52,11.85,5014,6170000,0.46,3.83,5.57,2.01
2012-01-10,12.44,12.95,13.02,12.44,7897,10120000,0.47,3.77,4.65,3.16
2012-01-11,12.93,13.00,13.15,12.88,4408,5740000,0.05,0.39,2.08,1.76
2012-01-12,12.99,12.81,13.15,12.70,6157,7930000,-0.19,-1.46,3.46,2.46
2012-01-13,12.80,12.09,12.83,12.00,5871,7230000,-0.72,-5.62,6.48,2.35
2012-01-16,12.01,11.71,12.01,11.70,2250,2670000,-0.38,-3.14,2.56,0.90
2012-01-17,11.95,12.41,12.43,11.66,4092,4970000,0.70,5.98,6.58,1.64
2012-01-18,12.43,12.01,12.48,12.00,4290,5280000,-0.40,-3.22,3.87,1.72
2012-01-19,12.01,12.28,12.29,11.98,5336,6490000,0.27,2.25,2.58,2.13
2012-01-20,12.20,12.39,12.56,12.10,8331,10300000,0.11,0.90,3.75,3.33
2012-01-30,12.38,12.35,12.54,12.22,4795,5950000,-0.04,-0.32,2.58,1.92
2012-01-31,12.37,12.18,12.37,12.05,4154,5040000,-0.17,-1.38,2.59,1.66
2012-02-01,12.15,12.09,12.34,12.05,3614,4410000,-0.09,-0.74,2.38,1.45
2012-02-02,12.17,12.23,12.27,12.00,8731,10590000,0.14,1.16,2.23,3.49
2012-02-03,12.19,12.59,12.62,12.18,12443,15480000,0.36,2.94,3.60,4.98
2012-02-06,12.66,12.64,12.78,12.47,9091,11460000,0.05,0.40,2.46,3.64
2012-02-07,12.60,12.40,12.60,12.20,7166,8870000,-0.24,-1.90,3.16,2.87
2012-02-08,12.39,12.80,12.96,12.30,11505,14560000,0.40,3.23,5.32,4.60
2012-02-09,12.75,12.86,13.03,12.71,8964,11570000,0.06,0.47,2.50,3.59
2012-02-10,12.90,12.93,13.06,12.78,9372,12150000,0.07,0.54,2.18,3.75
2012-02-13,12.84,13.21,13.25,12.79,6956,9140000,0.28,2.17,3.56,2.78
2012-02-14,13.08,13.11,13.20,13.03,6646,8710000,-0.10,-0.76,1.29,2.66
2012-02-15,13.06,13.29,13.34,13.03,5819,7690000,0.18,1.37,2.36,2.33
2012-02-16,13.30,13.20,13.39,13.07,7228,9570000,-0.09,-0.68,2.41,2.89
2012-02-17,13.24,13.18,13.27,12.91,7124,9340000,-0.02,-0.15,2.73,2.85
2012-02-20,13.30,13.11,13.35,13.11,6929,9190000,-0.07,-0.53,1.82,2.77
2012-02-21,13.18,13.48,13.49,13.10,10308,13680000,0.37,2.82,2.97,4.12
2012-02-22,13.57,13.94,13.98,13.39,15546,21370000,0.46,3.41,4.38,6.22
2012-02-23,13.92,14.15,14.27,13.78,13038,18380000,0.21,1.51,3.52,5.22
2012-02-24,14.10,14.15,14.22,13.98,11792,16610000,0.00,0.00,1.70,4.72
2012-02-27,14.19,14.04,14.28,14.04,13359,18940000,-0.11,-0.78,1.70,5.34
2012-02-28,14.00,13.88,14.04,13.66,11071,15270000,-0.16,-1.14,2.71,4.43
2012-02-29,15.27,15.27,15.27,15.27,8101,12370000,1.39,10.01,0.00,3.24
2012-03-01,16.50,16.12,16.56,15.80,85909,139080000,0.85,5.57,4.98,34.36
2012-03-02,16.12,17.59,17.70,16.10,67137,114580000,1.47,9.12,9.93,26.85
2012-03-05,17.59,17.95,18.46,17.57,56174,101130000,0.36,2.05,5.06,22.47
2012-03-06,17.81,18.39,18.40,17.75,37673,68180000,0.44,2.45,3.62,15.07
2012-03-07,18.08,17.87,18.26,17.72,27468,49470000,-0.52,-2.83,2.94,10.99
2012-03-08,17.90,17.94,18.06,17.62,22062,39400000,0.07,0.39,2.46,8.82
2012-03-09,17.99,18.19,18.50,17.67,29092,52900000,0.25,1.39,4.63,11.64
2012-03-12,18.07,18.87,19.00,18.04,46684,86760000,0.68,3.74,5.28,18.67
2012-03-13,18.75,18.88,18.99,18.47,28996,54300000,0.01,0.05,2.76,11.60
2012-03-14,19.00,19.48,20.77,18.99,98698,198520000,0.60,3.18,9.43,39.48
2012-03-15,19.25,18.86,19.58,18.50,56173,106460000,-0.62,-3.18,5.54,22.47
2012-03-16,18.65,18.90,19.10,18.00,48881,91140000,0.04,0.21,5.83,19.55
2012-03-19,18.90,19.23,19.64,18.61,34768,66920000,0.33,1.75,5.45,13.91
2012-03-20,19.21,17.65,19.21,17.60,45400,82480000,-1.58,-8.22,8.37,18.16
2012-03-21,17.54,17.25,17.89,16.87,29033,50480000,-0.40,-2.27,5.78,11.61
2012-03-22,17.00,17.46,17.52,17.00,16183,28100000,0.21,1.22,3.01,6.47
2012-03-23,17.40,17.20,17.58,17.02,16978,29260000,-0.26,-1.49,3.21,6.79
2012-03-26,17.20,17.08,17.29,16.85,11183,19130000,-0.12,-0.70,2.56,4.47
2012-03-27,17.19,16.95,17.26,16.79,11305,19270000,-0.13,-0.76,2.75,4.52
2012-03-28,16.80,15.82,16.80,15.78,21508,34550000,-1.13,-6.67,6.02,8.60
2012-03-29,15.90,15.80,16.18,15.70,12146,19350000,-0.02,-0.13,3.03,4.86
2012-03-30,15.78,15.32,15.91,15.18,14017,21590000,-0.48,-3.04,4.62,5.61
2012-04-05,15.25,15.99,16.13,15.20,15454,24450000,0.67,4.37,6.07,6.18
2012-04-06,15.85,15.69,16.15,15.50,15393,24370000,-0.30,-1.88,4.07,6.16
2012-04-09,15.54,15.67,16.06,15.43,9602,15160000,-0.02,-0.13,4.02,3.84
2012-04-11,15.80,16.35,16.40,15.70,21981,35390000,0.68,4.34,4.47,8.79
2012-04-12,16.26,16.37,16.45,16.03,17817,29010000,0.02,0.12,2.57,7.13
2012-04-13,16.38,16.27,16.46,16.16,14345,23370000,-0.10,-0.61,1.83,5.74
2012-04-16,16.08,16.02,16.18,15.74,13601,21650000,-0.25,-1.54,2.70,5.44
2012-04-17,16.00,15.65,16.09,15.61,9050,14320000,-0.37,-2.31,3.00,3.62
2012-04-18,15.76,16.05,16.19,15.61,16809,26760000,0.40,2.56,3.71,6.72
2012-04-19,16.06,16.16,16.16,15.78,14928,23830000,0.11,0.69,2.37,5.97
2012-04-20,16.01,16.57,16.58,15.99,23789,39020000,0.41,2.54,3.65,9.52
2012-04-23,16.48,15.08,16.48,14.91,26525,41160000,-1.49,-8.99,9.48,10.61
2012-04-24,15.01,14.70,15.19,14.19,14359,21080000,-0.38,-2.52,6.63,5.74
2012-04-25,14.68,14.61,14.80,14.47,11155,16350000,-0.09,-0.61,2.24,4.46
2012-04-26,14.76,14.79,14.98,14.58,8425,12410000,0.18,1.23,2.74,3.37
2012-04-27,14.83,15.01,15.13,14.70,10085,15030000,0.22,1.49,2.91,4.03
2012-05-02,15.14,15.19,15.28,15.05,7823,11870000,0.18,1.20,1.53,3.13
2012-05-03,15.24,15.20,15.24,15.00,6210,9410000,0.01,0.07,1.58,2.48
2012-05-04,15.21,15.82,15.90,15.16,14359,22400000,0.62,4.08,4.87,5.74
2012-05-07,15.73,16.73,17.04,15.60,30604,50350000,0.91,5.75,9.10,12.24
2012-05-08,16.65,16.45,16.74,16.28,17303,28540000,-0.28,-1.67,2.75,6.92
2012-05-09,16.43,16.50,16.88,16.22,17438,28950000,0.05,0.30,4.01,6.98
2012-05-10,16.97,16.64,17.23,16.50,21690,36490000,0.14,0.85,4.42,8.68
2012-05-11,16.55,16.13,16.64,16.13,15304,25020000,-0.51,-3.06,3.06,6.12
2012-05-14,16.28,16.08,16.44,16.01,10851,17610000,-0.05,-0.31,2.67,4.34
2012-05-15,15.78,16.32,16.32,15.75,9442,15110000,0.24,1.49,3.54,3.78
2012-05-16,16.28,15.66,16.36,15.66,11906,18930000,-0.66,-4.04,4.29,4.76
2012-05-17,7.53,7.62,7.85,7.51,17667,13420000,-0.11,-1.42,4.40,3.53
2012-05-18,7.53,7.37,7.54,7.27,17238,12800000,-0.25,-3.28,3.54,3.45
2012-05-21,7.45,7.39,7.45,7.28,9466,6960000,0.02,0.27,2.31,1.89
2012-05-22,7.40,7.43,7.50,7.39,12381,9210000,0.04,0.54,1.49,2.48
2012-05-23,7.40,7.33,7.48,7.22,18040,13210000,-0.10,-1.35,3.50,3.61
2012-05-24,7.30,7.16,7.32,7.14,12808,9240000,-0.17,-2.32,2.46,2.56
2012-05-25,7.12,6.79,7.17,6.79,19134,13250000,-0.37,-5.17,5.31,3.83
2012-05-28,6.76,6.84,6.86,6.67,11536,7790000,0.05,0.74,2.80,1.51
2012-05-29,6.86,7.00,7.07,6.80,18145,12600000,0.16,2.34,3.95,2.38
2012-05-30,7.00,7.05,7.17,6.97,15266,10800000,0.05,0.71,2.86,2.00
2012-05-31,6.98,7.22,7.33,6.96,25269,18170000,0.17,2.41,5.25,3.31
2012-06-01,7.21,7.25,7.27,7.08,15753,11320000,0.03,0.42,2.63,2.07
2012-06-04,7.09,6.95,7.15,6.88,15005,10520000,-0.30,-4.14,3.72,1.97
2012-06-05,6.92,6.90,7.00,6.85,8303,5740000,-0.05,-0.72,2.16,1.09
2012-06-06,6.99,6.83,7.00,6.81,8741,6040000,-0.07,-1.01,2.75,1.09
2012-06-07,6.95,6.71,6.98,6.71,9592,6560000,-0.12,-1.76,3.95,1.20
2012-06-08,6.80,6.86,6.88,6.67,10033,6820000,0.15,2.24,3.13,1.25
2012-06-11,6.82,7.10,7.16,6.81,19748,13880000,0.24,3.50,5.10,2.47
2012-06-12,7.09,6.98,7.10,6.98,11907,8370000,-0.12,-1.69,1.69,1.49
2012-06-13,7.00,7.18,7.24,6.92,24652,17530000,0.20,2.87,4.58,3.08
2012-06-14,7.14,7.22,7.27,7.08,17417,12510000,0.04,0.56,2.65,2.18
2012-06-15,7.26,7.22,7.29,7.17,16331,11810000,0.00,0.00,1.66,2.04
2012-06-18,7.23,7.49,7.88,7.22,35326,26680000,0.27,3.74,9.14,4.42
2012-06-19,7.45,7.64,7.68,7.42,28784,21840000,0.15,2.00,3.47,3.60
2012-06-20,7.62,8.40,8.40,7.62,73975,61210000,0.76,9.95,10.21,9.25
2012-06-21,8.52,8.19,8.54,8.06,78523,65000000,-0.21,-2.50,5.71,9.82
2012-06-25,8.09,7.95,8.16,7.89,33469,26730000,-0.24,-2.93,3.30,4.18
2012-06-26,7.78,8.13,8.16,7.70,41703,33240000,0.18,2.26,5.79,5.21
2012-06-27,8.04,7.86,8.18,7.86,37494,30100000,-0.27,-3.32,3.94,4.69
2012-06-28,7.81,7.50,7.89,7.50,31620,24330000,-0.36,-4.58,4.96,3.95
2012-06-29,7.41,7.66,7.80,7.33,29015,21980000,0.16,2.13,6.27,3.63
2012-07-02,7.68,7.76,7.87,7.59,26067,20260000,0.10,1.31,3.66,3.26
2012-07-03,7.70,7.77,7.98,7.70,27167,21260000,0.01,0.13,3.61,3.40
2012-07-04,7.76,7.75,7.89,7.51,30293,23220000,-0.02,-0.26,4.89,3.79
2012-07-05,7.71,7.86,7.94,7.46,39704,30780000,0.11,1.42,6.19,4.96
2012-07-06,7.87,8.05,8.15,7.64,45815,36290000,0.19,2.42,6.49,5.73
2012-07-09,7.95,7.96,8.27,7.78,50207,40310000,-0.09,-1.12,6.09,6.28
2012-07-10,7.98,7.92,8.03,7.66,24001,18880000,-0.04,-0.50,4.65,3.00
2012-07-11,7.92,7.34,7.92,7.13,51346,37890000,-0.58,-7.32,9.97,6.42
2012-07-12,7.23,7.16,7.27,6.91,34491,24520000,-0.18,-2.45,4.90,4.31
2012-07-13,7.09,7.04,7.35,7.00,17509,12520000,-0.12,-1.68,4.89,2.19
2012-07-16,6.98,6.71,7.00,6.60,17779,12010000,-0.33,-4.69,5.68,2.22
2012-07-17,6.69,6.75,6.76,6.61,6565,4390000,0.04,0.60,2.24,0.82
2012-07-18,6.75,6.76,6.79,6.55,12682,8440000,0.01,0.15,3.56,1.59
2012-07-19,6.68,6.71,6.85,6.63,16731,11300000,-0.05,-0.74,3.25,2.09
2012-07-20,6.72,6.69,6.81,6.65,9658,6490000,-0.02,-0.30,2.38,1.21
2012-07-23,6.65,6.53,6.65,6.30,16413,10530000,-0.16,-2.39,5.23,2.05
2012-07-24,6.39,6.50,6.58,6.35,8614,5580000,-0.03,-0.46,3.52,1.08
2012-07-25,6.41,6.50,6.60,6.41,7526,4890000,0.00,0.00,2.92,0.94
2012-07-26,6.46,6.42,6.54,6.35,6617,4280000,-0.08,-1.23,2.92,0.83
2012-07-27,6.43,6.38,6.46,6.36,4333,2780000,-0.04,-0.62,1.56,0.54
2012-07-30,6.45,6.10,6.45,6.07,7138,4450000,-0.28,-4.39,5.96,0.89
2012-07-31,6.08,5.84,6.08,5.84,7606,4530000,-0.26,-4.26,3.93,0.95
2012-08-01,5.82,5.98,6.06,5.82,8832,5280000,0.14,2.40,4.11,1.10
2012-08-02,5.95,5.90,6.02,5.88,6769,4010000,-0.08,-1.34,2.34,0.85
2012-08-03,5.91,6.05,6.05,5.88,6353,3800000,0.15,2.54,2.88,0.79
2012-08-06,6.00,6.24,6.26,5.98,8737,5350000,0.19,3.14,4.63,1.09
2012-08-07,6.18,6.33,6.34,6.18,8345,5250000,0.09,1.44,2.56,1.04
2012-08-08,6.28,6.21,6.33,6.12,7515,4690000,-0.12,-1.90,3.32,0.94
2012-08-09,6.21,6.83,6.83,6.17,37341,24780000,0.62,9.98,10.63,4.67
2012-08-10,6.97,6.64,6.97,6.64,35223,23900000,-0.19,-2.78,4.83,4.40
2012-08-13,6.62,6.52,6.73,6.50,13676,9010000,-0.12,-1.81,3.46,1.71
2012-08-14,6.52,6.89,7.16,6.38,43547,29830000,0.37,5.67,11.96,5.44
2012-08-15,6.78,6.92,7.10,6.71,21052,14400000,0.03,0.44,5.66,2.63
2012-08-16,6.88,6.59,6.88,6.59,14992,10070000,-0.33,-4.77,4.19,1.87
2012-08-17,6.60,6.59,6.66,6.48,7700,5050000,0.00,0.00,2.73,0.96
2012-08-20,6.53,6.64,6.68,6.43,6701,4390000,0.05,0.76,3.79,0.84
2012-08-21,6.60,6.77,6.84,6.56,12890,8720000,0.13,1.96,4.22,1.61
2012-08-22,6.75,6.66,6.81,6.60,9642,6480000,-0.11,-1.62,3.10,1.21
2012-08-23,6.64,6.86,6.89,6.61,15082,10230000,0.20,3.00,4.20,1.89
2012-08-24,6.86,6.80,7.28,6.76,29480,20690000,-0.06,-0.87,7.58,3.69
2012-08-27,6.63,6.69,6.77,6.15,16544,10800000,-0.11,-1.62,9.12,2.07
2012-08-28,6.60,6.69,6.79,6.52,11532,7710000,0.00,0.00,4.04,1.44
2012-08-29,6.70,6.78,6.84,6.57,13749,9260000,0.09,1.35,4.04,1.72
2012-08-30,6.76,6.52,6.86,6.36,15376,10160000,-0.26,-3.83,7.37,1.92
2012-08-31,6.51,6.60,6.66,6.45,5828,3830000,0.08,1.23,3.22,0.73
2012-09-03,6.56,6.69,6.75,6.53,7148,4770000,0.09,1.36,3.33,0.89
2012-09-04,6.66,6.76,6.84,6.66,15213,10320000,0.07,1.05,2.69,1.90
2012-09-05,6.74,6.95,7.06,6.74,26933,18670000,0.19,2.81,4.73,3.37
2012-09-06,6.98,6.97,7.04,6.86,19488,13500000,0.02,0.29,2.59,2.44
2012-09-07,6.97,7.16,7.28,6.93,30706,21980000,0.19,2.73,5.02,3.84
2012-09-10,7.15,7.28,7.33,7.10,20001,14430000,0.12,1.68,3.21,2.50
2012-09-11,7.27,7.09,7.27,7.02,19329,13760000,-0.19,-2.61,3.43,2.42
2012-09-12,7.13,7.10,7.22,6.96,20029,14130000,0.01,0.14,3.67,2.50
2012-09-13,7.10,6.90,7.11,6.90,13262,9300000,-0.20,-2.82,2.96,1.66
2012-09-14,6.97,6.93,6.99,6.81,10976,7570000,0.03,0.43,2.61,1.37
2012-09-17,6.89,6.67,6.94,6.56,11979,8030000,-0.26,-3.75,5.48,1.50
2012-09-18,6.60,6.63,6.73,6.55,6637,4410000,-0.04,-0.60,2.70,0.83
2012-09-19,6.62,6.72,6.74,6.56,5947,3960000,0.09,1.36,2.71,0.74
2012-09-20,6.64,6.46,6.64,6.36,9595,6210000,-0.26,-3.87,4.17,1.20
2012-09-21,6.45,6.47,6.54,6.39,6981,4520000,0.01,0.15,2.32,0.87
2012-09-24,6.44,6.50,6.62,6.35,6263,4050000,0.03,0.46,4.17,0.78
2012-09-25,6.47,6.58,6.64,6.36,11966,7790000,0.08,1.23,4.31,1.50
2012-09-26,6.70,6.52,6.90,6.38,12513,8260000,-0.06,-0.91,7.90,1.56
2012-09-27,6.55,6.62,6.68,6.39,18923,12410000,0.10,1.53,4.45,2.37
2012-09-28,6.53,6.79,6.87,6.50,18505,12400000,0.17,2.57,5.59,2.31
2012-10-08,6.85,6.79,6.85,6.68,16976,11500000,0.00,0.00,2.50,2.12
2012-10-09,6.80,7.02,7.16,6.77,27674,19300000,0.23,3.39,5.74,3.46
2012-10-10,6.98,6.97,7.10,6.90,23872,16590000,-0.05,-0.71,2.85,2.98
2012-10-11,6.93,6.83,6.94,6.67,24343,16530000,-0.14,-2.01,3.87,3.04
2012-10-12,6.81,6.76,6.90,6.67,11926,8070000,-0.07,-1.02,3.37,1.49
2012-10-15,6.69,6.70,6.76,6.56,5961,3960000,-0.06,-0.89,2.96,0.75
2012-10-16,6.66,6.84,6.95,6.64,19887,13600000,0.14,2.09,4.63,2.49
2012-10-17,6.89,6.80,6.93,6.70,12785,8670000,-0.04,-0.58,3.36,1.60
2012-10-18,6.82,6.90,7.00,6.76,20573,14160000,0.10,1.47,3.53,2.57
2012-10-19,6.99,6.82,6.99,6.77,12540,8600000,-0.08,-1.16,3.19,1.57
2012-10-22,6.72,6.86,6.87,6.71,9008,6120000,0.04,0.59,2.35,1.13
2012-10-23,6.86,6.80,6.95,6.74,13498,9240000,-0.06,-0.87,3.06,1.69
2012-10-24,6.76,6.77,6.83,6.69,10459,7060000,-0.03,-0.44,2.06,1.31
2012-10-25,6.71,6.89,7.45,6.69,51699,36330000,0.12,1.77,11.23,6.46
2012-10-26,6.70,6.73,6.84,6.63,18446,12390000,-0.16,-2.32,3.05,2.31
2012-10-29,6.65,6.68,6.74,6.61,10776,7180000,-0.05,-0.74,1.93,1.35
2012-10-30,6.60,6.67,6.76,6.60,10922,7280000,-0.01,-0.15,2.40,1.37
2012-10-31,6.67,6.62,6.67,6.51,14583,9610000,-0.05,-0.75,2.40,1.82
2012-11-01,6.61,6.69,6.76,6.61,17873,11960000,0.07,1.06,2.27,2.23
2012-11-02,6.72,6.63,6.72,6.63,9559,6360000,-0.06,-0.90,1.35,1.19
2012-11-05,6.63,6.61,6.66,6.52,12859,8490000,-0.02,-0.30,2.11,1.61
2012-11-06,6.62,6.50,6.62,6.31,13045,8420000,-0.11,-1.66,4.69,1.63
2012-11-07,6.40,6.42,6.50,6.36,9672,6200000,-0.08,-1.23,2.15,1.21
2012-11-08,6.42,6.21,6.45,6.21,8307,5280000,-0.21,-3.27,3.74,1.04
2012-11-09,6.21,6.20,6.28,6.01,6124,3780000,-0.01,-0.16,4.35,0.77
2012-11-12,6.24,6.28,6.33,6.17,5364,3340000,0.08,1.29,2.58,0.67
2012-11-13,6.28,6.23,6.30,6.14,6058,3760000,-0.05,-0.80,2.55,0.76
2012-11-14,6.20,6.20,6.23,6.11,3286,2030000,-0.03,-0.48,1.93,0.41
2012-11-15,6.20,6.08,6.26,6.08,7744,4800000,-0.12,-1.94,2.90,0.97
2012-11-16,6.04,5.98,6.09,5.89,8813,5240000,-0.10,-1.64,3.29,1.10
2012-11-19,6.00,6.15,6.15,5.92,9661,5840000,0.17,2.84,3.85,1.21
2012-11-20,6.11,6.08,6.19,6.05,11071,6760000,-0.07,-1.14,2.28,1.38
2012-11-21,6.03,6.13,6.14,6.00,9254,5620000,0.05,0.82,2.30,1.16
2012-11-22,6.10,6.03,6.10,5.99,5684,3430000,-0.10,-1.63,1.79,0.71
2012-11-23,6.08,5.99,6.08,5.98,7989,4810000,-0.04,-0.66,1.66,1.00
2012-11-26,6.00,5.88,6.00,5.88,3059,1820000,-0.11,-1.84,2.00,0.38
2012-11-27,5.89,5.61,5.91,5.60,7247,4130000,-0.27,-4.59,5.27,0.91
2012-11-28,5.53,5.40,5.57,5.36,6282,3420000,-0.21,-3.74,3.74,0.79
2012-11-29,5.48,5.28,5.48,5.26,5183,2780000,-0.12,-2.22,4.07,0.65
2012-11-30,5.22,5.33,5.36,5.22,5985,3180000,0.05,0.95,2.65,0.75
2012-12-03,5.33,5.14,5.37,5.13,3941,2080000,-0.19,-3.56,4.50,0.49
2012-12-04,5.10,5.15,5.22,4.95,9986,5040000,0.01,0.19,5.25,1.25
2012-12-05,5.13,5.32,5.40,5.09,12410,6590000,0.17,3.30,6.02,1.55
2012-12-06,5.30,5.33,5.38,5.28,7550,4030000,0.01,0.19,1.88,0.94
2012-12-07,5.29,5.45,5.48,5.28,12747,6900000,0.12,2.25,3.75,1.59
2012-12-10,5.48,5.61,5.61,5.44,12162,6730000,0.16,2.94,3.12,1.52
2012-12-11,5.55,5.54,5.60,5.49,11045,6120000,-0.07,-1.25,1.96,1.38
2012-12-12,5.49,5.51,5.54,5.40,10089,5510000,-0.03,-0.54,2.53,1.26
2012-12-13,5.46,5.37,5.52,5.36,5165,2800000,-0.14,-2.54,2.90,0.65
2012-12-14,5.28,5.60,5.63,5.28,16537,9150000,0.23,4.28,6.52,2.07
2012-12-17,5.56,5.60,5.68,5.56,12396,6980000,0.00,0.00,2.14,1.55
2012-12-18,5.62,5.61,5.74,5.57,11379,6430000,0.01,0.18,3.04,1.42
2012-12-19,5.59,5.66,5.68,5.59,6547,3700000,0.05,0.89,1.60,0.82
2012-12-20,5.62,5.66,5.72,5.60,9770,5520000,0.00,0.00,2.12,1.22
2012-12-21,5.67,5.76,5.77,5.61,16081,9190000,0.10,1.77,2.83,2.01
2012-12-24,5.74,5.74,5.81,5.67,8845,5090000,-0.02,-0.35,2.43,1.11
2012-12-25,5.70,5.88,5.91,5.70,15018,8780000,0.14,2.44,3.66,1.88
2012-12-26,5.88,6.10,6.14,5.83,20316,12190000,0.22,3.74,5.27,2.54
2012-12-27,6.11,5.96,6.18,5.96,17356,10500000,-0.14,-2.30,3.61,2.17
2012-12-28,6.00,6.15,6.17,5.92,20736,12660000,0.19,3.19,4.19,2.59
2012-12-31,6.15,6.11,6.21,6.06,10799,6610000,-0.04,-0.65,2.44,1.35
2013-01-04,6.13,6.04,6.19,6.00,11385,6890000,-0.07,-1.15,3.11,1.42
2013-01-07,5.97,6.06,6.10,5.97,11686,7070000,0.02,0.33,2.15,1.46
2013-01-08,6.09,6.15,6.21,6.03,24542,15010000,0.09,1.49,2.97,3.07
2013-01-09,6.16,6.10,6.19,6.05,25356,15530000,-0.05,-0.81,2.28,3.17
2013-01-10,6.09,6.15,6.18,6.05,27522,16840000,0.05,0.82,2.13,3.44
2013-01-11,6.15,6.03,6.25,5.92,35730,21940000,-0.12,-1.95,5.37,4.47
2013-01-14,6.03,6.22,6.24,5.95,48807,30010000,0.19,3.15,4.81,6.10
2013-01-15,6.20,6.33,6.37,6.20,42770,26930000,0.11,1.77,2.73,5.35
2013-01-16,6.22,6.28,6.29,6.09,53934,33450000,-0.05,-0.79,3.16,6.74
2013-01-17,6.30,6.40,6.75,6.28,75468,48840000,0.12,1.91,7.48,9.43
2013-01-18,6.35,6.36,6.42,6.21,35312,22250000,-0.04,-0.63,3.28,4.41
2013-01-21,6.32,6.31,6.36,6.26,28366,17860000,-0.05,-0.79,1.57,3.55
2013-01-22,6.30,6.10,6.30,6.05,27927,17280000,-0.21,-3.33,3.96,3.49
2013-01-23,6.10,6.07,6.11,5.96,18509,11160000,-0.03,-0.49,2.46,2.31
2013-01-24,6.09,5.84,6.12,5.76,30460,18190000,-0.23,-3.79,5.93,3.81
2013-01-25,5.84,5.81,5.88,5.79,11575,6760000,-0.03,-0.51,1.54,1.45
2013-01-28,5.81,5.91,5.92,5.81,14432,8490000,0.10,1.72,1.89,1.80
2013-01-29,5.91,6.07,6.13,5.91,27300,16570000,0.16,2.71,3.72,3.41
2013-01-30,6.10,6.04,6.10,5.96,18290,11020000,-0.03,-0.49,2.31,2.29
2013-01-31,6.02,6.11,6.11,5.98,17803,10780000,0.07,1.16,2.15,2.23
2013-02-01,6.12,6.12,6.16,6.08,18329,11210000,0.01,0.16,1.31,2.29
2013-02-04,6.12,6.01,6.14,5.97,16200,9770000,-0.11,-1.80,2.78,2.03
2013-02-05,5.96,6.06,6.06,5.96,7583,4570000,0.05,0.83,1.66,0.95
2013-02-06,6.07,6.09,6.12,6.04,12227,7430000,0.03,0.50,1.32,1.53
2013-02-07,6.16,6.15,6.18,6.04,13794,8440000,0.06,0.99,2.30,1.72
2013-02-08,6.20,6.28,6.65,6.20,47018,29870000,0.13,2.11,7.32,5.88
2013-02-18,6.30,6.35,6.37,6.21,30296,19060000,0.07,1.11,2.55,3.79
2013-02-19,6.38,6.26,6.50,6.23,25917,16460000,-0.09,-1.42,4.25,3.24
2013-02-20,6.23,6.64,6.76,6.23,89743,59110000,0.38,6.07,8.47,11.22
2013-02-21,6.50,6.37,6.63,6.26,54964,35500000,-0.27,-4.07,5.57,6.87
2013-02-22,6.34,6.36,6.48,6.34,30168,19360000,-0.01,-0.16,2.20,3.77
2013-02-25,6.40,6.45,6.50,6.28,27396,17590000,0.09,1.42,3.46,3.42
2013-02-26,6.38,6.20,6.48,6.19,30145,19130000,-0.25,-3.88,4.50,3.77
2013-02-27,6.22,6.43,6.50,6.08,46202,28930000,0.23,3.71,6.77,5.78
2013-02-28,6.43,6.42,6.47,6.28,35522,22630000,-0.01,-0.16,2.95,4.44
2013-03-01,6.47,6.61,6.66,6.39,61968,40650000,0.19,2.96,4.21,7.75
2013-03-04,6.53,6.23,6.53,6.17,41041,26120000,-0.38,-5.75,5.45,5.13
2013-03-05,6.20,6.32,6.36,6.18,24426,15370000,0.09,1.44,2.89,3.05
2013-03-06,6.32,6.45,6.47,6.32,22810,14630000,0.13,2.06,2.37,2.85
2013-03-07,6.47,6.35,6.54,6.30,26278,16910000,-0.10,-1.55,3.72,3.28
2013-03-08,6.45,6.53,6.95,6.45,69487,46120000,0.18,2.83,7.87,8.69
2013-03-11,6.37,6.42,6.48,6.31,32538,20860000,-0.11,-1.68,2.60,4.07
2013-03-12,6.42,6.21,6.48,6.13,28911,18180000,-0.21,-3.27,5.45,3.61
2013-03-13,6.21,6.12,6.24,6.03,21762,13320000,-0.09,-1.45,3.38,2.72
2013-03-14,6.12,6.09,6.18,6.06,13512,8270000,-0.03,-0.49,1.96,1.69
2013-03-15,6.08,6.05,6.18,6.00,18383,11180000,-0.04,-0.66,2.96,2.30
2013-03-18,6.03,5.89,6.06,5.87,14834,8840000,-0.16,-2.64,3.14,1.85
2013-03-19,5.87,5.94,5.95,5.83,11240,6620000,0.05,0.85,2.04,1.41
2013-03-20,5.92,6.11,6.11,5.90,16153,9780000,0.17,2.86,3.54,2.02
2013-03-21,6.12,6.19,6.25,6.09,16619,10260000,0.08,1.31,2.62,2.08
2013-03-22,6.18,6.20,6.22,6.14,10076,6230000,0.01,0.16,1.29,1.26
2013-03-25,6.22,6.21,6.24,6.07,12144,7500000,0.01,0.16,2.74,1.52
2013-03-26,6.18,6.13,6.18,6.05,14434,8810000,-0.08,-1.29,2.09,1.80
2013-03-27,6.12,6.21,6.25,6.10,14432,8930000,0.08,1.31,2.45,1.80
2013-03-28,6.10,5.92,6.10,5.90,16755,10060000,-0.29,-4.67,3.22,2.09
2013-03-29,5.98,5.92,5.99,5.88,6663,3960000,0.00,0.00,1.86,0.83
2013-04-01,5.87,5.96,5.99,5.86,5885,3490000,0.04,0.68,2.20,0.74
2013-04-02,5.98,5.85,6.04,5.84,9864,5840000,-0.11,-1.85,3.36,1.23
2013-04-03,5.82,5.70,5.87,5.69,11214,6450000,-0.15,-2.56,3.08,1.40
2013-04-08,5.66,5.62,5.66,5.41,8698,4840000,-0.08,-1.40,4.39,1.09
2013-04-09,5.65,5.66,5.69,5.58,7983,4500000,0.04,0.71,1.96,1.00
2013-04-10,5.62,5.61,5.65,5.55,5806,3260000,-0.05,-0.88,1.77,0.57
2013-04-11,5.64,5.65,5.68,5.61,4359,2460000,0.04,0.71,1.25,0.43
2013-04-12,5.61,5.65,5.77,5.59,8447,4790000,0.00,0.00,3.19,0.82
2013-04-15,5.72,5.56,5.72,5.51,6037,3370000,-0.09,-1.59,3.72,0.59
2013-04-16,5.51,5.65,5.67,5.51,5929,3330000,0.09,1.62,2.88,0.58
2013-04-17,5.64,5.71,5.72,5.61,5309,3010000,0.06,1.06,1.95,0.52
2013-04-18,5.71,5.73,5.74,5.64,4762,2720000,0.02,0.35,1.75,0.46
2013-04-19,5.73,5.78,5.82,5.60,7859,4530000,0.05,0.87,3.84,0.77
2013-04-22,5.74,5.87,5.89,5.74,9021,5270000,0.09,1.56,2.60,0.88
2013-04-23,5.87,5.79,5.88,5.75,14530,8420000,-0.08,-1.36,2.21,1.42
2013-04-24,5.76,5.88,5.88,5.76,4205,2450000,0.09,1.55,2.07,0.41
2013-04-25,5.86,5.93,6.04,5.80,15312,9070000,0.05,0.85,4.08,1.49
2013-04-26,5.92,5.84,6.02,5.82,10727,6290000,-0.09,-1.52,3.37,1.05
2013-05-02,5.81,5.83,5.85,5.73,6515,3770000,-0.01,-0.17,2.05,0.64
2013-05-03,5.83,5.88,5.93,5.80,5247,3090000,0.05,0.86,2.23,0.51
2013-05-06,5.90,5.92,5.93,5.85,13533,7970000,0.04,0.68,1.36,1.32
2013-05-07,5.92,5.93,5.94,5.86,5533,3260000,0.01,0.17,1.35,0.54
2013-05-08,5.93,6.05,6.07,5.91,15626,9380000,0.12,2.02,2.70,1.52
2013-05-09,6.04,6.15,6.23,5.95,33686,20670000,0.10,1.65,4.63,3.29
2013-05-10,6.15,6.13,6.21,6.08,21654,13290000,-0.02,-0.33,2.11,2.11
2013-05-13,6.08,6.03,6.15,5.98,15591,9410000,-0.10,-1.63,2.77,1.52
2013-05-14,6.01,5.95,6.04,5.87,9039,5350000,-0.08,-1.33,2.82,0.88
2013-05-15,6.01,6.08,6.09,5.93,11541,6980000,0.13,2.18,2.69,1.13
2013-05-16,6.01,6.33,6.60,6.00,89829,57290000,0.33,5.50,10.00,8.76
2013-05-17,6.25,6.44,6.58,6.18,78956,50830000,0.11,1.74,6.32,7.70
2013-05-20,6.44,6.68,6.79,6.40,97646,64790000,0.24,3.73,6.06,9.53
2013-05-21,6.67,6.98,7.19,6.52,166297,113720000,0.30,4.49,10.03,16.22
2013-05-22,7.03,6.89,7.05,6.73,111675,76800000,-0.09,-1.29,4.58,10.90
2013-05-23,6.82,6.79,7.07,6.73,91685,63110000,-0.10,-1.45,4.93,8.94
2013-05-24,6.87,6.97,7.02,6.82,70465,48700000,0.18,2.65,2.95,6.87
2013-05-27,7.00,6.79,7.05,6.73,70336,48250000,-0.18,-2.58,4.59,6.86
2013-05-28,6.79,6.41,6.83,6.32,131370,85070000,-0.38,-5.60,7.51,12.82
2013-05-29,6.38,6.55,6.64,6.36,93039,60430000,0.14,2.18,4.37,9.08
2013-05-30,6.53,6.51,6.64,6.44,66689,43470000,-0.04,-0.61,3.05,6.51
2013-05-31,6.56,6.65,6.78,6.40,130944,86530000,0.14,2.15,5.84,12.78
2013-06-03,6.64,6.56,6.71,6.54,67421,44780000,-0.09,-1.35,2.56,6.58
2013-06-04,6.60,6.31,6.62,6.25,47457,30260000,-0.25,-3.81,5.64,4.63
2013-06-05,6.31,6.20,6.35,6.17,44157,27500000,-0.11,-1.74,2.85,4.31
2013-06-06,6.18,6.09,6.24,6.08,31771,19620000,-0.11,-1.77,2.58,3.10
2013-06-07,6.10,5.99,6.17,5.96,33702,20400000,-0.10,-1.64,3.45,3.29
2013-06-13,5.92,5.76,5.92,5.56,26734,15340000,-0.23,-3.84,6.01,2.61
2013-06-14,5.79,5.92,5.95,5.76,21791,12800000,0.16,2.78,3.30,2.13
2013-06-17,5.92,5.90,6.01,5.85,22314,13230000,-0.02,-0.34,2.70,2.18
2013-06-18,5.99,5.89,5.99,5.85,22271,13160000,-0.01,-0.17,2.37,2.17
2013-06-19,5.87,5.95,5.95,5.80,25615,15080000,0.06,1.02,2.55,2.50
2013-06-20,5.92,5.72,5.95,5.71,25146,14770000,-0.23,-3.87,4.03,2.45
2013-06-21,5.52,5.62,5.71,5.42,21421,11910000,-0.10,-1.75,5.07,2.09
2013-06-24,5.58,5.12,5.60,5.10,26724,14250000,-0.50,-8.90,8.90,2.61
2013-06-25,5.03,5.14,5.22,4.78,27878,14120000,0.02,0.39,8.59,2.72
2013-06-26,5.15,5.28,5.30,5.08,26424,13830000,0.14,2.72,4.28,2.58
2013-06-27,5.28,5.30,5.38,5.01,28905,15200000,0.02,0.38,7.01,2.82
2013-06-28,5.15,5.18,5.35,5.08,13917,7230000,-0.12,-2.26,5.09,1.36
2013-07-01,5.15,5.26,5.29,5.15,12100,6330000,0.08,1.54,2.70,1.18
2013-07-02,5.24,5.35,5.36,5.22,23525,12480000,0.09,1.71,2.66,2.30
2013-07-03,5.33,5.25,5.33,5.11,28401,14820000,-0.10,-1.87,4.11,2.77
2013-07-04,5.16,5.26,5.32,5.15,23487,12330000,0.01,0.19,3.24,2.29
2013-07-05,5.21,5.20,5.29,5.18,18013,9440000,-0.06,-1.14,2.09,1.76
2013-07-08,5.12,4.85,5.12,4.85,25138,12520000,-0.35,-6.73,5.19,2.45
2013-07-09,4.85,4.78,4.93,4.75,35261,16910000,-0.07,-1.44,3.71,3.44
2013-07-10,4.80,5.05,5.07,4.75,63561,31380000,0.27,5.65,6.69,6.20
2013-07-11,5.07,5.13,5.22,5.00,54622,27900000,0.08,1.58,4.36,5.33
2013-07-12,5.15,5.10,5.21,5.08,32557,16790000,-0.03,-0.58,2.53,3.18
2013-07-15,5.08,5.17,5.18,5.07,26000,13370000,0.07,1.37,2.16,2.54
2013-07-16,5.18,5.34,5.45,5.15,54862,29180000,0.17,3.29,5.80,5.35
2013-07-17,5.30,5.19,5.34,5.16,38470,20220000,-0.15,-2.81,3.37,3.75
2013-07-18,5.23,5.26,5.34,5.16,32736,17250000,0.07,1.35,3.47,3.19
2013-07-19,5.22,5.25,5.41,5.22,47402,25290000,-0.01,-0.19,3.61,4.62
2013-07-22,5.26,5.52,5.54,5.18,50731,27390000,0.27,5.14,6.86,4.95
2013-07-23,5.47,5.52,5.61,5.42,48300,26580000,0.00,0.00,3.44,4.71
2013-07-24,5.50,5.51,5.56,5.41,39044,21420000,-0.01,-0.18,2.72,3.81
2013-07-25,5.51,5.30,5.54,5.29,31123,16790000,-0.21,-3.81,4.54,3.04
2013-07-26,5.26,5.28,5.35,5.21,26994,14260000,-0.02,-0.38,2.64,2.63
2013-07-29,5.25,5.28,5.42,5.23,25254,13400000,0.00,0.00,3.60,2.46
2013-07-30,5.28,5.32,5.35,5.11,28894,15210000,0.04,0.76,4.55,2.82
2013-07-31,5.32,5.41,5.54,5.30,32344,17510000,0.09,1.69,4.51,3.16
2013-08-01,5.40,5.62,5.63,5.40,49245,27200000,0.21,3.88,4.25,4.80
2013-08-02,5.62,5.70,5.89,5.58,74673,42930000,0.08,1.42,5.52,7.29
2013-08-05,5.70,5.77,5.86,5.67,41090,23620000,0.07,1.23,3.33,4.01
2013-08-06,5.80,5.79,5.81,5.66,26940,15480000,0.02,0.35,2.60,2.63
2013-08-07,5.76,5.60,5.78,5.56,28411,16040000,-0.19,-3.28,3.80,2.77
2013-08-08,5.60,5.67,5.74,5.60,22928,12980000,0.07,1.25,2.50,2.24
2013-08-09,5.66,5.60,5.73,5.47,30665,17140000,-0.07,-1.23,4.59,2.99
2013-08-12,5.56,5.66,5.67,5.56,26927,15140000,0.06,1.07,1.96,2.63
2013-08-13,5.68,5.76,5.79,5.63,28964,16560000,0.10,1.77,2.83,2.83
2013-08-14,5.76,5.84,5.99,5.68,52261,30370000,0.08,1.39,5.38,5.10
2013-08-15,5.83,5.71,5.89,5.69,32814,19050000,-0.13,-2.23,3.42,3.20
2013-08-16,5.65,5.51,5.76,5.51,33314,18720000,-0.20,-3.50,4.38,3.25
2013-08-19,5.50,5.63,5.65,5.50,16644,9320000,0.12,2.18,2.72,1.62
2013-08-20,5.61,5.78,5.93,5.59,46386,26720000,0.15,2.66,6.04,4.53
2013-08-21,5.76,5.80,5.82,5.69,26594,15300000,0.02,0.35,2.25,2.59
2013-08-22,5.77,5.83,5.85,5.72,25377,14720000,0.03,0.52,2.24,2.48
2013-08-23,5.82,5.70,5.84,5.61,35263,20180000,-0.13,-2.23,3.95,3.44
2013-08-26,5.75,5.85,5.89,5.69,36321,21030000,0.15,2.63,3.51,3.54
2013-08-27,5.83,5.89,5.95,5.82,32369,19030000,0.04,0.68,2.22,3.16
2013-08-28,5.86,5.71,5.86,5.68,32588,18780000,-0.18,-3.06,3.06,3.18
2013-08-29,5.70,5.72,5.77,5.65,20268,11570000,0.01,0.18,2.10,1.98
2013-08-30,5.72,5.60,5.76,5.57,36899,20990000,-0.12,-2.10,3.32,3.60
2013-09-02,5.61,5.70,5.72,5.51,19912,11170000,0.10,1.79,3.75,1.94
2013-09-03,5.71,5.75,5.80,5.69,21070,12110000,0.05,0.88,1.93,2.06
2013-09-04,5.73,6.08,6.09,5.71,89153,52630000,0.33,5.74,6.61,8.70
2013-09-05,6.15,6.00,6.20,5.93,100222,60520000,-0.08,-1.32,4.44,9.78
2013-09-06,5.92,6.18,6.19,5.92,77871,47280000,0.18,3.00,4.50,7.60
2013-09-09,6.16,6.16,6.17,6.03,42782,26100000,-0.02,-0.32,2.27,4.17
2013-09-10,6.10,6.08,6.16,6.01,43532,26420000,-0.08,-1.30,2.44,4.25
2013-09-11,6.08,5.96,6.19,5.88,54004,32260000,-0.12,-1.97,5.10,5.27
2013-09-12,5.90,5.90,6.00,5.85,45244,26720000,-0.06,-1.01,2.52,4.41
2013-09-13,5.89,5.96,5.98,5.84,31992,18920000,0.06,1.02,2.37,3.12
2013-09-16,6.02,5.98,6.02,5.94,25223,15100000,0.02,0.34,1.34,2.46
2013-09-17,5.96,5.89,6.01,5.87,18038,10720000,-0.09,-1.51,2.34,1.76
2013-09-18,5.86,5.96,5.98,5.85,16248,9640000,0.07,1.19,2.21,1.59
2013-09-23,5.95,6.07,6.10,5.95,22667,13700000,0.11,1.85,2.52,2.21
2013-09-24,6.08,6.15,6.15,6.00,29947,18240000,0.08,1.32,2.47,2.92
2013-09-25,6.11,6.28,6.37,6.11,43825,27430000,0.13,2.11,4.23,4.28
2013-09-26,6.28,6.26,6.33,6.17,30045,18830000,-0.02,-0.32,2.55,2.93
2013-09-27,6.17,6.31,6.33,6.17,25240,15860000,0.05,0.80,2.56,2.46
2013-09-30,6.31,6.38,6.54,6.25,22166,14120000,0.07,1.11,4.60,2.16
2013-10-08,6.35,6.52,6.52,6.31,35698,23080000,0.14,2.19,3.29,3.48
2013-10-09,6.43,6.51,6.59,6.43,21330,13930000,-0.01,-0.15,2.45,2.08
2013-10-10,6.51,6.51,6.66,6.48,34680,22680000,0.00,0.00,2.77,3.38
2013-10-11,6.51,6.60,6.63,6.39,27767,18130000,0.09,1.38,3.69,2.71
2013-10-14,6.59,6.80,6.89,6.55,34687,23350000,0.20,3.03,5.15,3.38
2013-10-15,6.80,7.00,7.20,6.80,62186,43960000,0.20,2.94,5.88,6.07
2013-10-16,6.99,6.81,6.99,6.62,34847,23640000,-0.19,-2.71,5.29,3.40
2013-10-17,6.81,6.61,6.94,6.60,21932,14910000,-0.20,-2.94,4.99,2.14
2013-10-18,6.63,6.60,6.64,6.45,16649,10900000,-0.01,-0.15,2.87,1.62
2013-10-21,6.50,6.68,6.77,6.50,22343,14950000,0.08,1.21,4.09,2.18
2013-10-22,6.70,6.60,6.80,6.53,15644,10440000,-0.08,-1.20,4.04,1.53
2013-10-23,6.56,6.43,6.75,6.25,20907,13480000,-0.17,-2.58,7.58,2.04
2013-10-24,6.25,6.42,6.47,6.25,7572,4860000,-0.01,-0.16,3.42,0.74
2013-10-25,6.40,6.34,6.47,6.27,10490,6670000,-0.08,-1.25,3.12,1.02
2013-10-28,6.25,6.40,6.49,6.25,10190,6510000,0.06,0.95,3.79,0.99
2013-10-29,6.45,6.38,6.56,6.28,36170,23190000,-0.02,-0.31,4.38,3.53
2013-10-30,6.31,6.51,6.60,6.31,33152,21560000,0.13,2.04,4.55,3.23
2013-10-31,6.42,6.73,6.78,6.42,43498,28860000,0.22,3.38,5.53,4.24
2013-11-01,6.70,6.66,6.79,6.52,16246,10770000,-0.07,-1.04,4.01,1.59
2013-11-04,6.59,6.49,6.77,6.46,11500,7560000,-0.17,-2.55,4.65,1.12
2013-11-05,6.45,6.72,6.74,6.45,12263,8100000,0.23,3.54,4.47,1.20
2013-11-06,6.66,6.59,6.80,6.55,8050,5360000,-0.13,-1.93,3.72,0.79
2013-11-07,6.51,6.43,6.60,6.42,7886,5130000,-0.16,-2.43,2.73,0.77
2013-11-08,6.29,6.40,6.51,6.29,8018,5150000,-0.03,-0.47,3.42,0.78
2013-11-11,6.39,6.48,6.51,6.35,5100,3300000,0.08,1.25,2.50,0.50
2013-11-12,6.38,6.51,6.53,6.38,3261,2120000,0.03,0.46,2.31,0.32
2013-11-13,6.51,6.50,6.65,6.49,9189,6040000,-0.01,-0.15,2.46,0.90
2013-11-14,6.45,6.62,6.63,6.28,13146,8580000,0.12,1.85,5.38,1.28
2013-11-15,6.62,6.57,6.74,6.57,27930,18570000,-0.05,-0.76,2.57,2.72
2013-11-18,6.59,6.50,6.73,6.48,44085,28990000,-0.07,-1.07,3.81,4.30
2013-11-22,6.53,6.28,6.53,6.18,48865,30520000,-0.22,-3.38,5.38,4.77
2013-11-25,6.23,6.24,6.29,6.22,17241,10780000,-0.04,-0.64,1.11,1.68
2013-11-26,6.24,6.28,6.39,6.20,19871,12450000,0.04,0.64,3.04,1.94
2013-11-27,6.25,6.33,6.36,6.24,22868,14420000,0.05,0.80,1.91,2.23
2013-11-28,6.31,6.37,6.43,6.31,25234,16080000,0.04,0.63,1.90,2.46
2013-11-29,6.33,6.59,6.65,6.33,51734,33720000,0.22,3.45,5.02,5.05
2013-12-02,6.41,5.93,6.42,5.93,48359,29410000,-0.66,-10.02,7.44,4.72
2013-12-03,5.88,5.97,6.00,5.74,32962,19290000,0.04,0.67,4.38,3.22
2013-12-04,5.90,6.17,6.22,5.90,37416,22740000,0.20,3.35,5.36,3.65
2013-12-05,6.10,6.33,6.37,6.06,53713,33470000,0.16,2.59,5.02,5.24
2013-12-06,6.23,6.07,6.28,6.03,42893,26350000,-0.26,-4.11,3.95,4.18
2013-12-09,6.10,6.19,6.20,6.01,51043,31170000,0.12,1.98,3.13,4.98
2013-12-10,6.16,6.21,6.35,6.11,66734,41680000,0.02,0.32,3.88,6.51
2013-12-11,6.20,6.03,6.21,5.93,36716,22290000,-0.18,-2.90,4.51,3.58
2013-12-12,6.03,6.08,6.19,6.00,20472,12440000,0.05,0.83,3.15,2.00
2013-12-13,6.04,6.09,6.11,6.01,15532,9440000,0.01,0.16,1.64,1.52
2013-12-16,6.06,5.98,6.14,5.97,19560,11820000,-0.11,-1.81,2.79,1.91
2013-12-17,6.01,6.07,6.07,5.93,38640,23250000,0.09,1.51,2.34,3.77
2013-12-18,6.06,6.23,6.26,6.00,61667,38090000,0.16,2.64,4.28,6.02
2013-12-19,6.21,6.14,6.27,6.10,23500,14500000,-0.09,-1.44,2.73,2.29
2013-12-20,6.14,6.00,6.18,5.96,17962,10880000,-0.14,-2.28,3.58,1.75
2013-12-23,6.00,5.82,6.04,5.65,20225,11790000,-0.18,-3.00,6.50,1.97
2013-12-24,5.82,5.87,5.91,5.79,13940,8150000,0.05,0.86,2.06,1.36
2013-12-25,5.85,5.96,5.99,5.84,22229,13210000,0.09,1.53,2.56,2.17
2013-12-26,5.96,5.87,6.02,5.81,15287,9070000,-0.09,-1.51,3.52,1.49
2013-12-27,5.85,5.98,6.04,5.85,31719,18960000,0.11,1.87,3.24,3.09
2013-12-30,6.03,6.15,6.19,5.95,36461,22150000,0.17,2.84,4.01,3.56
2013-12-31,6.14,6.17,6.22,6.03,52842,32550000,0.02,0.33,3.09,5.16
2014-01-02,6.15,6.30,6.34,6.11,55697,34830000,0.13,2.11,3.73,5.43
2014-01-03,6.27,6.23,6.39,6.21,65162,41100000,-0.07,-1.11,2.86,6.36
2014-01-06,6.22,6.03,6.25,6.03,34706,21320000,-0.20,-3.21,3.53,3.39
2014-01-07,6.00,6.15,6.19,5.86,38201,23070000,0.12,1.99,5.47,3.73
2014-01-08,6.15,6.25,6.44,6.15,71797,45270000,0.10,1.63,4.72,7.00
2014-01-09,6.23,5.99,6.29,5.99,40005,24680000,-0.26,-4.16,4.80,3.90
2014-01-10,5.92,5.76,5.95,5.70,33806,19690000,-0.23,-3.84,4.17,3.30
2014-01-13,5.76,5.82,5.86,5.72,18265,10620000,0.06,1.04,2.43,1.78
2014-01-14,5.88,5.98,5.99,5.81,17927,10610000,0.16,2.75,3.09,1.75
2014-01-15,5.99,6.21,6.35,5.97,66423,41300000,0.23,3.85,6.35,6.48
2014-01-16,6.19,6.18,6.25,6.14,23451,14510000,-0.03,-0.48,1.77,2.29
2014-01-17,6.18,6.27,6.33,6.12,41000,25660000,0.09,1.46,3.40,4.00
2014-01-20,6.22,6.16,6.34,6.12,36814,23000000,-0.11,-1.75,3.51,3.59
2014-01-21,6.15,6.33,6.33,6.15,32767,20540000,0.17,2.76,2.92,3.20
2014-01-22,6.33,6.33,6.39,6.25,52876,33410000,0.00,0.00,2.21,5.16
2014-01-23,6.34,6.40,6.50,6.34,67787,43530000,0.07,1.11,2.53,6.61
2014-01-24,6.38,6.40,6.45,6.35,47365,30300000,0.00,0.00,1.56,4.62
2014-01-27,6.38,6.32,6.41,6.29,32225,20470000,-0.08,-1.25,1.88,3.14
2014-01-28,6.30,6.25,6.36,6.20,30127,18820000,-0.07,-1.11,2.53,2.94
2014-01-29,6.26,6.38,6.41,6.22,25382,16070000,0.13,2.08,3.04,2.48
2014-01-30,6.38,6.39,6.41,6.29,22518,14340000,0.01,0.16,1.88,2.20
2014-02-07,6.38,6.57,6.58,6.30,49208,32030000,0.18,2.82,4.38,4.80
2014-02-10,6.58,6.67,6.71,6.55,53050,35240000,0.10,1.52,2.44,5.18
2014-02-11,6.64,6.61,6.73,6.54,48197,31990000,-0.06,-0.90,2.85,4.70
2014-02-12,6.58,6.78,6.84,6.58,45366,30650000,0.17,2.57,3.93,4.43
2014-02-13,6.76,6.56,6.85,6.55,43034,28880000,-0.22,-3.24,4.42,4.20
2014-02-14,6.57,6.80,6.83,6.52,43777,29390000,0.24,3.66,4.73,4.27
2014-02-17,6.84,7.07,7.07,6.81,60563,42390000,0.27,3.97,3.82,5.91
2014-02-18,7.08,7.05,7.08,6.94,48411,33880000,-0.02,-0.28,1.98,4.72
2014-02-19,7.00,7.05,7.06,6.87,44165,30850000,0.00,0.00,2.70,4.31
2014-02-20,7.05,6.79,7.05,6.78,40245,27670000,-0.26,-3.69,3.83,3.93
2014-02-21,6.74,6.88,6.94,6.73,25372,17360000,0.09,1.33,3.09,2.48
2014-02-24,6.88,6.97,6.99,6.74,31004,21310000,0.09,1.31,3.63,3.02
2014-02-25,6.98,6.70,7.29,6.61,74775,52340000,-0.27,-3.87,9.76,7.30
2014-02-26,6.62,6.78,6.78,6.46,31770,21060000,0.08,1.19,4.78,3.10
2014-02-27,6.79,6.49,6.88,6.48,34891,23290000,-0.29,-4.28,5.90,3.40
2014-02-28,6.50,6.56,6.58,6.35,31622,20440000,0.07,1.08,3.54,3.09
2014-03-03,6.55,6.64,6.64,6.48,28645,18870000,0.08,1.22,2.44,2.79
2014-03-04,6.62,6.73,6.74,6.57,31300,20870000,0.09,1.36,2.56,3.05
2014-03-05,6.72,6.66,6.76,6.64,20110,13460000,-0.07,-1.04,1.78,1.96
2014-03-06,6.65,6.79,6.80,6.50,33588,22480000,0.13,1.95,4.50,3.28
2014-03-07,6.78,6.79,6.86,6.74,21227,14440000,0.00,0.00,1.77,2.07
2014-03-10,6.70,6.40,6.70,6.35,24301,15820000,-0.39,-5.74,5.15,2.37
2014-03-11,6.40,6.43,6.48,6.35,18189,11660000,0.03,0.47,2.03,1.77
2014-03-12,6.41,6.47,6.52,6.29,18248,11730000,0.04,0.62,3.58,1.78
2014-03-13,6.43,6.57,6.60,6.41,14782,9670000,0.10,1.55,2.94,1.44
2014-03-14,6.56,6.53,6.57,6.41,11966,7770000,-0.04,-0.61,2.44,1.17
2014-03-17,6.49,6.71,6.73,6.49,24877,16570000,0.18,2.76,3.68,2.43
2014-03-18,6.71,6.73,6.78,6.66,23474,15790000,0.02,0.30,1.79,2.29
2014-03-19,6.73,6.95,7.00,6.68,36878,25360000,0.22,3.27,4.75,3.60
2014-03-20,6.90,6.70,6.97,6.66,28821,19760000,-0.25,-3.60,4.46,2.81
2014-03-21,6.69,6.94,6.96,6.58,37277,25400000,0.24,3.58,5.67,3.64
2014-03-24,6.86,6.97,7.14,6.86,44537,31310000,0.03,0.43,4.03,4.35
2014-03-25,6.97,7.11,7.67,6.97,75309,54450000,0.14,2.01,10.04,7.35
2014-03-26,7.13,7.38,7.40,7.07,92885,66870000,0.27,3.80,4.64,9.06
2014-03-27,7.31,8.12,8.12,7.26,251379,200120000,0.74,10.03,11.65,24.52
2014-03-28,7.80,7.90,8.47,7.80,204768,165460000,-0.22,-2.71,8.25,19.98
2014-03-31,7.70,8.13,8.28,7.38,150465,117880000,0.23,2.91,11.39,14.68
2014-04-01,8.05,8.33,8.48,7.80,170627,139240000,0.20,2.46,8.36,16.65
2014-04-02,8.19,7.93,8.27,7.83,138217,110880000,-0.40,-4.80,5.28,13.48
2014-04-03,7.90,7.85,8.17,7.71,98087,78190000,-0.08,-1.01,5.80,9.57
2014-04-04,7.73,7.67,7.76,7.52,95247,72890000,-0.18,-2.29,3.06,9.29
2014-04-08,7.65,7.70,7.73,7.49,75898,57740000,0.03,0.39,3.13,7.40
2014-04-09,7.70,7.97,7.97,7.54,109331,84820000,0.27,3.51,5.58,10.67
2014-04-10,7.99,7.72,8.19,7.70,115686,92110000,-0.25,-3.14,6.15,11.29
2014-04-11,7.50,7.55,7.62,7.42,72971,54850000,-0.17,-2.20,2.59,7.12
2014-04-14,7.55,7.64,7.67,7.52,34547,26240000,0.09,1.19,1.99,3.37
2014-04-15,7.65,7.46,7.66,7.41,45528,34220000,-0.18,-2.36,3.27,4.44
2014-04-16,7.42,7.52,7.59,7.39,33393,25000000,0.06,0.80,2.68,3.26
2014-04-17,7.52,7.51,7.58,7.46,23739,17830000,-0.01,-0.13,1.60,2.32
2014-04-18,7.49,7.56,7.58,7.47,22349,16820000,0.05,0.67,1.46,2.18
2014-04-21,7.50,7.40,7.63,7.34,29897,22380000,-0.16,-2.12,3.84,2.92
2014-04-22,7.38,7.43,7.52,7.26,31737,23430000,0.03,0.41,3.51,3.10
2014-04-23,7.41,7.43,7.56,7.40,16816,12570000,0.00,0.00,2.15,1.64
2014-04-24,7.40,7.25,7.46,7.19,23875,17430000,-0.18,-2.42,3.63,2.33
2014-04-25,7.19,6.86,7.30,6.82,40292,28470000,-0.39,-5.38,6.62,3.93
2014-04-28,6.81,6.53,6.87,6.50,29231,19490000,-0.33,-4.81,5.39,2.85
2014-04-29,6.55,6.65,6.68,6.50,19958,13160000,0.12,1.84,2.76,1.95
2014-04-30,6.65,6.73,6.77,6.59,17688,11870000,0.11,1.66,2.72,1.73
2014-05-05,6.80,6.83,6.85,6.71,19065,12920000,0.10,1.49,2.08,1.86
2014-05-06,6.85,7.12,7.22,6.77,44158,30990000,0.29,4.25,6.59,4.31
2014-05-07,7.10,7.20,7.45,7.09,75765,55470000,0.08,1.12,5.06,7.39
2014-05-08,7.05,7.19,7.42,7.01,42581,30710000,-0.01,-0.14,5.69,4.15
2014-05-09,7.13,7.04,7.25,7.02,23399,16620000,-0.15,-2.09,3.20,2.28
2014-05-12,7.10,7.31,7.33,7.10,22628,16390000,0.27,3.84,3.27,2.21
2014-05-13,7.35,7.23,7.35,7.19,15532,11240000,-0.08,-1.09,2.19,1.52
2014-05-14,7.25,7.19,7.25,7.10,13272,9500000,-0.04,-0.55,2.07,1.29
2014-05-15,7.19,7.34,7.58,7.19,44218,32730000,0.15,2.09,5.42,4.31
2014-05-16,7.32,7.64,7.68,7.29,57324,43340000,0.30,4.09,5.31,5.59
2014-05-19,7.53,7.26,7.74,7.18,51656,38180000,-0.38,-4.97,7.33,5.04
2014-05-20,7.34,7.59,7.59,7.29,53741,40230000,0.33,4.55,4.13,5.24
2014-05-21,7.59,7.64,7.77,7.42,45845,34960000,0.05,0.66,4.61,4.47
2014-05-22,7.60,7.50,7.68,7.40,45484,34170000,-0.14,-1.83,3.66,4.44
2014-05-23,7.45,7.47,7.55,7.31,29396,21840000,-0.03,-0.40,3.20,2.87
2014-05-26,7.45,7.44,7.72,7.42,64692,48960000,-0.03,-0.40,4.02,5.78
2014-05-27,7.42,7.85,7.99,7.33,101478,78200000,0.41,5.51,8.87,9.07
2014-05-28,7.76,7.90,7.92,7.70,59430,46340000,0.05,0.64,2.80,5.31
2014-05-29,7.90,7.90,8.05,7.80,59554,47120000,0.00,0.00,3.16,5.32
2014-05-30,7.90,8.12,8.26,7.83,72537,58770000,0.22,2.78,5.44,6.48
2014-06-03,8.05,7.90,8.16,7.81,51032,40540000,-0.22,-2.71,4.31,4.56
2014-06-04,7.93,7.73,7.93,7.61,34061,26420000,-0.17,-2.15,4.05,3.04
2014-06-05,7.73,8.00,8.02,7.68,32947,25780000,0.27,3.49,4.40,2.95
2014-06-06,7.93,7.98,8.18,7.90,37619,30260000,-0.02,-0.25,3.50,3.36
2014-06-09,7.91,7.79,7.97,7.73,33445,26200000,-0.19,-2.38,3.01,2.99
2014-06-10,7.79,7.83,7.83,7.55,39933,30860000,0.04,0.51,3.59,3.57
2014-06-11,7.83,8.02,8.02,7.75,34308,27130000,0.19,2.43,3.45,3.07
2014-06-12,8.01,7.90,8.07,7.89,35214,28130000,-0.12,-1.50,2.24,3.15
2014-06-13,7.92,8.69,8.69,7.91,74351,63280000,0.79,10.00,9.87,6.65
2014-06-16,8.99,8.73,9.04,8.63,151992,134260000,0.04,0.46,4.72,13.59
2014-06-17,8.60,9.19,9.45,8.60,148149,134240000,0.46,5.27,9.74,13.24
2014-06-18,9.00,9.04,9.22,8.79,90647,81400000,-0.15,-1.63,4.68,8.10
2014-06-19,9.10,8.52,9.16,8.34,83181,72180000,-0.52,-5.75,9.07,7.44
2014-06-20,8.33,8.86,9.01,8.29,73900,64420000,0.34,3.99,8.45,6.61
2014-06-23,8.78,8.80,8.97,8.67,77251,68130000,-0.06,-0.68,3.39,6.91
2014-06-24,8.70,8.73,8.92,8.61,63712,55730000,-0.07,-0.80,3.52,5.69
2014-06-25,8.73,9.00,9.29,8.64,103595,93480000,0.27,3.09,7.45,9.26
2014-06-26,8.84,9.19,9.35,8.83,109456,99650000,0.19,2.11,5.78,9.78
2014-06-27,9.19,9.12,9.28,9.01,62327,56940000,-0.07,-0.76,2.94,5.57
2014-06-30,9.12,8.99,9.12,8.84,50991,45820000,-0.13,-1.43,3.07,4.56
2014-07-01,8.96,9.03,9.27,8.91,49440,44950000,0.04,0.44,4.00,4.42
2014-07-02,8.96,8.92,9.20,8.68,67435,60300000,-0.11,-1.22,5.76,6.03
2014-07-03,8.92,8.99,9.21,8.88,54767,49690000,0.07,0.78,3.70,4.90
2014-07-04,8.95,9.01,9.06,8.78,36569,32540000,0.02,0.22,3.11,3.27
2014-07-07,9.00,9.03,9.08,8.82,27027,24170000,0.02,0.22,2.89,2.42
2014-07-08,9.00,9.45,9.78,9.00,89125,84370000,0.42,4.65,8.64,7.97
2014-07-09,9.44,9.14,9.57,9.01,55422,51370000,-0.31,-3.28,5.93,4.95
2014-07-10,9.12,9.12,9.21,9.01,36821,33450000,-0.02,-0.22,2.19,3.29
2014-07-11,9.12,8.97,9.16,8.91,36484,32910000,-0.15,-1.64,2.74,3.26
2014-07-14,8.94,9.05,9.11,8.92,31508,28480000,0.08,0.89,2.12,2.82
2014-07-15,9.05,8.74,9.12,8.30,63180,55230000,-0.31,-3.43,9.06,5.65
2014-07-16,8.62,8.39,8.77,8.21,59961,50420000,-0.35,-4.00,6.41,4.82
2014-07-17,8.31,8.46,8.52,8.26,22056,18610000,0.07,0.83,3.10,1.77
2014-07-18,8.42,8.63,8.68,8.39,34693,29730000,0.17,2.01,3.43,2.79
2014-07-21,8.57,8.61,8.75,8.53,19940,17190000,-0.02,-0.23,2.55,1.60
2014-07-22,8.59,8.69,8.71,8.45,23352,20120000,0.08,0.93,3.02,1.88
2014-07-23,8.69,8.52,8.76,8.46,23720,20370000,-0.17,-1.96,3.45,1.91
2014-07-24,8.46,8.35,8.53,8.20,24327,20240000,-0.17,-2.00,3.87,1.96
2014-07-25,8.38,8.37,8.41,8.29,14827,12370000,0.02,0.24,1.44,1.19
2014-07-28,8.37,8.49,8.60,8.36,17868,15190000,0.12,1.43,2.87,1.44
2014-07-29,8.50,8.70,8.72,8.47,35136,30450000,0.21,2.47,2.94,2.83
2014-07-30,8.78,8.78,8.87,8.70,32179,28250000,0.08,0.92,1.95,2.59
2014-07-31,8.76,8.84,8.93,8.73,28882,25450000,0.06,0.68,2.28,2.32
2014-08-01,8.83,8.72,8.91,8.70,27034,23870000,-0.12,-1.36,2.38,2.17
2014-08-04,8.80,8.86,8.87,8.62,26084,22780000,0.14,1.61,2.87,2.10
2014-08-05,8.95,8.93,8.95,8.77,32401,28740000,0.07,0.79,2.03,2.61
2014-08-06,8.85,8.83,8.91,8.75,20979,18520000,-0.10,-1.12,1.79,1.69
2014-08-07,8.81,8.76,8.90,8.75,19795,17480000,-0.07,-0.79,1.70,1.59
2014-08-08,8.84,9.07,9.20,8.82,48726,44110000,0.31,3.54,4.34,3.92
2014-08-11,9.07,9.08,9.27,9.05,31136,28430000,0.01,0.11,2.43,2.50
2014-08-12,9.06,9.11,9.18,9.01,18403,16710000,0.03,0.33,1.87,1.48
2014-08-13,9.11,9.22,9.37,9.07,29039,26730000,0.11,1.21,3.29,2.33
2014-08-14,9.14,9.08,9.32,9.08,27137,24990000,-0.14,-1.52,2.60,2.18
2014-08-15,9.10,9.49,9.58,9.01,62421,58370000,0.41,4.52,6.28,5.02
2014-08-18,9.50,9.99,10.44,9.49,89098,89460000,0.50,5.27,10.01,7.16
2014-08-19,10.05,10.20,10.33,9.83,70782,70980000,0.21,2.10,5.01,5.69
2014-08-20,10.18,9.96,10.28,9.95,51402,51960000,-0.24,-2.35,3.24,4.13
2014-08-21,10.01,10.19,10.25,9.86,44529,45020000,0.23,2.31,3.92,3.58
2014-08-22,10.23,10.22,10.38,10.10,31150,31830000,0.03,0.29,2.75,2.50
2014-08-25,10.29,10.17,10.29,9.91,37121,37420000,-0.05,-0.49,3.72,2.98
2014-08-26,10.17,9.70,10.17,9.55,43489,42680000,-0.47,-4.62,6.10,3.50
2014-08-27,9.69,9.71,9.86,9.50,27998,27190000,0.01,0.10,3.71,2.25
2014-08-28,9.73,9.60,9.75,9.49,32139,30830000,-0.11,-1.13,2.68,2.58
2014-08-29,9.51,9.69,9.72,9.50,22609,21710000,0.09,0.94,2.29,1.82
2014-09-01,9.65,10.15,10.20,9.63,43925,43980000,0.46,4.75,5.88,3.53
2014-09-02,10.20,11.17,11.17,10.15,99418,105900000,1.02,10.05,10.05,7.99
2014-09-03,11.17,11.16,11.72,11.06,98801,111590000,-0.01,-0.09,5.91,7.94
2014-09-04,11.15,11.16,11.42,10.88,75687,84140000,0.00,0.00,4.84,6.09
2014-09-05,11.16,12.20,12.27,11.10,134414,160140000,1.04,9.32,10.48,10.81
2014-09-09,12.15,12.90,13.42,11.95,135534,174670000,0.70,5.74,12.05,10.90
2014-09-10,13.00,12.51,13.15,12.33,117567,148550000,-0.39,-3.02,6.36,9.45
2014-09-11,12.58,12.64,12.77,12.15,71698,89640000,0.13,1.04,4.96,5.76
2014-09-12,12.55,12.75,12.95,12.45,44104,56260000,0.11,0.87,3.96,3.55
2014-09-15,12.80,12.83,12.89,12.28,54475,68520000,0.08,0.63,4.78,4.38
2014-09-16,12.81,12.40,12.83,12.31,47868,60130000,-0.43,-3.35,4.05,3.85
2014-09-17,12.36,12.91,13.19,12.21,74464,95320000,0.51,4.11,7.90,5.99
2014-09-18,13.01,12.82,13.09,12.70,31963,41080000,-0.09,-0.70,3.02,2.57
2014-09-19,12.82,13.86,14.05,12.82,77180,105360000,1.04,8.11,9.59,6.21
2014-09-22,13.74,14.00,14.24,13.50,63420,88570000,0.14,1.01,5.34,5.10
2014-09-23,14.01,13.95,14.62,13.84,55152,78300000,-0.05,-0.36,5.57,4.43
2014-09-24,14.02,14.05,14.38,13.70,46891,65480000,0.10,0.72,4.87,3.77
2014-09-25,13.85,13.86,14.11,13.73,38504,53520000,-0.19,-1.35,2.70,3.10
2014-09-26,13.85,13.50,13.85,13.43,37125,50580000,-0.36,-2.60,3.03,2.98
2014-09-29,13.60,14.15,14.30,13.60,40797,57240000,0.65,4.81,5.19,2.48
2014-09-30,14.10,15.00,15.37,14.06,62961,93310000,0.85,6.01,9.26,3.83
2014-10-08,15.00,15.92,16.50,15.00,59634,95390000,0.92,6.13,10.00,3.63
2014-10-09,16.05,16.40,16.40,15.25,85215,134530000,0.48,3.02,7.22,5.18
2014-10-10,16.19,15.91,16.29,15.80,34044,54280000,-0.49,-2.99,2.99,2.07
2014-10-16,16.49,15.02,17.38,14.89,97290,157570000,-0.89,-5.59,15.65,5.92
2014-10-17,14.72,15.18,15.45,14.38,51356,76480000,0.16,1.07,7.12,3.12
2014-10-20,14.96,14.81,15.16,14.46,52426,77180000,-0.37,-2.44,4.61,3.19
2014-10-21,14.84,14.47,14.89,14.40,34794,50830000,-0.34,-2.30,3.31,2.12
2014-10-22,14.38,14.14,14.76,14.14,28220,40890000,-0.33,-2.28,4.28,1.72
2014-10-23,14.05,13.61,14.26,13.45,38458,52480000,-0.53,-3.75,5.73,2.34
2014-10-24,13.96,14.71,14.72,13.82,50683,73240000,1.10,8.08,6.61,3.08
2014-10-27,14.60,15.61,15.65,14.50,53738,82220000,0.90,6.12,7.82,3.27
2014-10-28,15.70,15.75,15.96,15.34,45728,71670000,0.14,0.90,3.97,2.78
2014-10-29,15.84,15.93,16.36,15.60,52231,83860000,0.18,1.14,4.83,3.18
2014-10-30,15.93,15.50,16.15,15.42,46206,72890000,-0.43,-2.70,4.58,2.81
2014-11-05,17.04,16.29,17.04,15.71,117908,192780000,0.79,5.10,8.58,7.17
2014-11-06,16.04,17.66,17.76,15.83,88042,149720000,1.37,8.41,11.85,5.36
2014-11-07,17.31,17.80,18.43,17.31,75730,135860000,0.14,0.79,6.34,4.61
2014-11-10,17.89,18.18,18.40,17.18,56227,100460000,0.38,2.13,6.85,3.42
2014-11-11,18.06,17.45,18.25,17.18,42621,74930000,-0.73,-4.02,5.89,2.59
2014-11-12,17.40,17.61,17.77,17.10,20447,35690000,0.16,0.92,3.84,1.24
2014-11-13,17.65,16.46,17.65,15.85,60769,100370000,-1.15,-6.53,10.22,3.70
2014-11-14,16.45,16.58,16.60,16.01,21721,35640000,0.12,0.73,3.58,1.32
2014-11-17,16.58,17.28,17.71,16.32,36143,61830000,0.70,4.22,8.38,2.20
2014-11-18,17.30,17.55,17.81,17.30,31640,55640000,0.27,1.56,2.95,1.92
2014-11-19,17.55,17.84,17.85,17.10,29778,52430000,0.29,1.65,4.27,1.81
2014-11-20,17.68,17.83,17.97,17.51,18111,32080000,-0.01,-0.06,2.58,1.10
2014-11-21,17.72,17.85,18.00,17.42,21716,38580000,0.02,0.11,3.25,1.32
2014-11-24,17.80,17.98,18.80,17.78,30862,56180000,0.13,0.73,5.71,1.88
2014-11-25,17.99,17.68,18.21,17.38,25371,44840000,-0.30,-1.67,4.62,1.54
2014-11-26,17.43,17.59,17.88,17.18,29835,52400000,-0.09,-0.51,3.96,1.82
2014-11-27,17.50,16.74,17.51,16.55,58960,99400000,-0.85,-4.83,5.46,3.59
2014-11-28,16.74,16.16,16.86,16.10,40487,66450000,-0.58,-3.46,4.54,2.46
2014-12-01,16.10,16.46,16.65,15.90,42559,68980000,0.30,1.86,4.64,2.59
2014-12-02,16.47,16.35,16.78,16.25,40108,66220000,-0.11,-0.67,3.22,2.44
2014-12-03,16.33,15.98,16.33,15.26,57094,89300000,-0.37,-2.26,6.54,3.47
2014-12-04,15.95,15.98,16.45,15.20,48606,77540000,0.00,0.00,7.82,2.96
2014-12-05,15.79,15.24,15.79,15.04,56377,86070000,-0.74,-4.63,4.69,3.43
2014-12-08,15.50,15.70,16.24,15.49,53375,84400000,0.46,3.02,4.92,3.11
2014-12-09,15.61,15.70,16.46,15.41,70979,113030000,0.00,0.00,6.69,4.13
2014-12-10,15.83,16.55,16.60,15.71,57775,93840000,0.85,5.41,5.67,3.36
2014-12-11,16.56,16.17,16.67,16.10,31762,51830000,-0.38,-2.30,3.44,1.85
2014-12-12,16.31,16.36,16.52,16.21,20608,33670000,0.19,1.18,1.92,1.20
2014-12-15,16.54,17.16,17.32,16.30,46579,78880000,0.80,4.89,6.23,2.71
2014-12-16,17.17,16.68,17.50,16.59,31678,53390000,-0.48,-2.80,5.30,1.84
2014-12-17,16.50,16.09,16.75,15.90,26217,42390000,-0.59,-3.54,5.10,1.53
2014-12-18,16.10,16.12,16.25,15.88,20302,32590000,0.03,0.19,2.30,1.18
2014-12-19,16.01,15.95,16.30,15.33,24863,39350000,-0.17,-1.05,6.02,1.45
2014-12-22,15.80,14.46,15.90,14.36,56499,83150000,-1.49,-9.34,9.66,3.29
2014-12-23,14.38,13.86,14.60,13.15,76804,107180000,-0.60,-4.15,10.03,4.47
2014-12-24,13.86,14.22,14.30,13.62,23067,32540000,0.36,2.60,4.91,1.34
2014-12-25,14.50,14.22,14.50,13.84,26266,36920000,0.00,0.00,4.64,1.53
2014-12-26,14.20,14.19,14.28,13.80,28721,40270000,-0.03,-0.21,3.38,1.67
2014-12-29,14.18,13.55,14.18,13.42,26920,36630000,-0.64,-4.51,5.36,1.57
2014-12-30,13.46,13.35,13.86,13.00,30376,40660000,-0.20,-1.48,6.35,1.77
2014-12-31,13.11,13.30,13.72,13.05,27573,36910000,-0.05,-0.37,5.02,1.60
2015-01-05,13.41,13.00,13.50,12.83,35786,46780000,-0.30,-2.26,5.04,2.08
2015-01-06,13.00,14.30,14.30,12.86,59159,81150000,1.30,10.00,11.08,3.44
2015-01-07,14.12,14.19,14.48,13.78,36327,51300000,-0.11,-0.77,4.90,2.11
2015-01-08,13.88,14.41,14.86,13.80,39642,57490000,0.22,1.55,7.47,2.31
2015-01-09,14.40,14.10,14.48,13.90,31352,44280000,-0.31,-2.15,4.03,1.82
2015-01-12,14.08,13.85,14.08,13.33,23083,31470000,-0.25,-1.77,5.32,1.34
2015-01-13,13.74,14.55,15.04,13.46,68769,97850000,0.70,5.05,11.41,4.00
2015-01-28,16.01,16.01,16.01,15.72,30020,47980000,1.46,10.03,1.99,1.75
2015-01-29,16.59,16.63,17.13,15.99,111788,186570000,0.62,3.87,7.12,6.50
2015-01-30,16.63,15.96,16.64,15.83,52814,85110000,-0.67,-4.03,4.87,3.07
2015-02-02,15.80,15.95,16.17,15.08,30304,47950000,-0.01,-0.06,6.83,1.76
2015-02-03,16.10,15.79,16.16,15.49,36560,57770000,-0.16,-1.00,4.20,2.13
2015-02-04,15.79,16.15,16.58,15.55,52722,84880000,0.36,2.28,6.52,3.07
2015-02-05,16.00,16.80,16.99,15.85,63567,106490000,0.65,4.02,7.06,3.18
2015-02-06,16.99,17.82,18.48,16.95,101194,182300000,1.02,6.07,9.11,5.06
2015-02-09,17.97,18.17,18.50,17.35,58277,105430000,0.35,1.96,6.45,2.91
2015-02-10,18.00,18.19,18.28,17.56,47426,85410000,0.02,0.11,3.96,2.37
2015-02-11,18.30,17.92,18.50,17.83,34010,61970000,-0.27,-1.48,3.68,1.70
2015-02-12,17.85,18.65,18.80,17.70,36811,67960000,0.73,4.07,6.14,1.84
2015-02-13,18.65,19.48,20.20,18.53,59518,115810000,0.83,4.45,8.95,2.98
2015-02-16,19.44,21.29,21.43,19.40,72606,150810000,1.81,9.29,10.42,3.63
2015-02-17,21.30,21.00,21.53,20.30,43727,91190000,-0.29,-1.36,5.78,2.19
2015-02-25,20.98,20.50,21.70,20.50,32089,67400000,-0.50,-2.38,5.71,1.60
2015-02-26,20.67,20.49,20.90,19.92,31304,63490000,-0.01,-0.05,4.78,1.57
2015-02-27,20.48,20.43,20.50,19.92,29637,59810000,-0.06,-0.29,2.83,1.48
2015-03-02,21.70,21.89,22.29,20.90,48506,105120000,1.46,7.15,6.80,2.43
2015-03-03,21.84,21.55,21.84,21.05,43892,93550000,-0.34,-1.55,3.61,2.19
2015-03-04,21.43,22.74,23.46,21.43,47727,108940000,1.19,5.52,9.42,2.39
2015-03-05,23.00,22.45,23.24,22.25,28699,64830000,-0.29,-1.28,4.35,1.44
2015-03-06,22.46,22.67,23.12,22.25,32077,72790000,0.22,0.98,3.88,1.60
2015-03-09,22.60,22.12,22.60,21.80,24213,53640000,-0.55,-2.43,3.53,1.21
2015-03-10,22.59,22.50,22.59,21.81,25519,56980000,0.38,1.72,3.53,1.28
2015-03-11,22.68,22.27,22.79,21.65,29562,65910000,-0.23,-1.02,5.07,1.48
2015-03-12,22.50,22.65,23.47,22.10,35681,81440000,0.38,1.71,6.15,1.78
2015-03-13,22.50,22.42,22.70,22.02,22163,49650000,-0.23,-1.02,3.00,1.11
2015-03-16,22.43,23.03,23.25,22.09,54475,123480000,0.61,2.72,5.17,2.72
2015-03-17,22.94,22.75,23.50,22.50,47866,109470000,-0.28,-1.22,4.34,2.39
2015-03-18,22.70,22.64,22.70,22.18,37423,83700000,-0.11,-0.48,2.29,1.87
2015-03-19,22.63,23.33,23.40,22.26,54820,125630000,0.69,3.05,5.04,2.74
2015-03-20,23.40,22.96,23.50,22.51,50085,114490000,-0.37,-1.59,4.24,2.50
2015-03-23,22.99,25.26,25.26,22.50,76796,184380000,2.30,10.02,12.02,3.84
2015-03-24,25.50,25.95,26.75,24.80,95251,246370000,0.69,2.73,7.72,4.76
2015-03-25,25.94,26.37,26.99,25.10,68051,178150000,0.42,1.62,7.28,3.40
2015-03-26,26.15,25.00,26.16,24.26,60087,152180000,-1.37,-5.20,7.21,3.00
2015-03-27,25.00,25.61,25.90,24.80,36093,91710000,0.61,2.44,4.40,1.80
2015-03-30,25.50,24.75,26.00,24.60,42538,106030000,-0.86,-3.36,5.47,2.13
2015-03-31,24.51,24.79,25.26,24.50,25631,63610000,0.04,0.16,3.07,1.28
2015-04-01,24.99,25.65,26.10,24.60,51375,131280000,0.86,3.47,6.05,2.57
2015-04-02,25.81,28.22,28.22,25.70,109971,298960000,2.57,10.02,9.82,5.50
2015-04-03,28.18,28.70,29.25,27.45,89612,253780000,0.48,1.70,6.38,4.48
2015-04-07,29.00,30.45,30.99,28.50,85439,251770000,1.75,6.10,8.68,4.27
2015-04-08,30.23,29.94,30.25,28.49,80653,237220000,-0.51,-1.67,5.78,4.03
2015-04-09,29.76,31.11,31.99,26.95,116986,346600000,1.17,3.91,16.83,5.85
2015-04-10,30.75,32.15,33.04,30.16,90120,290010000,1.04,3.34,9.26,4.51
2015-04-13,32.35,32.10,32.70,31.00,112648,359970000,-0.05,-0.16,5.29,5.63
2015-04-14,31.49,30.15,31.50,29.70,111873,339830000,-1.95,-6.07,5.61,5.59
2015-04-15,29.33,27.14,29.86,27.14,95272,265700000,-3.01,-9.98,9.02,4.76
2015-04-16,25.82,26.17,27.25,24.84,74207,195400000,-0.97,-3.57,8.88,3.71
2015-04-17,26.70,26.32,26.97,25.81,53122,139940000,0.15,0.57,4.43,2.66
2015-04-20,26.30,25.82,26.70,25.23,48323,125340000,-0.50,-1.90,5.59,2.42
2015-04-21,25.82,27.70,27.70,25.58,54408,144930000,1.88,7.28,8.21,2.72
2015-04-22,27.99,27.98,28.76,27.58,65204,183570000,0.28,1.01,4.26,3.26
2015-04-23,28.00,28.05,28.72,27.30,55735,156520000,0.07,0.25,5.08,2.79
2015-04-24,27.70,26.85,27.70,26.20,54400,146870000,-1.20,-4.28,5.35,2.72
2015-04-27,27.04,27.41,28.27,27.04,62389,172900000,0.56,2.09,4.58,3.12
2015-04-28,13.80,12.43,13.80,12.31,102091,130530000,-1.25,-9.14,10.89,2.55
2015-04-29,12.40,12.83,13.20,12.05,122948,156150000,0.40,3.22,9.25,3.07
2015-04-30,12.70,12.76,13.40,12.60,100353,130660000,-0.07,-0.55,6.24,2.51
2015-05-04,12.77,13.17,13.25,12.38,74352,96200000,0.41,3.21,6.82,1.86
2015-05-05,13.12,12.55,13.12,12.30,74495,94720000,-0.62,-4.71,6.23,1.86
2015-05-06,12.57,12.45,13.04,12.27,82770,105330000,-0.10,-0.80,6.14,2.07
2015-05-07,12.55,12.53,12.75,12.10,55410,69210000,0.08,0.64,5.22,1.39
2015-05-08,12.68,13.74,13.78,12.68,192632,259110000,1.21,9.66,8.78,4.82
2015-05-11,13.70,14.55,14.89,13.37,312684,441720000,0.81,5.90,11.06,7.82
2015-05-12,14.56,14.72,15.00,13.90,267705,386810000,0.17,1.17,7.56,6.69
2015-05-13,14.00,14.25,14.90,13.81,202515,290880000,-0.47,-3.19,7.40,5.06
2015-05-14,14.01,14.25,14.45,13.89,159691,226410000,0.00,0.00,3.93,3.99
2015-05-15,14.02,13.19,14.15,13.19,163242,223960000,-1.06,-7.44,6.74,4.08
2015-05-18,13.69,14.10,14.37,13.40,196443,275020000,0.91,6.90,7.35,4.91
2015-05-19,14.01,14.49,14.70,14.00,251001,360550000,0.39,2.77,4.96,6.28
2015-05-20,14.70,15.50,15.94,14.57,329362,511680000,1.01,6.97,9.45,8.23
2015-05-21,15.82,17.05,17.05,15.82,203399,334360000,1.55,10.00,7.94,5.09
2015-05-22,18.70,16.76,18.70,16.28,468144,809850000,-0.29,-1.70,14.19,11.70
2015-05-25,16.05,16.37,16.78,15.53,209835,340190000,-0.39,-2.33,7.46,5.25
2015-05-26,16.39,17.50,17.96,16.38,227676,393690000,1.13,6.90,9.65,5.69
2015-05-27,17.50,17.22,17.57,16.70,202842,346920000,-0.28,-1.60,4.97,5.07
2015-05-28,17.20,15.50,17.55,15.50,212738,354860000,-1.72,-9.99,11.90,5.32
2015-05-29,15.23,16.13,16.20,14.00,202705,314180000,0.63,4.06,14.19,5.07
2015-06-01,16.07,17.29,17.38,15.89,211689,359710000,1.16,7.19,9.24,5.29
2015-06-02,17.75,19.02,19.02,17.75,102210,190810000,1.73,10.01,7.35,2.56
2015-06-03,20.92,19.75,20.92,18.05,524804,1036610000,0.73,3.84,15.09,13.12
2015-06-04,19.25,18.70,19.25,17.78,278260,515010000,-1.05,-5.32,7.44,6.96
2015-06-05,18.70,18.74,19.40,18.17,203234,383050000,0.04,0.21,6.58,5.08
2015-06-08,18.70,17.09,18.70,16.90,272028,475180000,-1.65,-8.80,9.61,6.80
2015-06-09,16.90,17.00,17.78,16.43,218129,371480000,-0.09,-0.53,7.90,5.45
2015-06-10,17.00,17.51,17.70,16.75,246388,425910000,0.51,3.00,5.59,6.16
2015-06-11,17.51,18.06,18.50,17.11,257726,457890000,0.55,3.14,7.94,6.44
2015-06-12,18.14,18.85,18.98,17.62,368431,680270000,0.79,4.37,7.53,9.21
2015-06-15,19.10,19.83,20.74,18.91,454243,902210000,0.98,5.20,9.71,11.36
2015-06-16,19.33,18.80,19.78,18.30,257616,490510000,-1.03,-5.19,7.46,6.44
2015-06-17,18.60,19.73,19.89,17.80,261294,495950000,0.93,4.95,11.12,6.53
2015-06-18,19.98,18.45,20.27,18.10,214691,416950000,-1.28,-6.49,11.00,5.37
2015-06-19,17.50,16.63,17.99,16.61,191504,325630000,-1.82,-9.86,7.48,4.79
2015-06-23,16.10,17.10,17.18,15.24,153335,250730000,0.47,2.83,11.67,3.83
2015-06-24,17.22,17.04,17.58,16.25,141388,241130000,-0.06,-0.35,7.78,3.53
2015-06-25,17.05,15.45,17.18,15.34,177127,286780000,-1.59,-9.33,10.80,4.43
2015-06-26,14.51,13.91,14.78,13.91,115295,162770000,-1.54,-9.97,5.63,2.88
2015-06-29,14.05,12.52,14.30,12.52,170602,218000000,-1.39,-9.99,12.80,4.27
2015-06-30,11.51,13.02,13.10,11.27,295105,359520000,0.50,3.99,14.62,7.38
2015-07-01,12.59,11.72,13.06,11.72,278914,347880000,-1.30,-9.98,10.29,6.97
2015-07-02,11.00,10.55,11.35,10.55,172434,185120000,-1.17,-9.98,6.83,4.31
2015-07-03,10.20,9.50,10.94,9.50,227313,223660000,-1.05,-9.95,13.65,5.68
2015-07-06,10.45,8.55,10.45,8.55,254678,235610000,-0.95,-10.00,20.00,6.37
2015-07-07,7.87,7.70,8.10,7.70,76862,59410000,-0.85,-9.94,4.68,1.92
2015-07-14,8.47,8.47,8.47,8.47,2112,1790000,0.77,10.00,0.00,0.05
2015-07-15,9.32,9.13,9.32,8.80,411539,378470000,0.66,7.79,6.14,10.29
2015-07-16,9.13,9.85,9.98,8.45,324906,307250000,0.72,7.89,16.76,8.12
2015-07-17,10.21,10.84,10.84,10.18,279123,296240000,0.99,10.05,6.70,6.98
2015-07-20,11.30,11.51,11.75,10.90,345199,391380000,0.67,6.18,7.84,8.63
2015-07-21,11.10,11.56,11.80,10.96,271288,309350000,0.05,0.43,7.30,6.78
2015-07-22,11.35,11.37,11.76,11.03,213509,243840000,-0.19,-1.64,6.31,5.34
2015-07-23,11.50,12.02,12.35,11.21,231471,272580000,0.65,5.72,10.03,5.79
2015-07-24,12.10,11.60,12.38,11.43,252647,302800000,-0.42,-3.49,7.90,6.32
2015-07-27,11.20,10.44,11.77,10.44,225641,250510000,-1.16,-10.00,11.47,5.64
2015-07-28,9.42,9.42,10.40,9.40,231017,224760000,-1.02,-9.77,9.58,5.78
2015-07-29,9.81,10.27,10.30,9.18,196235,189940000,0.85,9.02,11.89,4.91
2015-07-30,10.11,9.68,10.44,9.65,167835,170000000,-0.59,-5.74,7.69,4.20
2015-07-31,9.43,9.65,10.04,9.32,132663,128100000,-0.03,-0.31,7.44,3.32
2015-08-03,9.72,9.02,9.77,8.82,139997,130660000,-0.63,-6.53,9.84,3.50
2015-08-04,9.20,9.92,9.92,9.08,180988,173760000,0.90,9.98,9.31,4.52
2015-08-05,10.26,10.16,10.53,9.99,232810,238920000,0.24,2.42,5.44,5.82
2015-08-06,9.80,10.13,10.38,9.68,134261,135630000,-0.03,-0.30,6.89,3.36
2015-08-07,10.32,10.77,10.90,10.32,210832,224770000,0.64,6.32,5.73,5.27
2015-08-10,11.07,11.72,11.85,10.90,240773,275790000,0.95,8.82,8.82,6.02
2015-08-11,11.61,11.51,11.97,11.20,226847,264200000,-0.21,-1.79,6.57,5.67
2015-08-12,11.28,12.06,12.57,11.20,298351,356840000,0.55,4.78,11.90,7.46
2015-08-13,11.86,13.27,13.27,11.80,326534,407750000,1.21,10.03,12.19,8.16
2015-08-14,13.63,13.96,14.54,13.38,338715,472110000,0.69,5.20,8.74,8.47
2015-08-17,14.00,14.30,14.92,13.58,231925,329110000,0.34,2.44,9.60,5.80
2015-08-18,14.01,12.87,14.29,12.87,236884,318230000,-1.43,-10.00,9.93,5.92
2015-08-19,11.91,13.11,13.34,11.62,247315,308340000,0.24,1.86,13.36,6.18
2015-08-20,12.80,14.41,14.42,12.61,440029,610180000,1.30,9.92,13.81,11.00
2015-08-21,13.77,12.97,14.20,12.97,338732,455900000,-1.44,-9.99,8.54,8.47
2015-08-24,12.51,11.67,12.93,11.67,371538,449920000,-1.30,-10.02,9.71,9.29
2015-08-25,10.50,10.50,10.80,10.50,192421,202530000,-1.17,-10.03,2.57,4.81
2015-08-26,10.36,9.45,10.98,9.45,322353,320570000,-1.05,-10.00,14.57,8.06
2015-08-27,9.85,9.28,10.00,8.51,323463,299280000,-0.17,-1.80,15.77,8.09
2015-08-28,9.52,10.21,10.21,9.35,240306,235400000,0.93,10.02,9.27,6.01
2015-08-31,10.28,10.12,10.50,9.50,242871,240320000,-0.09,-0.88,9.79,6.07
2015-09-01,9.97,9.11,9.97,9.11,161995,151830000,-1.01,-9.98,8.50,4.05
2015-09-02,8.20,8.20,9.43,8.20,237185,202960000,-0.91,-9.99,13.50,5.93
2015-09-07,8.45,8.50,8.93,8.24,190764,163220000,0.30,3.66,8.41,4.77
2015-09-08,8.35,9.17,9.20,8.24,163040,140920000,0.67,7.88,11.29,4.08
2015-09-09,9.40,9.50,9.74,9.11,234984,222390000,0.33,3.60,6.87,5.87
2015-09-10,9.30,9.41,9.85,9.20,177330,169330000,-0.09,-0.95,6.84,4.43
2015-09-11,9.37,9.31,9.67,9.03,160801,150940000,-0.10,-1.06,6.80,4.02
2015-09-14,9.45,8.38,9.53,8.38,162944,142030000,-0.93,-9.99,12.35,4.07
2015-09-15,7.73,7.85,8.11,7.54,192267,149080000,-0.53,-6.32,6.80,4.81
2015-09-16,7.85,8.64,8.64,7.73,220335,180680000,0.79,10.06,11.59,5.51
2015-09-17,8.50,8.20,8.94,8.20,251552,216760000,-0.44,-5.09,8.56,6.29
2015-09-18,8.36,8.25,8.46,8.01,146321,120250000,0.05,0.61,5.49,3.66
2015-09-21,8.07,8.78,8.89,8.02,175530,149010000,0.53,6.42,10.55,4.39
2015-09-22,8.78,8.71,9.02,8.50,200495,176400000,-0.07,-0.80,5.92,5.01
2015-09-23,8.51,8.68,8.89,8.45,166718,144930000,-0.03,-0.34,5.05,4.17
2015-09-24,8.70,9.02,9.10,8.70,182493,162770000,0.34,3.92,4.61,4.56
2015-09-25,8.90,8.38,9.05,8.20,163361,140470000,-0.64,-7.10,9.42,4.08
2015-09-28,8.32,8.79,8.80,8.12,118112,101110000,0.41,4.89,8.11,2.95
2015-09-29,8.58,8.39,8.64,8.25,100342,85050000,-0.40,-4.55,4.44,2.51
2015-09-30,8.47,8.37,8.58,8.22,69251,58130000,-0.02,-0.24,4.29,1.73
2015-10-08,8.71,8.77,8.95,8.59,137313,120660000,0.40,4.78,4.30,3.43
2015-10-09,8.80,9.06,9.24,8.70,179099,161400000,0.29,3.31,6.16,4.48
2015-10-12,9.97,9.97,9.97,9.97,54104,53940000,0.91,10.04,0.00,1.35
2015-10-13,10.61,10.80,10.90,10.08,448491,468410000,0.83,8.33,8.22,11.21
2015-10-14,10.52,10.37,10.63,10.26,277275,289120000,-0.43,-3.98,3.43,6.93
2015-10-15,10.32,10.72,10.79,10.21,257930,273730000,0.35,3.38,5.59,6.45
2015-10-16,10.91,10.68,10.99,10.29,261086,278200000,-0.04,-0.37,6.53,6.53
2015-10-19,10.64,10.48,10.72,10.25,202671,211740000,-0.20,-1.87,4.40,5.07
2015-10-20,10.48,11.05,11.16,10.40,293656,318390000,0.57,5.44,7.25,7.34
2015-10-21,10.93,9.95,10.97,9.95,315367,328620000,-1.10,-9.95,9.23,7.88
2015-10-22,9.88,10.21,10.29,9.59,233657,234140000,0.26,2.61,7.04,5.84
2015-10-23,10.20,10.65,10.77,10.10,258889,269780000,0.44,4.31,6.56,6.47
2015-10-26,10.80,10.93,11.14,10.51,271477,293760000,0.28,2.63,5.92,6.79
2015-10-27,10.73,10.88,11.10,10.14,236469,250950000,-0.05,-0.46,8.78,5.91
2015-10-28,10.70,11.24,11.68,10.63,379848,426980000,0.36,3.31,9.65,9.50
2015-10-29,11.35,11.00,11.48,10.80,213707,236180000,-0.24,-2.14,6.05,5.34
2015-10-30,11.05,10.77,11.18,10.65,161760,176260000,-0.23,-2.09,4.82,4.04
2015-11-02,10.25,10.16,10.84,10.05,149352,155490000,-0.61,-5.66,7.34,3.73
2015-11-03,10.26,10.40,10.40,9.98,133785,136090000,0.24,2.36,4.13,3.34
2015-11-04,10.33,11.02,11.03,10.33,197792,213720000,0.62,5.96,6.73,4.94
2015-11-05,11.00,10.93,11.17,10.67,188978,206020000,-0.09,-0.82,4.54,4.72
2015-11-06,10.95,11.66,11.88,10.93,308912,353380000,0.73,6.68,8.69,7.72
2015-11-09,11.44,11.60,11.73,11.18,208734,240080000,-0.06,-0.51,4.72,5.22
2015-11-10,11.45,11.50,11.87,11.30,191510,221320000,-0.10,-0.86,4.91,4.79
2015-11-11,11.45,11.96,12.05,11.37,270925,320120000,0.46,4.00,5.91,6.77
2015-11-12,12.01,12.42,12.80,11.97,347285,429880000,0.46,3.85,6.94,8.68
2015-11-13,12.12,11.80,12.28,11.65,232438,276860000,-0.62,-4.99,5.07,5.81
2015-11-16,11.39,12.53,12.68,11.31,262151,318350000,0.73,6.19,11.61,6.55
2015-11-17,12.70,11.96,12.88,11.93,295859,366870000,-0.57,-4.55,7.58,7.40
2015-11-18,12.07,11.51,12.19,11.41,154860,183990000,-0.45,-3.76,6.52,3.87
2015-11-19,11.65,12.03,12.10,11.53,151248,178860000,0.52,4.52,4.95,3.78
2015-11-20,12.06,12.40,12.51,12.05,245373,302380000,0.37,3.08,3.82,6.13
2015-11-23,12.51,12.08,12.87,11.92,267823,332670000,-0.32,-2.58,7.66,6.70
2015-11-24,12.00,12.56,12.56,11.70,205643,249160000,0.48,3.97,7.12,5.14
2015-11-25,12.44,13.25,13.50,12.33,409767,529250000,0.69,5.49,9.32,10.24
2015-11-26,13.00,12.74,13.17,12.62,306784,395170000,-0.51,-3.85,4.15,7.67
2015-11-27,12.51,12.25,13.18,11.90,293890,367150000,-0.49,-3.85,10.05,7.35
2015-11-30,12.27,12.44,12.70,11.22,201243,244110000,0.19,1.55,12.08,5.03
2015-12-01,12.32,12.08,12.50,11.86,148607,181680000,-0.36,-2.89,5.14,3.72
2015-12-02,12.08,11.48,12.15,11.00,159780,184080000,-0.60,-4.97,9.52,3.99
2015-12-03,11.50,11.94,11.95,11.49,113461,133250000,0.46,4.01,4.01,2.84
2015-12-04,11.93,12.23,12.29,11.83,182563,220200000,0.29,2.43,3.85,4.56
2015-12-07,12.23,12.69,12.78,12.12,221898,277530000,0.46,3.76,5.40,5.55
2015-12-08,12.46,12.20,12.58,12.00,132668,162930000,-0.49,-3.86,4.57,3.32
2015-12-09,12.19,12.40,12.93,12.03,198840,248870000,0.20,1.64,7.38,4.97
2015-12-10,12.33,12.20,12.68,12.15,207604,258330000,-0.20,-1.61,4.27,5.19
2015-12-11,12.05,12.02,12.34,11.84,141317,170470000,-0.18,-1.48,4.10,3.53
2015-12-14,11.80,12.18,12.24,11.73,98766,118870000,0.16,1.33,4.24,2.47
2015-12-15,12.12,12.52,12.56,12.12,136989,169900000,0.34,2.79,3.61,3.42
2015-12-16,12.50,12.40,12.68,12.37,151339,189330000,-0.12,-0.96,2.48,3.78
2015-12-17,12.51,12.79,12.93,12.42,218751,277550000,0.39,3.15,4.11,5.47
2015-12-18,12.78,12.62,12.83,12.46,144864,182840000,-0.17,-1.33,2.89,3.62
2015-12-21,12.75,12.82,13.08,12.63,201770,259690000,0.20,1.58,3.57,5.04
2015-12-22,12.94,13.40,13.52,12.66,259150,339480000,0.58,4.52,6.71,6.48
2015-12-23,13.20,13.00,13.42,13.00,176807,233030000,-0.40,-2.99,3.13,4.42
2015-12-24,13.03,13.25,13.25,12.71,144637,187400000,0.25,1.92,4.15,3.62
2015-12-25,13.23,13.25,13.49,13.12,121077,161120000,0.00,0.00,2.79,3.03
2015-12-28,13.37,13.17,13.87,13.17,198425,268340000,-0.08,-0.60,5.28,4.96
2015-12-29,13.17,13.42,13.44,12.95,110309,145170000,0.25,1.90,3.72,2.76
2015-12-30,13.38,13.62,13.74,13.25,119396,160800000,0.20,1.49,3.65,2.98
2015-12-31,13.70,13.31,13.70,13.21,107585,144650000,-0.31,-2.28,3.60,2.69
2016-01-04,13.28,11.98,13.28,11.98,94632,118330000,-1.33,-9.99,9.77,2.37
2016-01-05,10.98,11.25,11.94,10.78,131879,150220000,-0.73,-6.09,9.68,3.30
2016-01-06,11.34,11.67,11.80,11.25,78393,90210000,0.42,3.73,4.89,1.96
2016-01-07,11.67,10.50,11.67,10.50,32718,35910000,-1.17,-10.03,10.03,0.82
2016-01-08,11.00,10.72,11.07,10.00,128706,138080000,0.22,2.10,10.19,3.22
2016-01-11,10.01,9.68,10.60,9.66,115597,117730000,-1.04,-9.70,8.77,2.89
2016-01-12,9.66,10.05,10.15,9.50,92908,91770000,0.37,3.82,6.71,2.32
2016-01-13,10.08,10.02,10.50,10.00,97123,99410000,-0.03,-0.30,4.98,2.43
2016-01-14,9.67,10.92,11.02,9.55,114519,119920000,0.90,8.98,14.67,2.86
2016-01-15,10.80,10.50,10.98,10.34,93341,99280000,-0.42,-3.85,5.86,2.33
2016-01-18,10.40,10.91,11.20,10.20,76611,83090000,0.41,3.90,9.52,1.92
2016-01-19,10.84,11.20,11.29,10.70,80361,88520000,0.29,2.66,5.41,2.01
2016-01-20,11.11,10.99,11.25,10.90,64457,71370000,-0.21,-1.88,3.13,1.61
2016-01-21,10.82,10.70,11.34,10.70,85827,94690000,-0.29,-2.64,5.82,2.15
2016-01-22,10.90,11.00,11.17,10.57,53608,58230000,0.30,2.80,5.61,1.34
2016-01-25,11.07,11.16,11.30,11.05,48253,54010000,0.16,1.45,2.27,1.21
2016-01-26,11.05,10.20,11.38,10.04,102248,111710000,-0.96,-8.60,12.01,2.56
2016-01-27,10.26,10.32,10.46,9.38,81581,81950000,0.12,1.18,10.59,2.04
2016-01-28,10.15,9.78,10.31,9.68,41360,41460000,-0.54,-5.23,6.10,1.03
2016-01-29,9.80,10.24,10.39,9.79,52854,53730000,0.46,4.70,6.14,1.32
2016-02-01,10.26,10.39,10.50,10.19,48746,50370000,0.15,1.46,3.03,1.22
2016-02-02,10.39,10.85,10.92,10.30,57720,62260000,0.46,4.43,5.97,1.44
2016-02-03,10.70,10.90,11.01,10.55,48626,52180000,0.05,0.46,4.24,1.22
2016-02-04,10.97,10.97,11.16,10.73,51531,56820000,0.07,0.64,3.95,1.29
2016-02-05,11.15,10.81,11.15,10.70,35288,38410000,-0.16,-1.46,4.10,0.88
2016-02-15,10.50,10.93,10.98,10.31,48322,51680000,0.12,1.11,6.20,1.21
2016-02-16,10.99,11.36,11.45,10.99,67240,75960000,0.43,3.93,4.21,1.68
2016-02-17,11.34,11.46,11.55,11.13,73447,83450000,0.10,0.88,3.70,1.84
2016-02-18,11.63,11.29,11.68,11.24,67582,77220000,-0.17,-1.48,3.84,1.69
2016-02-19,11.30,11.35,11.43,11.15,42012,47430000,0.06,0.53,2.48,1.05
2016-02-22,11.50,11.52,11.75,11.39,64103,74180000,0.17,1.50,3.17,1.60
2016-02-23,11.61,11.63,11.88,11.44,75971,88450000,0.11,0.95,3.82,1.90
2016-02-24,11.55,11.39,11.67,11.05,69995,79500000,-0.24,-2.06,5.33,1.75
2016-02-25,11.39,10.25,11.39,10.25,98656,105980000,-1.14,-10.01,10.01,2.47
2016-02-26,10.29,10.39,10.53,10.10,49398,51120000,0.14,1.37,4.20,1.24
2016-02-29,10.23,9.71,10.49,9.38,61573,60410000,-0.68,-6.54,10.68,1.54
2016-03-01,9.86,9.86,10.05,9.39,71187,68960000,0.15,1.54,6.80,1.78
2016-03-02,9.86,10.31,10.34,9.66,72576,72660000,0.45,4.56,6.90,1.81
2016-03-03,10.30,10.22,10.55,10.18,60972,62990000,-0.09,-0.87,3.59,1.52
2016-03-04,10.13,9.77,10.34,9.53,62936,62430000,-0.45,-4.40,7.93,1.57
2016-03-07,9.90,10.00,10.19,9.90,48577,48730000,0.23,2.35,2.97,1.21
2016-03-08,9.99,10.03,10.05,9.46,68332,66450000,0.03,0.30,5.90,1.71
2016-03-09,10.00,9.84,10.00,9.65,39294,38640000,-0.19,-1.89,3.49,0.98
2016-03-10,9.86,9.82,10.12,9.80,52409,52280000,-0.02,-0.20,3.25,1.31
2016-03-11,9.79,9.92,10.01,9.65,26300,26040000,0.10,1.02,3.67,0.66
2016-03-14,10.05,10.41,10.60,10.05,84255,87510000,0.49,4.94,5.54,2.11
2016-03-15,10.45,10.67,10.75,10.37,103505,109770000,0.26,2.50,3.65,2.59
2016-03-16,10.82,11.05,11.11,10.81,126079,138230000,0.38,3.56,2.81,3.15
2016-03-17,11.10,11.43,11.56,10.95,102577,115860000,0.38,3.44,5.52,2.56
2016-03-18,11.36,11.43,11.73,11.28,151991,174360000,0.00,0.00,3.94,3.80
2016-03-21,11.50,12.34,12.43,11.50,138534,165080000,0.91,7.96,8.14,3.46
2016-03-22,12.19,12.26,12.44,11.80,113706,138260000,-0.08,-0.65,5.19,2.84
2016-03-23,12.15,12.48,12.64,12.02,79159,98410000,0.22,1.79,5.06,1.98
2016-03-24,12.47,12.27,12.75,12.19,113071,140680000,-0.21,-1.68,4.49,2.83
2016-03-25,12.13,13.13,13.39,12.13,175446,227640000,0.86,7.01,10.27,4.39
2016-03-28,13.31,13.57,14.05,13.31,167580,229360000,0.44,3.35,5.64,4.19
2016-03-29,13.59,13.52,14.18,13.50,186053,258490000,-0.05,-0.37,5.01,4.65
2016-03-30,14.15,13.81,14.44,13.67,147492,205270000,0.29,2.15,5.70,3.69
2016-03-31,13.83,13.80,13.96,13.53,86611,119320000,-0.01,-0.07,3.11,2.17
2016-04-01,13.70,14.00,14.32,13.70,93695,131790000,0.20,1.45,4.49,2.34
2016-04-05,13.91,14.72,14.76,13.76,108860,156230000,0.72,5.14,7.14,2.72
2016-04-06,14.65,14.54,14.81,14.32,71313,103600000,-0.18,-1.22,3.33,1.78
2016-04-07,14.60,14.33,14.79,14.33,61769,89430000,-0.21,-1.44,3.16,1.54
2016-04-08,14.20,13.74,14.27,13.65,80897,112720000,-0.59,-4.12,4.33,2.02
2016-04-11,14.00,15.11,15.11,13.90,132535,194100000,1.37,9.97,8.81,3.31
2016-04-12,15.18,14.75,15.56,14.61,139998,210080000,-0.36,-2.38,6.29,3.50
2016-04-13,15.00,15.36,15.64,14.86,116217,178140000,0.61,4.14,5.29,2.91
2016-04-14,15.40,15.37,15.59,15.22,76447,117560000,0.01,0.07,2.41,1.91
2016-06-28,16.87,16.87,16.87,16.87,11189,18880000,1.53,9.97,0.00,0.28
2016-06-29,18.56,18.56,18.56,18.56,4244,7880000,1.69,10.02,0.00,0.11
2016-06-30,20.42,20.42,20.42,20.42,113075,230900000,1.86,10.02,0.00,2.83
2016-07-01,21.50,22.46,22.46,20.50,632725,1377860000,2.04,9.99,9.60,15.82
2016-07-04,24.70,24.71,24.71,24.02,145282,357710000,2.25,10.02,3.07,3.63
2016-07-05,25.99,24.72,25.99,23.91,499463,1248130000,0.01,0.04,8.42,12.49
2016-07-06,24.60,26.04,27.00,24.60,333110,861110000,1.32,5.34,9.71,8.33
2016-07-07,25.40,26.10,26.50,24.73,214832,552670000,0.06,0.23,6.80,5.37
2016-07-08,25.68,25.45,27.00,25.45,185182,486910000,-0.65,-2.49,5.94,4.63
2016-07-11,25.45,26.13,26.70,24.75,213077,547490000,0.68,2.67,7.66,5.33
2016-07-12,26.13,25.55,26.68,24.61,177929,458350000,-0.58,-2.22,7.92,4.45
2016-07-13,25.23,25.85,26.19,24.85,145885,372230000,0.30,1.17,5.24,3.65
2016-07-14,27.15,24.89,27.68,24.88,279509,725100000,-0.96,-3.71,10.83,6.99
2016-07-15,24.22,24.89,25.43,24.07,136221,338120000,0.00,0.00,5.46,3.41
2016-07-18,24.79,24.94,25.58,24.79,116916,294730000,0.05,0.20,3.17,2.92
2016-07-19,24.65,25.19,25.40,24.30,111212,276090000,0.25,1.00,4.41,2.78
2016-07-20,25.40,27.71,27.71,25.13,235389,628030000,2.52,10.00,10.24,5.88
2016-07-21,28.70,29.18,29.70,28.10,330172,951640000,1.47,5.30,5.77,8.25
2016-07-22,29.17,27.99,29.20,27.65,189701,537270000,-1.19,-4.08,5.31,4.74
2016-07-25,27.75,27.15,28.45,26.88,120528,329850000,-0.84,-3.00,5.61,3.01
2016-07-26,27.00,27.11,27.66,26.81,78399,213020000,-0.04,-0.15,3.13,1.96
2016-07-27,27.08,26.10,27.63,25.61,142678,379370000,-1.01,-3.73,7.45,3.57
2016-07-28,25.76,25.50,26.43,24.69,101332,258920000,-0.60,-2.30,6.67,2.53
2016-07-29,25.65,25.78,25.95,24.76,64359,163060000,0.28,1.10,4.67,1.61
2016-08-01,25.50,25.76,26.60,25.05,72383,187660000,-0.02,-0.08,6.01,1.81
2016-08-02,25.60,26.63,26.71,25.58,54427,142010000,0.87,3.38,4.39,1.36
2016-08-03,26.40,26.65,27.39,26.28,78234,210440000,0.02,0.08,4.17,1.96
2016-08-04,26.55,28.90,29.32,26.55,305070,875700000,2.25,8.44,10.39,7.63
2016-08-05,28.00,27.59,28.50,27.26,162033,452250000,-1.31,-4.53,4.29,4.05
2016-08-08,27.10,26.89,27.48,26.50,116898,312870000,-0.70,-2.54,3.55,2.92
2016-08-09,26.68,27.04,27.34,26.63,63945,172520000,0.15,0.56,2.64,1.60
2016-08-10,26.88,27.19,27.30,26.40,61268,164930000,0.15,0.55,3.33,1.53
2016-08-11,27.10,26.33,27.37,26.30,94775,254200000,-0.86,-3.16,3.94,2.37
2016-08-12,25.53,23.70,25.53,23.70,371752,887390000,-2.63,-9.99,6.95,9.29
2016-08-15,23.80,25.39,25.88,23.71,200323,494000000,1.69,7.13,9.16,5.01
2016-08-16,25.20,25.22,25.87,24.83,102207,258450000,-0.17,-0.67,4.10,2.56
2016-08-17,25.20,25.90,26.30,25.06,106091,273670000,0.68,2.70,4.92,2.65
2016-08-18,25.96,25.20,26.07,24.90,130411,331240000,-0.70,-2.70,4.52,3.26
2016-08-19,24.52,25.05,25.76,24.51,162225,409050000,-0.15,-0.60,4.96,4.06
2016-08-22,24.81,24.00,25.15,23.86,87651,212450000,-1.05,-4.19,5.15,2.19
2016-08-23,24.00,24.25,24.61,23.51,82598,199390000,0.25,1.04,4.58,2.07
2016-08-24,24.65,25.13,25.26,24.08,96152,238500000,0.88,3.63,4.87,2.40
2016-08-25,25.00,25.49,25.98,24.76,138263,353320000,0.36,1.43,4.85,3.46
2016-08-26,25.30,27.20,27.55,25.25,146688,390600000,1.71,6.71,9.02,3.67
2016-08-29,27.17,27.23,27.59,26.80,97300,264420000,0.03,0.11,2.90,2.43
2016-08-30,27.49,26.80,27.49,26.46,75104,201030000,-0.43,-1.58,3.78,1.88
2016-08-31,26.56,25.84,26.87,25.23,119287,307880000,-0.96,-3.58,6.12,2.98
2016-09-01,25.52,26.30,26.58,25.51,74281,193430000,0.46,1.78,4.14,1.86
2016-09-02,26.20,26.29,26.38,25.68,53147,138560000,-0.01,-0.04,2.66,1.33
2016-09-05,26.06,27.10,27.10,25.81,120431,320190000,0.81,3.08,4.91,3.01
2016-09-06,27.05,26.80,27.40,26.63,111436,299710000,-0.30,-1.11,2.84,2.79
2016-09-07,26.89,26.73,27.18,26.40,67418,180330000,-0.07,-0.26,2.91,1.69
2016-09-08,26.67,26.12,26.72,26.00,67084,176450000,-0.61,-2.28,2.69,1.68
2016-09-09,26.24,26.85,27.10,25.85,95961,255720000,0.73,2.79,4.79,2.40
2016-09-12,26.00,24.79,26.34,24.53,125501,319050000,-2.06,-7.67,6.74,3.14
2016-09-13,25.12,25.08,25.68,24.90,75784,191270000,0.29,1.17,3.15,1.89
2016-09-14,25.01,24.73,25.42,24.65,58726,146990000,-0.35,-1.40,3.07,1.47
2016-09-19,24.73,25.09,25.46,24.72,54330,136370000,0.36,1.46,2.99,1.36
2016-09-20,25.80,26.78,27.38,25.70,160549,428460000,1.69,6.74,6.70,4.01
2016-09-21,26.50,26.30,26.59,26.11,70425,185630000,-0.48,-1.79,1.79,1.76
2016-09-22,26.51,26.32,27.09,26.30,87001,232270000,0.02,0.08,3.00,2.18
2016-09-23,26.37,27.82,28.70,26.37,212909,588560000,1.50,5.70,8.85,5.32
2016-09-26,27.60,27.56,28.85,27.00,155196,433770000,-0.26,-0.93,6.65,3.88
2016-09-27,27.51,27.85,28.13,26.61,106906,294910000,0.29,1.05,5.52,2.67
2016-09-28,28.57,27.28,28.85,27.20,114970,320590000,-0.57,-2.05,5.92,2.87
2016-09-29,27.00,27.07,27.40,26.82,51564,139540000,-0.21,-0.77,2.13,1.29
2016-09-30,27.14,28.19,28.25,26.80,82447,228220000,1.12,4.14,5.36,2.06
2016-10-10,28.35,30.20,30.48,27.85,156683,461480000,2.01,7.13,9.33,3.92
2016-10-11,29.91,30.40,30.60,29.68,98075,295260000,0.20,0.66,3.05,2.45
2016-10-12,29.20,27.44,29.30,27.36,325011,914340000,-2.96,-9.74,6.38,8.13
2016-10-13,27.40,27.67,27.76,26.88,138267,378800000,0.23,0.84,3.21,3.46
2016-10-14,27.82,27.25,27.82,27.07,94781,258800000,-0.42,-1.52,2.71,2.37
2016-10-17,27.10,26.37,27.40,26.10,144370,383880000,-0.88,-3.23,4.77,3.61
2016-10-26,27.50,26.10,27.67,26.00,150458,403840000,-0.27,-1.02,6.33,3.76
2016-10-27,26.01,26.40,26.50,25.60,91399,238510000,0.30,1.15,3.45,2.29
2016-10-28,26.39,23.76,26.39,23.76,381284,923180000,-2.64,-10.00,9.96,9.53
2016-10-31,22.70,22.19,22.70,21.53,310780,686310000,-1.57,-6.61,4.92,7.77
2016-11-01,22.20,23.13,23.23,22.00,217848,492600000,0.94,4.24,5.54,5.45
2016-11-02,23.00,22.52,23.39,22.41,161362,369530000,-0.61,-2.64,4.24,4.03
2016-11-03,22.52,22.20,22.68,22.04,125990,281010000,-0.32,-1.42,2.84,3.15
2016-11-04,22.25,21.20,22.53,20.99,203355,439720000,-1.00,-4.50,6.94,5.08
2016-11-07,20.68,21.35,21.61,20.68,118324,250540000,0.15,0.71,4.39,2.96
2016-11-08,21.57,21.38,21.59,21.16,87167,186290000,0.03,0.14,2.01,2.18
2016-11-09,21.47,21.10,21.47,20.51,106924,225530000,-0.28,-1.31,4.49,2.67
2016-11-10,21.35,21.43,21.79,21.31,113784,244440000,0.33,1.56,2.27,2.84
2016-11-11,21.45,21.47,21.60,20.92,129797,275060000,0.04,0.19,3.17,3.24
2016-11-14,21.61,22.60,23.16,21.50,229152,514700000,1.13,5.26,7.73,5.73
2016-11-15,22.60,22.93,23.10,22.22,155570,353620000,0.33,1.46,3.89,3.89
2016-11-16,23.20,22.77,23.48,22.61,121643,279640000,-0.16,-0.70,3.79,3.04
2016-11-17,22.52,22.23,22.55,22.06,92276,205080000,-0.54,-2.37,2.15,2.31
2016-11-18,22.23,21.93,22.37,21.83,77367,171110000,-0.30,-1.35,2.43,1.93
2016-11-21,21.81,21.54,21.89,21.45,87833,189480000,-0.39,-1.78,2.01,2.20
2016-11-22,21.42,21.65,21.73,21.40,84535,182100000,0.11,0.51,1.53,2.11
2016-11-23,21.69,21.37,21.78,21.35,78477,169020000,-0.28,-1.29,1.99,1.96
2016-11-24,21.02,20.93,21.70,20.86,95019,201210000,-0.44,-2.06,3.93,2.38
2016-11-25,21.08,21.28,21.34,20.47,83425,174590000,0.35,1.67,4.16,2.09
2016-11-28,21.47,21.15,21.59,21.08,59602,127060000,-0.13,-0.61,2.40,1.49
2016-11-29,21.15,20.25,21.18,20.21,101394,209410000,-0.90,-4.26,4.59,2.53
2016-11-30,20.06,20.41,20.75,20.06,59158,120770000,0.16,0.79,3.41,1.48
2016-12-01,20.40,20.45,20.85,20.26,55634,113720000,0.04,0.20,2.89,1.39
2016-12-02,20.57,20.27,20.80,20.27,71515,146830000,-0.18,-0.88,2.59,1.79
2016-12-05,19.90,20.14,20.48,19.71,51721,104550000,-0.13,-0.64,3.80,1.29
2016-12-06,20.14,20.03,20.34,19.98,44325,89240000,-0.11,-0.55,1.79,1.11
2016-12-07,20.10,20.49,20.50,19.89,56588,114720000,0.46,2.30,3.05,1.41
2016-12-08,20.58,20.18,20.60,20.15,38087,77350000,-0.31,-1.51,2.20,0.95
2016-12-09,20.19,19.67,20.29,19.67,62176,123880000,-0.51,-2.53,3.07,1.55
2016-12-12,19.69,19.10,19.87,18.69,104103,199250000,-0.57,-2.90,6.00,2.60
2016-12-13,19.00,18.61,19.10,18.59,67166,125820000,-0.49,-2.57,2.67,1.68
2016-12-14,18.72,18.30,18.78,18.20,54527,100430000,-0.31,-1.67,3.12,1.36
2016-12-15,18.38,18.83,19.29,18.10,72260,136090000,0.53,2.90,6.50,1.81
2016-12-16,18.92,19.17,19.30,18.58,55886,106260000,0.34,1.81,3.82,1.40
2016-12-19,19.27,19.25,19.36,18.95,40337,77400000,0.08,0.42,2.14,1.01
2016-12-20,19.34,19.24,19.58,19.15,51952,100390000,-0.01,-0.05,2.23,1.30
2016-12-21,19.38,20.05,20.26,19.24,95432,190260000,0.81,4.21,5.30,2.39
2016-12-22,19.93,20.07,20.22,19.90,49578,99400000,0.02,0.10,1.60,1.24
2016-12-23,19.90,19.82,20.16,19.58,41377,82000000,-0.25,-1.25,2.89,1.03
2016-12-26,19.92,20.26,20.36,19.70,49037,98450000,0.44,2.22,3.33,1.23
2016-12-27,20.28,20.42,20.56,20.04,44306,90330000,0.16,0.79,2.57,1.11
2016-12-28,20.30,20.00,20.43,19.90,38603,77890000,-0.42,-2.06,2.60,0.97
2016-12-29,20.08,19.86,20.38,19.82,33894,67940000,-0.14,-0.70,2.80,0.85
2016-12-30,19.85,19.74,20.15,19.66,24109,47700000,-0.12,-0.60,2.47,0.60
2017-01-03,19.99,19.70,19.99,19.70,26680,52870000,-0.04,-0.20,1.47,0.67
2017-01-04,19.73,20.11,20.18,19.65,37414,74700000,0.41,2.08,2.69,0.94
2017-01-05,20.06,20.10,20.27,19.96,29879,60040000,-0.01,-0.05,1.54,0.75
2017-01-06,20.15,19.62,20.20,19.50,38061,75270000,-0.48,-2.39,3.48,0.95
2017-01-09,19.62,18.89,19.66,18.55,79907,151300000,-0.73,-3.72,5.66,2.00
2017-01-10,18.90,18.89,19.26,18.65,46989,89460000,0.00,0.00,3.23,1.17
2017-01-11,19.00,18.69,19.05,18.63,32845,61590000,-0.20,-1.06,2.22,0.82
2017-01-12,18.69,18.43,18.88,18.35,22181,41240000,-0.26,-1.39,2.84,0.55
2017-01-13,18.45,18.47,18.89,18.38,35698,66530000,0.04,0.22,2.77,0.89
2017-01-16,18.74,17.89,19.54,17.00,71719,133380000,-0.58,-3.14,13.75,1.79
2017-01-17,18.15,18.40,18.60,17.35,53173,95590000,0.51,2.85,6.99,1.33
2017-01-18,18.17,17.90,18.40,17.89,26002,46980000,-0.50,-2.72,2.77,0.65
2017-01-19,17.65,17.39,17.84,17.16,46425,80830000,-0.51,-2.85,3.80,1.16
2017-01-20,17.45,17.50,18.04,17.33,44332,78760000,0.11,0.63,4.08,1.11
2017-01-23,17.68,18.02,18.04,17.50,39015,69740000,0.52,2.97,3.09,0.98
2017-01-24,17.88,17.83,18.11,17.78,24561,43990000,-0.19,-1.05,1.83,0.61
2017-01-25,17.83,17.63,17.86,17.55,21690,38400000,-0.20,-1.12,1.74,0.54
2017-01-26,17.64,17.85,17.95,17.57,24200,42950000,0.22,1.25,2.16,0.61
2017-02-03,17.86,17.75,18.04,17.71,19224,34310000,-0.10,-0.56,1.85,0.48
2017-02-06,17.75,17.90,17.93,17.40,29891,52780000,0.15,0.85,2.99,0.75
2017-02-07,17.89,17.65,17.90,17.58,26076,46174500,-0.25,-1.40,1.788,0.65
2017-02-08,17.60,17.82,17.83,17.51,26094,46272600,0.17,0.96,1.813,0.65
2017-02-09,17.82,18.10,18.20,17.80,37116,66922700,0.28,1.57,2.245,0.93
2017-02-10,18.18,18.34,18.72,18.15,50686,93550200,0.24,1.33,3.149,1.27
2017-02-13,18.41,18.25,18.48,18.07,31637,57704400,-0.09,-0.49,2.236,0.79
2017-02-14,18.26,18.25,18.39,18.13,19909,36298700,0.00,0.00,1.425,0.50
2017-02-15,18.25,17.95,18.27,17.88,36003,65202000,-0.30,-1.64,2.137,0.90
2017-02-16,17.99,17.98,18.00,17.74,20950,37459400,0.03,0.17,1.448,0.52
2017-02-17,18.15,17.72,18.15,17.70,26563,47476300,-0.26,-1.45,2.503,0.66
2017-02-20,17.72,17.86,17.93,17.71,21543,38381400,0.14,0.79,1.242,0.54
2017-02-21,17.87,17.95,18.03,17.79,27588,49455800,0.09,0.50,1.34,0.69
2017-02-22,18.04,18.20,18.28,17.91,36841,66907800,0.25,1.39,2.06,0.92
2017-02-23,18.17,18.07,18.25,17.88,30240,54398700,-0.13,-0.71,2.03,0.76
2017-02-24,18.05,18.36,18.49,17.97,55094,100682100,0.29,1.60,2.88,1.38
2017-02-27,18.30,18.45,18.76,18.28,48336,89552000,0.09,0.49,2.61,1.21
2017-02-28,18.33,18.56,18.60,18.22,41413,76289300,0.11,0.60,2.06,1.04
2017-03-01,18.55,18.85,18.96,18.50,57130,107099200,0.29,1.56,2.48,1.43
2017-03-02,18.89,18.64,18.95,18.58,31293,58482800,-0.21,-1.11,1.96,0.78
2017-03-03,18.60,18.30,18.63,18.23,45798,84161700,-0.34,-1.82,2.15,1.14
2017-03-06,18.32,18.47,18.49,18.25,37948,69751400,0.17,0.93,1.31,0.95
2017-03-07,18.53,18.45,18.57,18.31,24226,44635400,-0.02,-0.11,1.41,0.61
2017-03-08,18.60,19.55,19.66,18.49,152771,293515400,1.10,5.96,6.34,3.82
2017-03-09,19.30,19.39,19.50,19.12,73842,142100700,-0.16,-0.82,1.94,1.85
2017-03-10,18.92,18.90,19.31,18.70,78955,149298500,-0.49,-2.53,3.15,1.97
2017-03-13,18.71,18.73,18.87,18.40,64276,119304000,-0.17,-0.90,2.49,1.61
2017-03-14,18.74,18.62,18.97,18.47,59383,111098400,-0.11,-0.59,2.67,1.48
2017-03-15,18.56,17.69,18.56,17.67,114813,206131200,-0.93,-4.99,4.78,2.87
2017-03-16,17.54,17.70,17.85,17.54,66301,117366344,0.01,0.06,1.75,1.66
2017-03-17,17.69,17.68,17.88,17.62,47134,83589241,-0.02,-0.11,1.47,1.18
2017-03-20,17.51,17.60,17.76,17.20,66975,116644243,-0.08,-0.45,3.17,1.67
2017-03-21,17.35,17.29,17.45,17.21,46898,81107445,-0.31,-1.76,1.36,1.17
2017-03-22,17.21,16.92,17.23,16.33,138037,229925068,-0.37,-2.14,5.21,3.44
2017-03-23,16.76,16.58,17.02,16.35,71171,118595891,-0.34,-2.01,3.96,1.77
2017-03-24,16.50,16.14,16.58,16.05,94623,153014289,-0.44,-2.65,3.20,2.36
2017-03-27,16.14,15.86,16.20,15.74,102070,161846261,-0.28,-1.73,2.85,2.55
2017-03-28,15.86,16.05,16.23,15.86,73831,118769592,0.19,1.20,2.33,1.84
2017-03-29,16.06,15.88,16.11,15.79,42671,67977994,-0.17,-1.06,1.99,1.06
2017-03-30,15.75,15.81,16.06,15.61,53885,85498004,-0.07,-0.44,2.83,1.35
2017-03-31,15.81,15.99,16.06,15.81,38304,60926133,0.18,1.14,1.58,0.96
2017-04-05,15.90,16.09,16.19,15.90,53456,85916771,0.10,0.63,1.81,1.33
2017-04-06,16.01,16.07,16.14,16.01,34331,55160009,-0.02,-0.12,0.81,0.86
2017-04-07,16.06,15.83,16.26,15.79,50414,80248993,-0.24,-1.49,2.92,1.26
2017-04-10,15.85,15.22,15.87,15.11,60950,94035928,-0.61,-3.85,4.80,1.52
2017-04-11,15.22,15.30,15.37,14.98,44975,68164874,0.08,0.53,2.56,1.12
2017-04-12,15.18,15.12,15.33,15.04,27760,42065856,-0.18,-1.18,1.90,0.69
2017-04-13,15.01,15.04,15.19,14.75,41791,62647720,-0.08,-0.53,2.91,1.04
2017-04-14,15.00,14.60,15.04,14.50,61245,89876910,-0.44,-2.93,3.59,1.53
2017-04-17,14.63,13.74,14.63,13.65,105056,147502940,-0.86,-5.89,6.71,2.62
2017-04-18,13.80,13.83,14.17,13.75,34342,47809914,0.09,0.66,3.06,0.86
2017-04-19,13.93,13.95,13.98,13.52,45209,62169850,0.12,0.87,3.33,1.13
2017-04-20,13.95,14.10,14.21,13.90,42344,59534913,0.15,1.08,2.22,1.06
2017-04-21,14.10,13.98,14.18,13.98,28266,39820125,-0.12,-0.85,1.42,0.70
2017-04-24,13.99,13.68,13.99,13.63,24032,33065514,-0.30,-2.15,2.58,0.60
2017-04-25,13.90,13.81,13.90,13.62,17557,24190354,0.13,0.95,2.05,0.44
2017-04-26,13.88,14.28,14.39,13.61,51811,72784285,0.47,3.40,5.65,1.29
2017-04-27,14.28,14.51,14.70,14.00,79430,114256364,0.23,1.61,4.90,1.98
2017-04-28,14.51,14.45,14.62,14.32,26493,38242981,-0.06,-0.41,2.07,0.66
2017-05-02,14.35,14.40,14.65,14.23,22794,32843077,-0.05,-0.35,2.91,0.57
2017-05-03,14.34,14.00,14.55,13.97,30561,43348644,-0.40,-2.78,4.03,0.76
2017-05-04,13.98,13.85,14.20,13.71,40777,56763959,-0.15,-1.07,3.50,1.02
2017-05-05,13.73,13.04,13.85,13.00,80420,106841138,-0.81,-5.85,6.14,2.01
2017-05-08,13.07,12.74,13.19,12.48,50129,64722519,-0.30,-2.30,5.44,1.25
2017-05-09,12.71,12.96,12.96,12.60,32014,40986091,0.22,1.73,2.83,0.80
2017-05-10,13.02,12.59,13.26,12.57,39809,51547485,-0.37,-2.85,5.32,0.99
2017-05-11,12.83,12.65,12.98,12.09,72602,91653022,0.06,0.48,7.07,1.80
2017-05-12,12.54,12.56,12.65,12.42,40585,50858391,-0.09,-0.71,1.82,1.00
2017-05-15,12.55,12.37,12.66,12.35,23239,29074963,-0.19,-1.51,2.47,0.58
2017-05-16,12.49,13.00,13.20,12.24,62056,78754121,0.63,5.09,7.76,1.54
2017-05-17,12.97,12.86,13.14,12.84,49337,64035282,-0.14,-1.08,2.31,1.22
2017-05-18,12.70,12.75,12.86,12.66,35630,45407602,-0.11,-0.86,1.56,0.88
2017-05-19,12.81,13.11,13.13,12.65,72651,93810218,0.36,2.82,3.76,1.80
2017-05-22,13.09,12.97,13.16,12.72,65327,84538730,-0.14,-1.07,3.36,1.62
2017-05-23,12.81,12.49,12.95,12.14,64107,80294143,-0.48,-3.70,6.25,1.59
2017-05-24,12.32,12.56,12.78,12.25,29964,37447951,0.07,0.56,4.24,0.74
2017-05-25,12.56,12.80,12.92,12.36,43729,55421364,0.24,1.91,4.46,1.08
2017-05-26,12.77,12.84,13.03,12.61,37624,48330720,0.04,0.31,3.28,0.93
2017-05-31,13.03,12.55,13.16,12.53,41094,52828819,-0.29,-2.26,4.91,1.02
2017-06-01,12.57,12.25,12.63,12.25,35477,44069382,-0.30,-2.39,3.03,0.88
2017-06-02,12.25,12.58,12.62,12.20,36986,46004133,0.33,2.69,3.43,0.92
2017-06-05,12.58,12.57,12.77,12.55,57047,72147561,-0.01,-0.08,1.75,1.42
2017-06-06,12.68,12.79,12.88,12.52,45300,57629024,0.22,1.75,2.86,1.12
2017-06-07,12.77,13.09,13.18,12.63,82305,106774381,0.40,3.15,4.33,2.04
2017-06-08,13.10,12.98,13.15,12.90,51074,66364588,-0.11,-0.84,1.91,1.27
2017-06-09,12.98,13.12,13.18,12.77,60826,78892537,0.14,1.08,3.16,1.51
2017-06-12,13.09,12.71,13.11,12.70,51997,66855640,-0.41,-3.12,3.13,1.29
