日期,开盘,收盘,最高,最低,交易量(手),交易金额(元),涨跌额,涨跌幅(%),振幅(%),换手率(%)
2015-04-23,13.77,15.16,15.16,13.77,96,150000,4.63,43.97,13.20,0.06
2015-04-24,16.68,16.68,16.68,16.68,34,60000,1.52,10.03,0.00,0.02
2015-04-27,18.35,18.35,18.35,18.35,32,60000,1.67,10.01,0.00,0.02
2015-04-28,20.19,20.19,20.19,20.19,41,80000,1.84,10.03,0.00,0.02
2015-04-29,22.21,22.21,22.21,22.21,16,40000,2.02,10.01,0.00,0.01
2015-04-30,24.43,24.43,24.43,24.43,62,150000,2.22,10.00,0.00,0.04
2015-05-04,26.87,26.87,26.87,26.87,58,160000,2.44,9.99,0.00,0.03
2015-05-05,29.56,29.56,29.56,29.56,197,580000,2.69,10.01,0.00,0.12
2015-05-06,32.52,32.52,32.52,32.52,448,1460000,2.96,10.01,0.00,0.27
2015-05-07,35.77,35.77,35.77,35.77,984,3520000,3.25,9.99,0.00,0.59
2015-05-08,39.35,39.35,39.35,39.35,256,1010000,3.58,10.01,0.00,0.15
2015-05-11,43.29,43.29,43.29,43.29,103,450000,3.94,10.01,0.00,0.06
2015-05-12,47.62,47.62,47.62,47.62,105,500000,4.33,10.00,0.00,0.06
2015-05-13,52.38,52.38,52.38,52.38,239,1250000,4.76,10.00,0.00,0.14
2015-05-14,57.62,57.62,57.62,57.62,144,830000,5.24,10.00,0.00,0.09
2015-05-15,63.38,63.38,63.38,63.38,295,1870000,5.76,10.00,0.00,0.18
2015-05-18,69.72,69.72,69.72,69.72,165,1150000,6.34,10.00,0.00,0.10
2015-05-19,76.69,76.69,76.69,76.69,199,1530000,6.97,10.00,0.00,0.12
2015-05-20,84.36,84.36,84.36,84.36,212,1790000,7.67,10.00,0.00,0.13
2015-05-21,92.80,92.80,92.80,92.80,253,2350000,8.44,10.00,0.00,0.15
2015-05-22,102.08,102.08,102.08,102.08,670,6840000,9.28,10.00,0.00,0.40
2015-05-25,112.29,112.29,112.29,112.29,862,9680000,10.21,10.00,0.00,0.52
2015-05-26,123.52,123.52,123.52,123.52,171,2110000,11.23,10.00,0.00,0.10
2015-05-27,135.87,135.87,135.87,135.87,163,2210000,12.35,10.00,0.00,0.10
2015-05-28,149.46,149.46,149.46,149.46,4408,65880000,13.59,10.00,0.00,2.64
2015-05-29,164.41,164.41,164.41,141.00,71700,1146490000,14.95,10.00,15.66,42.93
2015-06-01,167.05,157.98,180.85,157.03,87594,1509240000,-6.43,-3.91,14.49,52.45
2015-06-02,147.88,142.18,152.48,142.18,39435,569730000,-15.80,-10.00,6.52,23.61
2015-06-03,131.00,133.49,139.47,128.00,51452,682500000,-8.69,-6.11,8.07,30.81
2015-06-04,132.00,120.14,132.00,120.14,32036,398110000,-13.35,-10.00,8.88,19.18
2015-06-05,123.00,122.60,126.56,116.00,36881,448570000,2.46,2.05,8.79,22.08
2015-06-08,123.00,112.22,123.00,111.58,29619,344090000,-10.38,-8.47,9.31,17.74
2015-06-09,111.33,113.87,118.49,111.33,17366,199210000,1.65,1.47,6.38,10.40
2015-06-10,114.87,121.00,123.70,113.00,32576,391000000,7.13,6.26,9.40,19.51
2015-06-11,119.00,125.20,127.49,118.58,33565,415030000,4.20,3.47,7.36,20.10
2015-06-12,124.50,114.02,126.48,114.02,35206,419820000,-11.18,-8.93,9.95,21.08
2015-06-15,110.00,102.62,111.00,102.62,22690,236720000,-11.40,-10.00,7.35,13.59
2015-06-16,98.24,100.06,103.87,96.12,17896,177770000,-2.56,-2.49,7.55,10.72
2015-06-17,100.20,102.88,103.62,96.80,16212,163240000,2.82,2.82,6.82,9.71
2015-06-18,101.39,92.59,103.00,92.59,15796,154120000,-10.29,-10.00,10.12,9.46
2015-06-19,90.00,83.33,92.00,83.33,14159,125300000,-9.26,-10.00,9.36,8.48
2015-06-23,84.52,89.99,90.00,83.00,14435,124670000,6.66,7.99,8.40,8.64
2015-06-24,92.47,88.80,92.50,86.66,12383,110740000,-1.19,-1.32,6.49,7.41
2015-06-25,88.20,88.88,95.00,87.02,18233,166370000,0.08,0.09,8.99,10.92
2015-06-26,86.00,79.99,86.87,79.99,13628,111710000,-8.89,-10.00,7.74,8.16
2015-06-29,82.60,71.99,82.60,71.99,13430,99440000,-8.00,-10.00,13.26,8.04
2015-06-30,70.00,74.40,75.45,64.79,18904,131540000,2.41,3.35,14.81,11.32
2015-07-01,72.00,66.96,77.80,66.96,17199,127380000,-7.44,-10.00,14.57,10.30
2015-07-02,67.01,60.90,68.00,60.26,21123,131040000,-6.06,-9.05,11.56,12.65
2015-07-03,58.50,61.68,66.98,56.00,22931,140550000,0.78,1.28,18.03,13.73
2015-07-06,67.85,58.40,67.85,56.00,17634,110430000,-3.28,-5.32,19.21,10.56
2015-07-07,57.85,52.56,57.85,52.56,5097,27380000,-5.84,-10.00,9.06,3.05
2015-07-08,47.30,47.30,48.90,47.30,19701,93460000,-5.26,-10.01,3.04,11.80
2015-07-09,44.14,52.03,52.03,44.14,20408,102970000,4.73,10.00,16.68,12.22
2015-07-10,54.00,57.23,57.23,53.00,10367,58120000,5.20,9.99,8.13,6.21
2015-07-13,62.89,62.95,62.95,59.82,30405,187750000,5.72,9.99,5.47,18.21
2015-07-14,64.00,69.25,69.25,62.74,44116,295130000,6.30,10.01,10.34,26.42
2015-07-15,65.06,62.33,66.18,62.33,16871,106720000,-6.92,-9.99,5.56,10.10
2015-07-16,56.10,59.85,64.55,56.10,19451,116750000,-2.48,-3.98,13.56,11.65
2015-07-17,60.00,64.08,64.50,59.33,18655,116260000,4.23,7.07,8.64,11.17
2015-07-20,63.07,63.50,66.58,62.50,19070,122840000,-0.58,-0.91,6.37,11.42
2015-07-21,62.95,67.68,67.80,61.19,24479,159080000,4.18,6.58,10.41,14.66
2015-07-22,67.00,66.50,67.60,64.21,19829,131090000,-1.18,-1.74,5.01,11.87
2015-07-23,66.80,73.15,73.15,65.11,31440,221110000,6.65,10.00,12.09,18.83
2015-07-24,75.00,71.20,76.96,70.50,42682,318910000,-1.95,-2.67,8.83,25.56
2015-07-27,68.00,64.08,72.60,64.08,23382,159800000,-7.12,-10.00,11.97,14.00
2015-07-28,57.67,57.68,63.85,57.67,24128,142480000,-6.40,-9.99,9.64,14.45
2015-07-29,59.00,62.62,62.95,55.00,18471,108160000,4.94,8.56,13.78,11.06
2015-07-30,61.98,59.30,64.66,59.01,17906,112060000,-3.32,-5.30,9.02,10.72
2015-07-31,57.10,59.65,62.97,56.91,18227,108210000,0.35,0.59,10.22,10.91
2015-08-03,58.50,57.68,63.00,57.23,16663,99720000,-1.97,-3.30,9.67,9.98
2015-08-04,58.25,63.40,63.41,57.86,17953,109050000,5.72,9.92,9.62,10.75
2015-08-05,62.61,66.50,68.99,61.51,28174,183550000,3.10,4.89,11.80,16.87
2015-08-06,64.10,70.91,72.23,64.00,30534,208090000,4.41,6.63,12.38,18.28
2015-08-07,70.91,71.50,72.70,68.45,27229,193550000,0.59,0.83,5.99,16.30
2015-08-10,71.05,73.91,74.60,71.05,25413,185210000,2.41,3.37,4.97,15.22
2015-08-11,73.79,72.09,76.58,71.80,26944,199920000,-1.82,-2.46,6.47,16.13
2015-08-12,72.09,68.06,72.50,68.06,19023,133460000,-4.03,-5.59,6.16,11.39
2015-08-13,67.98,70.22,70.30,67.22,12049,83020000,2.16,3.17,4.53,7.21
2015-08-14,70.31,70.95,71.94,69.52,14916,105590000,0.73,1.04,3.45,8.93
2015-08-17,70.00,68.48,70.50,67.67,10173,70020000,-2.47,-3.48,3.99,6.09
2015-08-18,67.85,61.63,69.56,61.63,13336,87220000,-6.85,-10.00,11.58,7.99
2015-08-19,59.25,62.71,63.70,56.80,11805,71030000,1.08,1.75,11.20,7.07
2015-08-20,62.01,63.00,64.95,60.70,13016,82090000,0.29,0.46,6.78,7.79
2015-08-21,61.00,62.29,65.50,60.60,21990,141510000,-0.71,-1.13,7.78,13.17
2015-08-24,58.01,56.06,58.90,56.06,4079,23040000,-6.23,-10.00,4.56,2.44
2015-08-25,50.45,50.45,53.80,50.45,12622,64240000,-5.61,-10.01,5.98,7.56
2015-08-26,48.10,49.00,55.00,45.41,21964,110320000,-1.45,-2.87,19.01,13.15
2015-08-27,50.00,50.14,51.68,45.47,12017,59340000,1.14,2.33,12.67,7.20
2015-08-28,51.99,53.68,53.96,49.18,16743,86400000,3.54,7.06,9.53,10.03
2015-08-31,53.00,51.82,53.65,49.64,13310,68350000,-1.86,-3.47,7.47,7.97
2015-09-01,51.30,51.74,55.09,50.02,24089,128090000,-0.08,-0.15,9.78,14.42
2015-09-02,46.59,50.80,55.99,46.57,24406,122410000,-0.94,-1.82,18.21,14.61
2015-09-07,50.48,51.47,53.56,49.00,26111,134810000,0.67,1.32,8.98,15.64
2015-09-08,51.50,54.84,55.94,50.01,26082,138140000,3.37,6.55,11.52,15.62
2015-09-09,54.85,59.48,59.51,54.11,32331,185140000,4.64,8.46,9.85,19.36
2015-09-10,57.00,58.80,61.50,56.50,26903,158890000,-0.68,-1.14,8.41,16.11
2015-09-11,59.00,58.88,59.02,56.61,15165,87990000,0.08,0.14,4.10,9.08
2015-09-14,58.90,52.99,59.00,52.99,12215,67200000,-5.89,-10.00,10.21,7.31
2015-09-15,50.00,47.70,53.45,47.69,13628,68560000,-5.29,-9.98,10.87,8.16
2015-09-16,48.60,52.47,52.47,46.78,26305,132050000,4.77,10.00,11.93,15.75
2015-09-17,51.89,52.50,54.88,50.42,31995,169980000,0.03,0.06,8.50,19.16
2015-09-18,52.90,53.15,53.88,50.20,20409,107120000,0.65,1.24,7.01,12.22
2015-09-21,51.80,56.28,56.45,51.00,26277,143120000,3.13,5.89,10.25,15.73
2015-09-22,56.30,55.60,57.39,54.11,19839,110760000,-0.68,-1.21,5.83,11.88
2015-09-23,54.00,61.16,61.16,53.61,43825,255660000,5.56,10.00,13.58,26.24
2015-09-24,63.50,65.13,67.28,62.66,54635,358590000,3.97,6.49,7.55,32.72
2015-09-25,63.95,58.67,64.79,58.62,44947,273330000,-6.46,-9.92,9.47,26.91
2015-09-28,57.69,61.78,62.34,56.32,27895,166390000,3.11,5.30,10.26,16.70
2015-09-29,60.00,59.90,61.35,58.00,18341,109510000,-1.88,-3.04,5.42,10.98
2015-09-30,59.50,57.92,60.68,57.35,11390,66850000,-1.98,-3.31,5.56,6.82
2015-10-08,60.10,60.71,61.71,59.03,19394,117810000,2.79,4.82,4.63,11.61
2015-10-09,60.30,62.10,63.38,60.17,21214,131540000,1.39,2.29,5.29,12.70
2015-10-12,62.51,65.28,65.71,62.51,25943,167230000,3.18,5.12,5.15,15.53
2015-10-13,64.50,71.81,71.81,64.20,39207,263760000,6.53,10.00,11.66,23.48
2015-10-14,74.88,68.50,74.88,68.22,50036,361040000,-3.31,-4.61,9.27,29.96
2015-10-15,68.80,71.79,74.70,68.80,34836,249200000,3.29,4.80,8.61,20.86
2015-10-16,72.03,73.38,74.00,70.08,34028,246120000,1.59,2.21,5.46,20.38
2015-10-19,74.50,70.48,75.00,69.89,27914,200160000,-2.90,-3.95,6.96,16.72
2015-10-20,69.88,71.28,72.33,68.68,22154,156720000,0.80,1.14,5.18,13.27
2015-10-21,70.99,66.02,75.33,65.00,38627,275230000,-5.26,-7.38,14.49,23.13
2015-10-22,66.18,68.68,69.78,64.28,25194,169810000,2.66,4.03,8.33,15.09
2015-10-23,68.30,75.55,75.55,67.90,30970,221490000,6.87,10.00,11.14,18.54
2015-10-26,82.80,80.40,83.11,78.00,59465,483400000,4.85,6.42,6.76,35.61
2015-10-27,78.38,79.50,80.69,73.00,35598,274200000,-0.90,-1.12,9.56,21.32
2015-10-28,78.54,78.00,82.79,77.40,29427,236070000,-1.50,-1.89,6.78,17.62
2015-10-29,79.80,78.81,80.98,76.00,21875,173330000,0.81,1.04,6.38,13.10
2015-10-30,77.91,78.25,80.00,76.00,19409,151180000,-0.56,-0.71,5.08,11.62
2015-11-02,74.80,81.50,86.08,74.80,35654,292970000,3.25,4.15,14.42,21.35
2015-11-03,80.53,81.80,83.77,79.87,26053,213250000,0.30,0.37,4.79,15.60
2015-11-04,82.00,86.50,88.50,82.00,24151,204850000,4.70,5.75,7.95,14.46
2015-11-05,86.50,85.08,87.80,82.97,24968,212140000,-1.42,-1.64,5.58,14.95
2015-11-06,84.77,88.20,89.49,84.59,20613,181130000,3.12,3.67,5.76,12.34
2015-11-09,86.70,93.78,96.48,86.23,24331,220030000,5.58,6.33,11.62,14.57
2015-11-10,91.78,91.60,95.17,84.40,21658,199750000,-2.18,-2.32,11.48,12.97
2015-11-11,92.15,99.10,99.50,90.01,27713,264330000,7.50,8.19,10.36,16.59
2015-11-12,100.72,109.01,109.01,98.01,29494,304900000,9.91,10.00,11.10,17.66
2015-11-13,110.00,98.11,110.00,98.11,41352,417200000,-10.90,-10.00,10.91,24.76
2015-11-16,91.00,97.90,98.40,91.00,20126,189860000,-0.21,-0.21,7.54,12.05
2015-11-17,99.00,92.58,99.86,91.13,19977,192320000,-5.32,-5.43,8.92,11.96
2015-11-18,92.58,86.10,94.00,85.58,17210,154630000,-6.48,-7.00,9.09,10.31
2015-11-19,86.67,91.82,92.48,86.67,16142,144490000,5.72,6.64,6.75,9.67
2015-11-20,91.54,91.20,93.00,90.03,12053,110070000,-0.62,-0.68,3.23,7.22
2015-11-23,91.00,90.00,93.56,89.02,11781,107800000,-1.20,-1.32,4.98,7.05
2015-11-24,89.88,97.00,98.80,89.00,17913,168780000,7.00,7.78,10.89,10.73
2015-11-25,95.05,96.33,97.17,94.59,16028,153710000,-0.67,-0.69,2.66,9.60
2015-11-26,96.45,93.95,99.31,93.01,14424,139100000,-2.38,-2.47,6.54,8.64
2015-11-27,93.44,86.43,95.20,84.56,19255,173300000,-7.52,-8.00,11.33,11.53
2015-11-30,87.60,90.00,91.01,85.50,21504,191420000,3.57,4.13,6.38,12.88
2015-12-01,90.50,87.99,95.00,85.55,27398,249540000,-2.01,-2.23,10.50,16.41
2015-12-02,86.00,83.19,86.35,80.60,18287,152250000,-4.80,-5.46,6.53,10.95
2015-12-03,84.02,85.79,86.52,83.81,10858,92510000,2.60,3.13,3.26,6.50
2015-12-04,85.70,86.60,88.98,84.84,15497,135220000,0.81,0.94,4.83,9.28
2015-12-07,86.20,85.95,87.83,84.21,10148,87170000,-0.65,-0.75,4.18,6.08
2015-12-08,85.59,87.17,89.25,85.11,16671,145940000,1.22,1.42,4.82,9.98
2015-12-09,86.28,85.00,87.07,84.10,12518,107090000,-2.17,-2.49,3.41,7.50
2015-12-10,84.80,82.18,85.20,81.00,11544,95650000,-2.82,-3.32,4.94,6.91
2015-12-11,81.28,81.84,83.36,81.28,4850,39950000,-0.34,-0.41,2.53,2.90
2015-12-14,80.81,84.31,84.43,80.50,6541,54090000,2.47,3.02,4.80,3.92
2015-12-15,84.40,85.80,86.67,84.40,7558,64830000,1.49,1.77,2.69,4.53
2015-12-16,86.55,87.87,88.78,86.55,16289,143360000,2.07,2.41,2.60,9.75
2015-12-17,89.00,89.94,91.26,88.32,20062,179880000,2.07,2.36,3.35,12.01
2015-12-18,90.98,91.55,92.99,88.80,24885,226480000,1.61,1.79,4.66,14.90
2015-12-21,91.00,93.90,94.89,90.00,20320,187890000,2.35,2.57,5.34,12.17
2015-12-22,93.93,94.45,95.49,92.38,14029,131940000,0.55,0.59,3.31,8.40
2015-12-23,95.66,96.15,98.45,94.21,19527,188630000,1.70,1.80,4.49,11.69
2015-12-24,96.50,105.77,105.77,96.50,34194,353330000,9.62,10.01,9.64,20.48
2016-04-21,33.95,33.95,33.95,33.95,3546,12040000,-3.77,-9.99,0.00,0.76
2016-04-22,30.56,30.56,30.56,30.56,4505,13770000,-3.39,-9.99,0.00,0.96
2016-04-25,29.55,28.29,30.40,27.70,115324,331660000,-2.27,-7.43,8.84,24.66
2016-04-26,27.60,29.82,30.94,27.19,108572,313400000,1.53,5.41,13.26,23.22
2016-04-27,29.22,30.23,31.40,29.20,91421,275780000,0.41,1.37,7.38,19.55
2016-04-28,29.88,29.08,29.96,28.20,58678,170950000,-1.15,-3.80,5.82,12.55
2016-04-29,28.66,28.57,29.95,28.05,41336,119690000,-0.51,-1.75,6.53,8.84
2016-05-03,28.00,28.85,28.88,26.92,71092,198160000,0.28,0.98,6.86,15.20
2016-05-04,28.21,28.85,29.29,28.00,67249,192940000,0.00,0.00,4.47,14.38
2016-05-05,28.50,30.65,31.68,28.20,99625,299770000,1.80,6.24,12.06,11.74
2016-05-06,30.71,29.65,31.00,29.18,88742,267490000,-1.00,-3.26,5.94,10.46
2016-05-09,29.17,28.75,29.17,27.18,60312,169490000,-0.90,-3.04,6.71,7.11
2016-05-10,28.40,28.15,28.79,27.68,38259,107970000,-0.60,-2.09,3.86,4.51
2016-05-11,28.45,27.59,28.69,27.00,30939,85900000,-0.56,-1.99,6.00,3.65
2016-05-20,25.38,26.66,27.50,25.38,47064,123300000,-0.93,-3.37,7.68,5.55
2016-05-23,26.48,26.68,26.90,26.12,38373,102230000,0.02,0.08,2.93,4.52
2016-05-24,26.50,25.50,26.95,25.50,30389,79440000,-1.18,-4.42,5.43,3.58
2016-05-25,25.70,24.52,25.97,24.35,43330,109260000,-0.98,-3.84,6.35,5.11
2016-05-26,24.53,25.09,25.09,23.20,45782,110620000,0.57,2.32,7.71,5.40
2016-05-27,24.70,25.02,25.35,24.60,29443,73300000,-0.07,-0.28,2.99,3.47
2016-05-30,25.02,25.19,25.35,24.10,38129,95130000,0.17,0.68,5.00,4.49
2016-05-31,25.15,26.42,26.56,25.02,54252,140340000,1.23,4.88,6.11,6.39
2016-06-01,26.40,27.19,27.50,26.10,59342,158720000,0.77,2.91,5.30,6.99
2016-06-02,27.10,27.41,27.51,26.80,59797,163020000,0.22,0.81,2.61,7.05
2016-06-03,28.50,27.43,29.00,27.41,66050,186440000,0.02,0.07,5.80,7.79
2016-06-06,27.00,26.85,27.40,26.64,32852,88450000,-0.58,-2.11,2.77,3.87
2016-06-07,26.97,26.86,27.27,26.82,26840,72450000,0.01,0.04,1.68,3.16
2016-06-08,26.82,26.81,27.12,26.35,28275,75650000,-0.05,-0.19,2.87,3.33
2016-06-13,26.12,24.88,26.13,24.13,45181,113760000,-1.93,-7.20,7.46,5.33
2016-06-14,24.18,24.15,24.80,23.88,21518,52260000,-0.73,-2.93,3.70,2.54
2016-06-15,24.20,25.00,25.30,24.06,32155,79380000,0.85,3.52,5.13,3.79
2016-06-16,25.00,24.44,25.00,24.17,31415,77090000,-0.56,-2.24,3.32,3.70
2016-06-17,24.51,24.75,25.30,24.37,27660,68520000,0.31,1.27,3.81,3.26
2016-06-20,24.55,24.77,24.93,24.07,24504,60210000,0.02,0.08,3.47,2.89
2016-06-21,24.90,24.60,25.08,24.10,26372,64960000,-0.17,-0.69,3.96,3.11
2016-06-22,24.48,25.08,25.10,24.22,22735,56400000,0.48,1.95,3.58,2.68
2016-06-23,25.08,24.88,25.08,24.58,23313,57740000,-0.20,-0.80,1.99,2.75
2016-06-24,24.60,24.29,24.82,23.23,29032,70590000,-0.59,-2.37,6.39,3.42
2016-06-27,23.80,25.13,25.18,23.80,27815,68530000,0.84,3.46,5.68,3.28
2016-06-28,24.87,24.96,25.16,24.62,35245,87740000,-0.17,-0.68,2.15,4.15
2016-06-29,25.09,24.83,25.19,24.67,36560,90850000,-0.13,-0.52,2.08,4.31
2016-06-30,24.95,27.31,27.31,24.95,36723,98590000,2.48,9.99,9.50,4.33
2016-07-01,28.00,26.69,28.18,26.67,83105,227380000,-0.62,-2.27,5.53,9.80
2016-07-04,26.70,26.86,27.48,26.68,54048,146000000,0.17,0.64,3.00,6.37
2016-07-05,26.69,26.73,27.07,26.41,40301,107680000,-0.13,-0.48,2.46,4.75
2016-07-06,26.75,26.88,26.94,26.41,35237,94050000,0.15,0.56,1.98,4.15
2016-07-07,26.81,26.35,26.85,26.09,35530,93840000,-0.53,-1.97,2.83,4.19
2016-07-08,26.55,27.13,27.48,26.40,58832,159580000,0.78,2.96,4.10,6.93
2016-07-11,27.19,26.54,27.30,26.45,34044,91250000,-0.59,-2.17,3.13,4.01
2016-07-12,26.51,26.44,26.55,25.69,31758,83050000,-0.10,-0.38,3.24,3.74
2016-07-13,26.49,26.74,26.97,26.06,29695,79030000,0.30,1.13,3.44,3.50
2016-07-14,26.70,26.93,27.39,26.54,31640,85440000,0.19,0.71,3.18,3.73
2016-07-15,26.87,26.56,26.88,26.41,20451,54360000,-0.37,-1.37,1.75,2.41
2016-07-18,26.70,26.81,26.96,26.21,24212,64550000,0.25,0.94,2.82,2.85
2016-07-19,26.70,27.30,27.37,26.56,34447,92990000,0.49,1.83,3.02,4.06
2016-07-20,27.31,27.12,27.50,26.94,30745,83630000,-0.18,-0.66,2.05,3.62
2016-07-21,27.02,28.25,28.52,27.02,65044,182320000,1.13,4.17,5.53,7.67
2016-07-22,28.19,27.37,28.24,27.22,36928,102230000,-0.88,-3.12,3.61,4.35
2016-07-25,27.24,26.91,27.50,26.84,26617,71980000,-0.46,-1.68,2.41,3.14
2016-07-26,26.83,27.87,27.90,26.82,43345,118640000,0.96,3.57,4.01,5.11
2016-07-27,27.90,28.00,28.56,26.28,82513,228140000,0.13,0.47,8.18,9.73
2016-07-28,27.56,28.79,29.80,27.10,110589,314750000,0.79,2.82,9.64,13.04
2016-07-29,28.85,27.75,29.50,27.70,56577,159970000,-1.04,-3.61,6.25,6.67
2016-08-01,27.00,24.98,27.00,24.98,63937,161630000,-2.77,-9.98,7.28,7.54
2016-08-02,24.89,24.65,24.89,24.02,27322,66900000,-0.33,-1.32,3.48,3.22
2016-08-03,24.58,24.59,24.92,24.38,22052,54400000,-0.06,-0.24,2.19,2.60
2016-08-04,24.66,24.38,24.80,24.13,25229,61430000,-0.21,-0.85,2.72,2.97
2016-08-05,24.48,24.08,24.50,24.05,20516,49660000,-0.30,-1.23,1.85,2.42
2016-08-08,24.16,24.36,24.44,23.55,26233,63100000,0.28,1.16,3.70,3.09
2016-08-09,24.25,24.81,24.88,24.25,27577,67910000,0.45,1.85,2.59,3.25
2016-08-10,24.81,24.87,25.11,24.50,25918,64190000,0.06,0.24,2.46,3.05
2016-08-11,24.74,24.87,25.09,24.22,26605,65820000,0.00,0.00,3.50,3.14
2016-08-12,24.56,24.79,24.88,24.35,15359,37960000,-0.08,-0.32,2.13,1.81
2016-08-15,24.91,25.40,25.55,24.68,34249,86160000,0.61,2.46,3.51,4.04
2016-08-16,25.40,25.63,25.93,25.25,30460,78050000,0.23,0.91,2.68,3.59
2016-08-17,25.71,25.66,25.85,25.30,21310,54510000,0.03,0.12,2.15,2.51
2016-08-18,25.75,26.00,26.33,25.51,27963,72680000,0.34,1.33,3.20,3.30
2016-08-19,26.00,26.08,26.14,25.70,22763,59070000,0.08,0.31,1.69,2.68
2016-08-29,27.11,27.69,28.69,26.26,95544,265790000,1.61,6.17,9.32,11.26
2016-08-30,27.25,29.23,29.99,27.01,90629,257470000,1.54,5.56,10.76,10.68
2016-08-31,28.75,28.49,29.25,28.00,54294,154980000,-0.74,-2.53,4.28,6.40
2016-09-01,28.70,29.00,29.95,28.15,56084,161990000,0.51,1.79,6.32,6.61
2016-09-02,29.00,27.75,29.00,27.61,37630,105940000,-1.25,-4.31,4.79,4.44
2016-09-05,27.80,28.49,28.98,27.41,43263,122450000,0.74,2.67,5.66,5.10
2016-09-06,28.40,29.50,29.87,28.21,81611,237950000,1.01,3.55,5.83,9.62
2016-09-07,29.50,30.04,31.50,29.40,111784,340940000,0.54,1.83,7.12,13.18
2016-09-08,29.60,30.02,30.60,29.14,39783,118500000,-0.02,-0.07,4.86,4.69
2016-09-09,29.89,28.50,30.18,28.33,40565,117820000,-1.52,-5.06,6.16,4.78
2016-09-12,27.70,26.19,27.70,26.06,49750,134360000,-2.31,-8.11,5.75,5.86
2016-09-13,26.35,27.01,27.23,26.33,29193,78010000,0.82,3.13,3.44,3.44
2016-09-14,26.70,27.83,29.29,26.10,47883,133290000,0.82,3.04,11.81,5.64
2016-09-19,27.89,27.83,28.25,27.28,35984,99570000,0.00,0.00,3.49,4.24
2016-09-20,27.83,26.95,28.20,26.81,29350,80680000,-0.88,-3.16,4.99,3.46
2016-09-21,27.00,26.94,27.40,26.91,17927,48570000,-0.01,-0.04,1.82,2.11
2016-09-22,27.35,26.62,27.55,26.59,21605,58260000,-0.32,-1.19,3.56,2.55
2016-09-23,26.56,26.23,26.86,26.19,18723,49530000,-0.39,-1.47,2.52,2.21
2016-09-26,26.09,26.00,26.50,25.99,20015,52480000,-0.23,-0.88,1.94,2.36
2016-09-27,26.29,26.26,26.47,25.00,22654,58310000,0.26,1.00,5.65,2.67
2016-09-28,25.91,26.66,26.80,25.91,26924,71320000,0.40,1.52,3.39,3.17
2016-09-29,26.91,26.51,26.98,26.40,18536,49520000,-0.15,-0.56,2.18,2.18
2016-09-30,26.50,27.27,27.46,26.42,21005,56920000,0.76,2.87,3.92,2.48
2016-10-10,27.50,28.33,28.66,27.20,33351,93720000,1.06,3.89,5.35,3.93
2016-10-11,28.30,28.47,28.70,28.00,22824,64770000,0.14,0.49,2.47,2.69
2016-10-12,28.43,29.16,30.23,28.30,61333,179580000,0.69,2.42,6.78,7.23
2016-10-13,29.00,28.83,29.28,28.41,49967,143340000,-0.33,-1.13,2.98,5.89
2016-10-14,28.59,28.04,28.87,27.81,30116,84570000,-0.79,-2.74,3.68,3.55
2016-10-17,27.95,27.46,28.34,27.46,19652,54920000,-0.58,-2.07,3.14,2.32
2016-10-18,27.39,28.99,30.21,27.35,61026,176710000,1.53,5.57,10.42,7.19
2016-10-19,29.22,29.26,30.18,28.88,60241,177070000,0.27,0.93,4.48,7.10
2016-10-20,29.50,28.57,29.68,28.51,43664,126730000,-0.69,-2.36,4.00,5.15
2016-10-21,28.49,28.34,29.48,28.01,37895,108690000,-0.23,-0.81,5.15,4.47
2016-10-24,28.40,28.48,28.69,28.08,34863,98960000,0.14,0.49,2.15,4.11
2016-10-25,28.35,27.87,28.60,27.86,42127,118440000,-0.61,-2.14,2.60,4.97
2016-10-26,27.83,27.50,28.05,27.41,27922,77070000,-0.37,-1.33,2.30,3.29
2016-10-27,27.50,27.70,27.88,27.44,20901,57900000,0.20,0.73,1.60,2.46
2016-10-28,27.89,27.20,27.90,27.15,19852,54610000,-0.50,-1.81,2.71,2.34
2016-10-31,27.01,27.63,27.89,26.80,21408,58750000,0.43,1.58,4.01,2.52
2016-11-01,27.85,27.71,27.85,27.50,20080,55580000,0.08,0.29,1.27,2.37
2016-11-02,27.71,27.22,27.80,27.22,19562,53560000,-0.49,-1.77,2.09,2.31
2016-11-03,27.10,27.50,27.60,27.02,20814,56900000,0.28,1.03,2.13,2.45
2016-11-04,27.45,27.35,27.64,27.21,15554,42630000,-0.15,-0.55,1.56,1.83
2016-11-07,27.60,27.90,27.98,27.36,26209,72830000,0.55,2.01,2.27,3.09
2016-11-08,27.89,27.86,28.17,27.78,16474,45970000,-0.04,-0.14,1.40,1.94
2016-11-09,27.68,27.28,27.95,27.00,17914,49110000,-0.58,-2.08,3.41,2.11
2016-11-10,27.56,27.87,27.87,27.36,19800,54740000,0.59,2.16,1.87,2.33
2016-11-11,27.86,28.18,28.30,27.60,30557,85490000,0.31,1.11,2.51,3.60
2016-11-14,28.19,28.23,28.47,27.97,37575,106090000,0.05,0.18,1.77,4.43
2016-11-15,28.33,28.90,28.90,27.92,53928,153750000,0.67,2.37,3.47,6.36
2016-11-16,28.99,28.73,29.20,28.56,48512,140130000,-0.17,-0.59,2.21,5.72
2016-11-17,28.76,28.55,28.96,28.17,25583,72940000,-0.18,-0.63,2.75,3.02
2016-11-18,28.29,28.18,28.65,28.10,23323,66020000,-0.37,-1.30,1.93,2.75
2016-11-21,28.29,28.27,28.38,27.89,18578,52320000,0.09,0.32,1.74,2.19
2016-11-22,28.29,28.68,28.77,28.20,30045,85580000,0.41,1.45,2.02,3.54
2016-11-23,28.86,27.98,28.89,27.96,31979,90760000,-0.70,-2.44,3.24,3.77
2016-11-24,27.91,27.24,27.91,27.14,29813,81970000,-0.74,-2.64,2.75,3.51
2016-11-25,27.44,27.73,27.73,26.68,24087,65730000,0.49,1.80,3.85,2.84
2016-11-28,27.75,28.09,28.16,27.57,22707,63400000,0.36,1.30,2.13,2.68
2016-11-29,28.78,27.35,28.78,27.17,26325,73410000,-0.74,-2.63,5.73,3.10
2016-11-30,27.03,27.01,27.89,26.96,27259,74340000,-0.34,-1.24,3.40,3.21
2016-12-01,27.11,27.32,27.45,27.01,14421,39320000,0.31,1.15,1.63,1.70
2016-12-02,27.35,25.89,27.35,25.88,23833,63150000,-1.43,-5.23,5.38,2.81
2016-12-05,25.58,25.91,26.30,25.58,13174,34310000,0.02,0.08,2.78,1.55
2016-12-06,25.93,26.00,26.32,25.88,10579,27680000,0.09,0.35,1.70,1.25
2016-12-07,26.15,26.38,26.48,26.00,11668,30620000,0.38,1.46,1.85,1.38
2016-12-08,26.49,26.02,26.49,26.01,8884,23300000,-0.36,-1.36,1.82,1.05
2016-12-09,25.99,25.85,26.16,25.78,9688,25190000,-0.17,-0.65,1.46,1.14
2016-12-12,25.72,23.60,25.97,23.55,24614,60240000,-2.25,-8.70,9.36,2.90
2016-12-13,23.85,23.41,23.85,23.18,15093,35320000,-0.19,-0.81,2.84,1.78
2016-12-14,23.46,22.67,23.47,22.63,16997,39010000,-0.74,-3.16,3.59,2.00
2016-12-15,22.66,22.91,23.35,22.59,12081,27820000,0.24,1.06,3.35,1.42
2016-12-16,23.23,23.90,24.18,23.11,18484,43750000,0.99,4.32,4.67,2.18
2016-12-19,23.76,23.45,23.77,23.30,10463,24580000,-0.45,-1.88,1.97,1.23
2016-12-20,23.45,23.54,23.66,23.31,6990,16440000,0.09,0.38,1.49,0.82
2016-12-21,23.79,23.86,24.00,23.55,9048,21570000,0.32,1.36,1.91,1.07
2016-12-22,23.88,23.81,24.00,23.44,8307,19660000,-0.05,-0.21,2.35,0.98
2016-12-23,23.81,24.29,24.50,23.40,26239,63010000,0.48,2.02,4.62,3.09
2016-12-26,23.85,23.90,24.04,23.39,16214,38360000,-0.39,-1.61,2.68,1.91
2016-12-27,24.00,23.62,24.04,23.60,9146,21720000,-0.28,-1.17,1.84,1.08
2016-12-28,23.61,23.24,23.75,23.12,9536,22430000,-0.38,-1.61,2.67,1.12
2016-12-29,23.20,23.45,23.76,23.19,8516,20060000,0.21,0.90,2.45,1.00
2016-12-30,23.65,23.71,23.75,23.36,8745,20630000,0.26,1.11,1.66,1.03
2017-01-03,23.90,24.04,24.35,23.90,11596,27970000,0.33,1.39,1.90,1.37
2017-01-04,24.43,24.18,24.46,24.00,8083,19530000,0.14,0.58,1.91,0.95
2017-01-05,24.03,24.07,24.37,24.03,7350,17760000,-0.11,-0.45,1.41,0.87
2017-01-06,23.92,24.07,24.22,23.83,9751,23450000,0.00,0.00,1.62,1.15
2017-01-09,23.81,24.33,24.35,23.81,12660,30670000,0.26,1.08,2.24,1.49
2017-01-10,24.42,24.18,24.42,24.02,7824,18910000,-0.15,-0.62,1.64,0.92
2017-01-11,24.05,23.77,24.20,23.76,7113,17030000,-0.41,-1.70,1.82,0.84
2017-01-12,23.67,22.90,23.97,22.88,13303,30870000,-0.87,-3.66,4.59,1.57
2017-01-13,22.97,21.76,22.97,21.70,14060,31590000,-1.14,-4.98,5.55,1.66
2017-01-16,21.75,20.02,21.88,19.59,28720,58580000,-1.74,-8.00,10.52,3.39
2017-01-17,19.84,20.50,20.76,19.18,18396,36740000,0.48,2.40,7.89,2.17
2017-01-18,20.30,20.00,20.43,19.89,12117,24370000,-0.50,-2.44,2.63,1.43
2017-01-19,20.02,19.97,20.29,19.40,9975,19940000,-0.03,-0.15,4.45,1.18
2017-01-20,19.76,20.56,20.70,19.76,11076,22680000,0.59,2.95,4.71,1.31
2017-01-23,20.63,22.62,22.62,20.60,37098,81130000,2.06,10.02,9.82,4.37
2017-01-24,22.96,22.70,24.00,22.12,41245,95440000,0.08,0.35,8.31,4.86
2017-01-25,22.70,22.45,23.49,22.05,24729,55960000,-0.25,-1.10,6.34,2.91
2017-01-26,22.50,23.38,23.49,22.11,23584,53660000,0.93,4.14,6.15,2.78
2017-02-03,23.18,25.54,25.70,22.89,35964,87130000,2.16,9.24,12.02,4.24
2017-02-06,25.15,25.26,26.06,24.53,46867,118470000,-0.28,-1.10,5.99,5.52
2017-02-07,25.31,24.53,25.37,24.23,33533,82733700,-0.73,-2.89,4.513,4.24
2017-02-08,24.43,24.06,24.89,23.96,38517,93010700,-0.47,-1.92,3.791,4.86
2017-02-09,24.00,23.79,24.31,23.66,42207,101172400,-0.27,-1.12,2.702,5.33
2017-02-10,23.87,23.67,24.14,23.35,39127,92914000,-0.12,-0.50,3.321,4.94
2017-02-13,23.67,23.30,23.82,23.00,39033,90962900,-0.37,-1.56,3.464,4.93
2017-02-14,23.50,23.60,23.73,23.19,35206,82550300,0.30,1.29,2.318,4.45
2017-02-15,23.54,24.61,25.28,23.41,64330,155616900,1.01,4.28,7.924,8.13
2017-02-16,24.30,23.75,24.97,23.60,49794,120578100,-0.86,-3.49,5.567,6.29
2017-02-17,23.60,22.22,23.60,22.00,48833,110621400,-1.53,-6.44,6.737,6.17
2017-02-20,22.24,22.39,22.64,22.03,17735,39522600,0.17,0.77,2.745,2.24
2017-02-21,22.34,22.62,22.74,22.18,19152,43144100,0.23,1.03,2.50,2.42
2017-02-22,22.45,22.28,22.80,22.20,18339,41058600,-0.34,-1.50,2.65,2.32
2017-02-23,22.28,22.40,22.44,22.11,18771,41753100,0.12,0.54,1.48,2.37
2017-02-24,22.38,22.47,22.54,22.31,13111,29424700,0.07,0.31,1.03,1.66
2017-02-27,22.47,22.29,22.75,22.22,14335,32215200,-0.18,-0.80,2.36,1.81
2017-02-28,22.29,22.35,22.43,22.15,11124,24778500,0.06,0.27,1.26,1.41
2017-03-01,22.35,22.28,22.45,22.27,12809,28615400,-0.07,-0.31,0.81,1.62
2017-03-02,22.29,21.75,22.36,21.75,22741,49942400,-0.53,-2.38,2.74,2.87
2017-03-03,21.51,22.21,22.34,21.40,18741,41191800,0.46,2.11,4.32,2.37
2017-03-06,22.21,22.44,22.59,22.17,13811,31029000,0.23,1.04,1.89,1.74
2017-03-07,22.38,22.52,22.60,22.28,15602,34957900,0.08,0.36,1.43,1.97
2017-03-08,22.56,22.32,22.56,22.13,14095,31473500,-0.20,-0.89,1.91,1.78
2017-03-09,22.20,21.98,22.23,21.82,11999,26316500,-0.34,-1.52,1.84,1.52
2017-03-10,22.39,22.02,22.45,21.85,10335,22882300,0.04,0.18,2.73,1.31
2017-03-13,22.20,22.65,22.98,21.81,25610,57804400,0.63,2.86,5.31,3.23
2017-03-14,22.61,22.46,22.79,22.32,12418,27903900,-0.19,-0.84,2.08,1.57
2017-03-15,22.68,22.42,22.70,22.31,9319,20940700,-0.04,-0.18,1.74,1.18
2017-03-16,22.49,22.57,22.66,22.35,12829,28884020,0.15,0.67,1.38,1.62
2017-03-17,22.47,22.44,22.90,22.40,17426,39420977,-0.13,-0.58,2.22,2.20
2017-03-20,22.40,22.38,22.49,22.13,13207,29425738,-0.06,-0.27,1.60,1.67
2017-03-21,22.24,22.46,22.69,22.24,10672,24043704,0.08,0.36,2.01,1.35
2017-03-22,22.31,22.17,22.47,22.08,10271,22825759,-0.29,-1.29,1.74,1.30
2017-03-23,22.31,22.00,22.34,21.82,12289,27085767,-0.17,-0.77,2.35,1.55
2017-03-24,22.00,22.19,22.20,21.66,13134,28721148,0.19,0.86,2.45,1.66
2017-03-27,22.37,22.25,22.46,22.07,10546,23461301,0.06,0.27,1.76,1.33
2017-03-28,22.25,21.97,22.41,21.90,8087,17905133,-0.28,-1.26,2.29,1.02
2017-03-29,21.83,21.60,22.08,21.58,8552,18627353,-0.37,-1.68,2.28,1.08
2017-03-30,21.45,20.80,21.58,20.69,15344,32043254,-0.80,-3.70,4.12,1.94
2017-03-31,20.71,20.93,21.10,20.71,6064,12660570,0.13,0.62,1.88,0.77
2017-04-05,20.93,21.76,21.80,20.93,14507,31280871,0.83,3.97,4.16,1.83
2017-04-06,21.95,21.88,22.17,21.45,12982,28408207,0.12,0.55,3.31,1.64
2017-04-07,21.98,22.31,22.62,21.70,16783,37342241,0.43,1.97,4.20,2.12
2017-04-10,22.85,22.10,22.98,22.10,26406,59597557,-0.21,-0.94,3.94,3.34
2017-04-11,22.09,21.70,22.40,21.01,17787,38403884,-0.40,-1.81,6.29,2.25
2017-04-12,21.50,20.97,21.50,20.91,13929,29491640,-0.73,-3.36,2.72,1.76
2017-04-13,20.92,21.45,21.89,20.92,12960,27833907,0.48,2.29,4.63,1.64
2017-04-14,21.18,21.02,21.40,20.80,11071,23331677,-0.43,-2.00,2.80,1.40
2017-04-17,21.30,20.48,21.38,19.90,12091,24776947,-0.54,-2.57,7.04,1.53
2017-04-18,20.48,20.39,20.66,20.31,7207,14745563,-0.09,-0.44,1.71,0.91
2017-04-19,20.35,19.79,20.35,19.70,9666,19233759,-0.60,-2.94,3.19,1.22
2017-04-20,20.05,20.05,20.09,19.51,13228,26199446,0.26,1.31,2.93,1.67
2017-04-21,19.84,19.80,20.18,19.55,8869,17663435,-0.25,-1.25,3.14,1.12
2017-04-24,19.70,19.00,19.95,18.62,9935,18821456,-0.80,-4.04,6.72,1.25
2017-04-25,18.70,18.96,19.17,18.70,6204,11763978,-0.04,-0.21,2.47,0.78
2017-04-26,19.08,18.72,19.08,18.52,9232,17266724,-0.24,-1.27,2.95,1.17
2017-04-27,18.69,18.73,18.77,17.71,15541,28412051,0.01,0.05,5.66,1.96
2017-04-28,18.41,18.78,18.85,18.41,9828,18374283,0.05,0.27,2.35,1.24
2017-05-02,18.78,18.64,18.87,18.57,6722,12598024,-0.14,-0.75,1.60,0.85
2017-05-03,18.70,18.30,18.74,18.27,7822,14459716,-0.34,-1.82,2.52,0.99
2017-05-04,18.18,20.13,20.13,18.18,18636,36802033,1.83,10.00,10.66,2.35
2017-05-05,20.90,20.24,21.46,20.24,50214,104777961,0.11,0.55,6.06,6.34
2017-05-08,20.64,19.41,20.64,19.35,26820,53074107,-0.83,-4.10,6.37,3.39
2017-05-09,19.25,19.13,19.58,18.78,21888,41876903,-0.28,-1.44,4.12,2.77
2017-05-10,19.11,18.20,19.30,18.19,21716,40834979,-0.93,-4.86,5.80,2.74
2017-05-11,18.17,18.19,18.19,17.21,19038,33849179,-0.01,-0.05,5.38,2.40
2017-05-12,18.15,18.51,18.88,17.83,19127,35036119,0.32,1.76,5.77,2.42
2017-05-15,18.50,18.31,18.98,18.10,17212,31776832,-0.20,-1.08,4.75,2.17
2017-05-16,18.05,18.90,18.94,17.75,22190,40567786,0.59,3.22,6.50,2.80
2017-05-17,18.80,20.79,20.79,18.75,39749,78471078,1.89,10.00,10.79,5.02
2017-05-18,20.50,20.74,21.74,20.49,83143,175841404,-0.05,-0.24,6.01,10.50
2017-05-19,20.41,20.11,21.20,20.01,37745,77011016,-0.63,-3.04,5.74,4.77
2017-05-22,20.70,19.40,20.75,19.19,28809,57581036,-0.71,-3.53,7.76,3.64
2017-05-23,19.07,18.20,19.89,17.66,27937,53243160,-1.20,-6.19,11.49,3.53
2017-05-24,18.12,19.05,19.08,18.00,28123,52310481,0.85,4.67,5.93,3.55
2017-05-25,19.35,19.50,19.50,18.30,29709,56355205,0.45,2.36,6.30,3.75
2017-05-26,19.45,19.46,19.98,19.21,22952,44812465,-0.04,-0.21,3.95,2.90
2017-05-31,19.73,19.49,19.85,18.70,23518,45526954,0.03,0.15,5.91,2.97
2017-06-01,19.21,19.22,20.18,19.19,29474,58106214,-0.19,-0.98,5.10,3.72
2017-06-02,18.61,19.42,19.68,18.12,28109,52809634,0.20,1.04,8.12,3.55
2017-06-05,19.13,19.54,19.96,19.13,24989,49179316,0.12,0.62,4.27,3.16
2017-06-06,19.36,19.41,19.74,19.28,16028,31251765,-0.13,-0.67,2.35,2.02
2017-06-07,18.80,19.89,20.14,18.37,50442,97309467,0.48,2.47,9.12,6.37
2017-06-08,19.64,19.52,20.03,19.49,32071,63012106,-0.37,-1.86,2.71,4.05
2017-06-12,18.63,18.44,18.90,18.40,18463,34395320,-0.58,-3.05,2.63,2.33
2017-06-13,18.40,18.77,18.87,18.40,15278,28632309,0.33,1.79,2.55,1.93
2017-06-14,18.77,18.57,19.00,18.55,10754,20110235,-0.20,-1.07,2.40,1.36
2017-06-15,18.57,18.99,19.18,18.50,21575,40903804,0.42,2.26,3.66,2.73
