日期,开盘,收盘,最高,最低,交易量(手),交易金额(元),涨跌额,涨跌幅(%),振幅(%),换手率(%)
2012-01-13,26.50,26.49,28.68,26.35,94946,258910000,0.49,1.88,8.96,76.08
2012-01-16,24.41,23.84,24.41,23.84,7888,18890000,-2.65,-10.00,2.15,6.32
2012-01-17,21.75,23.26,23.85,21.51,57366,128730000,-0.58,-2.43,9.82,45.97
2012-01-18,23.80,22.58,24.48,21.84,44421,103640000,-0.68,-2.92,11.35,35.59
2012-01-19,21.99,22.65,23.50,21.50,29192,65640000,0.07,0.31,8.86,23.39
2012-01-20,22.80,23.48,23.63,22.57,24696,57600000,0.83,3.66,4.68,19.79
2012-01-30,23.30,23.93,24.90,22.58,25559,60810000,0.45,1.92,9.88,20.48
2012-01-31,24.80,25.39,26.18,24.70,31948,81010000,1.46,6.10,6.18,25.60
2012-02-01,24.81,26.15,26.26,24.81,31224,79780000,0.76,2.99,5.71,25.02
2012-02-02,25.81,26.18,26.36,25.40,22579,58610000,0.03,0.11,3.67,18.09
2012-02-03,26.10,25.92,27.70,25.91,26397,70360000,-0.26,-0.99,6.84,21.15
2012-02-06,25.93,26.67,27.33,25.41,24952,65980000,0.75,2.89,7.41,19.99
2012-02-07,26.17,25.66,26.67,25.25,16086,41660000,-1.01,-3.79,5.32,12.89
2012-02-08,25.54,26.49,26.68,25.33,16978,44150000,0.83,3.23,5.26,13.60
2012-02-09,26.29,26.00,26.97,25.66,34765,90890000,-0.49,-1.85,4.95,27.86
2012-02-10,25.67,26.22,26.25,25.31,26782,69030000,0.22,0.85,3.62,21.46
2012-02-13,25.86,27.20,27.70,25.82,32224,86650000,0.98,3.74,7.17,25.82
2012-02-14,27.03,27.29,27.90,26.76,26927,73520000,0.09,0.33,4.19,21.58
2012-02-15,27.29,27.60,27.60,26.52,21430,58080000,0.31,1.14,3.96,17.17
2012-02-16,27.30,26.47,27.64,26.00,22304,59710000,-1.13,-4.09,5.94,17.87
2012-02-17,26.30,26.75,26.95,26.29,14700,39160000,0.28,1.06,2.49,11.78
2012-02-20,26.90,26.48,27.25,26.10,14722,39210000,-0.27,-1.01,4.30,11.80
2012-02-21,26.48,26.66,26.69,25.81,12638,33200000,0.18,0.68,3.32,10.13
2012-02-22,26.54,27.43,27.45,26.33,25628,68960000,0.77,2.89,4.20,20.54
2012-02-23,27.72,29.39,30.17,27.61,59847,176580000,1.96,7.15,9.33,47.95
2012-02-24,28.81,29.05,29.18,28.50,25440,73340000,-0.34,-1.16,2.31,20.38
2012-02-28,28.71,29.88,30.60,28.39,30569,90420000,0.83,2.86,7.61,24.49
2012-02-29,29.43,28.30,30.42,28.20,18075,53080000,-1.58,-5.29,7.43,14.48
2012-03-01,27.95,28.50,29.05,27.82,11132,31800000,0.20,0.71,4.35,8.92
2012-03-02,28.60,29.00,29.95,28.60,10801,31400000,0.50,1.75,4.74,8.65
2012-03-05,29.18,31.09,31.90,29.03,40901,126460000,2.09,7.21,9.90,32.77
2012-03-06,30.53,31.00,31.20,29.86,24508,74860000,-0.09,-0.29,4.31,19.64
2012-03-07,30.42,30.20,31.90,30.14,22675,70330000,-0.80,-2.58,5.68,18.17
2012-03-08,30.41,30.40,30.66,29.70,14619,44110000,0.20,0.66,3.18,11.71
2012-03-09,30.40,30.98,31.01,30.30,13834,42470000,0.58,1.91,2.34,11.08
2012-03-12,30.76,30.40,31.15,30.12,15185,46440000,-0.58,-1.87,3.32,12.17
2012-03-13,30.30,31.25,31.25,30.30,18192,56300000,0.85,2.80,3.13,14.58
2012-03-14,31.27,28.66,31.40,28.20,26664,79960000,-2.59,-8.29,10.24,21.37
2012-03-15,28.89,28.00,28.94,27.60,15270,43070000,-0.66,-2.30,4.68,12.24
2012-03-16,28.19,28.70,29.06,27.91,9818,27970000,0.70,2.50,4.11,7.87
2012-03-19,28.70,29.67,29.72,28.40,11099,32450000,0.97,3.38,4.60,8.89
2012-03-20,29.50,28.16,29.53,28.00,9875,28360000,-1.51,-5.09,5.16,7.91
2012-03-21,28.17,27.46,28.47,27.12,10068,27830000,-0.70,-2.49,4.79,8.07
2012-03-22,27.47,27.71,27.99,27.20,6786,18790000,0.25,0.91,2.88,5.44
2012-03-23,27.51,27.50,27.80,27.20,5436,14930000,-0.21,-0.76,2.17,4.36
2012-03-26,27.25,28.01,28.17,27.25,5653,15750000,0.51,1.85,3.35,4.53
2012-03-27,28.27,28.31,28.82,28.07,7397,21090000,0.30,1.07,2.68,5.93
2012-03-28,28.23,27.16,28.23,26.72,6785,18590000,-1.15,-4.06,5.33,5.44
2012-03-29,25.40,25.41,26.18,25.00,12520,32180000,-1.75,-6.44,4.34,10.03
2012-03-30,25.41,24.89,25.80,24.51,7820,19530000,-0.52,-2.05,5.08,6.27
2012-04-05,24.89,25.87,25.95,24.61,5688,14390000,0.98,3.94,5.38,4.56
2012-04-06,25.74,25.65,25.99,25.30,6005,15430000,-0.22,-0.85,2.67,4.81
2012-04-09,25.50,25.10,25.75,24.93,6048,15410000,-0.55,-2.14,3.20,4.85
2012-04-10,24.74,25.70,25.71,24.66,5702,14260000,0.60,2.39,4.18,4.57
2012-04-11,25.17,25.61,25.98,25.00,5106,13090000,-0.09,-0.35,3.81,4.09
2012-04-12,25.80,26.29,26.50,25.50,6806,17770000,0.68,2.66,3.90,5.45
2012-04-13,26.40,27.46,27.93,26.40,10544,28860000,1.17,4.45,5.82,6.76
2012-04-16,27.03,27.40,27.96,27.00,6563,18090000,-0.06,-0.22,3.50,4.21
2012-04-17,27.40,26.90,27.59,26.80,5502,15000000,-0.50,-1.82,2.88,3.53
2012-04-18,26.80,27.52,27.59,26.60,9537,25880000,0.62,2.30,3.68,6.11
2012-04-19,27.43,27.65,28.35,27.22,7749,21600000,0.13,0.47,4.11,4.97
2012-04-20,27.43,28.00,28.32,27.43,7637,21310000,0.35,1.27,3.22,4.90
2012-04-23,27.72,27.10,28.25,26.61,7211,19560000,-0.90,-3.21,5.86,4.62
2012-04-24,27.00,26.49,27.00,25.20,8221,21330000,-0.61,-2.25,6.64,5.27
2012-04-25,26.00,27.11,27.15,25.80,5762,15320000,0.62,2.34,5.10,3.69
2012-04-26,27.31,26.18,27.33,25.50,7253,19020000,-0.93,-3.43,6.75,4.65
2012-05-02,26.75,26.25,26.78,25.86,5946,15620000,0.07,0.27,3.51,3.81
2012-05-03,26.00,26.90,26.95,25.40,8080,21150000,0.65,2.48,5.90,5.18
2012-05-04,26.70,27.14,27.20,26.52,5083,13690000,0.24,0.89,2.53,3.26
2012-05-07,27.00,27.53,27.60,26.85,6944,18980000,0.39,1.44,2.76,4.45
2012-05-08,27.35,27.67,28.28,27.31,6628,18430000,0.14,0.51,3.52,4.25
2012-05-09,27.44,27.31,28.18,27.04,8360,23130000,-0.36,-1.30,4.12,5.36
2012-05-10,27.36,27.35,27.58,27.08,4243,11580000,0.04,0.15,1.83,2.72
2012-05-11,27.25,27.17,28.09,27.10,10998,30290000,-0.18,-0.66,3.62,7.05
2012-05-14,27.44,28.00,28.78,27.22,13691,38540000,0.83,3.05,5.74,8.78
2012-05-15,27.63,28.59,29.13,27.55,13572,38850000,0.59,2.11,5.64,8.70
2012-05-16,28.89,28.10,28.89,28.08,6729,19030000,-0.49,-1.71,2.83,4.31
2012-05-17,28.30,29.27,29.60,28.13,10737,31130000,1.17,4.16,5.23,6.88
2012-05-18,29.04,28.90,29.47,28.71,7213,20940000,-0.37,-1.26,2.60,4.62
2012-05-21,28.90,28.52,29.01,28.00,9579,27190000,-0.38,-1.31,3.49,6.14
2012-05-22,28.60,29.00,29.26,28.40,7463,21550000,0.48,1.68,3.02,4.78
2012-05-23,29.01,28.37,29.29,28.05,7864,22400000,-0.63,-2.17,4.28,5.04
2012-05-24,28.52,27.62,28.57,27.00,6899,19360000,-0.75,-2.64,5.53,4.42
2012-05-25,27.40,26.55,27.51,26.48,7741,20850000,-1.07,-3.87,3.73,4.96
2012-05-28,26.35,26.96,26.97,26.20,4573,12140000,0.41,1.54,2.90,2.93
2012-05-29,26.96,27.40,27.77,26.73,5574,15260000,0.44,1.63,3.86,3.57
2012-05-30,27.36,27.70,27.90,26.90,6409,17590000,0.30,1.09,3.65,4.11
2012-05-31,27.33,27.93,28.27,27.33,4868,13550000,0.23,0.83,3.39,3.12
2012-06-01,27.78,28.18,28.30,27.78,4010,11240000,0.25,0.90,1.86,2.57
2012-06-04,27.80,27.46,28.58,27.42,7079,19780000,-0.72,-2.56,4.12,4.54
2012-06-05,27.45,27.63,27.92,27.29,2862,7920000,0.17,0.62,2.29,1.83
2012-06-06,27.63,28.45,28.56,27.63,6367,18020000,0.82,2.97,3.37,4.08
2012-06-07,28.62,28.20,29.20,28.06,5963,17040000,-0.25,-0.88,4.01,3.82
2012-06-08,28.01,28.36,28.85,28.01,6564,18670000,0.16,0.57,2.98,4.21
2012-06-11,28.40,29.79,29.79,28.40,12608,36970000,1.43,5.04,4.90,8.08
2012-06-12,30.35,30.35,31.31,30.30,26210,80530000,0.56,1.88,3.39,16.80
2012-06-13,30.28,31.40,31.40,29.91,17873,54850000,1.05,3.46,4.91,11.46
2012-06-14,31.10,31.91,32.99,31.10,25044,80700000,0.51,1.62,6.02,16.05
2012-06-15,32.15,32.40,32.51,31.58,16942,54280000,0.49,1.54,2.91,10.86
2012-06-18,32.60,32.55,32.74,31.93,12678,40920000,0.15,0.46,2.50,8.13
2012-06-19,32.58,31.80,32.58,31.71,9173,29510000,-0.75,-2.30,2.67,5.88
2012-06-20,31.85,32.98,34.89,31.75,21601,71480000,1.18,3.71,9.87,13.85
2012-06-21,32.61,31.71,32.78,31.30,15028,47790000,-1.17,-3.56,4.50,9.63
2012-06-25,31.71,31.65,32.48,31.52,12564,40160000,-0.06,-0.19,3.03,8.05
2012-06-26,31.48,31.24,31.71,30.45,9381,29130000,-0.41,-1.30,3.98,6.01
2012-06-27,31.35,32.00,33.49,31.14,17517,56500000,0.76,2.43,7.52,11.23
2012-06-28,31.81,32.00,33.10,31.81,12308,39950000,0.00,0.00,4.03,7.89
2012-06-29,32.01,33.96,34.38,31.60,17695,58870000,1.96,6.13,8.69,11.34
2012-07-02,34.08,34.61,35.18,33.85,15894,54890000,0.65,1.91,3.92,10.19
2012-07-03,34.30,34.83,34.90,34.30,9382,32440000,0.22,0.64,1.73,6.01
2012-07-04,34.79,34.54,36.00,34.05,10466,36680000,-0.29,-0.83,5.60,6.71
2012-07-05,34.08,35.21,35.36,33.50,10124,34660000,0.67,1.94,5.39,6.49
2012-07-06,35.00,36.78,36.80,34.30,11837,42040000,1.57,4.46,7.10,7.59
2012-07-09,36.70,36.10,37.69,36.10,9122,33570000,-0.68,-1.85,4.32,5.85
2012-07-10,35.86,34.59,36.65,34.40,9823,34760000,-1.51,-4.18,6.23,6.30
2012-07-11,34.28,35.00,35.18,33.80,8824,30540000,0.41,1.19,3.99,5.66
2012-07-12,34.87,36.98,37.72,34.56,13133,47500000,1.98,5.66,9.03,8.42
2012-07-13,36.60,35.90,37.02,35.70,10152,36790000,-1.08,-2.92,3.57,6.51
2012-07-16,35.60,33.00,35.70,32.61,16468,56310000,-2.90,-8.08,8.61,10.56
2012-07-17,32.70,33.90,34.14,32.40,8837,29660000,0.90,2.73,5.27,5.66
2012-07-18,33.01,33.15,33.88,31.60,12358,40320000,-0.75,-2.21,6.73,7.92
2012-07-19,33.09,33.42,34.42,32.66,9239,31060000,0.27,0.81,5.31,5.92
2012-07-20,33.61,32.40,34.00,32.33,9266,30730000,-1.02,-3.05,5.00,5.94
2012-07-23,31.85,32.73,32.85,31.30,7274,23350000,0.33,1.02,4.78,4.66
2012-07-24,32.18,32.88,33.36,32.17,5976,19630000,0.15,0.46,3.64,3.83
2012-07-25,32.80,33.73,33.88,32.51,8582,28700000,0.85,2.59,4.17,5.50
2012-07-26,33.66,32.60,33.97,32.53,6501,21680000,-1.13,-3.35,4.27,4.17
2012-07-27,32.68,34.99,34.99,32.65,16020,54500000,2.39,7.33,7.18,10.27
2012-07-30,34.75,34.15,35.30,33.78,12025,41380000,-0.84,-2.40,4.34,7.71
2012-07-31,34.10,32.20,34.28,31.50,10924,35580000,-1.95,-5.71,8.14,7.00
2012-08-01,31.82,32.73,33.58,31.70,7094,23280000,0.53,1.65,5.84,4.55
2012-08-02,32.60,32.48,33.46,32.14,9953,32430000,-0.25,-0.76,4.03,6.38
2012-08-03,32.59,35.60,35.73,32.33,18399,62860000,3.12,9.61,10.47,11.79
2012-08-06,35.00,36.18,36.60,34.75,14661,52540000,0.58,1.63,5.20,9.40
2012-08-07,35.88,36.49,36.75,35.80,9613,34930000,0.31,0.86,2.63,6.16
2012-08-08,36.40,35.90,36.49,35.35,7602,27180000,-0.59,-1.62,3.12,4.87
2012-08-09,35.75,37.42,37.90,35.60,10173,37640000,1.52,4.23,6.41,6.52
2012-08-10,37.16,36.86,37.48,36.59,6840,25300000,-0.56,-1.50,2.38,4.38
2012-08-13,36.40,37.50,38.47,36.21,12393,46730000,0.64,1.74,6.13,7.94
2012-08-14,37.50,37.09,38.10,35.77,11131,40830000,-0.41,-1.09,6.21,7.14
2012-08-15,35.60,36.16,36.62,35.16,14000,50290000,-0.93,-2.51,3.94,8.97
2012-08-16,36.01,35.62,36.80,35.55,6171,22370000,-0.54,-1.49,3.46,3.96
2012-08-17,35.57,35.69,36.13,35.01,4682,16650000,0.07,0.20,3.14,3.00
2012-08-20,35.54,36.59,36.60,35.15,4116,14780000,0.90,2.52,4.06,2.64
2012-08-21,36.61,38.40,38.80,36.36,13063,49630000,1.81,4.95,6.67,8.37
2012-08-22,38.35,38.34,39.58,37.80,10427,40470000,-0.06,-0.16,4.64,6.68
2012-08-23,38.18,38.77,39.18,38.18,7847,30430000,0.43,1.12,2.61,5.03
2012-08-24,38.30,35.12,38.40,35.00,18271,66270000,-3.65,-9.41,8.77,11.71
2012-08-27,34.20,34.90,35.88,34.20,6563,22950000,-0.22,-0.63,4.78,4.21
2012-08-28,34.87,35.91,36.26,34.60,7566,26960000,1.01,2.89,4.76,4.85
2012-08-29,35.61,35.05,36.45,34.90,7173,25550000,-0.86,-2.39,4.32,4.60
2012-08-30,35.32,33.80,35.32,31.93,14564,48620000,-1.25,-3.57,9.67,9.34
2012-08-31,33.20,33.82,34.15,33.00,6238,21020000,0.02,0.06,3.40,4.00
2012-09-03,33.80,35.40,36.00,33.58,8078,28350000,1.58,4.67,7.16,5.18
2012-09-04,35.40,35.50,36.14,35.13,5694,20280000,0.10,0.28,2.85,3.65
2012-09-05,35.48,35.85,36.20,35.40,5100,18310000,0.35,0.99,2.25,3.27
2012-09-06,36.00,35.61,36.20,35.36,4242,15140000,-0.24,-0.67,2.34,2.72
2012-09-07,36.08,36.90,37.50,35.82,10339,38240000,1.29,3.62,4.72,6.63
2012-09-10,36.80,37.08,37.35,36.21,5851,21520000,0.18,0.49,3.09,3.75
2012-09-11,35.00,33.37,35.00,33.37,38519,128900000,-3.71,-10.01,4.40,24.69
2012-09-12,33.00,33.15,33.37,32.11,28147,91630000,-0.22,-0.66,3.78,18.04
2012-09-13,32.81,32.99,33.30,32.39,15389,50600000,-0.16,-0.48,2.75,9.86
2012-09-14,33.01,33.45,33.45,32.53,16179,53420000,0.46,1.39,2.79,10.37
2012-09-17,33.42,32.23,33.42,31.88,14157,45860000,-1.22,-3.65,4.60,9.08
2012-09-18,31.92,32.34,32.34,31.68,5740,18440000,0.11,0.34,2.05,3.68
2012-09-19,32.32,31.90,32.46,31.90,4685,15040000,-0.44,-1.36,1.73,3.00
2012-09-20,31.94,29.91,32.10,29.50,13781,41580000,-1.99,-6.24,8.15,8.83
2012-09-21,29.65,29.11,29.91,28.25,8626,24960000,-0.80,-2.67,5.55,5.53
2012-09-24,28.70,29.39,29.60,28.40,4738,13780000,0.28,0.96,4.12,3.04
2012-09-25,29.15,29.00,29.55,28.62,3998,11580000,-0.39,-1.33,3.16,2.56
2012-09-26,28.88,27.92,29.13,27.89,3617,10250000,-1.08,-3.72,4.28,2.32
2012-09-27,28.00,28.97,29.50,28.00,7274,21110000,1.05,3.76,5.37,4.66
2012-09-28,28.70,30.30,30.30,28.60,8606,25610000,1.33,4.59,5.87,5.52
2012-10-08,30.20,29.99,30.30,29.77,1708,5110000,-0.31,-1.02,1.75,1.09
2012-10-09,30.18,30.79,30.86,29.85,5727,17570000,0.80,2.67,3.37,3.67
2012-10-10,30.50,31.55,31.95,30.40,7530,23600000,0.76,2.47,5.03,4.83
2012-10-11,31.45,30.70,31.55,30.70,3710,11500000,-0.85,-2.69,2.69,2.38
2012-10-12,30.70,30.70,31.07,30.20,4146,12670000,0.00,0.00,2.83,2.66
2012-10-15,30.27,30.90,31.45,30.10,6521,20190000,0.20,0.65,4.40,4.18
2012-10-16,31.70,31.03,31.70,30.90,7378,23110000,0.13,0.42,2.59,4.73
2012-10-17,31.00,30.86,31.29,30.74,1823,5650000,-0.17,-0.55,1.77,1.17
2012-10-18,30.88,31.22,31.39,30.80,4015,12540000,0.36,1.17,1.91,2.57
2012-10-19,31.00,30.51,31.45,30.40,1957,6040000,-0.71,-2.27,3.36,1.25
2012-10-22,30.23,30.56,30.70,30.00,2697,8180000,0.05,0.16,2.29,1.73
2012-10-23,30.37,29.22,30.58,29.18,4227,12600000,-1.34,-4.38,4.58,2.71
2012-10-24,29.08,29.19,29.58,29.02,1998,5850000,-0.03,-0.10,1.92,1.28
2012-10-25,29.15,29.16,29.79,28.91,2132,6250000,-0.03,-0.10,3.01,1.37
2012-10-26,28.92,28.34,29.32,28.02,2688,7640000,-0.82,-2.81,4.46,1.72
2012-10-29,28.30,28.59,28.86,28.01,2853,8140000,0.25,0.88,3.00,1.83
2012-10-30,28.85,28.81,28.90,28.51,1362,3920000,0.22,0.77,1.36,0.87
2012-10-31,28.70,29.11,29.11,28.62,1813,5230000,0.30,1.04,1.70,1.16
2012-11-01,29.30,29.42,29.49,28.90,3259,9540000,0.31,1.06,2.03,2.09
2012-11-02,29.42,29.00,29.42,28.95,3701,10770000,-0.42,-1.43,1.60,2.37
2012-11-05,29.00,28.27,29.10,28.02,2803,7960000,-0.73,-2.52,3.72,1.80
2012-11-06,28.36,28.65,28.77,28.02,2447,6910000,0.38,1.34,2.65,1.57
2012-11-07,28.36,28.32,28.72,28.32,1257,3570000,-0.33,-1.15,1.40,0.81
2012-11-08,28.23,27.85,28.30,27.61,1604,4490000,-0.47,-1.66,2.44,1.03
2012-11-09,27.60,27.10,27.88,27.00,1338,3660000,-0.75,-2.69,3.16,0.86
2012-11-12,27.60,27.59,27.83,27.07,2623,7240000,0.49,1.81,2.80,1.68
2012-11-13,27.32,27.78,27.83,27.32,1893,5240000,0.19,0.69,1.85,1.21
2012-11-14,27.60,28.00,28.48,27.30,3914,10990000,0.22,0.79,4.25,2.51
2012-11-15,28.00,27.37,28.00,27.31,1281,3540000,-0.63,-2.25,2.46,0.82
2012-11-16,27.22,27.35,27.52,27.10,1246,3390000,-0.02,-0.07,1.53,0.80
2012-11-19,27.26,27.10,27.32,26.49,3296,8870000,-0.25,-0.91,3.03,2.11
2012-11-20,27.18,26.69,27.19,26.66,1613,4330000,-0.41,-1.51,1.96,1.03
2012-11-21,26.66,26.85,27.00,26.35,2511,6680000,0.16,0.60,2.44,1.61
2012-11-22,26.80,26.49,26.80,26.40,2888,7650000,-0.36,-1.34,1.49,1.85
2012-11-23,26.47,27.90,28.80,26.47,8590,23970000,1.41,5.32,8.80,5.51
2012-11-26,27.80,27.70,28.38,27.65,5181,14500000,-0.20,-0.72,2.62,3.32
2012-11-27,27.58,27.50,28.15,27.30,8964,24890000,-0.20,-0.72,3.07,5.75
2012-11-28,27.50,26.90,27.50,26.43,2394,6430000,-0.60,-2.18,3.89,1.53
2012-11-29,27.14,27.01,27.44,26.51,1952,5290000,0.11,0.41,3.46,1.25
2012-11-30,27.01,26.86,27.26,26.68,1182,3180000,-0.15,-0.56,2.15,0.76
2012-12-03,26.80,26.45,27.08,25.73,2670,7030000,-0.41,-1.53,5.03,1.71
2012-12-04,26.06,26.68,26.78,26.05,1246,3290000,0.23,0.87,2.76,0.80
2012-12-05,26.85,27.67,27.90,26.51,5181,14230000,0.99,3.71,5.21,3.32
2012-12-06,27.30,27.57,27.75,27.30,1629,4490000,-0.10,-0.36,1.63,1.04
2012-12-07,27.65,28.06,28.17,27.44,3585,10010000,0.49,1.78,2.65,2.30
2012-12-10,28.55,28.25,28.60,27.83,3023,8520000,0.19,0.68,2.74,1.94
2012-12-11,28.24,27.92,28.24,27.70,2254,6280000,-0.33,-1.17,1.91,1.44
2012-12-12,27.59,28.46,28.55,27.59,2680,7560000,0.54,1.93,3.44,1.72
2012-12-13,28.21,27.80,28.38,27.73,2466,6890000,-0.66,-2.32,2.28,1.58
2012-12-14,27.66,29.06,29.12,27.66,4999,14360000,1.26,4.53,5.25,3.20
2012-12-17,29.06,28.57,29.12,28.53,8750,25140000,-0.49,-1.69,2.03,5.61
2012-12-18,28.55,28.65,28.90,28.50,2128,6100000,0.08,0.28,1.40,1.36
2012-12-19,28.53,29.10,29.11,28.51,2969,8590000,0.45,1.57,2.09,1.90
2012-12-20,29.00,30.03,30.82,28.80,7871,23550000,0.93,3.20,6.94,5.05
2012-12-21,30.10,31.00,31.67,29.81,12943,39580000,0.97,3.23,6.19,8.30
2012-12-24,31.06,30.70,32.38,30.20,21038,65760000,-0.30,-0.97,7.03,13.49
2012-12-25,30.53,32.17,32.46,30.40,15806,50060000,1.47,4.79,6.71,10.13
2012-12-26,32.01,33.68,33.77,32.01,14820,49200000,1.51,4.69,5.47,9.50
2012-12-27,33.75,32.90,33.89,32.48,10325,33990000,-0.78,-2.32,4.19,6.62
2012-12-28,32.80,34.37,34.88,32.48,13523,45680000,1.47,4.47,7.29,8.67
2012-12-31,34.20,33.99,34.93,32.85,17745,59940000,-0.38,-1.11,6.05,11.37
2013-01-04,33.51,33.66,33.98,32.88,9791,32730000,-0.33,-0.97,3.24,6.28
2013-01-07,33.66,33.40,33.66,32.82,6290,20970000,-0.26,-0.77,2.50,4.03
2013-01-08,33.30,34.07,34.33,33.30,8701,29440000,0.67,2.01,3.08,5.58
2013-01-09,33.90,35.70,35.95,33.90,22548,79380000,1.63,4.78,6.02,14.45
2013-01-10,35.50,36.98,37.00,35.15,15151,54870000,1.28,3.59,5.18,9.71
2013-01-11,37.09,36.75,38.50,36.74,24986,93250000,-0.23,-0.62,4.76,16.02
2013-01-14,37.11,40.43,40.43,37.11,23609,93150000,3.68,10.01,9.03,15.13
2013-01-15,40.22,39.99,41.39,39.32,18714,75160000,-0.44,-1.09,5.12,12.00
2013-01-16,39.46,39.14,39.89,38.13,12107,47260000,-0.85,-2.13,4.40,7.76
2013-01-17,38.88,39.82,40.00,38.30,12781,50090000,0.68,1.74,4.34,8.19
2013-01-18,39.54,40.23,40.40,39.20,13548,53960000,0.41,1.03,3.01,8.68
2013-01-21,40.00,39.90,40.06,39.00,7949,31470000,-0.33,-0.82,2.63,5.10
2013-01-22,39.69,38.00,39.73,37.38,14779,56940000,-1.90,-4.76,5.89,9.47
2013-01-23,37.90,38.64,38.80,36.91,9668,36450000,0.64,1.68,4.97,6.20
2013-01-24,38.28,38.66,38.99,37.72,11769,45060000,0.02,0.05,3.29,7.54
2013-01-25,38.54,39.46,40.60,38.50,10768,43020000,0.80,2.07,5.43,6.90
2013-01-28,39.51,40.14,40.45,38.88,5881,23390000,0.68,1.72,3.98,3.77
2013-01-29,40.20,39.90,41.99,39.89,7776,31920000,-0.24,-0.60,5.23,4.98
2013-01-30,39.98,40.32,40.80,39.60,5688,22790000,0.42,1.05,3.01,3.65
2013-01-31,40.22,39.42,40.50,38.70,5959,23370000,-0.90,-2.23,4.46,3.82
2013-02-01,38.95,39.10,39.74,38.90,3101,12170000,-0.32,-0.81,2.13,1.99
2013-02-04,39.20,38.45,39.37,37.89,6148,23520000,-0.65,-1.66,3.79,3.94
2013-02-05,38.35,40.00,40.31,37.95,6991,27590000,1.55,4.03,6.14,4.48
2013-02-06,39.90,40.01,40.88,39.66,4263,17040000,0.01,0.03,3.05,2.73
2013-02-07,39.99,41.39,41.68,39.67,8404,34430000,1.38,3.45,5.02,5.39
2013-02-08,41.60,41.38,41.86,41.05,3565,14770000,-0.01,-0.02,1.96,2.29
2013-02-18,41.90,40.99,41.90,40.45,3929,16050000,-0.39,-0.94,3.50,2.52
2013-02-19,41.29,39.83,41.29,39.38,5453,21730000,-1.16,-2.83,4.66,3.50
2013-02-20,39.78,40.39,40.50,39.00,5484,21920000,0.56,1.41,3.77,3.52
2013-02-21,39.89,39.79,40.14,38.90,4701,18600000,-0.60,-1.49,3.07,3.01
2013-02-22,39.34,39.15,39.81,39.03,4064,16080000,-0.64,-1.61,1.96,2.60
2013-02-25,38.98,39.34,39.59,38.72,4067,15900000,0.19,0.49,2.22,2.61
2013-02-26,39.09,38.98,40.25,38.82,3637,14440000,-0.36,-0.92,3.64,2.33
2013-02-27,39.00,39.00,39.59,38.73,2818,11010000,0.02,0.05,2.21,1.81
2013-02-28,39.00,40.16,40.20,38.80,4067,16070000,1.16,2.97,3.59,2.61
2013-03-01,40.17,40.61,41.36,40.01,5961,24230000,0.45,1.12,3.36,3.82
2013-03-04,40.61,39.39,41.26,39.28,4089,16320000,-1.22,-3.00,4.88,2.62
2013-03-05,39.40,41.18,41.28,39.00,4588,18510000,1.79,4.54,5.79,2.94
2013-03-06,40.85,43.33,44.49,40.85,8508,36460000,2.15,5.22,8.84,5.45
2013-03-07,43.23,42.25,44.20,41.58,5220,22270000,-1.08,-2.49,6.05,3.35
2013-03-08,42.31,42.20,43.22,41.63,3769,15980000,-0.05,-0.12,3.76,2.42
2013-03-11,41.18,41.85,42.44,41.18,2045,8540000,-0.35,-0.83,2.99,1.31
2013-03-12,42.50,40.00,42.50,39.60,4650,18870000,-1.85,-4.42,6.93,2.98
2013-03-13,39.83,39.37,39.86,38.58,2792,10960000,-0.63,-1.58,3.20,1.79
2013-03-14,39.19,39.34,39.99,38.80,1474,5830000,-0.03,-0.08,3.02,0.94
2013-03-15,39.79,38.92,40.35,38.11,3642,14440000,-0.42,-1.07,5.69,2.33
2013-03-18,39.00,38.84,39.30,38.72,2485,9670000,-0.08,-0.21,1.49,1.59
2013-03-19,38.80,38.30,39.25,37.78,3859,14770000,-0.54,-1.39,3.78,2.47
2013-03-20,38.30,39.69,39.77,37.95,3249,12730000,1.39,3.63,4.75,2.08
2013-03-21,39.79,41.89,42.09,39.50,6365,26110000,2.20,5.54,6.53,4.08
2013-03-22,41.77,41.92,42.50,41.70,4036,16940000,0.03,0.07,1.91,2.59
2013-03-25,42.38,40.85,42.92,40.76,4161,17410000,-1.07,-2.55,5.15,2.67
2013-03-26,38.50,39.80,39.80,37.85,19336,75030000,-1.05,-2.57,4.77,12.39
2013-03-27,39.50,39.55,39.89,38.86,7708,30500000,-0.25,-0.63,2.59,4.94
2013-03-28,39.11,38.71,39.11,38.05,5765,22300000,-0.84,-2.12,2.68,3.70
2013-03-29,38.43,38.60,39.00,38.31,5734,22120000,-0.11,-0.28,1.78,3.68
2013-04-01,38.50,39.05,39.30,38.50,2471,9630000,0.45,1.17,2.07,1.58
2013-04-02,39.00,38.73,39.28,38.08,4019,15600000,-0.32,-0.82,3.07,2.58
2013-04-03,38.99,39.25,39.25,38.04,4960,19090000,0.52,1.34,3.12,3.18
2013-04-08,38.61,38.80,38.90,38.10,3176,12280000,-0.45,-1.15,2.04,2.04
2013-04-09,38.80,38.43,39.20,38.41,3884,15080000,-0.37,-0.95,2.04,2.49
2013-04-10,38.44,36.89,38.44,36.31,5855,21870000,-1.54,-4.01,5.54,3.75
2013-04-11,37.08,36.85,37.78,36.38,1948,7260000,-0.04,-0.11,3.80,1.25
2013-04-12,36.88,36.60,37.10,36.50,1809,6650000,-0.25,-0.68,1.63,1.16
2013-04-15,36.31,35.60,36.76,35.50,4011,14330000,-1.00,-2.73,3.44,2.57
2013-04-16,35.13,36.24,36.51,35.12,1987,7120000,0.64,1.80,3.90,1.27
2013-04-17,36.15,37.12,37.25,36.15,1856,6830000,0.88,2.43,3.04,1.19
2013-04-18,36.50,36.80,37.17,36.50,2280,8400000,-0.32,-0.86,1.81,1.46
2013-04-19,36.72,38.62,38.66,36.60,3610,13750000,1.82,4.95,5.60,2.31
2013-04-22,38.51,39.56,39.80,38.41,3659,14300000,0.94,2.43,3.60,2.35
2013-04-23,39.48,38.35,39.71,37.92,3534,13600000,-1.21,-3.06,4.52,2.27
2013-04-24,38.16,40.00,40.18,38.16,3721,14670000,1.65,4.30,5.27,2.39
2013-04-25,40.00,40.22,42.19,39.81,6491,26720000,0.22,0.55,5.95,4.16
2013-04-26,40.17,39.67,40.17,38.71,3938,15550000,-0.55,-1.37,3.63,2.52
2013-05-02,39.61,40.86,41.10,39.61,2147,8720000,1.19,3.00,3.76,1.38
2013-05-03,40.66,41.85,42.43,40.66,4209,17680000,0.99,2.42,4.33,2.70
2013-05-06,41.88,46.04,46.04,41.42,8148,36720000,4.19,10.01,11.04,5.22
2013-05-07,47.61,49.33,49.66,46.83,15379,74230000,3.29,7.15,6.15,9.86
2013-05-08,49.10,50.40,50.43,48.40,7852,38690000,1.07,2.17,4.12,5.03
2013-05-09,50.18,50.28,51.39,48.79,7740,38450000,-0.12,-0.24,5.16,4.96
2013-05-10,50.16,48.71,50.16,47.78,5677,27780000,-1.57,-3.12,4.73,3.64
2013-05-13,48.52,49.23,49.88,47.89,4714,23030000,0.52,1.07,4.09,3.02
2013-05-14,48.91,47.51,48.91,46.91,3947,18870000,-1.72,-3.49,4.06,2.53
2013-05-15,47.85,49.28,49.28,47.55,4557,22260000,1.77,3.73,3.64,2.92
2013-05-16,49.40,46.50,49.80,45.99,8816,42060000,-2.78,-5.64,7.73,5.65
2013-05-17,46.70,47.07,47.40,46.30,3510,16470000,0.57,1.23,2.37,2.25
2013-05-20,47.08,48.94,49.28,47.07,5946,28870000,1.87,3.97,4.70,3.81
2013-05-21,49.03,50.65,50.74,48.17,5824,28830000,1.71,3.49,5.25,3.73
2013-05-22,50.40,48.13,50.40,47.91,6110,29840000,-2.32,-4.60,4.94,3.92
2013-05-23,47.39,49.20,49.83,47.39,5819,28460000,1.07,2.22,5.07,3.73
2013-05-24,49.05,54.12,54.12,49.05,12383,65900000,4.92,10.00,10.30,7.94
2013-05-27,54.00,53.38,54.87,52.51,6665,35630000,-0.74,-1.37,4.36,4.27
2013-05-28,53.30,50.81,53.30,50.70,6652,34200000,-2.57,-4.81,4.87,4.26
2013-05-29,50.58,51.29,52.28,50.52,4058,20800000,0.48,0.94,3.46,2.60
2013-05-30,50.65,50.86,52.43,50.65,4024,20660000,-0.43,-0.84,3.47,2.58
2013-05-31,50.86,50.30,51.87,50.22,3914,19860000,-0.56,-1.10,3.24,2.51
2013-06-03,50.20,52.20,55.27,50.00,8857,46780000,1.90,3.78,10.48,5.68
2013-06-04,51.82,54.00,54.66,51.82,9629,51420000,1.80,3.45,5.44,6.17
2013-06-05,53.20,58.00,59.12,53.20,14213,81310000,4.00,7.41,10.96,9.11
2013-06-06,57.00,55.70,57.97,55.22,10375,58530000,-2.30,-3.97,4.74,6.65
2013-06-07,56.00,58.30,60.46,55.88,16755,97960000,2.60,4.67,8.22,10.74
2013-06-13,57.33,60.50,60.50,53.30,15590,89330000,2.20,3.77,12.35,9.99
2013-06-14,59.95,59.44,61.50,59.03,14128,84860000,-1.06,-1.75,4.08,9.06
2013-06-17,59.75,57.05,60.95,57.00,15737,92740000,-2.39,-4.02,6.65,10.09
2013-06-18,56.70,57.95,58.85,55.38,9575,54750000,0.90,1.58,6.08,6.14
2013-06-19,57.88,55.10,57.88,54.90,9667,53950000,-2.85,-4.92,5.14,6.20
2013-06-20,54.95,52.70,56.25,52.11,9467,51170000,-2.40,-4.36,7.51,6.07
2013-06-21,51.98,52.48,52.75,50.31,5774,29900000,-0.22,-0.42,4.63,3.70
2013-06-24,52.50,50.40,54.68,49.90,10150,53300000,-2.08,-3.96,9.11,6.51
2013-06-25,49.00,50.45,51.25,46.58,17963,87690000,0.05,0.10,9.27,11.51
2013-06-26,50.47,54.60,54.88,50.46,13588,71430000,4.15,8.23,8.76,8.71
2013-06-27,54.00,51.58,55.53,50.62,12559,66810000,-3.02,-5.53,8.99,8.05
2013-06-28,50.78,50.51,52.66,49.60,7508,38250000,-1.07,-2.07,5.93,4.81
2013-07-01,49.90,53.00,53.07,49.34,7017,36460000,2.49,4.93,7.38,4.50
2013-07-02,53.00,53.90,54.35,52.78,8654,46460000,0.90,1.70,2.96,5.55
2013-07-03,53.95,57.80,58.48,53.95,18113,102860000,3.90,7.24,8.40,11.61
2013-07-04,57.20,56.96,58.49,55.70,9690,55310000,-0.84,-1.45,4.83,6.21
2013-07-05,57.00,55.50,59.36,55.00,11631,67430000,-1.46,-2.56,7.65,7.46
2013-07-08,54.00,50.68,54.01,49.95,10383,53940000,-4.82,-8.68,7.32,6.66
2013-07-09,55.28,55.75,55.75,53.50,14262,78220000,5.07,10.00,4.44,9.14
2013-07-10,56.32,55.85,56.32,54.33,11457,63550000,0.10,0.18,3.57,7.34
2013-07-11,55.88,58.95,61.00,55.60,13883,81730000,3.10,5.55,9.67,8.90
2013-07-12,59.01,58.20,60.85,57.85,12206,72630000,-0.75,-1.27,5.09,7.82
2013-07-15,58.10,64.00,64.02,58.03,18140,112620000,5.80,9.97,10.29,11.63
2013-07-16,64.03,63.41,64.79,62.05,10737,68060000,-0.59,-0.92,4.28,6.88
2013-07-17,63.50,63.50,65.49,62.80,9607,61330000,0.09,0.14,4.24,6.16
2013-07-18,63.10,63.65,65.27,62.60,7810,49830000,0.15,0.24,4.20,5.01
2013-07-19,63.99,62.49,65.09,62.49,9493,60590000,-1.16,-1.82,4.08,6.09
2013-07-22,61.80,63.61,63.68,60.60,8731,54510000,1.12,1.79,4.93,5.60
2013-07-23,63.50,64.70,64.99,62.38,9771,62340000,1.09,1.71,4.10,6.26
2013-07-24,64.97,65.80,67.60,64.44,11717,77660000,1.10,1.70,4.88,7.51
2013-07-25,65.10,61.67,65.88,61.01,11306,71390000,-4.13,-6.28,7.40,7.25
2013-07-26,61.96,62.23,62.76,60.58,6625,40960000,0.56,0.91,3.53,4.25
2013-07-29,61.40,60.00,61.90,59.98,5913,35900000,-2.23,-3.58,3.09,3.79
2013-07-30,59.80,58.65,60.30,57.02,6947,40680000,-1.35,-2.25,5.47,4.45
2013-07-31,58.88,59.32,59.64,58.29,4278,25290000,0.67,1.14,2.30,2.74
2013-08-01,59.80,62.19,62.86,59.12,7437,45930000,2.87,4.84,6.30,4.77
2013-08-02,62.50,62.35,62.80,61.68,5125,31880000,0.16,0.26,1.80,3.29
2013-08-05,62.45,64.50,65.20,62.00,6702,43170000,2.15,3.45,5.13,4.30
2013-08-06,64.49,64.81,65.28,63.81,4291,27750000,0.31,0.48,2.28,2.75
2013-08-07,64.70,62.51,65.35,62.40,6382,40420000,-2.30,-3.55,4.55,4.09
2013-08-08,62.00,63.01,64.47,62.00,3643,23110000,0.50,0.80,3.95,2.34
2013-08-09,63.29,62.47,63.79,60.58,6180,38260000,-0.54,-0.86,5.09,3.96
2013-08-12,62.48,63.59,64.86,60.08,6311,39420000,1.12,1.79,7.65,4.05
2013-08-13,62.52,61.49,62.52,60.85,7865,48340000,-2.10,-3.30,2.63,5.04
2013-08-14,61.37,61.88,62.64,61.08,5241,32560000,0.39,0.63,2.54,3.36
2013-08-15,61.80,59.99,62.00,59.90,4851,29510000,-1.89,-3.05,3.39,3.11
2013-08-16,60.15,59.30,62.36,58.91,6210,37500000,-0.69,-1.15,5.75,3.98
2013-08-19,58.60,61.30,61.48,58.60,8909,54290000,2.00,3.37,4.86,5.71
2013-08-20,61.11,60.57,61.50,60.10,3753,22800000,-0.73,-1.19,2.28,2.41
2013-08-21,60.62,61.33,61.50,60.17,4515,27380000,0.76,1.25,2.20,2.89
2013-08-22,61.15,63.55,64.15,61.00,8512,53710000,2.22,3.62,5.14,5.46
2013-08-23,63.55,63.30,64.99,62.01,8231,52330000,-0.25,-0.39,4.69,5.28
2013-08-26,63.32,64.60,65.19,63.00,6660,42980000,1.30,2.05,3.46,4.27
2013-08-27,64.80,65.01,65.43,63.65,6035,38980000,0.41,0.63,2.76,3.87
2013-08-28,64.40,62.60,64.50,62.60,7360,46680000,-2.41,-3.71,2.92,4.72
2013-08-29,62.61,61.90,63.68,61.60,4353,27160000,-0.70,-1.12,3.32,2.79
2013-08-30,61.70,59.73,61.80,59.61,5908,35660000,-2.17,-3.51,3.54,3.79
2013-09-02,59.98,60.00,61.59,59.51,4957,29870000,0.27,0.45,3.48,3.18
2013-09-03,60.15,62.70,63.35,60.15,6499,40190000,2.70,4.50,5.33,4.17
2013-09-04,62.60,61.90,64.47,61.52,9000,56410000,-0.80,-1.28,4.70,5.77
2013-09-05,62.10,64.38,64.50,61.30,10919,69270000,2.48,4.01,5.17,7.00
2013-09-06,64.46,63.54,64.70,62.50,8584,54440000,-0.84,-1.30,3.42,5.50
2013-09-09,64.76,61.84,64.82,60.60,12717,78840000,-1.70,-2.68,6.64,8.15
2013-09-10,61.49,61.09,62.00,59.95,7613,46310000,-0.75,-1.21,3.32,4.88
2013-09-11,60.90,56.24,60.90,55.66,12567,72540000,-4.85,-7.94,8.58,8.06
2013-09-12,56.00,53.71,57.20,52.88,14198,76990000,-2.53,-4.50,7.68,9.10
2013-09-13,27.26,28.80,29.48,26.67,28054,79620000,1.94,7.22,10.46,8.99
2013-09-16,28.49,27.60,28.50,27.10,22768,62780000,-1.20,-4.17,4.86,7.30
2013-09-17,27.60,26.13,27.72,26.10,19027,50960000,-1.47,-5.33,5.87,6.10
2013-09-18,26.20,27.22,27.25,25.22,18320,47860000,1.09,4.17,7.77,5.87
2013-09-23,26.93,27.22,27.65,26.50,20095,54540000,0.00,0.00,4.22,6.44
2013-09-24,27.20,27.84,28.47,27.20,19888,55580000,0.62,2.28,4.67,6.37
2013-09-25,27.81,26.91,27.85,25.06,15802,42790000,-0.93,-3.34,10.02,5.06
2013-09-26,26.92,26.63,27.48,26.60,9638,25900000,-0.28,-1.04,3.27,3.09
2013-09-27,26.71,26.99,27.32,26.30,14957,40030000,0.36,1.35,3.83,4.79
2013-09-30,27.00,27.60,27.85,26.60,11506,31630000,0.61,2.26,4.63,3.69
2013-10-08,27.50,27.73,28.18,26.81,12370,34340000,0.13,0.47,4.96,3.96
2013-10-09,27.70,29.81,30.19,27.47,27400,79070000,2.08,7.50,9.81,8.78
2013-10-10,29.97,28.72,30.09,28.50,18983,55150000,-1.09,-3.66,5.33,6.08
2013-10-11,29.03,29.70,29.94,28.75,15316,45310000,0.98,3.41,4.14,4.91
2013-10-14,29.79,29.20,29.79,29.05,12135,35480000,-0.50,-1.68,2.49,3.89
2013-10-15,29.25,30.05,30.13,28.71,19557,57980000,0.85,2.91,4.86,6.27
2013-10-16,29.80,28.90,29.80,28.76,11131,32360000,-1.15,-3.83,3.46,3.57
2013-10-17,28.90,27.69,29.55,27.23,18466,51960000,-1.21,-4.19,8.03,5.92
2013-10-18,27.60,27.89,28.18,27.09,6077,16810000,0.20,0.72,3.94,1.95
2013-10-21,27.91,28.39,28.65,27.78,9190,26010000,0.50,1.79,3.12,2.95
2013-10-22,28.20,27.13,28.60,27.13,11460,31700000,-1.26,-4.44,5.18,3.67
2013-10-23,27.00,26.32,27.20,26.01,9345,24740000,-0.81,-2.99,4.39,3.00
2013-10-24,26.30,26.60,26.80,26.01,4813,12750000,0.28,1.06,3.00,1.54
2013-10-25,26.70,26.01,26.76,25.82,6254,16340000,-0.59,-2.22,3.53,2.00
2013-10-28,25.98,26.22,26.39,25.71,2936,7690000,0.21,0.81,2.61,0.94
2013-10-29,26.44,24.99,26.45,23.90,8999,22570000,-1.23,-4.69,9.73,2.88
2013-10-30,24.98,25.01,25.17,24.02,7362,18150000,0.02,0.08,4.60,2.36
2013-10-31,25.02,24.45,25.08,24.30,6938,17000000,-0.56,-2.24,3.12,2.22
2013-11-01,24.40,24.45,24.66,24.01,3191,7750000,0.00,0.00,2.66,1.02
2013-11-04,24.50,24.70,24.93,24.45,3641,8980000,0.25,1.02,1.96,1.17
2013-11-05,24.68,25.25,25.36,24.40,5349,13440000,0.55,2.23,3.89,1.71
2013-11-06,25.25,25.28,25.48,24.89,5080,12790000,0.03,0.12,2.34,1.63
2013-11-07,25.30,25.40,25.90,25.11,7313,18710000,0.12,0.47,3.13,2.34
2013-11-08,25.40,26.20,26.46,25.31,9082,23580000,0.80,3.15,4.53,2.91
2013-11-11,26.30,26.50,26.69,25.67,9324,24390000,0.30,1.15,3.89,2.99
2013-11-12,26.45,26.63,26.70,26.13,7652,20180000,0.13,0.49,2.15,2.45
2013-11-13,26.50,26.30,26.60,26.00,6188,16280000,-0.33,-1.24,2.25,1.98
2013-11-14,26.20,27.18,27.45,26.10,8723,23490000,0.88,3.35,5.13,2.80
2013-11-15,27.18,27.80,28.49,27.18,14178,39710000,0.62,2.28,4.82,4.54
2013-11-18,27.55,27.99,28.35,27.55,8728,24420000,0.19,0.68,2.88,2.80
2013-11-19,28.08,27.87,28.30,27.50,7326,20340000,-0.12,-0.43,2.86,2.35
2013-11-20,27.70,27.68,27.93,27.42,4667,12900000,-0.19,-0.68,1.83,1.50
2013-11-21,27.45,27.28,27.50,26.85,5642,15310000,-0.40,-1.45,2.35,1.81
2013-11-22,27.31,26.80,27.38,26.74,4511,12150000,-0.48,-1.76,2.35,1.45
2013-11-25,26.80,26.79,27.14,26.65,4341,11680000,-0.01,-0.04,1.83,1.39
2013-11-26,27.10,28.12,28.12,26.50,10307,28200000,1.33,4.96,6.05,3.30
2013-11-27,27.95,30.93,30.93,27.95,27623,83230000,2.81,9.99,10.60,8.85
2013-11-28,31.83,31.44,32.38,30.35,38142,118810000,0.51,1.65,6.56,12.23
2013-11-29,31.00,31.70,32.10,30.67,27098,85300000,0.26,0.83,4.55,8.69
2013-12-02,30.00,28.53,30.00,28.53,30368,88000000,-3.17,-10.00,4.64,9.73
2013-12-03,27.68,28.19,28.48,26.02,16877,46050000,-0.34,-1.19,8.62,5.41
2013-12-04,27.71,27.21,28.52,27.12,14848,41690000,-0.98,-3.48,4.97,4.76
2013-12-05,26.91,26.76,27.30,26.50,10271,27560000,-0.45,-1.65,2.94,3.29
2013-12-06,26.84,27.00,27.16,26.38,7145,19060000,0.24,0.90,2.91,2.29
2013-12-09,27.20,28.35,28.50,27.01,12974,36300000,1.35,5.00,5.52,4.16
2013-12-10,28.35,27.77,28.52,27.48,10355,28960000,-0.58,-2.05,3.67,3.32
2013-12-11,27.93,27.91,28.29,27.37,7609,21200000,0.14,0.50,3.31,2.44
2013-12-12,28.00,29.34,29.78,27.85,14376,41910000,1.43,5.12,6.92,4.61
2013-12-13,29.04,30.30,30.32,28.71,15306,45570000,0.96,3.27,5.49,4.91
2013-12-16,30.19,29.40,30.25,29.10,8770,25980000,-0.90,-2.97,3.80,2.81
2013-12-17,29.40,28.37,30.00,28.30,8941,25750000,-1.03,-3.50,5.78,2.87
2013-12-18,28.20,27.90,28.60,27.80,6190,17320000,-0.47,-1.66,2.82,1.98
2013-12-19,27.83,28.50,29.08,27.83,8422,24170000,0.60,2.15,4.48,2.70
2013-12-20,28.45,28.35,28.80,28.10,4392,12490000,-0.15,-0.53,2.46,1.41
2013-12-23,28.70,29.07,29.18,28.07,5678,16420000,0.72,2.54,3.92,1.82
2013-12-24,28.93,29.19,29.80,28.93,7479,22010000,0.12,0.41,2.99,2.40
2013-12-25,29.08,30.69,30.78,29.08,21477,65090000,1.50,5.14,5.82,6.88
2013-12-26,30.30,32.18,32.56,30.18,27962,87630000,1.49,4.86,7.76,8.96
2013-12-27,31.60,33.54,34.80,31.50,31855,105700000,1.36,4.23,10.25,10.21
2013-12-30,33.60,32.90,34.60,32.57,24663,82450000,-0.64,-1.91,6.05,7.90
2013-12-31,32.59,31.72,33.77,31.11,20117,65170000,-1.18,-3.59,8.09,6.45
2014-01-02,31.11,31.88,32.25,31.11,16321,51890000,0.16,0.50,3.59,5.23
2014-01-03,31.76,31.96,32.20,31.34,15239,48530000,0.08,0.25,2.70,4.88
2014-01-06,31.20,30.75,31.95,30.40,15650,48820000,-1.21,-3.79,4.85,4.85
2014-01-07,30.40,30.96,31.33,30.26,9364,28960000,0.21,0.68,3.48,2.90
2014-01-08,30.96,31.69,31.96,30.96,16852,53200000,0.73,2.36,3.23,5.22
2014-01-09,31.69,30.61,32.64,30.61,20228,64600000,-1.08,-3.41,6.41,6.27
2014-01-10,30.52,29.40,30.52,29.20,16616,49290000,-1.21,-3.95,4.31,5.15
2014-01-13,29.39,29.55,29.78,29.10,7256,21350000,0.15,0.51,2.31,2.25
2014-01-14,30.06,30.60,30.67,29.88,10303,31250000,1.05,3.55,2.67,3.19
2014-01-15,30.50,31.02,31.43,30.38,9502,29480000,0.42,1.37,3.43,2.95
2014-01-16,30.68,31.95,32.63,29.80,23619,74300000,0.93,3.00,9.12,7.32
2014-01-17,31.99,31.20,32.39,31.05,14603,46320000,-0.75,-2.35,4.19,4.53
2014-01-20,31.53,31.90,32.48,31.45,19479,62420000,0.70,2.24,3.30,6.04
2014-01-21,31.90,32.50,32.50,31.58,14575,46700000,0.60,1.88,2.88,4.52
2014-01-22,32.38,32.68,32.98,31.80,17689,57300000,0.18,0.55,3.63,5.48
2014-01-23,32.50,32.64,33.12,32.30,16009,52300000,-0.04,-0.12,2.51,4.96
2014-01-24,32.52,32.40,32.98,32.35,16732,54720000,-0.24,-0.74,1.93,5.19
2014-01-27,32.28,31.08,32.55,31.01,17219,54580000,-1.32,-4.07,4.75,5.34
2014-01-28,31.04,31.90,32.00,30.01,15920,49450000,0.82,2.64,6.40,4.93
2014-01-29,31.50,31.79,32.25,31.50,10869,34620000,-0.11,-0.34,2.35,3.37
2014-01-30,31.79,31.35,32.07,31.32,7710,24390000,-0.44,-1.38,2.36,2.39
2014-02-07,31.01,32.00,32.00,30.88,10078,31840000,0.65,2.07,3.57,3.12
2014-02-10,32.00,32.98,32.99,32.00,25106,81900000,0.98,3.06,3.09,7.78
2014-02-11,33.00,33.98,34.47,32.80,29787,101010000,1.00,3.03,5.06,9.23
2014-02-12,33.98,37.10,37.10,33.31,35242,123820000,3.12,9.18,11.15,10.92
2014-02-13,36.96,36.54,39.14,36.50,42020,159320000,-0.56,-1.51,7.12,13.02
2014-02-14,36.34,36.67,37.22,35.41,21860,79590000,0.13,0.36,4.95,6.78
2014-02-17,36.58,39.12,39.15,36.30,21692,82630000,2.45,6.68,7.77,6.72
2014-02-18,39.25,38.49,40.45,38.02,22331,87150000,-0.63,-1.61,6.21,6.92
2014-02-19,38.03,37.86,39.12,36.81,17513,66280000,-0.63,-1.64,6.00,5.43
2014-02-20,37.86,36.44,38.34,36.18,15059,55290000,-1.42,-3.75,5.71,4.67
2014-02-21,36.46,37.57,37.60,36.21,10932,40380000,1.13,3.10,3.81,3.39
2014-02-24,37.78,38.39,38.98,37.25,13310,50760000,0.82,2.18,4.60,4.13
2014-02-25,38.49,36.15,38.50,35.48,24513,90190000,-2.24,-5.83,7.87,7.60
2014-02-26,36.00,36.23,37.17,35.05,12132,43950000,0.08,0.22,5.86,3.76
2014-02-27,37.02,35.45,37.68,35.40,13708,50220000,-0.78,-2.15,6.29,4.25
2014-02-28,35.45,36.08,36.28,34.35,11833,41510000,0.63,1.78,5.44,3.67
2014-03-03,36.00,36.39,36.49,35.76,8007,28940000,0.31,0.86,2.02,2.48
2014-03-04,36.20,35.22,36.35,34.60,10383,36740000,-1.17,-3.22,4.81,3.22
2014-03-05,35.50,35.28,35.90,35.02,5798,20500000,0.06,0.17,2.50,1.80
2014-03-06,35.10,33.92,35.67,33.80,9523,32660000,-1.36,-3.85,5.30,2.95
2014-03-07,33.50,33.99,34.64,33.50,6685,22830000,0.07,0.21,3.36,2.07
2014-03-10,33.91,34.48,35.68,33.90,9966,34670000,0.49,1.44,5.24,3.09
2014-03-11,34.48,34.52,35.00,33.40,6049,20580000,0.04,0.12,4.64,1.87
2014-03-12,34.14,35.17,35.19,33.72,7518,25880000,0.65,1.88,4.26,2.33
2014-03-13,35.10,36.58,36.59,34.85,12296,44190000,1.41,4.01,4.95,3.81
2014-03-14,36.20,36.36,36.90,35.75,8125,29480000,-0.22,-0.60,3.14,2.52
2014-03-17,36.02,36.99,37.10,35.90,6018,22110000,0.63,1.73,3.30,1.87
2014-03-18,36.98,36.27,37.10,36.11,7644,27940000,-0.72,-1.95,2.68,2.37
2014-03-19,35.80,35.05,36.21,35.00,6243,22110000,-1.22,-3.36,3.34,1.93
2014-03-20,35.06,34.39,35.94,34.15,6498,22760000,-0.66,-1.88,5.11,2.01
2014-03-21,33.55,32.87,34.00,30.95,19818,63570000,-1.52,-4.42,8.87,6.14
2014-03-24,32.15,30.93,32.77,30.80,11768,37160000,-1.94,-5.90,5.99,3.65
2014-03-25,30.80,31.80,31.80,30.20,8530,26650000,0.87,2.81,5.17,2.64
2014-03-26,31.61,31.81,31.90,31.42,5589,17730000,0.01,0.03,1.51,1.73
2014-03-27,31.87,31.05,31.87,30.86,5873,18250000,-0.76,-2.39,3.18,1.82
2014-03-28,31.00,30.43,31.00,28.49,10696,31860000,-0.62,-2.00,8.08,3.32
2014-03-31,30.02,29.39,30.62,29.01,4397,13140000,-1.04,-3.42,5.29,1.36
2014-04-01,29.48,30.11,30.48,29.39,5187,15630000,0.72,2.45,3.71,1.61
2014-04-02,30.21,30.01,30.86,29.60,5697,17080000,-0.10,-0.33,4.18,1.77
2014-04-03,30.59,30.00,30.59,29.82,3106,9360000,-0.01,-0.03,2.57,0.96
2014-04-04,30.09,30.52,30.60,29.62,2889,8770000,0.52,1.73,3.27,0.90
2014-04-08,30.03,30.92,31.05,29.65,2961,9050000,0.40,1.31,4.59,0.92
2014-04-09,30.90,31.15,31.54,30.60,4711,14690000,0.23,0.74,3.04,1.46
2014-04-10,29.99,28.75,29.99,28.71,37405,109290000,-2.40,-7.70,4.11,11.59
2014-04-11,28.49,28.22,28.66,27.71,15679,43950000,-0.53,-1.84,3.30,4.86
2014-04-14,28.23,28.46,28.80,28.23,10105,28800000,0.24,0.85,2.02,3.13
2014-04-15,28.35,28.47,28.73,28.28,7982,22750000,0.01,0.04,1.58,2.47
2014-04-16,28.55,27.87,28.68,27.85,9569,26910000,-0.60,-2.11,2.92,2.97
2014-04-17,27.95,28.13,28.22,27.89,5476,15370000,0.26,0.93,1.18,1.70
2014-04-18,27.98,28.09,28.26,27.88,5078,14240000,-0.04,-0.14,1.35,1.57
2014-04-21,27.80,27.94,28.16,27.64,4558,12730000,-0.15,-0.53,1.85,1.41
2014-04-22,28.03,27.29,28.17,27.06,6004,16530000,-0.65,-2.33,3.97,1.86
2014-04-23,27.29,26.91,27.39,26.88,4721,12790000,-0.38,-1.39,1.87,1.46
2014-04-24,27.00,26.47,27.29,26.31,5893,15740000,-0.44,-1.64,3.64,1.83
2014-04-25,26.12,26.34,26.86,26.12,6755,17910000,-0.13,-0.49,2.80,2.09
2014-04-28,26.33,23.71,26.33,23.71,21218,51310000,-2.63,-9.98,9.95,6.58
2014-04-29,23.00,23.75,23.89,23.00,7417,17500000,0.04,0.17,3.75,2.30
2014-04-30,23.75,24.50,24.65,23.66,6375,15460000,0.75,3.16,4.17,1.98
2014-05-05,24.44,25.60,25.81,24.44,13448,33790000,1.10,4.49,5.59,4.17
2014-05-06,25.52,25.29,25.88,24.89,8396,21470000,-0.31,-1.21,3.87,2.60
2014-05-07,25.04,25.47,25.85,25.00,5918,15120000,0.18,0.71,3.36,1.83
2014-05-08,25.40,25.61,25.83,25.31,3770,9690000,0.14,0.55,2.04,1.17
2014-05-09,25.61,24.82,25.64,24.38,5154,12770000,-0.79,-3.08,4.92,1.60
2014-05-12,25.02,24.95,25.25,24.56,13741,33960000,0.13,0.52,2.78,4.26
2014-05-13,24.86,24.67,25.30,24.63,7849,19570000,-0.28,-1.12,2.69,2.43
2014-05-14,24.67,24.61,24.76,24.20,5398,13220000,-0.06,-0.24,2.27,1.67
2014-05-15,24.49,24.36,24.75,24.30,3185,7820000,-0.25,-1.02,1.83,0.99
2014-05-16,24.36,24.15,24.54,23.89,4121,9930000,-0.21,-0.86,2.67,1.25
2014-05-19,24.13,23.83,24.34,23.60,4963,11850000,-0.32,-1.33,3.06,1.51
2014-05-20,24.20,24.13,24.46,23.88,4339,10520000,0.30,1.26,2.43,1.32
2014-05-21,23.87,24.49,24.49,23.87,2963,7190000,0.36,1.49,2.57,0.90
2014-05-22,24.55,24.65,26.38,24.51,10962,27680000,0.16,0.65,7.64,3.34
2014-05-23,24.65,25.19,25.29,24.55,6297,15760000,0.69,2.82,3.02,1.92
2014-05-26,25.25,25.63,25.86,25.25,7218,18420000,0.44,1.75,2.42,2.20
2014-05-27,25.64,25.21,25.64,25.18,4569,11610000,-0.42,-1.64,1.79,1.39
2014-05-28,25.21,25.53,25.69,25.11,5570,14200000,0.32,1.27,2.30,1.70
2014-05-29,25.43,25.12,25.59,24.92,4687,11830000,-0.41,-1.61,2.62,1.43
2014-05-30,24.98,25.36,25.37,24.85,2851,7170000,0.24,0.96,2.07,0.87
2014-06-03,25.36,25.60,25.70,25.22,5941,15110000,0.24,0.95,1.89,1.81
2014-06-04,25.57,25.31,25.57,25.00,2618,6610000,-0.29,-1.13,2.23,0.80
2014-06-05,25.31,26.15,26.15,25.01,6873,17640000,0.84,3.32,4.50,2.09
2014-06-06,26.12,25.90,26.35,25.62,6081,15730000,-0.25,-0.96,2.79,1.85
2014-06-09,25.90,25.40,25.98,25.08,3891,9920000,-0.50,-1.93,3.47,1.19
2014-06-10,25.50,25.67,25.76,25.15,3623,9250000,0.27,1.06,2.40,1.10
2014-06-11,25.42,25.69,25.79,25.40,3219,8250000,0.02,0.08,1.52,0.98
2014-06-12,25.57,25.96,26.37,25.57,6095,15930000,0.27,1.05,3.11,1.86
2014-06-13,26.10,26.92,27.29,25.70,13139,35200000,0.96,3.70,6.12,4.00
2014-06-16,27.05,26.69,27.25,26.56,7595,20350000,-0.23,-0.85,2.56,2.31
2014-06-17,26.71,27.15,27.48,26.53,11441,31150000,0.46,1.72,3.56,3.48
2014-06-18,27.17,29.36,29.77,27.03,32097,92490000,2.21,8.14,10.09,9.77
2014-06-19,29.30,30.99,31.76,29.04,42831,130930000,1.63,5.55,9.26,13.04
2014-06-20,31.50,30.90,31.50,29.60,22719,69430000,-0.09,-0.29,6.13,6.92
2014-06-23,30.89,30.66,30.89,30.27,20963,63900000,-0.24,-0.78,2.01,6.38
2014-06-24,30.45,32.00,32.00,29.85,26574,82510000,1.34,4.37,7.01,8.09
2014-06-25,31.50,31.43,32.16,30.58,17757,55560000,-0.57,-1.78,4.94,5.41
2014-06-26,31.43,31.45,32.50,30.89,30820,98050000,0.02,0.06,5.12,9.39
2014-06-27,30.72,29.60,30.72,29.60,29287,87840000,-1.85,-5.88,3.56,8.92
2014-06-30,29.30,29.35,29.55,28.45,30363,87770000,-0.25,-0.84,3.72,9.25
2014-07-01,29.10,29.80,30.10,29.00,22060,65650000,0.45,1.53,3.75,6.72
2014-07-02,30.01,29.51,30.99,28.89,18392,54890000,-0.29,-0.97,7.05,5.60
2014-07-03,29.31,28.98,29.59,28.85,14628,42680000,-0.53,-1.80,2.51,4.45
2014-07-04,29.05,28.65,29.15,28.51,15790,45260000,-0.33,-1.14,2.21,4.81
2014-07-07,28.56,28.25,29.00,28.00,13939,39720000,-0.40,-1.40,3.49,4.24
2014-07-08,28.40,29.07,29.44,28.39,18223,53060000,0.82,2.90,3.72,5.55
2014-07-09,29.19,30.36,30.55,29.19,31851,95630000,1.29,4.44,4.68,9.70
2014-07-10,30.28,30.29,31.51,29.80,24226,74330000,-0.07,-0.23,5.63,7.38
2014-07-11,30.22,30.60,30.60,29.40,14014,41870000,0.31,1.02,3.96,4.27
2014-07-14,30.60,30.08,30.90,29.60,11396,34250000,-0.52,-1.70,4.25,3.47
2014-07-15,29.81,28.45,30.27,28.20,14218,41130000,-1.63,-5.42,6.88,4.33
2014-07-16,28.34,28.06,29.35,28.00,9673,27640000,-0.39,-1.37,4.75,2.95
2014-07-17,28.25,27.25,28.25,27.10,9080,24940000,-0.81,-2.89,4.10,2.76
2014-07-18,27.05,27.65,28.10,27.03,11020,30660000,0.40,1.47,3.93,3.36
2014-07-21,27.34,28.38,28.45,27.25,10103,28340000,0.73,2.64,4.34,3.08
2014-07-22,28.37,28.72,28.87,28.15,4757,13630000,0.34,1.20,2.54,1.45
2014-07-23,28.75,27.46,28.98,27.10,7036,19680000,-1.26,-4.39,6.55,2.14
2014-07-24,27.46,27.97,28.33,25.99,9209,24950000,0.51,1.86,8.52,2.80
2014-07-25,27.61,27.80,28.25,27.60,4094,11450000,-0.17,-0.61,2.32,1.25
2014-07-28,27.98,28.94,29.28,27.72,7714,22150000,1.14,4.10,5.61,2.35
2014-07-29,28.95,31.83,31.83,28.95,34850,108970000,2.89,9.99,9.95,10.61
2014-07-30,32.51,33.60,33.88,32.51,46134,153510000,1.77,5.56,4.30,14.05
2014-07-31,33.30,32.94,33.39,32.45,24863,81650000,-0.66,-1.96,2.80,7.57
2014-08-01,32.51,32.86,34.10,32.41,29924,99980000,-0.08,-0.24,5.13,9.11
2014-08-04,32.50,33.51,33.93,32.01,16898,56670000,0.65,1.98,5.84,5.15
2014-08-05,33.80,35.52,36.00,33.51,16715,58820000,2.01,6.00,7.43,5.09
2014-08-06,35.48,35.90,35.91,34.40,12624,44590000,0.38,1.07,4.25,3.84
2014-08-07,35.84,34.89,35.84,34.50,9070,31670000,-1.01,-2.81,3.73,2.76
2014-08-08,34.92,35.41,35.65,34.64,7773,27440000,0.52,1.49,2.89,2.37
2014-08-11,35.41,37.00,37.00,34.85,14921,54230000,1.59,4.49,6.07,4.54
2014-08-12,36.99,36.47,37.18,36.30,5888,21640000,-0.53,-1.43,2.38,1.79
2014-08-13,36.20,35.01,36.78,34.61,16214,57470000,-1.46,-4.00,5.95,4.94
2014-08-14,35.05,35.50,35.93,34.66,5677,20110000,0.49,1.40,3.63,1.73
2014-08-15,35.60,35.38,35.82,35.10,6836,24350000,-0.12,-0.34,2.03,2.08
2014-08-18,35.38,37.50,37.87,35.30,13494,49760000,2.12,5.99,7.26,4.11
2014-08-19,37.30,36.73,38.33,36.12,20963,78100000,-0.77,-2.05,5.89,6.38
2014-08-20,36.82,36.04,36.85,35.51,9205,33030000,-0.69,-1.88,3.65,2.80
2014-08-21,36.01,35.12,36.32,34.82,8292,29110000,-0.92,-2.55,4.16,2.53
2014-08-22,34.80,35.40,35.60,34.80,4143,14630000,0.28,0.80,2.28,1.26
2014-08-25,35.40,36.08,36.39,34.80,3567,12720000,0.68,1.92,4.49,1.09
2014-08-26,36.10,34.22,36.36,33.80,15815,54350000,-1.86,-5.16,7.10,4.82
2014-08-27,34.11,34.51,34.96,33.88,3826,13240000,0.29,0.85,3.16,1.17
2014-08-28,34.60,33.91,34.78,33.90,2686,9190000,-0.60,-1.74,2.55,0.82
2014-08-29,34.28,34.48,34.67,33.68,2274,7810000,0.57,1.68,2.92,0.69
2014-09-01,34.75,35.42,36.23,34.75,4607,16380000,0.94,2.73,4.29,1.40
2014-09-02,35.42,35.67,36.70,35.21,9685,34700000,0.25,0.71,4.21,2.95
2014-09-03,35.66,36.69,36.85,35.51,9883,36010000,1.02,2.86,3.76,3.01
2014-09-04,36.16,37.31,37.40,36.16,7744,28680000,0.62,1.69,3.38,2.36
2014-09-05,37.76,36.40,37.76,36.25,4252,15610000,-0.91,-2.44,4.05,1.29
2014-09-09,36.72,36.36,36.80,35.82,6568,23820000,-0.04,-0.11,2.69,2.00
2014-09-10,36.19,36.36,36.57,36.19,2404,8740000,0.00,0.00,1.05,0.73
2014-09-11,36.40,35.48,36.50,35.18,5649,20210000,-0.88,-2.42,3.63,1.72
2014-09-12,35.48,36.36,36.89,35.48,5013,18080000,0.88,2.48,3.97,1.53
2014-09-15,36.36,36.85,36.87,36.21,4998,18370000,0.49,1.35,1.82,1.52
2014-09-16,36.76,35.28,36.76,35.23,6177,22290000,-1.57,-4.26,4.15,1.88
2014-09-17,35.02,35.28,36.36,35.00,4606,16380000,0.00,0.00,3.85,1.40
2014-09-18,35.42,36.70,36.77,35.41,6942,25150000,1.42,4.02,3.85,2.11
2014-09-19,36.70,37.00,37.00,36.42,5752,21150000,0.30,0.82,1.58,1.75
2014-09-22,37.50,40.70,40.70,37.50,21054,83930000,3.70,10.00,8.65,6.41
2014-09-23,42.67,41.80,42.67,39.32,28655,117510000,1.10,2.70,8.23,8.73
2014-09-24,41.40,40.65,41.40,39.91,13121,53220000,-1.15,-2.75,3.56,4.00
2014-09-25,41.02,41.44,41.79,40.70,16434,67920000,0.79,1.94,2.68,5.00
2014-09-26,41.20,40.30,41.58,40.01,7985,32440000,-1.14,-2.75,3.79,2.43
2014-09-29,40.00,39.89,40.58,39.50,7578,30250000,-0.41,-1.02,2.68,2.31
2014-09-30,39.88,40.15,40.29,39.51,4812,19210000,0.26,0.65,1.96,1.47
2014-10-08,39.66,38.98,39.88,38.65,12172,47560000,-1.17,-2.91,3.06,3.71
2014-10-09,39.10,38.80,39.24,38.21,11539,44530000,-0.18,-0.46,2.64,3.51
2014-10-10,38.80,39.12,39.20,38.44,6333,24670000,0.32,0.82,1.96,1.93
2014-10-13,39.08,37.90,39.08,37.37,9775,37070000,-1.22,-3.12,4.37,2.98
2014-10-14,37.95,39.48,39.57,37.95,14526,56920000,1.58,4.17,4.27,4.42
2014-10-15,39.21,38.89,39.21,38.36,6899,26780000,-0.59,-1.49,2.15,2.10
2014-10-16,38.97,37.86,38.97,37.80,6373,24350000,-1.03,-2.65,3.01,1.94
2014-10-17,37.33,35.30,37.85,35.00,16825,60470000,-2.56,-6.76,7.53,5.12
2014-10-20,35.31,36.22,36.50,35.01,7485,26760000,0.92,2.61,4.22,2.28
2014-10-21,36.25,36.02,36.85,36.01,5841,21310000,-0.20,-0.55,2.32,1.78
2014-10-22,36.60,35.20,36.61,35.20,3368,12100000,-0.82,-2.28,3.91,1.03
2014-10-23,34.83,33.99,35.21,33.50,9360,31850000,-1.21,-3.44,4.86,2.85
2014-10-24,34.16,34.05,34.87,34.00,4145,14310000,0.06,0.18,2.56,1.26
2014-10-27,34.58,35.60,35.98,34.26,7258,25830000,1.55,4.55,5.05,2.21
2014-10-28,35.66,36.28,36.65,35.66,6152,22320000,0.68,1.91,2.78,1.87
2014-10-29,36.45,36.60,37.00,36.13,6642,24300000,0.32,0.88,2.40,2.02
2014-10-30,36.78,36.60,36.78,36.02,5489,19960000,0.00,0.00,2.08,1.67
2014-10-31,36.52,37.54,37.87,36.52,10300,38680000,0.94,2.57,3.69,3.14
2014-11-03,37.48,38.40,38.60,37.18,7351,27930000,0.86,2.29,3.78,2.24
2014-11-04,38.55,36.68,38.78,35.59,12261,45450000,-1.72,-4.48,8.31,3.73
2014-11-05,36.60,36.22,36.96,35.61,5254,18980000,-0.46,-1.25,3.68,1.60
2014-11-06,35.70,36.66,37.00,35.70,4123,15050000,0.44,1.21,3.59,1.26
2014-11-07,36.97,36.71,36.97,36.10,3581,13100000,0.05,0.14,2.37,1.09
2014-11-10,36.49,35.85,36.63,35.71,4289,15450000,-0.86,-2.34,2.51,1.31
2014-11-11,36.06,34.00,36.06,33.79,9905,34080000,-1.85,-5.16,6.33,3.02
2014-11-12,34.11,34.50,34.58,33.60,4980,16940000,0.50,1.47,2.88,1.52
2014-11-13,34.28,32.97,34.30,32.73,10908,36260000,-1.53,-4.43,4.55,3.32
2014-11-14,33.08,32.33,33.15,31.85,5883,19030000,-0.64,-1.94,3.94,1.79
2014-11-17,32.43,33.23,33.86,32.20,4531,15050000,0.90,2.78,5.13,1.38
2014-11-18,33.65,32.02,33.75,31.96,9154,29770000,-1.21,-3.64,5.39,2.79
2014-11-19,32.10,34.36,34.36,32.10,10943,36420000,2.34,7.31,7.06,3.33
2014-11-20,33.72,33.00,34.19,32.80,10721,35550000,-1.36,-3.96,4.05,3.26
2014-11-21,33.10,33.26,34.79,32.70,8112,27050000,0.26,0.79,6.33,2.47
2014-11-24,33.54,33.50,33.79,32.72,9995,33400000,0.24,0.72,3.22,3.04
2014-11-25,33.63,34.37,34.54,33.10,9009,30660000,0.87,2.60,4.30,2.74
2014-11-26,34.58,34.65,34.73,33.97,6915,23830000,0.28,0.81,2.21,2.11
2014-11-27,34.69,38.12,38.12,34.38,32068,120060000,3.47,10.01,10.79,9.76
2014-11-28,39.39,38.99,40.38,38.13,35507,140250000,0.87,2.28,5.90,10.81
2014-12-01,39.22,37.51,39.50,36.61,17521,65620000,-1.48,-3.80,7.41,5.34
2014-12-02,36.75,37.15,37.70,36.70,7915,29460000,-0.36,-0.96,2.67,2.41
2014-12-03,36.93,36.36,37.18,35.69,14904,53900000,-0.79,-2.13,4.01,4.54
2014-12-04,36.40,36.26,36.99,35.50,14295,51970000,-0.10,-0.28,4.10,4.35
2014-12-05,36.30,34.55,36.38,33.77,10611,37180000,-1.71,-4.72,7.20,3.23
2014-12-08,34.55,34.10,35.16,33.83,9241,31620000,-0.45,-1.30,3.85,2.81
2014-12-09,34.39,31.53,34.39,31.00,14866,48630000,-2.57,-7.54,9.94,4.53
2014-12-10,31.83,32.75,33.51,31.01,18933,60770000,1.22,3.87,7.93,5.77
2014-12-11,32.70,32.99,33.35,32.30,11140,36570000,0.24,0.73,3.21,3.39
2014-12-12,32.80,33.27,33.35,32.68,6823,22600000,0.28,0.85,2.03,2.08
2014-12-15,33.40,34.60,34.70,32.31,10410,35220000,1.33,4.00,7.18,3.17
2014-12-16,34.49,36.75,36.88,33.80,14225,49790000,2.15,6.21,8.90,4.33
2014-12-17,36.85,35.05,36.85,35.00,17699,63380000,-1.70,-4.63,5.03,5.39
2014-12-18,34.02,32.50,35.17,32.50,11285,38230000,-2.55,-7.28,7.62,3.44
2014-12-19,32.76,33.05,33.98,32.61,10008,33300000,0.55,1.69,4.22,3.05
2014-12-22,33.22,30.10,33.60,29.75,12616,38830000,-2.95,-8.93,11.65,3.84
2014-12-23,30.00,30.00,31.48,29.51,5466,16520000,-0.10,-0.33,6.54,1.66
2014-12-24,30.40,30.96,31.00,30.15,3255,9990000,0.96,3.20,2.83,0.99
2014-12-25,31.06,31.19,31.60,30.67,3629,11340000,0.23,0.74,3.00,1.11
2014-12-26,31.29,30.66,31.49,30.60,3685,11370000,-0.53,-1.70,2.85,1.12
2014-12-29,30.01,29.16,30.30,29.00,7333,21470000,-1.50,-4.89,4.24,2.23
2014-12-30,29.15,28.55,29.26,28.31,6084,17540000,-0.61,-2.09,3.26,1.81
2014-12-31,28.55,29.16,29.44,28.05,4243,12230000,0.61,2.14,4.87,1.26
2015-01-05,29.07,29.45,29.55,27.72,8505,24080000,0.29,0.99,6.28,2.53
2015-01-06,28.97,32.11,32.13,28.89,16311,49850000,2.66,9.03,11.00,4.85
2015-01-07,32.15,33.03,33.65,30.55,27759,89130000,0.92,2.87,9.65,8.25
2015-01-08,32.15,31.38,32.59,31.31,12148,38970000,-1.65,-5.00,3.88,3.61
2015-01-09,31.39,30.81,31.65,30.81,6303,19670000,-0.57,-1.82,2.68,1.87
2015-01-12,30.10,30.62,30.74,29.76,7546,22810000,-0.19,-0.62,3.18,2.24
2015-01-13,30.60,31.77,32.21,30.51,9299,29270000,1.15,3.76,5.55,0.73
2015-01-14,31.60,32.30,32.40,31.13,7664,24450000,0.53,1.67,4.00,0.60
2015-01-15,32.24,33.20,33.62,32.00,12473,41200000,0.90,2.79,5.02,0.98
2015-01-16,33.00,33.39,33.55,32.60,7488,24960000,0.19,0.57,2.86,0.59
2015-01-19,32.51,32.21,33.60,31.50,5852,19140000,-1.18,-3.53,6.29,0.46
2015-01-20,32.22,33.23,33.59,32.21,6249,20560000,1.02,3.17,4.28,0.49
2015-01-21,33.23,33.30,33.60,32.85,7081,23550000,0.07,0.21,2.26,0.56
2015-01-22,33.24,34.12,34.42,33.02,8779,29670000,0.82,2.46,4.20,0.69
2015-01-23,33.96,35.68,35.68,33.10,19989,68560000,1.56,4.57,7.56,1.57
2015-01-26,35.40,35.00,35.70,34.18,18441,64110000,-0.68,-1.91,4.26,1.45
2015-01-27,34.63,34.60,34.99,33.64,12842,44100000,-0.40,-1.14,3.86,1.01
2015-01-28,34.59,34.81,35.80,34.21,10376,36420000,0.21,0.61,4.60,0.82
2015-01-29,34.50,33.11,34.79,33.08,19275,64720000,-1.70,-4.88,4.91,1.51
2015-01-30,33.13,31.20,33.44,31.19,14477,46270000,-1.91,-5.77,6.80,1.14
2015-02-02,31.25,30.25,31.25,30.00,12616,38420000,-0.95,-3.04,4.01,0.99
2015-02-03,30.38,31.63,31.73,30.17,24679,75490000,1.38,4.56,5.16,1.94
2015-02-04,31.19,30.62,31.60,30.42,21887,67320000,-1.01,-3.19,3.73,1.72
2015-02-05,30.70,31.81,32.36,30.28,49778,155340000,1.19,3.89,6.79,3.91
2015-02-06,31.71,31.00,31.99,30.55,34043,106250000,-0.81,-2.55,4.53,2.68
2015-02-09,30.80,30.70,31.17,30.00,15940,49070000,-0.30,-0.97,3.77,1.25
2015-02-10,30.31,30.85,30.90,29.90,13247,40050000,0.15,0.49,3.26,1.04
2015-02-11,30.85,31.27,31.49,30.62,6946,21630000,0.42,1.36,2.82,0.55
2015-02-12,31.30,31.49,32.15,31.30,9776,31140000,0.22,0.70,2.72,0.77
2015-02-13,31.85,31.68,32.10,31.51,14352,45560000,0.19,0.60,1.87,1.13
2015-02-16,31.99,32.40,32.45,31.00,13296,42700000,0.72,2.27,4.58,1.05
2015-02-17,32.49,34.31,34.65,32.49,26249,88720000,1.91,5.90,6.67,2.06
2015-02-25,34.34,32.83,34.50,32.81,25897,86860000,-1.48,-4.31,4.93,2.04
2015-02-26,32.81,32.65,33.99,32.50,36738,121130000,-0.18,-0.55,4.54,2.89
2015-02-27,32.68,33.13,33.80,32.42,35232,116460000,0.48,1.47,4.23,2.77
2015-03-02,33.20,35.70,36.39,32.94,74492,251440000,2.57,7.76,10.41,5.85
2015-03-03,35.00,37.00,38.05,34.70,68284,250980000,1.30,3.64,9.38,5.37
2015-03-04,36.80,37.09,38.23,36.12,28052,105370000,0.09,0.24,5.70,2.20
2015-03-05,36.60,36.05,37.99,35.32,55677,201820000,-1.04,-2.80,7.20,4.38
2015-03-06,36.00,35.70,36.56,35.13,51507,182920000,-0.35,-0.97,3.97,4.05
2015-03-09,35.49,36.15,36.15,35.00,44863,159440000,0.45,1.26,3.22,3.53
2015-03-10,36.46,37.44,37.65,35.79,50217,183240000,1.29,3.57,5.15,3.95
2015-03-11,37.41,35.63,37.44,35.55,38350,138730000,-1.81,-4.83,5.05,3.01
2015-03-12,35.60,34.45,35.78,33.69,23929,82720000,-1.18,-3.31,5.87,1.88
2015-03-13,34.49,35.74,36.43,34.47,23155,81820000,1.29,3.74,5.69,1.82
2015-03-16,36.00,36.91,37.30,35.78,28076,102380000,1.17,3.27,4.25,2.21
2015-03-17,36.85,36.87,37.20,36.20,31981,116910000,-0.04,-0.11,2.71,2.51
2015-03-18,36.90,38.70,39.60,36.57,41259,158950000,1.83,4.96,8.22,3.24
2015-03-19,39.09,38.29,39.14,37.71,23875,91330000,-0.41,-1.06,3.70,1.88
2015-03-20,38.10,38.27,38.98,37.80,24937,95300000,-0.02,-0.05,3.08,1.96
2015-03-23,38.52,39.05,39.05,37.49,32701,125620000,0.78,2.04,4.08,2.57
2015-03-24,39.15,38.49,40.15,37.01,38627,148800000,-0.56,-1.43,8.04,3.04
2015-03-25,38.20,38.86,39.32,37.46,37023,142190000,0.37,0.96,4.83,2.91
2015-03-26,38.31,37.28,39.40,37.20,40600,153840000,-1.58,-4.07,5.66,3.19
2015-03-27,37.11,37.81,38.13,37.11,23007,86830000,0.53,1.42,2.74,1.81
2015-03-30,37.70,38.57,39.22,37.51,35220,135980000,0.76,2.01,4.52,2.77
2015-03-31,38.89,39.10,39.50,38.00,34488,134440000,0.53,1.37,3.89,2.71
2015-04-01,38.75,39.96,39.97,37.02,57455,224110000,0.86,2.20,7.54,4.52
2015-04-02,39.99,40.95,41.39,39.99,39800,162370000,0.99,2.48,3.50,3.13
2015-04-03,40.50,42.12,42.58,40.03,39801,164760000,1.17,2.86,6.23,3.13
2015-04-07,42.10,42.30,42.68,41.58,40618,171120000,0.18,0.43,2.61,3.19
2015-04-08,42.16,40.56,42.35,39.51,36873,150270000,-1.74,-4.11,6.71,2.90
2015-04-09,40.45,38.86,40.56,37.21,44677,172310000,-1.70,-4.19,8.26,3.51
2015-04-10,38.42,39.56,39.87,38.00,27323,106970000,0.70,1.80,4.81,2.15
2015-04-13,39.56,39.11,39.57,38.10,40772,158470000,-0.45,-1.14,3.72,3.20
2015-04-14,39.12,38.73,40.19,38.36,32482,127640000,-0.38,-0.97,4.68,2.55
2015-04-15,38.70,36.40,38.70,36.11,36997,137520000,-2.33,-6.02,6.69,2.91
2015-04-16,35.94,36.50,37.23,35.70,26058,95140000,0.10,0.27,4.20,2.05
2015-04-17,36.61,36.70,37.44,36.55,19289,71300000,0.20,0.55,2.44,1.52
2015-04-20,36.75,38.08,38.19,36.55,51484,192490000,1.38,3.76,4.47,4.05
2015-04-21,37.45,39.20,39.55,37.35,38655,149590000,1.12,2.94,5.78,3.04
2015-04-22,39.35,39.42,39.50,38.90,35900,140970000,0.22,0.56,1.53,2.82
2015-04-23,39.55,39.88,40.79,39.06,32595,130010000,0.46,1.17,4.39,2.56
2015-04-24,39.25,43.87,43.87,38.73,50806,208450000,3.99,10.01,12.89,3.99
2015-04-27,44.50,47.25,48.26,44.50,83465,394050000,3.38,7.70,8.57,6.56
2015-04-28,47.28,45.60,47.28,44.63,40283,184700000,-1.65,-3.49,5.61,3.17
2015-06-08,50.16,50.16,50.16,50.16,183,920000,4.56,10.00,0.00,0.01
2015-06-09,55.18,55.18,55.18,53.00,21560,118780000,5.02,10.01,4.35,1.69
2015-06-10,60.70,60.70,60.70,60.70,10253,62240000,5.52,10.00,0.00,0.81
2015-06-11,62.00,66.77,66.77,60.70,87700,576680000,6.07,10.00,10.00,6.89
2015-06-12,34.99,36.67,36.67,34.22,66144,236220000,3.33,9.99,7.35,2.60
2015-06-15,38.87,35.50,39.95,34.83,135495,502370000,-1.17,-3.19,13.96,5.32
2015-06-16,34.10,36.61,37.00,33.51,103543,373040000,1.11,3.13,9.83,4.07
2015-06-17,36.00,36.77,37.50,33.50,58807,208670000,0.16,0.44,10.93,2.31
2015-06-18,36.77,34.50,36.77,34.00,46652,164550000,-2.27,-6.17,7.53,1.83
2015-06-19,33.00,34.30,36.10,31.28,62295,216920000,-0.20,-0.58,13.97,2.45
2015-06-23,34.11,34.90,35.48,30.87,37481,127910000,0.60,1.75,13.44,1.47
2015-06-24,36.00,36.47,37.80,34.44,48271,174950000,1.57,4.50,9.63,1.90
2015-06-25,37.05,40.12,40.12,37.05,102223,402620000,3.65,10.01,8.42,4.02
2015-06-26,38.00,36.11,39.50,36.11,63623,239150000,-4.01,-10.00,8.45,2.50
2015-06-29,37.73,32.51,37.88,32.50,92872,322300000,-3.60,-9.97,14.90,3.65
2015-06-30,32.95,35.70,35.76,29.26,90350,296230000,3.19,9.81,19.99,3.55
2015-07-01,35.84,37.10,39.27,34.60,89855,339720000,1.40,3.92,13.08,3.53
2015-07-02,35.20,33.39,37.50,33.39,65439,225440000,-3.71,-10.00,11.08,2.57
2015-07-03,30.50,30.05,32.05,30.05,66556,202150000,-3.34,-10.00,5.99,2.62
2015-07-14,33.06,33.06,33.06,31.58,71159,235180000,3.01,10.02,4.93,2.80
2015-07-15,33.00,29.75,33.00,29.75,55629,171580000,-3.31,-10.01,9.83,2.19
2015-07-16,26.78,27.41,29.50,26.78,167064,450560000,-2.34,-7.87,9.14,6.57
2015-07-17,27.39,29.70,30.15,26.22,139126,390010000,2.29,8.35,14.34,5.47
2015-07-20,29.00,28.70,30.16,28.18,93260,270240000,-1.00,-3.37,6.67,3.66
2015-07-21,28.40,28.86,29.65,27.35,54629,158090000,0.16,0.56,8.01,2.15
2015-07-22,29.50,31.10,31.70,28.90,77544,236270000,2.24,7.76,9.70,3.05
2015-07-23,31.00,33.85,34.14,30.38,82020,272380000,2.75,8.84,12.09,3.22
2015-07-24,33.85,34.30,35.90,32.01,94175,322780000,0.45,1.33,11.49,3.70
2015-07-27,33.48,30.87,35.34,30.87,71634,234800000,-3.43,-10.00,13.03,2.82
2015-07-28,27.85,27.78,30.98,27.78,70234,200440000,-3.09,-10.01,10.37,2.76
2015-07-29,28.05,28.95,29.33,25.80,57137,156940000,1.17,4.21,12.71,2.25
2015-07-30,28.38,27.20,29.18,27.09,39260,111990000,-1.75,-6.04,7.22,1.54
2015-07-31,26.25,28.00,28.80,26.21,34864,96630000,0.80,2.94,9.52,1.37
2015-08-03,27.90,25.21,27.90,25.20,43865,112180000,-2.79,-9.96,9.64,1.72
2015-08-04,24.95,27.73,27.73,23.58,81662,214080000,2.52,10.00,16.46,3.21
2015-08-05,28.00,28.90,30.50,27.51,60033,177480000,1.17,4.22,10.78,2.36
2015-08-06,28.02,29.48,31.06,28.00,35707,107000000,0.58,2.01,10.59,1.40
2015-08-07,30.48,30.50,30.80,29.00,42188,126410000,1.02,3.46,6.11,1.66
2015-08-10,31.80,33.55,33.55,31.80,38276,127070000,3.05,10.00,5.74,1.50
2015-08-11,34.20,34.05,36.60,33.00,69665,242390000,0.50,1.49,10.73,2.74
2015-08-12,34.79,34.60,36.20,33.60,69400,242100000,0.55,1.62,7.64,2.73
2015-08-13,34.50,34.89,35.69,32.20,71549,243940000,0.29,0.84,10.09,2.81
2015-08-14,34.91,33.86,35.59,33.65,45503,155890000,-1.03,-2.95,5.56,1.79
2015-08-17,33.86,34.50,34.50,32.19,50737,168980000,0.64,1.89,6.82,1.99
2015-08-18,35.36,32.41,35.88,31.05,58666,197260000,-2.09,-6.06,14.00,2.31
2015-08-19,30.51,32.65,33.49,29.70,36263,115690000,0.24,0.74,11.69,1.43
2015-08-20,32.00,32.81,33.62,31.70,41599,136790000,0.16,0.49,5.88,1.63
2015-08-21,32.50,31.00,32.96,30.27,48751,153280000,-1.81,-5.52,8.20,1.92
2015-08-24,28.60,27.90,30.48,27.90,53538,149750000,-3.10,-10.00,8.32,2.10
2015-08-25,25.13,25.11,27.50,25.11,64966,166430000,-2.79,-10.00,8.57,2.55
2015-08-26,25.20,25.50,27.38,24.64,36257,94450000,0.39,1.55,10.91,1.42
2015-08-27,26.50,27.43,27.50,25.81,30541,81840000,1.93,7.57,6.63,1.20
2015-08-28,30.16,29.64,30.16,28.11,28988,84090000,2.21,8.06,7.47,1.14
2015-08-31,29.30,28.20,29.31,27.11,34314,96490000,-1.44,-4.86,7.42,1.35
2015-09-01,27.30,25.38,27.59,25.38,35550,93770000,-2.82,-10.00,7.84,1.40
2015-09-02,24.60,24.95,26.80,23.58,19460,49140000,-0.43,-1.69,12.69,0.76
2015-09-07,25.08,25.65,26.97,25.05,12761,33060000,0.70,2.81,7.70,0.50
2015-09-08,26.20,28.16,28.22,25.18,22882,61970000,2.51,9.79,11.85,0.90
2015-09-09,28.49,30.49,30.98,28.20,31318,92320000,2.33,8.27,9.87,1.23
2015-09-10,29.70,29.16,30.30,29.00,14413,42850000,-1.33,-4.36,4.26,0.57
2015-09-11,29.16,29.43,29.93,29.00,8661,25510000,0.27,0.93,3.19,0.34
2015-09-14,30.00,26.49,30.00,26.49,12241,33630000,-2.94,-9.99,11.93,0.48
2015-09-15,26.20,26.80,27.10,25.50,13021,34600000,0.31,1.17,6.04,0.51
2015-09-16,27.07,29.48,29.48,26.60,25063,69690000,2.68,10.00,10.75,0.98
2015-09-17,29.48,28.16,30.45,27.88,27122,80020000,-1.32,-4.48,8.72,1.07
2015-09-18,28.17,28.87,29.10,28.01,14117,40550000,0.71,2.52,3.87,0.55
2015-09-21,28.89,30.00,30.30,28.55,18023,53600000,1.13,3.91,6.06,0.71
2015-09-22,30.00,29.60,30.18,29.45,13916,41370000,-0.40,-1.33,2.43,0.55
2015-09-23,29.55,29.16,30.23,29.13,20636,61140000,-0.44,-1.49,3.72,0.81
2015-09-24,29.23,29.34,30.50,28.72,21156,62580000,0.18,0.62,6.10,0.83
2015-09-25,29.38,29.90,30.33,29.10,19918,59300000,0.56,1.91,4.19,0.78
2015-09-28,29.31,31.27,32.58,29.23,25217,76940000,1.37,4.58,11.20,0.99
2015-09-29,30.91,30.80,31.47,30.18,13386,41230000,-0.47,-1.50,4.13,0.53
2015-09-30,30.99,31.00,31.34,30.07,10955,33610000,0.20,0.65,4.12,0.43
2015-10-08,32.00,32.35,33.62,31.66,19034,62330000,1.35,4.35,6.32,0.75
2015-10-09,32.32,33.70,34.35,32.10,18555,60920000,1.35,4.17,6.96,0.73
2015-10-12,33.69,34.93,36.20,33.50,34134,119540000,1.23,3.65,8.01,1.34
2015-10-13,34.80,36.40,36.70,34.29,34022,121840000,1.47,4.21,6.90,1.34
2015-10-14,36.35,35.20,36.36,34.41,30522,107880000,-1.20,-3.30,5.36,1.20
2015-10-15,35.01,35.65,36.12,34.40,24040,85100000,0.45,1.28,4.89,0.94
2015-10-16,35.65,36.10,36.80,35.30,23280,83420000,0.45,1.26,4.21,0.91
2015-10-19,36.32,34.94,36.40,34.41,27210,95820000,-1.16,-3.21,5.51,1.07
2015-10-20,35.39,36.28,36.71,34.41,34466,123620000,1.34,3.84,6.58,1.35
2015-10-21,36.01,32.65,36.20,32.65,42015,144160000,-3.63,-10.01,9.79,1.65
2015-10-22,32.30,33.10,33.45,31.35,34024,110710000,0.45,1.38,6.43,1.34
2015-10-23,33.12,33.83,33.98,32.11,28816,94930000,0.73,2.21,5.65,1.13
2015-10-26,34.10,32.55,34.20,32.00,40313,131930000,-1.28,-3.78,6.50,1.58
2015-10-27,32.59,33.22,33.58,31.05,32498,105490000,0.67,2.06,7.77,1.28
2015-10-28,32.50,32.50,33.85,32.31,29716,98420000,-0.72,-2.17,4.64,1.17
2015-10-29,33.28,33.03,33.50,32.16,26013,85870000,0.53,1.63,4.12,1.02
2015-10-30,32.57,33.74,34.00,32.10,24661,82360000,0.71,2.15,5.75,0.97
2015-11-02,32.61,34.68,35.50,32.60,43399,150280000,0.94,2.79,8.60,1.71
2015-11-03,35.55,34.97,35.94,34.60,33689,118770000,0.29,0.84,3.86,1.32
2015-11-04,35.00,37.82,38.10,35.00,40378,147890000,2.85,8.15,8.86,1.59
2015-11-05,37.92,36.98,38.60,36.80,40705,152690000,-0.84,-2.22,4.76,1.60
2015-11-06,36.70,40.50,40.68,36.70,54826,216520000,3.52,9.52,10.76,2.15
2015-11-09,40.88,42.93,43.95,40.00,57940,243310000,2.43,6.00,9.75,2.28
2015-11-10,42.00,41.75,42.99,40.90,33253,138890000,-1.18,-2.75,4.87,1.31
2015-11-11,41.28,42.81,43.50,40.47,45907,194810000,1.06,2.54,7.26,1.80
2015-11-12,42.88,41.76,42.90,40.88,41625,173060000,-1.05,-2.45,4.72,1.64
2015-11-13,40.97,39.41,40.98,39.40,29601,118590000,-2.35,-5.63,3.78,1.16
2015-11-16,38.31,39.64,40.20,37.21,32914,128310000,0.23,0.58,7.59,1.29
2015-11-17,39.60,38.40,40.80,37.72,52202,202880000,-1.24,-3.13,7.77,2.05
2015-11-18,38.50,37.17,38.72,37.13,31873,120560000,-1.23,-3.20,4.14,1.25
2015-11-19,37.45,39.71,39.90,37.27,38049,147000000,2.54,6.83,7.08,1.50
2015-11-20,39.71,40.17,40.63,39.02,29654,118850000,0.46,1.16,4.05,1.17
2015-11-23,40.00,38.80,40.00,37.58,44137,170060000,-1.37,-3.41,6.02,1.73
2015-11-24,37.95,38.45,38.85,37.50,31067,118570000,-0.35,-0.90,3.48,1.22
2015-11-25,38.10,39.15,39.38,38.10,34949,135660000,0.70,1.82,3.33,1.37
2015-11-26,39.09,39.79,39.88,38.36,38191,148980000,0.64,1.63,3.88,1.50
2015-11-27,39.80,35.81,39.80,35.81,40348,151380000,-3.98,-10.00,10.03,1.59
2015-11-30,35.83,36.17,36.77,33.80,35979,128790000,0.36,1.01,8.29,1.41
2015-12-01,35.62,36.58,37.52,35.62,26283,96540000,0.41,1.13,5.25,1.03
2015-12-02,36.45,36.30,37.61,33.81,16028,58070000,-0.28,-0.77,10.39,0.63
2015-12-03,36.72,38.30,38.86,36.72,26142,99380000,2.00,5.51,5.90,1.03
2015-12-04,37.51,37.84,38.78,36.99,18458,69920000,-0.46,-1.20,4.67,0.73
2015-12-07,37.06,37.82,38.00,36.30,30470,112960000,-0.02,-0.05,4.49,1.20
2015-12-08,38.01,38.56,39.50,36.84,33953,130000000,0.74,1.96,7.03,1.33
2015-12-09,38.01,37.67,38.87,37.20,19151,72060000,-0.89,-2.31,4.33,0.75
2015-12-10,37.67,37.70,39.34,37.13,18335,70300000,0.03,0.08,5.87,0.72
2015-12-11,37.31,38.69,39.00,37.31,21075,80350000,0.99,2.63,4.48,0.83
2015-12-14,38.33,39.45,39.87,38.30,25328,99140000,0.76,1.96,4.06,1.00
2015-12-15,39.35,39.25,40.47,39.10,24345,96770000,-0.20,-0.51,3.47,0.96
2015-12-16,39.25,39.95,40.25,39.09,16934,67370000,0.70,1.78,2.96,0.67
2015-12-17,40.60,40.05,40.86,39.75,28748,115260000,0.10,0.25,2.78,1.13
2015-12-18,39.98,39.59,39.98,38.83,20713,81540000,-0.46,-1.15,2.87,0.81
2015-12-21,39.56,39.59,40.35,39.06,16543,65500000,0.00,0.00,3.26,0.65
2015-12-22,39.00,38.82,39.66,38.65,24743,96390000,-0.77,-1.94,2.55,0.97
2015-12-23,38.83,38.30,39.40,37.79,23658,90890000,-0.52,-1.34,4.15,0.93
2015-12-24,38.50,38.00,39.00,37.88,16260,62470000,-0.30,-0.78,2.92,0.64
2015-12-25,38.00,39.20,39.37,37.91,24152,94060000,1.20,3.16,3.84,0.95
2015-12-28,39.52,43.00,43.12,39.51,82019,347970000,3.80,9.69,9.21,3.22
2015-12-29,42.63,43.80,44.50,42.00,43806,190660000,0.80,1.86,5.81,1.72
2015-12-30,43.50,46.49,46.57,43.35,60470,273990000,2.69,6.14,7.35,2.38
2015-12-31,46.39,45.50,46.43,43.50,50869,229370000,-0.99,-2.13,6.30,2.00
2016-01-04,44.79,40.95,44.79,40.95,35958,151570000,-4.55,-10.00,8.44,1.41
2016-01-05,36.87,39.70,41.66,36.86,84536,331580000,-1.25,-3.05,11.72,3.32
2016-01-06,40.00,39.57,40.30,37.30,33762,131780000,-0.13,-0.33,7.56,1.33
2016-01-07,38.60,35.63,38.60,35.61,9415,34050000,-3.94,-9.96,7.56,0.37
2016-01-08,36.18,35.43,37.00,32.50,31122,109340000,-0.20,-0.56,12.63,1.22
2016-01-11,34.28,31.89,35.35,31.89,43223,141110000,-3.54,-9.99,9.77,1.70
2016-01-12,31.87,31.50,32.88,29.52,31836,100260000,-0.39,-1.22,10.54,1.25
2016-01-13,32.00,29.63,32.10,29.57,21182,65860000,-1.87,-5.94,8.03,0.83
2016-01-14,28.00,31.80,32.59,28.00,24690,76220000,2.17,7.32,15.49,0.97
2016-01-15,31.40,30.05,31.76,30.00,32538,99830000,-1.75,-5.50,5.53,1.28
2016-01-18,29.20,31.71,32.96,28.88,21296,66780000,1.66,5.52,13.58,0.84
2016-01-19,31.70,33.50,34.49,31.30,24853,81690000,1.79,5.64,10.06,0.98
2016-01-20,33.00,32.90,34.20,32.01,22717,75360000,-0.60,-1.79,6.54,0.89
2016-01-21,32.10,31.02,33.20,30.96,28417,91460000,-1.88,-5.71,6.81,1.12
2016-01-22,31.27,30.90,31.70,29.50,31255,95440000,-0.12,-0.39,7.09,1.23
2016-01-25,31.20,30.89,31.45,30.59,16654,51510000,-0.01,-0.03,2.78,0.65
2016-01-26,30.50,27.90,32.00,27.80,29396,87360000,-2.99,-9.68,13.60,1.16
2016-01-27,27.90,27.94,28.44,26.51,21160,57930000,0.04,0.14,6.92,0.83
2016-01-28,27.88,28.10,29.56,27.57,25687,73820000,0.16,0.57,7.12,1.01
2016-01-29,28.37,28.90,30.16,28.00,20574,60150000,0.80,2.85,7.69,0.81
2016-02-01,28.77,28.40,28.90,28.01,15410,43770000,-0.50,-1.73,3.08,0.61
2016-02-02,28.27,30.02,30.26,28.27,17132,51060000,1.62,5.70,7.01,0.67
2016-02-03,29.60,30.51,30.61,29.28,14754,43970000,0.49,1.63,4.43,0.58
2016-02-04,30.30,31.63,31.69,30.10,21342,66700000,1.12,3.67,5.21,0.84
2016-02-05,31.50,31.48,32.68,30.61,15522,49420000,-0.15,-0.47,6.54,0.61
2016-02-15,30.00,33.99,34.60,29.50,22245,72560000,2.51,7.97,16.20,0.87
2016-02-16,34.60,35.34,35.58,33.88,27427,95730000,1.35,3.97,5.00,1.08
2016-02-17,35.45,35.22,36.30,34.41,19696,69610000,-0.12,-0.34,5.35,0.77
2016-02-18,35.45,34.10,35.87,34.05,23704,82700000,-1.12,-3.18,5.17,0.93
2016-02-19,34.20,33.94,34.49,33.00,23754,79600000,-0.16,-0.47,4.37,0.93
2016-02-22,34.25,35.09,35.27,33.66,23819,82130000,1.15,3.39,4.74,0.94
2016-02-23,34.95,34.60,35.06,34.13,14887,51390000,-0.49,-1.40,2.65,0.59
2016-02-24,34.21,33.48,34.72,32.20,25466,84300000,-1.12,-3.24,7.28,1.00
2016-02-25,33.03,30.13,33.31,30.13,24515,76490000,-3.35,-10.01,9.50,0.96
2016-02-26,30.37,30.70,31.40,29.58,17888,54380000,0.57,1.89,6.04,0.70
2016-02-29,30.70,27.65,30.70,27.63,24942,70470000,-3.05,-9.93,10.00,0.98
2016-03-01,27.66,29.74,29.99,25.60,38647,107410000,2.09,7.56,15.88,1.52
2016-03-02,29.18,30.30,30.50,29.18,34155,102410000,0.56,1.88,4.44,1.34
2016-03-03,30.18,29.40,30.48,29.37,26050,77950000,-0.90,-2.97,3.66,1.02
2016-03-04,29.01,27.32,29.30,27.00,38807,108520000,-2.08,-7.07,7.82,1.53
2016-03-07,27.40,27.57,28.38,27.30,17225,47900000,0.25,0.92,3.95,0.68
2016-03-08,27.50,29.00,29.43,26.00,38947,110050000,1.43,5.19,12.44,1.53
2016-03-09,28.39,28.80,29.45,28.03,19325,55610000,-0.20,-0.69,4.90,0.76
2016-03-10,28.70,28.17,29.20,28.10,9939,28480000,-0.63,-2.19,3.82,0.39
2016-03-11,28.17,27.85,28.39,27.70,14675,41010000,-0.32,-1.14,2.45,0.58
2016-03-14,28.31,29.50,29.60,28.20,27897,81290000,1.65,5.92,5.03,1.10
2016-03-15,29.30,29.81,30.31,29.30,20777,62340000,0.31,1.05,3.42,0.82
2016-03-16,30.45,28.68,30.59,28.11,26873,77540000,-1.13,-3.79,8.32,1.06
2016-03-17,28.14,29.56,29.96,28.14,22486,65850000,0.88,3.07,6.35,0.88
2016-03-18,29.90,32.52,32.52,29.50,79198,254290000,2.96,10.01,10.22,3.11
2016-03-21,32.70,33.47,34.60,32.50,59239,197520000,0.95,2.92,6.46,2.33
2016-03-22,33.01,33.84,34.11,32.72,35067,118000000,0.37,1.11,4.15,1.38
2016-03-23,33.40,33.49,33.83,32.68,16916,56210000,-0.35,-1.03,3.40,0.66
2016-03-24,33.00,32.93,33.59,32.62,16234,53830000,-0.56,-1.67,2.90,0.64
2016-03-25,32.78,33.01,33.40,32.28,23448,77410000,0.08,0.24,3.40,0.92
2016-03-28,33.01,32.00,33.29,31.50,45941,149340000,-1.01,-3.06,5.42,1.81
2016-03-29,31.99,31.10,31.99,30.71,24742,76940000,-0.90,-2.81,4.00,0.97
2016-05-16,31.00,33.60,34.21,29.60,80105,263620000,2.50,8.04,14.82,3.14
2016-05-17,34.23,34.11,35.20,33.63,66967,229900000,0.51,1.52,4.67,2.62
2016-05-18,33.50,31.30,33.50,30.73,38573,123250000,-2.81,-8.24,8.12,1.51
2016-05-19,30.50,30.98,31.99,30.40,23119,72380000,-0.32,-1.02,5.08,0.91
2016-05-20,31.30,33.10,33.25,29.60,46461,146800000,2.12,6.84,11.78,1.82
2016-05-23,32.84,33.47,33.59,32.03,58434,191290000,0.37,1.12,4.71,2.29
2016-05-24,33.01,33.10,33.50,32.50,35815,118170000,-0.37,-1.11,2.99,1.40
2016-05-25,33.35,32.09,33.47,32.08,26185,85820000,-1.01,-3.05,4.20,1.03
2016-05-26,31.69,31.72,31.98,30.80,22843,71620000,-0.37,-1.15,3.68,0.89
2016-05-27,31.72,31.46,32.28,31.40,13964,44410000,-0.26,-0.82,2.77,0.55
2016-05-30,31.16,30.80,31.20,30.00,14143,43370000,-0.66,-2.10,3.81,0.55
2016-05-31,30.70,32.10,32.44,30.70,23338,74080000,1.30,4.22,5.65,0.91
2016-06-01,32.23,33.36,33.68,32.10,35691,118810000,1.26,3.93,4.92,1.40
2016-06-02,33.25,34.72,34.99,32.92,57713,196540000,1.36,4.08,6.21,2.26
2016-06-03,37.48,36.05,38.19,35.07,82078,299500000,1.33,3.83,8.99,3.21
2016-06-06,35.77,35.00,37.62,34.85,69578,250370000,-1.05,-2.91,7.68,2.72
2016-06-07,34.81,36.11,36.11,33.67,68890,238520000,1.11,3.17,6.97,2.70
2016-06-08,35.79,35.46,37.10,35.40,48366,175030000,-0.65,-1.80,4.71,1.89
2016-06-13,34.14,33.00,35.36,33.00,43103,148170000,-2.46,-6.94,6.66,1.69
2016-06-14,33.16,34.25,34.80,33.16,45170,153840000,1.25,3.79,4.97,1.77
2016-06-15,33.59,36.60,36.66,33.58,41824,149690000,2.35,6.86,8.99,1.64
2016-06-16,36.75,37.44,37.77,36.02,46856,172890000,0.84,2.30,4.78,1.84
2016-06-17,37.14,38.82,41.07,37.09,70532,279970000,1.48,3.96,10.66,2.76
2016-06-20,41.51,42.70,42.70,41.51,114361,487860000,3.88,9.99,3.07,4.48
2016-06-21,42.50,40.00,42.80,39.50,73345,303180000,-2.70,-6.32,7.73,2.87
2016-06-22,40.44,40.85,41.40,39.24,45618,183910000,0.85,2.13,5.40,1.79
2016-06-23,41.50,38.70,41.50,38.50,39819,158610000,-2.15,-5.26,7.34,1.56
2016-06-24,38.65,39.21,40.00,37.10,44566,173980000,0.51,1.32,7.49,1.75
2016-06-27,39.30,40.30,40.96,39.25,37912,151710000,1.09,2.78,4.36,1.48
2016-06-28,40.68,39.66,40.68,38.65,44209,174870000,-0.64,-1.59,5.04,1.73
2016-06-29,39.12,39.60,39.65,38.50,44393,173090000,-0.06,-0.15,2.90,1.74
2016-06-30,39.59,39.89,39.99,38.52,36825,144410000,0.29,0.73,3.71,1.44
2016-07-01,39.70,39.11,39.85,38.81,33377,131400000,-0.78,-1.96,2.61,1.31
2016-07-04,38.74,39.14,39.47,38.19,34584,134320000,0.03,0.08,3.27,1.35
2016-07-05,39.20,40.00,40.49,38.76,55208,218840000,0.86,2.20,4.42,2.16
2016-07-06,39.97,38.66,40.00,38.30,75753,295580000,-1.34,-3.35,4.25,2.97
2016-07-07,38.71,38.43,39.18,36.88,65464,247520000,-0.23,-0.59,5.95,2.56
2016-07-08,37.90,38.11,38.77,37.89,28056,107320000,-0.32,-0.83,2.29,1.10
2016-07-11,38.11,37.84,38.42,37.30,24987,94670000,-0.27,-0.71,2.94,0.98
2016-07-12,37.86,38.14,38.38,37.36,21367,81010000,0.30,0.79,2.70,0.84
2016-07-13,38.48,38.35,38.48,38.09,18156,69530000,0.21,0.55,1.02,0.71
2016-07-14,38.35,39.08,39.15,38.30,20253,78500000,0.73,1.90,2.22,0.79
2016-07-15,39.00,37.91,39.28,37.66,23016,88250000,-1.17,-2.99,4.15,0.90
2016-07-18,37.51,37.01,38.37,36.50,31663,117520000,-0.90,-2.37,4.93,1.24
2016-07-19,37.02,37.18,37.30,36.67,12293,45460000,0.17,0.46,1.70,0.48
2016-07-20,37.23,36.83,37.54,36.81,15659,57990000,-0.35,-0.94,1.96,0.61
2016-07-21,37.05,36.50,37.31,36.35,17206,63140000,-0.33,-0.90,2.61,0.67
2016-07-22,36.35,36.95,37.08,36.35,15178,55730000,0.45,1.23,2.00,0.59
2016-07-25,37.20,37.19,37.26,36.51,13505,50060000,0.24,0.65,2.03,0.53
2016-07-26,36.96,37.90,37.94,36.96,17004,63890000,0.71,1.91,2.64,0.67
2016-07-27,37.80,35.98,38.03,35.24,23734,86620000,-1.92,-5.07,7.36,0.93
2016-07-28,35.85,36.53,36.90,35.74,16448,59530000,0.55,1.53,3.22,0.64
2016-07-29,36.57,36.51,36.77,35.60,11708,42350000,-0.02,-0.05,3.20,0.46
2016-08-01,35.55,35.50,36.62,34.82,11491,40920000,-1.01,-2.77,4.93,0.45
2016-08-02,35.54,35.69,36.12,35.50,12774,45660000,0.19,0.54,1.75,0.50
2016-08-03,35.40,35.66,35.95,35.40,6750,24100000,-0.03,-0.08,1.54,0.26
2016-08-04,35.82,36.41,36.45,35.61,11211,40430000,0.75,2.10,2.36,0.44
2016-08-05,36.30,36.37,36.67,36.16,8856,32210000,-0.04,-0.11,1.40,0.35
2016-08-08,36.10,36.60,36.88,35.72,8501,30840000,0.23,0.63,3.19,0.33
2016-08-09,36.82,38.18,39.00,36.59,30893,117540000,1.58,4.32,6.58,1.21
2016-08-10,37.91,38.00,38.63,37.60,18460,70180000,-0.18,-0.47,2.70,0.72
2016-08-11,37.92,37.76,38.25,37.50,11583,43850000,-0.24,-0.63,1.97,0.45
2016-08-12,37.24,37.53,37.91,37.10,11602,43390000,-0.23,-0.61,2.15,0.45
2016-08-15,37.53,38.13,38.39,37.02,18701,70970000,0.60,1.60,3.65,0.73
2016-08-16,38.30,38.18,38.37,38.06,13069,49980000,0.05,0.13,0.81,0.51
2016-08-17,38.20,39.33,39.41,38.15,33861,132160000,1.15,3.01,3.30,1.33
2016-08-18,39.40,40.05,41.30,39.38,48837,198150000,0.72,1.83,4.88,1.91
2016-08-19,40.05,40.97,41.41,39.38,31416,127920000,0.92,2.30,5.07,1.23
2016-08-22,40.80,39.55,41.20,39.01,21170,84630000,-1.42,-3.47,5.35,0.83
2016-08-23,39.69,39.08,39.85,38.88,9988,39270000,-0.47,-1.19,2.45,0.39
2016-08-24,39.39,39.01,39.88,38.66,10002,39030000,-0.07,-0.18,3.12,0.39
2016-08-25,38.73,38.93,38.99,37.91,11268,43180000,-0.08,-0.21,2.77,0.44
2016-08-26,39.07,38.88,39.20,38.50,7629,29570000,-0.05,-0.13,1.80,0.30
2016-08-29,38.98,39.26,39.45,38.50,8962,34980000,0.38,0.98,2.44,0.35
2016-08-30,39.30,38.65,39.49,38.49,6370,24790000,-0.61,-1.55,2.55,0.25
2016-08-31,38.50,38.08,38.50,37.66,11834,44900000,-0.57,-1.47,2.17,0.46
2016-09-01,38.40,37.10,38.45,37.10,12073,45560000,-0.98,-2.57,3.55,0.47
2016-09-02,37.45,38.20,38.21,37.02,16480,62200000,1.10,2.97,3.21,0.65
2016-09-05,38.97,37.90,39.18,37.62,19401,74140000,-0.30,-0.79,4.08,0.76
2016-09-06,38.10,37.98,38.10,37.10,10128,38130000,0.08,0.21,2.64,0.40
2016-09-07,38.34,38.10,38.34,37.86,11585,44100000,0.12,0.32,1.26,0.45
2016-09-08,38.02,38.00,38.24,37.31,8091,30630000,-0.10,-0.26,2.44,0.32
2016-09-20,38.40,37.81,39.56,37.81,33682,130270000,-0.19,-0.50,4.61,1.32
2016-09-21,36.93,38.69,38.69,36.30,18910,70720000,0.88,2.33,6.32,0.74
2016-09-22,38.88,38.00,38.98,37.88,12112,46330000,-0.69,-1.78,2.84,0.47
2016-09-23,38.08,37.76,38.30,37.68,7631,28960000,-0.24,-0.63,1.63,0.30
2016-09-26,37.60,37.00,37.65,36.89,9582,35490000,-0.76,-2.01,2.01,0.38
2016-09-27,37.19,37.41,37.67,36.81,5390,20010000,0.41,1.11,2.32,0.21
2016-09-28,37.12,36.99,37.30,36.88,6400,23690000,-0.42,-1.12,1.12,0.25
2016-09-29,37.18,36.82,37.48,36.78,6384,23640000,-0.17,-0.46,1.89,0.25
2016-09-30,36.62,36.75,36.88,36.27,6218,22740000,-0.07,-0.19,1.66,0.24
2016-10-10,36.75,37.19,37.56,36.60,13166,49030000,0.44,1.20,2.61,0.52
2016-10-11,37.45,36.96,37.45,36.58,15848,58380000,-0.23,-0.62,2.34,0.62
2016-10-12,36.90,37.20,37.30,36.50,5222,19320000,0.24,0.65,2.16,0.20
2016-10-13,37.22,37.81,37.96,37.17,12312,46370000,0.61,1.64,2.12,0.48
2016-10-14,37.60,38.00,38.18,37.52,9187,34830000,0.19,0.50,1.75,0.36
2016-10-17,38.02,38.05,38.47,37.53,8108,30990000,0.05,0.13,2.47,0.32
2016-10-18,37.71,38.58,38.67,37.71,12539,48250000,0.53,1.39,2.52,0.49
2016-10-19,38.90,38.18,38.90,37.89,7271,27770000,-0.40,-1.04,2.62,0.28
2016-10-20,38.10,38.38,38.49,37.66,9694,37010000,0.20,0.52,2.17,0.38
2016-10-21,38.39,38.00,38.39,37.60,9982,37870000,-0.38,-0.99,2.06,0.39
2016-10-24,37.70,37.87,38.25,37.70,12216,46380000,-0.13,-0.34,1.45,0.48
2016-10-25,38.40,37.88,38.40,37.38,4355,16470000,0.01,0.03,2.69,0.17
2016-10-26,38.08,37.10,38.08,37.00,7777,29150000,-0.78,-2.06,2.85,0.30
2016-10-27,37.20,37.00,37.58,36.91,6964,25970000,-0.10,-0.27,1.81,0.27
2016-10-28,36.65,36.38,37.46,36.30,11973,44000000,-0.62,-1.68,3.14,0.47
2016-10-31,36.01,36.01,36.37,34.00,36986,129600000,-0.37,-1.02,6.51,1.45
2016-11-01,35.80,36.40,36.69,35.25,13712,49490000,0.39,1.08,4.00,0.54
2016-11-02,36.40,36.25,36.68,36.10,7783,28350000,-0.15,-0.41,1.59,0.30
2016-11-03,36.02,36.70,36.91,36.02,10220,37440000,0.45,1.24,2.46,0.40
2016-11-04,36.71,35.89,36.76,35.81,13199,47930000,-0.81,-2.21,2.59,0.52
2016-11-07,36.08,35.78,36.28,35.70,9633,34640000,-0.11,-0.31,1.62,0.38
2016-11-08,35.90,36.36,36.55,35.90,7379,26800000,0.58,1.62,1.82,0.29
2016-11-09,36.49,37.50,38.36,36.36,24416,91690000,1.14,3.14,5.50,0.96
2016-11-10,37.60,37.50,37.95,37.25,17482,65450000,0.00,0.00,1.87,0.68
2016-11-11,37.40,37.16,37.50,36.88,12121,44920000,-0.34,-0.91,1.65,0.47
2016-11-14,37.16,38.00,38.00,37.15,15841,59650000,0.84,2.26,2.29,0.62
2016-11-15,38.01,38.01,38.14,37.53,14344,54160000,0.01,0.03,1.61,0.56
2016-11-16,37.87,38.36,38.62,37.64,17718,67700000,0.35,0.92,2.58,0.69
2016-11-17,38.36,37.61,38.36,37.51,11424,43120000,-0.75,-1.96,2.22,0.45
2016-11-18,37.60,37.73,38.08,37.42,10300,38930000,0.12,0.32,1.75,0.40
2016-11-21,37.63,37.73,38.39,37.56,12286,46680000,0.00,0.00,2.20,0.48
2016-11-22,37.76,38.63,38.70,37.76,21660,83280000,0.90,2.39,2.49,0.85
2016-11-23,38.64,38.33,38.97,37.96,14863,56860000,-0.30,-0.78,2.61,0.58
2016-11-24,38.38,37.79,38.77,37.66,11272,42940000,-0.54,-1.41,2.90,0.44
2016-11-25,37.80,38.32,38.36,36.82,20400,76410000,0.53,1.40,4.08,0.80
2016-11-28,38.20,37.84,38.21,37.05,21813,82390000,-0.48,-1.25,3.03,0.85
2016-11-29,37.57,38.14,38.39,37.38,16780,63560000,0.30,0.79,2.67,0.66
2016-11-30,38.14,38.60,38.88,37.64,25845,98800000,0.46,1.21,3.25,1.01
2016-12-01,38.39,39.56,40.23,38.39,30409,120590000,0.96,2.49,4.77,1.19
2016-12-02,39.52,39.51,40.09,38.98,18209,71950000,-0.05,-0.13,2.81,0.71
2016-12-05,39.12,40.92,40.96,39.12,26372,106670000,1.41,3.57,4.66,1.03
2016-12-06,41.00,40.77,41.18,40.50,16876,68890000,-0.15,-0.37,1.66,0.66
2016-12-07,40.52,40.80,41.00,40.18,13578,55030000,0.03,0.07,2.01,0.53
2016-12-08,40.80,39.90,41.10,39.60,23945,96250000,-0.90,-2.21,3.68,0.94
2016-12-09,40.02,39.72,40.29,39.57,10045,40090000,-0.18,-0.45,1.80,0.39
2016-12-12,39.31,37.33,39.65,37.22,21678,82690000,-2.39,-6.02,6.12,0.85
2016-12-13,37.23,38.24,38.45,36.60,16024,60830000,0.91,2.44,4.96,0.63
2016-12-14,38.00,38.21,38.69,38.00,17090,65560000,-0.03,-0.08,1.80,0.67
2016-12-15,38.28,40.00,40.41,38.28,29128,114260000,1.79,4.68,5.57,1.14
2016-12-16,40.16,39.65,40.37,39.20,11750,46620000,-0.35,-0.88,2.93,0.46
2016-12-19,39.65,40.67,40.96,39.42,18883,75930000,1.02,2.57,3.88,0.74
2016-12-20,40.60,40.85,41.93,40.33,22480,92510000,0.18,0.44,3.93,0.88
2016-12-21,40.99,40.85,41.21,40.41,11654,47640000,0.00,0.00,1.96,0.46
2016-12-22,40.50,40.89,41.58,40.36,13804,56740000,0.04,0.10,2.99,0.54
2016-12-23,40.50,40.90,41.10,39.71,11400,45900000,0.01,0.02,3.40,0.45
2016-12-26,41.00,40.40,41.00,40.02,10091,40780000,-0.50,-1.22,2.40,0.40
2016-12-27,40.62,39.76,40.62,39.00,16776,66650000,-0.64,-1.58,4.01,0.66
2016-12-28,39.52,39.66,39.93,39.31,5818,23010000,-0.10,-0.25,1.56,0.23
2016-12-29,39.80,39.70,40.44,39.54,7779,31170000,0.04,0.10,2.27,0.30
2016-12-30,39.84,39.11,39.97,38.63,20802,81550000,-0.59,-1.49,3.38,0.81
2017-01-03,39.11,39.24,39.60,38.80,7707,30170000,0.13,0.33,2.05,0.30
2017-01-04,39.24,39.81,39.82,39.24,5064,20090000,0.57,1.45,1.48,0.20
2017-01-05,40.08,40.18,40.50,40.08,7890,31790000,0.37,0.93,1.06,0.31
2017-01-06,40.00,39.61,40.10,39.40,6530,25900000,-0.57,-1.42,1.74,0.26
2017-01-09,39.61,39.18,39.61,38.80,8094,31650000,-0.43,-1.09,2.04,0.32
2017-01-10,39.10,39.38,39.39,38.83,5095,19900000,0.20,0.51,1.43,0.20
2017-01-11,39.43,38.94,39.43,38.86,5043,19740000,-0.44,-1.12,1.45,0.20
2017-01-12,38.82,38.60,39.12,38.51,6410,24820000,-0.34,-0.87,1.57,0.25
2017-01-13,38.47,38.07,38.98,38.00,4547,17490000,-0.53,-1.37,2.54,0.18
2017-01-16,38.05,36.94,38.05,35.79,14588,53760000,-1.13,-2.97,5.94,0.57
2017-01-17,37.42,37.11,37.45,36.10,12188,44700000,0.17,0.46,3.65,0.48
2017-01-18,37.08,36.04,37.20,35.82,9745,35460000,-1.07,-2.88,3.72,0.38
2017-01-19,34.30,37.05,37.47,34.30,10833,39810000,1.01,2.80,8.80,0.42
2017-01-20,36.70,37.01,37.80,36.70,10099,37520000,-0.04,-0.11,2.97,0.40
2017-01-23,37.30,37.15,37.45,36.80,5110,18930000,0.14,0.38,1.76,0.20
2017-01-24,37.55,36.50,37.71,36.43,6666,24590000,-0.65,-1.75,3.45,0.26
2017-01-25,36.48,37.00,37.08,36.15,4992,18380000,0.50,1.37,2.55,0.20
2017-01-26,37.18,36.87,37.18,36.70,2504,9240000,-0.13,-0.35,1.30,0.10
2017-02-03,36.87,36.70,37.30,36.60,6848,25260000,-0.17,-0.46,1.90,0.27
2017-02-06,36.70,36.71,36.89,36.55,5820,21370000,0.01,0.03,0.93,0.23
2017-02-07,36.70,36.00,36.79,35.87,9001,32599500,-0.71,-1.93,2.506,0.44
2017-02-08,36.00,36.25,36.47,35.61,9476,34213500,0.25,0.69,2.389,0.46
2017-02-09,36.40,36.57,36.96,36.01,10185,37324400,0.32,0.88,2.621,0.50
2017-02-10,36.66,35.95,36.88,35.88,8363,30334800,-0.62,-1.70,2.734,0.41
2017-02-13,36.01,37.35,37.50,36.01,13068,48118900,1.40,3.89,4.145,0.64
2017-02-14,37.36,37.28,37.65,36.88,9177,34125800,-0.07,-0.19,2.062,0.45
2017-02-15,37.55,37.75,38.14,37.26,14788,55902200,0.47,1.26,2.361,0.72
2017-02-16,37.54,37.60,37.83,37.30,6943,26060300,-0.15,-0.40,1.404,0.34
2017-02-17,37.86,36.96,37.88,36.90,6023,22483100,-0.64,-1.70,2.606,0.29
2017-02-20,36.96,36.85,36.98,36.33,6517,23913800,-0.11,-0.30,1.759,0.32
2017-02-21,36.93,36.98,37.18,36.70,6473,23861100,0.13,0.35,1.30,0.31
2017-02-22,36.98,37.09,37.48,36.80,7527,27998500,0.11,0.30,1.84,0.37
2017-02-23,36.80,36.76,37.14,36.18,9526,34913000,-0.33,-0.89,2.59,0.46
2017-02-24,37.50,37.86,38.00,37.00,12900,48459900,1.10,2.99,2.72,0.63
2017-02-27,37.70,37.72,37.95,37.49,6815,25687600,-0.14,-0.37,1.22,0.33
2017-02-28,37.72,37.35,37.80,37.16,7074,26443600,-0.37,-0.98,1.70,0.34
2017-03-01,37.60,37.01,37.60,36.95,6153,22846900,-0.34,-0.91,1.74,0.30
2017-03-02,37.19,37.30,37.50,37.10,6025,22491200,0.29,0.78,1.08,0.29
2017-03-03,37.14,37.38,37.57,36.96,5602,20867300,0.08,0.21,1.64,0.27
2017-03-06,37.57,37.79,38.20,37.06,10067,38063200,0.41,1.10,3.05,0.49
2017-03-07,38.11,38.19,38.50,37.76,11259,42936500,0.40,1.06,1.96,0.55
2017-03-08,38.19,39.17,39.53,38.19,19236,74968200,0.98,2.57,3.51,0.93
2017-03-09,38.98,39.00,39.32,37.38,14832,57722900,-0.17,-0.43,4.95,0.72
2017-03-10,39.46,39.29,39.65,39.11,12839,50577400,0.29,0.74,1.39,0.62
2017-03-13,38.90,39.76,39.88,38.53,15058,59109500,0.47,1.20,3.44,0.73
2017-03-14,39.80,38.95,39.97,38.67,13379,52407600,-0.81,-2.04,3.27,0.65
2017-03-15,40.00,39.55,40.29,39.26,19326,76867000,0.60,1.54,2.64,0.94
2017-03-16,39.26,39.70,39.87,39.16,14826,58572882,0.15,0.38,1.80,0.72
2017-03-17,39.70,38.87,39.97,38.79,11261,44335696,-0.83,-2.09,2.97,0.55
2017-03-20,38.30,38.82,39.19,38.00,14041,54362166,-0.05,-0.13,3.06,0.68
2017-03-21,38.55,38.80,39.00,38.52,5368,20791035,-0.02,-0.05,1.24,0.26
2017-03-22,38.57,38.61,38.85,38.28,9984,38524448,-0.19,-0.49,1.47,0.49
2017-03-23,38.68,41.64,42.47,38.31,52166,213948142,3.03,7.85,10.77,2.54
2017-03-24,41.09,41.17,42.09,41.01,22603,93651394,-0.47,-1.13,2.59,1.10
2017-03-27,41.19,40.61,41.69,40.61,14269,58496071,-0.56,-1.36,2.62,0.69
2017-03-28,40.62,40.70,40.90,40.36,15752,64020867,0.09,0.22,1.33,0.77
2017-03-29,40.70,39.95,40.90,39.95,12447,50086884,-0.75,-1.84,2.33,0.60
2017-03-30,40.00,39.44,40.18,38.98,13456,53124103,-0.51,-1.28,3.00,0.65
2017-03-31,39.18,40.03,40.03,39.18,14871,58770662,0.59,1.50,2.16,0.72
2017-04-05,40.38,40.61,41.10,39.71,19711,80093835,0.58,1.45,3.47,0.96
2017-04-06,40.95,40.56,40.95,40.16,11202,45302461,-0.05,-0.12,1.95,0.55
2017-04-07,40.18,41.22,41.22,40.18,10699,43677881,0.66,1.63,2.56,0.52
2017-04-10,41.22,40.98,41.60,40.45,16179,66255053,-0.24,-0.58,2.79,0.79
2017-04-11,40.78,41.85,41.85,40.17,16316,66776351,0.87,2.12,4.10,0.79
2017-04-12,41.83,41.94,42.30,41.04,20707,86806082,0.09,0.22,3.01,1.01
2017-04-13,41.95,42.08,42.98,41.63,15208,64376206,0.14,0.33,3.22,0.74
2017-04-14,42.07,41.00,42.20,40.90,10738,44447675,-1.08,-2.57,3.09,0.52
2017-04-17,40.99,40.07,40.99,39.48,17699,70950793,-0.93,-2.27,3.68,0.86
2017-04-18,40.07,39.60,40.49,39.60,13791,55196921,-0.47,-1.17,2.22,0.67
2017-04-19,39.40,39.50,39.85,38.90,9758,38402086,-0.10,-0.25,2.40,0.47
2017-04-20,39.31,39.86,40.67,39.16,8658,34548021,0.36,0.91,3.82,0.42
2017-04-21,39.86,39.80,39.92,39.06,5335,21151722,-0.06,-0.15,2.16,0.26
2017-04-24,39.80,38.19,39.96,38.19,16931,65936040,-1.61,-4.05,4.45,0.82
2017-04-25,38.35,37.60,38.67,37.31,14615,55288904,-0.59,-1.54,3.56,0.71
2017-04-26,37.60,37.70,38.30,37.45,12322,46561166,0.10,0.27,2.26,0.60
2017-04-27,37.61,37.81,38.82,37.36,27408,103995330,0.11,0.29,3.87,1.34
2017-04-28,37.90,38.30,38.66,37.76,12399,47324716,0.49,1.30,2.38,0.60
2017-05-02,38.00,38.48,38.90,38.00,17172,66040678,0.18,0.47,2.35,0.84
2017-05-03,38.63,38.30,39.34,38.18,12126,47136580,-0.18,-0.47,3.01,0.59
2017-05-04,38.30,38.21,38.67,37.84,7077,27136432,-0.09,-0.23,2.17,0.34
2017-05-05,38.19,38.48,38.70,37.93,8659,33140816,0.27,0.71,2.02,0.42
2017-05-08,38.90,39.07,39.32,38.40,10914,42439919,0.59,1.53,2.39,0.53
2017-05-09,39.00,37.95,39.00,36.67,15547,58445539,-1.12,-2.87,5.96,0.76
2017-05-10,37.94,37.70,38.35,37.00,9884,37136998,-0.25,-0.66,3.56,0.48
2017-05-11,37.10,37.48,37.80,36.60,10637,39550275,-0.22,-0.58,3.18,0.52
2017-05-12,37.50,37.58,38.05,37.23,6474,24441402,0.10,0.27,2.19,0.32
2017-05-15,37.40,37.99,38.47,37.40,7161,27184788,0.41,1.09,2.85,0.35
2017-05-16,37.99,38.70,38.78,37.60,7519,28727472,0.71,1.87,3.11,0.37
2017-05-17,38.70,38.50,38.80,38.50,6265,24229295,-0.20,-0.52,0.78,0.30
2017-05-18,38.30,38.95,38.98,38.21,6019,23336902,0.45,1.17,2.00,0.29
2017-05-19,38.95,38.30,39.28,38.30,7606,29602265,-0.65,-1.67,2.52,0.37
2017-05-22,38.12,37.68,39.10,37.22,7047,26721947,-0.62,-1.62,4.91,0.34
2017-05-23,37.79,37.12,37.90,36.96,5353,19989194,-0.56,-1.49,2.49,0.26
2017-05-24,37.04,37.10,37.29,36.68,6689,24736904,-0.02,-0.05,1.64,0.33
2017-05-25,37.30,37.15,37.40,36.60,6376,23522787,0.05,0.13,2.16,0.31
2017-05-26,37.30,37.08,37.30,36.86,2719,10064599,-0.07,-0.19,1.18,0.13
2017-05-31,37.44,36.36,37.83,36.26,12266,45228117,-0.72,-1.94,4.23,0.60
2017-06-01,36.11,36.10,36.78,35.81,9184,33155579,-0.26,-0.72,2.67,0.45
2017-06-02,36.10,36.93,37.07,35.71,6808,24873532,0.83,2.30,3.77,0.33
2017-06-05,37.20,37.24,38.00,36.71,9511,35588153,0.31,0.84,3.49,0.46
2017-06-06,18.87,18.52,18.87,18.30,4092,7593269,-0.05,-0.27,3.07,0.10
2017-06-07,18.66,18.80,18.88,18.41,20906,39043038,0.28,1.51,2.54,0.51
2017-06-08,18.80,18.43,18.86,18.22,24991,46260283,-0.37,-1.97,3.40,0.61
2017-06-09,18.45,18.12,18.45,18.01,14519,26381584,-0.31,-1.68,2.39,0.35
2017-06-12,18.01,18.07,18.27,17.41,36572,65404344,-0.05,-0.28,4.75,0.89
