日期,开盘,收盘,最高,最低,交易量(手),交易金额(元),涨跌额,涨跌幅(%),振幅(%),换手率(%)
2014-01-23,23.40,28.31,28.31,23.40,23664,66310000,8.81,45.18,25.18,11.49
2014-01-24,31.14,31.14,31.14,31.14,13180,41040000,2.83,10.00,0.00,6.40
2014-01-27,34.25,34.25,34.25,34.25,8741,29940000,3.11,9.99,0.00,4.24
2014-01-28,37.00,37.68,37.68,36.58,123231,460270000,3.43,10.01,3.21,59.82
2014-01-30,36.30,37.21,38.70,35.84,83538,310360000,-0.47,-1.25,7.59,40.55
2014-02-07,37.08,39.44,39.70,37.08,66859,257260000,2.23,5.99,7.04,32.46
2014-02-10,39.63,43.38,43.38,39.63,38204,160590000,3.94,9.99,9.51,18.55
2014-02-11,45.67,45.05,47.28,43.80,75442,343060000,1.67,3.85,8.02,36.62
2014-02-12,45.15,48.98,49.56,45.15,62957,301300000,3.93,8.72,9.79,30.56
2014-02-17,51.00,53.78,53.88,49.50,73044,378710000,4.80,9.80,8.94,35.46
2014-02-18,52.81,51.70,54.45,50.79,67577,353080000,-2.08,-3.87,6.81,32.80
2014-02-19,51.40,50.00,52.51,48.01,52081,259710000,-1.70,-3.29,8.70,25.28
2014-02-20,49.50,49.90,52.39,48.11,46792,235780000,-0.10,-0.20,8.56,22.71
2014-02-21,49.11,50.63,50.95,48.40,34908,174450000,0.73,1.46,5.11,16.95
2014-02-24,50.63,51.60,51.69,49.94,34943,178140000,0.97,1.92,3.46,16.96
2014-02-25,51.90,46.44,54.10,46.44,62572,316670000,-5.16,-10.00,14.85,30.37
2014-02-26,44.21,44.78,45.41,42.80,37621,166320000,-1.66,-3.57,5.62,18.26
2014-02-27,45.00,42.16,45.62,41.52,38528,167750000,-2.62,-5.85,9.16,18.70
2014-02-28,42.33,43.97,44.38,41.52,31122,134050000,1.81,4.29,6.78,15.11
2014-03-03,48.37,48.37,48.37,48.37,5051,24430000,4.40,10.01,0.00,2.45
2014-03-04,53.21,53.21,53.21,51.13,83270,437650000,4.84,10.01,4.30,40.42
2014-03-05,54.25,51.66,55.23,50.75,66879,354290000,-1.55,-2.91,8.42,32.47
2014-03-06,50.40,56.83,56.83,49.69,57456,305070000,5.17,10.01,13.82,27.89
2014-03-07,59.30,56.73,62.30,54.60,90607,530190000,-0.10,-0.18,13.55,43.98
2014-03-10,54.96,56.71,58.84,52.31,59921,337780000,-0.02,-0.04,11.51,29.09
2014-03-11,56.00,55.10,56.80,52.40,49758,272930000,-1.61,-2.84,7.76,24.15
2014-03-12,54.01,52.16,54.66,50.02,46465,243070000,-2.94,-5.34,8.42,22.56
2014-03-13,51.80,52.20,52.55,50.59,28772,148880000,0.04,0.08,3.76,13.97
2014-03-14,51.52,53.51,56.29,51.02,53333,288820000,1.31,2.51,10.10,25.89
2014-03-17,52.70,53.66,54.19,52.31,34133,181150000,0.15,0.28,3.51,16.57
2014-03-18,53.40,53.18,56.00,52.66,44260,239310000,-0.48,-0.89,6.22,21.49
2014-03-19,52.50,55.25,56.00,51.50,52886,284150000,2.07,3.89,8.46,25.67
2014-03-20,54.63,52.35,56.70,52.28,43321,237680000,-2.90,-5.25,8.00,21.03
2014-03-21,51.48,52.40,53.50,50.23,30681,158110000,0.05,0.10,6.25,14.89
2014-03-24,51.31,47.30,52.33,47.16,47710,233500000,-5.10,-9.73,9.87,23.16
2014-03-25,46.85,46.77,47.85,45.72,21414,99870000,-0.53,-1.12,4.50,10.40
2014-03-26,46.78,46.18,47.65,45.92,16091,75430000,-0.59,-1.26,3.70,7.81
2014-03-27,46.20,43.30,46.60,43.30,22001,99340000,-2.88,-6.24,7.15,10.68
2014-03-28,43.40,43.30,44.96,41.80,25286,109820000,0.00,0.00,7.30,12.27
2014-03-31,43.40,43.96,44.60,42.26,19449,85200000,0.66,1.52,5.40,9.44
2014-04-01,43.80,45.85,46.08,43.56,25037,113850000,1.89,4.30,5.73,12.15
2014-04-02,46.00,45.70,46.02,44.05,21348,96210000,-0.15,-0.33,4.30,10.36
2014-04-03,45.16,45.00,46.25,44.50,20405,92730000,-0.70,-1.53,3.83,9.91
2014-04-04,44.51,45.78,46.07,44.10,15726,71350000,0.78,1.73,4.38,7.63
2014-04-08,47.48,50.36,50.36,47.11,44225,217080000,4.58,10.00,7.10,21.47
2014-04-09,52.00,52.38,53.50,51.40,50529,265060000,2.02,4.01,4.17,24.53
2014-04-10,52.00,50.70,53.33,50.70,42906,223510000,-1.68,-3.21,5.02,20.83
2014-04-11,49.88,48.78,50.77,48.65,34708,171870000,-1.92,-3.79,4.18,16.85
2014-04-14,49.23,49.90,50.70,49.02,21865,109280000,1.12,2.30,3.44,10.61
2014-04-15,49.51,50.12,50.43,48.87,16704,83060000,0.22,0.44,3.13,8.11
2014-04-16,49.45,48.63,49.87,48.22,17723,86740000,-1.49,-2.97,3.29,8.60
2014-04-17,48.70,48.83,49.87,48.70,14186,70060000,0.20,0.41,2.41,6.89
2014-04-18,48.72,48.77,49.50,48.06,12069,58840000,-0.06,-0.12,2.95,5.86
2014-04-21,48.77,51.00,53.50,48.11,41590,213650000,2.23,4.57,11.05,20.19
2014-04-22,51.00,52.29,52.65,50.11,36856,190150000,1.29,2.53,4.98,17.89
2014-04-23,51.58,51.67,53.30,51.32,27595,144380000,-0.62,-1.19,3.79,13.40
2014-04-24,51.40,54.15,54.57,50.90,45138,239800000,2.48,4.80,7.10,21.91
2014-04-25,53.28,51.45,54.09,51.28,32242,170380000,-2.70,-4.99,5.19,15.65
2014-04-28,50.60,46.31,51.12,46.31,32662,156890000,-5.14,-9.99,9.35,15.86
2014-04-29,45.47,48.17,48.25,45.28,25761,121350000,1.86,4.02,6.41,12.51
2014-04-30,47.69,48.41,48.68,47.69,17603,84890000,0.24,0.50,2.06,8.55
2014-05-05,48.04,52.80,52.87,47.78,31330,159060000,4.39,9.07,10.51,15.21
2014-05-06,52.31,53.20,54.28,51.90,30207,160670000,0.40,0.76,4.51,14.66
2014-05-07,52.70,53.86,55.49,52.10,41802,226830000,0.66,1.24,6.37,20.29
2014-05-08,53.20,53.08,54.20,52.41,24287,129400000,-0.78,-1.45,3.32,11.79
2014-05-09,54.20,53.62,58.00,53.18,43138,237680000,0.54,1.02,9.08,20.94
2014-05-12,53.00,54.17,54.34,51.61,27776,147430000,0.55,1.03,5.09,13.48
2014-05-13,53.98,56.83,57.58,53.81,38325,215380000,2.66,4.91,6.96,18.60
2014-05-14,56.80,60.58,61.98,56.30,58040,344880000,3.75,6.60,9.99,28.18
2014-05-15,60.42,66.64,66.64,59.37,80929,516640000,6.06,10.00,12.00,39.29
2014-05-16,32.49,29.90,32.50,29.90,93179,287610000,-3.32,-9.99,7.83,22.62
2014-05-19,28.50,27.55,29.30,27.00,126249,354330000,-2.35,-7.86,7.69,30.64
2014-05-20,28.40,28.18,29.66,27.67,112250,320710000,0.63,2.29,7.22,27.25
2014-05-21,27.68,28.04,28.08,26.78,78602,215810000,-0.14,-0.50,4.61,19.08
2014-05-22,28.00,27.29,28.41,27.15,72593,201900000,-0.75,-2.67,4.49,17.62
2014-05-23,27.00,27.77,27.93,26.91,65960,182190000,0.48,1.76,3.74,16.01
2014-05-26,28.25,27.81,28.36,27.45,61671,171680000,0.04,0.14,3.28,14.97
2014-05-27,27.86,29.59,29.96,27.38,113596,326350000,1.78,6.40,9.28,27.57
2014-05-28,29.10,29.85,30.28,28.83,102595,304340000,0.26,0.88,4.90,24.90
2014-05-29,29.50,28.11,29.98,27.86,77698,224470000,-1.74,-5.83,7.10,18.86
2014-05-30,27.90,28.13,28.60,27.70,40056,113260000,0.02,0.07,3.20,9.72
2014-06-03,28.12,28.08,28.59,27.88,34065,96200000,-0.05,-0.18,2.52,8.27
2014-06-04,28.08,27.49,28.48,26.82,49887,138350000,-0.59,-2.10,5.91,12.11
2014-06-05,27.25,27.45,27.50,26.90,47204,128240000,-0.04,-0.15,2.18,11.46
2014-06-06,27.66,27.30,28.10,27.10,43719,120570000,-0.15,-0.55,3.64,10.61
2014-06-09,27.30,26.33,27.48,26.27,43424,116420000,-0.97,-3.55,4.43,10.54
2014-06-10,26.50,27.14,27.20,26.31,38741,104170000,0.81,3.08,3.38,9.40
2014-06-11,26.99,26.62,27.06,26.45,40154,107040000,-0.52,-1.92,2.25,9.75
2014-06-12,26.60,26.38,26.84,26.34,27751,73580000,-0.24,-0.90,1.88,6.74
2014-06-13,26.45,26.73,26.98,26.33,36114,96490000,0.35,1.33,2.46,8.77
2014-06-16,26.71,27.83,28.16,26.61,68910,190370000,1.10,4.12,5.80,16.73
2014-06-17,27.62,26.83,27.79,26.80,47483,129000000,-1.00,-3.59,3.56,11.52
2014-06-18,26.78,26.36,27.05,26.30,41614,110710000,-0.47,-1.75,2.80,10.10
2014-06-19,26.62,24.54,26.69,24.01,50928,128560000,-1.82,-6.90,10.17,12.36
2014-06-20,24.50,24.66,25.00,24.33,23463,57800000,0.12,0.49,2.73,5.70
2014-06-23,24.80,25.39,25.80,24.70,42784,108940000,0.73,2.96,4.46,10.38
2014-06-24,25.50,25.54,25.97,25.29,31324,80180000,0.15,0.59,2.68,7.60
2014-06-25,25.79,26.78,26.98,25.63,73190,194010000,1.24,4.86,5.29,17.76
2014-06-26,26.78,29.46,29.46,26.58,142329,410380000,2.68,10.01,10.75,34.55
2014-06-27,30.99,29.15,31.00,28.92,166442,497160000,-0.31,-1.05,7.06,40.40
2014-06-30,28.30,29.45,30.15,28.10,111458,327450000,0.30,1.03,7.03,27.05
2014-07-01,29.04,28.90,29.80,28.30,79556,230090000,-0.55,-1.87,5.09,19.31
2014-07-02,28.61,28.21,28.85,27.55,58989,166300000,-0.69,-2.39,4.50,14.32
2014-07-03,28.00,28.64,28.82,27.88,47167,134890000,0.43,1.52,3.33,11.45
2014-07-04,28.45,28.60,29.16,28.34,51185,147090000,-0.04,-0.14,2.86,12.42
2014-07-07,28.48,27.86,28.48,27.63,43704,121720000,-0.74,-2.59,2.97,10.61
2014-07-08,27.84,28.18,28.24,27.33,36633,101930000,0.32,1.15,3.27,8.89
2014-07-09,27.93,26.95,28.28,26.20,41189,113770000,-1.23,-4.36,7.38,10.00
2014-07-10,26.88,26.95,27.55,26.70,25175,68390000,0.00,0.00,3.15,6.11
2014-07-11,26.77,26.63,27.29,26.51,27003,72520000,-0.32,-1.19,2.89,6.55
2014-07-14,26.60,27.11,27.19,26.40,22810,61030000,0.48,1.80,2.97,5.54
2014-07-15,27.13,26.33,27.18,26.17,27876,73760000,-0.78,-2.88,3.73,6.77
2014-07-16,26.13,25.56,26.45,25.45,23345,60370000,-0.77,-2.92,3.80,5.67
2014-07-17,25.66,25.86,25.97,25.50,14501,37350000,0.30,1.17,1.84,3.52
2014-07-18,25.80,25.67,26.15,25.62,12778,33040000,-0.19,-0.73,2.05,3.10
2014-07-21,25.67,25.35,25.75,25.03,14056,35640000,-0.32,-1.25,2.80,3.41
2014-07-22,25.43,25.93,26.02,25.35,17723,45780000,0.58,2.29,2.64,4.30
2014-07-23,25.97,24.81,26.08,24.56,26381,66460000,-1.12,-4.32,5.86,6.40
2014-07-24,24.81,25.30,25.44,24.22,23212,57900000,0.49,1.98,4.92,5.63
2014-07-25,25.00,24.95,25.34,24.58,16506,41160000,-0.35,-1.38,3.00,4.01
2014-07-28,25.10,25.46,25.55,24.87,25537,64640000,0.51,2.04,2.73,6.20
2014-07-29,25.51,25.83,26.08,25.51,26386,68120000,0.37,1.45,2.24,6.40
2014-07-30,25.81,25.74,25.82,25.33,22812,58300000,-0.09,-0.35,1.90,5.54
2014-07-31,25.78,25.80,25.97,25.57,17151,44160000,0.06,0.23,1.55,4.16
2014-08-01,25.65,24.93,25.66,24.81,23370,59150000,-0.87,-3.37,3.29,5.67
2014-08-04,24.79,25.16,25.25,24.79,9547,23950000,0.23,0.92,1.85,2.32
2014-08-05,25.14,25.71,25.77,24.91,22479,57200000,0.55,2.19,3.42,5.46
2014-08-06,25.64,25.80,26.10,25.53,24690,63890000,0.09,0.35,2.22,5.99
2014-08-07,25.80,25.92,26.10,25.80,19486,50460000,0.12,0.47,1.16,4.73
2014-08-08,26.10,25.97,26.18,25.72,21111,54780000,0.05,0.19,1.77,5.12
2014-08-11,25.91,26.25,26.25,25.86,24508,63940000,0.28,1.08,1.50,5.95
2014-08-12,26.40,27.23,27.43,26.40,54097,146730000,0.98,3.73,3.92,13.13
2014-08-13,27.10,26.67,27.10,26.25,36155,96230000,-0.56,-2.06,3.12,8.78
2014-08-14,26.70,26.26,26.85,26.25,21612,57460000,-0.41,-1.54,2.25,5.25
2014-08-15,26.26,26.40,26.45,26.00,19393,50960000,0.14,0.53,1.71,4.71
2014-08-18,26.38,27.02,27.09,26.37,26509,71020000,0.62,2.35,2.73,6.43
2014-08-19,27.06,27.26,27.58,26.88,39371,107070000,0.24,0.89,2.59,9.56
2014-08-20,27.26,27.45,27.80,26.92,40243,110130000,0.19,0.70,3.23,9.77
2014-08-21,27.50,27.27,27.75,26.91,31213,85220000,-0.18,-0.66,3.06,7.58
2014-08-22,27.34,27.95,27.96,27.09,41862,115730000,0.68,2.49,3.19,10.16
2014-08-25,28.10,27.38,28.28,27.27,31159,85950000,-0.57,-2.04,3.61,7.56
2014-08-26,27.39,26.60,27.45,26.43,27067,72500000,-0.78,-2.85,3.73,6.57
2014-08-27,26.49,26.62,26.94,26.49,14006,37490000,0.02,0.08,1.69,3.40
2014-08-28,26.69,26.23,26.95,26.02,19694,52110000,-0.39,-1.47,3.49,4.78
2014-08-29,26.30,26.55,26.64,26.23,12226,32350000,0.32,1.22,1.56,2.97
2014-09-01,26.55,27.17,27.20,26.45,19852,53430000,0.62,2.34,2.82,4.82
2014-09-02,27.23,27.93,28.25,27.23,48736,135740000,0.76,2.80,3.75,11.83
2014-09-03,27.84,28.13,28.13,27.46,40558,112650000,0.20,0.72,2.40,9.84
2014-09-04,28.13,28.94,29.48,27.91,64552,185640000,0.81,2.88,5.58,15.67
2014-09-05,28.86,28.63,28.96,28.39,33923,97300000,-0.31,-1.07,1.97,8.23
2014-09-09,28.70,28.95,29.15,28.45,32872,94930000,0.32,1.12,2.45,7.98
2014-09-10,28.71,29.38,29.46,28.52,39599,115130000,0.43,1.49,3.25,9.61
2014-09-11,29.38,29.20,29.98,28.91,60018,176830000,-0.18,-0.61,3.64,14.57
2014-09-12,29.14,29.32,29.55,28.98,27030,79060000,0.12,0.41,1.95,6.56
2014-09-15,29.18,29.67,29.96,29.13,34561,102360000,0.35,1.19,2.83,8.39
2014-09-16,29.55,28.02,29.95,27.97,44938,130750000,-1.65,-5.56,6.67,10.91
2014-09-17,28.02,28.31,28.48,27.55,23177,65060000,0.29,1.04,3.32,5.63
2014-09-18,28.10,28.27,28.58,28.00,17816,50440000,-0.04,-0.14,2.05,4.32
2014-09-19,28.36,28.36,28.46,27.96,16528,46650000,0.09,0.32,1.77,4.01
2014-09-22,28.20,27.58,28.30,27.58,21262,59130000,-0.78,-2.75,2.54,5.16
2014-09-23,27.45,28.09,28.12,27.36,16466,45830000,0.51,1.85,2.76,4.00
2014-09-24,27.91,28.34,28.37,27.87,23132,65260000,0.25,0.89,1.78,5.61
2014-09-25,28.37,28.22,28.67,28.04,22151,62710000,-0.12,-0.42,2.22,5.38
2014-09-26,28.27,28.14,28.30,27.06,18034,50540000,-0.08,-0.28,4.39,4.38
2014-09-29,28.01,28.75,28.84,28.01,34178,97090000,0.61,2.17,2.95,8.30
2014-09-30,28.76,28.80,28.96,28.60,32617,93940000,0.05,0.17,1.25,7.92
2014-10-08,28.83,29.40,29.49,28.80,34628,101190000,0.60,2.08,2.40,8.40
2014-10-09,29.41,29.16,29.57,28.70,36843,107200000,-0.24,-0.82,2.96,8.94
2014-10-10,29.10,28.77,29.10,28.68,20274,58540000,-0.39,-1.34,1.44,4.92
2014-10-13,28.65,29.78,29.78,28.15,50640,147420000,1.01,3.51,5.67,12.29
2014-10-14,29.68,29.49,30.45,29.21,50212,149770000,-0.29,-0.97,4.16,12.19
2014-10-15,29.30,30.47,30.79,29.19,65043,196710000,0.98,3.32,5.43,15.79
2014-10-16,30.15,30.71,31.86,29.85,67582,209520000,0.24,0.79,6.60,16.40
2014-10-17,30.65,32.29,32.57,29.80,104671,328080000,1.58,5.14,9.02,25.41
2014-10-20,32.30,32.19,32.31,31.40,51928,165820000,-0.10,-0.31,2.82,12.60
2014-10-21,31.96,31.78,32.79,31.66,46463,149190000,-0.41,-1.27,3.51,11.28
2014-10-22,31.72,30.20,31.90,30.19,50207,155560000,-1.58,-4.97,5.38,12.19
2014-10-23,30.17,29.00,30.17,28.85,34438,101610000,-1.20,-3.97,4.37,8.36
2014-10-24,28.98,29.20,29.58,28.82,26194,76560000,0.20,0.69,2.62,6.36
2014-10-27,29.15,29.62,29.78,28.66,19529,57320000,0.42,1.44,3.84,4.74
2014-10-28,29.62,30.53,30.53,29.62,26397,79640000,0.91,3.07,3.07,6.41
2014-10-29,30.53,30.41,31.00,30.19,31963,97500000,-0.12,-0.39,2.65,7.76
2014-10-30,30.30,31.13,31.51,30.24,40221,124520000,0.72,2.37,4.18,9.76
2014-10-31,31.30,30.82,31.37,30.21,31022,95170000,-0.31,-1.00,3.73,7.53
2014-11-03,31.08,31.23,31.48,30.80,25698,80250000,0.41,1.33,2.21,6.24
2014-11-04,31.20,30.23,31.33,29.94,33569,102270000,-1.00,-3.20,4.45,8.15
2014-11-05,30.20,29.55,30.25,29.41,24953,74010000,-0.68,-2.25,2.78,6.06
2014-11-06,29.70,30.28,30.28,29.61,18869,56580000,0.73,2.47,2.27,4.58
2014-11-07,30.44,30.04,30.87,29.77,28392,86280000,-0.24,-0.79,3.63,6.89
2014-11-10,29.90,30.20,30.40,29.60,19156,57380000,0.16,0.53,2.66,4.65
2014-11-11,30.10,28.62,30.10,28.33,32081,93520000,-1.58,-5.23,5.86,7.79
2014-11-12,28.45,29.26,29.42,28.40,20965,60700000,0.64,2.24,3.56,5.09
2014-11-13,28.99,27.95,28.99,27.70,31970,89810000,-1.31,-4.48,4.41,7.76
2014-11-14,27.50,27.66,27.90,27.25,19208,52810000,-0.29,-1.04,2.33,4.66
2014-11-17,27.50,27.98,28.25,27.50,14505,40570000,0.32,1.16,2.71,3.52
2014-11-18,28.00,28.01,28.19,27.82,9508,26600000,0.03,0.11,1.32,2.31
2014-11-19,28.01,28.45,28.57,27.98,16580,46970000,0.44,1.57,2.11,4.02
2014-11-20,28.30,28.03,28.39,27.91,12171,34220000,-0.42,-1.48,1.69,2.95
2014-11-21,28.11,28.42,28.47,28.11,16369,46450000,0.39,1.39,1.28,3.97
2014-11-24,28.70,28.33,28.79,28.23,17628,50090000,-0.09,-0.32,1.97,4.28
2014-11-25,28.33,28.58,28.76,28.00,28814,81440000,0.25,0.88,2.68,6.99
2014-11-26,28.50,29.49,29.97,28.35,39161,114460000,0.91,3.18,5.67,9.51
2014-11-27,29.50,29.95,30.15,29.35,36889,109950000,0.46,1.56,2.71,8.95
2014-11-28,29.75,29.68,29.96,29.29,28366,83980000,-0.27,-0.90,2.24,6.89
2014-12-01,29.68,30.71,30.97,29.52,49128,149250000,1.03,3.47,4.89,11.92
2014-12-02,30.74,31.09,31.88,30.42,49392,154830000,0.38,1.24,4.75,11.99
2014-12-03,30.97,30.58,31.69,29.83,46098,141010000,-0.51,-1.64,5.98,11.19
2014-12-04,30.66,30.33,30.86,29.98,36204,109740000,-0.25,-0.82,2.88,8.79
2014-12-05,30.21,28.61,30.23,28.20,41058,119240000,-1.72,-5.67,6.69,9.97
2014-12-08,28.45,28.29,28.92,27.91,26636,75580000,-0.32,-1.12,3.53,6.47
2014-12-09,28.27,27.28,28.57,27.21,30250,83930000,-1.01,-3.57,4.81,7.34
2014-12-10,27.28,28.09,28.30,27.15,18481,51450000,0.81,2.97,4.22,4.49
2014-12-11,27.89,28.30,28.43,27.78,16638,46980000,0.21,0.75,2.31,4.04
2014-12-12,28.30,28.65,28.76,28.16,15916,45280000,0.35,1.24,2.12,3.86
2014-12-15,28.40,29.09,29.09,28.36,19070,54990000,0.44,1.54,2.55,4.63
2014-12-16,29.20,28.70,29.45,28.61,16633,47980000,-0.39,-1.34,2.89,4.04
2014-12-17,28.61,27.85,28.65,27.65,20955,58690000,-0.85,-2.96,3.48,5.09
2014-12-18,27.73,27.60,28.29,27.46,11341,31620000,-0.25,-0.90,2.98,2.75
2014-12-19,27.49,26.57,27.82,26.20,21463,57410000,-1.03,-3.73,5.87,5.21
2014-12-22,26.57,24.46,26.57,24.06,19217,48000000,-2.11,-7.94,9.45,4.66
2014-12-23,24.99,25.15,25.34,24.50,13674,34170000,0.69,2.82,3.43,3.32
2014-12-24,25.28,25.77,25.83,25.28,11687,29940000,0.62,2.47,2.19,2.84
2014-12-25,25.75,25.58,25.80,25.16,10647,27140000,-0.19,-0.74,2.48,2.58
2014-12-26,25.58,25.21,25.65,25.10,9457,23950000,-0.37,-1.45,2.15,2.30
2014-12-29,25.21,24.11,25.21,23.76,18044,43670000,-1.10,-4.36,5.75,4.38
2014-12-30,24.11,24.17,24.40,24.00,9246,22320000,0.06,0.25,1.66,2.24
2014-12-31,24.21,24.58,24.80,24.19,10778,26430000,0.41,1.70,2.52,2.62
2015-01-05,24.61,24.24,24.88,23.80,13130,31630000,-0.34,-1.38,4.39,3.19
2015-01-06,24.00,25.20,25.22,23.90,16067,39900000,0.96,3.96,5.45,3.90
2015-01-07,25.18,24.85,25.26,24.66,14171,35210000,-0.35,-1.39,2.38,3.44
2015-01-09,25.40,25.09,25.54,24.80,18372,46450000,0.24,0.97,2.98,4.46
2015-01-12,25.11,24.76,25.36,24.60,9277,23160000,-0.33,-1.32,3.03,2.25
2015-01-13,24.92,25.65,25.66,24.47,16923,42640000,0.89,3.59,4.81,4.11
2015-01-14,25.58,25.04,25.64,24.93,12312,31030000,-0.61,-2.38,2.77,2.99
2015-01-15,25.23,24.96,25.26,24.90,9723,24350000,-0.08,-0.32,1.44,2.36
2015-01-16,24.91,25.19,25.39,24.91,14061,35470000,0.23,0.92,1.92,3.41
2015-01-19,24.95,25.13,25.92,24.40,23793,60290000,-0.06,-0.24,6.03,5.78
2015-01-20,25.18,26.84,26.99,25.12,38254,100290000,1.71,6.80,7.44,9.29
2015-01-21,26.67,26.81,26.90,26.29,28001,74590000,-0.03,-0.11,2.27,6.80
2015-01-22,26.80,27.10,27.20,26.67,20222,54530000,0.29,1.08,1.98,4.91
2015-01-23,27.10,26.55,27.30,26.50,17082,45640000,-0.55,-2.03,2.95,3.36
2015-01-26,26.80,26.95,27.00,26.49,12159,32540000,0.40,1.51,1.92,2.39
2015-01-27,26.94,27.13,27.22,26.61,14605,39370000,0.18,0.67,2.26,2.88
2015-01-28,26.97,27.33,27.68,26.90,19132,52280000,0.20,0.74,2.88,3.77
2015-01-29,27.19,27.06,27.69,27.02,11837,32230000,-0.27,-0.99,2.45,2.33
2015-01-30,27.09,26.10,27.30,26.10,15816,41850000,-0.96,-3.55,4.43,3.11
2015-02-02,26.00,26.05,26.36,25.66,7683,20000000,-0.05,-0.19,2.68,1.51
2015-02-03,26.08,27.24,27.51,26.06,21947,59250000,1.19,4.57,5.57,4.32
2015-02-04,27.40,27.30,27.50,26.93,16049,43740000,0.06,0.22,2.09,3.16
2015-02-05,27.36,27.93,29.31,27.06,46893,132610000,0.63,2.31,8.24,9.23
2015-02-06,27.80,27.19,28.37,27.14,23561,65420000,-0.74,-2.65,4.40,4.64
2015-02-09,27.17,26.35,27.30,26.26,13557,36240000,-0.84,-3.09,3.82,2.67
2015-02-10,26.12,26.80,26.85,26.12,10399,27500000,0.45,1.71,2.77,2.05
2015-02-11,26.70,27.08,27.47,26.70,10464,28420000,0.28,1.04,2.87,2.06
2015-02-12,27.09,27.34,27.56,27.09,9152,25020000,0.26,0.96,1.74,1.80
2015-02-13,27.39,27.93,28.19,27.26,16144,44990000,0.59,2.16,3.40,3.18
2015-02-16,27.93,28.40,28.45,27.80,18446,52010000,0.47,1.68,2.33,3.63
2015-02-17,28.43,28.25,28.59,27.80,15990,44890000,-0.15,-0.53,2.78,3.15
2015-02-25,28.25,28.23,28.68,28.02,19438,55080000,-0.02,-0.07,2.34,3.83
2015-02-26,28.23,27.97,28.39,27.56,18713,52130000,-0.26,-0.92,2.94,3.68
2015-02-27,27.99,28.97,29.25,27.82,41805,119980000,1.00,3.58,5.11,8.23
2015-03-02,29.00,30.22,30.50,28.85,65671,195640000,1.25,4.31,5.70,12.93
2015-03-03,30.26,30.80,31.49,29.73,70320,216210000,0.58,1.92,5.82,13.84
2015-03-04,30.40,32.95,33.88,30.37,73953,234910000,2.15,6.98,11.40,14.56
2015-03-05,32.70,32.63,33.00,32.03,27184,88270000,-0.32,-0.97,2.94,5.35
2015-03-06,32.62,33.48,33.78,32.10,41001,135170000,0.85,2.61,5.15,8.07
2015-03-09,33.20,32.60,33.20,31.62,31374,101230000,-0.88,-2.63,4.72,6.18
2015-03-10,32.55,32.36,32.80,31.88,23669,76490000,-0.24,-0.74,2.82,4.66
2015-03-11,32.35,35.10,35.50,31.57,67658,225120000,2.74,8.47,12.14,13.32
2015-03-12,34.88,33.60,34.88,32.00,41764,139550000,-1.50,-4.27,8.21,8.22
2015-03-13,33.41,33.20,33.93,32.35,21117,69800000,-0.40,-1.19,4.70,4.16
2015-03-16,33.22,33.98,34.30,33.05,47939,161750000,0.78,2.35,3.77,9.44
2015-03-17,33.85,33.35,34.97,33.01,43364,147160000,-0.63,-1.85,5.77,8.54
2015-03-18,33.34,33.53,33.55,32.52,34788,114800000,0.18,0.54,3.09,6.85
2015-03-19,33.45,32.87,33.45,32.60,34735,114310000,-0.66,-1.97,2.54,6.84
2015-03-20,32.80,33.19,33.80,32.76,45160,149890000,0.32,0.97,3.16,8.89
2015-03-23,33.35,34.33,34.59,33.35,75339,256320000,1.14,3.43,3.74,14.83
2015-03-24,34.27,37.48,37.68,33.75,126522,449620000,3.15,9.18,11.45,24.91
2015-03-25,36.85,36.75,37.38,35.60,62907,230420000,-0.73,-1.95,4.75,12.38
2015-03-26,36.40,34.04,36.40,33.61,60672,210310000,-2.71,-7.37,7.59,11.94
2015-03-27,33.90,34.43,34.88,33.61,31194,106800000,0.39,1.15,3.73,6.14
2015-03-30,34.50,33.73,34.99,33.49,34018,115910000,-0.70,-2.03,4.36,6.70
2015-03-31,33.69,33.84,34.15,33.50,31578,107130000,0.11,0.33,1.93,6.22
2015-04-01,33.85,34.96,35.30,33.56,42919,147980000,1.12,3.31,5.14,8.45
2015-04-02,35.66,35.58,36.37,34.78,56687,201650000,0.62,1.77,4.55,11.16
2015-04-03,36.00,39.14,39.14,36.00,110391,424010000,3.56,10.01,8.83,21.73
2015-04-07,40.00,39.25,40.49,38.60,75529,298430000,0.11,0.28,4.83,14.87
2015-04-08,39.22,37.53,39.22,36.42,53335,201060000,-1.72,-4.38,7.13,10.50
2015-04-09,37.30,36.47,37.36,34.12,40792,146260000,-1.06,-2.82,8.63,8.03
2015-04-10,36.30,37.87,38.38,35.81,49112,183510000,1.40,3.84,7.05,9.67
2015-04-13,37.89,38.00,38.50,36.57,41510,156010000,0.13,0.34,5.10,8.17
2015-04-14,37.51,36.50,38.40,35.92,44758,166630000,-1.50,-3.95,6.53,8.81
2015-04-15,36.51,37.86,38.66,35.80,75615,284150000,1.36,3.73,7.84,14.88
2015-04-16,37.20,40.87,41.65,36.37,94145,382210000,3.01,7.95,13.95,18.53
2015-04-17,41.71,42.50,43.90,40.00,78855,330260000,1.63,3.99,9.54,15.52
2015-04-20,41.60,45.39,46.75,41.06,63519,284800000,2.89,6.80,13.39,12.50
2015-04-21,44.70,49.90,49.90,44.50,57540,278530000,4.51,9.94,11.90,11.33
2015-04-22,50.60,48.77,50.99,47.47,47596,232980000,-1.13,-2.26,7.05,9.37
2015-04-23,47.00,51.28,52.80,47.00,70524,348130000,2.51,5.15,11.89,13.88
2015-04-24,49.50,56.41,56.41,49.50,55845,301380000,5.13,10.00,13.48,10.99
2015-04-27,57.55,57.50,62.00,54.02,43411,250970000,1.09,1.93,14.15,8.55
2015-04-28,56.40,56.40,58.49,52.04,42287,231530000,-1.10,-1.91,11.22,8.32
2015-04-29,57.80,55.97,61.97,55.40,61970,364600000,-0.43,-0.76,11.65,12.20
2015-04-30,54.80,55.09,57.50,52.30,45500,250430000,-0.88,-1.57,9.29,8.96
2015-05-04,54.50,52.98,54.92,51.11,23871,127510000,-2.11,-3.83,6.92,4.70
2015-05-05,52.43,50.00,54.50,50.00,23956,123680000,-2.98,-5.62,8.49,4.72
2015-05-06,50.22,51.92,54.80,49.00,38217,198920000,1.92,3.84,11.60,7.52
2015-05-07,50.81,54.90,56.50,50.00,32029,171390000,2.98,5.74,12.52,6.31
2015-05-08,54.90,59.98,60.00,54.90,38795,226190000,5.08,9.25,9.29,7.64
2015-05-11,59.35,62.20,63.78,59.02,28970,177170000,2.22,3.70,7.94,5.70
2015-05-12,62.00,59.12,62.50,58.01,39179,232800000,-3.08,-4.95,7.22,7.71
2015-05-13,57.01,58.80,60.00,56.31,33735,198220000,-0.32,-0.54,6.24,6.64
2015-05-14,58.60,58.90,60.60,57.00,17502,103340000,0.10,0.17,6.12,3.45
2015-05-15,58.18,56.50,58.61,55.80,27767,157880000,-2.40,-4.07,4.77,5.47
2015-05-18,56.10,56.60,58.38,55.77,34206,193930000,0.10,0.18,4.62,6.73
2015-05-19,56.63,55.47,57.76,54.00,30199,166400000,-1.13,-2.00,6.64,5.94
2015-05-20,55.91,61.02,61.02,55.91,45679,269350000,5.55,10.01,9.21,8.99
2015-05-21,62.85,67.12,67.12,61.01,44384,289770000,6.10,10.00,10.01,8.74
2015-05-22,68.01,62.32,68.05,61.03,55214,351140000,-4.80,-7.15,10.46,10.87
2015-05-25,60.12,60.19,61.29,58.12,32631,196090000,-2.13,-3.42,5.09,6.42
2015-05-26,60.75,66.21,66.21,60.41,21716,140960000,6.02,10.00,9.64,4.27
2015-05-27,69.50,69.20,72.83,68.21,50898,357860000,2.99,4.52,6.98,10.02
2015-05-28,68.40,67.00,75.00,66.57,47777,340080000,-2.03,-2.94,12.21,9.40
2015-05-29,67.01,69.37,71.00,62.56,34282,232830000,2.37,3.54,12.60,6.75
2015-06-01,71.00,76.31,76.31,69.56,51709,378460000,6.94,10.00,9.73,10.18
2015-06-02,78.90,77.98,80.00,74.00,36969,285800000,1.67,2.19,7.86,7.28
2015-06-03,80.00,85.78,85.78,78.10,42922,356920000,7.80,10.00,9.85,8.45
2015-06-04,86.78,88.45,94.00,77.20,36963,312020000,2.67,3.11,19.59,7.28
2015-06-05,88.69,87.78,95.91,86.20,42080,384030000,-0.67,-0.76,10.98,8.28
2015-06-08,86.82,82.50,86.82,79.00,38964,316890000,-5.28,-6.02,8.91,7.67
2015-07-14,74.25,74.25,74.25,74.25,4186,31080000,-8.25,-10.00,0.00,0.82
2015-07-15,66.83,66.83,66.83,66.83,121,810000,-7.42,-9.99,0.00,0.02
2015-07-16,60.15,60.15,64.70,60.15,118979,719770000,-6.68,-10.00,6.81,23.42
2015-07-17,60.15,62.40,64.05,56.90,106131,645160000,2.25,3.74,11.89,20.89
2015-07-20,60.00,59.00,62.30,58.15,68669,411950000,-3.40,-5.45,6.65,13.52
2015-07-21,57.88,62.20,62.97,56.32,72870,440620000,3.20,5.42,11.27,14.34
2015-07-22,62.40,60.00,63.00,58.88,56901,345930000,-2.20,-3.54,6.62,11.20
2015-07-23,60.90,62.73,63.28,59.30,55491,343180000,2.73,4.55,6.63,10.92
2015-07-24,63.55,67.70,69.00,62.30,92855,608330000,4.97,7.92,10.68,18.28
2015-07-27,65.50,60.93,69.00,60.93,83355,545300000,-6.77,-10.00,11.92,16.41
2015-07-28,54.84,54.84,60.00,54.84,71210,394640000,-6.09,-10.00,8.47,14.02
2015-07-29,58.00,55.21,58.32,50.00,50576,271480000,0.37,0.67,15.17,9.96
2015-07-30,54.00,49.77,55.78,49.75,39389,209940000,-5.44,-9.85,10.92,7.75
2015-07-31,49.30,45.50,49.30,44.79,37547,175730000,-4.27,-8.58,9.06,7.39
2015-08-03,45.00,40.96,45.00,40.95,33441,141980000,-4.54,-9.98,8.90,6.58
2015-08-04,40.71,45.06,45.06,40.71,24592,106280000,4.10,10.01,10.62,4.84
2015-08-05,47.00,45.31,48.50,45.06,43305,202320000,0.25,0.55,7.63,8.52
2015-08-06,43.33,44.30,45.50,42.47,30056,132060000,-1.01,-2.23,6.69,5.92
2015-08-07,45.10,47.46,48.00,45.00,36410,170250000,3.16,7.13,6.77,7.17
2015-08-10,48.47,50.96,51.88,48.00,36991,183180000,3.50,7.37,8.18,7.28
2015-08-11,50.81,49.71,50.85,49.00,47679,238420000,-1.25,-2.45,3.63,9.39
2015-08-12,49.06,47.35,49.70,47.28,28898,140420000,-2.36,-4.75,4.87,5.69
2015-08-13,47.27,49.33,49.41,46.58,32927,157850000,1.98,4.18,5.98,6.48
2015-08-14,49.14,50.03,51.39,49.00,48297,241320000,0.70,1.42,4.84,9.51
2015-08-17,49.25,49.12,49.65,48.00,29735,145350000,-0.91,-1.82,3.30,5.85
2015-08-18,49.16,44.21,50.11,44.21,44052,210260000,-4.91,-10.00,12.01,8.67
2015-08-19,42.00,44.65,44.92,40.30,43691,186990000,0.44,1.00,10.45,8.60
2015-08-20,43.97,42.56,45.44,42.51,29818,130840000,-2.09,-4.68,6.56,5.87
2015-08-21,41.11,41.20,43.45,40.91,30676,129180000,-1.36,-3.20,5.97,6.04
2015-08-24,38.80,37.08,39.80,37.08,19797,74420000,-4.12,-10.00,6.60,3.90
2015-08-25,33.38,33.37,35.00,33.37,23204,78120000,-3.71,-10.01,4.40,4.57
2015-08-26,33.64,32.50,35.76,31.46,43491,146790000,-0.87,-2.61,12.89,8.56
2015-08-27,33.51,34.20,34.50,31.43,35059,116660000,1.70,5.23,9.45,6.90
2015-08-28,34.60,37.62,37.62,34.60,45887,163070000,3.42,10.00,8.83,9.03
2015-08-31,37.10,34.02,37.35,34.00,31374,112380000,-3.60,-9.57,8.90,6.18
2015-09-01,34.02,30.62,34.08,30.62,28991,91710000,-3.40,-9.99,10.17,5.71
2015-09-02,28.80,28.99,32.10,28.25,24984,75260000,-1.63,-5.32,12.57,4.92
2015-09-07,30.07,30.21,31.75,30.00,24068,74070000,1.22,4.21,6.04,4.74
2015-09-08,30.15,33.00,33.04,30.15,27440,86640000,2.79,9.24,9.57,5.40
2015-09-09,33.45,36.30,36.30,33.35,49368,174070000,3.30,10.00,8.94,9.72
2015-09-10,35.84,37.02,37.60,35.23,46700,170070000,0.72,1.98,6.53,9.19
2015-09-11,37.10,37.90,39.83,36.87,44374,168820000,0.88,2.38,8.00,8.74
2015-09-14,37.80,34.11,37.80,34.11,30744,110300000,-3.79,-10.00,9.74,6.05
2015-09-15,31.90,30.70,32.68,30.70,33591,105200000,-3.41,-10.00,5.80,6.61
2015-09-16,31.05,33.77,33.77,30.61,42255,136010000,3.07,10.00,10.29,8.32
2015-09-17,33.70,34.58,37.15,33.13,68399,245290000,0.81,2.40,11.90,13.46
2015-09-18,35.30,35.37,35.78,33.15,58318,200340000,0.79,2.28,7.61,11.48
2015-09-21,34.60,38.89,38.91,34.08,65732,242810000,3.52,9.95,13.66,12.94
2015-09-22,38.26,38.81,39.95,37.07,72383,280090000,-0.08,-0.21,7.41,14.25
2015-09-23,37.98,40.64,41.84,37.97,61387,245080000,1.83,4.72,9.97,12.08
2015-09-24,41.00,40.62,42.98,39.66,59227,246320000,-0.02,-0.05,8.17,11.66
2015-09-25,40.01,37.40,40.80,36.82,51575,198260000,-3.22,-7.93,9.80,10.15
2015-09-28,38.01,40.67,41.00,37.01,44086,172740000,3.27,8.74,10.67,8.68
2015-09-29,39.60,39.75,40.80,38.60,38044,150930000,-0.92,-2.26,5.41,7.49
2015-09-30,40.00,38.68,40.40,38.01,29616,115330000,-1.07,-2.69,6.01,5.83
2015-10-08,40.50,41.04,41.50,39.60,38868,158550000,2.36,6.10,4.91,7.65
2015-10-09,40.85,41.81,41.99,40.64,37709,156220000,0.77,1.88,3.29,7.42
2015-10-12,42.00,44.48,44.63,41.99,47221,205970000,2.67,6.39,6.31,9.30
2015-10-13,44.01,46.48,47.71,43.60,60745,275750000,2.00,4.50,9.24,11.96
2015-10-14,45.68,45.12,46.48,44.60,45475,206190000,-1.36,-2.93,4.04,8.95
2015-10-15,45.48,46.97,47.33,45.12,59603,275930000,1.85,4.10,4.90,11.73
2015-10-16,47.03,48.40,48.45,46.01,52367,246260000,1.43,3.04,5.19,10.31
2015-10-19,50.01,46.90,50.01,45.82,52323,249400000,-1.50,-3.10,8.66,10.30
2015-10-20,46.50,48.05,48.33,46.50,38747,184480000,1.15,2.45,3.90,7.63
2015-10-21,49.38,43.35,49.79,43.25,85009,398600000,-4.70,-9.78,13.61,16.73
2015-10-22,43.38,45.38,45.68,43.00,52099,231850000,2.03,4.68,6.18,10.26
2015-10-23,45.60,47.40,47.58,45.13,57239,265980000,2.02,4.45,5.40,11.27
2015-10-26,47.95,47.55,48.68,46.60,59289,282270000,0.15,0.32,4.39,11.67
2015-10-27,18.89,18.47,18.98,17.27,125584,227480000,-0.55,-2.89,8.99,9.89
2015-10-28,18.06,17.97,18.96,17.84,97670,179630000,-0.50,-2.71,6.06,7.69
2015-10-29,18.29,18.30,18.66,17.75,88076,160740000,0.33,1.84,5.06,6.94
2015-10-30,18.25,17.62,18.26,17.50,92324,165020000,-0.68,-3.72,4.15,7.27
2015-11-02,16.88,16.90,17.58,16.70,100926,173390000,-0.72,-4.09,4.99,7.95
2015-11-03,17.03,17.12,17.38,16.82,66025,113080000,0.22,1.30,3.31,5.20
2015-11-04,17.20,18.05,18.07,17.20,94675,167840000,0.93,5.43,5.08,7.45
2015-11-05,18.04,17.80,18.27,17.45,107110,191170000,-0.25,-1.39,4.54,8.43
2015-11-06,17.82,19.11,19.53,17.82,182526,345320000,1.31,7.36,9.61,14.37
2015-11-09,19.23,19.45,19.68,18.49,180559,344780000,0.34,1.78,6.23,14.22
2015-11-10,19.15,21.18,21.40,19.05,261870,537050000,1.73,8.89,12.08,20.62
2015-11-11,20.95,21.52,21.98,20.62,213790,456140000,0.34,1.61,6.42,16.83
2015-11-12,21.52,22.84,23.55,21.25,205747,453920000,1.32,6.13,10.69,16.20
2015-11-13,22.01,21.11,22.75,21.03,174445,379760000,-1.73,-7.57,7.53,13.74
2015-11-16,20.50,21.75,21.85,20.22,135644,287740000,0.64,3.03,7.72,10.68
2015-11-17,22.00,20.82,22.15,20.70,155224,331420000,-0.93,-4.28,6.67,12.22
2015-11-18,20.90,20.25,21.12,20.16,73246,150780000,-0.57,-2.74,4.61,5.77
2015-11-19,20.31,22.28,22.28,20.31,200205,433320000,2.03,10.02,9.73,15.76
2015-11-20,23.31,24.51,24.51,22.86,327071,783740000,2.23,10.01,7.41,25.75
2015-11-23,25.60,24.20,26.00,23.21,352471,874010000,-0.31,-1.26,11.38,27.75
2015-11-24,23.60,25.87,25.98,23.00,242247,595280000,1.67,6.90,12.31,19.07
2015-11-25,25.80,25.40,27.44,25.09,274009,715730000,-0.47,-1.82,9.08,21.58
2015-11-26,25.70,24.40,25.70,24.33,208838,517270000,-1.00,-3.94,5.39,16.44
2015-11-27,24.40,22.44,24.97,22.15,164325,392100000,-1.96,-8.03,11.56,12.94
2015-11-30,22.45,23.10,23.25,20.57,151841,339810000,0.66,2.94,11.94,11.96
2015-12-01,22.98,23.22,23.69,22.50,114578,265270000,0.12,0.52,5.15,9.02
2015-12-02,23.19,22.02,23.20,21.00,93244,206140000,-1.20,-5.17,9.47,7.34
2015-12-03,22.10,22.75,22.90,22.00,79702,179330000,0.73,3.32,4.09,6.28
2015-12-04,22.77,22.77,23.29,22.37,94223,215030000,0.02,0.09,4.04,7.42
2015-12-07,22.60,23.00,23.00,22.08,85789,194760000,0.23,1.01,4.04,6.76
2015-12-08,22.73,21.80,22.88,21.79,90550,201120000,-1.20,-5.22,4.74,7.13
2015-12-09,21.50,21.05,21.98,20.75,75199,160080000,-0.75,-3.44,5.64,5.92
2015-12-10,20.81,21.47,21.88,20.80,72040,154090000,0.42,2.00,5.13,5.67
2015-12-11,21.19,20.74,21.37,20.70,51511,107900000,-0.73,-3.40,3.12,4.06
2015-12-14,20.30,21.18,21.20,20.20,52462,108200000,0.44,2.12,4.82,4.13
2015-12-15,21.20,21.41,21.75,21.16,50932,109250000,0.23,1.09,2.79,4.01
2015-12-16,21.61,21.88,22.22,21.40,70255,153080000,0.47,2.20,3.83,5.53
2015-12-17,21.82,22.72,22.97,21.82,96877,219400000,0.84,3.84,5.26,7.63
2015-12-18,22.59,22.14,22.65,21.90,92474,205250000,-0.58,-2.55,3.30,7.28
2015-12-21,22.08,21.85,22.26,21.51,56497,123280000,-0.29,-1.31,3.39,4.45
2015-12-22,21.95,22.05,22.15,21.76,49494,108630000,0.20,0.92,1.78,3.90
2015-12-23,22.18,21.15,22.24,21.01,72050,155580000,-0.90,-4.08,5.58,5.67
2015-12-24,21.06,21.25,21.44,20.40,54811,114400000,0.10,0.47,4.92,4.32
2015-12-25,21.23,21.20,21.45,20.96,42680,90540000,-0.05,-0.24,2.31,3.36
2015-12-28,21.32,20.57,21.46,20.52,65798,138330000,-0.63,-2.97,4.43,5.18
2015-12-29,20.67,20.63,20.75,20.11,49376,100910000,0.06,0.29,3.11,3.89
2015-12-30,20.72,21.46,21.50,20.60,62030,130710000,0.83,4.02,4.36,4.88
2015-12-31,21.44,21.45,22.16,21.15,99760,217190000,-0.01,-0.05,4.71,7.86
2016-01-04,21.30,19.32,21.48,19.31,54010,109110000,-2.13,-9.93,10.12,4.25
2016-01-05,17.80,18.05,19.32,17.42,69481,127430000,-1.27,-6.57,9.83,5.47
2016-01-06,18.30,18.56,18.74,17.80,50638,92680000,0.51,2.83,5.21,3.99
2016-01-07,18.19,16.70,18.19,16.70,19218,33070000,-1.86,-10.02,8.03,1.51
2016-01-08,17.31,16.45,17.56,15.10,70436,116260000,-0.25,-1.50,14.73,5.55
2016-01-11,16.40,14.81,16.40,14.81,58403,90770000,-1.64,-9.97,9.67,4.60
2016-01-12,14.48,14.70,15.13,14.08,54649,80430000,-0.11,-0.74,7.09,4.30
2016-01-13,14.80,13.94,15.16,13.90,47771,69870000,-0.76,-5.17,8.57,3.76
2016-01-14,13.65,14.76,15.09,13.44,59379,85350000,0.82,5.88,11.84,4.68
2016-01-15,14.70,14.17,15.00,14.01,57974,84360000,-0.59,-4.00,6.71,4.56
2016-01-18,13.99,14.72,14.97,13.72,58084,84600000,0.55,3.88,8.82,4.57
2016-01-19,14.75,15.45,15.48,14.50,65253,98230000,0.73,4.96,6.66,5.14
2016-01-20,15.35,15.29,15.75,15.10,64901,99890000,-0.16,-1.04,4.21,5.11
2016-01-21,15.03,14.91,15.72,14.90,66365,101910000,-0.38,-2.49,5.36,5.23
2016-01-22,15.02,15.16,15.30,14.56,44490,66770000,0.25,1.68,4.96,3.50
2016-01-25,15.35,15.08,15.50,14.91,35502,54050000,-0.08,-0.53,3.89,2.80
2016-01-26,15.06,13.57,15.06,13.57,50965,72410000,-1.51,-10.01,9.88,4.01
2016-01-27,13.61,13.38,13.80,12.50,44005,57600000,-0.19,-1.40,9.58,3.47
2016-01-28,13.21,12.53,13.35,12.50,30070,39000000,-0.85,-6.35,6.35,2.37
2016-01-29,12.65,13.29,13.38,12.42,36589,47640000,0.76,6.07,7.66,2.88
2016-02-01,13.25,13.16,13.58,12.82,34073,45110000,-0.13,-0.98,5.72,2.68
2016-02-02,13.25,13.75,13.85,13.25,38675,52860000,0.59,4.48,4.56,3.05
2016-02-03,13.60,13.91,13.99,13.25,33893,46180000,0.16,1.16,5.38,2.67
2016-02-04,13.93,14.37,14.44,13.92,44924,64090000,0.46,3.31,3.74,3.54
2016-02-05,14.30,13.94,14.49,13.89,32979,46590000,-0.43,-2.99,4.18,2.60
2016-02-15,13.01,13.81,13.98,13.01,30509,41290000,-0.13,-0.93,6.96,2.40
2016-02-16,14.02,14.61,14.72,13.93,48104,69550000,0.80,5.79,5.72,3.79
2016-02-17,14.63,14.88,15.05,14.38,56000,82260000,0.27,1.85,4.59,4.41
2016-02-18,15.25,16.30,16.37,15.00,174126,281060000,1.42,9.54,9.21,13.71
2016-02-19,15.91,16.51,16.89,15.91,121394,199010000,0.21,1.29,6.01,9.56
2016-02-22,16.88,17.29,17.73,16.60,129506,222430000,0.78,4.72,6.84,10.20
2016-02-23,16.91,16.95,17.15,16.58,75467,126950000,-0.34,-1.97,3.30,5.94
2016-02-24,16.97,17.51,17.64,16.81,97210,167000000,0.56,3.30,4.90,7.65
2016-02-25,17.51,15.76,17.52,15.76,101881,165880000,-1.75,-9.99,10.05,8.02
2016-02-26,15.92,15.68,16.19,15.10,73554,115670000,-0.08,-0.51,6.92,5.79
2016-02-29,15.62,14.11,15.62,14.11,45826,66080000,-1.57,-10.01,9.63,3.61
2016-03-01,14.20,14.17,14.55,13.49,59615,84120000,0.06,0.43,7.51,4.69
2016-03-02,14.16,15.10,15.17,14.05,77361,112900000,0.93,6.56,7.90,6.09
2016-03-03,15.05,15.10,15.55,15.02,60504,92470000,0.00,0.00,3.51,4.76
2016-03-04,15.01,13.85,15.02,13.65,64436,91990000,-1.25,-8.28,9.07,5.07
2016-03-07,14.05,14.25,14.63,14.03,37217,53460000,0.40,2.89,4.33,2.93
2016-03-08,14.16,14.35,14.35,13.00,54817,75470000,0.10,0.70,9.47,4.32
2016-03-09,13.91,13.86,14.18,13.66,36094,50320000,-0.49,-3.41,3.62,2.84
2016-03-10,14.15,13.64,14.15,13.60,27075,37530000,-0.22,-1.59,3.97,2.13
2016-03-11,13.50,13.52,13.69,13.28,28045,37830000,-0.12,-0.88,3.01,2.21
2016-03-14,13.75,14.21,14.54,13.75,54540,77570000,0.69,5.10,5.84,4.29
2016-03-15,14.17,13.90,14.37,13.85,40234,56780000,-0.31,-2.18,3.66,3.17
2016-03-16,14.10,13.81,14.40,13.60,40064,55950000,-0.09,-0.65,5.76,3.15
2016-03-17,13.93,14.95,15.03,13.91,83071,120220000,1.14,8.25,8.11,6.54
2016-03-18,14.90,15.50,15.75,14.90,85555,131480000,0.55,3.68,5.69,6.74
2016-03-21,15.61,15.83,15.98,15.40,89957,140610000,0.33,2.13,3.74,7.08
2016-03-22,15.53,15.83,16.23,15.41,67506,106470000,0.00,0.00,5.18,5.32
2016-03-23,15.70,16.08,16.15,15.56,57734,91650000,0.25,1.58,3.73,4.55
2016-03-24,15.80,15.28,15.95,15.20,65265,102400000,-0.80,-4.98,4.66,5.14
2016-03-25,15.27,15.75,15.78,15.27,57136,88570000,0.47,3.08,3.34,4.50
2016-03-28,16.25,15.49,16.48,15.29,80772,128180000,-0.26,-1.65,7.56,6.36
2016-03-29,15.39,14.90,15.54,14.77,48420,73020000,-0.59,-3.81,4.97,3.81
2016-03-30,15.05,15.84,15.88,15.05,63203,97740000,0.94,6.31,5.57,4.98
2016-03-31,16.02,15.85,16.31,15.78,70192,112330000,0.01,0.06,3.35,5.53
2016-04-01,15.71,15.70,15.80,15.15,46481,72000000,-0.15,-0.95,4.10,3.66
2016-04-05,15.79,16.32,16.42,15.62,63427,102060000,0.62,3.95,5.10,4.99
2016-04-06,16.20,16.70,17.10,16.17,87286,145570000,0.38,2.33,5.70,6.87
2016-04-07,16.70,16.12,16.73,16.10,69272,113190000,-0.58,-3.47,3.77,5.45
2016-04-08,16.12,16.09,16.16,15.84,49052,78320000,-0.03,-0.19,1.99,3.86
2016-04-11,16.40,17.23,17.35,16.39,104446,177190000,1.14,7.09,5.97,8.22
2016-04-12,17.00,16.90,17.33,16.61,60934,103110000,-0.33,-1.92,4.18,4.80
2016-04-13,16.98,16.95,17.57,16.90,74000,127970000,0.05,0.30,3.96,5.83
2016-04-14,17.25,17.18,17.32,16.86,50458,86170000,0.23,1.36,2.71,3.97
2016-04-15,17.22,16.93,17.30,16.80,48503,82090000,-0.25,-1.46,2.91,3.82
2016-04-18,16.70,16.53,16.84,16.35,41905,69300000,-0.40,-2.36,2.89,3.30
2016-04-19,16.70,16.75,16.97,16.45,42148,70380000,0.22,1.33,3.15,3.32
2016-04-20,16.75,15.40,16.87,15.13,70912,112350000,-1.35,-8.06,10.39,5.58
2016-04-21,15.40,15.15,15.59,15.10,42067,64670000,-0.25,-1.62,3.18,3.31
2016-04-22,14.90,15.35,15.35,14.81,30547,46360000,0.20,1.32,3.56,2.41
2016-04-25,15.25,14.97,15.25,14.50,33476,49980000,-0.38,-2.48,4.89,2.64
2016-04-26,14.98,15.31,15.33,14.86,34158,51490000,0.34,2.27,3.14,2.69
2016-04-27,15.40,15.20,15.40,15.18,32362,49460000,-0.11,-0.72,1.44,2.55
2016-04-28,15.27,15.40,15.40,14.83,31181,47050000,0.26,1.72,3.76,2.46
2016-04-29,15.28,15.21,15.48,15.15,20584,31480000,-0.19,-1.23,2.14,1.62
2016-05-03,15.22,16.73,16.73,15.17,72482,117420000,1.52,9.99,10.26,5.71
2016-05-04,16.99,16.98,17.45,16.74,126934,216920000,0.25,1.49,4.24,9.99
2016-05-05,17.05,17.65,17.72,16.69,134088,231690000,0.67,3.95,6.07,10.56
2016-05-06,17.50,17.30,18.67,17.21,183827,330670000,-0.35,-1.98,8.27,14.47
2016-05-09,17.10,16.76,17.28,16.28,93925,156990000,-0.54,-3.12,5.78,7.40
2016-05-10,16.84,17.05,17.08,16.43,64862,108970000,0.29,1.73,3.88,5.11
2016-05-11,17.30,16.61,17.52,16.50,71071,120780000,-0.44,-2.58,5.98,5.60
2016-05-12,16.00,17.05,17.08,15.70,64853,106460000,0.44,2.65,8.31,5.11
2016-05-13,16.95,17.82,17.82,16.89,116179,203290000,0.77,4.52,5.45,9.15
2016-05-16,17.50,18.25,18.36,17.22,133608,238670000,0.43,2.41,6.40,10.52
2016-05-17,17.88,17.49,18.28,17.23,121172,215570000,-0.76,-4.16,5.75,9.54
2016-05-18,17.16,16.79,17.20,16.41,72233,121220000,-0.70,-4.00,4.52,5.69
2016-05-19,16.73,16.79,17.36,16.70,64267,109450000,0.00,0.00,3.93,5.06
2016-05-20,16.30,18.47,18.47,16.11,127539,222280000,1.68,10.01,14.06,10.04
2016-05-23,18.97,19.50,19.93,18.67,216728,416820000,1.03,5.58,6.82,17.07
2016-05-24,19.38,19.40,19.49,18.90,125980,241840000,-0.10,-0.51,3.03,9.92
2016-05-25,19.50,19.60,20.44,19.22,159291,314970000,0.20,1.03,6.29,12.54
2016-05-26,19.22,20.60,20.80,18.97,178553,354860000,1.00,5.10,9.34,14.06
2016-05-27,20.47,20.05,21.53,20.00,188767,393650000,-0.55,-2.67,7.43,14.86
2016-05-30,19.48,20.01,20.80,19.10,140975,282990000,-0.04,-0.20,8.48,11.10
2016-05-31,19.90,20.80,20.99,19.90,144851,297990000,0.79,3.95,5.45,11.41
2016-06-01,20.70,22.88,22.88,20.63,289919,651840000,2.08,10.00,10.82,22.83
2016-06-02,23.44,23.40,24.00,22.60,294507,686420000,0.52,2.27,6.12,23.19
2016-06-03,23.06,23.06,24.17,22.92,193261,453360000,-0.34,-1.45,5.34,15.22
2016-06-06,23.00,22.51,23.10,22.03,190237,427170000,-0.55,-2.39,4.64,14.98
2016-06-07,22.52,23.37,23.56,22.08,178012,408280000,0.86,3.82,6.57,14.02
2016-06-08,23.60,22.87,23.79,22.50,152648,352910000,-0.50,-2.14,5.52,12.02
2016-06-13,22.15,20.58,22.79,20.58,151024,326420000,-2.29,-10.01,9.66,11.89
2016-06-14,19.52,20.58,20.88,19.52,125069,254800000,0.00,0.00,6.61,9.85
2016-06-15,20.18,22.64,22.64,20.18,136850,300890000,2.06,10.01,11.95,10.78
2016-06-16,22.79,22.70,23.25,22.35,149802,342460000,0.06,0.27,3.98,11.80
2016-06-17,22.70,23.03,23.06,22.01,107522,242430000,0.33,1.45,4.63,8.47
2016-06-20,23.20,24.08,24.93,22.60,201951,483730000,1.05,4.56,10.12,15.90
2016-06-21,23.86,24.00,25.23,23.35,186351,457680000,-0.08,-0.33,7.81,14.67
2016-06-22,23.90,24.32,24.48,23.36,90643,216430000,0.32,1.33,4.67,7.14
2016-06-23,24.58,24.52,24.98,23.68,122143,299220000,0.20,0.82,5.35,9.62
2016-06-24,24.50,24.99,26.18,23.00,160307,396750000,0.47,1.92,12.97,12.62
2016-06-27,24.73,25.66,25.96,24.73,82376,208480000,0.67,2.68,4.92,6.49
2016-06-28,25.70,24.77,25.70,24.62,107949,269780000,-0.89,-3.47,4.21,8.50
2016-06-29,24.90,24.66,24.90,24.05,80792,197380000,-0.11,-0.44,3.43,6.36
2016-06-30,24.70,24.11,24.95,24.00,61876,150590000,-0.55,-2.23,3.85,4.87
2016-07-01,24.49,23.79,24.49,23.47,60924,145130000,-0.32,-1.33,4.23,4.80
2016-07-04,23.37,24.00,24.20,23.31,62551,149640000,0.21,0.88,3.74,4.93
2016-07-05,23.90,24.16,24.28,23.50,73204,174810000,0.16,0.67,3.25,5.76
2016-07-06,24.23,23.75,24.60,23.68,92267,221990000,-0.41,-1.70,3.81,7.27
2016-07-07,23.70,24.20,24.21,23.08,134619,318680000,0.45,1.89,4.76,10.60
2016-07-08,24.18,23.71,24.20,23.70,62710,149800000,-0.49,-2.02,2.07,4.94
2016-07-11,24.22,23.78,24.68,23.72,100328,243300000,0.07,0.30,4.05,7.90
2016-07-12,23.71,23.77,24.00,23.05,74336,174810000,-0.01,-0.04,4.00,5.85
2016-07-13,23.91,23.63,24.23,23.59,80571,192250000,-0.14,-0.59,2.69,6.34
2016-07-14,23.40,23.19,23.60,23.10,69880,162720000,-0.44,-1.86,2.12,5.50
2016-07-15,23.19,22.65,23.49,22.65,72089,165680000,-0.54,-2.33,3.62,5.68
2016-07-18,22.70,22.73,22.85,22.22,55233,124400000,0.08,0.35,2.78,4.35
2016-07-19,22.63,23.26,23.35,22.50,61830,141240000,0.53,2.33,3.74,4.87
2016-07-20,23.05,23.89,24.17,23.05,99655,236110000,0.63,2.71,4.82,7.85
2016-07-21,23.70,23.62,24.00,23.60,46743,111030000,-0.27,-1.13,1.67,3.68
2016-07-22,23.60,22.89,23.77,22.71,50393,116890000,-0.73,-3.09,4.49,3.97
2016-07-25,22.71,22.97,23.15,22.35,39328,89230000,0.08,0.35,3.50,3.10
2016-07-26,22.90,23.50,23.84,22.89,43519,102100000,0.53,2.31,4.14,3.43
2016-07-27,23.69,22.08,23.69,21.50,84215,189310000,-1.42,-6.04,9.32,6.63
2016-07-28,22.22,21.29,22.27,21.07,55642,119760000,-0.79,-3.58,5.43,4.38
2016-07-29,21.35,21.09,21.46,20.59,41397,87170000,-0.20,-0.94,4.09,3.26
2016-08-10,21.90,22.03,22.50,21.70,57033,126130000,0.94,4.46,3.79,4.49
2016-08-11,21.78,20.80,22.08,20.77,52195,111320000,-1.23,-5.58,5.95,4.11
2016-08-12,20.88,20.97,21.22,20.72,27943,58540000,0.17,0.82,2.40,2.20
2016-08-15,20.93,21.52,21.84,20.68,55766,119580000,0.55,2.62,5.53,4.39
2016-08-16,21.56,21.66,21.92,21.49,32379,70360000,0.14,0.65,2.00,2.55
2016-08-17,21.82,21.99,22.32,21.55,43332,95380000,0.33,1.52,3.55,3.41
2016-08-18,21.99,21.38,22.29,21.31,60572,131100000,-0.61,-2.77,4.46,4.77
2016-08-19,21.39,21.83,22.00,21.39,36960,80700000,0.45,2.10,2.85,2.91
2016-08-22,21.94,21.23,21.94,21.23,31796,68210000,-0.60,-2.75,3.25,2.50
2016-08-23,21.33,21.11,21.50,21.00,34087,72250000,-0.12,-0.57,2.36,2.68
2016-08-24,21.10,21.38,21.48,21.01,21866,46510000,0.27,1.28,2.23,1.72
2016-08-25,21.34,20.98,21.34,20.60,43011,90000000,-0.40,-1.87,3.46,3.39
2016-08-26,21.29,21.46,21.77,21.16,49842,107340000,0.48,2.29,2.91,3.92
2016-08-29,21.47,21.58,21.75,21.31,37887,81780000,0.12,0.56,2.05,2.98
2016-08-30,21.66,21.75,22.17,21.60,39453,86460000,0.17,0.79,2.64,3.11
2016-08-31,21.64,21.63,21.96,21.38,25396,54800000,-0.12,-0.55,2.67,2.00
2016-09-01,21.60,21.58,21.88,21.51,30445,66170000,-0.05,-0.23,1.71,2.40
2016-09-02,21.40,21.98,22.08,21.36,60551,132270000,0.40,1.85,3.34,4.77
2016-09-05,21.90,21.84,22.18,21.80,28799,63280000,-0.14,-0.64,1.73,2.27
2016-09-06,21.98,22.25,22.35,21.52,44070,96880000,0.41,1.88,3.80,3.47
2016-09-07,22.16,21.79,22.39,21.70,52064,114420000,-0.46,-2.07,3.10,4.10
2016-09-08,21.87,21.93,22.18,21.72,36108,79330000,0.14,0.64,2.11,2.84
2016-09-09,21.87,21.49,22.00,21.49,39909,86790000,-0.44,-2.01,2.33,3.14
2016-09-12,21.00,20.58,21.00,20.50,52032,108050000,-0.91,-4.23,2.33,4.03
2016-09-13,20.70,20.38,20.77,20.11,31130,63600000,-0.20,-0.97,3.21,2.41
2016-09-14,20.15,20.17,20.30,20.01,40555,81700000,-0.21,-1.03,1.42,3.14
2016-09-19,20.20,20.36,20.47,20.17,29484,59980000,0.19,0.94,1.49,2.28
2016-09-20,20.49,20.91,20.91,20.28,35049,72100000,0.55,2.70,3.09,2.72
2016-09-21,21.39,22.17,22.77,21.36,105805,234080000,1.26,6.03,6.74,8.20
2016-09-22,22.12,22.87,23.30,22.12,126503,288920000,0.70,3.16,5.32,9.80
2016-09-23,23.13,22.43,23.27,22.41,66313,150840000,-0.44,-1.92,3.76,5.14
2016-09-26,22.43,22.04,22.75,22.01,63198,141570000,-0.39,-1.74,3.30,4.90
2016-09-27,22.05,22.32,22.40,21.73,45498,100460000,0.28,1.27,3.04,3.53
2016-09-28,22.19,22.75,23.19,22.02,70398,160410000,0.43,1.93,5.24,5.46
2016-09-29,22.78,22.71,23.03,22.61,45640,104070000,-0.04,-0.18,1.85,3.54
2016-09-30,22.54,22.55,22.82,22.50,22181,50250000,-0.16,-0.70,1.41,1.72
2016-10-10,22.40,23.42,23.50,22.40,65968,151780000,0.87,3.86,4.88,5.11
2016-10-11,23.30,23.46,23.80,23.26,62005,145520000,0.04,0.17,2.31,4.80
2016-10-12,23.10,23.46,23.69,23.08,41651,97660000,0.00,0.00,2.60,3.23
2016-10-13,23.39,23.11,23.60,22.95,45554,105600000,-0.35,-1.49,2.77,3.53
2016-10-14,23.00,22.79,23.05,22.46,37130,84180000,-0.32,-1.38,2.55,2.88
2016-10-17,22.97,22.16,22.97,22.12,40592,91130000,-0.63,-2.76,3.73,3.15
2016-10-18,22.27,22.75,22.83,22.14,30347,68640000,0.59,2.66,3.11,2.35
2016-10-19,22.76,22.43,22.90,22.28,38903,87890000,-0.32,-1.41,2.73,3.01
2016-10-20,22.34,22.93,22.95,22.34,42345,96480000,0.50,2.23,2.72,3.28
2016-10-21,22.95,22.49,23.02,22.26,34537,77820000,-0.44,-1.92,3.31,2.68
2016-10-24,22.49,22.29,22.63,22.15,36583,81530000,-0.20,-0.89,2.13,2.83
2016-10-25,22.36,22.27,22.58,22.11,25759,57380000,-0.02,-0.09,2.11,2.00
2016-10-26,22.45,21.92,22.55,21.90,38500,85190000,-0.35,-1.57,2.92,2.98
2016-10-27,21.92,22.15,22.19,21.90,22152,48920000,0.23,1.05,1.32,1.72
2016-10-28,22.00,21.68,22.35,21.60,27706,61110000,-0.47,-2.12,3.39,2.15
2016-10-31,21.51,21.81,21.89,21.51,15308,33260000,0.13,0.60,1.75,1.19
2016-11-01,21.93,22.18,22.27,21.81,24007,53120000,0.37,1.70,2.11,1.86
2016-11-02,22.17,21.67,22.17,21.61,26848,58590000,-0.51,-2.30,2.52,2.08
2016-11-03,21.44,22.12,22.35,21.44,41591,91750000,0.45,2.08,4.20,3.22
2016-11-04,22.00,21.89,22.35,21.83,17910,39490000,-0.23,-1.04,2.35,1.39
2016-11-07,21.90,21.85,22.07,21.70,19521,42730000,-0.04,-0.18,1.69,1.51
2016-11-08,21.86,22.13,22.40,21.73,27243,60430000,0.28,1.28,3.07,2.11
2016-11-09,22.12,21.99,22.18,21.44,26952,59040000,-0.14,-0.63,3.34,2.09
2016-11-10,22.14,22.26,22.42,22.06,30888,68620000,0.27,1.23,1.64,2.39
2016-11-11,22.42,22.29,22.42,22.06,25647,56960000,0.03,0.13,1.62,1.99
2016-11-14,22.32,22.68,23.07,22.22,47874,108850000,0.39,1.75,3.81,3.71
2016-11-15,22.62,22.79,22.87,22.43,29771,67460000,0.11,0.49,1.94,2.31
2016-11-16,22.83,22.72,23.00,22.70,29008,66250000,-0.07,-0.31,1.32,2.25
2016-11-17,22.60,22.10,22.60,22.03,31887,70810000,-0.62,-2.73,2.51,2.47
2016-11-18,22.08,22.13,22.27,22.03,15952,35350000,0.03,0.14,1.09,1.24
2016-11-21,22.05,22.13,22.27,22.00,21776,48250000,0.00,0.00,1.22,1.69
2016-11-22,22.13,22.26,22.30,22.03,21837,48390000,0.13,0.59,1.22,1.69
2016-11-23,22.21,22.69,23.30,22.21,80192,183950000,0.43,1.93,4.90,6.21
2016-11-24,22.56,22.19,22.70,22.00,55647,124020000,-0.50,-2.20,3.09,4.31
2016-11-25,22.04,21.88,22.10,21.43,35369,76970000,-0.31,-1.40,3.02,2.74
2016-11-28,22.08,21.53,22.08,21.51,22311,48490000,-0.35,-1.60,2.61,1.73
2016-11-29,21.70,21.29,21.73,21.20,20877,44970000,-0.24,-1.11,2.46,1.62
2016-11-30,21.25,21.36,21.60,21.10,18223,39030000,0.07,0.33,2.35,1.41
2016-12-01,21.37,21.56,21.75,21.25,17872,38510000,0.20,0.94,2.34,1.38
2016-12-02,21.50,21.09,21.68,21.07,19352,41150000,-0.47,-2.18,2.83,1.50
2016-12-05,21.04,21.25,21.42,20.80,15830,33590000,0.16,0.76,2.94,1.23
2016-12-06,21.28,21.13,21.56,21.08,13217,28040000,-0.12,-0.56,2.26,1.02
2016-12-07,21.25,21.21,21.26,21.00,14484,30570000,0.08,0.38,1.23,1.12
2016-12-08,21.26,20.70,21.26,20.68,21222,44300000,-0.51,-2.40,2.73,1.64
2016-12-09,20.66,20.82,20.87,20.43,23476,48450000,0.12,0.58,2.13,1.82
2016-12-12,20.90,20.25,21.15,20.10,39719,81310000,-0.57,-2.74,5.04,3.08
2016-12-13,20.40,19.93,20.40,19.66,34325,68470000,-0.32,-1.58,3.65,2.66
2016-12-14,19.93,19.37,19.98,19.30,36838,71990000,-0.56,-2.81,3.41,2.85
2016-12-15,19.49,20.40,20.50,19.37,41958,84100000,1.03,5.32,5.83,3.25
2016-12-16,20.36,20.68,21.16,20.36,33781,70350000,0.28,1.37,3.92,2.62
2016-12-19,20.92,21.50,21.84,20.69,69749,149160000,0.82,3.97,5.56,5.40
2016-12-20,21.40,20.80,21.47,20.74,32684,68780000,-0.70,-3.26,3.40,2.53
2016-12-21,20.82,20.85,21.20,20.51,24305,50530000,0.05,0.24,3.32,1.88
2016-12-22,20.80,20.24,20.87,20.18,21805,44600000,-0.61,-2.93,3.31,1.69
2016-12-23,20.30,19.84,20.43,19.80,18888,37830000,-0.40,-1.98,3.11,1.46
2016-12-26,19.70,20.52,20.68,19.46,28479,57500000,0.68,3.43,6.15,2.21
2016-12-27,20.50,20.49,20.67,20.40,18208,37360000,-0.03,-0.15,1.32,1.41
2016-12-28,20.60,20.37,20.64,20.30,15827,32390000,-0.12,-0.59,1.66,1.23
2016-12-29,19.92,19.95,20.51,19.91,16989,34020000,-0.42,-2.06,2.95,1.32
2016-12-30,19.85,19.68,19.99,19.68,13968,27710000,-0.27,-1.35,1.55,1.08
2017-01-03,19.86,20.07,20.60,19.80,34213,69340000,0.39,1.98,4.07,2.65
2017-01-04,20.01,20.25,20.43,19.90,42617,86250000,0.18,0.90,2.64,3.30
2017-01-05,20.25,20.20,20.45,20.17,24934,50620000,-0.05,-0.25,1.38,1.93
2017-01-06,20.07,19.87,20.22,19.84,19239,38380000,-0.33,-1.63,1.88,1.49
2017-01-09,19.92,19.46,20.04,19.37,28104,55250000,-0.41,-2.06,3.37,2.18
2017-01-10,19.46,19.09,19.46,18.92,33535,64160000,-0.37,-1.90,2.77,2.60
2017-01-11,18.99,18.90,19.26,18.88,15954,30370000,-0.19,-1.00,1.99,1.24
2017-01-12,18.90,18.89,19.23,18.85,24207,46130000,-0.01,-0.05,2.01,1.88
2017-01-13,18.87,18.75,19.36,18.74,35228,67020000,-0.14,-0.74,3.28,2.73
2017-01-16,18.76,17.72,19.23,17.20,42433,78580000,-1.03,-5.49,10.83,3.29
2017-01-17,18.10,18.00,18.10,17.22,45609,81050000,0.28,1.58,4.97,3.53
2017-01-18,17.90,18.10,18.23,17.65,27447,49230000,0.10,0.56,3.22,2.13
2017-01-19,18.03,18.39,18.48,17.78,40625,73720000,0.29,1.60,3.87,3.15
2017-01-20,18.14,18.76,18.97,18.10,41690,78200000,0.37,2.01,4.73,3.23
2017-01-23,18.74,18.80,19.17,18.60,20900,39590000,0.04,0.21,3.04,1.62
2017-01-24,18.63,18.67,18.95,18.50,17730,33040000,-0.13,-0.69,2.39,1.37
2017-01-25,18.52,18.82,18.96,18.45,17529,32940000,0.15,0.80,2.73,1.36
2017-01-26,18.75,18.88,19.14,18.75,7047,13360000,0.06,0.32,2.07,0.55
2017-02-03,18.87,18.71,18.98,18.52,5420,10150000,-0.17,-0.90,2.44,0.42
2017-02-06,18.87,19.09,19.24,18.65,13803,26280000,0.38,2.03,3.15,1.07
2017-02-07,19.10,18.93,19.14,18.80,10390,19688800,-0.16,-0.84,1.781,0.81
2017-02-08,18.84,18.66,18.99,18.42,23814,44376100,-0.27,-1.43,3.011,1.85
2017-02-09,18.70,18.99,19.10,18.58,34817,65571600,0.33,1.77,2.787,2.70
2017-02-10,18.86,18.33,19.06,18.30,42764,79511000,-0.66,-3.48,4.002,3.32
2017-02-13,18.34,18.43,18.75,18.12,20981,38775300,0.10,0.55,3.437,1.17
2017-02-14,18.61,18.33,18.67,18.28,15302,28175700,-0.10,-0.54,2.116,0.85
2017-02-15,18.31,18.07,18.47,18.06,19443,35410600,-0.26,-1.42,2.237,1.08
2017-02-16,18.09,18.13,18.26,18.06,12981,23556800,0.06,0.33,1.107,0.72
2017-02-17,18.19,17.93,18.29,17.81,15781,28408200,-0.20,-1.10,2.648,0.88
2017-02-20,17.71,18.22,18.40,17.71,22298,40499900,0.29,1.62,3.848,1.24
2017-02-21,18.28,18.06,18.33,17.81,53691,96853300,-0.16,-0.88,2.85,2.98
2017-02-22,18.01,17.85,18.14,17.70,48578,86578500,-0.21,-1.16,2.44,2.70
2017-02-23,17.86,18.79,19.16,17.81,98034,180906700,0.94,5.27,7.56,5.45
2017-02-24,18.70,18.96,19.05,18.53,52666,98848200,0.17,0.90,2.77,2.93
2017-02-27,18.96,18.60,18.99,18.60,36615,68762800,-0.36,-1.90,2.06,2.03
2017-02-28,18.62,18.86,18.96,18.57,28356,53245600,0.26,1.40,2.10,1.58
2017-03-01,18.75,18.82,19.15,18.70,36639,69231300,-0.04,-0.21,2.39,2.04
2017-03-02,18.84,18.69,18.90,18.55,19520,36538200,-0.13,-0.69,1.86,1.08
2017-03-03,18.68,19.50,19.53,18.64,66089,126729100,0.81,4.33,4.76,3.67
2017-03-06,19.61,19.73,20.12,19.50,61026,121295200,0.23,1.18,3.18,3.39
2017-03-07,19.76,20.02,20.34,19.75,58252,117342500,0.29,1.47,2.99,3.24
2017-03-08,20.00,19.75,20.00,19.62,35323,69831200,-0.27,-1.35,1.90,1.96
2017-03-09,19.64,19.79,20.00,19.45,26880,53060500,0.04,0.20,2.79,1.49
2017-03-10,19.80,20.18,20.40,19.76,47228,94984200,0.39,1.97,3.23,2.62
2017-03-13,20.20,20.90,20.91,19.95,52570,108219700,0.72,3.57,4.76,2.92
2017-03-14,20.75,20.80,21.26,20.67,61836,129432100,-0.10,-0.48,2.82,3.44
2017-03-15,20.73,20.85,21.08,20.47,41149,85244600,0.05,0.24,2.93,2.29
2017-03-16,20.84,21.32,21.50,20.73,54063,114509817,0.47,2.25,3.69,3.00
2017-03-17,21.34,20.77,21.48,20.62,51301,108006148,-0.55,-2.58,4.03,2.85
2017-03-20,20.70,20.79,20.90,20.50,24503,50707956,0.02,0.10,1.93,1.36
2017-03-21,20.80,20.83,21.10,20.69,23382,48823575,0.04,0.19,1.97,1.30
2017-03-22,20.95,21.16,21.37,20.65,32908,69417400,0.33,1.58,3.46,1.83
2017-03-23,20.70,20.75,20.95,20.23,96378,197586810,-0.41,-1.94,3.40,5.35
2017-03-24,20.70,20.34,20.79,20.26,27871,57238714,-0.41,-1.98,2.55,1.55
2017-03-27,20.33,20.36,20.49,19.84,30159,60674588,0.02,0.10,3.20,1.68
2017-03-28,20.25,20.58,21.09,20.05,44009,90656306,0.22,1.08,5.11,2.44
2017-03-29,20.12,20.80,21.08,20.08,40735,84231059,0.22,1.07,4.86,2.26
2017-03-30,20.77,20.62,21.04,20.25,34530,71405735,-0.18,-0.87,3.80,1.92
2017-03-31,20.61,20.66,20.99,20.51,23869,49402215,0.04,0.19,2.33,1.33
2017-04-05,20.61,21.93,22.17,20.61,62564,135180124,1.27,6.15,7.55,3.48
2017-04-06,21.93,21.93,22.15,21.60,34584,75811572,0.00,0.00,2.51,1.92
2017-04-07,22.00,21.70,22.52,21.60,45362,100208940,-0.23,-1.05,4.20,2.52
2017-04-10,21.70,21.45,22.00,21.36,45332,98382268,-0.25,-1.15,2.95,2.52
2017-04-11,21.30,21.11,21.56,20.20,65842,137330370,-0.34,-1.59,6.34,3.66
2017-04-12,21.03,20.67,21.20,20.63,21734,45641320,-0.44,-2.08,2.70,1.21
2017-04-13,20.69,20.65,21.12,20.35,30077,62155877,-0.02,-0.10,3.73,1.67
2017-04-14,20.50,20.47,20.68,20.31,15159,31021050,-0.18,-0.87,1.79,0.84
2017-04-17,20.46,20.69,20.69,20.11,10624,21666366,0.22,1.07,2.83,0.59
2017-04-18,20.75,19.86,20.75,19.75,26476,53401299,-0.83,-4.01,4.83,1.47
2017-04-19,19.86,19.45,19.88,19.10,20368,39679053,-0.41,-2.06,3.93,1.13
2017-04-20,19.18,19.44,19.68,19.17,14028,27271066,-0.01,-0.05,2.62,0.78
2017-04-21,19.45,20.30,20.70,19.44,43310,87852123,0.86,4.42,6.48,2.41
2017-04-24,20.13,20.21,20.62,20.12,18239,37126210,-0.09,-0.44,2.46,1.01
2017-04-25,20.34,20.16,20.57,19.95,13856,28102711,-0.05,-0.25,3.07,0.77
2017-04-26,20.17,20.60,20.75,20.17,18968,38808237,0.44,2.18,2.88,1.05
2017-04-27,20.59,21.05,21.09,20.27,21136,43908749,0.45,2.18,3.98,1.17
2017-04-28,21.04,21.04,21.27,20.75,18608,39109384,-0.01,-0.05,2.47,1.03
2017-05-02,21.11,20.73,21.11,20.71,11054,23098801,-0.31,-1.47,1.90,0.61
2017-05-03,20.89,20.73,21.21,20.57,17771,36983602,0.00,0.00,3.09,0.99
2017-05-04,20.55,21.23,21.28,20.50,49950,105156682,0.50,2.41,3.76,2.77
2017-05-05,21.22,20.30,21.35,20.30,27386,57228923,-0.93,-4.38,4.95,1.52
2017-05-08,20.30,19.59,20.30,19.50,19911,39717074,-0.71,-3.50,3.94,1.11
2017-05-09,19.50,20.28,20.30,18.96,35708,70128709,0.69,3.52,6.84,1.98
2017-05-10,19.98,19.06,20.50,18.92,34101,67402178,-1.22,-6.02,7.79,1.89
2017-05-11,19.00,19.31,19.40,18.58,30628,58259991,0.25,1.31,4.30,1.70
2017-05-12,19.31,18.73,19.55,18.50,27239,51752459,-0.58,-3.00,5.44,1.51
2017-05-15,18.88,18.65,19.06,18.55,18910,35472116,-0.08,-0.43,2.72,1.05
2017-05-16,18.59,19.20,19.25,18.50,32725,61979974,0.55,2.95,4.02,1.82
2017-05-17,19.26,18.99,19.43,18.81,32388,62286272,-0.21,-1.09,3.23,1.80
2017-05-18,18.69,19.13,19.38,18.69,27584,52713844,0.14,0.74,3.63,1.53
2017-05-19,19.12,19.24,19.50,19.01,20650,39943417,0.11,0.58,2.56,1.15
2017-05-22,19.29,19.23,19.56,19.11,13814,26679623,-0.01,-0.05,2.34,0.77
2017-05-23,19.50,18.68,19.50,18.66,16932,32447716,-0.55,-2.86,4.37,0.94
2017-05-24,18.72,18.62,18.93,18.30,17554,32534345,-0.06,-0.32,3.37,0.97
2017-05-25,18.78,19.28,19.58,18.54,18872,36006636,0.66,3.54,5.59,1.05
2017-05-26,19.49,19.08,19.56,18.98,12703,24370120,-0.08,-0.42,3.03,0.71
2017-05-31,19.50,19.09,19.55,19.03,13556,26034313,0.01,0.05,2.73,0.75
2017-06-01,19.09,18.25,19.10,18.16,31099,57447418,-0.84,-4.40,4.92,1.73
2017-06-02,18.17,18.25,18.45,17.66,31606,57027609,0.00,0.00,4.33,1.75
2017-06-05,18.25,18.35,18.67,18.18,14070,25981906,0.10,0.55,2.68,0.78
2017-06-06,18.20,18.22,18.45,18.19,10982,20088940,-0.13,-0.71,1.42,0.61
2017-06-07,18.22,19.05,19.20,18.17,35026,65463143,0.83,4.56,5.65,1.95
2017-06-08,18.99,18.93,19.06,18.76,11714,22146546,-0.12,-0.63,1.57,0.65
2017-06-09,19.03,18.97,19.08,18.73,10644,20087808,0.04,0.21,1.85,0.59
2017-06-12,18.97,18.80,19.05,18.55,13248,24892750,-0.17,-0.90,2.64,0.74
2017-06-13,18.79,19.08,19.24,18.76,11352,21687019,0.28,1.49,2.55,0.63
