日期,开盘,收盘,最高,最低,交易量(手),交易金额(元),涨跌额,涨跌幅(%),振幅(%),换手率(%)
2015-04-22,36.31,39.61,39.61,36.31,179,710000,12.10,43.98,12.00,0.06
2015-04-23,43.57,43.57,43.57,43.57,47,200000,3.96,10.00,0.00,0.02
2015-04-24,47.93,47.93,47.93,47.93,120,580000,4.36,10.01,0.00,0.04
2015-04-27,52.72,52.72,52.72,52.72,92,490000,4.79,9.99,0.00,0.03
2015-04-28,57.99,57.99,57.99,57.99,250,1450000,5.27,10.00,0.00,0.09
2015-04-29,63.79,63.79,63.79,63.79,326,2080000,5.80,10.00,0.00,0.12
2015-04-30,70.17,70.17,70.17,70.17,422,2960000,6.38,10.00,0.00,0.15
2015-05-04,77.19,77.19,77.19,77.19,530,4090000,7.02,10.00,0.00,0.19
2015-05-05,84.91,84.91,84.91,84.91,2387,20260000,7.72,10.00,0.00,0.84
2015-05-06,93.40,93.40,93.40,93.40,3264,30490000,8.49,10.00,0.00,1.15
2015-05-07,102.72,102.74,102.74,94.07,158631,1576130000,9.34,10.00,9.28,55.97
2015-05-08,113.01,113.01,113.01,113.01,5217,58960000,10.27,10.00,0.00,1.84
2015-05-11,124.31,124.31,124.31,124.31,929,11550000,11.30,10.00,0.00,0.33
2015-05-12,136.74,136.74,136.74,136.74,688,9400000,12.43,10.00,0.00,0.24
2015-05-13,150.41,150.41,150.41,150.41,8444,127010000,13.67,10.00,0.00,2.98
2015-05-14,165.45,165.45,165.45,165.45,4118,68130000,15.04,10.00,0.00,1.45
2015-05-15,178.00,182.00,182.00,156.69,83066,1469650000,16.55,10.00,15.30,29.31
2015-05-18,197.00,200.20,200.20,189.28,14707,290460000,18.20,10.00,6.00,5.19
2015-05-19,220.22,202.09,220.22,190.66,93943,1950200000,1.89,0.94,14.77,33.15
2015-05-20,201.00,214.98,222.18,201.00,68003,1445440000,12.89,6.38,10.48,24.00
2015-05-21,207.00,194.00,208.88,193.48,57576,1155620000,-20.98,-9.76,7.16,20.32
2015-05-22,197.00,213.40,213.40,194.33,67891,1396530000,19.40,10.00,9.83,23.96
2015-05-25,192.06,192.30,208.40,192.06,62089,1219040000,-21.10,-9.89,7.66,21.91
2015-05-26,191.41,195.48,202.00,191.21,53446,1051450000,3.18,1.65,5.61,18.86
2015-05-27,199.00,215.03,215.03,196.05,76818,1611220000,19.55,10.00,9.71,27.11
2015-05-28,218.00,194.20,236.53,193.55,97811,2255530000,-20.83,-9.69,19.99,34.51
2015-05-29,178.00,185.98,203.87,174.78,81365,1515700000,-8.22,-4.23,14.98,28.71
2015-06-01,185.37,178.84,192.00,170.50,46104,825040000,-7.14,-3.84,11.56,16.27
2015-06-02,183.06,184.40,192.33,179.00,37674,695340000,5.56,3.11,7.45,13.29
2015-06-03,180.98,181.80,186.07,176.00,37306,673390000,-2.60,-1.41,5.46,13.16
2015-06-04,178.80,166.89,181.60,163.62,43748,738210000,-14.91,-8.20,9.89,15.44
2015-06-05,169.90,161.76,174.90,156.68,38767,638570000,-5.13,-3.07,10.92,13.68
2015-06-08,161.00,150.17,161.00,147.00,37689,576380000,-11.59,-7.16,8.65,13.30
2015-06-09,152.00,157.70,160.60,151.00,22150,345150000,7.53,5.01,6.39,7.82
2015-06-10,156.00,164.98,171.50,156.00,33750,556490000,7.28,4.62,9.83,11.91
2015-06-11,161.00,164.00,168.00,159.63,24315,398200000,-0.98,-0.59,5.07,8.58
2015-06-12,163.70,153.95,165.70,153.90,25880,408760000,-10.05,-6.13,7.20,9.13
2015-06-15,151.00,138.70,151.02,138.70,37315,535950000,-15.25,-9.91,8.00,13.17
2015-06-16,137.98,142.00,145.60,132.22,29207,408780000,3.30,2.38,9.65,10.31
2015-06-17,140.00,147.74,151.22,138.50,26176,381770000,5.74,4.04,8.96,9.24
2015-06-18,147.64,134.44,148.50,134.00,20946,296320000,-13.30,-9.00,9.81,7.39
2015-06-19,129.00,134.90,147.00,129.00,29969,415440000,0.46,0.34,13.39,10.57
2015-06-23,138.01,148.39,148.39,138.00,28654,411970000,13.49,10.00,7.70,10.11
2015-06-24,153.00,150.79,160.02,150.50,37240,578190000,2.40,1.62,6.42,13.14
2015-06-25,150.31,140.04,150.50,138.05,24484,350910000,-10.75,-7.13,8.26,8.64
2015-06-26,136.00,126.04,138.01,126.04,26198,343770000,-14.00,-10.00,8.55,9.24
2015-06-29,130.00,113.44,131.50,113.44,23442,273780000,-12.60,-10.00,14.33,8.27
2015-06-30,110.10,121.60,122.60,102.10,26148,292210000,8.16,7.19,18.07,9.23
2015-07-01,117.01,112.00,126.80,110.00,24603,299280000,-9.60,-7.89,13.82,8.68
2015-07-02,111.00,100.80,121.44,100.80,31248,352480000,-11.20,-10.00,18.43,11.03
2015-07-03,98.66,102.50,110.00,90.77,31242,311710000,1.70,1.69,19.08,11.02
2015-07-06,112.74,93.01,112.74,92.25,32263,325390000,-9.49,-9.26,19.99,11.38
2015-07-07,87.00,83.71,89.45,83.71,13961,117910000,-9.30,-10.00,6.17,4.93
2015-07-14,92.08,92.08,92.08,92.08,248,2290000,8.37,10.00,0.00,0.09
2015-07-15,101.29,94.00,101.29,91.10,36556,358130000,1.92,2.09,11.07,12.90
2015-07-16,94.00,95.44,100.86,85.00,22970,217320000,1.44,1.53,16.87,8.11
2015-07-17,96.97,104.98,104.98,96.70,25006,253810000,9.54,10.00,8.68,8.82
2015-07-20,104.50,110.00,113.00,103.00,31404,342350000,5.02,4.78,9.53,11.08
2015-07-21,107.00,114.30,114.90,105.00,22460,248560000,4.30,3.91,9.00,7.93
2015-07-22,112.05,125.73,125.73,111.00,28923,341270000,11.43,10.00,12.89,10.21
2015-07-23,138.30,138.30,138.30,138.30,16585,229360000,12.57,10.00,0.00,5.85
2015-07-24,152.13,140.38,152.13,140.00,74306,1099300000,2.08,1.50,8.77,26.22
2015-07-27,135.00,127.40,149.89,127.27,63057,895500000,-12.98,-9.25,16.11,22.25
2015-07-28,119.78,128.02,136.99,114.66,49351,608850000,0.62,0.49,17.53,17.41
2015-07-29,130.33,132.28,132.99,115.30,44065,548480000,4.26,3.33,13.82,15.55
2015-07-30,128.01,120.60,132.65,120.00,33138,423720000,-11.68,-8.83,9.56,11.69
2015-07-31,117.00,127.80,132.66,114.57,48100,602740000,7.20,5.97,15.00,16.97
2015-08-03,123.76,115.28,125.50,115.02,38397,451390000,-12.52,-9.80,8.20,13.55
2015-08-04,116.50,122.17,123.00,112.50,36024,426580000,6.89,5.98,9.11,12.71
2015-08-05,120.00,116.94,121.80,115.82,25180,300370000,-5.23,-4.28,4.89,8.88
2015-08-06,112.00,109.29,115.99,108.80,25389,285760000,-7.65,-6.54,6.15,8.96
2015-08-07,110.00,114.56,115.00,110.00,35588,404000000,5.27,4.82,4.58,12.56
2015-08-10,116.02,124.31,125.59,110.08,35433,424650000,9.75,8.51,13.54,12.50
2015-08-11,122.52,125.11,128.75,122.33,31816,401540000,0.80,0.64,5.16,11.23
2015-08-12,124.80,119.82,127.18,119.17,22901,282450000,-5.29,-4.23,6.40,8.08
2015-08-13,118.62,122.94,122.99,116.40,20481,245490000,3.12,2.60,5.50,7.23
2015-08-14,123.70,123.00,127.00,122.00,21324,265010000,0.06,0.05,4.07,7.52
2015-08-17,122.30,117.50,124.09,116.50,17021,202600000,-5.50,-4.47,6.17,6.01
2015-08-18,117.49,105.75,119.66,105.75,20924,237200000,-11.75,-10.00,11.84,7.38
2015-08-19,102.50,106.40,108.76,96.00,21126,216090000,0.65,0.61,12.07,7.45
2015-08-20,103.35,102.97,107.00,101.89,15119,157550000,-3.43,-3.22,4.80,5.33
2015-08-21,103.80,98.75,106.50,98.00,21306,218880000,-4.22,-4.10,8.25,7.52
2015-08-24,93.98,88.88,93.98,88.88,13687,122950000,-9.87,-9.99,5.16,4.83
2015-08-25,80.08,79.99,88.00,79.99,20679,171060000,-8.89,-10.00,9.01,7.30
2015-08-26,81.50,80.99,87.48,78.00,32034,265010000,1.00,1.25,11.85,11.30
2015-08-27,83.77,85.09,85.48,79.04,22367,185810000,4.10,5.06,7.95,7.89
2015-08-28,86.50,90.20,91.33,84.30,28958,250800000,5.11,6.01,8.26,10.22
2015-08-31,88.00,81.18,88.15,81.18,19291,165070000,-9.02,-10.00,7.73,6.81
2015-09-01,79.11,73.06,79.40,73.06,22520,169480000,-8.12,-10.00,7.81,7.95
2015-09-02,69.00,70.50,78.16,67.23,22950,166410000,-2.56,-3.50,14.96,8.10
2015-09-07,72.00,74.80,75.74,71.82,20432,151530000,4.30,6.10,5.56,7.21
2015-09-08,74.07,82.28,82.28,73.20,27910,216660000,7.48,10.00,12.14,9.85
2015-09-09,82.97,90.51,90.51,82.49,36945,318980000,8.23,10.00,9.75,13.04
2015-09-10,89.90,90.32,94.37,88.10,32072,291770000,-0.19,-0.21,6.93,11.32
2015-09-11,90.24,97.50,98.88,89.12,28490,265320000,7.18,7.95,10.81,10.05
2015-09-14,97.00,87.75,98.00,87.75,25597,237970000,-9.75,-10.00,10.51,9.03
2015-09-15,82.62,81.03,86.66,80.80,19600,163090000,-6.72,-7.66,6.68,6.92
2015-09-16,82.99,89.13,89.13,82.05,22031,187290000,8.10,10.00,8.74,7.77
2015-09-17,29.80,28.00,30.98,27.70,88807,264400000,-1.71,-5.76,11.04,10.45
2015-09-18,28.12,27.98,28.97,26.20,75581,208880000,-0.02,-0.07,9.89,8.89
2015-09-21,26.96,30.78,30.78,26.50,80046,234920000,2.80,10.01,15.30,9.42
2015-09-22,32.00,33.86,33.86,31.78,193220,646190000,3.08,10.01,6.76,22.73
2015-09-23,33.00,33.88,34.00,32.06,186143,615450000,0.02,0.06,5.73,21.89
2015-09-24,34.01,32.80,35.60,32.67,124062,419040000,-1.08,-3.19,8.65,14.59
2015-09-25,32.68,30.18,33.25,29.62,97196,304150000,-2.62,-7.99,11.07,11.43
2015-09-28,30.38,31.88,32.07,30.20,66755,209090000,1.70,5.63,6.20,7.85
2015-09-29,31.00,30.90,31.66,30.15,61751,190750000,-0.98,-3.07,4.74,7.26
2015-09-30,31.05,30.48,31.27,30.03,39467,120880000,-0.42,-1.36,4.01,4.64
2015-10-08,32.60,32.00,32.80,31.50,83031,267520000,1.52,4.99,4.27,9.77
2015-10-09,31.60,32.21,32.46,31.54,61949,197930000,0.21,0.66,2.88,7.29
2015-10-12,32.59,34.93,35.20,32.41,114986,388710000,2.72,8.44,8.66,13.52
2015-10-13,34.03,34.59,34.99,33.89,80868,278730000,-0.34,-0.97,3.15,9.51
2015-10-14,34.83,33.96,36.09,33.79,103527,362110000,-0.63,-1.82,6.65,12.18
2015-10-15,33.42,35.88,36.22,33.31,94328,328560000,1.92,5.65,8.57,11.09
2015-10-16,35.94,36.07,36.78,34.85,94619,339390000,0.19,0.53,5.38,11.13
2015-10-19,36.00,34.86,36.00,34.35,71859,252030000,-1.21,-3.35,4.57,8.45
2015-10-20,35.20,38.08,38.11,34.95,100422,362970000,3.22,9.24,9.06,11.81
2015-10-21,37.69,34.27,38.79,34.27,115010,421250000,-3.81,-10.01,11.87,13.53
2015-10-22,34.00,36.63,37.23,33.80,109135,388140000,2.36,6.89,10.01,12.84
2015-10-23,37.30,40.29,40.29,37.30,166504,656250000,3.66,9.99,8.16,19.58
2015-10-26,41.59,39.30,41.65,38.45,131479,519920000,-0.99,-2.46,7.94,15.46
2015-10-27,38.15,38.83,39.40,36.01,89491,341040000,-0.47,-1.20,8.63,10.53
2015-10-28,38.50,37.68,38.82,37.01,72685,274890000,-1.15,-2.96,4.66,8.55
2015-10-29,38.00,37.99,38.82,37.30,48139,182980000,0.31,0.82,4.03,5.66
2015-10-30,37.60,37.43,38.40,36.85,47878,180530000,-0.56,-1.47,4.08,5.63
2015-11-02,35.80,41.00,41.17,35.50,188286,746430000,3.57,9.54,15.15,22.15
2015-11-03,40.41,39.67,40.47,38.80,114518,452600000,-1.33,-3.24,4.07,13.47
2015-11-04,39.31,42.16,42.49,39.31,94702,388420000,2.49,6.28,8.02,11.14
2015-11-05,42.14,40.90,42.16,40.40,92813,382660000,-1.26,-2.99,4.17,10.92
2015-11-06,41.38,42.25,42.46,41.38,71143,299150000,1.35,3.30,2.64,8.37
2015-11-09,41.40,44.40,45.76,40.78,114362,498710000,2.15,5.09,11.79,13.45
2015-11-10,44.35,45.42,46.00,43.51,84241,378400000,1.02,2.30,5.61,9.91
2015-11-11,45.20,48.64,49.31,44.11,103280,484170000,3.22,7.09,11.45,12.15
2015-11-12,48.80,52.50,53.50,48.80,131416,674050000,3.86,7.94,9.66,15.46
2015-11-13,51.00,47.53,53.35,47.25,154633,761250000,-4.97,-9.47,11.62,18.19
2015-11-16,44.88,47.41,47.41,44.67,72072,332820000,-0.12,-0.25,5.76,8.48
2015-11-17,48.07,46.38,48.73,46.20,87674,414100000,-1.03,-2.17,5.34,10.31
2015-11-18,46.38,44.95,47.70,44.80,53098,245650000,-1.43,-3.08,6.25,6.25
2015-11-19,44.98,47.72,48.12,44.90,80691,377810000,2.77,6.16,7.16,9.49
2015-11-20,48.20,48.99,50.32,47.30,106140,518090000,1.27,2.66,6.33,12.48
2015-11-23,49.00,46.52,49.00,46.37,77246,368820000,-2.47,-5.04,5.37,9.09
2015-11-24,46.20,47.84,48.13,46.00,70622,333820000,1.32,2.84,4.58,8.31
2015-11-25,47.70,48.00,48.98,47.20,73270,353330000,0.16,0.33,3.72,8.62
2015-11-26,47.86,47.96,50.28,47.86,81728,400300000,-0.04,-0.08,5.04,9.61
2015-11-27,47.03,43.20,47.50,43.16,116092,523040000,-4.76,-9.92,9.05,13.65
2015-11-30,42.35,42.15,43.36,39.70,95589,396220000,-1.05,-2.43,8.47,11.24
2015-12-01,42.20,42.85,43.80,42.10,81333,349960000,0.70,1.66,4.03,9.57
2015-12-02,41.98,40.01,42.49,38.86,83691,335690000,-2.84,-6.63,8.47,9.84
2015-12-03,40.40,41.09,41.50,40.15,44990,183620000,1.08,2.70,3.37,5.29
2015-12-04,41.10,41.03,42.60,40.40,57119,237160000,-0.06,-0.15,5.35,6.72
2015-12-07,41.20,41.11,41.60,40.25,41723,171070000,0.08,0.20,3.29,4.91
2015-12-08,41.80,42.46,43.07,41.03,87588,367910000,1.35,3.28,4.96,10.30
2015-12-09,41.79,41.61,42.64,41.11,62247,260030000,-0.85,-2.00,3.60,7.32
2015-12-10,41.96,41.68,42.30,41.30,37693,157650000,0.07,0.17,2.40,4.43
2015-12-11,41.60,40.68,41.60,40.20,34786,141250000,-1.00,-2.40,3.36,4.09
2015-12-14,39.80,40.08,40.68,38.82,59188,233890000,-0.60,-1.47,4.57,6.96
2015-12-15,40.42,40.22,40.96,40.00,33630,136100000,0.14,0.35,2.40,3.96
2015-12-16,40.42,41.00,41.66,40.22,46697,191910000,0.78,1.94,3.58,5.49
2015-12-17,41.01,42.09,42.32,41.01,50796,213040000,1.09,2.66,3.20,5.97
2015-12-18,42.20,42.26,43.10,41.63,58265,246800000,0.17,0.40,3.49,6.85
2015-12-21,42.98,43.19,44.50,42.32,78569,339710000,0.93,2.20,5.16,9.24
2015-12-22,43.15,42.96,44.00,42.40,45574,196000000,-0.23,-0.53,3.70,5.36
2015-12-23,43.28,42.73,43.97,42.65,51657,223750000,-0.23,-0.54,3.07,6.08
2015-12-24,42.60,41.90,43.00,41.10,45985,192130000,-0.83,-1.94,4.45,5.41
2015-12-25,41.88,42.25,42.65,41.72,27933,117710000,0.35,0.84,2.22,3.29
2015-12-28,42.41,40.50,42.89,40.50,54552,227360000,-1.75,-4.14,5.66,6.42
2015-12-29,40.67,40.41,40.67,39.39,34924,139590000,-0.09,-0.22,3.16,4.11
2015-12-30,40.70,40.64,40.90,40.14,38280,155020000,0.23,0.57,1.88,4.50
2015-12-31,40.70,40.02,40.88,40.01,22383,90430000,-0.62,-1.53,2.14,2.63
2016-01-04,40.15,36.03,40.50,36.02,34015,129560000,-3.99,-9.97,11.19,4.00
2016-01-05,34.30,34.79,35.63,33.00,46339,159320000,-1.24,-3.44,7.30,5.45
2016-01-06,34.86,35.48,35.54,33.98,46456,162110000,0.69,1.98,4.48,5.46
2016-01-07,34.50,31.93,34.61,31.93,11237,37290000,-3.55,-10.01,7.55,1.32
2016-01-08,31.93,31.76,33.93,29.89,47260,150940000,-0.17,-0.53,12.65,5.56
2016-01-11,31.01,28.58,31.49,28.58,43927,130430000,-3.18,-10.01,9.16,5.17
2016-01-12,28.59,28.94,29.45,27.81,35879,103220000,0.36,1.26,5.74,4.22
2016-01-13,28.99,27.01,29.39,27.01,30469,87200000,-1.93,-6.67,8.22,3.58
2016-01-14,26.00,28.97,29.28,25.61,45489,126170000,1.96,7.26,13.59,5.35
2016-01-15,29.27,28.97,30.18,28.61,51253,150480000,0.00,0.00,5.42,6.03
2016-01-18,27.74,29.62,30.20,27.74,38372,112950000,0.65,2.24,8.49,4.51
2016-01-19,29.29,30.80,31.00,29.15,45784,137760000,1.18,3.98,6.25,5.39
2016-01-20,30.55,30.25,31.80,30.00,45187,139550000,-0.55,-1.79,5.84,5.31
2016-01-21,30.00,28.40,31.00,28.40,36527,109680000,-1.85,-6.12,8.60,4.30
2016-01-22,28.90,29.25,29.33,28.24,26359,76080000,0.85,2.99,3.84,3.10
2016-01-25,29.81,29.90,30.40,29.33,23933,71490000,0.65,2.22,3.66,2.82
2016-01-26,29.30,26.98,29.79,26.95,35470,100890000,-2.92,-9.77,9.50,4.17
2016-01-27,26.96,26.98,27.45,25.10,36546,95890000,0.00,0.00,8.71,4.30
2016-01-28,26.35,25.69,26.98,25.58,25481,67200000,-1.29,-4.78,5.19,3.00
2016-01-29,26.01,26.94,27.33,25.65,29209,77680000,1.25,4.87,6.54,3.44
2016-02-01,26.78,26.42,27.45,26.13,23013,61420000,-0.52,-1.93,4.90,2.71
2016-02-02,26.41,27.53,27.66,26.41,29697,81150000,1.11,4.20,4.73,3.49
2016-02-03,27.09,27.44,27.60,26.75,21394,58060000,-0.09,-0.33,3.09,2.52
2016-02-04,27.53,30.18,30.18,27.53,50476,144860000,2.74,9.99,9.66,5.94
2016-02-05,30.30,29.48,30.98,29.42,40123,121270000,-0.70,-2.32,5.17,4.72
2016-02-15,28.50,29.20,29.90,28.00,29741,85930000,-0.28,-0.95,6.45,3.50
2016-02-16,29.70,30.67,31.27,29.63,40116,122010000,1.47,5.03,5.62,4.72
2016-02-17,30.64,30.80,31.00,30.01,35307,107900000,0.13,0.42,3.23,4.15
2016-02-18,30.90,30.20,31.17,30.10,42587,129880000,-0.60,-1.95,3.47,5.01
2016-02-19,30.09,30.14,30.40,29.53,36037,108170000,-0.06,-0.20,2.88,4.24
2016-02-22,30.63,30.57,30.73,30.14,37494,114090000,0.43,1.43,1.96,4.41
2016-02-23,30.60,31.10,31.50,30.12,50450,155140000,0.53,1.73,4.51,5.93
2016-02-24,31.00,30.50,31.09,29.70,41482,125930000,-0.60,-1.93,4.47,4.88
2016-02-25,30.33,27.45,30.34,27.45,39395,113080000,-3.05,-10.00,9.48,4.63
2016-02-26,27.50,26.91,27.99,26.12,31499,85130000,-0.54,-1.97,6.81,3.70
2016-02-29,26.99,24.25,27.00,24.22,37958,94030000,-2.66,-9.88,10.33,4.46
2016-03-01,24.48,24.91,25.44,23.53,28670,70320000,0.66,2.72,7.88,3.37
2016-03-02,25.20,25.94,25.98,24.55,42036,107050000,1.03,4.13,5.74,4.94
2016-03-03,26.10,25.85,26.78,25.66,35112,91770000,-0.09,-0.35,4.32,4.13
2016-03-04,25.51,24.38,25.74,24.00,32394,80500000,-1.47,-5.69,6.73,3.81
2016-03-07,24.37,24.90,25.46,24.37,28062,70300000,0.52,2.13,4.47,3.30
2016-03-08,24.50,25.20,25.30,23.70,28172,69070000,0.30,1.20,6.43,3.31
2016-03-09,24.80,24.92,25.60,24.33,25380,63580000,-0.28,-1.11,5.04,2.99
2016-03-10,25.03,24.29,25.60,24.03,23066,57000000,-0.63,-2.53,6.30,2.71
2016-03-11,24.06,24.63,24.93,23.71,21704,53220000,0.34,1.40,5.02,2.55
2016-03-14,25.15,25.75,26.27,25.15,36645,94480000,1.12,4.55,4.55,4.31
2016-03-15,25.75,25.40,25.78,25.26,24300,61980000,-0.35,-1.36,2.02,2.86
2016-03-16,25.42,24.92,25.98,24.88,25041,63360000,-0.48,-1.89,4.33,2.95
2016-03-17,25.00,26.00,26.16,24.94,41437,106630000,1.08,4.33,4.90,4.87
2016-03-18,26.10,27.62,27.95,26.05,62377,168880000,1.62,6.23,7.31,7.34
2016-03-21,28.00,28.61,28.68,28.00,57981,164580000,0.99,3.58,2.46,6.82
2016-03-22,28.50,28.33,28.50,27.91,37501,106170000,-0.28,-0.98,2.06,4.41
2016-03-23,28.30,29.24,29.26,28.05,50742,145390000,0.91,3.21,4.27,5.97
2016-03-24,28.68,28.02,29.28,27.88,49948,143020000,-1.22,-4.17,4.79,5.87
2016-03-25,28.01,28.15,28.28,27.30,35619,99130000,0.13,0.46,3.50,4.19
2016-03-28,28.22,27.65,28.78,27.50,35426,100060000,-0.50,-1.78,4.55,4.17
2016-03-29,27.34,26.83,27.65,26.68,28640,77500000,-0.82,-2.97,3.51,3.37
2016-03-30,27.12,28.16,28.19,27.12,31900,87990000,1.33,4.96,3.99,3.75
2016-03-31,28.08,28.54,28.99,28.08,47256,135190000,0.38,1.35,3.23,5.56
2016-04-01,28.54,29.28,29.53,28.30,62461,180630000,0.74,2.59,4.31,7.35
2016-04-05,29.28,29.82,29.90,28.66,62280,183100000,0.54,1.84,4.24,7.33
2016-04-06,29.90,29.37,30.08,29.15,50046,148070000,-0.45,-1.51,3.12,5.89
2016-04-07,29.63,28.46,29.68,28.46,40990,118640000,-0.91,-3.10,4.15,4.82
2016-04-08,28.20,28.40,28.44,27.90,28428,80030000,-0.06,-0.21,1.90,3.34
2016-04-11,28.73,30.27,30.56,28.72,72781,216860000,1.87,6.58,6.48,8.56
2016-04-12,30.01,29.49,30.28,28.95,50166,148360000,-0.78,-2.58,4.39,5.90
2016-04-13,29.98,29.78,30.50,29.75,55879,168380000,0.29,0.98,2.54,6.57
2016-04-14,30.04,30.65,30.88,29.79,52815,159850000,0.87,2.92,3.66,6.21
2016-04-15,30.64,30.19,30.95,29.90,42211,128190000,-0.46,-1.50,3.43,4.96
2016-04-18,29.95,29.32,30.00,29.00,31869,93270000,-0.87,-2.88,3.31,3.75
2016-04-19,29.38,29.37,29.85,29.07,24828,72880000,0.05,0.17,2.66,2.92
2016-04-20,29.45,27.10,29.76,26.51,52161,145930000,-2.27,-7.73,11.07,6.14
2016-04-21,26.99,26.43,27.29,26.40,32424,87100000,-0.67,-2.47,3.28,3.81
2016-04-22,26.38,26.78,26.78,26.01,20080,53180000,0.35,1.32,2.91,2.36
2016-04-25,26.45,26.56,26.73,26.06,18906,49790000,-0.22,-0.82,2.50,2.22
2016-04-26,26.54,27.28,27.28,26.41,25085,67730000,0.72,2.71,3.28,2.28
2016-04-27,27.37,26.93,27.46,26.81,19338,52500000,-0.35,-1.28,2.38,1.75
2016-04-28,26.72,26.78,26.92,26.16,21336,56620000,-0.15,-0.56,2.82,1.94
2016-04-29,26.41,27.00,27.28,26.41,22839,61350000,0.22,0.82,3.25,2.07
2016-05-03,27.00,28.04,28.47,26.99,34690,96700000,1.04,3.85,5.48,3.15
2016-05-04,28.10,30.84,30.84,28.10,81843,249710000,2.80,9.99,9.77,7.43
2016-05-05,30.69,30.38,30.79,29.70,106738,321500000,-0.46,-1.49,3.53,9.68
2016-05-06,30.20,29.70,30.21,28.80,84120,249110000,-0.68,-2.24,4.64,7.63
2016-05-09,29.40,29.75,30.37,29.22,88307,263410000,0.05,0.17,3.87,8.01
2016-05-10,29.63,29.27,29.80,28.82,46265,135210000,-0.48,-1.61,3.29,4.20
2016-05-11,29.37,30.06,30.86,29.32,98212,296220000,0.79,2.70,5.26,8.91
2016-05-12,29.00,27.48,29.12,27.05,87489,242490000,-2.58,-8.58,6.89,7.94
2016-05-13,27.16,27.08,27.79,26.88,35090,95760000,-0.40,-1.46,3.31,3.18
2016-05-16,26.90,27.54,27.58,26.65,27913,75840000,0.46,1.70,3.43,2.53
2016-05-17,27.60,27.78,28.30,27.05,39473,109060000,0.24,0.87,4.54,3.58
2016-05-18,27.50,26.32,27.50,26.03,37958,101320000,-1.46,-5.26,5.29,3.44
2016-05-19,26.34,26.85,27.18,26.34,33282,89510000,0.53,2.01,3.19,3.02
2016-05-20,26.65,27.26,27.32,26.31,26762,72380000,0.41,1.53,3.76,2.43
2016-05-23,27.40,27.60,28.06,27.30,31766,88000000,0.34,1.25,2.79,2.88
2016-05-24,27.41,27.08,27.70,26.90,24682,66990000,-0.52,-1.88,2.90,2.24
2016-05-25,27.45,27.18,27.59,27.00,22824,62330000,0.10,0.37,2.18,2.07
2016-05-26,27.00,27.10,27.27,26.22,28972,77280000,-0.08,-0.29,3.86,2.63
2016-05-27,27.30,26.95,27.30,26.00,24285,65230000,-0.15,-0.55,4.80,2.20
2016-05-30,26.59,26.94,27.23,26.35,20614,55500000,-0.01,-0.04,3.27,1.87
2016-05-31,26.94,28.54,28.57,26.86,61309,171390000,1.60,5.94,6.35,5.56
2016-06-01,29.00,28.57,29.53,28.50,56254,163170000,0.03,0.11,3.61,5.10
2016-06-02,28.57,29.03,29.27,28.56,37897,109470000,0.46,1.61,2.49,3.44
2016-06-03,28.96,30.40,31.10,28.70,92480,277770000,1.37,4.72,8.27,8.39
2016-06-06,30.80,31.19,32.58,30.50,104581,329660000,0.79,2.60,6.84,9.49
2016-06-07,30.91,31.14,31.58,30.78,56514,175790000,-0.05,-0.16,2.56,5.13
2016-06-08,31.18,31.34,32.11,30.80,70923,222420000,0.20,0.64,4.21,6.43
2016-06-13,30.85,28.81,30.85,28.80,85311,254040000,-2.53,-8.07,6.54,7.74
2016-06-14,28.18,28.46,28.90,28.17,39933,113740000,-0.35,-1.21,2.53,3.62
2016-06-15,28.09,29.60,29.70,27.90,65198,190560000,1.14,4.01,6.32,5.92
2016-06-16,29.12,29.71,30.40,29.12,55811,167090000,0.11,0.37,4.32,5.06
2016-06-17,29.70,30.99,31.41,29.70,77149,238420000,1.28,4.31,5.76,7.00
2016-06-20,31.16,31.12,31.40,30.20,61637,189730000,0.13,0.42,3.87,5.59
2016-06-21,31.10,29.74,31.47,29.50,60377,184450000,-1.28,-4.13,6.35,5.48
2016-06-22,29.51,32.16,32.18,29.45,87492,271940000,2.42,8.14,9.18,7.94
2016-06-23,32.16,31.60,32.60,31.09,77038,244700000,-0.56,-1.74,4.70,6.99
2016-06-24,31.50,33.35,33.78,31.01,184884,605210000,1.75,5.54,8.77,16.77
2016-06-27,32.92,34.44,35.28,32.80,132870,453670000,1.09,3.27,7.44,12.05
2016-06-28,34.20,36.49,37.48,33.88,130578,469870000,2.05,5.95,10.45,11.85
2016-06-29,36.75,36.18,37.84,35.70,88392,322190000,-0.31,-0.85,5.86,8.02
2016-06-30,35.95,35.98,36.49,35.20,56612,202900000,-0.20,-0.55,3.57,5.14
2016-07-01,35.99,35.98,36.30,34.79,62115,220630000,0.00,0.00,4.20,5.64
2016-07-04,35.59,37.54,38.39,35.40,75285,279900000,1.56,4.34,8.31,6.83
2016-07-05,37.24,36.88,37.89,36.51,47166,174210000,-0.66,-1.76,3.68,4.28
2016-07-06,36.94,36.37,37.25,36.19,39385,144090000,-0.51,-1.38,2.87,3.57
2016-07-07,36.48,36.63,38.08,36.37,51602,191870000,0.26,0.71,4.70,4.68
2016-07-08,36.65,36.23,36.90,36.20,30121,109840000,-0.40,-1.09,1.91,2.73
2016-07-11,36.10,34.48,36.12,34.37,73161,257150000,-1.75,-4.83,4.83,6.64
2016-07-12,35.00,35.38,35.45,34.01,41554,144640000,0.90,2.61,4.18,3.77
2016-07-13,35.66,35.84,36.55,35.05,40062,143080000,0.46,1.30,4.24,3.63
2016-07-14,35.56,35.43,35.96,35.12,21829,77310000,-0.41,-1.14,2.34,1.98
2016-07-15,35.57,35.50,36.08,35.10,21005,74880000,0.07,0.20,2.77,1.91
2016-07-18,35.85,35.05,35.85,34.95,21012,74230000,-0.45,-1.27,2.54,1.91
2016-07-19,35.05,35.28,35.29,34.36,23718,82640000,0.23,0.66,2.65,2.15
2016-07-20,35.19,35.23,35.70,34.91,25267,89350000,-0.05,-0.14,2.24,2.29
2016-07-21,35.35,35.20,36.20,35.16,31113,110660000,-0.03,-0.09,2.95,2.82
2016-07-22,35.16,34.88,35.43,34.81,18111,63460000,-0.32,-0.91,1.76,1.64
2016-07-25,34.65,34.39,34.91,34.21,19854,68420000,-0.49,-1.40,2.01,1.80
2016-07-26,34.21,34.95,34.98,34.20,15782,54930000,0.56,1.63,2.27,1.43
2016-07-27,35.37,32.45,35.37,31.56,52079,173080000,-2.50,-7.15,10.90,4.73
2016-07-28,32.33,32.65,33.10,31.70,33462,108480000,0.20,0.62,4.31,3.04
2016-07-29,32.70,32.08,32.76,31.91,15773,51020000,-0.57,-1.75,2.60,1.43
2016-08-01,32.08,31.90,32.27,30.85,29861,93490000,-0.18,-0.56,4.43,2.71
2016-08-02,32.00,33.46,33.95,32.00,44751,147500000,1.56,4.89,6.11,4.06
2016-08-03,33.41,33.49,33.90,33.15,26239,87990000,0.03,0.09,2.24,2.38
2016-08-04,33.11,33.63,33.71,32.63,21689,71820000,0.14,0.42,3.22,1.97
2016-08-05,33.66,32.88,33.74,32.81,17226,57450000,-0.75,-2.23,2.77,1.56
2016-08-08,32.68,33.67,33.70,32.68,19443,64980000,0.79,2.40,3.10,1.76
2016-08-09,33.67,34.16,34.16,33.45,19435,65670000,0.49,1.46,2.11,1.76
2016-08-10,34.29,34.71,35.28,34.15,38156,132870000,0.55,1.61,3.31,3.46
2016-08-11,34.54,34.59,35.05,34.01,25352,87690000,-0.12,-0.35,3.00,2.30
2016-08-12,34.42,34.59,34.80,34.01,17625,60680000,0.00,0.00,2.28,1.60
2016-08-15,34.80,36.20,36.58,34.26,45433,162210000,1.61,4.65,6.71,4.12
2016-08-16,36.65,35.95,36.65,35.77,23938,86390000,-0.25,-0.69,2.43,2.17
2016-08-17,36.09,35.16,36.10,34.86,31035,109740000,-0.79,-2.20,3.45,2.82
2016-08-18,35.34,34.73,35.69,34.20,27330,95330000,-0.43,-1.22,4.24,2.48
2016-08-19,34.70,35.12,35.37,34.50,17789,62350000,0.39,1.12,2.51,1.61
2016-08-22,35.41,33.64,35.59,33.56,26294,90010000,-1.48,-4.21,5.78,2.39
2016-08-23,33.53,34.38,34.47,33.52,15998,54700000,0.74,2.20,2.82,1.45
2016-08-24,34.54,34.17,34.90,34.11,11733,40510000,-0.21,-0.61,2.30,1.06
2016-08-25,34.10,34.64,34.66,33.50,16507,56340000,0.47,1.38,3.39,1.50
2016-08-26,34.79,34.50,35.22,34.40,17263,60040000,-0.14,-0.40,2.37,1.57
2016-08-29,34.61,34.89,34.99,34.40,18928,65840000,0.39,1.13,1.71,1.72
2016-08-30,34.90,34.80,35.35,34.65,14965,52380000,-0.09,-0.26,2.01,1.36
2016-08-31,34.65,34.94,35.13,34.60,12755,44420000,0.14,0.40,1.52,1.16
2016-09-01,34.95,34.20,35.24,34.18,13882,48420000,-0.74,-2.12,3.03,1.26
2016-09-02,33.85,33.70,34.27,33.61,20407,69200000,-0.50,-1.46,1.93,1.85
2016-09-05,33.80,33.71,34.25,33.69,10117,34360000,0.01,0.03,1.66,0.92
2016-09-06,33.80,33.87,33.87,32.69,25407,84250000,0.16,0.47,3.50,2.31
2016-09-07,33.90,33.25,33.95,33.11,16632,55970000,-0.62,-1.83,2.48,1.51
2016-09-08,33.10,33.05,33.46,32.75,19898,65690000,-0.20,-0.60,2.14,1.81
2016-09-09,32.91,33.10,33.44,32.86,14299,47460000,0.05,0.15,1.75,1.30
2016-09-12,32.80,32.31,33.28,32.30,18285,59770000,-0.79,-2.39,2.96,1.66
2016-09-13,32.42,32.49,32.71,32.20,10462,33860000,0.18,0.56,1.58,0.95
2016-09-14,32.49,32.20,32.51,32.00,9607,30940000,-0.29,-0.89,1.57,0.87
2016-09-19,32.50,32.59,32.94,32.38,18474,60430000,0.39,1.21,1.74,1.68
2016-09-20,32.59,32.28,32.82,32.13,9610,31020000,-0.31,-0.95,2.12,0.87
2016-09-21,32.35,32.34,32.70,32.31,12462,40580000,0.06,0.19,1.21,1.13
2016-09-22,32.65,32.20,32.65,32.20,13364,43290000,-0.14,-0.43,1.39,1.21
2016-09-23,32.15,32.24,32.48,32.15,12584,40710000,0.04,0.12,1.02,1.14
2016-09-26,32.49,32.28,32.90,32.28,20234,66090000,0.04,0.12,1.92,1.84
2016-09-27,32.00,32.24,32.39,31.22,21144,67140000,-0.04,-0.12,3.62,1.92
2016-09-28,32.28,31.93,32.28,31.62,9935,31680000,-0.31,-0.96,2.05,0.90
2016-09-29,32.04,32.08,32.36,32.00,8910,28640000,0.15,0.47,1.13,0.81
2016-09-30,32.06,32.40,32.48,31.88,11052,35600000,0.32,1.00,1.87,1.00
2016-10-10,32.47,33.19,33.24,32.47,15128,49950000,0.79,2.44,2.38,1.37
2016-10-11,33.16,33.12,33.43,32.90,13791,45680000,-0.07,-0.21,1.60,1.25
2016-10-12,33.09,33.44,33.51,32.90,19686,65670000,0.32,0.97,1.84,1.79
2016-10-13,33.59,33.25,33.67,33.17,8243,27440000,-0.19,-0.57,1.50,0.75
2016-10-14,33.20,32.88,33.20,32.68,13365,43900000,-0.37,-1.11,1.56,1.21
2016-10-17,32.87,32.51,33.00,32.45,14859,48620000,-0.37,-1.13,1.67,1.35
2016-10-18,32.69,33.04,33.05,32.10,17993,58710000,0.53,1.63,2.92,1.63
2016-10-19,33.40,33.18,33.40,32.89,13310,44110000,0.14,0.42,1.54,1.21
2016-10-20,33.39,33.29,33.50,33.10,13864,46260000,0.11,0.33,1.21,1.26
2016-10-21,33.39,33.27,33.60,32.80,15455,51340000,-0.02,-0.06,2.40,1.40
2016-10-24,33.05,33.30,33.50,33.00,11406,38050000,0.03,0.09,1.50,1.03
2016-10-25,33.30,33.28,33.40,33.13,10024,33360000,-0.02,-0.06,0.81,0.91
2016-10-26,33.49,33.26,33.79,33.20,15699,52560000,-0.02,-0.06,1.77,1.42
2016-10-27,33.26,32.95,33.34,32.85,10577,34870000,-0.31,-0.93,1.47,0.96
2016-10-28,32.79,32.75,33.28,32.61,10142,33340000,-0.20,-0.61,2.03,0.92
2016-10-31,32.70,33.37,33.48,32.40,15632,51840000,0.62,1.89,3.30,1.42
2016-11-01,33.50,34.67,35.28,33.50,54775,190210000,1.30,3.90,5.33,4.97
2016-11-02,34.35,34.31,34.95,34.20,27019,93110000,-0.36,-1.04,2.16,2.45
2016-11-03,34.08,34.62,35.20,34.08,28575,99350000,0.31,0.90,3.26,2.59
2016-11-04,34.59,35.40,35.63,34.40,45687,160290000,0.78,2.25,3.55,4.15
2016-11-07,35.65,35.00,35.68,34.89,33145,116820000,-0.40,-1.13,2.23,3.01
2016-11-08,35.10,34.79,35.15,34.50,20338,70600000,-0.21,-0.60,1.86,1.85
2016-11-09,34.61,34.53,34.98,34.18,19378,67000000,-0.26,-0.75,2.30,1.76
2016-11-10,34.80,35.40,35.40,34.66,36699,128960000,0.87,2.52,2.14,3.33
2016-11-11,35.39,35.00,35.58,34.88,26525,93080000,-0.40,-1.13,1.98,2.41
2016-11-14,34.88,34.61,35.56,34.56,25873,90590000,-0.39,-1.11,2.86,2.35
2016-11-15,34.67,34.91,35.18,34.53,22576,78780000,0.30,0.87,1.88,2.05
2016-11-16,34.93,34.96,35.46,34.75,16205,56920000,0.05,0.14,2.03,1.47
2016-11-17,34.97,34.46,34.97,34.30,16537,57110000,-0.50,-1.43,1.92,1.50
2016-11-18,34.33,34.19,34.70,34.15,16665,57280000,-0.27,-0.78,1.60,1.51
2016-11-21,34.20,34.44,34.70,34.00,20671,71100000,0.25,0.73,2.05,1.88
2016-11-22,34.22,35.00,35.15,34.22,26904,93260000,0.56,1.63,2.70,2.44
2016-11-23,35.08,34.59,35.55,34.43,25937,90930000,-0.41,-1.17,3.20,2.35
2016-11-24,34.80,35.31,35.95,34.65,40759,144170000,0.72,2.08,3.76,3.70
2016-11-25,35.32,35.09,35.33,34.35,26159,91070000,-0.22,-0.62,2.78,2.37
2016-11-28,35.70,35.41,36.30,35.19,35323,126260000,0.32,0.91,3.16,3.20
2016-11-29,35.30,34.16,35.42,34.02,27697,96070000,-1.25,-3.53,3.95,2.51
2016-11-30,34.16,33.93,34.47,33.79,16065,54760000,-0.23,-0.67,1.99,1.46
2016-12-01,33.70,34.09,34.14,33.56,21437,72510000,0.16,0.47,1.71,1.94
2016-12-02,34.15,33.00,34.26,33.00,20438,68380000,-1.09,-3.20,3.70,1.85
2016-12-05,32.68,33.03,33.28,32.68,9602,31720000,0.03,0.09,1.82,0.87
2016-12-06,33.05,32.84,33.20,32.50,8946,29390000,-0.19,-0.58,2.12,0.81
2016-12-07,32.89,33.04,33.18,32.71,8629,28410000,0.20,0.61,1.43,0.78
2016-12-08,33.08,32.72,33.40,32.71,10613,34900000,-0.32,-0.97,2.09,0.96
2016-12-09,32.54,32.08,32.80,32.00,18148,58570000,-0.64,-1.96,2.45,1.64
2016-12-12,32.04,29.93,32.21,29.80,21662,67100000,-2.15,-6.70,7.51,1.96
2016-12-13,29.92,29.93,30.20,29.65,11212,33530000,0.00,0.00,1.84,1.02
2016-12-14,29.90,29.31,29.98,29.21,12129,35760000,-0.62,-2.07,2.57,1.10
2016-12-15,29.32,29.64,30.18,29.28,9148,27190000,0.33,1.13,3.07,0.83
2016-12-16,29.60,30.30,30.39,29.52,8313,24950000,0.66,2.23,2.94,0.75
2016-12-19,30.29,29.91,30.30,29.85,6048,18140000,-0.39,-1.29,1.49,0.55
2016-12-20,29.86,30.05,30.20,29.62,6234,18680000,0.14,0.47,1.94,0.56
2016-12-21,30.02,30.21,30.27,30.01,7705,23220000,0.16,0.53,0.87,0.70
2016-12-22,30.23,29.88,30.25,29.81,12029,36110000,-0.33,-1.09,1.46,1.09
2016-12-23,29.88,29.33,29.94,29.23,10673,31460000,-0.55,-1.84,2.38,0.97
2016-12-26,29.34,29.74,29.78,28.79,12973,37970000,0.41,1.40,3.38,1.18
2016-12-27,29.82,29.39,29.89,29.39,8654,25650000,-0.35,-1.18,1.68,0.78
2016-12-28,29.39,29.89,30.15,29.39,11271,33690000,0.50,1.70,2.59,1.02
2016-12-29,29.80,29.81,30.00,29.59,6590,19650000,-0.08,-0.27,1.37,0.60
2016-12-30,29.90,30.19,30.24,29.75,10500,31510000,0.38,1.27,1.64,0.95
2017-01-03,30.19,30.08,30.33,29.86,11330,34070000,-0.11,-0.36,1.56,1.03
2017-01-04,30.12,30.30,30.49,29.88,12058,36470000,0.22,0.73,2.03,1.09
2017-01-05,30.35,30.18,30.36,30.05,7629,23020000,-0.12,-0.40,1.02,0.69
2017-01-06,30.09,29.31,30.30,29.31,11666,34560000,-0.87,-2.88,3.28,1.06
2017-01-09,29.31,29.50,29.77,28.58,16833,48980000,0.19,0.65,4.06,1.52
2017-01-10,29.54,29.51,29.80,29.30,8196,24230000,0.01,0.03,1.69,0.74
2017-01-11,29.51,28.87,29.81,28.87,7275,21420000,-0.64,-2.17,3.19,0.66
2017-01-12,28.99,28.91,29.25,28.84,8382,24370000,0.04,0.14,1.42,0.76
2017-01-13,29.23,27.94,29.23,27.70,11365,32200000,-0.97,-3.36,5.29,1.03
2017-01-16,27.80,26.27,27.80,25.15,25342,66220000,-1.67,-5.98,9.48,2.30
2017-01-17,26.27,26.49,26.74,25.22,13717,35690000,0.22,0.84,5.79,1.24
2017-01-18,26.18,25.81,26.35,25.80,8148,21200000,-0.68,-2.57,2.08,0.74
2017-01-19,25.98,25.83,26.10,25.52,6156,15950000,0.02,0.08,2.25,0.56
2017-01-20,25.96,26.18,26.45,25.54,11060,28970000,0.35,1.36,3.52,1.00
2017-01-23,26.21,26.43,26.69,26.20,12337,32680000,0.25,0.95,1.87,1.12
2017-01-24,26.48,26.21,26.49,26.03,8080,21220000,-0.22,-0.83,1.74,0.73
2017-01-25,26.27,26.45,26.55,26.05,7863,20710000,0.24,0.92,1.91,0.71
2017-01-26,26.45,26.79,26.80,26.33,8051,21400000,0.34,1.29,1.78,0.73
2017-02-03,26.89,26.47,26.89,26.25,8098,21470000,-0.32,-1.19,2.39,0.73
2017-02-06,26.58,26.96,27.12,26.50,11563,30990000,0.49,1.85,2.34,1.05
2017-02-07,26.91,27.51,27.51,26.73,17577,47613900,0.55,2.04,2.893,1.59
2017-02-08,27.34,28.52,28.60,27.27,34470,97134700,1.01,3.67,4.835,3.12
2017-02-09,28.40,28.41,28.69,28.07,19881,56376300,-0.11,-0.39,2.174,1.80
2017-02-10,28.45,28.09,28.45,28.07,10505,29620800,-0.32,-1.13,1.338,0.95
2017-02-13,28.09,27.94,28.20,27.76,10875,30401600,-0.15,-0.53,1.566,0.99
2017-02-14,27.94,27.90,28.10,27.75,7665,21370400,-0.04,-0.14,1.253,0.69
2017-02-15,27.85,27.71,28.29,27.60,10514,29450000,-0.19,-0.68,2.473,0.95
2017-02-16,27.70,27.42,27.92,27.27,12493,34318100,-0.29,-1.05,2.346,1.13
2017-02-17,27.31,26.73,27.60,26.70,19025,51459400,-0.69,-2.52,3.282,1.72
2017-02-20,26.67,26.47,26.83,26.00,31227,82020900,-0.26,-0.97,3.105,2.83
2017-02-21,26.35,26.88,27.19,26.35,32506,87196900,0.41,1.55,3.17,2.94
2017-02-22,26.78,27.08,27.10,26.60,20655,55550200,0.20,0.74,1.86,1.87
2017-02-23,27.10,27.88,28.35,27.00,37559,104007400,0.80,2.95,4.99,3.40
2017-02-24,27.80,27.87,27.97,27.57,17276,48018800,-0.01,-0.04,1.44,1.56
2017-02-27,27.80,27.66,27.99,27.62,13470,37392700,-0.21,-0.75,1.33,1.22
2017-02-28,27.78,27.68,27.85,27.39,13090,36085800,0.02,0.07,1.66,1.19
2017-03-01,27.70,27.59,27.76,27.52,13591,37557400,-0.09,-0.33,0.87,1.23
2017-03-02,27.74,27.54,27.83,27.50,10867,30034800,-0.05,-0.18,1.20,0.98
2017-03-03,27.31,27.83,28.12,27.31,14627,40573100,0.29,1.05,2.94,1.32
2017-03-06,27.94,28.16,28.17,27.72,17224,48271200,0.33,1.19,1.62,1.56
2017-03-07,28.20,28.10,28.38,27.78,15771,44218800,-0.06,-0.21,2.13,1.43
2017-03-08,28.10,27.74,28.32,27.68,17960,50136500,-0.36,-1.28,2.28,1.63
2017-03-09,27.72,27.83,27.97,27.60,9121,25349600,0.09,0.32,1.33,0.83
2017-03-10,27.84,27.58,27.88,27.56,10586,29321900,-0.25,-0.90,1.15,0.96
2017-03-13,27.40,27.70,27.70,26.82,15292,41702400,0.12,0.44,3.19,1.39
2017-03-14,27.68,28.07,28.42,27.60,26411,74376700,0.37,1.34,2.96,2.39
2017-03-15,28.20,28.36,28.55,27.87,28468,80506300,0.29,1.03,2.42,2.58
2017-03-16,28.32,29.20,29.81,28.18,36511,105419706,0.84,2.96,5.75,3.31
2017-03-17,29.09,28.47,29.26,28.38,28775,83015450,-0.73,-2.50,3.01,2.61
2017-03-20,28.38,28.33,28.56,28.01,18595,52590502,-0.14,-0.49,1.93,1.68
2017-03-21,28.44,28.38,28.79,28.19,21708,61620896,0.05,0.18,2.12,1.97
2017-03-22,28.11,28.07,28.33,27.80,27588,77207886,-0.31,-1.09,1.87,2.50
2017-03-23,27.91,27.81,28.20,27.32,27186,75559520,-0.26,-0.93,3.14,2.46
2017-03-24,27.89,28.18,28.18,27.71,13047,36508422,0.37,1.33,1.69,1.18
2017-03-27,28.18,27.82,28.34,27.80,11511,32173214,-0.36,-1.28,1.92,1.04
2017-03-28,27.74,27.50,27.85,27.45,14355,39663110,-0.32,-1.15,1.44,1.30
2017-03-29,27.60,26.60,27.60,26.53,31652,85094029,-0.90,-3.27,3.89,2.87
2017-03-30,26.60,26.01,26.60,25.92,17867,46662442,-0.59,-2.22,2.56,1.62
2017-03-31,26.10,26.23,26.35,26.00,9407,24613641,0.22,0.85,1.35,0.85
2017-04-05,26.22,26.58,26.61,26.10,14816,39144993,0.35,1.33,1.94,1.34
2017-04-06,26.58,26.39,26.74,26.35,14794,39253869,-0.19,-0.71,1.47,1.34
2017-04-07,26.39,26.21,26.50,26.13,14286,37554555,-0.18,-0.68,1.40,1.29
2017-04-10,26.28,25.72,26.38,25.65,18057,47026869,-0.49,-1.87,2.79,1.64
2017-04-11,25.75,25.93,25.98,25.39,18398,47565849,0.21,0.82,2.29,1.67
2017-04-12,25.95,25.85,26.18,25.78,11079,28775464,-0.08,-0.31,1.54,1.00
2017-04-13,25.81,26.25,26.35,25.80,18711,48935812,0.40,1.55,2.13,1.70
2017-04-14,26.16,25.90,26.24,25.72,13619,35407031,-0.35,-1.33,1.98,1.23
2017-04-17,25.97,25.31,25.97,25.25,16507,42159836,-0.59,-2.28,2.78,1.50
2017-04-18,25.35,24.68,25.58,24.68,15282,38310942,-0.63,-2.49,3.56,1.38
2017-04-19,24.84,24.59,24.84,24.10,15813,38693902,-0.09,-0.36,3.00,1.43
2017-04-20,24.59,24.73,24.89,24.49,9413,23206250,0.14,0.57,1.63,0.85
2017-04-21,24.75,24.96,25.15,24.68,12505,31227718,0.23,0.93,1.90,1.13
2017-04-24,25.04,25.09,25.20,24.26,12267,30445001,0.13,0.52,3.77,1.11
2017-04-25,24.55,25.00,25.30,24.55,10606,26514380,-0.09,-0.36,2.99,0.96
2017-04-26,25.09,24.22,25.09,24.18,19031,46643385,-0.78,-3.12,3.64,1.72
2017-04-27,23.91,24.15,24.35,23.23,24679,58657854,-0.07,-0.29,4.62,2.24
2017-04-28,24.14,23.93,24.32,23.87,13680,32872586,-0.22,-0.91,1.86,1.24
2017-05-02,23.95,24.10,24.19,23.90,10023,24132016,0.17,0.71,1.21,0.91
2017-05-03,23.86,23.72,24.10,23.65,10109,24043032,-0.38,-1.58,1.87,0.92
2017-05-04,23.70,23.55,23.87,23.44,13591,32134979,-0.17,-0.72,1.81,1.23
2017-05-05,23.50,23.45,23.72,23.30,11260,26421615,-0.10,-0.42,1.78,1.02
2017-05-08,23.30,23.36,23.58,23.05,9450,22089975,-0.09,-0.38,2.26,0.86
2017-05-09,23.35,23.77,23.88,23.20,12566,29617124,0.41,1.76,2.91,1.14
2017-05-10,23.78,23.23,23.96,23.21,12030,28376341,-0.54,-2.27,3.16,1.09
2017-05-11,22.88,22.98,23.20,22.34,15000,34191023,-0.25,-1.08,3.70,1.36
2017-05-12,22.90,22.61,23.06,22.41,11701,26494862,-0.37,-1.61,2.83,1.06
2017-05-15,22.62,22.59,22.83,22.37,7179,16197622,-0.02,-0.09,2.03,0.65
2017-05-16,22.51,23.16,23.16,22.44,16138,36899798,0.57,2.52,3.19,1.46
2017-05-17,23.15,23.22,23.47,23.05,13301,30924824,0.06,0.26,1.81,1.21
2017-05-18,23.22,23.05,23.41,22.86,11665,26983600,-0.17,-0.73,2.37,1.06
2017-05-19,22.91,23.23,23.28,22.74,10784,24759155,0.18,0.78,2.34,0.98
2017-05-22,23.26,22.27,23.35,22.08,13787,31433688,-0.96,-4.13,5.47,1.25
2017-05-23,22.35,20.64,22.35,20.56,25229,53780360,-1.63,-7.32,8.04,2.29
2017-05-24,20.59,20.79,20.94,20.05,14077,28835940,0.15,0.73,4.31,1.27
2017-05-25,20.93,20.81,20.95,20.20,17108,35186954,0.02,0.10,3.61,1.55
2017-05-26,20.76,20.67,20.88,20.52,8683,17992292,-0.14,-0.67,1.73,0.79
2017-05-31,21.10,20.73,21.30,20.65,10511,21893677,0.06,0.29,3.14,0.95
2017-06-01,20.62,19.80,20.85,19.80,8918,18115777,-0.93,-4.49,5.07,0.81
2017-06-02,19.80,20.09,20.27,19.45,16902,33477001,0.29,1.46,4.14,1.53
2017-06-05,20.06,20.38,20.56,20.05,11279,22929275,0.29,1.44,2.54,1.02
2017-06-06,20.45,20.51,20.55,20.24,7545,15409322,0.13,0.64,1.52,0.68
2017-06-07,20.54,21.09,21.18,20.43,16125,33730537,0.58,2.83,3.66,1.46
2017-06-08,21.18,20.99,21.18,20.93,11557,24314969,-0.10,-0.47,1.19,1.05
2017-06-12,20.70,20.15,21.01,20.10,20438,42070402,-1.00,-4.73,4.30,1.85
2017-06-13,20.29,20.55,20.65,20.14,10078,20606886,0.40,1.99,2.53,0.91
2017-06-14,20.56,20.89,20.90,20.41,12960,26759582,0.34,1.65,2.38,1.17
2017-06-15,20.89,21.35,21.72,20.76,24118,51408230,0.46,2.20,4.60,2.19
